1
2
1
1
1
1
-1
0
2
3
3
1
1
2
0
1
0
2
3
0
0
0
3
4
2
3
1
1
1
3
2
4
3
4
5
5
4
4
4
6
5
5
3
3
4
4
5
5
6
5
3
5
3
3
3
2
3
3
1
2
2
1
3
1
2
1
2
1
-2
-2
-2
0
-1
-1
-2
-1
-4
-3
-5
-5
-5
-4
-4
-4
-5
-6
-6
-7
-5
-5
-4
-6
-6
-6
-3
-2
-3
-5
-4
-2
-3
-2
-1
-1
-1
-2
-3
0
2
-1
0
-2
-2
-2
-2
-1
-1
-2
-3
-2
-4
-3
-3
-5
-4
-5
-4
-4
-3
-4
-5
-6
-7
-5
-5
-3
-4
-5
-6
-7
-6
-4
-4
-4
-3
-4
-4
-2
-3
-2
-1
2
4
4
3
3
3
4
8
8
12
9
8
9
12
12
14
15
14
16
15
15
15
16
14
15
14
14
14
12
11
10
12
11
11
5
4
2
4
4
2
-2
-4
-6
-11
-11
-10
-6
-6
-12
-15
-14
-16
-18
-17
-15
-9
-14
-19
-18
-18
-19
-18
-17
-13
-8
-13
-12
-13
-12
-14
-10
-9
0
-1
-4
-5
-5
-4
2
4
8
13
6
7
8
10
11
16
13
17
15
14
15
14
12
13
10
7
7
5
4
1
-2
-5
-7
-10
-15
-14
-14
-17
-17
-22
-24
-22
-27
-28
-17
-17
-14
-12
-14
-3
3
1
12
18
22
35
30
42
54
52
57
63
63
80
84
81
87
74
71
68
59
54
55
33
21
-5
-17
-26
-41
-55
-63
-76
-87
-112
-134
-137
-159
-156
-165
-173
-172
-172
-194
-165
-170
-149
-118
-115
-108
-74
-83
-50
-25
-31
9
31
34
69
77
65
105
81
103
145
152
139
160
93
94
88
82
109
139
82
78
53
3
27
19
31
72
59
-10
49
-10
-16
-1
3
15
70
-62
-26
31
-11
5
35
-8
88
-35
-103
12
33
-15
49
-59
36
58
-105
-1
65
51
37
-15
-123
112
-21
22
-10
-50
-76
-10
-107
-12
66
-12
80
-118
-49
-79
42
-86
50
-167
13
-66
61
30
43
-104
-56
-41
56
126
55
137
80
126
85
202
176
296
103
138
97
242
247
284
132
126
20
70
120
156
156
135
77
129
131
103
115
72
50
67
18
117
175
188
149
103
5
111
88
172
181
149
125
187
182
231
228
163
201
102
52
-27
7
-33
-11
-220
-325
-492
-549
-667
-771
-917
-971
-1045
-1122
-1159
-1190
-1148
-1170
-1192
-1217
-1127
-1056
-923
-848
-726
-619
-520
-432
-297
-194
-96
-27
22
103
172
202
224
236
259
281
269
223
192
158
152
123
132
167
232
266
291
331
443
547
637
709
807
961
1124
1249
1385
1533
1686
1818
1884
1957
2044
2125
2153
2180
2189
2203
2113
1989
1850
1762
1651
1524
1377
1240
1085
884
647
417
216
-11
-255
-566
-831
-1047
-1246
-1536
-1856
-2152
-2316
-2535
-2830
-3141
-3313
-3410
-3527
-3758
-3861
-3842
-3779
-3757
-3697
-3576
-3385
-3262
-3132
-2894
-2602
-2318
-2044
-1733
-1411
-1098
-827
-486
-163
41
124
236
442
716
915
1047
1163
1244
1265
1260
1267
1288
1276
1235
1239
1312
1424
1574
1708
1827
1881
1941
2068
2308
2552
2854
3197
3609
3985
4283
4469
4648
4834
5030
5137
5115
5057
5070
5122
4960
4643
4259
3798
2758
1211
-159
-502
-345
-577
-1511
-2370
-2794
-3322
-4276
-4982
-4831
-4524
-4900
-5830
-6057
-5426
-4575
-4192
-3894
-3540
-3239
-3147
-2759
-1939
-1138
-662
-291
265
533
411
373
1078
1768
1637
569
-190
-390
-513
-1340
-2300
-2933
-3192
-3768
-4533
-5126
-5193
-5163
-5393
-6020
-6637
-6862
-6425
-5633
-4974
-4557
-3969
-2896
-1689
-806
-100
995
2410
3599
4252
4923
6000
7295
8183
8627
8850
9162
9391
9509
9416
9267
9055
8920
8654
8124
7324
6714
6393
6055
5296
4397
3833
3597
3215
2504
1851
1275
180
-1938
-4250
-5486
-5247
-4709
-4768
-5339
-5647
-5795
-6086
-6398
-5986
-5115
-4755
-5327
-5836
-5349
-4096
-2911
-2088
-1453
-1098
-997
-726
191
1280
1966
2237
2635
2878
2587
2037
2241
2986
3084
1867
421
-274
-545
-1473
-3033
-4479
-5455
-6451
-7656
-8682
-9139
-9242
-9391
-9788
-10259
-10452
-10054
-9163
-8294
-7715
-7022
-5642
-3765
-2040
-637
942
2890
4727
6005
7016
8192
9519
10585
11310
11868
12430
12916
13241
13309
13063
12566
12000
11394
10556
9440
8349
7566
6919
6051
4973
4076
3478
2874
2018
1092
376
-466
-2076
-4524
-6701
-7602
-7300
-7004
-7208
-7574
-7507
-7420
-7511
-7451
-6539
-5490
-5248
-5881
-6023
-5056
-3443
-2205
-1363
-748
-211
248
1004
2066
3028
3587
3960
4239
4054
3519
3323
3798
3989
3064
1491
550
259
-272
-1655
-3307
-4809
-6276
-7997
-9539
-10546
-11047
-11483
-11988
-12440
-12558
-12099
-11052
-10005
-9397
-8964
-7984
-6296
-4455
-2852
-1187
816
2833
4508
6004
7675
9400
10690
11476
12156
12927
13711
14294
14621
14618
14302
13747
13216
12598
11820
10830
9814
8770
7701
6572
5611
4748
3904
2895
1929
978
245
-640
-1983
-4114
-6389
-7838
-8023
-7811
-7931
-8373
-8327
-8069
-7861
-7671
-6689
-5333
-4718
-5125
-5444
-4564
-2980
-1717
-1011
-377
317
1018
1810
3014
4132
4951
5206
5429
5169
4736
4304
4394
4190
3081
1242
-62
-688
-1264
-2698
-4569
-6473
-8240
-10147
-11994
-13366
-14203
-14727
-15356
-15897
-16057
-15324
-13936
-12568
-11766
-11004
-9683
-7645
-5633
-3791
-1884
503
2827
4856
6727
8960
11269
13036
14052
14861
15755
16688
17254
17408
17257
16907
16318
15606
14837
13997
12999
11817
10587
9291
8032
6794
5652
4478
3239
1939
774
-46
-934
-2495
-4947
-7335
-8651
-8866
-8967
-9397
-9781
-9561
-9365
-9149
-8675
-7104
-5567
-4967
-5290
-5120
-3893
-2280
-1185
-457
181
863
1597
2738
4215
5449
6217
6533
6804
6420
5915
5445
5422
4732
3062
909
-432
-1248
-2179
-4006
-5985
-7966
-9822
-11914
-13810
-15262
-16211
-17000
-17857
-18466
-18437
-17455
-15942
-14608
-13654
-12460
-10644
-8383
-6301
-4295
-2046
505
2863
5037
7358
9981
12411
14153
15373
16503
17605
18480
18859
18805
18526
18079
17424
16593
15688
14715
13607
12331
11011
9751
8571
7275
5890
4434
3076
1782
660
-277
-1364
-3150
-5608
-7747
-8780
-8975
-9264
-9829
-10084
-9875
-9715
-9361
-8481
-6643
-5297
-4813
-4961
-4339
-2991
-1529
-694
-62
378
1001
1725
3024
4393
5566
6165
6498
6536
6119
5652
5208
4888
3730
1809
-288
-1620
-2591
-3749
-5579
-7458
-9306
-10895
-12629
-14096
-15367
-16180
-16938
-17610
-18066
-17773
-16611
-15108
-13843
-12709
-11106
-8864
-6467
-4271
-2115
229
2584
4801
7084
9509
11846
13704
15141
16364
17474
18373
18937
19031
18703
18129
17384
16536
15535
14406
13131
11716
10284
8916
7777
6603
5285
3735
2211
1027
-67
-965
-2033
-3425
-5600
-7837
-9249
-9575
-9622
-9988
-10354
-10218
-10017
-9383
-8466
-6416
-4549
-3434
-3212
-2751
-1379
225
1325
1792
2021
2310
2851
3894
5259
6488
7283
7471
7570
7036
6672
6039
5593
4199
1955
-660
-2515
-3732
-4999
-6823
-8891
-10872
-12470
-14035
-15323
-16421
-17297
-18074
-18964
-19499
-19499
-18487
-17091
-15616
-14317
-12574
-10068
-7202
-4474
-1981
485
2962
5315
7716
10154
12444
14293
15752
17061
18262
19393
20194
20526
20293
19715
18937
18029
16849
15437
13813
12110
10365
8720
7375
6185
4932
3352
1714
484
-525
-1361
-2535
-4044
-6256
-8460
-9896
-10328
-10355
-10724
-10970
-10857
-10527
-9737
-8639
-6383
-4328
-2946
-2546
-1938
-421
1264
2342
2584
2598
2709
3108
4037
5161
6359
7104
7445
7618
7271
7124
6699
6307
4786
2376
-338
-2303
-3639
-5173
-7169
-9351
-11309
-12774
-14138
-15123
-16067
-16867
-17750
-18637
-19208
-19280
-18500
-17418
-16175
-15009
-13258
-10661
-7638
-4767
-2258
232
2733
5133
7455
9734
11822
13378
14588
15769
17075
18329
19219
19685
19626
19320
18732
18104
17095
15748
14094
12262
10502
8762
7403
6177
5006
3596
2112
1046
229
-295
-1236
-2726
-4830
-6934
-8112
-8680
-8956
-9658
-10135
-10165
-10078
-9451
-8471
-6256
-4362
-3212
-2794
-1956
-123
1563
2516
2647
2523
2585
2745
3565
4400
5296
5778
6118
6546
6525
6701
6642
6526
5181
2743
203
-1628
-2968
-4957
-7621
-10151
-12171
-13547
-14915
-15858
-16633
-17320
-18136
-18938
-19203
-19039
-18354
-17681
-16991
-16138
-14549
-11969
-8966
-6197
-3715
-1139
1848
4739
7489
9995
12313
14074
15218
16359
17707
19167
20045
20332
20221
20068
19881
19527
18757
17564
16037
14368
12516
10756
9073
7538
5788
3908
2031
531
-641
-1521
-2611
-4209
-6484
-8528
-9709
-10019
-10406
-11140
-11812
-11899
-11791
-11381
-10348
-8099
-5867
-4554
-3950
-2543
82
2650
4126
4579
4900
5279
5739
6396
7149
7704
7830
7864
8150
8357
8630
8736
8759
7551
5201
2547
733
-694
-3144
-6758
-10459
-13129
-14985
-16778
-18363
-19609
-20397
-21282
-22052
-22159
-21531
-20467
-19828
-19391
-18787
-17184
-14573
-11621
-8922
-6630
-3983
-773
2749
6093
9072
11842
14074
15786
17227
18853
20570
21612
21901
21601
21454
21402
21187
20498
19191
17676
16003
14401
12737
11085
9443
7541
5530
3466
1815
459
-783
-2073
-3808
-5948
-8199
-9708
-10260
-10632
-11280
-12144
-12365
-12275
-11968
-11301
-9599
-7342
-5886
-5252
-4257
-1828
1098
2976
3777
4194
4934
5641
6329
7061
7592
7714
7515
7598
7865
8147
8353
8436
7939
6224
4037
2337
1268
-436
-3663
-7484
-10746
-12952
-14960
-16982
-18772
-20062
-21022
-21878
-22257
-21803
-20717
-19617
-19097
-18567
-17424
-15070
-12276
-9785
-7782
-5678
-2838
414
3669
6644
9412
11928
13977
15804
17629
19471
20874
21481
21513
21293
21281
21138
20623
19365
17690
16046
14526
13064
11482
9892
8336
6512
4719
3140
2059
969
-420
-1985
-3626
-5444
-7369
-8812
-9574
-10049
-10811
-11551
-11728
-11508
-11025
-10204
-8664
-6810
-5663
-4836
-3515
-1237
984
2179
2790
3340
4042
4545
5057
5675
6120
6112
6018
6284
6660
6831
6828
6823
6455
5080
3359
1957
943
-815
-3768
-7009
-9786
-11980
-14163
-16262
-17981
-19373
-20475
-21327
-21543
-21184
-20399
-19487
-18704
-17881
-16673
-14538
-11907
-9462
-7526
-5514
-2739
467
3607
6330
8965
11483
13739
15775
17720
19610
21042
21801
22059
22054
22073
21929
21382
20204
18433
16611
14929
13465
11837
10129
8226
6445
4662
3231
2057
804
-616
-2132
-3323
-4370
-5777
-7557
-9073
-10202
-10662
-11362
-11829
-11970
-11728
-11175
-10426
-9270
-7309
-5614
-3990
-2766
-1284
748
2369
3676
4150
4414
4696
5158
5654
6009
5936
5897
6009
6205
6238
6206
6243
6358
5497
3933
2239
967
-115
-2374
-5293
-8363
-10804
-12868
-15058
-17075
-18737
-19980
-20903
-21539
-21554
-20943
-19891
-18796
-17820
-16557
-14644
-11967
-9305
-6997
-4947
-2523
298
3080
5603
8013
10359
12494
14270
16016
17834
19421
20518
21022
21330
21338
21158
20630
19661
18206
16356
14628
13068
11429
9480
7529
5911
4513
3127
1713
697
-258
-1252
-2348
-3158
-3599
-4468
-6013
-7505
-8662
-8748
-9206
-9520
-9859
-9843
-9393
-8865
-7619
-5751
-3916
-2492
-1520
-151
1749
3341
4332
4434
4433
4247
4301
4173
4251
3991
3722
3587
3500
3620
3576
3717
3866
3308
2123
663
-412
-1322
-3159
-5684
-8402
-10555
-12421
-14438
-16422
-17901
-18930
-19634
-20179
-20260
-19667
-18636
-17413
-16147
-14800
-12900
-10534
-7956
-5584
-3589
-1256
1242
3821
5964
7957
10063
12167
13894
15342
16764
18246
19382
19943
20028
19968
19633
19126
18202
16979
15540
13837
12253
10416
8652
6884
5413
4052
2667
1282
238
-499
-1129
-1974
-2604
-2897
-2872
-3150
-4218
-5239
-6107
-6076
-6117
-6429
-6795
-7012
-6911
-6423
-5879
-4298
-2912
-1751
-1150
-551
1136
2585
3632
3548
3195
2935
2670
2531
2255
1974
1301
637
311
163
449
415
715
509
-318
-1097
-1762
-1689
-2580
-4431
-6534
-8362
-9573
-11415
-13176
-14779
-15777
-16868
-17846
-18185
-17712
-16583
-15736
-14713
-13560
-11780
-9407
-7049
-4782
-3109
-1262
954
3271
5311
6868
8563
10236
11627
12626
13750
15148
16217
16571
16406
16543
16745
16690
15932
14846
13824
12677
11536
10046
8588
7070
5598
4144
2745
1568
707
2
-633
-1218
-1338
-1283
-968
-712
-337
186
-242
-644
-1448
-1310
-1255
-1739
-2434
-3066
-3626
-3629
-3963
-2980
-2318
-2032
-1965
-2065
-751
49
711
591
153
-420
-1280
-1609
-1851
-2172
-3124
-4094
-4095
-4120
-3524
-3490
-2757
-2168
-2487
-2485
-2683
-1802
-1819
-2921
-4194
-5668
-6264
-7510
-8734
-10020
-11315
-12143
-13098
-13144
-13124
-12372
-11794
-10863
-10031
-8646
-6707
-4543
-2619
-1412
61
1801
3801
5186
6164
7168
8232
9156
9802
10530
11530
12086
12528
12413
12877
13069
13231
13016
12406
11829
10917
10286
9396
8207
6779
5295
4226
3038
1998
1053
581
335
34
151
530
1455
1789
2439
2712
3620
3558
2922
2064
1182
944
-192
-1657
-2931
-4216
-4663
-5498
-5932
-5453
-5505
-4877
-5327
-4860
-4083
-3676
-3367
-4302
-4625
-5335
-5529
-5946
-6391
-6631
-7056
-6668
-6284
-5447
-4331
-3463
-1850
-1257
-367
283
1017
2126
1647
1353
136
-241
-967
-1983
-3180
-4682
-5670
-6968
-7706
-8287
-8400
-8067
-8218
-7862
-7620
-6539
-4964
-3907
-2642
-2321
-1136
117
1378
2524
2844
3655
4112
4831
5515
6281
7321
7948
8471
8886
9646
10629
11262
11600
11249
11106
10896
10805
10477
9413
8516
7297
6572
5767
4958
4423
3864
3572
3258
3189
3514
3881
4203
4037
4063
3895
4132
3935
2747
1518
-482
-1225
-2672
-4042
-5748
-7236
-8533
-9439
-10663
-10427
-10203
-9811
-9754
-10197
-9072
-8257
-7137
-6919
-6942
-6837
-6636
-6345
-5873
-5567
-5163
-4884
-4065
-3375
-1937
-759
1051
2534
3143
4084
4577
6023
6400
5743
4852
3565
2967
1624
-13
-1453
-3053
-4237
-5932
-7043
-7745
-7774
-7910
-8092
-8334
-8143
-7241
-6350
-5392
-5018
-4347
-3316
-2287
-1199
-437
689
1869
2781
3659
4528
6007
7330
8370
9036
9854
10922
11829
12488
12703
12900
12828
12707
12464
11924
11356
10299
9395
8210
7130
6179
5166
4300
3225
2383
1774
1406
1256
915
640
149
20
-228
-299
-694
-1961
-3071
-4678
-5312
-6483
-7581
-8808
-9817
-10773
-11256
-11715
-10983
-10230
-9721
-9196
-9080
-7530
-6348
-5066
-4489
-4301
-3912
-3458
-2797
-2050
-1664
-1212
-961
-170
443
1610
2591
3829
4693
4732
5221
5472
6333
6183
5159
3949
2623
1721
530
-1000
-2415
-4193
-5618
-6988
-7806
-8276
-8585
-8880
-9079
-9142
-8745
-7793
-6674
-5634
-5048
-4190
-2834
-1188
307
1405
2484
3607
4764
5863
7027
8138
9076
9767
10412
11259
12040
12672
12989
13030
12889
12504
12139
11639
10727
9464
7960
6745
5455
4111
2598
1274
118
-987
-1997
-2789
-3186
-3456
-3699
-3924
-3887
-3607
-3335
-3014
-2838
-2412
-2623
-2913
-3600
-3965
-4209
-4790
-5541
-6424
-7094
-7392
-7511
-7175
-6475
-6046
-5533
-5109
-4059
-2636
-1798
-1124
-1072
-860
-728
-766
-467
-370
-393
-748
-997
-599
-40
724
1141
1745
2000
2277
2655
3108
3742
3312
2641
1676
973
422
-634
-1614
-2694
-3939
-4949
-6021
-6215
-6341
-6359
-6490
-6482
-6167
-5427
-4481
-3428
-2580
-2062
-1196
-74
1389
2624
3397
4230
4964
5774
6560
7177
7893
8109
8182
8161
8366
8713
8948
8876
8534
8098
7780
7598
7216
6396
5284
4019
2908
1750
561
-545
-1777
-2894
-3941
-4598
-4880
-5062
-5072
-4945
-4611
-4066
-3426
-2556
-1698
-1058
-443
61
806
857
760
217
31
-294
-903
-1685
-2382
-2939
-3308
-3686
-3582
-3239
-3048
-2795
-2708
-1996
-1272
-869
-723
-1001
-1099
-1277
-1548
-1658
-2073
-2310
-2752
-2858
-2705
-2373
-1799
-1326
-631
-258
331
990
1780
2490
2419
2308
2017
1917
1749
1049
531
-168
-730
-1324
-1971
-2100
-2195
-2114
-2263
-2387
-2279
-1829
-1317
-1053
-1020
-1000
-536
8
497
798
1006
1432
1777
2084
2490
2811
3194
3146
3148
3215
3458
3674
3750
3695
3555
3439
3423
3533
3426
3019
2420
1844
1392
860
234
-346
-1024
-1670
-2309
-2642
-2623
-2514
-2460
-2364
-2063
-1482
-737
19
843
1513
2095
2533
3077
3554
4036
3893
3579
2870
2380
1950
1369
648
-369
-1358
-2173
-2786
-3172
-3347
-3665
-3903
-4307
-4431
-4165
-3875
-3589
-3775
-4090
-4228
-4192
-3865
-3652
-3640
-3587
-3474
-2937
-2162
-1240
-225
765
1673
2549
3421
4471
5552
6150
6290
5996
5749
5643
5295
4716
3807
2748
1814
822
127
-604
-1360
-2232
-3119
-3875
-4380
-4768
-4976
-5328
-5833
-6218
-6250
-5760
-5237
-4905
-4636
-4132
-3361
-2435
-1634
-773
-63
523
1057
1717
2488
3132
3507
3757
4058
4355
4760
5014
5262
5160
4948
4716
4654
4466
4020
3320
2619
2024
1381
782
150
-328
-833
-1125
-1314
-1119
-898
-556
-191
273
980
1607
2271
2698
3144
3393
3647
3356
3066
2336
1835
1071
181
-862
-1916
-2859
-3668
-4375
-4811
-5015
-5264
-5316
-5353
-4916
-4317
-3838
-3460
-3305
-3010
-2598
-2203
-1809
-1568
-1406
-1056
-626
32
759
1472
2362
3121
3837
4510
5243
6035
6512
6461
6187
5777
5450
4907
4010
2986
1817
669
-456
-1568
-2485
-3420
-4349
-5245
-6057
-6603
-6949
-7173
-7406
-7774
-8000
-7869
-7407
-6809
-6372
-5926
-5252
-4359
-3342
-2385
-1451
-510
343
1165
1966
2750
3503
4053
4491
4782
5043
5342
5631
5781
5697
5458
5310
5205
4932
4460
3811
3246
2600
1891
1134
436
-206
-828
-1433
-1821
-2014
-2045
-1955
-1806
-1484
-1030
-393
352
1040
1709
2306
2881
3306
3589
3707
3801
3598
3168
2489
1880
1365
770
68
-687
-1333
-1805
-2160
-2333
-2335
-2309
-2328
-2388
-2346
-2060
-1804
-1640
-1772
-1950
-2088
-2020
-1888
-1747
-1763
-1737
-1578
-1197
-654
-67
571
1156
1667
2114
2613
3172
3653
3778
3608
3265
2968
2680
2239
1592
788
-34
-761
-1417
-1986
-2506
-3045
-3592
-4119
-4522
-4710
-4795
-4882
-5083
-5312
-5376
-5210
-4888
-4582
-4366
-4112
-3702
-3089
-2338
-1605
-926
-324
271
919
1583
2214
2705
3028
3205
3324
3460
3622
3674
3540
3274
3049
2959
2910
2818
2607
2334
2041
1785
1544
1291
924
444
-90
-544
-868
-1096
-1282
-1443
-1538
-1480
-1198
-694
-88
523
1129
1805
2580
3391
4124
4708
5106
5372
5528
5585
5439
5080
4518
3868
3182
2461
1708
932
154
-590
-1250
-1788
-2176
-2477
-2745
-2996
-3182
-3237
-3228
-3233
-3341
-3520
-3681
-3779
-3809
-3815
-3799
-3727
-3567
-3279
-2845
-2259
-1547
-791
-69
643
1412
2227
3006
3591
3931
4063
4061
3989
3814
3473
2950
2279
1564
880
285
-246
-794
-1404
-2022
-2534
-2884
-3135
-3386
-3727
-4138
-4491
-4678
-4733
-4743
-4798
-4859
-4838
-4649
-4278
-3796
-3302
-2849
-2399
-1887
-1293
-648
-58
406
728
990
1256
1536
1750
1840
1816
1754
1716
1732
1740
1692
1582
1455
1331
1220
1095
949
753
514
271
87
-22
-59
-70
-39
53
262
605
1067
1583
2129
2696
3288
3871
4432
4921
5347
5655
5844
5851
5726
5459
5118
4669
4118
3409
2632
1835
1083
366
-330
-1029
-1683
-2281
-2780
-3171
-3442
-3668
-3867
-4085
-4257
-4350
-4325
-4265
-4214
-4196
-4114
-3912
-3572
-3126
-2630
-2097
-1523
-875
-150
655
1488
2289
2994
3588
4101
4547
4922
5169
5217
5077
4799
4447
4035
3575
3039
2415
1696
962
261
-359
-946
-1567
-2271
-2996
-3693
-4273
-4751
-5197
-5677
-6154
-6552
-6765
-6775
-6638
-6434
-6192
-5884
-5428
-4795
-4067
-3324
-2648
-2057
-1479
-869
-236
318
733
1006
1226
1451
1709
1945
2092
2129
2100
2098
2141
2199
2180
2055
1824
1566
1329
1126
889
573
175
-229
-558
-763
-857
-911
-938
-902
-741
-402
77
609
1139
1638
2154
2743
3361
3945
4436
4792
5067
5329
5593
5814
5940
5913
5805
5661
5551
5402
5188
4799
4297
3728
3202
2671
2092
1388
582
-233
-963
-1586
-2111
-2617
-3118
-3557
-3858
-3981
-3916
-3818
-3677
-3544
-3343
-3047
-2640
-2205
-1810
-1474
-1182
-867
-506
-91
284
603
844
1049
1273
1540
1806
2020
2133
2116
2050
1960
1847
1670
1378
940
383
-199
-779
-1334
-1911
-2542
-3249
-3918
-4509
-4979
-5379
-5767
-6192
-6598
-6919
-7097
-7141
-7131
-7134
-7128
-7036
-6778
-6334
-5766
-5171
-4584
-3981
-3305
-2515
-1656
-847
-159
391
865
1337
1810
2220
2517
2655
2711
2767
2865
2986
3062
3040
2938
2824
2739
2700
2635
2492
2255
1977
1712
1505
1334
1162
962
780
683
706
874
1138
1456
1827
2268
2792
3414
4061
4679
5245
5734
6172
6570
6888
7117
7237
7242
7163
7024
6814
6561
6236
5866
5429
4960
4403
3788
3102
2394
1649
850
-2
-910
-1824
-2709
-3524
-4263
-4936
-5540
-6044
-6411
-6605
-6610
-6527
-6342
-6122
-5800
-5381
-4880
-4361
-3878
-3458
-3086
-2715
-2324
-1939
-1603
-1347
-1162
-1013
-837
-632
-417
-239
-126
-69
-3
64
128
137
52
-131
-369
-603
-831
-1059
-1338
-1675
-2044
-2364
-2622
-2797
-2946
-3096
-3261
-3388
-3440
-3386
-3282
-3175
-3110
-3049
-2951
-2771
-2524
-2254
-2005
-1775
-1528
-1222
-834
-411
-11
336
640
955
1303
1656
1974
2223
2407
2581
2783
3001
3211
3356
3444
3506
3567
3637
3710
3737
3688
3583
3471
3374
3278
3148
2974
2767
2562
2400
2281
2193
2111
2033
1978
1973
2025
2118
2208
2291
2363
2427
2511
2592
2656
2683
2662
2597
2514
2421
2329
2229
2113
1981
1825
1643
1461
1275
1084
859
601
275
-86
-482
-850
-1226
-1611
-2029
-2466
-2890
-3251
-3535
-3742
-3894
-4022
-4093
-4087
-3974
-3756
-3493
-3235
-3014
-2800
-2565
-2276
-1964
-1689
-1478
-1332
-1205
-1065
-889
-695
-530
-408
-313
-188
-9
207
414
552
614
635
665
714
742
707
569
363
136
-67
-244
-420
-646
-912
-1180
-1390
-1524
-1604
-1692
-1809
-1959
-2078
-2133
-2139
-2146
-2193
-2283
-2389
-2462
-2475
-2461
-2450
-2472
-2503
-2501
-2421
-2272
-2097
-1924
-1756
-1564
-1307
-993
-655
-334
-50
211
482
771
1057
1304
1499
1628
1730
1842
1963
2061
2115
2117
2094
2083
2092
2119
2126
2096
2057
2030
2036
2068
2110
2145
2168
2208
2282
2390
2527
2663
2779
2888
3004
3132
3268
3413
3530
3613
3679
3733
3772
3805
3812
3785
3734
3661
3562
3458
3336
3192
3023
2830
2611
2364
2085
1754
1375
943
499
30
-449
-954
-1472
-2000
-2517
-3011
-3465
-3883
-4260
-4583
-4839
-5010
-5098
-5122
-5095
-5033
-4922
-4757
-4547
-4292
-4020
-3749
-3477
-3197
-2906
-2602
-2299
-2003
-1728
-1458
-1185
-906
-639
-396
-195
-41
66
150
190
183
111
-35
-236
-471
-736
-1019
-1326
-1644
-1957
-2248
-2500
-2705
-2867
-3001
-3113
-3173
-3180
-3132
-3039
-2907
-2745
-2546
-2292
-1979
-1612
-1189
-726
-217
344
954
1609
2291
2978
3645
4284
4890
5442
5933
6332
6632
6826
6913
6905
6803
6599
6302
5920
5470
4977
4445
3883
3308
2717
2118
1536
980
445
-56
-512
-927
-1297
-1604
-1845
-2018
-2124
-2155
-2119
-2005
-1815
-1570
-1269
-924
-558
-181
203
572
906
1199
1434
1608
1727
1782
1774
1713
1600
1444
1254
1028
785
528
253
-37
-338
-656
-994
-1344
-1705
-2090
-2497
-2921
-3361
-3806
-4231
-4627
-4987
-5305
-5568
-5765
-5873
-5878
-5779
-5592
-5320
-4968
-4541
-4029
-3451
-2832
-2209
-1595
-996
-415
148
674
1159
1587
1963
2295
2604
2896
3161
3404
3611
3791
3954
4112
4258
4364
4419
4421
4367
4283
4154
3970
3728
3443
3122
2776
2432
2085
1731
1383
1052
750
485
253
55
-114
-251
-373
-471
-541
-597
-648
-699
-743
-780
-817
-847
-880
-921
-959
-999
-1046
-1094
-1150
-1203
-1257
-1321
-1389
-1470
-1554
-1646
-1750
-1852
-1945
-2038
-2130
-2213
-2285
-2345
-2378
-2402
-2410
-2391
-2356
-2307
-2230
-2142
-2047
-1939
-1828
-1707
-1576
-1428
-1272
-1110
-949
-787
-608
-402
-197
6
214
415
608
796
973
1131
1273
1396
1487
1554
1602
1639
1664
1677
1690
1712
1741
1777
1841
1928
2029
2151
2281
2426
2585
2732
2865
2970
3046
3085
3065
2986
2852
2657
2408
2106
1756
1384
998
619
254
-83
-367
-602
-782
-896
-946
-932
-873
-773
-640
-487
-334
-180
-24
112
231
333
425
516
602
684
770
862
959
1045
1121
1187
1229
1234
1185
1086
934
717
424
73
-331
-777
-1260
-1766
-2266
-2750
-3201
-3613
-3965
-4245
-4453
-4588
-4643
-4622
-4529
-4374
-4163
-3902
-3603
-3276
-2929
-2565
-2190
-1808
-1418
-1034
-643
-267
102
463
798
1112
1399
1653
1867
2039
2152
2213
2218
2157
2040
1875
1662
1401
1102
786
463
122
-219
-538
-831
-1096
-1327
-1510
-1645
-1736
-1780
-1769
-1718
-1610
-1443
-1239
-1002
-720
-413
-82
270
638
1021
1393
1752
2099
2426
2713
2955
3154
3300
3390
3431
3411
3336
3211
3034
2816
2564
2294
2008
1717
1428
1147
896
660
446
272
134
21
-70
-131
-169
-202
-228
-250
-286
-332
-381
-441
-512
-582
-653
-722
-770
-798
-798
-773
-716
-628
-510
-365
-205
-39
127
279
406
506
569
596
587
539
458
355
234
107
-17
-142
-249
-347
-428
-485
-529
-567
-594
-617
-649
-689
-748
-818
-905
-1011
-1128
-1262
-1396
-1522
-1640
-1749
-1838
-1893
-1924
-1929
-1909
-1860
-1777
-1665
-1536
-1391
-1234
-1064
-887
-717
-552
-389
-229
-73
81
230
368
495
616
730
818
882
925
957
969
946
894
815
721
607
475
316
152
-8
-175
-330
-476
-609
-716
-805
-868
-909
-932
-934
-911
-865
-801
-721
-634
-532
-419
-297
-180
-67
49
172
307
446
590
747
910
1068
1236
1405
1565
1733
1888
2027
2150
2257
2329
2373
2382
2365
2330
2263
2180
2093
1992
1881
1768
1656
1543
1439
1347
1250
1158
1067
973
877
765
637
505
366
229
87
-62
-203
-334
-453
-573
-676
-759
-824
-868
-902
-933
-961
-988
-1013
-1047
-1102
-1165
-1237
-1315
-1406
-1507
-1607
-1707
-1806
-1890
-1966
-2032
-2079
-2108
-2114
-2113
-2103
-2070
-2031
-1980
-1924
-1859
-1782
-1698
-1618
-1538
-1450
-1363
-1262
-1150
-1039
-924
-800
-671
-538
-408
-286
-166
-56
40
126
202
259
318
371
406
434
449
463
475
485
492
504
521
540
568
596
624
658
705
755
805
861
930
1014
1102
1189
1278
1371
1463
1546
1622
1688
1742
1796
1842
1865
1874
1866
1853
1831
1790
1724
1653
1587
1511
1431
1345
1246
1153
1065
964
849
723
605
489
376
255
128
8
-97
-194
-296
-402
-502
-583
-658
-729
-792
-849
-888
-918
-938
-958
-989
-1009
-1011
-1006
-999
-989
-972
-946
-911
-881
-857
-844
-824
-796
-768
-747
-726
-708
-693
-679
-672
-676
-688
-703
-715
-715
-718
-726
-727
-722
-706
-682
-660
-625
-581
-533
-475
-414
-363
-316
-268
-224
-178
-142
-113
-80
-43
-10
16
32
50
78
99
116
138
155
177
191
200
203
200
192
184
179
170
158
148
155
171
191
216
257
309
375
432
499
574
641
703
753
791
817
822
804
771
723
661
581
491
396
299
203
109
24
-45
-99
-140
-165
-168
-150
-115
-63
6
93
188
287
390
500
612
723
814
900
978
1036
1073
1078
1067
1037
975
884
771
643
500
336
159
-22
-215
-410
-610
-801
-980
-1157
-1324
-1472
-1596
-1698
-1782
-1843
-1876
-1878
-1860
-1822
-1763
-1676
-1566
-1451
-1325
-1181
-1017
-851
-692
-524
-342
-155
17
184
360
532
694
848
983
1114
1241
1337
1410
1478
1530
1551
1545
1518
1481
1421
1324
1207
1085
954
811
651
494
347
200
48
-91
-214
-329
-444
-543
-629
-703
-760
-806
-842
-859
-864
-859
-849
-822
-781
-736
-677
-616
-537
-452
-366
-273
-179
-82
20
117
208
297
389
469
543
615
676
729
767
781
784
780
759
716
659
590
513
416
297
177
60
-66
-198
-325
-444
-550
-646
-735
-803
-848
-886
-909
-909
-888
-849
-810
-759
-695
-625
-561
-504
-447
-390
-339
-308
-275
-244
-219
-203
-195
-185
-181
-177
-189
-197
-201
-211
-233
-258
-270
-282
-305
-325
-338
-337
-328
-321
-301
-263
-212
-159
-98
-18
75
173
272
392
515
642
767
891
1022
1146
1264
1369
1467
1556
1631
1697
1750
1788
1810
1823
1814
1791
1753
1695
1623
1530
1430
1310
1180
1038
886
730
562
387
213
46
-121
-283
-440
-582
-710
-825
-930
-1015
-1084
-1146
-1191
-1222
-1243
-1255
-1259
-1259
-1244
-1217
-1189
-1158
-1117
-1080
-1044
-998
-951
-909
-860
-814
-774
-729
-690
-650
-610
-564
-527
-489
-442
-405
-369
-327
-295
-265
-236
-215
-203
-182
-171
-173
-175
-177
-188
-204
-228
-259
-283
-310
-351
-384
-403
-427
-444
-453
-454
-444
-433
-416
-393
-361
-321
-287
-244
-196
-149
-108
-60
-15
32
81
125
165
215
262
298
336
374
409
451
484
514
553
589
622
660
702
733
773
812
850
893
932
961
999
1033
1060
1082
1098
1109
1121
1126
1129
1139
1132
1126
1117
1115
1110
1097
1087
1069
1050
1026
1001
976
949
918
880
843
801
752
700
646
584
513
435
347
249
141
19
-109
-243
-390
-535
-681
-830
-983
-1132
-1271
-1405
-1524
-1636
-1736
-1817
-1891
-1943
-1973
-1991
-1982
-1948
-1903
-1840
-1757
-1657
-1549
-1427
-1293
-1161
-1013
-865
-722
-581
-444
-317
-192
-73
23
110
185
241
288
319
332
333
327
304
277
245
203
160
113
62
13
-35
-82
-130
-170
-209
-241
-270
-291
-299
-311
-313
-307
-300
-286
-264
-245
-223
-196
-167
-138
-107
-73
-44
1
45
76
120
164
203
250
300
349
402
462
526
586
650
708
770
839
901
972
1041
1110
1177
1237
1287
1332
1364
1384
1403
1415
1415
1393
1355
1307
1250
1171
1085
1000
904
810
707
592
481
368
247
130
20
-79
-170
-246
-322
-380
-424
-468
-494
-506
-502
-484
-457
-427
-391
-354
-325
-299
-267
-240
-221
-209
-207
-211
-222
-254
-294
-341
-396
-461
-530
-603
-677
-751
-830
-896
-960
-1022
-1072
-1114
-1146
-1164
-1167
-1164
-1157
-1142
-1123
-1103
-1080
-1049
-1007
-959
-907
-861
-816
-768
-721
-672
-616
-555
-486
-424
-369
-299
-226
-161
-94
-20
54
130
205
276
345
412
471
521
575
624
664
689
718
738
750
762
765
764
764
756
750
739
731
718
702
697
685
674
660
642
630
611
595
579
568
558
538
522
510
500
497
497
502
516
535
567
599
628
656
676
699
715
734
744
742
726
692
649
596
543
481
412
343
262
176
93
1
-92
-180
-262
-338
-408
-474
-525
-571
-613
-655
-691
-711
-720
-725
-726
-726
-730
-719
-718
-716
-709
-706
-703
-702
-695
-692
-696
-705
-712
-725
-747
-770
-789
-806
-824
-837
-850
-857
-865
-871
-868
-856
-842
-812
-777
-739
-687
-639
-585
-536
-483
-418
-352
-283
-209
-136
-72
-18
45
107
166
228
289
352
407
452
495
543
595
644
684
726
768
807
844
875
914
948
977
1006
1031
1061
1072
1079
1082
1077
1077
1063
1044
1028
1007
973
926
879
831
777
723
668
612
547
479
407
333
263
197
132
66
4
-54
-113
-170
-217
-263
-304
-339
-371
-394
-419
-448
-468
-491
-511
-531
-562
-590
-617
-642
-661
-683
-702
-724
-753
-784
-808
-826
-841
-852
-855
-867
-885
-899
-907
-899
-885
-872
-864
-850
-833
-813
-782
-747
-710
-670
-625
-566
-507
-445
-383
-323
-265
-195
-125
-54
17
87
153
205
248
285
326
363
398
422
437
435
429
413
402
395
383
370
353
329
303
286
272
270
272
272
283
314
348
381
425
470
507
560
624
696
780
845
894
937
977
1013
1059
1097
1125
1138
1124
1093
1060
1027
985
940
877
810
731
650
561
476
388
294
206
122
46
-28
-101
-175
-240
-297
-343
-376
-410
-442
-477
-502
-520
-528
-523
-534
-544
-556
-564
-554
-539
-525
-519
-520
-534
-542
-550
-550
-549
-546
-555
-574
-586
-606
-616
-618
-636
-660
-671
-684
-698
-707
-723
-735
-740
-746
-737
-715
-698
-676
-661
-639
-600
-559
-509
-446
-388
-327
-267
-202
-124
-48
28
95
162
230
293
355
407
455
493
524
551
574
590
596
597
585
569
553
530
495
464
432
389
351
317
268
230
184
152
141
121
102
81
63
45
42
45
56
73
87
95
105
128
162
201
240
273
308
343
372
413
442
470
492
511
532
549
558
562
558
547
538
529
512
481
438
387
336
290
243
192
133
64
-1
-61
-112
-170
-228
-282
-332
-385
-420
-453
-480
-512
-538
-559
-569
-569
-562
-557
-557
-550
-530
-500
-469
-432
-406
-375
-356
-337
-300
-262
-234
-206
-184
-171
-159
-147
-128
-118
-103
-106
-110
-122
-130
-129
-132
-128
-134
-132
-138
-132
-125
-113
-101
-90
-67
-46
-29
-9
19
48
85
108
133
155
179
197
207
234
258
274
276
273
266
266
264
265
254
238
200
174
151
119
82
41
9
-44
-84
-125
-159
-175
-189
-190
-195
-196
-201
-187
-166
-142
-109
-74
-42
-8
30
75
131
190
253
302
347
385
412
450
475
497
508
513
504
487
467
447
421
391
361
315
281
234
191
146
101
59
18
-27
-68
-103
-140
-171
-209
-238
-271
-295
-321
-340
-354
-363
-385
-398
-411
-421
-425
-428
-430
-429
-431
-428
-418
-400
-378
-357
-327
-307
-269
-242
-205
-171
-136
-108
-74
-36
-7
22
40
73
96
116
126
137
138
143
143
138
131
114
108
92
87
77
74
71
69
61
55
54
53
61
57
60
66
69
71
76
93
101
120
135
147
149
159
166
168
180
194
192
185
187
183
174
165
156
133
113
93
78
54
34
34
24
12
3
-14
-27
-25
-20
-29
-29
-35
-33
-38
-38
-38
-23
-11
-13
1
10
5
3
14
9
12
7
-9
-22
-28
-36
-48
-64
-81
-88
-111
-128
-147
-165
-185
-195
-210
-223
-235
-254
-259
-269
-281
-296
-287
-286
-295
-296
-284
-287
-279
-255
-244
-234
-208
-187
-172
-162
-135
-106
-93
-78
-44
-10
0
19
46
75
89
116
139
153
178
198
221
237
255
275
304
314
327
345
352
350
360
371
363
365
368
367
364
365
365
361
362
355
341
336
318
297
281
273
249
213
202
186
156
139
134
110
84
79
71
46
27
24
8
-10
-20
-29
-56
-65
-65
-82
-100
-106
-110
-126
-134
-146
-152
-157
-172
-176
-186
-201
-210
-214
-233
-243
-247
-262
-278
-290
-300
-309
-319
-334
-343
-344
-353
-367
-374
-376
-381
-389
-394
-398
-400
-393
-383
-379
-374
-356
-333
-326
-310
-281
-263
-232
-195
-171
-140
-101
-71
-46
-19
0
39
70
79
94
121
142
143
155
166
178
186
195
202
202
206
223
239
231
236
259
261
257
270
275
265
269
278
280
271
273
280
273
277
281
286
290
293
294
294
299
295
293
295
292
275
281
282
263
259
260
251
233
231
231
212
201
192
175
152
145
134
101
83
79
62
34
26
12
-12
-31
-51
-61
-84
-97
-108
-125
-138
-150
-159
-178
-186
-192
-206
-218
-225
-227
-239
-239
-238
-240
-243
-238
-239
-253
-253
-247
-252
-268
-274
-272
-273
-274
-281
-283
-288
-279
-287
-286
-286
-284
-264
-254
-256
-252
-229
-222
-210
-199
-197
-189
-176
-160
-159
-152
-138
-120
-102
-88
-69
-52
-38
-18
0
8
29
51
61
77
105
128
141
159
171
179
188
195
196
193
205
212
224
217
216
226
231
230
220
220
219
220
208
204
201
189
188
180
171
167
161
157
144
142
146
147
148
151
148
145
149
149
148
141
140
142
138
140
137
133
125
124
123
110
109
98
91
78
76
68
46
33
25
15
-9
-23
-39
-49
-58
-77
-86
-101
-104
-111
-123
-136
-142
-144
-161
-178
-188
-185
-187
-198
-200
-207
-203
-201
-195
-194
-187
-177
-179
-178
-176
-168
-166
-161
-163
-159
-152
-145
-146
-151
-148
-142
-135
-145
-145
-140
-131
-126
-126
-117
-106
-91
-95
-92
-95
-85
-70
-69
-67
-60
-45
-37
-26
-21
-7
5
16
27
34
51
58
69
76
88
104
123
139
139
147
150
166
169
162
172
170
182
183
180
178
185
192
188
186
179
186
181
175
163
150
150
140
140
130
120
110
104
101
88
84
80
82
80
75
68
60
57
53
49
44
36
38
36
32
27
25
17
16
13
3
-1
-13
-18
-22
-25
-32
-43
-51
-59
-63
-76
-85
-93
-107
-107
-112
-116
-125
-131
-138
-144
-142
-153
-162
-175
-176
-180
-178
-179
-185
-183
-182
-172
-170
-164
-163
-157
-145
-148
-143
-140
-130
-127
-113
-99
-93
-85
-83
-73
-58
-50
-50
-44
-33
-17
-6
-2
10
24
36
44
50
55
60
70
83
82
87
92
104
112
113
116
117
125
130
136
137
136
141
145
144
155
154
158
158
157
160
157
156
150
142
142
140
132
130
119
116
113
108
99
90
89
79
74
60
50
44
39
35
27
20
13
5
5
0
-9
-12
-16
-11
-25
-26
-34
-31
-36
-38
-39
-44
-43
-45
-48
-50
-45
-51
-48
-57
-52
-56
-57
-60
-63
-66
-69
-71
-71
-75
-78
-79
-84
-88
-96
-100
-106
-101
-108
-103
-105
-107
-109
-110
-109
-107
-110
-106
-108
-103
-97
-94
-98
-91
-82
-75
-71
-67
-54
-49
-49
-42
-31
-26
-21
-19
-6
-2
2
5
9
18
24
26
24
27
30
39
35
37
36
41
39
41
44
41
42
42
43
41
47
39
44
44
51
49
52
55
52
52
54
56
56
61
58
54
56
55
54
54
48
44
46
43
46
43
38
33
28
23
26
24
17
18
17
18
19
12
6
8
3
8
4
3
1
6
1
1
3
0
-2
-3
-3
-5
2
-6
-4
-7
1
-2
0
-6
-7
-8
-7
-3
-4
-3
-7
-5
-4
-5
-8
-7
-11
-9
-8
-5
-7
-3
-3
1
-2
-1
-1
2
3
5
-1
2
2
3
0
1
2
1
3
2
6
9
5
2
2
1
5
3
3
3
4
4
8
2
1
1
3
9
6
7
3
4
4
6
2
-6
-8
-8
-7
-11
-15
-23
-16
-21
-22
-31
-32
-31
-35
-32
-33
-36
-43
-45
-40
-36
-38
-40
-41
-43
-42
-45
-45
-43
-42
-39
-41
-44
-44
-45
-42
-41
-41
-41
-42
-42
-39
-34
-31
-29
-28
-25
-21
-17
-16
-10
-4
2
4
6
10
16
16
14
18
18
20
17
21
19
18
20
21
23
25
21
21
22
20
22
26
30
35
39
43
45
47
49
49
53
52
57
61
64
66
68
65
67
68
