30
34
24
22
22
21
29
29
24
21
23
16
13
17
13
8
5
9
13
18
16
4
-5
1
14
15
6
3
7
8
7
2
-5
-13
-3
3
0
1
3
-6
-14
-14
-3
5
-3
-12
-10
-1
-3
-7
-16
-19
-16
-12
-9
-11
-16
-13
-18
-23
-25
-20
-13
-13
-18
-16
-5
-10
-10
-4
0
1
0
0
4
4
6
4
-7
-8
10
22
14
8
8
-4
2
18
15
4
4
5
7
19
19
5
1
4
-3
-3
7
4
-8
-6
8
10
13
14
-2
-12
1
17
13
2
1
10
6
2
10
1
-13
-2
9
5
1
4
-3
-13
-9
3
10
3
-3
1
-1
-3
-6
-10
-6
-7
-10
-5
-6
-5
-4
-4
-11
-17
-7
-2
-5
-13
-8
5
-5
-7
8
3
-4
5
-2
-4
0
-1
-6
-12
-7
6
16
1
-4
2
-11
-2
19
4
-5
0
-4
-3
13
18
-2
2
11
-5
-3
10
3
-9
-3
13
13
14
10
-7
-13
2
13
8
-1
-9
1
3
0
-1
-2
-4
-11
5
11
-3
-9
0
1
-15
4
23
-14
-12
15
-1
-5
0
2
-12
-14
0
-9
-8
-6
2
7
-20
-4
10
-15
-8
13
2
-15
12
25
-11
6
26
-4
5
15
-4
-3
9
-3
-4
25
-2
-16
23
-13
-31
28
13
-33
0
26
-32
-20
44
-4
-25
28
17
-18
-3
29
3
-20
13
17
-6
-12
10
13
-27
0
33
-18
-27
13
0
-25
1
22
-12
-12
18
-3
-19
0
5
-4
-2
9
8
-12
-13
1
-10
-8
18
13
-3
3
-1
-27
-15
10
-8
6
25
-9
-9
3
-12
-5
5
3
7
11
-5
-11
15
-5
-19
47
11
-48
25
19
-53
-2
64
-13
-43
58
-1
-92
31
48
-47
11
60
-15
-59
7
17
-42
14
59
7
-18
-17
8
-25
-53
55
54
-42
23
51
-68
-69
48
20
-59
71
75
-104
-8
53
-84
-27
73
24
-29
44
33
-102
-1
46
-56
27
34
10
13
-30
9
-26
-16
22
-3
39
-12
15
42
-94
14
52
-64
9
76
29
-84
18
67
-116
-1
110
-49
-30
75
3
-89
5
74
-83
-22
123
-24
-46
34
-27
-67
3
69
-17
14
61
-57
-41
-16
-21
15
62
26
-31
26
-53
-61
24
22
22
2
63
-48
-65
37
-88
22
72
5
34
-21
-31
-56
-16
63
2
81
3
-84
42
-31
-46
-8
84
38
-64
53
22
-120
-3
95
-41
-45
92
32
-152
22
122
-120
-40
105
-26
-115
57
123
-142
-45
132
-65
-90
109
45
-143
22
166
-81
-73
107
-28
-79
13
108
-15
-29
104
-69
-69
74
-23
-30
65
66
33
-74
-45
26
29
-6
36
95
-62
-70
40
34
-84
67
53
-29
-54
-15
45
-80
60
52
-96
-14
27
13
-33
44
67
-202
31
86
-72
50
53
25
-70
-25
17
-48
26
101
-6
2
-14
-85
-23
67
-23
-6
86
-12
-120
53
-29
-123
55
125
2
-99
105
-35
-209
93
206
-21
-167
152
75
-276
88
203
-230
82
162
-72
-88
-33
136
-179
104
86
-122
27
-83
106
-71
-76
129
-50
-159
93
61
-109
48
14
-110
-51
144
-24
-41
83
-97
-53
153
37
-113
58
98
-190
13
224
-85
-116
192
-56
-125
64
30
-70
70
195
-155
-139
147
53
-107
59
141
-119
-40
62
51
-50
-59
124
-27
-110
43
15
-27
-23
124
-125
-68
149
-126
-61
262
-75
-244
164
56
-250
234
140
-291
133
77
-144
-12
185
-67
-79
208
-71
-204
94
74
-81
107
2
-115
52
-33
-16
-53
43
-87
112
105
-263
125
46
-231
112
182
-12
-283
296
1
-353
240
239
-369
90
390
-358
-143
242
-1
-160
170
50
-256
-6
228
-120
-82
147
7
-209
77
194
-281
92
256
-280
-139
180
130
-282
128
224
-378
66
312
-275
-46
349
-210
-182
353
62
-441
184
218
-188
-17
41
-107
116
145
-236
-2
171
-97
-147
252
-26
-290
414
-31
-331
70
250
-219
-71
479
-351
-255
449
39
-507
297
295
-384
-11
146
149
-319
38
329
-299
-167
305
15
-241
211
92
-319
22
298
-50
-386
346
232
-441
29
283
-149
-159
251
-48
-306
179
235
-245
-63
147
46
-130
-2
208
-129
-62
139
-36
-159
106
80
-178
-108
355
-109
-469
449
285
-401
-101
380
-89
-219
238
-57
-382
497
54
-506
156
499
-438
-187
440
-129
-347
343
137
-480
307
133
-316
1
326
-227
-227
446
-76
-213
9
225
-37
-204
194
11
-15
-10
-33
41
-35
9
17
-105
84
59
-164
65
222
-283
-106
238
121
-417
180
330
-295
16
216
-235
-119
425
-255
-265
270
225
-322
-111
404
-123
-403
421
84
-390
103
395
-273
-231
375
-91
-360
335
45
-452
316
205
-357
57
338
-141
-188
243
-78
-208
341
-170
-118
164
114
-150
-72
300
-284
-15
256
-165
-178
76
249
-144
-202
173
178
-359
182
296
-561
134
459
-537
50
411
-348
-80
497
-280
-383
470
93
-409
41
390
-326
-150
429
-129
-446
474
109
-600
393
45
-220
87
54
93
-140
53
104
-61
-60
-124
335
-102
-328
380
-68
-18
-145
188
-6
-188
311
-197
19
-12
215
-55
-461
526
8
-494
337
63
-297
120
248
-230
-233
604
-289
-369
369
114
-428
190
354
-536
190
342
-345
-227
436
-77
-354
202
68
-113
-17
126
-75
-27
-15
269
-256
-51
323
-274
58
22
154
-300
65
481
-579
87
325
18
-563
543
181
-664
435
190
-353
-69
433
-121
-527
461
258
-675
24
790
-596
-352
780
-120
-643
337
564
-829
164
531
-405
-236
514
-85
-459
181
364
-348
-282
515
-140
-324
377
31
-362
184
210
-122
-263
276
-8
-99
-2
98
-229
110
304
-506
248
187
-250
52
136
-45
-43
14
24
70
-6
-81
-155
442
-301
-217
412
-189
38
-66
133
6
-210
163
105
-322
236
286
-562
191
435
-558
129
129
-179
100
11
-118
-121
267
7
-448
553
-171
-367
599
-135
-559
385
444
-766
149
280
-41
-414
422
-63
-244
230
11
-20
-193
169
234
-389
-31
480
-269
-192
292
-116
31
-67
60
122
-299
366
-158
-3
-61
97
88
-177
153
69
-265
287
38
-405
263
93
-100
-143
174
-64
-64
82
-31
-35
-157
403
-250
-201
426
-225
-152
325
-136
-369
524
15
-669
551
195
-568
256
274
-363
-123
623
-539
-114
674
-433
-178
407
75
-571
366
481
-825
216
620
-488
-351
762
-216
-525
688
-191
-269
221
265
-523
150
453
-622
280
128
-254
61
59
-18
-279
221
156
-480
302
52
-215
56
12
1
-107
114
-104
44
-12
-20
-19
-22
173
-280
-67
562
-474
-168
436
-2
-384
4
638
-548
-151
550
-254
-141
189
25
-66
-35
70
47
-121
141
-105
67
64
-103
-73
310
-65
-289
260
-42
90
-272
244
145
-415
137
380
-440
-189
724
-396
-322
529
-92
-276
131
255
-347
-79
457
-308
-183
434
-113
-421
510
100
-658
406
438
-672
-102
801
-366
-517
710
50
-630
336
394
-623
184
317
-340
-1
202
-77
-256
369
-24
-284
103
243
-210
-315
534
-150
-482
601
-91
-447
338
76
-215
-122
276
21
-386
327
101
-394
61
346
-224
-296
480
8
-556
381
156
-298
-150
543
-294
-230
390
-117
-78
44
-19
52
26
-201
294
-120
84
-319
475
-123
-333
484
-113
-108
-194
419
-89
-268
263
37
-119
-29
60
-39
57
-11
-11
8
6
12
-211
394
-266
-264
518
-1
-653
389
580
-1056
252
882
-808
-398
1114
-329
-901
887
209
-720
210
493
-344
-345
621
-80
-640
676
15
-650
552
85
-459
137
370
-369
-170
527
-365
-248
641
-386
-468
1056
-678
-405
997
-543
-397
589
110
-705
322
508
-686
-2
693
-562
-185
589
-237
-215
180
96
-161
11
122
-144
7
151
-148
-60
242
-340
338
-37
-354
409
-128
-57
132
-88
56
-68
179
35
-342
362
-61
-111
197
-367
323
172
-581
417
-67
-108
66
54
-48
-59
166
-18
-125
52
7
30
44
-302
424
-230
-245
473
-77
-611
524
594
-1294
367
969
-1007
-213
1019
-549
-519
933
-194
-738
570
583
-1027
277
561
-483
11
182
102
-458
465
-31
-554
514
-53
-287
121
118
-169
-109
286
-235
165
-21
-188
443
-258
-416
672
-72
-647
417
609
-1020
104
1139
-1237
42
1068
-753
-460
1025
-429
-497
657
3
-613
525
367
-1118
678
476
-1118
579
318
-548
-18
709
-673
-193
1055
-810
-125
655
-188
-508
421
198
-465
71
425
-343
-170
376
-54
-339
147
302
-261
-267
505
-315
20
285
-480
448
-23
-458
668
-460
-73
334
155
-570
130
646
-735
187
453
-658
262
530
-635
-210
731
-56
-812
753
33
-619
429
258
-709
378
250
-397
167
22
-168
315
-173
-235
367
67
-455
235
481
-702
143
602
-504
-159
372
89
-460
41
621
-740
127
483
-400
-210
544
13
-781
740
225
-779
75
915
-637
-636
972
137
-1160
493
901
-1092
-187
1172
-603
-740
1005
94
-1155
838
181
-547
-2
369
119
-727
608
278
-831
346
530
-579
-207
703
-289
-551
707
-107
-778
866
-29
-1010
946
-29
-831
663
136
-606
225
527
-723
-121
985
-843
-239
922
-680
34
219
-147
108
-78
-34
127
111
-538
510
140
-619
350
320
-452
27
228
10
-310
141
254
-353
-3
136
124
-231
-289
700
-202
-737
731
221
-864
75
1174
-1184
-451
1580
-752
-946
1017
500
-1417
434
978
-1104
-10
809
-374
-558
714
192
-915
608
286
-558
198
242
-272
54
275
-173
-309
622
-124
-564
618
-27
-297
63
315
-267
-155
437
-184
-256
339
-3
-295
319
-147
-152
510
-415
-218
796
-423
-437
680
69
-659
257
695
-846
67
624
-251
-466
406
430
-718
13
718
-333
-608
931
-208
-570
664
-82
-329
249
196
-333
44
430
-492
175
388
-589
382
216
-598
599
-187
-51
96
72
71
-416
845
-672
-49
856
-718
-43
534
66
-832
754
309
-974
583
418
-691
170
440
-319
-87
184
150
-349
240
-57
23
7
-146
164
-79
47
-323
365
-41
-569
602
-208
-327
223
41
-200
-306
554
-378
-371
536
-257
-321
179
187
-603
268
262
-699
222
432
-687
8
628
-705
22
567
-567
-143
702
-351
-544
969
-359
-408
593
31
-477
473
247
-535
342
519
-621
244
523
-508
211
434
-337
28
743
-410
-207
794
-3
-689
703
436
-829
147
1178
-1296
83
1031
-634
-613
833
175
-1171
688
273
-921
284
199
-414
-223
65
182
-690
180
-148
87
-372
-223
561
-672
-21
366
-407
-152
149
232
-594
-49
632
-515
-261
426
33
-491
380
135
-449
322
226
-195
-102
477
14
-293
671
-355
324
314
-154
73
536
-109
-151
641
-140
-95
442
385
-599
499
759
-650
293
539
144
-231
389
456
-231
320
237
215
16
251
64
495
-441
128
622
-562
-78
178
130
-525
-128
398
-350
-567
418
-252
-564
-46
-192
-372
-542
-163
-332
-518
-328
-525
-83
-700
-690
122
-826
-812
-170
-404
-1191
-424
-128
-1395
-478
-194
-1202
-731
-14
-825
-1281
399
-534
-1287
250
-236
-761
-56
-73
-398
60
-51
-74
-6
237
96
104
451
-213
694
679
-735
1115
945
-549
629
1363
71
-366
2121
140
-468
1947
777
-377
1189
1493
-91
513
1438
676
32
1199
1020
238
624
1208
366
599
872
677
826
530
920
848
373
1074
735
514
1139
829
563
1066
823
500
935
583
585
584
784
156
342
666
-371
266
25
-376
-75
-419
-574
-598
-661
-937
-1074
-884
-1157
-1216
-1142
-1322
-1351
-1311
-1280
-1558
-1182
-1127
-1398
-1243
-967
-1043
-1165
-915
-516
-1211
-569
-299
-891
-529
-402
-122
-1020
-167
-84
-720
-250
-551
-269
-343
-879
-481
-40
-883
-915
235
-842
-1356
729
-1218
-1012
457
-942
-466
-42
-640
52
-44
-622
-61
597
-184
-816
1434
-30
-595
1118
767
-762
1468
792
-344
1374
788
553
452
1419
541
713
1367
425
958
1410
322
920
1639
337
788
1589
791
290
1650
1214
226
1624
1580
866
882
2291
1069
599
2131
1077
747
1250
1577
796
848
1500
788
613
742
432
449
289
-29
103
-83
-499
-661
-599
-771
-1251
-855
-1116
-1173
-1122
-1219
-1266
-1252
-1173
-1331
-823
-840
-947
-581
-440
-559
-488
-176
-150
-174
-84
283
171
-87
184
188
-223
-131
222
-200
-300
-135
-399
-504
-510
-629
-726
-717
-664
-1025
-805
-933
-1270
-948
-962
-1095
-1097
-958
-1002
-1231
-910
-1206
-928
-912
-1069
-410
-874
-706
-710
-460
-792
-485
-41
-542
-357
540
-503
-580
998
-438
-472
955
146
-220
51
1080
-520
-172
1120
-99
-258
831
345
-455
568
215
74
-48
451
451
42
354
382
191
249
286
610
712
253
1045
864
465
1127
972
1121
1030
1654
1635
1150
2098
1851
1629
2007
1693
1698
1713
1347
1770
1695
1461
1522
1525
971
528
1060
537
139
453
397
-335
-202
-529
-833
-802
-1052
-1028
-1021
-860
-1057
-1111
-941
-1082
-1075
-782
-512
-439
-234
-55
128
100
298
500
414
723
696
739
877
688
519
512
438
331
187
146
193
-365
-523
-391
-463
-1039
-819
-366
-1315
-1279
-765
-1661
-1793
-1020
-1257
-1777
-1275
-1188
-1878
-1751
-1430
-1764
-1923
-1203
-1446
-1491
-1150
-1371
-1431
-1339
-1317
-890
-858
-808
-498
-395
-542
-593
-129
-32
-417
393
617
-450
645
529
67
238
587
815
-177
1022
804
1
491
1369
-188
-76
2378
-436
7
1946
426
-571
1356
1648
-554
934
2438
-147
532
2263
1080
491
1860
2365
719
1629
3042
1323
1474
3391
2160
1368
2524
2094
644
1559
2437
1429
1443
1987
763
311
790
73
-390
56
-224
-639
-746
-1354
-1721
-1826
-2279
-2299
-1728
-1950
-2165
-2020
-2151
-2486
-2386
-1945
-1660
-1334
-1050
-615
-756
-724
-456
-435
-104
321
617
649
782
464
157
337
203
342
561
224
163
102
-199
-675
-440
-318
-634
-360
-274
-582
-835
-805
-859
-1078
-724
-391
-940
-822
-845
-1208
-1182
-1120
-1024
-934
-972
-961
-896
-1116
-992
-874
-906
-581
-646
-419
-215
-379
-206
-67
-13
357
352
333
702
357
797
535
786
1068
596
1229
394
911
1230
409
786
1113
832
1035
636
312
1558
114
254
1459
112
657
1142
706
175
1100
1267
269
942
1874
938
1024
1703
1184
1331
1823
2057
1524
2403
2600
1905
1821
1814
1214
852
1604
1881
1861
1649
1058
396
302
70
-418
-136
-138
-596
-706
-1187
-2130
-2097
-2242
-2756
-2349
-1815
-2279
-2726
-2416
-2763
-3078
-2588
-2103
-1718
-1469
-1176
-977
-1114
-992
-664
-431
15
458
679
718
482
375
181
186
575
598
452
302
116
-129
-374
-388
-301
-148
-249
-146
-257
-722
-712
-679
-798
-442
-21
-288
-359
-364
-797
-1177
-946
-764
-706
-238
-266
-656
-785
-684
-879
-855
-329
-76
-72
-40
159
-127
-193
184
466
550
889
981
611
682
966
919
951
1098
1425
1245
807
1168
870
966
614
958
1717
706
760
1215
280
67
1167
203
-223
1607
393
-268
841
554
-231
542
1047
197
1051
1034
253
836
814
1196
992
1325
2116
1852
1863
1669
1452
668
582
1297
1634
2104
2126
1091
327
325
20
-466
51
157
-231
-576
-1204
-2021
-2301
-2457
-2756
-2358
-2082
-2427
-2838
-3056
-3361
-3344
-3194
-2633
-2008
-1821
-1668
-1496
-1521
-1431
-1097
-666
-10
556
782
777
700
364
220
389
872
1253
975
687
399
-144
-517
-279
5
-42
96
-85
-431
-812
-1170
-1220
-1013
-598
-392
-371
-667
-905
-1045
-1440
-1339
-908
-988
-916
-482
-972
-1244
-931
-900
-920
-480
-94
-187
-46
38
-41
141
529
718
1121
1419
1252
1186
1068
1294
1768
1552
1561
1947
1949
972
1619
1853
461
1706
1553
600
1465
1724
322
368
1463
398
-139
937
417
107
384
148
181
32
572
85
269
748
347
543
136
943
1030
599
1239
1154
1521
1581
1766
2160
1719
1247
821
880
1149
1884
2262
1458
842
585
31
-556
-451
13
-292
-600
-1023
-1796
-2296
-2757
-2719
-2706
-2403
-2302
-2682
-2953
-3213
-3276
-3178
-2721
-2034
-1584
-1409
-1330
-1213
-1011
-737
-357
309
901
1200
1308
1277
1031
612
782
1254
1488
1541
1147
654
191
-152
-218
93
221
141
-144
-334
-523
-1361
-1333
-883
-1007
-584
-283
-796
-1325
-1438
-1459
-2004
-1379
-833
-1132
-1229
-1292
-1582
-1836
-1373
-1254
-989
-542
-425
-655
-879
-588
-434
-222
372
745
762
681
622
399
612
1307
1328
995
1515
1619
434
1293
1295
-71
1443
1893
371
1002
1651
324
267
1055
771
381
327
1637
-262
484
1441
-384
248
996
1524
-301
1346
1512
-236
1089
1862
732
1117
2305
1279
1303
2241
2235
1488
2653
2951
1822
1248
1261
1331
1677
2594
2130
1340
893
433
-110
-507
4
-4
-441
-744
-1451
-1991
-2396
-2648
-2593
-2365
-2275
-2519
-2810
-2990
-3102
-3105
-2680
-2032
-1547
-1358
-1238
-1216
-1121
-515
-60
343
873
1147
1399
1303
1095
976
888
1255
1482
1649
1248
736
204
9
89
192
430
195
75
-298
-619
-821
-1197
-882
-608
-664
-615
-806
-1273
-1933
-1903
-1588
-1511
-1398
-1459
-1811
-2010
-1772
-1998
-2090
-1435
-1109
-1143
-1291
-1101
-1216
-1103
-602
-325
16
130
118
-140
-125
608
451
79
1000
1015
553
433
678
-136
590
543
2
472
839
296
-324
-120
179
276
-246
329
520
-323
318
67
-164
465
620
760
501
1051
799
835
711
1578
1680
1543
1720
1582
2138
1769
2368
2528
2327
2924
3153
2780
2255
2399
2062
1604
2242
2820
2294
2056
1599
711
358
577
304
-76
132
-102
-883
-1544
-1743
-1883
-1951
-2056
-1820
-1877
-2303
-2606
-2576
-2231
-1957
-1562
-1215
-1098
-998
-837
-562
-139
187
679
1037
1028
1024
1192
1102
844
1166
1389
1077
860
830
283
-7
166
339
44
-178
56
-544
-907
-777
-841
-1058
-935
-689
-1214
-1493
-1325
-2000
-2280
-1419
-1531
-2261
-2052
-1820
-2391
-2461
-2003
-2016
-2055
-1507
-1385
-1715
-1675
-1298
-1251
-1276
-487
126
-653
-350
428
-353
-111
454
563
436
913
1154
-143
740
698
-466
704
906
-280
227
832
-339
-860
460
-226
-613
666
-210
-591
-213
-12
-368
-457
689
368
48
494
976
463
250
1573
1225
1109
1804
1897
1255
1889
2650
1841
2230
3203
3021
2657
3055
2822
2212
2229
2518
2531
2644
2660
2355
1719
1098
812
828
843
482
380
350
-527
-1367
-1359
-1265
-1562
-1573
-1455
-1655
-2076
-2235
-2064
-2002
-1576
-1175
-1008
-786
-569
-450
-324
107
673
994
1037
1124
1269
1253
1204
1090
1197
1193
841
643
636
384
-107
-10
91
-503
-520
-601
-1090
-1210
-1147
-1313
-1571
-1338
-1659
-2256
-2016
-2209
-2570
-2176
-2095
-2512
-2505
-2590
-2622
-2528
-2239
-2153
-2131
-1666
-1749
-1778
-1573
-1472
-863
-862
-578
50
-146
-320
-102
836
345
52
1546
969
294
1345
1423
-257
971
1443
-55
743
851
-34
141
151
341
-135
-329
347
-409
76
201
-1114
413
241
-663
382
672
-119
339
1120
328
751
1094
777
849
1521
1517
1070
1590
1761
1318
1752
1967
2161
2429
2452
2077
1857
1755
1440
1696
1997
1937
2112
1483
447
490
514
54
-5
442
140
-721
-1271
-1487
-1523
-1756
-1491
-1285
-1603
-1831
-1888
-1988
-2019
-1509
-1061
-1009
-632
-325
-340
-403
-12
748
1044
1057
1294
1436
1185
1260
1469
1515
1228
1155
1137
887
885
500
409
485
142
63
262
-372
-602
-337
-753
-816
-675
-923
-1617
-1503
-1537
-1859
-1417
-1776
-2207
-2101
-2164
-2377
-2005
-1732
-2172
-1870
-1590
-1814
-1583
-1221
-1088
-906
-684
-307
-269
-318
48
281
573
798
838
1112
637
1225
1522
902
776
1895
1082
-387
2094
564
307
1058
633
469
-267
1418
-726
11
1156
-348
-19
-181
351
-289
-55
722
436
9
562
756
-125
832
1103
610
1053
1334
1088
1078
1513
1192
1553
2113
1841
2168
1992
1185
1320
1579
1297
1406
1984
1445
455
397
52
-241
-52
-54
-514
-932
-1195
-1979
-2273
-2252
-1984
-2074
-2396
-2310
-2652
-2833
-2723
-2387
-1959
-1714
-1615
-1383
-1061
-959
-573
-40
217
550
841
934
855
1072
1364
1338
1369
1432
1208
961
1057
1054
1144
672
773
788
256
514
355
259
82
89
-89
-496
-527
-656
-771
-756
-807
-1217
-1456
-1498
-1601
-1719
-1339
-1395
-1724
-1841
-1506
-1468
-1439
-1160
-1008
-626
-989
-635
-173
-705
-43
360
279
350
650
770
456
679
978
1474
1030
-33
1419
1128
336
550
1231
375
-62
1007
150
-160
638
363
-398
59
331
66
-567
422
497
73
293
478
597
-15
1047
1056
216
1094
1591
921
859
1812
1370
871
1906
2049
1565
1965
1862
1233
955
1471
1548
1454
1553
1107
870
303
-5
10
132
94
-413
-736
-1352
-1943
-1993
-1881
-1864
-2169
-2276
-2624
-3109
-2841
-2458
-2665
-2510
-1988
-2026
-2062
-1777
-1473
-1153
-690
-265
-45
-157
-117
219
541
848
1038
891
508
455
782
734
715
768
471
381
245
339
171
-133
519
225
-56
-124
-562
-839
-562
-98
-543
-783
-837
-1471
-1653
-1046
-922
-1224
-1309
-1146
-1435
-1471
-1294
-951
-463
-549
-431
-204
-435
-279
314
700
840
1196
818
788
914
1587
1653
1471
1677
1621
1482
1363
1479
1048
1374
1952
809
479
953
952
313
983
982
-11
710
429
267
499
848
832
623
439
678
860
836
1253
1427
1174
1332
1634
1017
1231
1811
1697
1734
1889
1445
1025
1195
980
1082
1625
1745
1019
38
297
378
-17
99
112
-214
-839
-1371
-1758
-1826
-1709
-1690
-1966
-2405
-2650
-2854
-2816
-2749
-2385
-2071
-2289
-2450
-2124
-1808
-1828
-1412
-795
-579
-638
-653
-515
-200
60
418
601
388
-48
85
320
330
410
323
62
-79
-127
-105
-212
-241
223
-450
-309
-267
-1082
-1060
-478
-262
-909
-1168
-1192
-1304
-1431
-1498
-1275
-1173
-1465
-1651
-1834
-1763
-1362
-1143
-1075
-937
-685
-927
-896
-307
187
484
531
555
821
651
817
1772
1665
1971
1432
1565
1855
1749
1929
1345
2333
2038
965
1320
1302
1313
1473
1373
995
1273
813
586
1247
921
1091
1628
1383
401
1210
1345
1249
1893
1789
1796
1337
1627
1768
1637
1527
2041
2048
1671
1517
1141
581
321
1445
1941
1407
-272
-700
332
463
-482
-900
-143
-38
-1375
-2492
-1977
-1278
-1555
-2209
-2116
-2156
-2900
-3274
-2535
-1736
-1862
-2442
-2605
-1902
-1586
-1845
-1610
-798
-293
-433
-689
-743
-300
381
480
701
739
284
-7
323
864
949
557
165
261
305
112
30
44
42
-67
-301
-547
-570
-559
-1140
-1141
-672
-894
-1493
-1926
-1711
-1573
-1569
-1751
-1982
-2090
-2246
-2037
-1855
-1700
-1766
-1811
-1619
-1351
-1264
-1311
-851
-348
-181
-238
-241
-91
237
790
1220
870
824
1328
476
1234
1978
1207
1238
1272
1344
1128
859
1079
1086
1422
1372
519
747
1038
1149
864
1567
1772
1070
1097
1552
2008
2191
2120
2018
2645
2421
2548
2540
2659
2768
2941
3001
2480
2788
2095
1319
1654
3118
3324
1279
-410
204
1642
1197
-402
-598
277
-55
-1500
-2531
-1670
-925
-1335
-2328
-2282
-2276
-3027
-3209
-1982
-1061
-1912
-2961
-2702
-1514
-1203
-1575
-1305
-493
-286
-642
-774
-475
-29
429
747
825
309
-361
-268
507
1011
793
68
-440
-296
-134
-278
-398
-265
-476
-845
-843
-994
-1813
-1800
-1277
-678
-876
-2076
-2899
-2500
-1445
-1406
-1837
-2187
-2179
-2025
-2197
-2028
-1538
-1341
-1368
-1233
-988
-1369
-1161
-566
137
593
319
-173
58
947
1088
1234
1465
1518
1077
1197
1420
1450
1474
1286
1595
1151
431
806
650
580
1014
756
-128
-131
610
156
324
778
282
331
593
692
706
1315
1422
1031
1541
1696
1791
1672
1830
2314
2740
2428
1021
574
1747
3136
2803
806
-123
828
1799
660
-757
-139
1036
340
-1616
-2114
-1275
-705
-1130
-1572
-1668
-1911
-2596
-2580
-1216
-599
-1614
-2433
-1695
-593
-649
-1059
-771
180
639
286
-19
27
722
1448
1590
1284
897
561
611
1255
1715
1304
441
-23
275
584
210
-248
-198
-13
-498
-1377
-1572
-1293
-1124
-1358
-1863
-2237
-2531
-2429
-2341
-2401
-2374
-2509
-2618
-2785
-2675
-2563
-2194
-1739
-1719
-1700
-1585
-1354
-821
-168
85
414
719
832
1176
1546
1942
2433
2630
2549
2411
2668
2668
2796
2894
2899
2517
1736
2303
2416
1324
1271
1750
1464
979
938
547
476
1219
835
392
341
521
686
902
1265
1183
823
1109
1835
1577
1335
1649
2166
2188
1178
-166
-104
2026
2945
1100
-1131
-1166
325
3
-1364
-1645
-597
-712
-2646
-4053
-3582
-2139
-2167
-2883
-3301
-3663
-4178
-4192
-2911
-1867
-1931
-3093
-3546
-2132
-1040
-1148
-1310
-329
548
358
-309
-342
753
1925
2381
1839
1062
840
1092
1654
2318
2505
1526
522
637
1062
1160
802
622
517
138
-218
-748
-1263
-1163
-789
-612
-1284
-2405
-2908
-2448
-1769
-1939
-2300
-2739
-2934
-2804
-2577
-2252
-1934
-1797
-1596
-1300
-1367
-1271
-447
396
958
1178
1181
1128
1451
2296
3118
3608
3179
2737
2916
3304
3507
3356
3315
3319
2942
2567
2023
1700
1742
2181
2031
1270
849
471
605
932
887
672
534
399
576
1317
1303
682
896
1830
2079
1680
1522
1972
2501
1465
-168
76
2503
3408
1099
-1343
-1246
795
744
-1413
-2365
-978
-417
-2774
-4701
-3962
-1998
-2191
-4011
-4720
-4288
-4200
-4668
-3843
-2581
-2913
-4299
-4516
-2844
-1374
-1465
-2191
-1654
-403
-247
-989
-1052
252
1738
1749
514
-242
206
906
1426
1634
1417
636
-380
-434
448
1033
338
-480
-557
-416
-893
-1824
-1777
-835
-642
-1902
-3122
-2926
-2218
-2007
-2534
-2732
-2724
-3112
-3401
-3028
-2241
-1970
-2037
-2212
-2029
-1514
-1027
-527
126
782
1146
1175
1338
2214
3329
3803
3764
4064
4525
4549
4412
4732
5405
5520
4847
4361
4225
4124
3831
3741
3888
3339
2864
2297
2381
2184
2063
2129
2006
2162
1666
1902
1996
2232
2132
2385
2838
2674
2528
2624
3230
2935
1522
307
1453
3607
3760
736
-1681
-858
1148
550
-2020
-2428
-1072
-1100
-3947
-5713
-4367
-2386
-2986
-5105
-5824
-5411
-5305
-5393
-4478
-3444
-3927
-5297
-5177
-3282
-1901
-2078
-2502
-1838
-742
-573
-1152
-937
664
2003
1768
420
-276
450
1539
1873
1648
1253
452
-451
-409
356
736
117
-930
-1293
-1459
-1721
-2190
-2213
-2303
-2575
-2781
-3258
-3747
-4257
-3970
-3142
-3010
-4020
-5039
-4369
-3406
-3047
-3336
-3427
-2850
-2439
-2141
-2059
-1483
-911
-67
770
836
728
1086
2145
3091
3659
3700
3472
3637
4017
4612
4855
4570
4315
4475
4394
3630
3264
3477
3799
3665
3047
2327
1976
2194
2413
2746
2676
2277
2056
2253
2511
2837
3389
3435
3357
3475
3724
3903
4041
3670
2684
2264
3164
4643
4362
1771
-101
1078
2570
1244
-1065
-1043
289
-469
-3355
-4763
-3149
-1673
-2759
-4878
-5649
-5329
-4997
-4776
-4384
-4054
-4555
-5374
-5108
-3634
-2481
-2453
-2758
-2432
-1499
-1135
-1518
-1226
315
1541
1136
-210
-748
290
1597
1839
1286
733
188
-200
-110
301
704
388
-538
-1391
-1568
-1457
-1618
-2187
-2610
-2212
-2216
-3349
-4527
-4331
-3058
-2589
-3691
-4956
-4465
-3528
-3587
-3700
-3221
-2532
-2396
-2576
-2481
-1527
-680
-395
396
1153
1167
1003
1600
2725
3840
4184
3592
3626
4250
4637
4705
4777
4821
4814
4629
3803
3385
3546
3662
3538
3140
2530
1955
1999
2069
2204
2350
2155
1964
1877
2106
2422
2870
2989
3026
3460
3768
3957
3828
3538
3050
2700
3060
4067
4702
3329
1218
624
1594
2078
914
-282
-368
-341
-1902
-3734
-3533
-2192
-1968
-3583
-5271
-5697
-5139
-4547
-4229
-3857
-4148
-4930
-5189
-4346
-3021
-2166
-1933
-2105
-1962
-1725
-1491
-878
153
1098
1170
403
-565
-377
812
1670
1556
747
-28
-549
-690
-636
-99
230
-533
-1879
-2781
-2672
-2274
-2371
-3319
-3769
-3486
-3758
-4671
-5455
-4956
-3860
-3653
-5000
-5848
-4970
-4174
-3903
-3768
-3301
-2844
-2624
-2608
-2093
-823
-279
115
924
1530
1604
1812
2559
3599
4730
4606
3981
4218
4930
5339
5366
5229
4945
4971
4610
3962
3863
3848
3542
3219
2989
2430
2026
1889
1850
2199
2332
1913
1523
1736
2203
2539
2665
2675
3129
3730
3693
3368
3151
2883
2544
2817
3811
4307
3290
1279
487
1406
2058
1204
-156
-590
-739
-1664
-3083
-3432
-2539
-2319
-3510
-5109
-5656
-5302
-4718
-4324
-4244
-4396
-5030
-5356
-4655
-3190
-2218
-2281
-2533
-2308
-1612
-1243
-909
-37
1008
1304
540
-94
156
1185
1986
2009
1448
545
-96
-194
455
1089
769
-400
-1496
-1739
-1669
-1799
-2413
-2906
-2841
-3123
-4166
-5239
-5105
-4120
-3674
-4584
-5899
-5880
-5016
-4465
-4293
-3973
-3557
-3338
-3245
-2949
-1933
-866
-287
222
853
1287
1618
2331
3383
4544
5002
4551
4353
5074
6062
6422
6127
5639
5565
5694
5376
4919
4717
4569
4216
3757
3308
3000
2860
2715
2729
2795
2494
2025
2005
2508
2983
3066
2901
3060
3739
4137
3974
3572
3212
2924
2974
3790
4602
4259
2557
1085
1279
2200
2180
944
-35
-264
-798
-2123
-3130
-2661
-1876
-2406
-4318
-5751
-5533
-4620
-4209
-4485
-4766
-5059
-5330
-5133
-4266
-3124
-2728
-2928
-2905
-2353
-1877
-1677
-1098
-81
814
458
-655
-975
36
1325
1536
835
-209
-669
-670
-468
-48
-116
-859
-2004
-2604
-2829
-2843
-3188
-4058
-4219
-4211
-4834
-6187
-6697
-5914
-5044
-5313
-7033
-7511
-6446
-5524
-5545
-5561
-4928
-4359
-3884
-3956
-3325
-1913
-976
-509
116
1002
1393
2048
2913
4021
5199
5276
4881
5162
6310
6943
6932
6658
6379
6681
6540
5879
5477
5561
5405
4836
4399
3850
3677
3677
3491
3400
3191
2894
2669
2984
3218
3282
3507
3560
3907
4225
4381
4210
3771
3165
2740
3699
4851
4807
3198
1375
1231
2137
2522
1357
345
128
-382
-1606
-2855
-2583
-1722
-1858
-3629
-5286
-5324
-4669
-4099
-4226
-4463
-4772
-5072
-4972
-4317
-3109
-2582
-2623
-2687
-2240
-1602
-1343
-921
-18
1194
1171
77
-505
315
1810
2266
1681
742
328
214
282
706
810
397
-676
-1611
-2074
-2161
-2562
-3301
-3459
-3675
-4476
-5952
-6719
-6103
-5220
-5657
-7367
-8000
-7413
-6715
-6622
-6695
-6244
-5682
-5424
-5607
-5008
-3785
-2752
-2015
-1537
-1003
-443
471
1449
2640
3592
3684
3646
4103
5080
5825
6090
5930
5885
6038
5724
5338
5311
5495
5291
4741
4099
3771
3886
3835
3652
3507
3415
3171
3140
3299
3541
3926
4081
4201
4390
4717
4983
5303
5186
4121
3260
3622
5339
6355
5101
2551
1382
2449
3262
2687
1441
999
713
-755
-2493
-2703
-1206
-839
-2536
-4789
-5702
-5019
-4270
-3925
-4099
-4445
-5237
-5769
-5022
-3579
-2452
-2574
-3037
-2938
-2209
-1627
-1356
-388
777
1152
234
-706
-237
1343
2543
2172
1209
483
219
377
808
1346
1286
400
-1093
-2009
-1927
-1843
-2185
-2772
-3271
-4096
-5129
-5868
-5778
-5084
-5264
-6471
-7454
-7350
-6802
-6467
-6317
-6233
-5788
-5424
-5437
-5186
-4216
-3009
-2190
-1574
-1226
-699
228
1213
2210
3129
3620
3594
3902
4616
5335
5904
5943
5670
5483
5422
5136
4995
5061
4786
4247
3627
3233
3205
3214
2814
2426
2475
2404
2169
2127
2361
2734
2988
2997
2993
3465
3961
4147
3827
2961
2128
2525
4136
5223
4369
2074
608
1258
2463
2281
1161
563
216
-948
-2519
-2912
-1679
-863
-2129
-4447
-5506
-5007
-4176
-3752
-3744
-4012
-4620
-5239
-4974
-3568
-2146
-1949
-2440
-2585
-2086
-1361
-795
-75
888
1493
904
-73
37
1425
2892
3001
2013
1027
810
1042
1406
1966
2113
1490
143
-926
-1227
-1089
-1012
-1353
-1838
-2817
-4027
-4875
-4740
-4050
-4165
-5145
-6276
-6548
-6254
-5889
-5574
-5356
-5081
-5185
-5210
-4786
-3788
-2767
-2056
-1422
-1026
-573
5
1003
2249
3182
3554
3520
3826
4396
5117
5716
5992
5967
5522
5063
4882
5259
5592
5297
4549
3795
3591
3646
3714
3620
3449
3198
2867
2769
2918
3236
3527
3635
3752
3897
4182
4348
4478
4270
3561
2729
2765
4186
5452
4624
2021
339
1063
2408
2201
750
-74
-302
-1418
-3138
-3576
-2225
-1470
-2927
-5424
-6547
-5852
-4828
-4498
-4782
-5207
-5801
-6293
-5910
-4543
-3151
-2922
-3582
-3983
-3411
-2416
-1734
-1053
-280
48
-653
-1452
-1004
569
1819
1616
646
-141
-361
-154
422
1213
1382
508
-1019
-1932
-1857
-1415
-1204
-1492
-2090
-3233
-4413
-4879
-4305
-3584
-3893
-4941
-5935
-6145
-5828
-5303
-4759
-4465
-4451
-4783
-4745
-4103
-2957
-1856
-1145
-782
-712
-328
516
1815
3043
3693
3831
3738
4026
4635
5544
6284
6514
6210
5462
4984
5084
5732
6036
5522
4584
3823
3766
3927
4069
3955
3736
3450
3031
2899
3061
3601
4009
4059
4009
4103
4469
4718
4776
4049
2912
2611
4047
5941
5569
2924
641
1051
2657
2819
1661
819
536
-763
-2590
-2987
-1555
-557
-1950
-4365
-5699
-5316
-4477
-4009
-3892
-4271
-5149
-6069
-5841
-4399
-2913
-2614
-3293
-3664
-3403
-2827
-2253
-1310
-158
173
-801
-2057
-1845
-232
1319
1568
628
-517
-1220
-1147
-456
501
908
198
-1300
-2613
-2883
-2336
-1626
-1574
-2392
-3787
-5068
-5368
-4781
-4038
-4083
-4916
-5944
-6606
-6528
-5837
-4867
-4366
-4559
-5074
-5274
-4684
-3516
-2232
-1398
-1063
-1127
-1094
-405
904
2380
3252
3355
3082
3148
3718
4555
5528
6168
6134
5294
4359
4292
5175
6083
5926
5002
4126
3738
3710
4024
4607
4868
4400
3427
3018
3577
4432
4903
4910
4996
5169
5174
5112
5523
5690
4646
3391
3940
6257
7200
4953
1734
1120
2975
3837
2626
1405
1269
470
-1727
-3041
-1807
124
-555
-3521
-5637
-5314
-4081
-3750
-3955
-3995
-4303
-5400
-6225
-5299
-3177
-2070
-2854
-3830
-3649
-2882
-2496
-2109
-879
385
-22
-1957
-2894
-1493
730
1643
835
-438
-1247
-1569
-1413
-489
722
821
-741
-2793
-3603
-2908
-1872
-1615
-2230
-3276
-4581
-5601
-5623
-4605
-3691
-4057
-5437
-6607
-6683
-6000
-5157
-4464
-4132
-4281
-4861
-5142
-4388
-2744
-1284
-769
-955
-1173
-904
-57
1268
2636
3396
3187
2545
2480
3252
4431
5328
5513
4920
3881
3224
3516
4523
5186
4769
3653
2708
2377
2654
3321
3860
3717
2918
2187
2198
2903
3722
4201
4341
4340
4288
4131
4446
5071
4812
3591
3149
4766
6638
6036
3147
1234
2157
3664
3379
2232
1947
1567
-345
-2323
-1985
212
915
-1384
-4285
-4938
-3676
-2742
-2851
-3188
-3377
-3974
-4886
-4849
-3249
-1585
-1615
-2678
-3007
-2301
-1720
-1651
-1047
361
998
-318
-1963
-1738
138
1677
1583
505
-404
-929
-1242
-856
387
1254
446
-1712
-3389
-3295
-2018
-1248
-1738
-2792
-3877
-4826
-5263
-4810
-3865
-3469
-4256
-5672
-6301
-5725
-4783
-4120
-3749
-3588
-3687
-3949
-3998
-3150
-1446
-66
159
-245
-361
134
1160
2361
3403
3964
3693
2938
2783
3762
5071
5712
5303
4189
3325
3290
3853
4433
4611
4051
3008
2205
2096
2646
3381
3614
3002
2265
2078
2408
3008
3614
4064
4198
4139
3905
3934
4664
5126
4168
2606
2754
4900
6512
5203
2146
743
1664
2534
2093
1757
1915
787
-1928
-3777
-2688
-295
4
-2439
-4946
-5437
-4686
-4056
-3748
-3422
-3481
-4505
-5779
-5617
-3669
-1989
-2118
-3086
-3231
-2574
-2332
-2452
-1699
-38
576
-850
-2466
-2224
-476
802
673
-100
-725
-1385
-2087
-1809
-318
798
-18
-2255
-3933
-3796
-2459
-1616
-1925
-2867
-4009
-4941
-5133
-4470
-3618
-3363
-4057
-5233
-5703
-5087
-4088
-3358
-3019
-3022
-3102
-3046
-2883
-2194
-812
428
748
549
563
980
1784
2720
3605
4270
4219
3470
3128
3945
5109
5557
5031
4056
3450
3483
3781
3990
4076
3703
2829
2126
2112
2626
3119
3118
2640
2359
2494
2717
2977
3401
3908
4256
4430
4475
4621
5092
5207
4283
3092
3291
5116
6584
5680
3091
1535
1958
2612
2257
1918
2161
1541
-750
-2953
-2827
-1018
-312
-1782
-3701
-4434
-4409
-4456
-4291
-3514
-2911
-3576
-5009
-5379
-3982
-2398
-2120
-2605
-2604
-2166
-2197
-2456
-1788
-227
463
-684
-2087
-1879
-454
338
-72
-655
-845
-1230
-2007
-2162
-1244
-484
-1192
-2890
-4036
-3943
-3255
-2993
-3362
-3985
-4667
-5284
-5530
-5187
-4667
-4554
-5020
-5626
-5693
-5150
-4449
-3929
-3573
-3362
-3195
-2862
-2320
-1535
-617
139
545
860
1389
2073
2733
3225
3646
4135
4485
4480
4448
4777
5182
5166
4748
4403
4370
4343
3997
3532
3330
3258
3020
2733
2638
2654
2580
2437
2408
2598
2801
2893
3072
3458
3848
4086
4367
4867
5403
5711
5753
5469
4675
3768
3896
5439
6865
6281
3980
2124
1807
1958
1716
1831
2427
1822
-866
-3629
-3971
-2263
-1092
-1855
-3529
-4794
-5535
-5853
-5304
-3972
-3124
-3801
-5249
-5687
-4545
-3116
-2607
-2607
-2302
-1934
-2038
-2125
-1362
-101
331
-399
-990
-471
379
463
-1
-206
-168
-468
-1014
-1106
-728
-782
-1743
-2917
-3435
-3268
-3024
-3244
-3957
-4764
-5318
-5547
-5491
-5267
-5175
-5455
-6005
-6386
-6134
-5274
-4436
-4149
-4283
-4320
-3860
-2923
-1924
-1203
-744
-393
-14
611
1570
2549
3096
3161
3176
3543
4126
4516
4700
4822
4713
4267
3859
3908
4203
4116
3456
2707
2339
2281
2308
2401
2447
2193
1721
1451
1649
2141
2551
2769
2962
3173
3321
3585
4209
5058
5655
5731
5595
5321
4663
3894
4054
5516
6840
6387
4350
2469
1705
1500
1462
2006
2696
1883
-835
-3508
-4059
-2732
-1511
-1701
-2972
-4431
-5601
-6001
-5232
-3837
-3089
-3605
-4608
-4848
-4018
-2986
-2477
-2193
-1715
-1239
-1085
-991
-542
78
341
132
135
690
1192
1074
493
65
-49
-15
13
-21
-202
-845
-1818
-2646
-2889
-2688
-2635
-2995
-3734
-4404
-4811
-5036
-5065
-4951
-4822
-4965
-5305
-5472
-5132
-4431
-3896
-3678
-3542
-3139
-2490
-1752
-1052
-481
14
461
1059
1900
2852
3498
3626
3592
3784
4347
4902
5191
5235
5080
4726
4222
3972
4048
4167
3859
3091
2290
1826
1816
1954
2056
1834
1319
844
767
1176
1678
2029
2026
1955
2020
2442
3182
3904
4436
4434
4331
4250
4053
3545
2993
3251
4232
5201
4874
3248
1290
-23
-329
95
1003
1273
256
-2009
-4370
-5359
-4769
-3415
-2823
-3483
-5116
-6674
-7023
-6141
-4875
-4387
-4652
-4968
-4650
-3906
-3511
-3403
-3064
-2207
-1332
-842
-604
-339
-32
-38
-208
46
875
1611
1649
1015
263
-157
-197
47
278
225
-453
-1472
-2307
-2690
-2809
-3030
-3200
-3386
-3555
-4073
-4819
-5234
-5249
-4896
-4711
-4575
-4452
-4284
-4072
-3962
-3563
-2945
-2099
-1359
-758
-209
168
597
1091
1963
3070
4025
4477
4428
4410
4628
5130
5646
6025
6175
5953
5400
4789
4525
4637
4680
4304
3560
2842
2498
2376
2393
2303
2109
1764
1423
1461
1720
2174
2262
2230
2260
2554
3218
3685
4263
4426
4464
4453
4446
4501
3911
3268
2817
3504
4637
4811
3554
1221
-365
-988
-549
-4
73
-446
-2105
-4082
-5724
-5814
-4830
-4029
-4292
-5687
-6740
-6933
-6264
-5717
-5675
-5798
-5636
-4749
-3849
-3321
-3379
-3470
-3134
-2370
-1355
-602
-39
129
-66
-423
-517
-21
732
1314
1214
646
-52
-523
-640
-597
-603
-951
-1484
-2046
-2493
-2957
-3488
-3904
-4003
-3830
-3889
-4246
-4710
-4949
-4946
-4852
-4605
-4208
-3624
-3156
-2920
-2726
-2333
-1619
-753
130
786
1243
1665
2242
3093
3940
4548
4865
5097
5409
5719
5961
6114
6205
6126
5814
5427
5092
4935
4748
4351
3721
2946
2405
2125
2153
2208
2065
1734
1250
1098
1120
1384
1646
1860
2249
2464
2772
2887
3212
3765
4181
4640
4695
4835
4551
3781
2882
2369
3405
4725
5248
3923
1483
-338
-1227
-804
-325
-12
-353
-1720
-3396
-5050
-5393
-5033
-4680
-4840
-5515
-5700
-5682
-5392
-5409
-5754
-5976
-5827
-4728
-3321
-2240
-2148
-2813
-3237
-2906
-1789
-587
335
723
561
34
-430
-402
58
602
793
683
253
-286
-838
-1349
-1723
-2234
-2653
-2979
-3072
-3243
-3902
-4679
-5383
-5577
-5604
-5606
-5487
-5465
-5505
-5850
-5976
-5622
-4882
-4090
-3668
-3239
-2728
-1998
-1217
-586
36
589
1314
2230
3258
4092
4449
4576
4707
5082
5562
5931
6190
6228
6052
5693
5303
5040
4845
4660
4357
3902
3353
2788
2460
2352
2399
2441
2285
2127
1984
1968
2042
2156
2476
2902
3475
3859
4015
4146
4291
4710
5089
5407
5487
5134
4411
3242
2716
3355
4709
5351
4113
1839
-334
-1250
-1139
-697
-325
-699
-1725
-3428
-4822
-5204
-4992
-4816
-5335
-5793
-5800
-5352
-4843
-4836
-5106
-5659
-5788
-5018
-3471
-1838
-1301
-1705
-2368
-2354
-1564
-584
368
900
1090
846
477
419
516
673
578
469
409
273
37
-473
-1063
-1891
-2761
-3283
-3317
-3003
-3018
-3459
-4205
-4938
-5443
-5662
-5364
-4871
-4536
-4577
-4702
-4490
-4024
-3454
-2988
-2516
-1943
-1253
-418
404
1088
1493
1796
2321
3108
3937
4519
4825
4943
4911
4788
4781
5050
5301
5177
4717
4140
3653
3291
3038
2892
2610
2024
1255
701
656
936
1087
938
829
794
838
988
1186
1545
1969
2411
2760
3156
3660
4073
4371
4447
4486
4436
4188
3581
2617
2163
2685
3850
4375
3371
1287
-906
-2115
-2273
-1745
-1192
-1283
-2175
-3688
-4858
-5262
-5259
-5467
-6043
-6304
-5941
-5052
-4218
-3902
-4181
-4908
-5299
-4791
-3344
-1682
-648
-293
-334
-346
-300
-137
294
923
1566
1813
1743
1553
1326
1133
865
565
141
-309
-582
-640
-671
-1173
-2163
-3309
-4135
-4383
-4182
-3757
-3631
-4073
-4899
-5541
-5520
-5070
-4588
-4291
-4027
-3642
-3113
-2419
-1771
-1311
-1084
-759
47
1175
2207
2812
3148
3472
3858
4286
4698
5135
5368
5265
5048
5114
5466
5536
5128
4389
3668
3227
3090
3225
3272
2864
1907
880
448
745
1289
1489
1455
1381
1332
1382
1459
1680
2014
2399
2765
3230
3972
4634
4895
4663
4274
3990
3671
3160
2353
1922
2302
3223
3758
2961
1032
-1306
-2951
-3429
-2985
-2280
-2154
-2779
-3964
-5021
-5555
-5826
-6190
-6796
-7101
-6730
-5712
-4467
-3671
-3595
-4256
-4986
-5020
-4086
-2476
-967
134
670
747
565
337
432
808
1368
1756
1855
1849
1783
1754
1546
1052
200
-825
-1454
-1451
-1000
-835
-1419
-2602
-3915
-4763
-4939
-4501
-3952
-3866
-4299
-4887
-5011
-4624
-4122
-3790
-3609
-3296
-2741
-1873
-887
-105
283
370
661
1371
2336
3191
3731
4074
4329
4579
4819
5031
5147
4988
4676
4507
4640
4798
4642
4150
3436
2763
2268
2046
2019
1889
1473
841
442
509
877
1147
1189
1179
1180
1329
1593
2086
2736
3276
3576
3695
4056
4595
5082
5249
5094
4785
4091
3091
1977
1532
2004
2810
3106
2155
370
-1729
-3217
-3758
-3520
-3108
-3368
-4186
-5126
-5453
-5269
-5153
-5576
-6528
-7251
-7192
-6106
-4439
-3066
-2591
-3088
-3747
-3805
-3037
-1787
-667
137
544
753
928
1169
1447
1471
1178
623
128
7
282
817
1084
709
-446
-1944
-3068
-3494
-3323
-3185
-3401
-3998
-4638
-4959
-4933
-4722
-4751
-5102
-5495
-5461
-4744
-3700
-2753
-2220
-1996
-1843
-1514
-861
-35
796
1477
2077
2665
3234
3699
3987
4179
4323
4453
4536
4610
4688
4770
4816
4752
4488
3988
3406
2950
2771
2712
2590
2267
1798
1334
965
850
944
1222
1443
1529
1674
1887
2275
2511
2693
2866
3183
3671
4087
4673
5169
5670
5818
5594
5128
4199
3017
1509
668
900
2034
3137
2892
1381
-1218
-3547
-4955
-5043
-4175
-3555
-3549
-4366
-4946
-5016
-4779
-4840
-5628
-6523
-7012
-6343
-4624
-2538
-974
-762
-1437
-2261
-2374
-1667
-596
568
1373
1885
2057
2146
2315
2329
2001
1114
26
-790
-985
-390
482
1055
578
-1009
-2970
-4469
-4890
-4624
-4211
-4152
-4489
-4800
-4884
-4538
-4176
-4138
-4503
-4985
-4847
-4017
-2645
-1377
-569
-240
-262
-184
77
630
1246
1785
2222
2510
2818
3095
3344
3483
3409
3155
2758
2442
2342
2468
2712
2783
2558
2041
1503
1211
1143
1211
1137
894
572
362
506
899
1484
1932
2139
2223
2299
2663
3045
3458
3711
3906
4198
4484
4986
5377
5792
5934
5708
5121
3996
2677
1095
-2
-247
416
1444
1634
804
-1200
-3308
-4873
-5489
-5190
-4778
-4426
-4573
-4609
-4335
-3846
-3563
-4033
-4790
-5470
-5322
-4204
-2441
-614
381
575
191
-126
-126
94
535
921
1323
1565
1732
1820
1713
1346
532
-566
-1726
-2558
-2787
-2463
-1860
-1544
-1904
-2937
-4222
-5197
-5641
-5605
-5349
-5059
-4749
-4371
-3801
-3146
-2567
-2241
-2176
-2120
-1839
-1118
-67
1089
2089
2708
2935
2840
2694
2685
2866
3174
3402
3480
3365
3226
3190
3228
3248
2999
2524
1935
1526
1480
1665
1909
1868
1590
1244
1092
1250
1419
1513
1310
1076
1052
1429
2276
3077
3695
3808
3735
3665
3710
4012
4234
4592
4768
4954
5115
5255
5526
5427
5075
4012
2431
498
-1361
-2188
-2050
-976
-194
-292
-1521
-3584
-5332
-6489
-6518
-6108
-5655
-5473
-5509
-5053
-4323
-3393
-3012
-3240
-3787
-4324
-4082
-3094
-1415
155
1105
1447
1248
1060
853
848
955
985
972
738
585
456
312
-31
-858
-1939
-3175
-4044
-4361
-4147
-3620
-3476
-3762
-4562
-5339
-5777
-5900
-5608
-5319
-4859
-4433
-3858
-3052
-2250
-1425
-966
-546
-196
297
982
1673
2528
3158
3630
3713
3531
3280
2974
2937
2960
3065
2965
2638
2250
1887
1803
1729
1656
1388
998
728
621
818
1024
1139
1111
1045
1168
1420
1805
2084
2231
2306
2466
2948
3551
4265
4832
5245
5517
5543
5545
5407
5400
5439
5517
5672
5703
5788
5575
5184
4366
3004
1137
-1108
-2562
-3015
-2282
-1298
-954
-1556
-3247
-4773
-5805
-5805
-5297
-5025
-5132
-5610
-5313
-4304
-2752
-1519
-1188
-1493
-2303
-2577
-2194
-1075
175
932
1336
1341
1454
1477
1465
1311
810
151
-760
-1504
-1976
-2209
-2350
-2779
-3477
-4437
-5352
-5919
-6056
-5835
-5769
-6020
-6585
-7042
-7013
-6604
-5812
-5105
-4538
-4160
-3816
-3140
-2344
-1357
-528
188
860
1456
2097
2626
3242
3656
3866
3803
3445
3086
2712
2637
2661
2676
2503
2003
1488
1077
988
1036
1049
917
672
544
599
928
1292
1523
1585
1588
1743
2090
2628
3167
3591
3876
4148
4421
4762
5213
5663
6126
6329
6386
6286
6166
6128
6000
5948
5707
5546
5323
4995
4493
3368
1745
-667
-2755
-3846
-3693
-2608
-1886
-1742
-2806
-4114
-5063
-5340
-4809
-4453
-4272
-4658
-4610
-3722
-2240
-570
278
553
125
-233
-179
276
1109
1591
1924
1976
2097
2265
2236
2081
1511
729
-333
-1501
-2499
-3273
-3741
-4166
-4668
-5318
-6095
-6717
-7037
-6955
-6736
-6713
-6965
-7423
-7573
-7315
-6586
-5595
-4687
-3886
-3348
-2702
-1985
-1150
-291
356
921
1270
1653
1988
2477
3035
3397
3543
3185
2609
1863
1317
1039
864
732
357
-3
-311
-317
-110
111
222
84
-38
-83
177
647
1158
1550
1770
2020
2316
2787
3314
3843
4234
4505
4729
4908
5229
5563
5965
6214
6274
6206
5998
5908
5689
5518
5255
4953
4749
4327
3851
2768
1283
-729
-2781
-3901
-4126
-3267
-2623
-2344
-2809
-3659
-4045
-4179
-3610
-3273
-3039
-3147
-3180
-2441
-1288
305
1285
1836
1857
1704
1794
1908
2303
2384
2329
2100
1936
1979
1965
1922
1536
841
-237
-1549
-2823
-3868
-4566
-5098
-5694
-6392
-7097
-7514
-7493
-7073
-6532
-6343
-6516
-6987
-7170
-6921
-6206
-5224
-4342
-3402
-2643
-1656
-687
322
1130
1529
1783
1771
2003
2178
2535
2865
3063
3145
2884
2587
2059
1613
1061
479
-110
-698
-1000
-1103
-810
-429
-13
262
425
605
777
1055
1290
1600
1907
2321
2841
3405
3948
4388
4792
5088
5378
5524
5679
5789
5936
6057
6018
6001
5804
5737
5502
5319
5051
4656
4325
3619
2952
1633
-36
-2160
-4100
-4971
-5074
-4284
-3971
-3912
-4396
-4816
-4698
-4414
-3662
-3410
-3190
-3228
-2874
-1786
-365
1249
2143
2724
2859
3031
3317
3584
3865
3680
3349
2852
2584
2464
2398
2183
1597
685
-595
-1880
-3112
-4019
-4841
-5653
-6630
-7543
-8078
-8164
-7723
-7283
-6893
-6931
-7003
-7022
-6755
-6254
-5826
-5256
-4781
-3849
-2863
-1650
-577
227
889
1148
1553
1696
1939
1888
1737
1604
1403
1469
1345
1310
995
641
169
-428
-932
-1496
-1733
-1865
-1646
-1287
-808
-227
301
905
1341
1833
2238
2696
3138
3510
3919
4214
4610
5014
5526
5998
6326
6537
6628
6730
6774
6739
6605
6401
6190
6016
5789
5627
5391
5168
4764
4108
3111
1433
-620
-2893
-4317
-4825
-4530
-4100
-4088
-4133
-4325
-3995
-3639
-3185
-2960
-3003
-2965
-2842
-1969
-769
675
1729
2401
2928
3325
3858
4159
4319
4021
3451
2838
2392
2249
2081
1793
1138
343
-568
-1506
-2463
-3497
-4539
-5695
-6816
-7797
-8350
-8476
-8294
-8039
-7859
-7680
-7479
-7093
-6645
-6179
-5863
-5604
-5240
-4629
-3692
-2708
-1684
-822
-18
674
1220
1658
1812
1798
1535
1256
1027
869
774
602
443
275
154
-35
-354
-801
-1281
-1618
-1729
-1602
-1313
-897
-400
206
831
1506
2161
2751
3253
3540
3775
3900
4175
4562
5037
5547
5835
6156
6338
6633
6836
6881
6859
6619
6519
6224
6062
5835
5601
5416
4922
4411
3307
1813
-203
-2178
-3394
-3949
-3865
-4040
-4192
-4294
-4074
-3507
-3072
-2552
-2292
-2017
-1928
-1732
-1089
-151
1076
1937
2619
3145
3754
4485
4983
5198
4849
4307
3736
3349
3064
2525
1872
1076
389
-331
-1208
-2148
-3146
-3996
-4937
-5914
-6842
-7546
-7800
-7848
-7674
-7499
-7213
-6815
-6426
-6002
-5783
-5510
-5250
-4817
-4239
-3683
-3017
-2423
-1643
-929
-301
134
274
322
143
-8
-258
-492
-739
-1038
-1252
-1458
-1497
-1547
-1593
-1701
-1851
-1938
-2008
-1989
-1899
-1662
-1294
-834
-337
214
843
1558
2253
2834
3264
3539
3819
4052
4350
4616
4878
5186
5456
5773
5948
6138
6279
6442
6585
6551
6487
6244
6032
5724
5376
4881
3870
2318
266
-1470
-2462
-2719
-2757
-3043
-3293
-3320
-2893
-2325
-1771
-1241
-873
-722
-894
-884
-330
763
1901
2564
2900
3248
3973
4914
5633
5775
5253
4462
3769
3359
3004
2412
1616
772
42
-662
-1392
-2034
-2563
-3133
-4034
-5190
-6215
-6730
-6740
-6659
-6721
-6846
-6717
-6267
-5721
-5320
-5132
-4982
-4783
-4476
-4103
-3690
-3173
-2563
-1890
-1304
-858
-514
-240
-75
-111
-316
-597
-835
-1032
-1260
-1497
-1622
-1546
-1382
-1297
-1342
-1403
-1378
-1273
-1141
-1022
-864
-630
-304
80
485
955
1506
2099
2589
2893
3075
3246
3471
3670
3813
3916
4022
4158
4318
4570
4891
5235
5459
5534
5546
5515
5444
5248
4955
4411
3288
1524
-399
-1656
-2055
-2153
-2507
-3018
-3112
-2655
-1981
-1455
-1028
-553
-214
-227
-372
-49
878
1870
2341
2369
2549
3232
4231
5051
5375
5224
4832
4446
4116
3717
3095
2255
1332
423
-427
-1136
-1583
-1811
-2117
-2785
-3702
-4413
-4617
-4531
-4613
-4993
-5356
-5376
-5109
-4852
-4703
-4532
-4247
-3947
-3756
-3613
-3365
-2977
-2598
-2359
-2245
-2099
-1809
-1486
-1362
-1513
-1778
-1971
-2085
-2297
-2693
-3122
-3331
-3267
-3128
-3057
-2975
-2730
-2362
-2018
-1754
-1481
-1117
-734
-435
-201
94
549
1112
1620
1956
2182
2440
2747
3000
3139
3224
3290
3311
3253
3209
3306
3534
3748
3857
3964
4198
4538
4784
4822
4629
4003
2702
886
-740
-1572
-1816
-2089
-2546
-2695
-2167
-1227
-344
343
1030
1670
1913
1753
1779
2413
3280
3628
3372
3229
3757
4738
5579
5975
6010
5873
5621
5281
4843
4244
3381
2261
1022
-90
-889
-1363
-1654
-2034
-2608
-3231
-3534
-3406
-3120
-3082
-3329
-3562
-3507
-3229
-2953
-2782
-2686
-2598
-2546
-2424
-2197
-1884
-1732
-1841
-2103
-2222
-2089
-1879
-1821
-2034
-2440
-2903
-3215
-3378
-3508
-3812
-4291
-4786
-5058
-5010
-4767
-4491
-4286
-4109
-3871
-3432
-2804
-2072
-1435
-976
-658
-348
46
526
1045
1466
1748
1889
2089
2347
2609
2726
2677
2475
2195
1916
1779
1876
2070
2273
2426
2684
2998
3286
3351
3211
2783
1845
380
-1186
-2157
-2498
-2659
-3027
-3226
-2843
-1928
-983
-153
787
1827
2577
2730
2787
3313
4192
4631
4364
4026
4333
5200
5954
6303
6439
6593
6598
6314
5805
5244
4549
3486
2099
709
-272
-815
-1195
-1726
-2416
-2956
-3087
-2831
-2524
-2368
-2291
-2078
-1714
-1319
-942
-540
-113
74
28
-99
74
372
481
211
-136
-218
-116
-106
-411
-851
-1345
-1850
-2487
-3062
-3528
-3918
-4478
-5163
-5693
-5873
-5777
-5710
-5748
-5755
-5530
-5068
-4473
-3867
-3282
-2696
-2156
-1655
-1188
-642
-44
481
801
981
1257
1608
1969
2045
1985
1743
1533
1192
971
813
882
976
1079
1285
1517
1845
1854
1710
950
-101
-1719
-3062
-4158
-4741
-5351
-5826
-5853
-5241
-4064
-2903
-1473
-80
1486
2396
3065
3575
4456
5096
5133
4755
4626
5208
5915
6502
6755
7202
7598
7789
7544
7111
6590
5694
4367
2693
1299
237
-543
-1419
-2340
-3018
-3316
-3152
-2891
-2518
-2218
-1771
-1334
-839
-355
155
711
1095
1378
1457
1749
2079
2486
2568
2464
2320
2259
2205
1880
1446
870
378
-267
-896
-1538
-1999
-2517
-3185
-3915
-4489
-4726
-4909
-5080
-5283
-5257
-5064
-4727
-4370
-3922
-3388
-2846
-2383
-2006
-1520
-937
-332
87
384
677
1105
1509
1706
1684
1509
1274
929
598
328
324
382
556
731
1063
1442
1693
1536
780
-465
-2126
-3634
-5015
-6016
-7081
-7789
-8075
-7565
-6625
-5406
-3952
-2360
-752
370
1367
2215
3286
3854
3907
3534
3558
4061
4666
5083
5349
5942
6549
7067
7168
7201
6956
6272
4994
3476
2173
982
-204
-1598
-2742
-3495
-3701
-3606
-3286
-2765
-2148
-1446
-822
-144
464
1023
1342
1550
1770
2090
2485
2774
3066
3293
3594
3803
3917
3841
3572
3152
2579
1929
1206
548
-173
-848
-1543
-2064
-2434
-2687
-2921
-3175
-3352
-3456
-3443
-3521
-3608
-3705
-3647
-3552
-3330
-3007
-2584
-2133
-1726
-1255
-765
-244
89
398
592
776
752
607
379
100
-184
-553
-694
-724
-464
-219
184
555
986
1132
811
-3
-1348
-2740
-4195
-5354
-6667
-7760
-8618
-8713
-8281
-7479
-6314
-4844
-3066
-1599
-229
886
2207
3114
3488
3194
2933
3067
3382
3684
3795
4299
4975
5849
6408
6898
7151
7060
6368
5201
3989
2733
1490
-38
-1458
-2618
-3205
-3379
-3204
-2785
-2161
-1329
-462
446
1214
1907
2359
2630
2752
2874
3060
3192
3256
3229
3320
3499
3737
3835
3767
3562
3271
2876
2289
1629
888
138
-662
-1374
-1896
-2141
-2216
-2234
-2210
-2124
-1917
-1744
-1730
-1906
-2088
-2231
-2351
-2454
-2461
-2301
-2018
-1674
-1273
-797
-303
108
429
651
770
725
538
224
-136
-521
-863
-1031
-1083
-930
-661
-207
297
768
915
648
-136
-1295
-2529
-3772
-5000
-6461
-7779
-8721
-8997
-8859
-8281
-7252
-5823
-4297
-2920
-1523
-123
1239
2040
2244
1998
1883
1946
2036
2007
1993
2312
2898
3652
4335
5042
5572
5757
5390
4722
3954
3031
1834
315
-1161
-2364
-3127
-3526
-3566
-3322
-2743
-1883
-885
147
1093
1946
2577
2972
3146
3264
3337
3300
3137
3000
3072
3261
3470
3649
3861
4069
4217
4188
3941
3521
2990
2361
1614
847
202
-272
-671
-999
-1172
-1098
-859
-632
-485
-348
-203
-116
-134
-212
-262
-256
-252
-257
-236
-105
183
532
829
1010
1092
1109
1059
899
659
328
-12
-246
-369
-413
-382
-285
-323
-835
-1868
-2899
-3623
-4289
-5374
-6771
-7881
-8475
-8870
-9172
-8981
-8165
-7103
-6194
-5202
-3756
-2024
-609
170
521
836
1225
1458
1366
1012
708
681
862
1119
1497
2020
2477
2587
2413
2279
2154
1684
679
-606
-1798
-2774
-3568
-4154
-4467
-4434
-3979
-3110
-1982
-773
423
1570
2578
3339
3894
4298
4521
4491
4297
4169
4167
4181
4199
4276
4409
4554
4672
4710
4544
4145
3629
3096
2519
1849
1126
487
25
-287
-449
-401
-174
126
435
741
1036
1305
1496
1548
1505
1464
1462
1418
1272
1167
1241
1435
1602
1652
1638
1633
1572
1436
1267
1049
811
621
502
463
519
596
416
-276
-1285
-2108
-2620
-3207
-4193
-5298
-6053
-6514
-6970
-7274
-7075
-6498
-5991
-5580
-4812
-3544
-2221
-1308
-779
-328
174
588
750
621
291
-64
-322
-475
-495
-328
-82
26
-12
70
356
492
157
-522
-1223
-1894
-2674
-3489
-4123
-4523
-4750
-4714
-4265
-3453
-2485
-1524
-594
343
1256
2050
2597
2849
2922
2959
2990
2920
2811
2827
2954
3063
3166
3383
3662
3767
3623
3400
3208
2946
2485
1891
1349
932
629
450
421
540
768
1049
1325
1591
1887
2149
2245
2181
2121
2145
2135
2017
1899
1896
1980
2041
2050
2047
1992
1812
1547
1287
1030
740
440
231
160
203
294
356
292
18
-420
-875
-1271
-1712
-2346
-3115
-3816
-4338
-4697
-4928
-4960
-4766
-4443
-4091
-3616
-2890
-2040
-1356
-961
-724
-532
-407
-434
-623
-902
-1195
-1440
-1613
-1702
-1657
-1463
-1226
-1057
-938
-753
-574
-613
-912
-1329
-1804
-2393
-3070
-3665
-4105
-4431
-4606
-4542
-4246
-3807
-3227
-2509
-1761
-1076
-415
224
732
1069
1337
1605
1838
2021
2246
2580
2978
3403
3846
4266
4593
4819
4959
4970
4823
4574
4307
3999
3641
3352
3240
3256
3274
3284
3343
3421
3454
3448
3419
3304
3073
2855
2740
2628
2420
2255
2182
1919
1312
673
365
118
-539
-1433
-2017
-2255
-2626
-3168
-3370
-3092
-2820
-2798
-2593
-1855
-935
-305
111
574
1068
1418
1568
1557
1398
1151
905
606
203
-119
-213
-290
-599
-936
-1004
-999
-1345
-1990
-2562
-3045
-3730
-4601
-5339
-5870
-6327
-6648
-6667
-6396
-5933
-5253
-4377
-3492
-2654
-1714
-746
-62
281
568
888
998
849
730
772
785
674
628
734
838
835
785
704
503
221
-50
-366
-778
-1165
-1369
-1449
-1519
-1452
-1108
-595
-96
406
1028
1713
2284
2716
3092
3395
3550
3584
3577
3504
3326
3106
2958
2849
2668
2468
2327
2212
2006
1683
1379
1139
867
504
159
-35
-91
-104
-80
62
338
661
933
1157
1370
1557
1632
1582
1462
1333
1209
1063
907
797
782
803
803
772
759
755
650
433
170
-105
-423
-797
-1155
-1424
-1613
-1751
-1816
-1790
-1654
-1448
-1231
-1031
-835
-666
-557
-527
-540
-558
-596
-671
-735
-743
-686
-588
-465
-309
-146
1
104
143
102
-49
-318
-695
-1153
-1649
-2160
-2666
-3132
-3517
-3804
-3980
-4022
-3936
-3751
-3492
-3166
-2784
-2380
-1991
-1618
-1258
-928
-635
-386
-153
64
239
388
527
655
746
798
837
850
818
735
629
511
363
190
32
-99
-215
-315
-370
-376
-352
-285
-171
-13
187
429
712
1022
1355
1700
2052
2389
2681
2931
3125
3240
3276
3242
3141
2984
2802
2623
2453
2313
2227
2209
2238
2307
2397
2484
2528
2500
2375
2150
1807
1355
826
236
-364
-941
-1443
-1827
-2074
-2172
-2104
-1895
-1571
-1160
-711
-260
157
504
765
941
1027
1040
1001
926
850
788
737
709
694
673
637
558
409
173
-163
-585
-1087
-1658
-2265
-2868
-3438
-3935
-4329
-4590
-4710
-4685
-4513
-4212
-3807
-3313
-2764
-2196
-1628
-1079
-576
-127
259
572
817
991
1100
1147
1130
1061
947
784
594
377
144
-95
-331
-548
-741
-905
-1032
-1115
-1162
-1169
-1130
-1053
-945
-805
-634
-433
-204
37
292
557
824
1078
1320
1530
1704
1832
1906
1945
1936
1887
1810
1716
1619
1529
1458
1410
1386
1383
1401
1423
1439
1443
1426
1364
1260
1128
947
732
501
264
38
-175
-352
-484
-572
-617
-626
-605
-559
-503
-445
-398
-369
-353
-351
-358
-371
-381
-376
-349
-318
-267
-198
-135
-82
-46
-40
-72
-150
-268
-419
-601
-798
-991
-1165
-1316
-1412
-1457
-1448
-1379
-1267
-1107
-917
-714
-505
-302
-118
42
170
262
330
368
379
369
332
282
220
140
44
-63
-178
-296
-420
-539
-643
-733
-795
-830
-837
-795
-725
-635
-502
-353
-192
-18
159
331
500
658
806
940
1055
1152
1232
1290
1323
1340
1325
1276
1210
1120
1010
889
765
643
531
440
369
319
290
285
297
322
354
384
411
430
447
451
446
448
447
445
453
471
487
509
532
554
562
555
529
484
409
314
196
58
-92
-246
-398
-540
-665
-769
-858
-924
-967
-1008
-1036
-1056
-1083
-1109
-1142
-1182
-1219
-1257
-1283
-1295
-1284
-1240
-1167
-1058
-921
-760
-578
-396
-204
-23
136
271
380
450
482
486
463
416
348
271
192
112
24
-63
-143
-226
-314
-400
-480
-558
-627
-685
-728
-748
-742
-716
-658
-571
-462
-341
-200
-49
103
248
390
524
644
748
839
915
973
1014
1047
1059
1051
1030
985
921
849
758
661
567
472
378
295
222
159
110
70
41
14
-9
-31
-46
-64
-82
-86
-83
-62
-16
43
116
213
314
423
539
650
751
832
895
928
934
908
856
792
711
624
532
439
344
256
171
82
-4
-89
-176
-263
-347
-436
-522
-605
-674
-728
-767
-784
-780
-750
-702
-633
-558
-478
-394
-313
-238
-177
-132
-110
-107
-120
-159
-214
-277
-347
-417
-484
-549
-607
-655
-698
-729
-749
-758
-767
-764
-747
-719
-684
-650
-606
-552
-491
-434
-374
-317
-266
-222
-185
-157
-142
-128
-117
-109
-100
-85
-59
-29
5
44
85
122
155
180
197
209
215
215
214
214
221
242
274
320
372
429
486
542
587
612
618
601
569
524
462
388
317
252
206
177
173
185
213
262
317
369
415
453
479
501
511
506
495
482
470
464
464
469
476
488
499
500
484
447
392
325
243
146
40
-72
-184
-289
-380
-455
-513
-550
-567
-564
-549
-524
-493
-458
-413
-369
-331
-281
-233
-188
-140
-89
-40
11
62
111
155
180
193
189
173
140
95
41
-16
-75
-134
-185
-234
-274
-306
-334
-360
-385
-409
-429
-445
-461
-470
-475
-475
-466
-444
-412
-381
-346
-311
-277
-250
-237
-234
-237
-244
-245
-244
-238
-217
-178
-127
-63
14
101
194
278
349
414
466
501
516
512
500
484
470
460
450
439
434
432
426
419
390
345
295
237
168
76
-15
-102
-173
-220
-246
-254
-247
-219
-174
-119
-73
-17
24
47
76
96
103
102
104
99
98
107
127
153
180
201
201
176
152
147
134
85
12
-67
-140
-181
-216
-271
-315
-322
-312
-298
-271
-237
-200
-156
-118
-90
-51
-17
-7
-3
-1
16
38
34
8
-11
-11
-2
-11
-50
-93
-117
-136
-155
-165
-177
-190
-191
-185
-183
-164
-127
-122
-134
-130
-115
-104
-86
-76
-83
-57
3
53
76
111
175
240
287
314
320
328
352
360
328
277
254
248
233
206
197
205
208
215
219
214
225
243
207
143
128
124
83
25
-25
-51
-47
-46
-67
-79
-87
-82
-62
-80
-97
-34
-50
-212
-243
-104
-86
-153
-235
-440
-437
-18
130
-281
-515
-376
-165
164
259
-217
-526
-110
307
273
126
-88
-179
174
522
372
117
108
193
352
479
346
127
73
92
134
155
17
-168
-241
-259
-261
-218
-260
-405
-449
-405
-376
-303
-234
-269
-284
-213
-134
-40
51
54
6
13
62
109
150
115
19
-33
-7
45
80
51
-29
-83
-39
57
103
70
1
-40
2
95
130
83
20
13
65
149
217
208
155
170
240
303
335
302
221
179
207
222
181
119
50
-7
0
29
3
-53
-90
-108
-97
-68
-78
-138
-177
-166
-147
-152
-197
-259
-275
-222
-185
-209
-248
-252
-199
-109
-51
-50
-46
-2
62
126
177
202
221
257
303
329
354
376
383
382
390
372
329
284
232
170
106
31
-59
-142
-216
-287
-348
-388
-426
-461
-475
-475
-458
-416
-375
-346
-300
-235
-162
-102
-53
-16
23
72
108
121
118
116
106
95
73
48
21
-8
-36
-66
-91
-111
-126
-148
-158
-152
-146
-133
-108
-85
-48
6
52
97
161
225
274
321
361
383
409
429
421
396
370
333
282
230
173
104
36
-17
-70
-129
-179
-221
-261
-283
-290
-303
-312
-315
-303
-279
-249
-225
-206
-177
-143
-101
-55
-20
7
49
97
134
167
192
207
228
254
268
267
264
254
242
231
215
189
154
120
84
41
0
-44
-85
-131
-172
-203
-225
-240
-252
-258
-253
-232
-204
-171
-134
-99
-57
-4
44
89
132
169
204
224
241
246
240
230
205
164
123
75
24
-35
-102
-163
-217
-264
-313
-353
-377
-394
-397
-388
-371
-337
-292
-243
-183
-118
-48
20
93
161
218
273
313
345
369
376
377
363
337
310
273
226
176
127
77
30
-16
-57
-92
-122
-146
-165
-173
-174
-169
-162
-150
-135
-115
-96
-76
-51
-28
-13
4
21
35
45
56
62
69
70
71
72
76
75
67
63
62
55
48
42
39
30
19
14
6
-2
-13
-22
-26
-34
-43
-50
-54
-58
-61
-64
-66
-63
-59
-53
-44
-31
-21
-14
2
21
33
45
60
75
85
95
100
101
105
99
91
81
63
44
25
3
-23
-47
-75
-98
-120
-141
-156
-173
-182
-189
-191
-187
-176
-164
-147
-129
-112
-93
-69
-46
-23
1
20
43
60
74
89
98
105
116
120
122
123
123
121
114
110
107
96
88
79
68
59
50
40
32
25
19
11
3
-2
-4
-11
-20
-24
-26
-25
-26
-28
-31
-32
-33
-38
-36
-34
-34
-35
-36
-33
-31
-30
-26
-25
-21
-16
-15
-11
-5
-4
-1
3
6
7
10
11
12
12
9
12
12
11
8
3
5
6
5
4
6
11
13
18
17
24
30
34
36
39
44
43
45
44
44
35
30
22
12
3
-14
-23
-34
-47
-59
-70
-79
-87
-99
-105
-106
-107
-104
-100
-93
-83
-71
-58
-43
-29
-14
-1
18
32
45
60
69
76
85
90
95
92
90
86
75
66
57
48
36
23
13
2
-7
-17
-32
-35
-36
-42
-45
-46
-40
-35
-30
-18
-11
0
9
18
31
40
53
53
61
68
64
64
60
55
46
36
25
14
0
-17
-28
-40
-55
-67
-80
-83
-87
-92
-94
-89
-79
-72
-61
-46
-32
-17
-2
12
31
47
60
71
85
91
95
95
97
95
81
75
63
51
33
13
1
-15
-29
-47
-65
-75
-85
-97
-104
-105
-107
-109
-108
-104
-94
-82
-71
-56
-41
-24
-12
3
17
31
46
57
65
75
80
82
89
87
82
80
75
67
59
47
34
22
9
-2
-14
-25
-36
-44
-45
-54
-59
-57
-55
-53
-45
-44
-38
-32
-25
-14
-6
7
