0
0
1
2
0
0
1
0
-1
-1
0
-1
-1
-1
0
0
-1
0
1
0
-1
0
1
1
0
0
-3
-1
1
0
2
2
4
3
1
2
2
2
3
3
4
6
3
3
3
3
3
5
5
3
4
0
0
-2
2
4
3
1
-1
-3
-3
-3
-1
0
1
3
0
-3
-2
0
2
2
3
3
2
1
0
3
3
3
5
4
2
1
0
1
3
2
2
1
-2
-2
0
-1
-3
-2
-1
0
0
0
2
3
2
1
1
0
-1
1
5
7
5
2
3
6
3
1
5
6
6
5
0
1
2
4
4
3
1
-3
-3
0
-3
-6
-6
-2
-2
-3
-6
-8
-8
-5
-4
-3
-5
-6
-4
-3
-3
-5
-5
-4
-1
-1
-4
-5
-2
-2
-4
-4
-3
-3
-3
-1
0
-3
-4
-3
-3
-5
-8
-7
-6
-1
-1
-2
-4
-5
-4
-4
-2
-5
-6
-3
1
3
-2
-5
-3
1
1
-2
-3
0
3
3
4
2
1
3
3
4
3
3
5
8
9
6
3
3
5
5
2
1
3
3
4
2
0
1
1
2
2
0
-2
-1
3
5
4
3
6
8
9
7
8
8
10
13
15
14
15
14
16
15
14
12
10
12
13
13
11
12
12
11
10
9
7
4
6
7
6
4
4
4
4
4
1
0
0
0
-3
-3
-3
-3
-6
-5
-5
-7
-9
-9
-6
-7
-11
-13
-9
-7
-10
-13
-11
-8
-8
-9
-8
-5
-6
-7
-8
-7
-11
-16
-16
-15
-16
-22
-26
-28
-33
-43
-51
-57
-59
-62
-66
-70
-75
-81
-87
-90
-90
-94
-96
-93
-90
-88
-87
-83
-73
-61
-54
-52
-48
-37
-25
-17
-10
-3
6
18
32
44
49
53
63
75
81
76
70
73
82
87
86
87
92
97
92
84
73
66
69
75
74
56
36
32
41
38
14
-4
2
14
7
-13
-26
-25
-23
-24
-21
-18
-21
-24
-16
2
8
0
-8
-1
11
13
6
6
19
36
42
30
12
-7
-21
-37
-68
-110
-141
-140
-121
-124
-161
-192
-189
-164
-164
-199
-235
-243
-224
-200
-179
-167
-160
-145
-113
-75
-68
-95
-123
-118
-113
-150
-203
-206
-146
-92
-87
-104
-103
-86
-92
-104
-103
-84
-67
-37
32
121
187
239
309
388
423
409
404
439
476
476
462
460
456
425
401
400
383
314
221
160
125
66
0
-17
-11
-57
-136
-138
-57
8
-26
-69
-20
56
62
25
69
200
297
280
219
220
288
354
351
281
200
150
133
96
20
-31
-17
-10
-112
-275
-343
-294
-270
-380
-523
-543
-465
-434
-490
-510
-441
-380
-411
-465
-427
-323
-267
-302
-348
-315
-207
-96
-38
-37
-47
-36
-3
32
51
77
121
145
99
18
-3
69
145
113
-10
-96
-82
-42
-70
-150
-188
-159
-124
-136
-146
-90
6
50
25
28
139
296
373
364
384
499
621
642
611
644
754
817
769
707
732
780
711
542
442
503
612
610
506
425
406
359
231
101
56
70
46
-29
-61
-15
41
9
-116
-258
-363
-442
-511
-566
-569
-531
-505
-547
-667
-811
-932
-1040
-1166
-1298
-1372
-1345
-1277
-1250
-1273
-1294
-1298
-1328
-1410
-1462
-1408
-1253
-1099
-1005
-945
-880
-808
-755
-714
-637
-516
-383
-261
-142
-23
65
98
110
150
243
360
490
636
774
845
834
777
718
670
671
785
986
1151
1221
1252
1317
1351
1283
1204
1284
1525
1768
1926
2114
2407
2707
2876
2944
3026
3148
3208
3200
3249
3415
3555
3506
3288
3065
2885
2632
2252
1847
1399
672
-392
-1337
-1631
-1448
-1487
-2052
-2708
-3101
-3557
-4392
-5142
-5135
-4575
-4343
-4645
-4780
-4264
-3544
-3155
-2917
-2391
-1776
-1546
-1588
-1278
-422
550
1267
1856
2382
2557
2249
1898
1935
2060
1538
339
-726
-1035
-900
-1059
-1623
-2196
-2695
-3448
-4539
-5441
-5694
-5536
-5466
-5619
-5674
-5405
-4918
-4410
-3978
-3681
-3353
-2752
-1852
-979
-295
529
1800
3117
3900
4196
4693
5573
6233
6203
5868
5835
6101
6137
5846
5593
5592
5561
5160
4416
3650
3058
2704
2505
2324
2101
1935
1962
2087
2053
1898
1882
2105
2252
2041
1781
1968
2562
3093
3315
3309
2921
1686
-136
-1327
-1074
-174
-11
-728
-1336
-1566
-2169
-3312
-3953
-3544
-3235
-4234
-5851
-6450
-5748
-4939
-4655
-4309
-3596
-3164
-3392
-3598
-3065
-2101
-1361
-825
-231
235
346
591
1533
2773
3375
3207
2946
2871
2486
1675
1066
944
487
-874
-2557
-3378
-3406
-3577
-4262
-4983
-5460
-6133
-7129
-7710
-7456
-6862
-6663
-6613
-6140
-5308
-4602
-3939
-2930
-1759
-1003
-575
228
1625
2989
4003
4987
6241
7232
7611
7716
8054
8427
8340
7876
7559
7389
7065
6537
6100
5698
4938
3781
2765
2145
1653
960
308
45
-10
-121
-275
-175
164
424
489
525
670
920
1228
1644
2196
2703
2747
1999
516
-751
-1030
-492
-165
-558
-1116
-1420
-1927
-2954
-3707
-3399
-2825
-3383
-4945
-5890
-5572
-4980
-4917
-4817
-4049
-3306
-3248
-3342
-2769
-1682
-933
-497
-25
313
229
192
966
2148
2751
2684
2707
2982
2861
2247
1804
1827
1634
754
-375
-1436
-2370
-3317
-3831
-4001
-4543
-5418
-6120
-6170
-6283
-6792
-6893
-6132
-5253
-5264
-5562
-4812
-3117
-1836
-1520
-1201
-169
1128
1930
2587
3700
5094
6236
6737
7090
7438
7838
8220
8318
8095
7617
7407
7507
7334
6540
5569
4954
4335
3071
1537
764
711
402
-526
-1166
-850
-403
-558
-890
-624
43
114
-182
-107
579
1142
1437
2014
2742
2572
950
-743
-1209
-629
-518
-1191
-1666
-1611
-1883
-2971
-3772
-3225
-2408
-2917
-4724
-5906
-5737
-5256
-5261
-5157
-4303
-3558
-3465
-3423
-2496
-1226
-504
-102
594
1170
1016
758
1665
3184
3846
3391
3217
3851
4136
3451
2799
3056
3201
2091
349
-481
-442
-937
-2529
-4139
-5081
-5600
-6432
-7118
-7279
-7178
-7221
-7429
-7246
-6724
-6051
-5266
-4485
-3857
-3401
-2623
-1241
51
819
1374
2533
3962
4935
5398
6167
7322
7950
7767
7439
7820
8270
8070
7342
6809
6620
6179
5246
4200
3275
2435
1416
394
-410
-1001
-1274
-1455
-1478
-1641
-1600
-1314
-824
-528
-477
-241
291
871
1203
1529
2247
2861
2447
1006
-501
-723
-331
-210
-847
-1276
-1236
-1507
-2456
-3105
-2560
-1761
-2297
-3954
-4999
-4773
-4280
-4280
-4128
-3475
-2859
-2920
-2667
-1714
-454
184
663
1397
1831
1591
1540
2557
3858
4056
3395
3221
3622
3657
3026
2755
3001
2849
1743
507
-118
-317
-805
-1704
-3233
-4984
-6566
-7019
-6972
-7215
-7631
-7649
-6996
-6936
-7074
-6397
-4674
-3307
-3445
-3739
-2867
-1148
25
419
1078
2152
3155
3621
4253
5164
6243
6865
6932
6796
6632
6931
7083
6750
5883
5094
4963
4680
3789
2610
1799
1441
578
-523
-1288
-1292
-1129
-1440
-1756
-1681
-1058
-513
-95
278
638
1179
1645
2245
2651
2858
3159
2644
1667
13
-685
-284
-153
-469
-1486
-1573
-1778
-2450
-3208
-3147
-2453
-2786
-4014
-5138
-5062
-4714
-4496
-4145
-3757
-3245
-3398
-2739
-1613
-506
309
939
2244
2610
2421
2401
3569
4873
4862
4176
4021
4478
4406
3835
3696
3938
3700
2398
1300
671
190
-461
-1742
-2788
-4869
-6609
-7787
-8143
-8107
-8958
-8946
-8913
-8522
-8309
-7694
-5861
-4603
-3753
-3722
-2740
-1450
-149
777
1438
2388
2669
3607
4339
5616
6511
7012
7758
7638
7836
7565
7848
7760
6955
6117
5340
5059
4163
3180
2164
1482
680
-500
-1150
-1701
-1563
-1820
-1990
-1894
-1858
-1165
-894
-273
-7
409
1054
1527
2158
2320
2743
2109
1137
-415
-1010
-765
-1075
-1231
-2128
-1949
-2388
-3077
-3280
-3047
-2175
-2815
-3622
-4365
-4131
-4019
-3859
-3549
-3097
-2859
-3094
-2386
-1360
-232
550
1299
2452
2665
2560
2694
3712
4649
4423
3781
3589
3694
3465
3079
3006
3180
2644
1711
902
409
63
-510
-1361
-2496
-4500
-6053
-7238
-7519
-8164
-8910
-9050
-8999
-8735
-8612
-7389
-5727
-4233
-3601
-2922
-1656
-270
876
1573
2452
2930
3228
3666
4545
5697
6428
7050
7628
8120
8360
8492
8680
8501
7817
6902
6146
5338
4398
3300
2355
1472
437
-494
-1253
-1611
-1821
-1977
-2110
-2044
-1927
-1587
-1405
-1071
-780
-330
146
447
1057
1551
2076
1251
392
-843
-554
-816
-1075
-1525
-1884
-1573
-2574
-2725
-3011
-1859
-1993
-2523
-3495
-3640
-3386
-3543
-3289
-3344
-2918
-3376
-3294
-2607
-1733
-714
-194
896
1464
1660
1784
2549
3810
4143
3744
3130
3243
3071
2810
2484
2556
2397
1625
748
250
32
30
-539
-1267
-2824
-4527
-5852
-6640
-7110
-8196
-8891
-9255
-9180
-9148
-8498
-7014
-5170
-3817
-2943
-1692
56
1728
2872
3494
4045
4232
4459
4905
5451
6111
6503
7119
7641
8043
8566
9036
9425
8877
8139
7306
6679
5601
4217
2851
1509
402
-1001
-1706
-2500
-2634
-2905
-2789
-2636
-2370
-1915
-1439
-844
-668
-321
-30
603
827
1190
1483
1373
625
-513
-975
-643
-893
-1109
-1924
-1894
-2381
-2966
-3198
-2888
-2281
-3022
-3519
-4381
-3776
-4052
-3650
-3692
-3411
-3536
-3927
-3234
-2529
-1499
-972
-211
738
1039
1353
1910
3275
4100
3971
3431
3263
3524
3137
2948
2536
2500
1719
795
236
-2
42
-286
-899
-1842
-3431
-4700
-5634
-5955
-6765
-7853
-8477
-8721
-8450
-8339
-7196
-5835
-4049
-3113
-1951
-373
1449
3060
3781
4403
4611
4865
5192
5556
5892
6057
6326
6680
7016
7395
7993
8566
8637
8161
7667
7361
6777
5636
4244
2881
1658
353
-879
-1670
-2360
-2616
-2754
-2593
-2264
-1851
-1109
-565
-130
24
299
812
960
1069
929
1065
230
-707
-1859
-1711
-1617
-2035
-2348
-3166
-2756
-3699
-3335
-3524
-2579
-2927
-3475
-4075
-4172
-3711
-4036
-3540
-3853
-3566
-4131
-3726
-2827
-1905
-1094
-710
191
814
1167
1777
2691
3816
3834
3427
2949
3240
3194
2989
2687
2371
1924
908
452
184
283
-36
-574
-1534
-2658
-4130
-4933
-5496
-6020
-7198
-8255
-8607
-8618
-8211
-7747
-6416
-5163
-3854
-2999
-1461
358
2057
3187
3642
4246
4492
5039
5474
5824
6057
6059
6405
6696
7230
7733
8304
8573
8369
8099
7814
7599
6724
5493
4115
2762
1509
84
-1005
-1933
-2673
-2916
-3046
-2642
-2278
-1517
-770
-213
350
663
1470
1814
2143
1974
2092
1604
474
-698
-1488
-1117
-1798
-2017
-3004
-2971
-3243
-3617
-3251
-3112
-2374
-3405
-3770
-4558
-4110
-4332
-4374
-4422
-4736
-4759
-5141
-4115
-3251
-2182
-1642
-988
47
594
1419
2256
3520
4150
3849
3421
3298
3685
3444
3251
2721
2318
1463
739
549
491
450
-241
-1131
-2300
-3490
-4588
-5236
-5893
-6922
-8285
-9046
-9159
-8771
-8266
-7377
-6153
-4884
-3667
-2332
-487
1325
2788
3558
4157
4724
5282
5830
6207
6352
6406
6419
6762
7152
7620
8017
8221
8273
8063
7897
7578
7065
5972
4633
3199
1827
624
-596
-1608
-2608
-3183
-3312
-3217
-2729
-2202
-1304
-681
-57
431
1190
1867
2356
2401
2396
2099
1050
-20
-1202
-1142
-1711
-2151
-2881
-3341
-3115
-3576
-3008
-2976
-2064
-2466
-2856
-3385
-3434
-3146
-3640
-3520
-4291
-4185
-4723
-4294
-3564
-2937
-2072
-1827
-698
-130
845
1647
2707
3615
3643
3516
3154
3497
3324
3102
2499
1885
1315
458
255
-8
62
-406
-1137
-2099
-3089
-3881
-4534
-5055
-6035
-7187
-8271
-8561
-8464
-8065
-7553
-6720
-5740
-4590
-3345
-1634
180
1747
2831
3435
4261
4961
5769
6215
6388
6444
6430
6668
6966
7426
7805
8096
8105
7993
7998
7889
7707
6784
5705
4415
3187
2110
755
-202
-1384
-2075
-2686
-2931
-2675
-2297
-1513
-1045
-317
219
1140
1812
2431
2749
2761
2443
1050
73
-1363
-1414
-2415
-3056
-3982
-4750
-4490
-5093
-3985
-3862
-2524
-2818
-2818
-3001
-2808
-2286
-2727
-2604
-3684
-3684
-4504
-4108
-3677
-3109
-2267
-2034
-744
-70
1306
2479
3745
4667
4621
4637
4291
4547
4044
3489
2420
1403
485
-703
-940
-1486
-1434
-2356
-3219
-4144
-4995
-5188
-5808
-6115
-7291
-8257
-9066
-9203
-8754
-8373
-7619
-7049
-5990
-4840
-3153
-1074
818
2494
3352
4342
5158
6240
7058
7437
7569
7324
7363
7397
7757
8047
8293
8307
8088
7976
7929
7913
7476
6602
5429
4232
3122
1977
855
-214
-1165
-1894
-2459
-2482
-2118
-1466
-763
-264
477
1227
2082
2823
3248
3617
3277
2215
961
-377
-882
-1725
-2746
-3743
-4941
-5178
-5720
-5239
-4612
-3768
-3258
-3404
-3170
-2957
-2211
-2151
-2018
-2677
-3178
-3716
-4015
-3434
-3355
-2640
-2613
-1782
-971
47
1425
2643
3916
4161
4307
4107
4362
4264
3657
2776
1379
419
-995
-1724
-2248
-2662
-3091
-4272
-4954
-5833
-5931
-6059
-6246
-6711
-7653
-8184
-8579
-8061
-7640
-6965
-6440
-5833
-4729
-3494
-1486
270
1987
3083
3914
4914
5909
7064
7592
7853
7672
7624
7662
7806
8078
8090
8089
7664
7491
7384
7358
7169
6420
5551
4426
3488
2536
1567
668
-298
-994
-1565
-1671
-1434
-954
-321
128
823
1480
2219
2967
3232
3727
3091
2287
894
-341
-826
-2115
-2843
-4412
-5243
-5929
-6499
-6015
-5724
-4544
-4475
-4016
-3923
-3139
-2430
-2104
-1672
-2346
-2367
-3304
-2983
-2796
-2493
-2017
-2089
-1118
-753
483
1543
3054
4117
4402
4606
4426
4916
4495
4182
3046
1771
511
-1117
-1799
-2760
-3280
-4267
-5502
-6337
-7272
-7303
-7501
-7526
-8121
-8732
-9028
-8900
-8226
-7645
-6736
-6138
-5260
-4099
-2547
-430
1176
2673
3637
4594
5816
6793
7948
8433
8731
8611
8518
8710
8924
9131
8854
8504
8006
7719
7529
7157
6674
5686
4661
3548
2486
1696
736
-3
-886
-1509
-1719
-1658
-1184
-791
-240
307
970
1709
2429
3049
3398
2950
2124
862
24
-790
-1808
-2919
-4324
-5307
-6209
-6723
-6548
-6112
-5288
-5013
-4649
-4176
-3350
-2496
-1960
-1573
-1788
-1957
-2518
-2264
-2060
-1671
-1467
-1366
-749
-333
678
1725
3125
4054
4355
4404
4398
4699
4459
4087
2982
1763
262
-1206
-2077
-3036
-3736
-4991
-6145
-7181
-7945
-8027
-8160
-8050
-8605
-8959
-9142
-8795
-7920
-7230
-6178
-5632
-4644
-3584
-1983
-32
1506
3010
3813
4892
5807
6926
7925
8542
8933
8781
8846
8850
9161
9323
9163
8865
8281
7994
7637
7249
6629
5672
4631
3511
2401
1483
643
-155
-848
-1481
-1583
-1413
-1080
-590
-172
505
1062
1772
2306
2898
2768
2234
1240
157
-475
-1698
-2552
-3864
-4949
-5718
-6606
-6550
-6422
-5805
-5326
-5017
-4442
-3774
-2932
-2299
-1720
-1623
-1645
-2039
-2241
-1919
-1870
-1401
-1446
-1015
-518
4
1038
2043
3203
3787
4016
4075
4233
4034
3704
2965
1947
675
-904
-2084
-3100
-4111
-5139
-6237
-6958
-7559
-7970
-8004
-7861
-7792
-7868
-7889
-7458
-6786
-6165
-5423
-4648
-3676
-2676
-1606
-174
1251
2532
3634
4654
5891
6913
7731
8376
8818
9169
9134
9154
9126
9129
8760
8261
7794
7388
7071
6233
5590
4558
3757
2835
1864
1318
442
-142
-959
-1375
-1294
-1135
-742
-564
-85
352
962
1521
2036
2461
1962
1488
343
-101
-803
-1728
-2582
-3943
-4753
-5759
-6189
-6038
-5767
-5455
-5465
-5261
-4712
-3933
-3234
-2643
-2229
-2269
-2271
-2529
-2031
-1635
-1339
-1133
-1159
-577
-72
819
1853
2787
3474
3709
3925
4239
4491
4312
3828
2924
1834
624
-672
-1623
-2833
-4090
-5492
-6691
-7353
-7825
-7964
-8052
-8113
-8143
-8046
-7545
-6786
-5836
-5117
-4294
-3568
-2566
-1357
-121
1280
2251
3321
4179
5300
6487
7625
8582
9163
9592
9783
10040
10171
10227
9962
9386
8684
7933
7285
6526
5655
4633
3530
2501
1440
671
-124
-764
-1471
-2116
-2376
-2479
-2235
-2036
-1709
-1291
-819
-344
125
498
435
134
-558
-920
-1355
-1923
-2532
-3427
-4103
-4779
-5269
-5195
-5020
-4631
-4511
-4425
-3971
-3487
-2837
-2420
-2040
-1952
-1968
-2108
-1811
-1387
-1011
-629
-461
94
567
1270
2100
2897
3609
3844
3903
3913
3912
3687
3221
2378
1360
147
-1129
-2220
-3374
-4485
-5659
-6687
-7452
-8048
-8354
-8453
-8362
-8220
-7989
-7588
-6871
-5946
-4989
-4056
-3147
-2026
-807
385
1605
2749
3899
4916
5948
7022
8043
8916
9578
10078
10435
10693
10829
10886
10662
10204
9523
8794
8031
7090
6038
4930
3843
2716
1678
747
-21
-733
-1381
-1886
-2207
-2261
-2216
-2133
-1989
-1776
-1490
-1232
-903
-1018
-1376
-2027
-2433
-2587
-3040
-3352
-3980
-4491
-4871
-5171
-5005
-4725
-4330
-4012
-3979
-3674
-3211
-2622
-2112
-1907
-1819
-1941
-2023
-1877
-1482
-1147
-784
-535
-122
428
1070
1896
2670
3372
3764
3875
3891
3915
3818
3544
2821
1775
622
-600
-1620
-2809
-3984
-5138
-6116
-6905
-7618
-7993
-8163
-8119
-8052
-7916
-7548
-6994
-6159
-5228
-4379
-3531
-2620
-1375
-201
930
1982
3091
4200
5258
6351
7369
8320
9072
9652
10113
10442
10720
10905
10810
10486
9892
9264
8585
7793
6826
5776
4710
3599
2540
1486
628
-186
-902
-1501
-2040
-2280
-2401
-2401
-2361
-2302
-2083
-1913
-1590
-1728
-2104
-2787
-3266
-3361
-3763
-4018
-4580
-5042
-5341
-5520
-5246
-4817
-4344
-3859
-3634
-3275
-2732
-2116
-1404
-1109
-959
-1098
-1165
-1059
-731
-422
-146
46
301
704
1201
1894
2603
3222
3594
3707
3715
3752
3652
3451
2842
1885
746
-517
-1582
-2764
-3949
-5134
-6121
-6924
-7670
-8092
-8295
-8217
-8041
-7809
-7370
-6806
-5942
-4962
-4035
-3105
-2251
-1107
-61
963
1913
2916
3923
4872
5860
6814
7761
8567
9254
9767
10158
10490
10751
10783
10561
10106
9477
8734
7924
6959
5941
4913
3763
2709
1621
760
4
-631
-1154
-1698
-2039
-2236
-2332
-2352
-2407
-2366
-2376
-2253
-2568
-3054
-3807
-4326
-4492
-4919
-5129
-5658
-5974
-6188
-6141
-5736
-5190
-4638
-4156
-3747
-3315
-2641
-2108
-1388
-1049
-889
-970
-1005
-780
-413
-84
250
441
801
1236
1780
2475
3106
3673
3895
4026
4011
4106
3942
3666
3064
2148
1150
-77
-1081
-2330
-3535
-4742
-5736
-6581
-7414
-7924
-8256
-8388
-8274
-8068
-7616
-7077
-6278
-5264
-4376
-3346
-2441
-1205
-232
694
1658
2628
3618
4452
5411
6328
7161
7976
8662
9285
9713
10173
10508
10628
10537
10167
9770
9115
8403
7462
6519
5612
4440
3470
2419
1576
803
119
-338
-856
-1099
-1327
-1440
-1572
-1652
-1754
-1816
-1881
-2516
-3248
-4335
-4711
-5259
-5656
-6197
-6722
-7123
-7264
-6995
-6390
-5638
-5065
-4377
-3913
-3090
-2376
-1610
-949
-617
-577
-701
-711
-425
-148
119
359
567
942
1430
2097
2839
3460
3870
4045
4040
4006
3953
3654
3246
2360
1430
242
-870
-1945
-3138
-4180
-5296
-6002
-6884
-7346
-7767
-7822
-7902
-7706
-7398
-7008
-6369
-5663
-4607
-3857
-2926
-2078
-971
-67
782
1775
2721
3605
4408
5290
6202
6920
7623
8191
8637
8982
9300
9561
9587
9422
9010
8561
8027
7382
6600
5810
4989
4035
3145
2364
1621
1016
443
80
-283
-486
-668
-809
-923
-989
-1130
-1248
-1579
-2351
-3296
-4290
-4677
-5296
-5814
-6496
-7020
-7406
-7426
-7047
-6347
-5644
-5042
-4321
-3728
-2772
-1998
-1107
-540
-261
-333
-408
-368
-95
61
220
403
583
995
1470
2194
2911
3513
3893
4067
4090
4077
4008
3706
3200
2263
1243
20
-1125
-2138
-3227
-4135
-5144
-5771
-6444
-6746
-6872
-6754
-6649
-6457
-6131
-5721
-5103
-4420
-3565
-2969
-2369
-1720
-905
-108
667
1520
2342
3111
3935
4849
5790
6571
7216
7707
8091
8439
8712
8928
8877
8564
8073
7543
7093
6486
5836
5144
4373
3603
2908
2349
1818
1365
957
636
325
90
-164
-382
-542
-717
-989
-1298
-2048
-2835
-3920
-4483
-5023
-5604
-6263
-6999
-7496
-7790
-7611
-7156
-6520
-6051
-5467
-4911
-4124
-3156
-2275
-1382
-991
-748
-666
-451
-103
192
352
470
592
839
1247
1769
2434
2973
3391
3638
3804
3886
4019
3892
3654
2983
2146
1054
-39
-1066
-2079
-3060
-4076
-4856
-5627
-6079
-6319
-6208
-6080
-5926
-5648
-5237
-4701
-4043
-3245
-2591
-2079
-1611
-943
-262
417
1121
1810
2473
3167
3984
4932
5787
6498
7034
7491
7887
8196
8457
8547
8274
7795
7232
6713
6153
5481
4810
4074
3313
2659
2086
1691
1357
1085
863
658
513
328
206
76
8
-258
-497
-1215
-1987
-3055
-3767
-4352
-5013
-5691
-6572
-7165
-7634
-7588
-7301
-6768
-6368
-5920
-5429
-4767
-3818
-2971
-2023
-1563
-1218
-1075
-741
-282
156
395
520
644
814
1163
1569
2140
2569
2876
3024
3136
3201
3318
3225
3037
2521
1808
870
-60
-950
-1795
-2706
-3574
-4300
-4981
-5423
-5635
-5516
-5316
-5101
-4781
-4315
-3757
-3063
-2269
-1534
-989
-571
8
633
1232
1815
2340
2869
3358
3951
4699
5421
6027
6458
6856
7177
7483
7707
7878
7684
7281
6738
6198
5683
5016
4379
3660
2951
2276
1696
1320
1015
848
663
576
448
373
343
277
311
103
-19
-733
-1430
-2513
-3197
-3918
-4562
-5339
-6269
-6975
-7580
-7619
-7520
-7124
-6896
-6559
-6206
-5630
-4805
-4007
-3188
-2785
-2457
-2272
-1851
-1330
-799
-409
-147
146
461
971
1508
2162
2633
2987
3132
3270
3346
3424
3308
3042
2466
1689
746
-129
-958
-1777
-2631
-3428
-4119
-4725
-5070
-5159
-4959
-4754
-4487
-4157
-3633
-3014
-2263
-1459
-759
-248
186
782
1426
2050
2581
3093
3604
4109
4732
5439
6092
6557
6874
7197
7427
7673
7753
7773
7417
6940
6325
5777
5175
4465
3761
2989
2317
1650
1163
792
511
347
176
172
46
77
10
105
145
76
-229
-956
-1662
-2479
-2930
-3605
-4175
-5063
-5853
-6519
-6839
-6777
-6642
-6349
-6254
-5956
-5699
-5053
-4385
-3660
-3285
-3111
-3006
-2763
-2355
-1930
-1523
-1238
-943
-630
-124
467
1161
1753
2242
2518
2710
2858
2959
2958
2689
2230
1459
620
-334
-1112
-1933
-2714
-3503
-4132
-4632
-4983
-5004
-4785
-4376
-4070
-3607
-3042
-2281
-1542
-697
54
637
1048
1551
2166
2737
3167
3573
4018
4446
4924
5521
6156
6584
6857
7054
7296
7423
7498
7423
7147
6590
5921
5333
4721
4040
3224
2462
1703
1058
536
167
-89
-322
-420
-475
-446
-438
-388
-273
-147
-83
-334
-840
-1513
-2064
-2459
-2895
-3390
-4115
-4776
-5375
-5583
-5549
-5322
-5099
-4952
-4735
-4528
-4016
-3447
-2801
-2549
-2527
-2641
-2567
-2307
-2014
-1780
-1670
-1586
-1437
-1080
-534
82
654
1076
1358
1558
1740
1975
2074
1975
1513
852
55
-705
-1398
-2105
-2816
-3568
-4137
-4595
-4792
-4761
-4429
-3983
-3537
-3025
-2380
-1540
-675
211
929
1465
1840
2303
2843
3338
3684
3968
4254
4538
4902
5414
6000
6432
6683
6825
6985
7118
7206
7150
6821
6188
5411
4718
4064
3353
2521
1650
805
79
-445
-759
-911
-1018
-1070
-1102
-1069
-960
-715
-389
-126
-119
-478
-1031
-1565
-1864
-2098
-2439
-3025
-3738
-4357
-4677
-4650
-4394
-4087
-3872
-3714
-3525
-3132
-2520
-1844
-1417
-1399
-1657
-1879
-1849
-1640
-1471
-1507
-1695
-1874
-1827
-1490
-944
-357
83
332
468
628
892
1168
1233
917
251
-537
-1266
-1893
-2517
-3228
-4001
-4714
-5246
-5517
-5486
-5195
-4749
-4254
-3689
-2973
-2058
-980
116
1062
1779
2351
2939
3591
4198
4658
4972
5188
5367
5596
5957
6423
6847
7104
7215
7284
7395
7522
7552
7329
6780
6014
5220
4469
3690
2802
1794
759
-184
-943
-1454
-1751
-1920
-2029
-2109
-2140
-2048
-1777
-1370
-990
-859
-1092
-1566
-2015
-2255
-2401
-2655
-3118
-3726
-4252
-4492
-4372
-3988
-3526
-3121
-2778
-2406
-1885
-1168
-389
179
332
135
-137
-262
-231
-219
-384
-727
-1121
-1357
-1309
-1009
-614
-310
-159
-114
-56
84
275
329
51
-576
-1365
-2105
-2735
-3335
-4016
-4767
-5475
-6004
-6262
-6224
-5926
-5466
-4931
-4295
-3496
-2505
-1362
-176
913
1805
2549
3267
4021
4712
5235
5581
5819
6014
6209
6462
6776
7066
7249
7327
7372
7431
7483
7458
7253
6805
6146
5413
4680
3906
3026
2042
1039
101
-707
-1342
-1789
-2089
-2285
-2418
-2486
-2454
-2292
-2020
-1746
-1644
-1813
-2163
-2506
-2729
-2913
-3194
-3601
-4056
-4422
-4586
-4503
-4206
-3769
-3290
-2816
-2337
-1785
-1088
-322
299
591
565
434
384
382
289
41
-316
-677
-931
-1010
-901
-665
-422
-244
-127
-14
157
364
476
320
-147
-785
-1424
-2020
-2649
-3368
-4156
-4892
-5475
-5832
-5927
-5782
-5462
-5022
-4445
-3699
-2774
-1687
-544
511
1405
2174
2936
3709
4405
4921
5266
5531
5778
6026
6293
6590
6881
7112
7262
7360
7442
7519
7529
7361
6933
6291
5573
4849
4063
3130
2092
1073
138
-708
-1445
-2014
-2373
-2569
-2696
-2788
-2811
-2687
-2420
-2143
-2059
-2223
-2500
-2719
-2864
-3053
-3339
-3694
-4042
-4302
-4405
-4276
-3941
-3494
-3016
-2534
-2021
-1421
-704
20
571
836
869
822
786
734
574
262
-159
-583
-895
-1043
-1042
-974
-909
-858
-809
-716
-554
-378
-320
-511
-930
-1450
-1949
-2420
-2962
-3611
-4308
-4928
-5397
-5659
-5694
-5525
-5199
-4761
-4190
-3453
-2527
-1471
-375
629
1492
2298
3123
3934
4611
5127
5551
5938
6268
6533
6800
7107
7416
7666
7826
7911
7975
8042
8046
7850
7383
6728
6019
5268
4415
3424
2342
1246
179
-795
-1619
-2276
-2798
-3197
-3489
-3682
-3755
-3693
-3519
-3348
-3281
-3325
-3427
-3505
-3539
-3581
-3678
-3816
-3948
-3989
-3871
-3595
-3181
-2689
-2164
-1630
-1074
-454
223
859
1323
1542
1570
1537
1497
1405
1196
847
425
5
-340
-568
-682
-744
-827
-940
-1054
-1124
-1132
-1130
-1237
-1552
-2021
-2525
-2998
-3473
-4002
-4560
-5095
-5569
-5943
-6134
-6101
-5874
-5515
-5056
-4478
-3739
-2825
-1774
-702
268
1153
2029
2919
3751
4467
5059
5567
6004
6379
6728
7058
7359
7620
7834
7977
8069
8117
8126
8036
7783
7364
6823
6185
5463
4641
3743
2791
1834
881
-5
-796
-1462
-2003
-2428
-2771
-3047
-3242
-3340
-3369
-3380
-3462
-3631
-3846
-4039
-4192
-4320
-4454
-4585
-4697
-4721
-4604
-4316
-3875
-3344
-2769
-2170
-1553
-885
-166
543
1107
1473
1674
1793
1876
1903
1846
1692
1440
1143
868
670
549
456
327
132
-101
-322
-526
-750
-1069
-1536
-2130
-2779
-3416
-4013
-4596
-5152
-5662
-6085
-6377
-6486
-6377
-6063
-5605
-5044
-4373
-3575
-2663
-1669
-655
327
1221
2043
2828
3575
4245
4842
5355
5805
6178
6497
6815
7136
7403
7597
7713
7755
7725
7620
7423
7107
6644
6056
5392
4682
3911
3107
2299
1511
757
75
-503
-962
-1336
-1641
-1910
-2140
-2326
-2470
-2618
-2821
-3119
-3458
-3777
-4057
-4329
-4581
-4787
-4918
-4944
-4819
-4528
-4082
-3534
-2921
-2263
-1571
-847
-93
607
1156
1525
1766
1937
2055
2076
1992
1820
1594
1347
1118
932
790
640
433
196
-69
-358
-666
-1030
-1499
-2109
-2804
-3498
-4154
-4791
-5410
-5961
-6398
-6696
-6829
-6762
-6484
-6035
-5452
-4747
-3916
-2994
-2011
-988
17
932
1760
2554
3307
3961
4512
4972
5389
5777
6107
6402
6666
6875
7044
7184
7267
7253
7147
6952
6660
6239
5707
5108
4454
3728
2944
2160
1426
768
198
-278
-665
-976
-1199
-1318
-1375
-1419
-1478
-1581
-1740
-1968
-2239
-2541
-2854
-3206
-3565
-3885
-4118
-4216
-4175
-3998
-3713
-3321
-2837
-2257
-1621
-976
-360
182
609
918
1137
1283
1348
1313
1192
1031
864
712
599
514
441
376
296
211
93
-85
-337
-676
-1143
-1732
-2421
-3150
-3881
-4621
-5328
-5965
-6486
-6830
-6959
-6875
-6586
-6109
-5470
-4669
-3744
-2736
-1689
-646
338
1246
2061
2794
3442
3987
4440
4818
5133
5413
5678
5923
6157
6365
6526
6651
6727
6734
6663
6494
6207
5815
5324
4747
4116
3446
2742
2051
1398
810
300
-125
-465
-739
-951
-1124
-1278
-1439
-1627
-1845
-2099
-2385
-2697
-3013
-3308
-3559
-3738
-3828
-3811
-3683
-3438
-3086
-2647
-2146
-1610
-1070
-558
-88
306
620
854
997
1066
1077
1036
959
866
763
673
599
529
471
404
316
208
52
-174
-461
-840
-1303
-1846
-2470
-3136
-3814
-4490
-5123
-5682
-6136
-6435
-6560
-6498
-6243
-5820
-5235
-4507
-3662
-2732
-1758
-799
132
1014
1834
2580
3244
3822
4320
4744
5107
5431
5716
5956
6153
6314
6425
6471
6451
6358
6172
5886
5505
5032
4466
3831
3142
2421
1696
990
335
-246
-728
-1102
-1367
-1524
-1574
-1549
-1465
-1344
-1210
-1096
-1021
-996
-1033
-1116
-1255
-1415
-1585
-1737
-1859
-1923
-1913
-1827
-1655
-1412
-1119
-796
-463
-145
124
330
461
508
465
341
155
-84
-351
-628
-896
-1144
-1354
-1526
-1651
-1736
-1783
-1824
-1866
-1906
-1977
-2076
-2224
-2420
-2653
-2919
-3200
-3483
-3745
-3960
-4104
-4159
-4106
-3939
-3656
-3265
-2759
-2160
-1491
-778
-30
723
1455
2154
2811
3404
3929
4369
4734
5032
5268
5438
5542
5592
5598
5561
5480
5361
5209
5007
4768
4481
4147
3764
3331
2847
2316
1747
1148
522
-117
-751
-1365
-1938
-2461
-2925
-3312
-3622
-3833
-3943
-3956
-3879
-3720
-3495
-3203
-2870
-2497
-2105
-1698
-1302
-909
-531
-160
193
534
851
1153
1435
1699
1926
2124
2272
2375
2414
2395
2300
2135
1894
1601
1234
824
363
-118
-620
-1104
-1580
-2022
-2438
-2803
-3129
-3398
-3625
-3794
-3939
-4032
-4108
-4122
-4126
-4069
-3986
-3855
-3681
-3453
-3161
-2813
-2416
-1959
-1457
-910
-351
247
846
1436
1992
2518
2988
3412
3760
4046
4252
4393
4456
4461
4403
4297
4151
3960
3736
3485
3210
2910
2588
2249
1881
1497
1114
728
334
-41
-399
-726
-1008
-1231
-1400
-1493
-1527
-1496
-1397
-1241
-1043
-810
-567
-324
-91
118
291
417
498
530
524
477
397
300
190
73
-35
-131
-210
-280
-340
-387
-426
-475
-537
-613
-709
-832
-975
-1142
-1306
-1482
-1657
-1812
-1943
-2044
-2099
-2114
-2080
-2003
-1890
-1738
-1562
-1385
-1208
-1044
-898
-781
-683
-608
-557
-526
-496
-468
-427
-362
-257
-124
46
246
469
710
962
1200
1430
1626
1799
1941
2060
2146
2203
2235
2262
2278
2300
2320
2348
2362
2367
2352
2310
2213
2064
1854
1586
1260
891
477
39
-407
-845
-1253
-1611
-1902
-2106
-2238
-2286
-2255
-2156
-1991
-1782
-1550
-1308
-1080
-870
-662
-474
-328
-212
-132
-66
-5
55
113
181
248
320
396
462
521
567
589
585
549
484
383
247
82
-112
-316
-506
-682
-844
-985
-1092
-1157
-1174
-1145
-1076
-975
-859
-729
-583
-441
-314
-196
-101
-19
46
100
133
140
143
152
168
191
223
268
328
397
472
543
616
681
738
788
819
849
843
825
787
743
693
641
599
565
540
518
495
475
455
422
389
348
296
221
121
0
-135
-280
-423
-551
-679
-790
-885
-966
-1019
-1050
-1058
-1050
-1019
-957
-883
-800
-725
-649
-573
-496
-419
-342
-265
-200
-129
-57
14
93
175
268
360
453
546
636
719
789
844
883
901
907
903
893
883
869
851
847
841
842
850
856
871
874
873
854
798
709
587
441
258
59
-164
-400
-633
-864
-1074
-1258
-1400
-1496
-1550
-1556
-1520
-1437
-1319
-1178
-1029
-877
-728
-587
-443
-317
-210
-123
-56
2
60
117
174
233
293
362
427
487
543
582
606
607
589
550
476
367
231
76
-85
-252
-418
-579
-729
-859
-955
-1017
-1039
-1032
-1001
-947
-866
-769
-666
-546
-428
-307
-181
-56
69
179
287
392
503
626
742
859
973
1083
1187
1269
1339
1389
1423
1434
1421
1385
1323
1240
1132
1021
902
777
658
545
447
362
280
209
144
88
37
-13
-59
-110
-175
-251
-336
-432
-521
-611
-695
-771
-845
-907
-956
-996
-1019
-1028
-1018
-990
-948
-890
-831
-771
-704
-634
-552
-471
-391
-313
-243
-168
-107
-56
-6
40
75
96
110
124
130
117
88
46
1
-50
-115
-179
-238
-296
-347
-391
-427
-448
-466
-473
-465
-441
-398
-344
-291
-239
-180
-112
-47
25
93
161
240
315
383
459
540
617
692
771
849
929
1002
1068
1129
1182
1226
1251
1265
1269
1260
1236
1194
1143
1084
1016
929
840
739
632
524
409
298
190
83
-29
-139
-236
-335
-438
-533
-629
-708
-784
-854
-916
-980
-1036
-1091
-1135
-1167
-1178
-1181
-1176
-1151
-1112
-1070
-1020
-968
-910
-829
-739
-648
-555
-461
-372
-295
-224
-158
-92
-40
-1
34
68
73
63
43
17
-13
-58
-102
-149
-193
-242
-290
-331
-363
-381
-395
-395
-383
-349
-307
-253
-186
-123
-37
49
148
247
350
455
554
653
746
836
927
1008
1081
1145
1204
1257
1294
1316
1328
1336
1331
1316
1286
1242
1184
1119
1043
965
884
802
715
615
522
425
320
221
130
49
-31
-111
-188
-266
-339
-411
-479
-537
-588
-629
-664
-701
-737
-765
-792
-816
-827
-832
-835
-833
-826
-817
-808
-805
-803
-797
-780
-765
-748
-725
-709
-693
-682
-676
-665
-656
-651
-641
-635
-629
-623
-621
-617
-617
-615
-606
-596
-586
-572
-550
-524
-494
-450
-397
-343
-276
-193
-100
-1
98
208
321
432
546
655
757
860
958
1043
1121
1192
1255
1304
1354
1388
1415
1428
1431
1432
1413
1383
1341
1293
1233
1165
1086
1002
918
825
732
632
530
435
339
237
134
37
-51
-137
-214
-290
-358
-420
-481
-528
-575
-611
-642
-671
-687
-702
-718
-725
-728
-727
-729
-725
-715
-709
-694
-681
-669
-661
-657
-646
-634
-624
-614
-606
-596
-578
-562
-543
-527
-512
-491
-472
-453
-433
-420
-400
-380
-370
-355
-340
-325
-311
-291
-273
-257
-238
-223
-202
-175
-144
-110
-69
-21
41
107
171
243
321
405
489
571
655
731
805
873
926
973
1010
1035
1054
1066
1067
1059
1038
1003
961
915
864
798
722
643
554
465
373
273
190
102
17
-61
-138
-199
-250
-297
-332
-360
-389
-404
-406
-403
-398
-389
-370
-349
-324
-302
-289
-270
-250
-223
-206
-208
-207
-203
-206
-213
-225
-251
-269
-285
-311
-343
-380
-413
-442
-468
-496
-521
-541
-554
-559
-559
-556
-552
-541
-522
-496
-465
-438
-412
-380
-348
-308
-270
-234
-195
-154
-116
-73
-37
-4
35
73
118
163
204
249
302
359
413
476
538
602
667
732
800
850
900
948
988
1017
1034
1039
1034
1028
1013
979
935
880
817
747
672
589
501
402
304
210
113
11
-96
-189
-274
-353
-430
-492
-550
-585
-608
-631
-639
-639
-623
-613
-589
-566
-531
-495
-460
-421
-391
-357
-329
-302
-273
-254
-241
-232
-225
-223
-227
-235
-252
-267
-283
-306
-336
-369
-397
-416
-435
-451
-471
-482
-480
-482
-480
-473
-466
-452
-427
-400
-369
-335
-300
-262
-222
-179
-135
-86
-37
15
61
116
169
213
263
316
363
410
457
506
556
604
643
680
717
750
787
814
838
856
872
882
882
871
851
836
812
782
742
692
642
584
523
447
371
297
228
158
81
12
-62
-130
-199
-259
-313
-361
-398
-431
-447
-459
-468
-470
-462
-458
-442
-420
-406
-383
-366
-350
-330
-315
-301
-297
-293
-291
-299
-309
-320
-335
-352
-366
-390
-413
-429
-453
-470
-488
-499
-508
-516
-514
-509
-498
-484
-461
-434
-410
-375
-334
-291
-250
-205
-151
-107
-59
-15
32
79
119
165
207
249
282
314
341
365
391
411
433
453
470
484
496
506
518
523
528
539
551
560
568
567
572
572
564
559
555
547
535
519
500
472
444
411
372
332
282
234
181
132
78
26
-27
-83
-135
-184
-227
-265
-296
-323
-344
-360
-369
-379
-385
-385
-380
-370
-364
-354
-345
-334
-326
-323
-322
-319
-319
-322
-329
-345
-358
-371
-393
-418
-433
-448
-470
-487
-500
-511
-516
-520
-520
-512
-502
-482
-456
-428
-396
-357
-318
-273
-225
-167
-109
-54
12
69
122
180
231
286
344
397
442
485
523
560
587
613
636
649
664
675
675
668
658
646
629
609
581
560
543
519
492
469
447
417
395
369
344
324
296
270
242
213
186
154
123
88
53
23
-10
-49
-89
-125
-166
-203
-235
-269
-298
-317
-334
-353
-361
-368
-373
-378
-377
-375
-375
-363
-358
-357
-356
-359
-366
-365
-369
-380
-390
-398
-411
-430
-442
-453
-460
-466
-471
-481
-482
-477
-470
-465
-454
-436
-416
-395
-365
-329
-292
-248
-201
-157
-104
-47
6
60
106
161
210
257
304
337
374
409
430
454
478
490
501
519
522
520
526
521
512
512
508
498
479
470
456
438
427
412
396
385
378
358
342
335
319
312
307
290
269
259
232
201
184
153
120
93
64
30
-6
-34
-64
-100
-125
-153
-184
-205
-227
-247
-256
-256
-269
-276
-266
-267
-273
-263
-266
-270
-266
-268
-277
-283
-286
-297
-320
-337
-361
-388
-412
-444
-475
-501
-524
-552
-567
-567
-569
-568
-557
-538
-513
-487
-456
-415
-379
-339
-283
-234
-178
-112
-46
22
95
166
230
296
351
406
453
492
528
551
576
593
597
604
603
590
581
573
546
524
502
469
440
411
377
343
316
286
258
229
209
188
170
156
146
137
136
131
119
116
113
107
105
98
85
82
70
52
32
9
-12
-32
-58
-76
-101
-126
-144
-163
-182
-195
-210
-223
-229
-238
-250
-252
-256
-269
-285
-294
-307
-321
-331
-355
-373
-383
-402
-423
-441
-455
-473
-482
-490
-498
-506
-507
-504
-495
-474
-450
-429
-397
-350
-308
-258
-202
-142
-82
-25
31
83
136
193
246
301
353
400
447
485
517
538
556
567
564
553
540
526
513
495
477
451
421
396
364
335
307
282
258
241
224
201
188
174
166
166
162
158
151
145
148
148
151
159
158
154
148
130
116
104
84
69
53
25
-4
-38
-68
-98
-131
-158
-185
-215
-238
-264
-292
-316
-344
-371
-389
-400
-412
-416
-421
-435
-452
-466
-485
-502
-511
-518
-517
-513
-509
-506
-504
-501
-492
-480
-460
-440
-416
-386
-354
-312
-269
-227
-179
-129
-79
-32
22
78
132
189
238
294
345
392
443
487
521
548
560
564
569
571
567
562
556
544
522
499
464
425
382
341
302
269
242
214
192
171
156
145
134
121
111
102
105
113
128
144
162
177
187
192
192
197
193
194
189
176
155
134
113
86
57
25
-8
-44
-80
-115
-154
-190
-228
-266
-301
-328
-349
-375
-393
-413
-436
-456
-477
-494
-507
-515
-514
-510
-506
-508
-511
-508
-501
-492
-478
-463
-446
-426
-406
-383
-367
-349
-316
-284
-254
-213
-177
-136
-96
-61
-26
18
64
117
174
228
278
320
351
373
400
420
441
464
486
504
514
514
503
482
463
435
405
378
346
325
302
281
262
234
210
185
162
146
132
128
130
140
150
154
159
161
168
168
171
179
185
187
186
183
174
152
126
97
68
46
19
-12
-46
-75
-104
-144
-188
-225
-261
-291
-323
-342
-366
-388
-404
-422
-434
-445
-451
-456
-461
-465
-459
-456
-451
-442
-424
-406
-384
-369
-357
-338
-322
-300
-281
-254
-220
-183
-150
-114
-84
-47
-14
9
46
78
124
165
204
236
257
292
304
319
338
351
377
387
397
405
407
407
394
382
373
364
356
337
323
304
287
266
238
223
208
204
198
181
176
173
165
157
150
149
148
154
148
148
160
165
161
153
153
140
117
88
56
32
13
-18
-46
-78
-106
-135
-178
-221
-264
-297
-330
-361
-387
-417
-437
-456
-475
-490
-500
-503
-505
-508
-503
-496
-492
-483
-470
-449
-434
-408
-386
-367
-342
-319
-289
-259
-234
-201
-169
-132
-101
-69
-34
-16
13
43
66
100
130
168
195
220
244
254
275
290
306
320
331
353
362
372
385
386
394
390
390
385
382
374
356
349
334
322
314
308
309
301
285
273
265
257
246
236
229
225
225
213
215
214
219
215
195
190
173
153
124
93
75
51
29
-1
-31
-54
-85
-120
-163
-197
-229
-265
-293
-325
-347
-365
-385
-408
-423
-424
-430
-440
-447
-448
-443
-441
-434
-421
-401
-394
-378
-362
-343
-325
-312
-294
-282
-256
-239
-219
-196
-180
-162
-149
-134
-120
-109
-91
-69
-49
-27
-15
8
27
44
62
76
97
119
143
158
182
208
221
240
259
279
294
306
318
326
328
334
335
342
348
345
347
345
341
331
325
320
304
294
285
271
266
264
253
245
230
215
195
186
167
140
130
106
91
86
68
37
19
-2
-36
-60
-81
-104
-130
-158
-180
-200
-218
-224
-250
-270
-279
-299
-314
-326
-333
-339
-341
-343
-349
-343
-335
-331
-327
-316
-304
-296
-282
-269
-258
-238
-225
-216
-196
-179
-167
-145
-126
-110
-88
-73
-55
-40
-23
-3
1
9
35
44
52
66
77
89
98
114
128
132
141
156
162
170
181
184
188
206
211
215
232
237
237
240
248
246
236
237
238
233
230
222
213
212
206
196
185
177
175
169
158
150
145
138
126
114
101
87
77
70
53
43
36
23
11
5
-14
-41
-49
-70
-93
-107
-118
-133
-154
-165
-178
-193
-196
-203
-226
-233
-236
-249
-254
-257
-267
-268
-258
-253
-259
-252
-247
-239
-234
-220
-215
-209
-189
-182
-170
-156
-143
-136
-119
-100
-88
-71
-52
-39
-25
-5
9
18
33
52
60
71
89
98
104
116
127
136
148
150
154
156
161
170
171
173
174
178
183
183
179
176
175
169
167
162
158
157
143
139
137
129
122
110
107
96
84
87
81
69
72
69
68
66
61
56
49
41
32
19
17
15
2
-4
-2
-7
-21
-28
-40
-62
-73
-81
-91
-101
-106
-119
-133
-138
-146
-162
-168
-171
-183
-186
-182
-185
-190
-186
-180
-180
-173
-166
-161
-157
-149
-139
-127
-116
-106
-92
-81
-71
-58
-45
-35
-26
-13
2
13
29
40
49
59
72
86
90
95
101
106
111
117
119
123
130
129
130
130
126
124
117
111
105
99
98
97
91
90
86
79
77
71
68
63
60
64
66
58
58
59
52
53
53
53
54
50
48
47
53
53
54
50
44
41
36
36
30
16
11
11
2
-2
-11
-22
-29
-41
-48
-65
-81
-97
-105
-112
-128
-137
-144
-155
-164
-167
-170
-175
-179
-182
-190
-190
-183
-178
-175
-177
-172
-163
-153
-144
-136
-132
-122
-114
-108
-96
-90
-73
-62
-48
-29
-20
-16
-8
3
16
25
32
46
52
56
64
73
80
90
89
93
102
109
118
117
122
129
129
136
140
145
156
152
153
159
159
163
167
164
166
165
164
158
155
149
144
143
137
134
128
121
115
108
102
96
83
72
58
51
47
38
28
17
4
-1
-6
-20
-32
-40
-46
-56
-70
-82
-87
-99
-116
-122
-132
-130
-133
-143
-150
-154
-156
-164
-168
-171
-176
-185
-190
-182
-180
-181
-186
-183
-177
-175
-170
-169
-160
-152
-145
-136
-133
-125
-115
-109
-95
-86
-67
-49
-40
-26
-11
7
18
22
31
46
56
64
73
