0
0
-1
-1
1
1
0
0
1
1
-1
-2
1
1
1
0
0
1
1
0
0
1
0
-2
-1
-1
-1
0
0
1
1
-1
-1
-2
0
-1
-1
0
0
0
0
2
0
-1
-1
0
0
0
0
0
0
0
0
0
-1
0
0
0
-1
0
2
0
1
-1
-2
0
0
-1
-1
-2
-1
1
2
1
0
0
1
2
0
1
1
1
1
1
-1
-1
0
0
0
-1
0
1
0
0
-1
1
0
2
0
1
1
-2
0
-2
0
0
1
0
0
-1
0
1
1
0
-1
0
-1
-1
0
0
-1
-1
0
1
2
1
-1
0
1
0
0
1
-1
0
0
0
0
0
0
1
1
0
0
0
-2
-2
0
2
2
0
0
0
-1
0
1
-2
-1
0
-1
0
1
0
0
0
0
0
2
1
0
1
0
1
1
0
0
0
0
1
-1
1
-1
-1
-1
1
1
0
0
-2
-1
1
-1
-1
-1
-1
0
0
0
0
0
0
1
0
0
0
0
-1
0
0
0
-1
-1
-1
0
1
1
1
-1
-2
0
1
0
1
0
2
-1
-1
1
1
-1
-2
-1
-1
2
1
0
1
0
-1
0
0
0
-1
0
0
1
1
0
0
0
1
1
1
1
0
1
0
0
1
-1
1
1
0
1
0
0
-1
-1
0
1
-1
-1
0
1
0
0
0
1
-1
-2
-1
-1
-1
0
0
-1
-1
-1
0
2
0
1
0
1
2
0
-1
-1
0
-1
-1
1
1
0
-1
0
0
0
0
1
0
0
0
0
1
0
-1
-1
0
0
0
0
0
-1
1
0
0
0
-1
1
-1
0
-1
-2
-1
1
0
0
-1
0
0
0
1
1
0
-3
-2
0
0
0
1
0
1
2
2
0
0
0
-1
0
2
3
1
-1
-2
0
0
1
1
0
-1
-1
1
2
1
-1
-1
-1
0
1
1
-1
-1
2
2
3
1
-1
-2
-1
1
3
3
2
-2
-2
0
4
3
-1
-3
-2
2
3
3
-1
-5
-3
0
2
1
-1
-4
-3
1
4
3
1
-3
-2
0
4
4
-1
-1
-1
1
4
5
0
-4
-4
-1
2
3
2
-1
-5
-3
2
5
4
0
-3
-3
2
3
2
-2
-3
-1
1
5
2
1
-3
-3
1
3
3
-1
-3
-3
-1
1
2
1
-2
-3
-1
3
2
0
-2
0
0
2
3
1
1
0
0
1
1
1
-1
-1
-2
0
0
0
-2
-1
0
2
3
2
0
-1
-1
0
1
1
0
-1
0
0
1
1
-1
-1
-1
-1
-1
2
0
0
-1
-1
-1
0
1
0
-1
1
0
1
-1
-1
1
0
0
0
-1
-1
0
-1
-1
0
1
1
0
0
0
-1
-1
-2
0
2
-1
-1
0
0
-1
-1
0
0
-1
0
-2
1
1
0
0
0
1
1
0
0
0
-1
-1
0
0
0
0
1
2
2
0
0
1
1
0
-2
-2
-1
1
0
1
1
0
-1
0
0
0
1
2
1
1
0
-1
-2
0
-2
-1
1
-2
-1
1
0
0
0
-1
-1
3
2
-1
2
2
0
1
-1
-4
1
2
1
0
-1
-2
1
1
-1
1
2
-1
-2
-2
-4
-2
1
2
1
3
1
-2
0
-2
-1
0
-1
0
2
0
-1
1
0
-1
1
2
2
0
0
-1
-1
0
0
0
0
0
1
-1
-1
0
-1
1
2
0
-1
0
-1
-1
0
1
2
1
1
-1
-2
0
0
1
3
1
-1
-1
-2
-1
0
2
0
-2
0
-2
-3
3
2
0
3
-1
-3
0
-2
-3
2
1
-2
1
0
-3
-2
2
0
0
1
-2
-3
3
1
1
3
-2
-3
2
2
1
3
-2
-4
1
1
2
3
1
-1
-2
0
1
2
2
0
1
1
-2
-2
1
-2
1
3
-4
-3
2
-1
1
3
-1
-2
-1
-3
1
5
0
-3
-1
1
2
5
3
-2
-1
1
-1
1
4
-1
0
1
-4
-1
1
-3
1
2
0
1
0
-5
1
5
1
-1
-1
-5
-5
3
3
1
2
-1
-5
3
3
-3
2
1
-6
3
3
-6
2
1
-6
2
4
-5
1
5
-3
-1
5
-4
-5
5
-3
-2
10
-2
-6
6
-2
-5
8
-1
-6
4
-1
-3
5
1
1
0
-1
-1
-1
3
0
-4
3
0
-5
2
3
-2
2
0
-4
0
2
0
0
4
0
-8
3
6
-8
6
6
-9
9
0
-19
9
8
-17
15
8
-20
5
8
-15
9
11
-20
5
15
-12
-2
18
-14
-13
22
-9
-10
24
-9
-24
25
-3
-23
29
0
-23
20
2
-28
19
6
-22
20
13
-24
-3
18
-19
1
22
-12
-11
19
-16
-13
34
-13
-21
33
-6
-25
28
0
-23
16
7
-22
10
10
-16
1
22
-17
-16
31
-20
-16
38
-7
-17
33
-20
-15
17
-22
10
12
-17
24
-4
-24
20
-17
0
18
-9
16
2
-12
3
-15
8
9
-31
54
5
-68
68
-20
-59
55
-15
-18
61
-34
-25
55
-57
-16
43
-12
9
9
-1
-2
-10
-18
-4
40
2
-35
55
-1
-93
65
6
-73
95
-3
-90
102
-14
-128
138
4
-121
104
27
-117
57
53
-110
83
14
-69
28
18
-20
-32
66
1
-49
7
56
-93
13
107
-103
21
75
-66
-55
87
-13
-82
101
28
-115
59
69
-177
79
116
-163
46
142
-144
-56
166
-110
-65
162
-29
-137
173
-27
-201
209
-8
-178
179
47
-197
131
21
-141
100
17
-68
67
4
-53
25
-18
18
-27
0
73
-49
-34
91
-71
-33
86
-78
22
73
-87
49
29
-98
63
-30
-19
78
-44
8
82
-110
7
53
-100
86
24
-33
68
-13
-94
42
-8
-44
72
44
-5
-5
3
-86
-4
47
-11
11
122
-66
-66
27
-52
-16
47
66
-22
50
-60
-40
-56
48
23
-21
68
40
-68
-98
89
-41
-38
93
51
-121
81
19
-240
132
186
-337
169
263
-408
91
233
-363
101
292
-387
162
208
-336
-4
277
-210
-84
295
-144
-86
119
-58
-124
180
-45
-115
211
-39
-207
160
46
-199
172
25
-147
185
-134
-100
248
-116
-131
260
-41
-221
244
-87
-91
175
-63
-95
177
-27
-229
295
-110
-109
194
-116
29
96
-145
34
185
-340
241
71
-230
208
-45
-119
78
43
-142
188
-70
3
-55
66
-18
-150
307
-175
-60
233
-200
-126
389
-392
73
357
-476
172
249
-419
195
179
-357
257
-47
-134
110
-6
-77
59
-36
109
-177
76
138
-286
227
-95
-39
54
-33
-43
70
-37
65
-107
-26
247
-269
-51
371
-265
-184
421
-283
-126
446
-362
-32
446
-452
79
169
-114
4
16
-8
103
-108
-135
390
-431
228
130
-389
416
-98
-315
430
-212
-111
367
-330
117
131
-192
-34
239
-163
-32
204
-140
-107
193
49
-408
527
-113
-313
348
-95
-76
-29
259
-373
203
204
-470
264
302
-529
212
251
-400
259
-95
-14
50
42
-242
256
3
-207
207
-116
118
-174
109
-89
125
-90
-158
332
-286
140
-56
-82
314
-360
-6
392
-316
-152
432
-398
113
155
-326
269
53
-275
53
299
-410
180
137
-228
63
286
-553
232
485
-870
527
135
-304
-85
354
-109
-450
752
-409
-248
592
-263
-430
702
-296
-308
605
-393
-7
208
-176
44
68
-12
10
-38
117
-162
96
99
-267
318
-165
-73
205
-126
-36
178
-66
-202
462
-408
-15
544
-706
318
309
-554
262
260
-426
32
530
-662
172
474
-586
101
295
-202
-237
535
-445
135
144
-246
79
91
-10
-217
278
-64
-312
374
-86
-438
767
-570
-24
363
-264
-81
270
-184
89
2
-183
372
-493
321
116
-363
94
338
-354
-207
578
-156
-569
730
-156
-620
705
-24
-675
585
329
-986
456
666
-1085
392
493
-532
-236
874
-709
-147
938
-882
173
334
4
-784
1085
-477
-404
756
-307
-426
637
60
-914
1123
-424
-377
371
386
-1017
856
109
-992
975
-213
-465
354
370
-763
520
42
-352
176
265
-339
-111
666
-575
-244
759
-460
-203
430
-231
-27
56
-84
-57
288
-317
81
30
201
-449
389
-69
-178
474
-588
193
577
-826
166
839
-1206
790
-211
-248
432
-287
-117
349
-163
-344
636
-640
392
76
-574
603
-33
-688
814
-261
-358
594
-439
166
-73
262
-433
325
125
-511
410
-32
-169
101
153
-336
297
35
-542
696
-236
-393
594
-306
-161
352
-77
-453
768
-377
-294
541
-172
-190
224
-46
-124
256
-215
-242
652
-518
-239
940
-1180
702
195
-1026
854
325
-1396
1300
-163
-849
1079
-504
-249
752
-515
-142
709
-768
502
-39
-463
671
-325
-225
329
63
-499
507
-123
-424
682
-567
163
153
-92
-260
312
88
-553
513
-87
-124
-93
444
-385
-224
899
-726
-198
1041
-973
129
704
-837
165
683
-980
565
203
-866
1005
-427
-491
1017
-619
-405
1128
-925
-20
760
-766
103
722
-967
383
552
-830
325
422
-711
355
496
-1309
1127
-159
-698
584
37
-455
335
265
-853
835
37
-925
901
219
-1302
1254
-135
-955
1134
-468
-558
1240
-1004
-196
1510
-1800
896
564
-1554
1338
-145
-1146
1496
-674
-780
1859
-1716
433
1069
-1792
1285
43
-1368
1586
-488
-1091
1910
-1266
-251
1597
-1714
624
834
-1572
1035
368
-1611
1567
-235
-1076
1252
-347
-618
794
-224
-602
1053
-857
205
430
-418
-9
172
137
-409
225
103
-148
-80
218
-221
29
97
17
-267
354
106
-951
1363
-619
-701
1147
-315
-750
1113
-604
-532
1562
-1490
419
516
-485
-77
386
-451
337
-64
-393
846
-787
308
174
-220
-34
316
-586
652
-352
-226
703
-973
1034
-759
121
500
-523
117
54
24
-96
156
-502
724
-209
-538
680
-150
-203
-175
769
-831
212
581
-975
797
-246
-390
542
-60
-334
219
117
-433
633
-568
-5
595
-536
75
263
-273
97
245
-504
445
-43
-225
96
168
-279
5
290
-432
349
-54
-159
-2
494
-486
-71
652
-704
410
50
-639
609
135
-857
530
330
-675
441
-170
127
-28
-254
665
-740
360
158
-231
-273
727
-485
-337
826
-476
-57
-121
774
-965
543
46
-316
186
-49
403
-1175
1398
-482
-662
710
206
-986
824
-158
-282
363
-461
777
-871
497
63
-123
-336
802
-814
289
236
-355
-36
177
427
-1045
697
424
-838
42
862
-862
310
28
-161
298
-270
142
-44
-116
513
-735
314
327
-666
514
-315
-26
400
-601
383
230
-663
604
-203
122
-353
324
163
-394
-88
671
-469
-607
1543
-1453
394
628
-863
279
244
-89
-427
542
135
-428
-284
1451
-1562
377
894
-1070
293
315
-69
-786
1393
-1269
609
-78
-189
461
-968
875
-23
-874
477
953
-1888
1360
197
-1071
773
41
-72
-428
622
-91
-283
-158
971
-1177
168
1219
-1764
834
489
-765
-95
752
-33
-1173
1308
-61
-1062
612
777
-1496
575
1106
-2211
1995
-712
-560
827
-229
-60
-417
873
-708
616
-626
149
884
-1156
114
918
-1092
472
430
-1354
1379
-130
-1116
735
771
-1398
723
220
-530
523
-537
727
-788
418
425
-1094
695
333
-1011
620
310
-900
899
-546
153
247
-805
1255
-1074
-16
1405
-1904
988
487
-1000
289
522
-298
-589
954
-370
-576
1033
-745
90
426
-568
596
-680
537
67
-673
627
-60
-184
-148
362
-30
-289
104
101
138
-548
535
-325
66
329
-847
828
-192
-318
436
-385
369
13
-474
479
-15
-230
44
75
107
-342
321
87
-649
862
-293
-751
1218
-658
-520
983
-277
-783
925
139
-1365
1500
-414
-783
999
-186
-516
210
716
-1153
514
782
-1467
910
327
-1043
484
536
-937
485
173
-532
515
-235
99
24
-146
311
-129
-350
596
-231
-377
575
-337
71
23
-124
335
-687
555
-116
-313
366
-119
-19
-42
176
-342
448
-275
187
-171
35
474
-770
184
850
-1049
-38
1318
-1597
823
175
-811
693
-190
-123
39
151
261
-788
365
615
-1166
702
209
-663
568
-220
-298
746
-822
372
697
-1742
1754
-380
-1354
2011
-1155
-118
671
-359
-406
817
-285
-704
1122
-473
-371
-39
1168
-1558
742
712
-1480
1256
-413
-380
60
973
-1075
-157
1244
-637
-844
1080
-1
-1034
1205
-804
86
750
-693
-426
1451
-1349
341
472
-1012
1481
-998
-291
1041
-352
-1151
1705
-893
-517
1872
-2289
1065
858
-1700
1020
47
-182
-263
342
-416
639
-456
-182
847
-1086
904
-612
18
835
-1155
484
645
-1490
1615
-646
-659
1257
-960
-155
725
-60
-663
888
-349
-258
-179
691
-319
-420
826
-509
-108
480
-610
314
558
-1014
313
325
-185
-102
-66
625
-402
-355
311
-105
224
-229
-123
647
-189
-829
899
-119
-577
534
41
-485
471
265
-1502
1944
-594
-1471
2110
-814
-908
1397
-863
285
262
-623
536
-166
134
-678
718
33
-415
-49
520
-141
-454
339
-59
216
-472
127
359
-350
-19
464
-508
205
291
-925
517
811
-1397
777
705
-1394
592
275
-615
504
-132
-114
293
-254
70
-13
39
144
-309
-180
982
-1071
393
552
-762
257
218
-549
277
476
-1007
912
-235
-451
437
-28
-368
528
-94
-537
912
-803
219
204
-220
135
-78
138
-165
40
-88
214
-309
277
54
-372
529
-377
1
18
321
-640
554
-103
-417
559
-472
431
-421
589
-635
196
117
-92
-262
704
-208
-935
1699
-1516
238
754
-419
-424
985
-545
-518
1146
-737
-121
529
315
-1224
870
348
-1150
587
503
-984
509
440
-1019
544
341
-757
255
225
121
-339
82
568
-836
319
153
-251
-121
843
-817
-152
970
-902
-63
458
347
-1288
1467
-484
-870
1318
-622
-493
591
553
-1562
1498
-613
-440
700
-278
-236
426
199
-926
855
-509
51
152
14
0
29
65
-452
369
154
-532
499
183
-592
396
244
-720
633
71
-768
771
-34
-633
594
-18
-683
633
-36
-498
524
40
-517
290
-99
-40
246
50
-203
208
356
-1037
559
315
-684
492
54
-523
733
-192
-1187
1522
-427
-832
1109
-164
-549
782
-427
-848
1747
-1231
-286
1263
-757
-267
846
-786
131
769
-1326
783
72
-335
111
394
-328
-25
150
-257
92
104
204
-439
728
-481
-287
761
-690
114
359
-101
-151
585
-622
291
58
-689
717
-272
207
50
58
-479
503
-879
493
409
-778
1120
-507
-279
355
-214
-515
900
-641
125
577
-684
244
21
-136
-203
312
-57
-78
256
26
-433
507
-313
-376
695
-452
-81
596
-494
2
387
-621
240
23
-238
400
-208
92
145
-188
-69
102
56
-276
311
78
-284
297
-21
-157
-12
4
7
-271
472
-98
-262
513
-342
-509
668
-251
-552
1170
-671
-265
996
-1030
151
758
-714
81
730
-701
224
299
-511
392
-155
-381
389
-188
-381
499
-331
-156
270
-377
-127
343
-606
140
240
-450
315
-1
-204
80
-75
-205
145
68
-72
228
-101
-46
-50
-141
115
161
-147
117
270
-534
7
228
-114
-14
401
56
-320
181
-226
-198
495
-34
40
598
-320
-385
350
-509
240
467
-290
744
-82
-557
280
-160
-328
594
102
95
315
-138
-378
158
-13
-257
281
460
-393
101
329
-491
168
43
-83
283
-188
69
267
-266
73
73
-92
45
-12
-39
130
19
-194
-55
136
-166
-16
61
366
-253
-186
380
-454
137
106
91
257
-59
-6
-104
-33
-18
107
112
319
-196
-88
46
-268
-25
142
131
-43
-97
-99
-143
-281
-70
220
-164
-38
55
-371
9
-169
-338
248
50
-447
227
-9
-195
-57
-185
153
-93
-379
275
106
-203
263
-243
108
-86
-344
142
99
202
-123
132
-56
-170
-250
-227
368
-50
-126
102
11
-288
-308
-55
115
32
-185
306
6
-185
-61
-78
14
118
26
96
466
-130
-11
64
110
-132
23
471
127
70
258
-145
-143
226
-139
70
400
1
-102
160
-172
-35
67
27
336
14
5
98
-93
-67
-2
211
-1
252
174
-113
25
-141
-96
-155
132
152
-19
-114
26
-466
-306
21
-245
156
-70
29
-153
-354
-239
-170
-163
79
192
-83
82
-76
-418
-140
-32
-10
285
140
105
198
-149
-242
-18
-79
20
159
50
224
-117
-36
165
-385
8
56
-69
365
220
138
394
70
-48
287
-14
216
327
196
399
161
16
7
-18
-18
164
-11
171
-63
-178
61
-100
-9
-81
180
49
174
-30
105
203
-46
240
127
184
244
182
73
306
152
95
18
100
138
-10
121
75
8
-131
-92
-424
-268
-282
-347
-263
-459
-380
-572
-455
-555
-779
-589
-688
-665
-489
-432
-523
-663
-510
-596
-599
-364
-292
-268
-236
-398
-465
-384
-409
-341
-382
-145
-223
-331
-232
-280
-139
-365
-250
-63
-122
-54
-1
113
-40
-20
266
225
226
490
527
473
543
693
696
726
721
963
956
1021
1304
1251
1392
1202
1327
1453
1525
1620
1755
1730
1922
1931
1885
2272
2185
2263
2241
2314
2246
2295
2254
2229
1717
1499
1216
460
193
-232
-553
-1280
-2023
-2832
-3041
-3411
-3700
-3810
-4024
-3933
-4201
-4121
-3883
-3594
-3414
-2884
-2365
-1854
-1363
-1145
-686
-415
-141
259
461
729
869
656
651
606
318
114
-142
-254
-466
-790
-1068
-1312
-1421
-1677
-1996
-2155
-1829
-1985
-1900
-1542
-1472
-1343
-1310
-884
-522
-210
119
560
978
1222
1278
1697
2117
2146
2403
2740
3004
3050
3066
3117
3001
2830
2600
2476
2503
2363
2244
2300
2204
1632
1541
1928
2206
2097
2057
2254
2282
2187
2071
2251
2242
2253
2241
2644
2847
2652
2753
1326
-2500
-6235
-5211
-1252
-263
-2581
-3474
-2340
-4616
-8405
-8082
-3443
-2232
-4703
-3851
842
1757
-2364
-4060
-1657
-227
-1251
1172
5122
4449
117
-891
1701
1602
-1077
-766
2369
2300
-178
-597
139
-2378
-5955
-5033
-1788
-1384
-2880
-2819
-2441
-3804
-5547
-4794
-2856
-2197
-1930
-325
1266
383
-1229
-935
401
522
1017
2802
3734
2891
2062
2276
1901
853
514
1559
2463
2303
1356
493
-222
-1392
-1919
-1233
-254
-265
-525
-455
-549
-1266
-1735
-1301
-395
602
1377
1852
1806
1287
719
931
1782
2609
2837
2892
2901
2599
1942
1467
1480
1904
2512
3078
3303
2960
2379
2146
2283
2498
2688
3101
3644
3360
2956
2929
3516
2762
1773
1025
1323
795
-318
-2410
-4563
-4836
-3221
-1498
-2580
-3845
-4593
-4199
-5396
-5624
-3804
-724
-380
-2181
-1404
1654
2915
183
-912
948
3408
3302
3104
3627
3153
1269
-273
347
979
582
-927
-1542
-1735
-1919
-2803
-4194
-5301
-5622
-4809
-3808
-2917
-2619
-2736
-3245
-3123
-2012
-619
141
399
1322
2461
3135
2978
2467
1720
1007
462
1030
2233
2390
661
-1244
-2307
-3178
-4130
-4055
-3106
-2834
-3012
-3251
-3193
-3685
-3886
-3486
-1966
-534
361
635
744
690
52
-98
297
1282
1726
1952
1676
1035
59
-728
-899
-413
604
1053
799
152
-187
-180
-192
-83
606
1662
2263
2385
2488
2811
3129
2894
3159
4175
5373
5748
5616
5387
5279
5384
5139
4795
4545
4918
4351
3070
1499
779
1142
2537
1484
-4681
-11376
-10496
-2829
993
-2146
-5108
-3301
-3402
-8048
-8900
-274
7030
3607
-2265
1629
10059
9572
1560
-1767
3034
7378
7593
6978
6978
3880
-1782
-5130
-3378
-100
-208
-3501
-6352
-6082
-4641
-5005
-7999
-10420
-9808
-6466
-2723
-819
-850
-2201
-3861
-4239
-1761
1996
4350
4382
3263
2968
3148
2629
1348
226
-399
-707
-340
161
-517
-3428
-6528
-7660
-7006
-6752
-6886
-5468
-3795
-3846
-5108
-5438
-4610
-3616
-2835
-933
2071
3416
2341
822
661
879
717
972
2127
3110
2610
1143
-446
-1494
-2143
-2024
-982
403
1132
303
-1000
-1337
-594
235
1350
2923
4486
5259
4769
4434
4458
4701
5125
6350
7904
8241
7712
6688
6169
5359
4887
4664
5309
6028
5995
5956
5568
5302
3755
2276
1228
2401
3302
301
-7123
-12808
-8530
23
2566
-3560
-7737
-6523
-5536
-8609
-7349
2179
8122
3139
-3866
528
9326
9486
664
-2553
3870
9944
8943
5019
3186
772
-3464
-6090
-2788
1509
697
-5484
-10031
-9106
-6568
-7274
-10475
-11442
-9206
-5756
-3794
-3161
-3999
-5443
-6245
-4231
710
5649
6992
4561
2363
2206
2940
2791
2808
3154
2706
1102
183
-139
-1599
-4254
-6423
-6025
-4629
-4391
-5071
-5057
-5248
-5940
-6401
-5379
-2816
-595
509
1095
1696
1386
775
745
1560
2311
2986
3696
3746
2933
1263
-492
-1624
-1277
-98
1162
1366
611
-427
-1593
-2419
-2172
-893
579
1722
2301
2737
2971
2702
2316
2496
3557
4873
5994
6303
5523
4495
4013
4147
4107
3763
3225
3234
3359
2818
1821
1163
1353
1812
2137
2467
3725
4659
4374
3295
3557
5521
5973
760
-8317
-13164
-7468
3034
7139
1652
-5036
-7601
-9160
-11773
-9490
227
7695
4423
-3513
-3028
4471
6853
-517
-6072
-1212
8577
12136
7874
2783
-336
-3990
-7467
-5019
2497
6929
2039
-6772
-10339
-7711
-5915
-8334
-10916
-9548
-4960
-1576
-929
-2595
-5633
-8806
-8942
-4152
3576
9161
9062
4529
-394
-1402
981
3227
3143
2140
1954
2500
1900
-1184
-4949
-7941
-9122
-7860
-4188
-819
-525
-4036
-8636
-10263
-7946
-3710
-322
1712
2613
2782
1961
705
154
683
1882
3429
5653
7176
6032
1947
-2040
-2906
-795
1651
2531
2180
1233
-142
-2053
-3353
-2999
-1414
202
1538
2695
3145
2266
638
-55
1296
3915
6168
6957
6405
5249
4249
4252
5212
6357
6698
6245
5551
5023
4677
4013
3342
2782
3097
4220
5238
5103
4226
3372
2636
2480
2690
3601
3649
274
-6425
-11163
-8135
-424
3731
-480
-6335
-8444
-8147
-9231
-8272
-2100
4039
3195
-2853
-3818
1794
6050
2232
-3028
-1620
5484
9593
6733
1918
-451
-1412
-3390
-3434
-54
3529
1665
-4923
-9820
-9079
-6192
-6251
-8658
-9508
-6695
-3247
-2331
-4313
-6604
-7344
-5965
-2883
1148
5026
6556
4204
-502
-2419
133
3716
4101
1815
234
608
769
-1054
-3181
-4306
-4503
-4436
-3679
-2381
-1388
-2360
-4933
-6468
-5101
-1700
1050
1810
1353
1407
2014
2615
2782
3059
3594
4250
4686
4788
4265
2847
1022
-211
-35
979
1640
968
-514
-1840
-2306
-2060
-1452
-828
-260
333
703
836
941
1471
2000
2220
2339
3091
4185
4491
3782
3122
3568
4264
4482
4309
4493
4613
4065
3152
2706
2888
2719
2585
3038
3863
3818
3110
2431
2064
1815
1333
1032
505
-556
-2139
-3415
-3952
-3928
-3990
-4902
-5671
-5507
-4824
-4940
-5677
-5559
-4017
-2063
-1133
-280
1030
2157
1846
1045
1364
2909
4152
3834
2844
2130
1840
1186
87
-1149
-2045
-2655
-3327
-3987
-4710
-5519
-6486
-7110
-7205
-6496
-5245
-4136
-3826
-4147
-3922
-2582
-711
555
1457
2506
3572
3969
3540
2896
2676
2947
2871
2341
1632
1064
140
-1263
-2494
-2776
-2533
-2940
-3888
-4517
-4417
-4234
-4130
-3851
-3082
-2139
-1399
-726
159
1212
1972
2283
2442
2952
3632
4038
3992
3597
2852
1990
1386
1071
637
-55
-676
-946
-1077
-1424
-1924
-2201
-1833
-1123
-589
-372
7
586
924
1087
1684
2775
3395
3243
2951
3289
3975
4393
4346
4276
4537
4695
4544
4373
4660
4774
4123
3219
2984
3373
3656
3861
3855
3363
2437
1951
2184
2353
1695
-206
-2630
-4437
-4345
-3026
-2433
-3473
-5305
-6549
-7187
-6968
-5880
-4059
-2907
-2977
-3160
-1943
583
2425
2691
1927
1957
2990
4390
5052
4769
3766
2506
1331
377
47
6
-356
-1982
-4319
-6081
-6214
-5593
-5758
-7005
-8107
-7645
-6058
-4532
-4023
-3970
-3753
-2931
-1573
233
2323
3975
4573
3999
3400
3610
4469
4772
4177
3507
3126
2523
1075
-504
-1675
-2458
-3297
-3785
-3691
-3600
-4054
-5069
-5831
-5755
-4530
-2870
-1397
-424
260
817
1207
1622
2210
2957
3505
3872
3966
3793
3251
2256
1050
195
-75
-166
-451
-963
-1380
-1624
-1993
-2364
-2166
-1308
-592
-677
-1011
-603
422
1065
1331
1876
2611
2742
2210
1974
2650
3725
4169
3916
3710
4028
4332
3862
3284
3543
4397
4516
3876
3487
3755
4004
3574
2992
2598
2638
2737
2847
2210
-113
-4017
-7506
-7764
-5003
-1990
-1664
-3534
-6138
-8406
-9652
-8628
-4795
-694
810
-646
-1428
545
3757
4736
3063
1682
2646
5082
6526
6699
5867
4236
1310
-1646
-2509
-722
1514
1231
-1706
-5239
-6838
-6581
-5844
-5878
-6242
-6045
-5046
-3816
-3091
-2662
-2440
-2395
-2472
-1461
1301
4774
6421
5233
3016
2115
2817
3606
3799
3715
3761
3192
1837
482
-195
-1129
-3235
-5590
-6301
-4974
-3496
-3406
-4767
-6521
-7814
-7608
-5674
-2855
-732
-109
-414
-619
-34
1026
1951
2155
1999
2097
2761
3417
3218
1938
181
-1091
-1456
-942
-101
513
243
-1015
-2428
-2720
-1701
-686
-658
-1064
-741
139
763
978
1231
1415
1229
947
1270
2414
3735
4281
3806
3121
3214
4049
4538
4508
4555
5187
5602
5445
5016
4989
5112
4871
4443
4101
4289
4603
5064
3831
-448
-6934
-10432
-7690
-1827
1104
-772
-3763
-6534
-9637
-12426
-10144
-2813
3521
3147
-1065
-1895
1845
5203
3990
1356
1289
4267
6569
6992
6844
6693
4853
590
-2863
-2451
1336
4039
3100
-697
-4387
-6237
-6156
-5189
-4533
-4368
-4335
-4010
-3933
-4252
-4419
-3803
-3038
-2840
-2452
-592
2229
3489
2089
-45
-417
757
1680
2007
2608
3302
2825
1292
284
390
284
-887
-2237
-2799
-2790
-3129
-3988
-4988
-5744
-5983
-5435
-4309
-3403
-3256
-3647
-3841
-3429
-2316
-740
721
1220
698
196
641
1699
2361
2339
2020
1750
1433
1073
934
1192
1398
895
-150
-665
-187
233
-256
-1040
-1032
-399
-3
-16
-4
248
511
535
426
702
1728
3059
3880
4125
4426
4850
4867
4422
4352
5262
6626
7286
6842
5994
5551
5287
4743
4090
3999
4562
4851
3608
-412
-6002
-9494
-7677
-2630
612
-258
-3065
-5662
-8459
-10486
-8939
-2803
2887
3263
-335
-1785
1189
4321
3684
857
322
2397
4268
4352
4553
5591
5227
1975
-1653
-1840
995
3222
2401
-62
-2037
-2884
-3119
-2919
-2464
-2506
-3360
-4527
-5141
-5230
-5012
-4353
-3275
-2656
-3192
-4062
-3960
-2902
-2158
-2050
-1741
-841
-24
247
549
1266
1942
1946
1494
1200
1352
1657
1556
673
-906
-2452
-3317
-3359
-2955
-2519
-2302
-2571
-3405
-4450
-4965
-4585
-3599
-2589
-1787
-1078
-417
-37
-212
-684
-754
40
1223
1948
1957
1655
1363
975
610
613
967
1167
965
624
521
691
846
660
139
-244
-22
712
1351
1420
1064
723
870
1602
2720
3792
4383
4410
4106
3939
4135
4697
5375
5905
5959
5513
5004
4778
4838
4585
4036
3603
3620
3217
919
-3123
-6405
-6137
-3111
-507
-461
-1817
-3489
-5718
-8024
-7981
-4207
211
1491
-394
-1535
-56
2181
2691
1829
1297
1380
1524
1806
3116
4859
5424
3903
1555
207
404
1374
2120
2049
839
-937
-2113
-2038
-1558
-1655
-2409
-3385
-4522
-5685
-6066
-5105
-3487
-2686
-3277
-4426
-4977
-4761
-4163
-3273
-2079
-1186
-1117
-1244
-565
745
1666
1915
2013
2077
1907
1767
2031
2227
1516
30
-1205
-1477
-1092
-775
-908
-1411
-2106
-2887
-3460
-3509
-3095
-2733
-2619
-2434
-1899
-1274
-957
-1009
-1227
-1319
-1034
-280
591
1127
1160
997
1006
1238
1374
1207
995
1145
1644
2143
2485
2568
2207
1306
479
517
1442
2307
2345
1874
1774
2354
3088
3498
3606
3614
3352
2774
2374
2800
3930
4849
4824
4124
3583
3538
3641
3540
3410
2954
1294
-1610
-3831
-3429
-1114
571
287
-1154
-2892
-4729
-5979
-5275
-2815
-931
-1392
-3076
-3414
-1728
353
1200
853
42
-875
-1507
-870
1446
3990
4663
3178
1354
728
1133
1778
2406
2719
2059
560
-465
-212
386
7
-1300
-2608
-3503
-4122
-4362
-3943
-3182
-2996
-3812
-4830
-4941
-4185
-3566
-3493
-3356
-2784
-2187
-1769
-1129
-79
895
1338
1227
763
267
26
-9
-71
-53
287
657
485
-255
-1069
-1615
-1856
-1824
-1628
-1406
-1177
-985
-1035
-1329
-1451
-1230
-1115
-1420
-1721
-1457
-712
12
461
631
509
140
-267
-394
-28
742
1486
1723
1386
921
821
1134
1576
1925
2053
1781
1130
668
1087
2301
3466
3978
4040
4031
3940
3670
3498
3770
4345
4723
4639
4415
4569
5085
5390
5184
4722
3797
1443
-2251
-4931
-4341
-1456
598
276
-1375
-3263
-5388
-7156
-6963
-4634
-2619
-3036
-4731
-4821
-2616
-179
692
311
-286
-830
-1202
-618
1420
3885
5025
4310
2921
2174
2229
2528
2739
2651
1895
669
-19
293
667
115
-1012
-1995
-3060
-4510
-5470
-4963
-3604
-2979
-3493
-4044
-3863
-3515
-3637
-3634
-2695
-1413
-958
-1097
-560
837
1987
2347
2356
2176
1521
709
450
753
1075
1227
1274
998
198
-831
-1559
-1746
-1572
-1469
-1634
-1808
-1743
-1691
-1881
-1916
-1486
-1098
-1284
-1556
-1153
-239
427
557
472
518
704
888
1019
1186
1434
1523
1285
978
1044
1521
1972
1984
1498
819
467
756
1517
2308
2843
3050
2963
2755
2739
3130
3808
4358
4383
3961
3747
4321
5360
5913
5531
4591
3270
1073
-1877
-3850
-3186
-779
631
-266
-2200
-3838
-5456
-7133
-7430
-5560
-3464
-3473
-4867
-4974
-3095
-1264
-1052
-1636
-1661
-1280
-1222
-921
840
3576
5109
4391
2907
2480
2903
3004
2759
2808
2863
2224
1279
1040
1385
1115
-333
-2213
-3579
-4278
-4489
-4119
-3275
-2804
-3486
-4779
-5385
-4983
-4337
-3879
-3311
-2607
-2154
-1802
-954
368
1525
2108
2078
1514
884
918
1668
2322
2405
2334
2348
1991
1087
247
-72
-201
-599
-1124
-1419
-1514
-1643
-1888
-2096
-2134
-2040
-2006
-2141
-2238
-1949
-1274
-637
-323
-154
138
488
746
953
1224
1555
1842
1945
1806
1693
2016
2605
2717
2060
1382
1500
2147
2506
2399
2396
2751
3010
2829
2666
3116
3839
3867
3097
2698
3538
4867
5266
4554
3769
3182
1650
-1259
-3644
-3318
-980
524
-126
-1642
-2983
-4751
-6944
-7661
-5823
-3417
-2974
-4164
-4626
-3428
-1888
-1270
-1353
-1499
-1644
-1692
-932
1102
3615
5123
4966
3807
2647
1998
2053
2775
3554
3490
2488
1482
1149
1046
357
-1005
-2535
-3840
-4725
-4936
-4389
-3585
-3325
-3959
-5046
-5765
-5606
-4688
-3581
-2869
-2684
-2545
-1847
-551
806
1703
1969
1627
925
522
1034
2267
3295
3433
2794
1903
1193
824
692
497
18
-579
-910
-790
-542
-754
-1609
-2567
-2854
-2323
-1526
-1030
-926
-998
-1029
-765
-111
700
1282
1430
1310
1365
2008
3121
3948
3759
2785
2110
2484
3617
4654
5013
4647
3952
3484
3612
4286
5025
5249
4770
4016
3641
3947
4579
4845
4399
3518
2656
1494
-789
-3868
-5659
-4682
-2396
-1554
-2757
-4457
-5997
-8061
-10013
-9610
-6557
-3813
-3791
-5147
-4944
-2819
-1027
-927
-1478
-1318
-464
596
2144
4491
6593
6871
5294
3458
2592
2654
3179
3778
3820
2687
862
-333
-536
-898
-2332
-4205
-5419
-5858
-6006
-5848
-5154
-4460
-4687
-5746
-6426
-5820
-4304
-2810
-1908
-1607
-1513
-1050
99
1557
2611
2915
2649
2178
1924
2268
3055
3491
3043
2051
1171
653
406
240
-128
-930
-1896
-2325
-1939
-1365
-1502
-2500
-3553
-3689
-2728
-1474
-791
-728
-786
-621
-196
488
1340
1992
2090
1878
2097
3127
4396
4885
4170
2916
2296
2901
4261
5452
5836
5292
4274
3583
3795
4665
5416
5453
4835
4078
3734
4049
4675
4773
3818
2346
1353
868
-375
-3015
-5557
-5900
-4329
-3144
-3526
-4514
-5525
-7345
-9662
-10136
-7541
-4114
-2779
-3444
-3772
-2802
-1608
-955
-390
381
939
1284
2282
4286
6187
6621
5638
4304
3215
2451
2372
3135
3712
2756
472
-1467
-2197
-2559
-3392
-4350
-4994
-5717
-6708
-7140
-6382
-5287
-5102
-5724
-6006
-5401
-4242
-2823
-1307
-293
-320
-825
-529
966
2748
3830
3996
3515
2843
2566
2893
3273
2978
1978
864
156
-69
-98
-390
-1221
-2360
-3259
-3632
-3497
-2979
-2558
-2822
-3411
-3154
-1777
-508
-336
-575
-36
1263
2393
3037
3610
4179
4361
4185
4222
4825
5562
5711
5288
5053
5470
6127
6467
6419
6108
5627
5243
5303
5797
6310
6478
6219
5623
4946
4477
4195
3816
2900
731
-2867
-6201
-6713
-4352
-2114
-2391
-4492
-6852
-9312
-11440
-11179
-7623
-3693
-3022
-5177
-6487
-5061
-2571
-1114
-600
-29
544
793
1525
3602
5958
6416
4554
2376
1738
2428
3271
3583
2978
1021
-1854
-3999
-4364
-3870
-4065
-5221
-6586
-7721
-8518
-8494
-7371
-6143
-6169
-7187
-7474
-6155
-4145
-2576
-1589
-1023
-1026
-1305
-841
789
2625
3495
3338
2933
2915
3268
3441
2841
1591
671
751
1332
1473
885
-166
-1453
-2686
-3354
-3129
-2342
-1841
-2245
-3100
-3197
-2063
-731
-505
-1160
-1218
3
1599
2598
3078
3426
3516
3236
3096
3772
5124
6080
5891
5109
4851
5444
6297
6874
7134
7094
6770
6536
6933
7819
8353
8021
7177
6475
6065
5707
5336
4705
2715
-1316
-5464
-6360
-3625
-834
-1063
-3487
-6001
-8405
-10585
-10379
-6582
-2335
-1809
-4499
-6031
-4315
-1544
-107
351
938
1362
1265
1769
3863
6172
6324
4177
2011
1476
2085
2781
3100
2483
295
-2760
-4695
-4749
-4371
-4919
-5991
-6799
-7496
-8127
-7889
-6544
-5485
-6055
-7323
-7243
-5411
-3407
-2472
-2220
-1962
-1787
-1920
-1810
-908
383
1128
1042
776
1027
1628
1549
236
-1172
-969
678
1807
1298
98
-724
-1418
-2164
-2083
-747
481
34
-1658
-2556
-1535
285
1047
361
-447
-200
809
1693
2223
2662
2760
2196
1603
2107
3821
5314
5128
3483
2341
3154
5190
6689
7132
7295
7487
7300
6981
7404
8427
8772
7824
6738
6777
7627
6940
2797
-3315
-6917
-5378
-1467
320
-1077
-3561
-6535
-10242
-12236
-9114
-2565
1101
-824
-4038
-3797
-1213
59
-292
317
2186
3337
3342
4143
6100
6500
3723
113
-857
892
2909
3506
2673
557
-2453
-4895
-5454
-4693
-4143
-4207
-4376
-4655
-5395
-5870
-5130
-3786
-3569
-4456
-4306
-2282
-572
-1378
-3506
-4344
-3589
-3032
-3243
-3080
-2212
-1805
-2545
-3416
-3276
-2464
-2392
-3372
-3751
-1893
1206
2588
997
-1625
-2798
-2308
-1345
-412
583
1033
121
-1698
-2656
-1787
-236
173
-706
-1286
-612
607
1195
1160
1053
1047
1009
1167
2068
3447
4269
3747
2710
2825
4651
6695
7302
6665
6442
7576
9193
9855
9278
8411
7730
7093
6605
6783
5889
1323
-5442
-8106
-3647
2347
3036
-1274
-5614
-8660
-11002
-10050
-3263
4520
5440
-248
-4125
-1640
2543
3045
1255
1482
3472
4460
4357
5244
5990
3359
-2031
-4994
-2493
2222
4330
2671
-711
-4073
-6215
-6092
-3999
-2125
-1869
-2295
-2170
-1907
-2180
-2304
-1993
-2316
-3387
-2886
233
2599
737
-3538
-5494
-4421
-3397
-3561
-3147
-1865
-1659
-2777
-3316
-2465
-1660
-1835
-2268
-1589
463
2663
3154
1396
-1014
-2308
-2123
-1338
-605
-478
-1248
-2703
-4025
-4556
-4177
-3272
-2645
-2699
-2898
-2195
-760
278
261
29
377
1171
1920
2472
2910
3044
3104
3476
4485
5661
6398
6315
5998
6325
7246
7702
7135
6315
5723
5258
4724
4081
1433
-3827
-8247
-6729
-772
2627
21
-4657
-7254
-8484
-8571
-4873
2614
7089
4294
-883
-554
4249
6712
4715
3232
5220
7516
7315
6135
6093
4857
721
-3258
-2306
2181
4594
2347
-1768
-4659
-5855
-5601
-4216
-2654
-2220
-2398
-2347
-2144
-2499
-2953
-2939
-2860
-3098
-2802
-1169
89
-1537
-5481
-7815
-6428
-3582
-2291
-2470
-2607
-2505
-2353
-1545
240
1978
2667
2335
1896
2366
3605
3949
2279
206
-253
317
-44
-1385
-2536
-3379
-4320
-4733
-3986
-2638
-1851
-2292
-3570
-4210
-3007
-920
210
413
960
1588
1139
154
158
1223
2337
3063
3714
4370
4918
4927
4448
4194
4891
5655
5548
4815
4432
4451
4210
2382
-2526
-8306
-9397
-3385
2924
2535
-3194
-7325
-8653
-9404
-8066
-1392
6232
6110
-1154
-5289
-632
5119
4439
230
669
5070
7454
6023
4603
4118
1711
-2078
-2332
3323
9216
9240
3467
-2008
-3656
-1989
437
2054
2032
931
360
280
-343
-1692
-2123
-2057
-2526
-2904
-1316
405
-1525
-6692
-9993
-8348
-4738
-3005
-3525
-4024
-3963
-3826
-3268
-1207
1650
3182
2798
2109
2577
3345
2971
1539
531
564
713
126
-934
-1915
-3085
-4338
-4432
-2606
-241
645
-155
-1373
-1714
-750
1039
2473
3125
3575
3770
2886
1309
773
1680
2646
2917
3044
3461
3589
2961
2065
1922
3013
4154
4348
3590
3140
2954
2539
216
-4572
-8986
-7822
-1152
3204
553
-4936
-7102
-7934
-9396
-7791
81
6728
4055
-3663
-5187
568
3479
-161
-2983
1035
5870
5153
1215
-48
8
-2278
-4523
-1505
5251
7956
3733
-2401
-4283
-2335
255
1653
2372
2402
1960
1446
757
-380
-1335
-1130
-497
-251
-226
7
-919
-3925
-6925
-6620
-2836
375
326
-1518
-1948
-1084
-429
192
2099
4577
5407
4395
3120
2839
2528
1475
314
445
1174
590
-1619
-3672
-4221
-3992
-3424
-2422
-1119
-856
-1721
-2553
-2116
-648
656
1279
1555
2202
2455
2041
1393
1678
2349
2841
3155
3577
3748
3110
2535
2511
3256
3574
3575
3359
3239
2758
1793
-29
-4030
-8313
-8581
-2605
2771
1454
-4548
-7889
-8121
-8580
-7483
-1556
5036
3640
-3100
-5377
-110
3145
-35
-2957
937
6537
6139
1721
-653
-414
-1862
-3442
-801
5220
7325
2750
-2996
-4278
-1897
-64
593
1132
1853
1707
992
-51
-1426
-2512
-2258
-933
-237
-512
-1270
-2609
-5189
-7250
-6182
-2449
260
43
-959
-801
-15
359
1326
3490
5710
6508
5945
5010
4137
3368
2583
2138
2162
2265
1560
-148
-1873
-2791
-2730
-2267
-1545
-1086
-1127
-1643
-1983
-1843
-1398
-781
-111
754
1202
901
-7
-196
933
2519
3332
3140
2844
2480
2135
1993
2808
3742
4008
3518
2830
2137
1490
680
-2138
-6455
-8539
-5000
-55
593
-3160
-6007
-6809
-7887
-8286
-4179
2338
3553
-1526
-4709
-1257
2313
359
-2471
123
5052
5861
3038
1010
286
-1240
-2476
-384
4070
6135
3256
-1018
-2388
-1167
-303
-246
403
1110
1167
828
469
-931
-2645
-3151
-2420
-1748
-1365
-1162
-2172
-4375
-6088
-5780
-4206
-2565
-1364
-436
292
644
765
1159
2497
4158
5219
5355
5420
5529
5101
3752
2387
2079
2434
2456
1850
1178
381
-636
-1060
-168
1059
935
-29
-458
-55
221
516
986
1101
437
-199
40
919
1775
1851
1754
1772
2040
1853
1877
2389
2861
2909
2538
2295
1462
579
-2275
-6467
-9482
-6372
-1120
-3
-4120
-6956
-7016
-8119
-9449
-6180
1035
3024
-1693
-5441
-2205
1089
-1507
-5250
-2263
4303
5687
1558
-1337
-923
-1237
-2900
-1858
2807
5781
3389
-1139
-2349
-237
940
-103
-569
1280
3052
2843
1060
-628
-1741
-2168
-1917
-1151
10
667
-231
-2743
-4885
-5096
-3588
-1510
81
908
1085
1281
993
448
921
3468
5941
6126
4824
4357
4565
3501
1746
1476
3164
4253
3307
1681
1194
1400
975
574
1265
2702
2920
1876
914
1272
2046
2175
1558
1278
1683
2253
2428
2034
1721
1642
2242
2674
2818
2406
2060
1833
1598
1527
1120
564
-2333
-6699
-10148
-7335
-1552
549
-3985
-8408
-8387
-7685
-8513
-7311
-1371
1705
-1712
-6159
-4013
53
-1203
-5440
-4831
964
4317
2348
-954
-1921
-2037
-2826
-2567
248
3163
2744
-561
-2879
-2498
-1416
-1784
-2373
-1263
871
1618
-74
-2557
-4040
-4236
-3662
-2278
-322
739
-135
-2189
-3803
-4121
-3103
-959
1214
2346
2103
1520
1111
1423
2417
3796
4781
5350
5645
5357
4451
3384
2847
2772
3268
4371
5261
4750
2865
1318
1230
2325
3392
3663
3339
2878
2681
2224
1693
1485
2036
2902
3520
3798
3307
2270
1452
2074
3510
4527
4098
3101
2167
2019
2070
2388
812
-3203
-7638
-6830
-1450
1770
-1298
-6109
-6798
-6330
-7102
-6982
-1924
1667
-769
-5572
-4539
-519
-1166
-5685
-6276
-346
3929
2140
-2154
-2924
-1865
-2330
-3208
-660
3325
3120
-1556
-4297
-2396
-782
-2834
-4600
-2220
893
340
-2788
-4489
-4761
-5524
-6028
-4707
-2422
-1766
-2849
-4033
-4846
-5435
-5402
-3398
-751
863
664
94
-519
-786
-9
2114
4082
4501
3932
3475
3316
2687
1925
1719
2893
4640
5534
4720
3189
2238
1987
2559
3935
5489
5528
4335
3342
3292
3388
3330
3698
4466
5129
4979
4266
3299
3146
3708
4667
5025
4727
4124
3423
3201
2940
2562
-488
-4892
-7500
-3509
1864
2341
-3015
-6602
-5988
-5651
-6394
-4408
1184
2117
-2462
-5960
-2776
-124
-3016
-6917
-4378
2105
3690
-140
-3364
-2353
-1647
-3024
-2871
1276
4437
1911
-2419
-2597
-79
-705
-3687
-3349
373
2061
-300
-2711
-3085
-3630
-5335
-5682
-3558
-1499
-1714
-3028
-3850
-4740
-5847
-5631
-3078
-409
319
-514
-1171
-1519
-1676
-835
1260
3143
3423
2692
2329
2355
1838
746
532
2176
4240
4733
3626
2481
1805
1080
1154
2673
4534
4572
3444
2834
2934
2593
1811
1978
3119
4143
3924
3052
2598
2709
3004
2937
3369
3913
4242
3714
3239
2978
976
-2699
-5555
-2997
1312
2650
-907
-3573
-3980
-4401
-5336
-3597
810
1792
-1283
-3374
-1175
-146
-3141
-5797
-3441
938
1793
-504
-1897
-1598
-2154
-3734
-3038
185
2286
800
-1097
-633
159
-1596
-3796
-2727
140
952
-475
-1437
-1578
-2888
-4616
-4432
-2492
-1214
-1422
-1507
-1705
-2875
-4621
-4529
-2426
-597
-286
-875
-869
-786
-732
-522
306
1361
1966
2362
2629
2679
2022
1063
942
1995
3279
3595
3198
2757
2309
1609
1258
2008
3104
3494
3177
3042
2994
2414
1789
1890
2582
3002
2964
2975
3052
3024
2588
2464
2608
3215
3503
3528
2891
750
-2447
-4475
-2385
797
1456
-1608
-3587
-3746
-3908
-4736
-3588
-541
33
-1840
-2673
-471
-140
-3000
-5241
-3058
565
1179
-438
-1451
-1240
-1988
-3070
-2455
-94
1163
218
-490
272
633
-1296
-3118
-2139
116
621
-347
-743
-848
-2323
-3880
-3367
-1446
-552
-753
-397
-102
-1090
-2685
-2548
-1029
35
-15
-178
129
168
-32
-237
-61
224
718
1461
2092
2026
1193
369
331
1119
1667
1742
1640
1833
1753
1097
580
761
1402
1720
1954
2282
2556
2169
1671
1637
1950
2292
2602
3133
3390
3183
2744
2633
2719
2969
3231
3326
2535
576
-1622
-2166
-639
825
79
-2056
-3078
-2881
-2932
-3443
-2933
-1879
-1818
-2631
-2312
-1217
-1642
-3637
-4465
-2844
-967
-828
-1616
-1839
-1810
-2326
-2835
-2182
-874
-267
-626
-656
-133
-69
-1037
-1744
-1056
-78
92
-274
-210
-240
-1052
-1850
-1519
-465
111
372
739
862
221
-303
156
945
1097
780
846
1236
1383
1154
918
733
696
863
1289
1566
1423
991
645
685
828
861
781
979
1300
1420
1122
793
697
792
1047
1394
1781
1944
1883
1854
1929
1989
2019
2244
2685
3009
3017
2891
2866
2778
2657
2569
2508
1986
962
33
-207
-65
-374
-1286
-2187
-2557
-2707
-3003
-3358
-3576
-3816
-4119
-4280
-4152
-4133
-4446
-4765
-4658
-4250
-3984
-3897
-3746
-3478
-3321
-3246
-3052
-2658
-2163
-1724
-1276
-872
-623
-549
-479
-326
-195
-200
-196
3
245
350
324
352
433
516
645
859
1000
945
893
1077
1453
1661
1579
1414
1358
1466
1643
1862
2071
2234
2368
2493
2658
2828
3010
3195
3350
3409
3335
3237
3245
3401
3523
3529
3433
3330
3244
3162
3152
3172
3181
3175
3230
3326
3346
3240
3084
2959
2864
2752
2550
2190
1611
838
30
-668
-1193
-1605
-1980
-2375
-2823
-3313
-3796
-4218
-4544
-4788
-4979
-5167
-5350
-5509
-5670
-5851
-6012
-6045
-5867
-5496
-5058
-4694
-4482
-4384
-4283
-4067
-3683
-3173
-2643
-2227
-1964
-1813
-1743
-1735
-1765
-1772
-1700
-1551
-1388
-1272
-1221
-1204
-1219
-1260
-1271
-1162
-900
-566
-253
1
175
250
295
420
670
1007
1384
1774
2114
2343
2485
2646
2928
3303
3676
3973
4161
4270
4345
4426
4564
4746
4904
4962
4959
4999
5080
5138
5123
5065
5010
4988
4980
4940
4816
4631
4455
4325
4226
4110
3944
3651
3172
2535
1811
1083
441
-23
-302
-571
-1028
-1672
-2271
-2636
-2787
-2890
-3086
-3387
-3697
-3929
-4136
-4423
-4749
-4907
-4738
-4342
-3986
-3873
-3991
-4155
-4149
-3928
-3606
-3271
-2923
-2596
-2411
-2426
-2580
-2749
-2830
-2762
-2590
-2465
-2472
-2522
-2559
-2684
-2918
-3100
-3117
-2974
-2724
-2422
-2236
-2351
-2636
-2762
-2577
-2203
-1813
-1470
-1182
-918
-637
-371
-129
229
806
1485
2080
2552
2915
3158
3378
3749
4248
4619
4794
4994
5292
5470
5383
5211
5176
5277
5420
5543
5540
5371
5142
5005
4972
4924
4837
4760
4675
4453
4029
3400
2538
1571
868
691
685
224
-780
-1764
-2245
-2338
-2421
-2637
-2930
-3230
-3413
-3413
-3444
-3766
-4144
-4028
-3367
-2749
-2672
-2945
-3035
-2774
-2422
-2179
-1947
-1588
-1161
-841
-730
-844
-1076
-1158
-863
-385
-207
-466
-800
-983
-1183
-1476
-1701
-1835
-2029
-2158
-2029
-1942
-2370
-3083
-3388
-3135
-2792
-2686
-2717
-2746
-2719
-2548
-2271
-2053
-1859
-1447
-801
-207
161
402
707
1192
1852
2482
2830
3019
3437
4074
4497
4548
4578
4881
5320
5633
5771
5765
5630
5469
5386
5334
5185
4922
4628
4321
3956
3492
2857
1944
852
27
-210
-220
-725
-1820
-2849
-3279
-3312
-3390
-3592
-3841
-4122
-4289
-4163
-4043
-4362
-4802
-4563
-3654
-2948
-2914
-3055
-2817
-2351
-1977
-1679
-1325
-938
-517
-47
284
229
-77
-156
232
738
848
543
187
-23
-162
-287
-416
-683
-1065
-1210
-974
-871
-1348
-1997
-2132
-1826
-1643
-1729
-1855
-1929
-1929
-1734
-1405
-1206
-1129
-818
-247
200
356
532
1007
1650
2158
2399
2518
2818
3397
3931
4127
4170
4412
4838
5187
5381
5461
5414
5315
5353
5509
5522
5297
4980
4688
4450
4282
4081
3590
2688
1676
976
676
494
9
-942
-2028
-2681
-2818
-2951
-3459
-4073
-4442
-4623
-4822
-5087
-5418
-5725
-5727
-5329
-4918
-4865
-4916
-4664
-4221
-3940
-3760
-3464
-3103
-2748
-2272
-1770
-1620
-1825
-1856
-1398
-800
-573
-705
-796
-675
-491
-410
-405
-450
-547
-567
-365
-143
-245
-602
-731
-464
-234
-322
-492
-468
-332
-201
-47
117
251
511
986
1396
1463
1418
1701
2292
2712
2748
2667
2829
3274
3700
3865
3838
3878
4084
4381
4699
4966
5031
4874
4798
5019
5289
5274
5015
4775
4625
4501
4382
4110
3396
2316
1504
1380
1494
1115
153
-926
-1676
-1946
-1908
-2027
-2615
-3319
-3609
-3628
-3972
-4671
-5116
-5011
-4748
-4697
-4774
-4801
-4755
-4625
-4383
-4148
-4006
-3826
-3452
-2991
-2726
-2755
-2875
-2799
-2495
-2161
-1976
-1993
-2125
-2141
-1904
-1617
-1598
-1760
-1718
-1448
-1273
-1334
-1366
-1240
-1117
-1048
-881
-691
-734
-901
-779
-316
48
104
133
432
915
1313
1554
1718
1912
2232
2652
2939
2905
2761
2885
3323
3727
3861
3866
3920
4022
4152
4365
4616
4744
4745
4836
5054
5143
4942
4644
4482
4445
4430
4335
3948
3098
2055
1489
1617
1793
1313
304
-575
-984
-1048
-1016
-1172
-1697
-2341
-2632
-2599
-2801
-3394
-3869
-3873
-3724
-3770
-3866
-3779
-3645
-3643
-3710
-3713
-3605
-3366
-2974
-2643
-2651
-2915
-3015
-2746
-2416
-2362
-2499
-2582
-2528
-2361
-2113
-1931
-1993
-2176
-2153
-1849
-1568
-1544
-1614
-1495
-1223
-1019
-960
-952
-923
-839
-592
-157
275
480
532
726
1111
1444
1628
1836
2190
2541
2709
2718
2708
2746
2833
3015
3256
3456
3554
3619
3680
3653
3554
3539
3703
3920
4016
3971
3832
3589
3274
3038
3004
3071
2942
2404
1589
939
749
846
740
212
-467
-930
-1070
-1030
-1025
-1266
-1777
-2236
-2323
-2192
-2256
-2612
-2921
-2987
-2963
-2966
-2874
-2630
-2445
-2492
-2690
-2810
-2705
-2376
-2014
-1899
-2107
-2365
-2327
-2044
-1888
-2032
-2258
-2290
-2065
-1735
-1521
-1580
-1863
-2067
-1904
-1453
-1111
-1104
-1212
-1120
-867
-739
-786
-759
-503
-129
210
531
832
1012
1111
1328
1732
2152
2465
2751
3026
3130
3031
2971
3151
3418
3531
3537
3598
3710
3749
3699
3637
3551
3455
3459
3594
3662
3464
3132
2879
2656
2316
1993
1939
1958
1530
617
-201
-482
-463
-637
-1090
-1587
-2009
-2332
-2481
-2490
-2634
-3045
-3413
-3413
-3226
-3272
-3570
-3779
-3758
-3683
-3631
-3452
-3121
-2853
-2794
-2847
-2866
-2785
-2533
-2143
-1844
-1854
-2035
-2042
-1804
-1580
-1570
-1670
-1666
-1500
-1214
-940
-874
-1065
-1268
-1167
-767
-366
-218
-243
-218
-50
152
241
256
353
663
1100
1454
1626
1693
1827
2104
2450
2801
3133
3416
3615
3708
3734
3751
3804
3932
4106
4227
4227
4162
4154
4201
4150
3973
3828
3848
3927
3846
3574
3261
3026
2804
2499
2146
1852
1614
1273
747
132
-391
-752
-1034
-1348
-1731
-2150
-2547
-2870
-3091
-3276
-3527
-3807
-3967
-3982
-4014
-4173
-4360
-4427
-4398
-4332
-4221
-4041
-3871
-3787
-3745
-3667
-3565
-3470
-3324
-3102
-2900
-2813
-2785
-2722
-2640
-2541
-2408
-2249
-2134
-2036
-1842
-1592
-1465
-1509
-1475
-1192
-808
-522
-340
-149
70
291
529
805
1037
1229
1545
2022
2436
2584
2628
2860
3296
3664
3865
4043
4296
4512
4597
4635
4691
4737
4763
4842
4928
4886
4729
4641
4648
4555
4285
4019
3920
3870
3701
3366
2945
2547
2260
2059
1735
1191
664
388
206
-192
-770
-1233
-1521
-1781
-2048
-2274
-2549
-2906
-3157
-3185
-3248
-3558
-3844
-3790
-3586
-3616
-3840
-3928
-3801
-3659
-3580
-3541
-3531
-3497
-3332
-3079
-3008
-3144
-3165
-2908
-2649
-2631
-2696
-2644
-2518
-2404
-2258
-2108
-2113
-2172
-2003
-1663
-1520
-1632
-1620
-1283
-942
-888
-899
-694
-361
-141
20
286
582
793
1033
1423
1801
1968
2072
2409
2914
3218
3243
3325
3639
3929
3973
3944
4059
4196
4191
4154
4204
4180
3956
3756
3782
3814
3549
3180
3047
3046
2816
2385
2070
1927
1720
1388
1127
937
639
276
47
-80
-332
-702
-927
-966
-1066
-1353
-1650
-1781
-1836
-1977
-2188
-2335
-2387
-2447
-2552
-2669
-2753
-2831
-2908
-2939
-2911
-2903
-2963
-3015
-2975
-2896
-2893
-2949
-2924
-2796
-2689
-2656
-2634
-2539
-2410
-2320
-2249
-2133
-1978
-1838
-1715
-1576
-1406
-1233
-1083
-929
-711
-470
-280
-118
105
404
680
893
1124
1409
1672
1873
2102
2390
2625
2766
2930
3166
3355
3397
3379
3457
3578
3625
3605
3595
3593
3530
3423
3339
3266
3162
3065
3010
2942
2792
2561
2336
2164
2000
1797
1577
1399
1232
985
642
286
-16
-261
-477
-688
-892
-1153
-1468
-1766
-2009
-2230
-2457
-2617
-2675
-2722
-2871
-3081
-3230
-3288
-3325
-3337
-3275
-3162
-3084
-3084
-3091
-3053
-2994
-2919
-2790
-2615
-2461
-2398
-2364
-2287
-2179
-2092
-2030
-1905
-1715
-1552
-1456
-1382
-1276
-1152
-1024
-869
-659
-463
-315
-191
-24
178
383
576
772
994
1210
1401
1596
1812
2036
2239
2422
2620
2814
2981
3113
3213
3299
3387
3468
3565
3633
3620
3556
3490
3454
3408
3336
3259
3186
3079
2928
2747
2577
2420
2243
2048
1855
1675
1481
1258
999
725
425
134
-95
-285
-488
-759
-1082
-1379
-1614
-1840
-2063
-2282
-2464
-2599
-2743
-2894
-3042
-3187
-3296
-3347
-3371
-3364
-3350
-3340
-3315
-3316
-3312
-3268
-3208
-3101
-2982
-2887
-2792
-2722
-2645
-2534
-2440
-2332
-2212
-2077
-1895
-1738
-1615
-1491
-1371
-1217
-1043
-877
-669
-459
-263
-80
96
296
511
729
953
1194
1460
1705
1910
2115
2311
2513
2713
2909
3094
3250
3360
3441
3521
3608
3672
3696
3699
3692
3668
3623
3561
3512
3454
3362
3244
3119
2982
2817
2617
2420
2249
2083
1886
1645
1376
1084
781
498
255
47
-157
-399
-676
-946
-1197
-1424
-1607
-1751
-1877
-2012
-2152
-2281
-2396
-2519
-2647
-2722
-2729
-2719
-2728
-2759
-2796
-2834
-2875
-2879
-2826
-2743
-2680
-2651
-2635
-2596
-2526
-2468
-2386
-2304
-2212
-2121
-2035
-1920
-1798
-1699
-1619
-1526
-1392
-1238
-1108
-975
-835
-691
-541
-387
-233
-66
90
243
424
620
822
1006
1164
1312
1454
1596
1753
1908
2063
2201
2293
2370
2437
2490
2538
2577
2623
2673
2696
2698
2667
2610
2550
2490
2443
2410
2357
2283
2176
2044
1917
1787
1663
1554
1442
1332
1199
1037
875
703
543
396
255
128
-19
-188
-367
-537
-695
-843
-988
-1118
-1232
-1353
-1463
-1578
-1678
-1761
-1834
-1896
-1936
-1974
-2016
-2053
-2083
-2097
-2104
-2114
-2119
-2111
-2098
-2073
-2055
-2029
-1994
-1942
-1883
-1826
-1768
-1696
-1612
-1521
-1417
-1313
-1203
-1093
-980
-853
-711
-566
-426
-281
-127
27
180
333
494
660
816
966
1112
1245
1364
1479
1592
1701
1795
1858
1906
1954
1976
1991
1993
1988
1990
1975
1935
1886
1828
1757
1700
1651
1604
1539
1458
1374
1297
1235
1171
1098
1028
960
890
816
725
632
540
452
371
280
177
49
-87
-209
-327
-443
-570
-693
-816
-943
-1061
-1176
-1287
-1398
-1489
-1560
-1634
-1711
-1784
-1855
-1911
-1946
-1968
-1988
-2008
-2024
-2029
-2011
-1990
-1962
-1920
-1865
-1801
-1728
-1650
-1569
-1481
-1380
-1256
-1129
-1001
-882
-757
-614
-470
-324
-177
-17
139
292
445
600
753
900
1049
1199
1344
1473
1585
1687
1784
1872
1946
2010
2062
2101
2114
2118
2104
2080
2048
2011
1969
1917
1848
1764
1679
1591
1502
1408
1319
1230
1139
1053
958
866
769
676
593
516
441
356
258
156
59
-37
-129
-234
-339
-441
-539
-646
-764
-882
-995
-1097
-1191
-1275
-1355
-1444
-1535
-1616
-1689
-1745
-1793
-1834
-1874
-1897
-1912
-1931
-1945
-1946
-1935
-1906
-1864
-1814
-1761
-1703
-1638
-1561
-1468
-1366
-1255
-1137
-1014
-887
-760
-626
-500
-362
-221
-74
71
213
352
476
608
728
853
967
1080
1189
1282
1367
1443
1511
1562
1612
1657
1695
1721
1733
1736
1730
1716
1692
1662
1629
1589
1547
1492
1434
1371
1298
1229
1164
1094
1016
942
862
783
706
618
532
446
366
289
205
117
30
-59
-147
-229
-314
-397
-484
-569
-646
-725
-811
-898
-975
-1044
-1107
-1169
-1230
-1287
-1344
-1392
-1432
-1467
-1497
-1522
-1536
-1551
-1558
-1558
-1553
-1534
-1505
-1466
-1425
-1374
-1321
-1257
-1189
-1109
-1014
-926
-831
-732
-630
-525
-414
-296
-180
-61
56
166
275
382
488
595
698
790
879
957
1028
1093
1156
1212
1262
1305
1330
1352
1374
1387
1394
1393
1382
1371
1355
1331
1307
1279
1251
1218
1181
1143
1098
1054
1006
960
910
851
797
738
675
614
549
478
408
335
260
178
93
0
-88
-173
-265
-360
-458
-549
-642
-733
-826
-910
-988
-1070
-1142
-1210
-1271
-1322
-1369
-1410
-1440
-1464
-1478
-1489
-1486
-1475
-1462
-1439
-1408
-1377
-1334
-1282
-1229
-1165
-1109
-1042
-970
-897
-813
-729
-640
-551
-470
-373
-282
-199
-104
-6
92
190
280
359
442
524
609
683
756
828
886
940
984
1026
1069
1103
1130
1152
1166
1180
1178
1175
1174
1167
1156
1136
1113
1094
1072
1041
1017
984
941
901
856
816
776
731
687
642
592
541
477
414
357
290
238
181
110
45
-28
-100
-177
-248
-316
-383
-451
-514
-578
-637
-700
-753
-792
-833
-862
-897
-918
-941
-966
-987
-1005
-1023
-1028
-1032
-1034
-1028
-1027
-1009
-994
-974
-938
-906
-863
-817
-771
-723
-677
-621
-567
-506
-437
-371
-307
-240
-168
-97
-26
43
117
187
256
325
385
440
492
539
589
627
664
697
725
750
761
771
778
784
780
776
763
749
740
723
708
687
657
633
598
566
546
513
488
466
435
407
372
337
307
264
233
207
173
148
107
76
34
-10
-41
-87
-123
-158
-204
-241
-286
-324
-350
-384
-412
-440
-462
-476
-498
-519
-535
-560
-572
-596
-616
-630
-638
-643
-645
-642
-627
-611
-594
-569
-550
-519
-495
-461
-424
-396
-359
-319
-283
-239
-195
-154
-97
-43
9
62
111
169
218
261
307
344
378
414
444
477
501
524
545
557
572
576
578
580
581
575
558
546
533
515
490
464
438
414
391
364
342
322
293
265
238
214
186
158
132
102
75
48
23
0
-26
-51
-76
-103
-123
-147
-170
-193
-231
-256
-281
-314
-324
-343
-367
-371
-387
-399
-400
-416
-422
-434
-450
-453
-461
-470
-472
-479
-473
-461
-447
-433
-417
-384
-363
-342
-310
-294
-264
-235
-220
-185
-152
-132
-97
-64
-30
16
41
76
119
148
178
203
221
250
268
285
305
318
335
346
358
368
373
376
380
379
388
387
376
371
364
351
338
327
320
306
295
285
264
249
236
219
203
193
180
159
148
134
104
87
65
38
24
-2
-25
-40
-61
-87
-107
-134
-163
-179
-200
-215
-228
-247
-268
-274
-283
-304
-303
-312
-323
-319
-320
-324
-321
-325
-324
-314
-312
-304
-296
-277
-260
-238
-223
-202
-174
-161
-144
-122
-103
-82
-60
-46
-23
-1
14
39
60
71
95
109
119
138
144
151
165
174
180
194
194
194
196
192
191
187
183
185
186
179
176
178
171
166
167
163
158
160
157
157
154
148
147
145
135
131
125
112
116
108
98
96
81
59
56
41
19
15
-12
-25
-32
-52
-71
-79
-98
-115
-121
-141
-146
-152
-165
-169
-170
-183
-191
-182
-192
-202
-203
-201
-201
-198
-193
-194
-188
-185
-181
-174
-159
-155
-142
-123
-117
-101
-82
-73
-56
-41
-29
-14
-2
11
27
41
51
68
80
91
102
111
116
126
136
137
146
157
156
162
162
159
163
158
152
158
154
148
150
141
137
136
130
125
123
119
116
114
111
104
103
101
95
94
90
78
72
72
59
50
48
29
20
14
-15
-28
-31
-53
-64
-73
-98
-106
-115
-136
-140
-150
-162
-166
-172
-182
-179
-177
-183
-177
-176
-179
-178
-178
-163
-162
-161
-149
-155
-142
-138
-140
-130
-118
-115
-106
-89
-81
-69
-50
-47
-27
-14
-13
7
23
28
44
56
62
80
83
86
98
104
111
123
126
126
139
141
140
147
144
139
144
137
134
133
126
123
122
117
118
113
102
99
93
88
87
88
80
73
72
71
62
55
49
43
39
28
19
12
14
5
-4
-13
-25
-25
-33
-48
-56
-63
-75
-77
-89
-101
-107
-114
-118
-116
-122
-125
-121
-124
-121
-117
-122
-118
-116
-116
-109
-110
-106
-102
-100
-92
-91
-83
-76
-70
-62
-53
-42
-33
-25
-15
-4
9
14
19
32
41
41
49
57
62
68
71
72
73
74
75
73
71
72
73
67
72
72
62
69
69
65
68
63
61
61
53
54
56
54
51
48
43
43
39
35
30
25
17
16
15
10
8
8
3
3
2
-7
-8
-13
-20
-20
-33
-41
-48
-57
-62
-68
-69
-72
-72
-76
-75
-72
-71
-76
-77
-73
-75
-81
-76
-73
-72
-72
-70
-70
-67
-62
-57
-48
-44
-39
-28
-21
-12
-5
-1
11
14
21
27
36
41
44
49
51
53
54
60
61
62
62
60
61
64
63
62
62
59
57
58
63
63
61
60
55
51
53
53
49
50
43
45
45
41
40
37
34
30
27
22
20
23
22
20
14
10
10
4
0
-7
-11
-15
-21
-28
-37
-41
-50
-59
-61
-63
-63
-62
-68
-70
-72
-79
-82
-85
-84
-85
-84
-86
-78
-79
-83
-83
-87
-87
-88
-80
-71
-67
-62
-54
-50
-45
-37
-35
-33
-27
-19
-11
-3
0
6
9
9
16
17
21
28
34
38
40
44
46
53
52
53
59
62
67
70
73
76
77
81
81
82
82
80
81
82
80
82
81
85
82
83
81
76
77
73
74
71
73
70
67
65
59
52
47
38
33
30
22
17
14
8
4
-4
-14
-19
-26
-36
-42
-48
-56
-60
-64
-73
-77
-84
-94
-98
-97
-101
-104
-106
-111
-107
-106
-104
-101
-102
-99
-95
-91
-91
-86
-82
-77
-72
-70
-61
-59
-54
-49
-47
-41
-39
-32
-26
-19
-17
-15
-12
-7
-2
3
8
16
22
28
33
36
38
39
40
43
51
56
63
68
70
71
71
69
72
72
75
78
80
87
86
80
76
69
65
61
61
63
63
62
57
51
46
38
32
31
27
28
28
27
22
17
10
-1
0
0
-7
-6
-11
-9
-12
-19
-22
-30
-31
-35
-40
-40
-41
-40
-44
-47
-50
-55
-58
-56
-53
-55
-56
-52
-51
-49
-52
-53
-49
-47
-46
-41
-37
-33
-30
-33
-30
-30
-26
-25
-22
-19
-16
-9
-10
-6
-4
-4
2
3
6
9
8
13
19
21
23
23
23
27
28
31
31
33
34
34
36
38
33
32
33
34
31
29
27
29
27
26
25
22
25
24
24
22
21
18
18
17
15
13
12
8
5
6
5
6
4
1
-2
-6
-8
-11
-12
-17
-19
-21
-21
-21
-24
-25
-25
-26
-26
-24
-28
-26
-22
-20
-19
-20
-21
-18
-13
-13
-7
-9
-9
-5
-2
4
1
1
3
10
11
11
5
5
4
3
3
1
5
5
7
2
0
0
-1
1
-3
-2
-3
-2
2
3
4
4
2
0
1
-1
2
-2
0
-5
-6
-1
-1
-1
-8
-6
-6
-2
-1
-7
-7
-9
-7
-1
0
-4
-5
-6
2
3
3
4
4
11
10
13
9
5
10
15
17
15
13
13
14
12
9
4
5
2
7
3
0
1
-1
5
1
-1
-4
-9
-5
-5
-3
-4
-5
-6
-4
-5
-3
-8
-9
-12
-15
-10
-12
-10
-14
-14
-11
-6
-5
-14
-15
-14
-9
-6
-4
-9
-6
-6
1
5
3
4
4
12
10
13
9
7
11
16
17
18
12
12
14
10
9
4
6
7
10
11
3
6
7
10
11
5
3
-1
5
4
2
-1
-2
2
6
0
-2
-9
-7
-5
-8
-8
-14
-10
-12
-7
-6
-9
-8
-10
-11
-11
-10
-12
-8
-10
-8
-9
-2
1
-1
-1
-2
5
2
1
2
0
2
4
2
2
1
3
1
-3
-3
-3
-1
-3
-2
-2
-4
-1
-3
2
6
5
1
1
5
7
5
4
4
4
9
5
4
2
3
6
3
3
-2
-2
0
0
2
2
3
1
0
1
-3
-1
3
0
3
2
4
3
-1
1
1
4
4
2
1
-2
-1
2
-1
-2
-4
-4
-1
-5
-5
-9
-6
-4
-8
-6
-8
-4
-2
-2
-2
-3
0
-1
-3
-1
0
3
2
3
2
1
2
1
2
1
1
1
3
1
0
0
1
5
2
0
-1
-1
1
0
1
-2
-1
-2
-1
2
0
2
2
0
-3
-1
2
2
2
2
1
2
2
2
1
-1
0
2
1
-1
-1
