-2
-2
0
-1
0
0
-1
1
1
0
-1
-2
0
1
1
0
0
1
2
2
0
0
0
0
0
-1
-1
-1
0
0
1
1
0
-1
0
-2
-1
-1
1
2
0
-1
0
0
-1
0
0
-1
1
1
1
-1
-1
0
0
1
0
0
0
1
0
1
1
0
-2
-2
-2
0
0
-1
0
1
0
0
-1
0
-1
-1
0
2
4
3
-1
-2
-2
-4
-3
-2
0
2
5
4
2
0
-4
-4
-2
-3
-1
1
1
6
4
1
-1
-3
-4
-5
-3
0
2
3
3
1
2
1
-1
-2
-4
-3
-2
-3
0
3
4
5
1
-1
-3
-7
-7
-5
-1
4
8
8
8
5
-1
-8
-12
-10
-5
1
9
13
12
7
-1
-7
-13
-12
-6
1
6
11
12
8
1
-4
-8
-9
-9
-3
3
7
8
9
5
1
-4
-7
-7
-5
-2
-1
7
7
5
4
0
-4
-4
-5
-5
-2
1
3
7
5
1
1
-1
-5
-4
-1
0
2
2
2
4
2
1
1
0
-3
0
-1
-3
0
1
1
4
2
0
-1
-2
-3
-2
-1
-2
2
4
1
2
0
0
1
0
0
0
-4
-6
-2
-2
1
6
8
5
4
0
-6
-9
-9
-6
1
9
13
12
6
-3
-9
-16
-16
-5
3
12
16
13
7
-2
-12
-15
-12
-7
4
13
14
12
5
-8
-12
-11
-9
0
7
8
8
6
-4
-10
-9
-7
2
7
9
11
7
-4
-8
-9
-10
-3
6
12
10
8
0
-9
-13
-14
-11
-1
5
10
12
6
0
-2
-8
-10
-5
-3
-2
6
11
10
11
6
-1
-7
-12
-17
-13
-7
1
14
17
15
10
-4
-20
-27
-24
-15
2
17
25
30
21
5
-9
-19
-25
-21
-9
3
19
28
28
23
6
-14
-30
-39
-35
-19
-2
17
35
37
24
3
-19
-38
-44
-33
-10
17
40
49
45
23
-5
-26
-34
-31
-14
9
23
28
21
3
-14
-24
-25
-20
-7
4
10
12
6
-1
-7
-9
-9
-2
6
13
17
17
10
2
-8
-15
-14
-7
4
11
12
4
-7
-20
-24
-18
-4
9
16
20
10
-7
-14
-12
-2
15
33
37
29
14
-2
-17
-23
-17
-5
1
3
1
-8
-17
-21
-27
-28
-22
-17
-13
-7
5
13
20
24
20
16
10
9
14
22
33
36
30
18
2
-14
-22
-18
-7
0
3
-3
-22
-44
-56
-57
-42
-18
12
31
33
21
-1
-21
-28
-21
2
29
54
65
58
38
15
-6
-17
-16
-12
-5
1
0
-5
-12
-16
-17
-16
-13
-13
-18
-22
-25
-25
-16
0
20
37
44
35
18
-2
-17
-21
-11
9
29
39
34
13
-13
-32
-38
-30
-13
9
20
16
-2
-20
-31
-34
-23
-5
16
31
35
29
15
-1
-15
-24
-25
-15
1
19
31
37
29
8
-17
-38
-46
-37
-15
12
30
36
24
7
-4
-8
-3
4
7
4
-5
-10
-10
-1
11
21
18
0
-26
-50
-57
-45
-22
4
22
32
25
12
3
3
16
31
38
35
21
8
-1
-3
2
12
21
24
17
-4
-35
-68
-87
-90
-70
-29
19
60
75
53
5
-55
-93
-100
-68
-2
73
131
151
130
79
24
-18
-36
-32
-21
-9
-2
-2
-7
-15
-12
-5
-4
-11
-28
-46
-55
-56
-52
-41
-31
-22
-12
2
15
25
34
37
32
17
2
-6
6
40
73
89
76
51
23
9
12
29
55
76
71
16
-77
-173
-232
-223
-161
-76
4
58
78
57
9
-40
-61
-44
-11
28
58
79
93
102
103
96
87
62
18
-37
-88
-107
-89
-49
-12
16
32
40
41
33
26
23
22
9
-22
-64
-104
-113
-90
-35
39
107
145
129
65
-28
-112
-169
-189
-171
-125
-74
-35
-10
-1
13
36
68
98
104
86
54
38
57
121
202
252
258
213
143
80
59
87
152
213
182
14
-299
-662
-940
-1024
-875
-550
-158
174
345
329
165
-32
-150
-118
69
338
597
754
772
658
474
287
139
47
-15
-73
-144
-214
-271
-302
-311
-301
-281
-266
-274
-304
-344
-360
-331
-250
-134
-6
109
193
237
249
250
262
288
318
338
337
304
223
101
-35
-144
-203
-211
-179
-130
-90
-68
-74
-101
-134
-152
-143
-109
-51
22
84
119
118
98
68
43
28
20
26
37
47
33
-11
-70
-120
-141
-128
-95
-66
-53
-64
-83
-99
-99
-71
-17
48
115
162
183
182
163
147
145
149
149
131
93
43
-7
-51
-85
-113
-144
-175
-207
-224
-232
-222
-195
-158
-108
-61
-16
24
59
93
127
161
193
206
193
153
102
48
-1
-45
-74
-79
-66
-42
-26
-19
-23
-30
-32
-30
-16
6
33
59
65
61
44
20
-3
-26
-39
-46
-54
-68
-84
-91
-90
-77
-57
-35
-11
13
28
29
23
13
12
22
42
60
69
66
53
36
17
2
-3
3
10
14
12
5
-6
-9
-8
1
20
34
38
33
20
7
-1
-4
-1
7
11
9
-1
-12
-21
-24
-23
-22
-19
-15
-16
-20
-27
-28
-25
-19
-11
-4
-1
5
14
14
7
4
0
-3
-3
-5
3
14
22
36
46
51
52
53
48
41
37
35
28
18
11
7
9
10
7
5
7
10
13
12
13
14
8
5
0
-4
-7
-11
-14
-12
-10
-11
-11
-12
-10
-9
-8
-4
-2
-1
0
3
3
7
11
9
7
9
8
8
3
0
-1
0
7
9
9
11
13
22
25
25
26
28
26
25
25
27
26
22
15
5
1
-4
-11
-23
-34
-39
-35
-35
-36
-34
-26
-16
-13
-12
-8
1
0
-1
-6
-12
-23
-39
-62
-86
-108
-130
-150
-170
-183
-187
-182
-170
-157
-141
-126
-102
-84
-69
-61
-54
-38
-16
10
26
30
30
35
40
29
8
-13
-28
-42
-69
-98
-122
-138
-153
-175
-196
-203
-199
-197
-190
-178
-151
-122
-85
-51
-19
12
47
90
135
170
201
231
262
292
308
311
309
312
315
307
281
253
221
187
156
137
139
155
177
198
220
242
260
262
248
243
257
282
299
308
306
292
255
187
101
16
-59
-124
-168
-187
-178
-149
-126
-120
-128
-149
-176
-213
-257
-299
-329
-341
-344
-356
-379
-414
-443
-456
-448
-425
-383
-323
-259
-207
-186
-198
-223
-248
-269
-272
-255
-212
-156
-114
-99
-115
-146
-189
-230
-254
-254
-225
-175
-119
-78
-66
-88
-130
-182
-224
-257
-270
-246
-173
-66
46
128
174
202
237
273
283
270
250
242
246
256
254
243
218
194
194
237
318
392
426
416
382
345
303
247
207
219
290
414
548
669
748
762
718
667
653
698
789
915
1087
1298
1510
1643
1683
1668
1647
1619
1539
1393
1221
1057
895
717
513
292
51
-220
-529
-872
-1262
-1695
-2159
-2607
-2961
-3168
-3214
-3116
-2900
-2575
-2157
-1686
-1202
-752
-365
-55
178
364
530
684
810
877
910
933
947
908
743
440
55
-333
-702
-1055
-1397
-1675
-1846
-1899
-1889
-1853
-1797
-1698
-1541
-1364
-1175
-963
-700
-432
-196
-12
161
339
504
610
636
634
630
623
549
402
225
75
-44
-149
-223
-227
-136
6
151
251
320
369
420
445
423
411
463
611
797
971
1099
1178
1212
1220
1215
1176
1097
980
902
876
887
889
905
1018
1244
1509
1676
1755
1824
1872
1748
1429
1136
1109
1315
1449
1390
1327
1433
1450
785
-627
-2178
-3131
-3486
-3796
-4200
-4298
-3625
-2511
-1567
-1042
-597
60
645
831
681
772
1240
1739
1817
1632
1742
2216
2639
2417
1696
914
364
-157
-1003
-2027
-2921
-3327
-3471
-3471
-3388
-3002
-2289
-1559
-963
-596
-114
392
774
709
399
233
332
560
513
444
369
506
442
102
-447
-1014
-1411
-1940
-2362
-2643
-2328
-1767
-1215
-803
-341
398
990
1303
1100
904
719
601
382
92
50
108
293
238
158
100
95
-57
-457
-791
-978
-975
-1084
-1191
-1196
-979
-613
-233
184
588
1048
1407
1635
1719
1789
1846
1843
1778
1805
2019
2303
2511
2503
2443
2320
2307
2243
2144
1931
1702
1610
1478
1437
1278
1337
1372
1435
1372
1241
1229
916
171
-1554
-3414
-4854
-5254
-5111
-4997
-4623
-3848
-2260
-845
232
692
1087
1482
1571
1469
1166
1429
1802
2228
2273
2361
2799
3243
3370
2585
1514
278
-711
-1804
-3020
-4061
-4804
-4832
-4581
-3876
-3080
-2085
-1091
-320
318
613
938
993
1069
964
892
872
799
941
891
871
324
-363
-1221
-2063
-2897
-3951
-4667
-5114
-4724
-4064
-3056
-2015
-896
250
934
1328
1170
1149
911
596
109
-185
24
303
700
759
892
812
641
235
-378
-913
-1424
-1647
-1932
-1941
-1732
-1222
-712
-383
-6
367
865
1132
1349
1432
1532
1661
1817
2050
2226
2553
2890
3285
3495
3602
3555
3308
2970
2598
2380
2106
1951
1909
1989
1996
1927
2023
2274
2574
2610
2430
2141
1884
1320
-143
-2432
-4602
-5556
-5342
-4825
-4388
-3620
-2120
-347
902
1288
1247
1335
1459
1252
682
434
854
1588
1956
1845
1859
2296
2736
2340
1063
-472
-1644
-2579
-3590
-4681
-5450
-5537
-5049
-4230
-3421
-2484
-1493
-569
-115
-106
-204
-231
-173
-347
-379
-207
270
515
460
297
-32
-542
-1595
-2652
-3686
-4322
-4832
-5330
-5535
-5168
-3856
-2462
-1254
-418
535
1396
1726
1522
873
482
155
-18
-266
-214
344
957
1334
1161
964
696
358
-262
-1064
-1623
-1772
-1415
-990
-461
145
828
1404
1714
1896
1951
2046
2101
2120
2192
2454
2928
3327
3559
3754
4045
4311
4408
4282
4056
3813
3666
3485
3276
3067
2827
2559
2207
2235
2291
2360
2209
2145
2326
2464
2833
2818
2871
2592
2324
1075
-1422
-3991
-5735
-5899
-6219
-6075
-5608
-3880
-1694
18
1155
1291
1868
1969
2027
1136
496
546
895
1359
1029
1309
1663
2432
2173
1017
-427
-1826
-2808
-4323
-5618
-6923
-7237
-6775
-5666
-4424
-3366
-1952
-643
441
606
488
305
224
19
-321
-481
-381
121
470
254
-749
-1786
-2530
-3165
-4269
-5506
-6248
-6230
-5748
-5201
-4450
-3399
-1815
-271
851
1231
1456
1662
1620
1081
257
-144
-81
364
526
595
675
985
1047
559
-208
-964
-1356
-1691
-1773
-1787
-1364
-586
394
1231
1745
2202
2514
2783
2740
2680
2654
2845
3105
3311
3542
3742
3970
3996
3933
3729
3443
3135
2806
2520
2251
2156
2239
2321
2415
2413
2481
2374
2383
2449
2377
2221
1882
1973
1994
2348
2610
2974
3193
2943
1983
-576
-3251
-5465
-6014
-6394
-6757
-6641
-5596
-3263
-1413
129
459
1094
1602
1882
1598
845
969
1069
1592
1304
1266
1363
1638
1477
114
-1245
-2740
-3648
-5077
-6342
-7262
-7339
-6475
-5335
-3894
-2862
-1454
-191
949
1311
1222
1134
976
906
528
357
28
44
67
-37
-658
-1733
-2547
-3247
-3671
-4423
-4958
-5251
-4932
-4139
-3258
-2208
-1232
138
1239
1972
2080
2022
1987
1726
1406
859
660
649
903
953
773
596
389
194
-281
-673
-1020
-1088
-965
-662
-201
413
1211
1864
2347
2513
2642
2646
2560
2389
2319
2461
2635
2894
3110
3440
3637
3723
3623
3353
3060
2799
2651
2357
2081
2005
2227
2509
2600
2558
2415
2307
2453
2635
2609
2221
1982
2116
2306
2530
2602
2938
3080
3059
1925
-702
-3750
-6005
-6529
-7042
-7461
-7641
-6324
-3910
-1624
28
431
1250
1942
2673
2089
1041
520
490
901
420
247
52
670
729
-110
-1444
-2833
-3563
-4782
-5821
-7011
-7151
-6496
-5177
-3806
-2824
-1542
-321
1001
1390
1356
1002
778
557
162
-232
-737
-783
-672
-461
-821
-1522
-2338
-2974
-3453
-4003
-4487
-4871
-4704
-4090
-3028
-1908
-739
400
1426
2110
2359
2369
2105
1713
1154
785
577
664
827
945
979
916
852
547
165
-287
-508
-629
-609
-453
-81
596
1308
1896
2185
2360
2403
2409
2236
1998
1838
1892
2069
2234
2440
2669
2932
2977
2935
2660
2391
2152
2047
1912
1685
1620
1767
2179
2443
2642
2512
2278
2171
2413
2600
2374
2025
1956
2279
2586
2874
2876
2914
2746
2108
-112
-3387
-6104
-7161
-7142
-7580
-7731
-7091
-4697
-2040
0
756
1010
1924
2673
2883
1631
778
464
815
786
157
-63
-13
540
-117
-1309
-2825
-3748
-4398
-5317
-6023
-6517
-5756
-4514
-2926
-1871
-946
129
1037
1529
1181
845
458
315
8
-359
-737
-874
-595
-336
-330
-867
-1620
-2559
-3317
-3969
-4438
-4826
-4859
-4270
-3117
-1602
-290
817
1531
2110
2315
2191
1729
1123
690
405
480
676
1163
1613
1924
1882
1565
1198
717
269
-226
-498
-585
-356
126
778
1483
2064
2531
2726
2713
2531
2298
2029
1784
1625
1614
1762
2053
2383
2574
2637
2603
2588
2432
2223
2009
1919
2004
2126
2400
2536
2770
2860
2826
2437
1957
2005
2185
2479
2192
2136
2260
2834
3482
3550
3443
2774
2132
-174
-3437
-6685
-8225
-8254
-8375
-8055
-7455
-4980
-2254
282
1287
1492
2121
2645
2962
1652
650
-90
156
183
-242
-506
-592
29
-323
-1192
-2715
-3675
-4342
-4954
-5461
-5855
-5290
-4160
-2496
-1299
-342
471
1219
1574
1354
924
391
32
-295
-547
-914
-1087
-931
-505
-229
-406
-1032
-1998
-2819
-3383
-3793
-4304
-4590
-4164
-2990
-1406
-80
889
1620
2293
2726
2563
1982
1265
912
741
704
780
1115
1695
2038
2007
1481
989
470
-52
-679
-1198
-1260
-943
-256
334
1014
1637
2292
2610
2471
2074
1547
1239
894
741
589
789
1226
1753
2116
2175
2280
2202
2132
1761
1481
1225
1203
1366
1531
1800
1966
2291
2261
2092
1778
1866
2144
2268
2162
2026
2426
3050
3727
3701
3368
2789
1689
-986
-4748
-7830
-9135
-9142
-9084
-8643
-7317
-4476
-1289
1210
2155
2411
2899
3425
3198
1802
559
-7
182
102
-312
-625
-379
133
-165
-1214
-2592
-3605
-4308
-4947
-5483
-5726
-5013
-3570
-1876
-575
408
1362
1920
2023
1522
957
326
-227
-690
-1133
-1307
-1253
-814
-397
-104
10
-327
-1145
-2278
-3011
-3422
-3762
-3992
-3891
-2824
-1182
660
1816
2453
2855
3166
3307
2698
1862
994
802
854
1016
1132
1245
1479
1289
842
48
-537
-1040
-1373
-1525
-1442
-905
-147
834
1627
2314
2728
2912
2740
2168
1479
895
660
575
689
978
1563
2199
2787
3147
3206
2982
2684
2517
2260
1920
1487
1411
1598
2078
2468
2557
2429
2359
2728
3008
3124
2860
2871
3170
3592
3791
3490
3274
2924
2220
-523
-4568
-8145
-9500
-9334
-9375
-9206
-8210
-5141
-1720
1184
2314
2653
3168
3800
3978
2629
1408
657
900
564
-144
-731
-771
-434
-1047
-2149
-3611
-4327
-4944
-5489
-6084
-6269
-5301
-3618
-1669
-555
353
1249
2179
2358
1643
708
-114
-481
-838
-1175
-1617
-1674
-1285
-733
-501
-646
-876
-1300
-2108
-3082
-3732
-3991
-3910
-3543
-2765
-1666
-229
1114
2146
2593
2673
2573
2337
1876
1164
674
455
613
741
921
970
906
624
145
-356
-995
-1454
-1726
-1522
-1201
-694
-61
721
1568
2238
2769
2792
2527
1918
1453
1090
895
831
923
1348
1815
2419
2798
3025
2857
2571
2284
2072
1836
1535
1393
1448
1745
2149
2478
2490
2419
2582
3121
3367
3231
2736
2780
3182
3754
3778
3352
3099
2827
1863
-1566
-5760
-9180
-9976
-9936
-9854
-9468
-7738
-4101
-745
1913
2611
3498
4267
5105
4563
2959
1964
1517
1830
794
-65
-988
-818
-1020
-2174
-3758
-5320
-5587
-6087
-6137
-6613
-5835
-4179
-1938
46
1064
2180
2750
3430
2767
1781
500
-285
-730
-1371
-1745
-2270
-1882
-1569
-1008
-1056
-1166
-1366
-1812
-2337
-3259
-3684
-4070
-3712
-3275
-2384
-1374
-180
1039
1717
2089
1885
1874
1529
1208
635
308
312
545
925
873
682
108
-332
-1007
-1684
-2374
-2739
-2538
-2031
-1156
-260
949
2030
2949
3404
3511
3366
2875
2297
1664
1388
1298
1536
1860
2170
2465
2779
3078
2922
2480
2064
2068
2186
2245
2265
2428
2857
3547
4232
4471
4341
4306
4696
4916
4609
3820
3381
3427
3732
3668
3176
2754
2287
1012
-2415
-6664
-9831
-10446
-9857
-9331
-8587
-6654
-3016
473
2805
3284
3532
4031
4598
4186
2749
1770
1461
1684
922
-212
-1274
-1584
-2028
-3456
-5316
-6769
-6926
-6770
-6541
-6453
-5518
-3575
-1192
765
1787
2492
3039
3395
2819
1542
219
-586
-1097
-1713
-2318
-2581
-2276
-1754
-1485
-1598
-1800
-1952
-2272
-2980
-3649
-3802
-3255
-2560
-1915
-1245
-346
570
1009
954
504
317
342
485
394
385
700
1265
1797
1808
1539
947
372
-479
-1370
-2151
-2624
-2729
-2578
-1950
-1152
-115
796
1703
2330
2766
3090
3171
2902
2201
1767
1635
1755
1700
1764
1956
2299
2676
2867
2715
2061
1731
1700
1923
1736
1702
2034
2843
3661
3959
3972
3579
3824
3930
4106
3422
2804
2688
2943
3148
2352
1953
1443
1251
-1260
-5053
-8619
-9650
-8578
-7883
-7039
-6187
-3042
95
2788
3152
2810
2919
3400
3747
2335
1653
1231
2056
1595
546
-737
-1446
-1661
-3219
-5158
-7388
-7582
-7287
-6523
-6345
-5742
-3903
-1541
967
1870
2494
2579
3095
2746
1734
466
-543
-834
-1420
-1612
-2080
-1787
-1484
-1180
-1487
-2075
-2346
-2729
-3039
-3854
-3770
-3154
-1997
-1163
-484
337
1002
1473
1115
568
-201
-264
-151
-52
23
386
1274
1888
2163
1842
1487
890
220
-693
-1617
-2184
-2454
-2255
-1976
-1370
-647
229
1038
1760
2415
2910
3319
3344
3157
2759
2637
2730
2836
2891
2916
3142
3263
3315
3104
2629
2082
1737
1785
1848
1995
2245
2972
3867
4381
4456
4086
4160
4285
4592
4332
3713
3327
3324
3632
3010
2322
1563
1425
-350
-3977
-7874
-9705
-8810
-7944
-7086
-6521
-4112
-1143
1556
2332
1772
1685
2123
2912
1994
1431
1321
2363
2553
1652
463
-595
-1001
-2571
-4751
-7404
-8285
-8051
-7354
-6946
-6497
-4755
-2515
-16
1126
1736
1941
2353
2328
1506
556
-293
-406
-836
-1153
-1598
-1581
-1432
-1538
-1977
-2764
-3210
-3612
-3765
-4198
-4149
-3439
-2256
-1168
-453
335
1001
1399
1119
572
-92
-389
-316
-145
22
332
1074
1825
2150
1973
1640
1198
639
-104
-899
-1563
-1955
-1991
-1756
-1370
-839
-132
643
1387
2044
2675
3208
3486
3503
3369
3297
3452
3662
3804
3800
3759
3583
3228
2698
2038
1521
1137
1031
924
1107
1694
2702
3736
4223
4315
4003
4094
4269
4508
4178
3547
3243
3136
3201
2666
2290
1630
1015
-816
-4053
-7507
-9426
-8847
-8036
-7286
-6603
-4278
-1489
646
1242
804
833
1076
1501
702
268
522
1636
2053
1379
510
-318
-778
-2416
-4793
-7439
-8518
-8440
-7994
-7554
-6902
-5260
-3299
-1144
-7
534
765
1231
1409
891
348
36
258
220
63
-370
-564
-557
-832
-1787
-3226
-4124
-4546
-4686
-4904
-4656
-3713
-2222
-667
450
1216
1773
2236
2094
1472
905
813
942
959
975
1120
1516
1901
2007
1571
972
640
512
281
-29
-151
-187
-134
-16
139
246
504
997
1530
2012
2523
3093
3468
3704
3939
4213
4489
4825
5159
5317
5142
4565
3699
2920
2470
2209
1858
1515
1659
2345
3296
3821
3763
3359
3417
4081
4766
4978
4658
4482
4329
4113
3256
2249
1615
1391
410
-2533
-6077
-8335
-8133
-7291
-6890
-6793
-5604
-3119
-943
-148
-687
-599
155
923
551
-96
83
1038
1830
1302
303
-472
-482
-1155
-2952
-5273
-6860
-7318
-7352
-7221
-7151
-6388
-5087
-3422
-2240
-1545
-1047
-639
-349
-359
-325
-324
-120
-73
-27
24
182
148
-331
-1062
-1965
-2789
-3707
-4455
-5033
-4988
-4361
-3510
-2832
-2133
-1062
-37
672
918
1164
1465
1904
2194
2185
2013
1990
2134
1914
1375
755
493
448
543
599
608
661
773
987
951
752
472
472
692
1117
1629
2044
2368
2549
2780
2808
2824
2963
3513
4203
4775
5084
5022
4846
4625
4413
3830
3185
2710
2638
2652
2744
2834
2768
2606
2635
3122
3538
3670
3216
2774
2458
2509
2363
2102
2162
2540
2117
-460
-4057
-6983
-7820
-7703
-7207
-6545
-4890
-2393
-346
366
-129
-308
-391
-728
-1738
-2104
-1336
88
1057
945
527
264
261
-809
-2945
-5375
-6925
-7508
-7572
-7177
-6468
-5102
-3657
-2474
-2088
-1994
-1898
-1905
-2067
-2400
-2303
-1842
-833
-100
190
-11
-243
-442
-782
-1151
-1965
-2873
-3740
-3832
-3563
-2980
-2507
-2336
-2353
-2129
-1329
-711
-223
112
790
1452
2226
2767
2876
2674
2329
1906
1160
824
959
1393
1459
1343
1186
1223
1507
1622
1289
556
346
733
1486
2035
2460
2816
3140
3321
3188
2967
2811
3043
3490
4144
4769
5338
5637
5613
5430
5299
5190
4763
4198
3905
4004
4029
3761
3231
2670
2452
2877
3340
3105
2241
1711
1717
1841
1773
1905
2664
3500
2645
-1442
-6746
-9732
-8947
-7081
-6172
-5576
-3442
104
2725
2610
414
-1053
-1195
-1377
-2537
-2834
-1249
1056
2137
1582
657
331
308
-1260
-4525
-7624
-8583
-7940
-7004
-6204
-5219
-3817
-2349
-1446
-1728
-2540
-3051
-3139
-3285
-3189
-2362
-1004
164
587
289
-297
-640
-937
-1589
-2673
-3547
-3908
-3787
-3408
-2817
-2231
-2040
-2194
-2369
-2128
-1706
-1234
-857
-295
559
1669
2542
2781
2600
2164
1563
792
468
650
1096
1386
1587
1776
2013
2173
1789
876
-47
-296
-128
179
590
1356
2377
3272
3581
3289
2897
2590
2380
2284
2631
3441
4388
4918
4905
4706
4802
5100
4915
4143
3629
3811
4147
4023
3342
2622
2337
2538
2687
2331
1645
1298
1215
1029
957
1679
3209
4445
3367
-1148
-6621
-9485
-8599
-6851
-6105
-5155
-2412
1343
3363
2451
-129
-1600
-1793
-2197
-3099
-2598
-44
2618
3422
2425
1399
969
392
-1988
-5650
-8285
-8430
-7073
-5823
-4782
-3712
-2481
-1667
-1723
-2850
-4214
-4908
-4893
-4360
-3220
-1345
530
1700
1678
700
-622
-1791
-2714
-3558
-4090
-4106
-3534
-2666
-1857
-1442
-1624
-2208
-2901
-3347
-3405
-3035
-2169
-843
709
2052
3004
3414
3240
2433
1124
-264
-1021
-712
202
1081
1779
2619
3345
3484
2712
1337
68
-447
-215
124
451
1157
2461
3783
4419
4049
3256
2677
2505
2562
2771
3340
4427
5614
6166
5995
5510
5364
5520
5431
4904
4648
4974
5516
5450
4585
3636
3244
3520
3671
2984
1537
489
179
417
855
1610
2725
3409
1711
-3140
-8201
-9842
-7661
-5480
-4666
-3520
-515
2735
3307
905
-2029
-2605
-1850
-1769
-2334
-1083
2128
4538
4118
1808
121
-541
-1481
-4350
-7686
-8979
-7509
-5285
-4011
-3256
-2551
-1884
-2178
-3463
-5195
-6094
-5773
-4852
-3650
-2013
142
1763
2090
795
-1216
-2993
-4043
-4506
-4674
-4313
-3385
-2030
-1048
-857
-1555
-2702
-3832
-4672
-4897
-4319
-2758
-592
1586
3124
3885
3935
3310
2101
505
-910
-1596
-1216
-188
870
1692
2281
2444
1919
899
-207
-846
-753
-13
960
1857
2575
3057
3404
3518
3119
2242
1704
2003
2846
3695
4287
4711
5068
5314
5060
4443
4132
4587
5271
5446
5399
5553
5926
5773
4712
3247
2480
3056
3953
3935
2575
1100
260
67
79
192
781
1482
1282
-1859
-6626
-9808
-8858
-5909
-4029
-3046
-1502
1294
2631
1154
-2185
-3803
-2876
-1528
-1003
11
2960
5877
6353
3777
612
-1368
-2369
-4051
-6429
-7510
-6416
-4213
-2816
-2370
-2604
-3193
-4296
-5921
-7306
-7514
-6233
-4497
-2810
-1151
519
1531
1365
-14
-2120
-3848
-4674
-4653
-4099
-2939
-1501
-654
-839
-1894
-3209
-4412
-5261
-5541
-5025
-3402
-1123
994
2329
2976
3109
2623
1764
975
660
681
843
981
1108
1246
1243
889
129
-572
-964
-1058
-933
-447
379
1282
1991
2261
2232
2234
2431
2496
2436
2708
3576
4720
5554
5841
5647
5449
5363
5228
5051
5310
6248
7207
7533
7273
7111
7123
6680
5356
3780
3136
3912
5197
5459
4072
1952
456
3
98
197
506
1070
988
-1977
-7281
-11310
-10680
-6929
-4095
-2948
-1691
1042
2525
601
-3474
-5521
-4051
-1847
-734
567
3951
7371
7675
4531
791
-1112
-1824
-3006
-4802
-5247
-3661
-1604
-777
-1237
-2034
-3177
-4749
-6625
-7670
-7134
-5348
-3452
-2179
-1183
-422
-122
-749
-1978
-3377
-4366
-4771
-4596
-3792
-2622
-1650
-1827
-2903
-4247
-5036
-5426
-5539
-5129
-4047
-2264
-692
424
913
1273
1319
923
513
602
1350
1837
1855
1451
1194
868
316
-363
-791
-631
-433
-451
-741
-624
-288
-46
-59
-95
200
689
1353
1756
2181
2718
3442
4027
4369
4699
4896
5146
5245
5357
5441
5839
6546
7176
7634
7839
7914
7378
6369
5142
4184
4020
4549
5258
4911
3468
1647
415
125
219
522
671
754
-764
-4772
-9110
-10662
-8143
-4827
-2668
-1631
-368
825
-225
-2981
-5252
-4394
-2374
-981
260
2697
5732
6195
3815
206
-1671
-2040
-2192
-2619
-2597
-1462
-664
-622
-1433
-2306
-3530
-5087
-6304
-6269
-4571
-2560
-1321
-1351
-1743
-2116
-2484
-3052
-3631
-3795
-3560
-3090
-2792
-2421
-2193
-2520
-3629
-4940
-5756
-5754
-5122
-4513
-3873
-2872
-1551
-701
-589
-851
-939
-465
427
1352
2148
2898
3090
2323
1127
348
176
350
554
670
834
967
633
-161
-827
-924
-578
-28
677
1342
1838
2007
2034
2123
2611
3412
4233
4918
5367
5764
5904
5969
5778
5705
5971
6813
8004
8752
9092
8679
7796
6429
5416
5124
5572
6411
6611
5589
3448
1596
365
87
184
656
1196
1207
-1096
-6218
-10545
-11017
-7203
-3686
-1930
-1498
-830
-349
-2537
-5515
-6988
-4592
-1919
-410
1090
3562
5964
4617
975
-2805
-3408
-2226
-1307
-986
-698
209
-299
-1545
-3187
-4153
-5046
-5863
-5838
-4489
-1925
-385
-421
-1772
-2670
-3119
-3300
-3381
-3233
-2523
-1921
-1686
-2306
-2694
-3135
-3830
-4929
-5966
-6204
-5566
-4198
-3567
-3352
-3170
-2613
-2210
-2005
-1593
-985
350
1630
2464
2635
2776
2489
1507
715
541
1014
1380
1489
969
366
-108
-738
-1337
-1415
-679
-87
214
248
205
62
-65
147
787
2198
3631
4510
4713
4721
4658
4400
4355
4539
5200
6221
7393
8028
8045
7897
7304
6547
6005
6046
6562
7216
7478
6361
4337
2508
1204
630
553
1239
2029
2382
575
-4569
-9586
-11018
-7581
-3589
-1307
-497
-307
-160
-2543
-5678
-7231
-4742
-1499
-132
991
2844
5098
3792
18
-3801
-4391
-2514
-739
423
929
1288
-333
-2780
-4817
-5299
-5242
-5225
-4654
-3144
-879
210
-378
-2375
-3768
-4193
-3701
-2797
-1588
-574
-516
-1358
-3006
-4248
-4925
-4828
-5066
-5457
-5536
-4821
-3918
-3981
-4552
-5181
-4553
-3207
-1481
-288
468
930
698
266
1
745
1444
1825
1818
1897
2162
2083
1419
28
-849
-1114
-762
-87
844
1485
1297
664
-261
-827
-1079
-722
143
1610
3290
4345
4750
4509
4187
3802
4001
4727
5846
7058
7926
8319
8123
7913
7407
7098
7093
7577
8031
8537
8823
8348
7122
5125
3546
2379
2578
2930
3487
3707
3032
37
-5961
-10155
-9973
-4947
-1013
338
-93
-461
-864
-4332
-7290
-7417
-2856
544
1339
1672
3038
4392
1466
-2785
-5823
-4273
-1371
443
977
790
241
-2452
-5093
-6667
-5873
-4891
-4316
-3814
-2688
-1334
-1483
-2830
-4646
-4757
-3845
-2198
-912
75
234
-896
-2745
-4872
-5453
-4909
-3739
-3810
-4454
-4600
-4331
-4503
-5916
-6789
-6535
-4623
-2413
-620
464
685
267
-1093
-1792
-1187
424
1565
2006
2327
2381
2129
1071
-296
-1315
-1317
-795
-210
577
1149
895
-156
-1100
-1674
-1792
-1449
-477
795
1966
2565
2583
2599
2666
2728
2789
3593
4950
6180
6791
6877
6797
6549
6316
6189
6506
7172
7625
7734
7711
7669
7216
5726
4148
3112
3261
3610
3739
3861
3607
2276
-2666
-8034
-9889
-5786
-503
1292
574
-770
-647
-2959
-6173
-7295
-3287
1866
2913
1941
1538
3334
2416
-1013
-4242
-3653
-400
1557
1849
887
39
-2238
-4688
-5909
-4738
-2875
-2151
-2348
-2787
-2751
-3304
-3967
-4685
-4082
-2596
-875
404
697
398
-1113
-2712
-4401
-4817
-3840
-2482
-1844
-2798
-3728
-4842
-5685
-6705
-7235
-6480
-4975
-2895
-1556
-493
-363
-1006
-1954
-2279
-1120
496
1949
2365
2347
1922
1223
362
-253
-172
96
255
74
162
132
-294
-1240
-1951
-1971
-1589
-950
-351
605
1274
1636
1682
2037
2700
3067
3348
3809
4945
5891
6357
6287
6222
6416
6690
7032
7254
7628
7841
8090
8135
8112
7684
6520
5413
4599
4978
5269
5406
5021
4118
2076
-3188
-8047
-9186
-4128
1329
2627
567
-1874
-2096
-4342
-6547
-6183
-700
4530
4630
2355
952
2201
972
-1945
-3603
-1000
2757
3439
1666
-843
-2433
-4726
-6271
-5984
-3335
-1279
-1548
-3174
-4547
-4793
-5381
-5695
-5412
-3405
-1081
170
77
-926
-1879
-3250
-4466
-4986
-3907
-1955
-1019
-1882
-3869
-5544
-6449
-6660
-6257
-5427
-4444
-3805
-3507
-3153
-2753
-2602
-2727
-2449
-1492
-259
560
652
295
-18
-44
302
940
1540
1676
1104
380
-81
1
171
90
-175
-531
-901
-1542
-1839
-1449
-397
592
1093
1420
1770
2050
1788
1657
2492
4258
5827
6268
5937
5670
5886
6216
6395
6669
7254
7804
8107
7933
7740
7029
5994
5118
4958
5743
5770
5592
4669
3825
753
-4431
-7882
-6681
-841
2428
1995
-1122
-2476
-3225
-5530
-6478
-4032
2270
5131
3831
889
486
1322
17
-1529
-1111
2388
4346
3451
677
-1604
-3437
-5256
-5634
-3941
-1154
-485
-2089
-4675
-5952
-6152
-5733
-4830
-3323
-1369
-379
-494
-1568
-2508
-3298
-3824
-3890
-2878
-1215
-335
-1505
-4065
-6184
-6822
-5937
-4755
-3411
-2826
-2818
-3663
-4283
-4000
-3118
-1864
-1148
-263
49
118
-496
-1125
-1209
-845
114
758
1275
1066
605
-49
-438
-291
301
1043
1205
784
-167
-978
-1512
-1141
-93
1301
2148
1963
1365
805
1068
1816
3119
4543
5585
5931
5470
5051
5090
5666
6399
6916
7349
7756
8115
7934
7038
5647
4924
5266
6317
6799
6323
5711
4551
2733
-1690
-5791
-6430
-2101
3116
3678
1032
-2567
-3452
-4733
-5710
-4156
899
6039
5542
2362
-255
550
809
-462
-746
1799
5435
5230
2062
-1942
-4075
-5227
-5367
-3793
-1129
375
-1551
-5048
-7540
-7411
-6240
-4858
-3658
-2105
-1035
-1314
-2475
-3716
-3857
-3963
-3295
-2399
-943
-580
-2206
-4903
-7319
-7231
-5944
-3919
-2982
-2871
-3594
-4726
-5329
-5149
-3453
-1562
-52
239
-102
-724
-1239
-1587
-1605
-911
151
974
744
53
-831
-1269
-1463
-1060
109
1362
1939
957
-546
-1760
-1848
-1065
211
1640
2488
2203
905
-164
9
1374
2851
4152
4883
5317
4847
4112
3877
4585
5866
6462
6874
7135
7533
7039
5549
3891
3736
4984
6623
6801
6048
5005
3920
1810
-2993
-6151
-5436
479
4316
3296
-729
-3571
-3232
-4491
-4722
-2960
3128
6934
5502
1819
-168
1420
1388
861
1103
4399
6634
5167
1497
-1767
-2975
-3750
-3279
-1785
416
279
-2370
-5813
-7401
-6797
-5511
-4082
-3068
-1751
-1424
-2014
-3463
-4353
-4107
-2954
-1370
-310
14
-940
-2778
-4845
-5791
-5186
-3464
-2178
-2082
-3245
-4607
-5425
-5420
-4337
-2767
-929
-15
-22
-966
-1750
-1792
-1226
-288
264
717
689
376
-510
-1322
-1369
-661
255
573
491
1
-738
-1625
-1763
-895
340
913
813
575
409
270
157
833
2093
3648
4372
4353
3970
3831
4296
4797
5520
6039
6683
6932
6473
5516
4157
3491
3747
4867
6035
5855
4997
3509
2313
-385
-4411
-6212
-3699
2095
3884
1337
-2898
-4138
-3673
-4466
-3657
-47
6042
7308
4135
582
676
2826
2884
3087
4705
7805
7473
3840
-42
-1727
-1637
-1539
-537
1019
1734
-730
-4850
-7827
-7637
-5784
-3905
-2744
-2149
-1948
-3183
-4819
-6395
-5881
-4047
-1542
-42
-192
-1163
-3014
-4235
-5277
-4594
-3042
-1261
-899
-2394
-4205
-5559
-5308
-4555
-2997
-1637
-614
-753
-1806
-2663
-2734
-1642
-560
425
823
1064
572
-392
-1149
-990
-63
413
508
185
-72
-965
-1807
-1816
-694
350
333
94
16
332
-153
-303
331
2177
3712
4176
4039
3692
4121
4397
5156
5410
6017
6332
6575
6113
4934
3743
2870
3316
3975
5126
4915
4298
2380
276
-3021
-6134
-6133
-2434
2915
3208
-103
-4616
-5268
-4731
-4453
-2792
1292
6467
6261
2929
-262
895
2815
3220
3813
6036
8811
7410
3429
-383
-1159
-835
-151
1040
2529
2424
-899
-4962
-7432
-6453
-4453
-2434
-1732
-1799
-2382
-3679
-4899
-6199
-5599
-3589
-746
284
-898
-2612
-3695
-3715
-3960
-3364
-1804
-2
-147
-2451
-4574
-4877
-3607
-2556
-1980
-1552
-1272
-1715
-2719
-3165
-2388
-1042
-74
151
96
91
-80
-399
-566
-38
889
1372
954
57
-519
-491
-183
221
526
677
258
-557
-1227
-1211
-322
771
1867
2179
2053
1806
2306
3647
4844
5477
5439
5794
6426
6949
6834
5963
4930
4132
4115
4642
4648
4181
2782
1022
-2382
-6402
-7695
-5015
85
975
-1727
-5259
-5642
-4922
-5754
-4842
-1025
4909
5660
2546
-134
1173
3665
3411
3564
5615
9214
8815
5105
1429
346
701
730
1608
3052
3511
520
-3669
-6320
-5530
-3480
-1856
-1159
-1217
-1593
-3341
-5087
-6169
-4913
-2552
-755
-606
-1679
-2472
-3269
-3914
-4316
-3171
-1279
-122
-873
-2299
-3105
-3192
-2958
-2600
-1384
-626
-754
-2084
-2727
-2263
-1462
-1025
-1268
-1097
-1109
-1047
-1369
-1333
-913
-336
45
-201
-535
-807
-450
-105
237
356
628
640
168
-414
-565
51
678
1461
2100
2612
2179
1494
1758
3483
5339
5792
5316
5182
6026
6547
6206
5221
5155
5661
6212
5284
3853
2868
2310
931
-3267
-6445
-6678
-2585
-205
-1837
-5108
-6587
-5261
-6027
-6479
-4848
829
4339
2750
-273
-516
2772
3708
3231
3536
6731
8594
6615
3248
1617
1935
1428
637
849
2264
1575
-1366
-4779
-5598
-4579
-3360
-2338
-1821
-1314
-2491
-3803
-4645
-3842
-2624
-1879
-1214
-866
-623
-1559
-2482
-2801
-2090
-1548
-1713
-2095
-2039
-1709
-1883
-2317
-2358
-1453
-753
-779
-1666
-2067
-1603
-643
15
-162
-515
-924
-962
-1068
-926
-340
573
1090
389
-923
-1728
-1281
-260
445
706
894
961
421
-543
-985
-219
1163
2132
2289
2227
2403
2547
2356
2224
2959
4474
5783
5918
5319
4504
4086
3736
4036
5117
6207
6495
4886
2692
-736
-3778
-5393
-3812
-274
769
-995
-4574
-5842
-6657
-7558
-7264
-3868
1527
3057
958
-1881
-1212
759
1658
2394
4701
7862
7995
5207
2014
1073
1300
1756
2201
2935
2550
171
-2925
-5189
-5302
-4553
-2993
-1933
-1755
-2823
-4381
-4832
-4415
-3061
-1659
-128
696
297
-739
-1349
-911
-211
74
40
-58
-540
-1669
-3025
-3368
-2585
-1407
-965
-1355
-1880
-2212
-2239
-2202
-1716
-785
154
382
-101
-355
157
1133
1546
1305
854
591
295
-210
-363
-43
505
365
-323
-1021
-1274
-994
-599
-40
245
437
710
1368
2111
2444
2702
3257
4335
4868
4731
4099
3823
4139
4762
5916
6481
6511
4873
2260
-1352
-4904
-5683
-3364
1128
2140
-655
-4995
-7123
-7152
-7711
-6721
-3261
2315
4029
1188
-2205
-1987
817
2163
2911
4936
8420
8875
5559
1307
-29
905
1906
2604
3261
3547
1162
-2719
-5982
-6215
-4557
-2790
-1856
-1913
-2579
-3992
-5097
-5311
-4101
-2307
-615
161
126
-415
-803
-695
-273
432
965
1345
898
-82
-1273
-1707
-1294
-552
-61
-262
-722
-1481
-1976
-2227
-1825
-1128
-593
-475
-747
-738
-586
-290
-250
-148
107
405
531
394
312
196
105
0
125
365
514
485
377
188
-44
4
728
1687
2072
1792
1553
2144
2586
2599
2051
2260
3149
3993
4624
4523
4723
3802
2236
-827
-3728
-4351
-2325
1343
1813
-497
-4309
-5966
-6407
-6980
-6109
-2986
1732
2506
-218
-3054
-1932
1028
2288
2667
4257
7411
7840
5220
1986
1602
2839
3621
3744
4014
4110
1908
-1576
-4298
-3984
-2524
-1598
-2075
-2840
-3298
-4030
-4564
-4920
-3836
-2661
-1534
-1195
-830
-120
193
245
-319
182
1135
2237
2191
1369
730
305
187
-308
-329
-188
-86
-736
-1610
-1908
-1543
-1066
-1187
-1423
-1421
-908
-688
-767
-975
-627
99
514
479
6
-99
-200
-314
-598
-611
-153
130
-53
-710
-986
-534
184
648
654
687
1205
1679
2111
1913
1906
2285
3111
4298
4550
4500
3179
1596
-1135
-3946
-4639
-2599
1345
1945
-826
-5235
-7079
-6915
-6863
-5891
-3084
1498
2539
-133
-3212
-2335
852
2411
2741
4093
7276
8148
5710
2197
1354
2555
3699
4134
4402
4400
2372
-868
-3581
-3596
-2237
-1014
-1007
-1681
-2298
-3045
-3576
-4053
-3461
-2261
-671
214
345
191
-91
-209
-388
202
1301
2523
2710
1891
758
-25
-81
219
799
1076
1126
739
209
-413
-825
-621
-126
320
206
119
244
289
-114
-676
-408
432
941
593
-120
-346
-446
-702
-959
-822
-295
-214
-409
-652
-612
-369
-342
-60
144
485
809
869
1004
751
1202
1822
2315
2249
1520
1158
-586
-3003
-5215
-4268
-980
671
-545
-3640
-4784
-5511
-6480
-6983
-4460
155
1981
173
-2669
-2339
-599
232
62
1504
4508
5932
4567
1949
908
839
1130
1428
2697
3791
2994
327
-2568
-3483
-2990
-1884
-1216
-724
-628
-1347
-2606
-3587
-3212
-1877
-340
844
1766
2208
1701
450
-225
639
2513
3885
4092
3597
2814
1867
852
688
1556
2654
2856
2123
1335
874
675
517
805
1521
2139
2011
1252
678
793
1461
1996
2261
2281
2133
1514
489
-184
-156
467
717
560
250
-112
-555
-1357
-1569
-1245
-512
-92
-343
-655
-1227
-1062
-514
479
1128
742
-323
-2956
-5682
-7131
-5142
-1419
-24
-2063
-5636
-7020
-7446
-8188
-8469
-5880
-1307
377
-1846
-4685
-4035
-1619
-749
-1019
590
4404
6392
4532
1053
-408
287
1294
1942
2908
3770
2695
-479
-3750
-4835
-4012
-2727
-1900
-1446
-1403
-2269
-3544
-4120
-3219
-1517
131
1521
2783
3506
3041
1909
1534
2837
4873
6110
5931
5027
4113
3248
2489
2313
3037
3899
3833
2654
1391
1018
1456
1902
2059
2290
2778
3043
2676
2241
2479
3463
4242
4325
3962
3543
3063
2394
1979
2164
2759
2869
2225
1137
310
-209
-467
-480
-282
88
-137
-615
-1316
-1249
-755
-258
-3
-403
-988
-3203
-5858
-7498
-5688
-1981
-552
-2614
-6499
-8045
-8488
-8940
-9349
-7154
-2941
-1261
-3318
-6456
-5918
-3428
-2047
-2430
-1327
2116
4398
3401
397
-816
-456
279
433
1266
2404
1897
-729
-4234
-5840
-5716
-4372
-3229
-2563
-2775
-3992
-5103
-5564
-4731
-3484
-1821
-101
1380
2000
1583
1080
1168
2258
3615
4863
5507
5479
4702
3573
2892
3137
4146
4808
4633
3629
2690
2278
2495
2980
3307
3412
3207
3113
3134
3348
3539
3726
3991
4177
4212
4035
3873
3627
3270
3045
3345
3952
4101
3373
2291
1694
1729
2097
2284
2287
2033
1695
1441
1153
1052
970
1004
3
-2460
-5008
-5321
-2611
-293
-816
-3843
-5964
-6422
-7060
-7986
-7417
-3978
-1426
-2402
-5595
-6533
-4468
-2923
-3344
-3728
-1283
1801
2430
193
-1869
-2146
-1693
-1481
-981
472
1314
8
-3373
-6310
-7272
-6136
-4526
-3599
-3824
-4885
-5940
-6787
-6828
-6283
-4748
-3005
-1608
-1092
-1191
-1225
-1229
-852
-190
1311
3016
4134
3886
2709
1771
1788
2727
3764
4547
4691
4378
3465
2625
2279
2722
3370
3526
3519
3609
4212
4288
3756
2966
2913
3730
4521
4868
4693
4690
4752
4746
4557
4592
4807
4995
4646
4246
3983
3852
3650
3190
3283
3139
3034
2225
1525
310
-1957
-3928
-4109
-1045
1478
1259
-1991
-4581
-5055
-5094
-5034
-4149
-848
1310
152
-3407
-4771
-2880
-1084
-1346
-2231
-509
2018
2582
146
-2079
-2359
-1748
-1627
-1676
-330
908
170
-3318
-6734
-7699
-6227
-4320
-3751
-4248
-5162
-5861
-6512
-6860
-6515
-5320
-3910
-2950
-2605
-2319
-1958
-1787
-1974
-2033
-1122
481
1937
2158
1411
400
-100
104
866
1931
2673
2694
1925
1086
681
741
747
748
1078
1963
2826
2960
2451
1755
1529
1604
2143
3114
4263
5010
4745
4119
3618
3763
4194
4510
4747
4415
3935
3251
3168
3443
3352
2900
2158
2085
1263
-509
-2631
-2878
-795
979
1035
-544
-1293
-1943
-3294
-4672
-3547
329
2813
1658
-1472
-2086
-424
562
-497
-1042
959
3219
3183
1000
-231
23
278
-656
-1332
-319
1214
1216
-1165
-4054
-5707
-5462
-4483
-3867
-3838
-3983
-3984
-4324
-5039
-5583
-5012
-3617
-2317
-1588
-958
-123
308
-145
-956
-829
450
1985
2650
2356
1588
685
-109
-429
154
1208
1801
1375
461
-203
-598
-1098
-1580
-1328
-172
1111
1614
1380
884
359
-213
-302
697
2559
4127
4323
3555
2635
2344
2305
2409
2648
2938
3087
2535
1965
1330
1204
1109
954
86
-1993
-3809
-4034
-1551
653
817
-1064
-2612
-3093
-3949
-4529
-3650
-119
2285
1486
-1317
-2170
-431
591
-75
-808
1265
3804
4426
2661
1170
1088
1032
448
35
1503
3131
3199
579
-2736
-4801
-5014
-4207
-3595
-2919
-2549
-2364
-3299
-4582
-5424
-4926
-3480
-1898
-156
1289
2354
2038
1069
298
916
2541
4150
5123
5102
4511
3188
1980
1395
2037
3094
3601
3171
2298
1630
738
-465
-1604
-1351
121
1663
1984
1332
537
-335
-1276
-1820
-820
1403
3374
3687
2667
1607
1103
888
789
1080
1881
2426
2235
1420
649
317
-31
-786
-2688
-4714
-5546
-3874
-1075
51
-1321
-3906
-5310
-6130
-6580
-6196
-3594
-207
564
-1721
-4362
-4004
-2270
-1630
-2491
-2153
310
2426
2383
645
-351
-559
-733
-1176
-590
1431
3113
2579
-565
-4058
-5828
-5280
-3898
-2947
-2568
-2472
-2758
-3837
-5041
-5372
-4402
-2958
-1577
-73
1659
2897
2788
1771
1224
2183
4210
6253
7546
7860
7258
5999
4841
4552
5273
6311
6799
6510
5717
4742
3453
1890
752
830
2098
3340
3598
2828
1626
325
-848
-1186
-183
1749
3216
3370
2603
1836
1436
1116
835
984
1724
2629
2943
2434
1517
631
-360
-2110
-4239
-5301
-3975
-1348
-69
-1313
-3749
-5434
-6533
-7598
-7754
-5472
-1844
-252
-2042
-4765
-5254
-3951
-3279
-3815
-3548
-1470
649
900
-298
-1219
-1554
-2145
-3005
-2804
-1037
804
704
-1664
-4685
-6602
-6887
-6225
-5403
-4769
-4378
-4445
-5046
-5755
-5974
-5528
-4779
-3821
-2373
-379
1395
2049
1602
1042
1399
2780
4609
6240
7350
7733
7334
6507
5926
6070
6721
7336
7578
7531
7240
6430
4970
3414
2679
3099
4109
4854
4889
4205
2960
1534
612
755
1814
3011
3656
3614
3173
2657
2210
1880
1761
1990
2523
3033
3134
2772
2160
1129
-775
-3106
-4201
-2891
-368
851
-216
-2316
-4091
-5597
-6909
-6794
-4375
-1325
-479
-2231
-4035
-3943
-2977
-2976
-3682
-3327
-1519
196
623
249
-58
-557
-1831
-3232
-3302
-1734
-52
-50
-1971
-4582
-6583
-7479
-7440
-6826
-6040
-5561
-5722
-6350
-6900
-6991
-6684
-6203
-5506
-4343
-2689
-996
81
243
-144
-311
327
1766
3513
4999
5821
5850
5350
4910
5013
5615
6194
6328
6114
5856
5606
5128
4334
3518
3087
3171
3512
3708
3489
2893
2173
1604
1386
1623
2240
2845
2965
2596
2267
2393
2730
2747
2400
2120
2192
2451
2660
2644
1978
351
-1592
-2361
-1258
574
1382
676
-728
-2209
-3654
-4549
-3956
-1982
-296
-286
-1407
-2070
-1817
-1583
-1978
-2361
-1909
-779
277
893
1166
1040
269
-982
-1928
-1822
-748
298
229
-1200
-3298
-5043
-5845
-5810
-5385
-5009
-5004
-5482
-6176
-6631
-6630
-6327
-5951
-5419
-4464
-3114
-1838
-1134
-1076
-1276
-1162
-368
1039
2633
3867
4390
4282
3992
4016
4485
5082
5379
5218
4847
4568
4411
4134
3602
3014
2676
2624
2549
2168
1571
1102
897
852
891
1112
1478
1590
1144
500
372
876
1426
1483
1198
1045
1155
1276
1194
803
-26
-1136
-1816
-1386
-159
811
788
-65
-1209
-2332
-3050
-2775
-1427
-2
395
-230
-874
-924
-752
-885
-1139
-930
-209
537
986
1232
1338
1165
630
24
-165
215
723
732
58
-966
-1846
-2381
-2691
-2889
-2971
-3043
-3334
-3850
-4327
-4477
-4309
-4006
-3605
-2985
-2219
-1633
-1421
-1400
-1221
-729
-13
769
1562
2309
2859
3130
3237
3414
3751
4084
4175
4049
3932
3967
4037
3877
3404
2861
2508
2343
2154
1771
1293
951
790
671
552
539
669
728
452
-25
-269
-112
101
30
-228
-328
-170
-8
-88
-475
-1233
-2277
-3134
-3193
-2404
-1450
-1033
-1334
-2081
-3013
-3838
-4068
-3382
-2192
-1361
-1261
-1489
-1538
-1470
-1605
-1908
-1902
-1342
-550
46
320
431
465
369
101
-155
-194
-63
-43
-289
-628
-786
-712
-696
-966
-1412
-1769
-1951
-2051
-2112
-2060
-1790
-1388
-1025
-748
-516
-318
-175
-64
118
505
1078
1667
2118
2442
2717
2957
3142
3248
3335
3532
3820
4072
4249
4308
4257
4118
3820
3418
3123
3044
3093
3055
2762
2331
1998
1774
1562
1350
1247
1295
1323
1126
774
497
335
178
-7
-100
-8
146
114
-217
-819
-1577
-2241
-2556
-2433
-2073
-1796
-1806
-2133
-2696
-3303
-3652
-3553
-3123
-2695
-2496
-2457
-2434
-2439
-2521
-2605
-2559
-2320
-1988
-1683
-1416
-1173
-997
-956
-1075
-1310
-1546
-1707
-1772
-1736
-1619
-1480
-1395
-1465
-1741
-2109
-2404
-2549
-2550
-2426
-2195
-1844
-1418
-1055
-831
-726
-681
-578
-334
44
543
1095
1561
1842
1977
2053
2188
2373
2528
2679
2896
3195
3505
3742
3857
3872
3789
3633
3503
3475
3560
3671
3714
3644
3472
3254
3033
2849
2723
2645
2577
2472
2328
2151
1960
1775
1583
1397
1248
1129
997
819
577
268
-122
-563
-934
-1139
-1193
-1208
-1282
-1434
-1617
-1799
-1969
-2082
-2112
-2083
-2036
-2027
-2027
-1990
-1927
-1894
-1948
-2057
-2122
-2063
-1908
-1762
-1698
-1749
-1915
-2177
-2469
-2647
-2623
-2456
-2309
-2289
-2405
-2597
-2828
-3073
-3248
-3265
-3121
-2883
-2608
-2322
-2046
-1823
-1702
-1643
-1518
-1261
-867
-391
66
456
730
872
948
1018
1105
1242
1430
1656
1931
2226
2509
2710
2763
2675
2558
2527
2629
2840
3084
3281
3366
3293
3085
2852
2693
2628
2593
2527
2444
2360
2250
2099
1910
1711
1535
1357
1166
1012
905
811
646
367
35
-275
-527
-708
-801
-812
-790
-814
-911
-1043
-1166
-1252
-1298
-1299
-1247
-1147
-1026
-914
-844
-849
-919
-1011
-1068
-1044
-936
-792
-681
-687
-844
-1084
-1296
-1391
-1362
-1266
-1175
-1165
-1286
-1526
-1798
-2001
-2074
-2040
-1936
-1778
-1593
-1433
-1329
-1283
-1247
-1182
-1080
-902
-638
-300
46
312
456
500
495
475
503
603
800
1075
1339
1550
1676
1697
1658
1597
1542
1552
1648
1802
1987
2118
2146
2068
1900
1682
1463
1296
1206
1181
1153
1074
944
768
579
402
235
81
-70
-223
-371
-482
-547
-583
-640
-761
-931
-1115
-1252
-1307
-1261
-1132
-1002
-947
-978
-1061
-1134
-1132
-1047
-897
-725
-584
-489
-434
-404
-383
-361
-332
-275
-190
-76
47
135
142
54
-84
-186
-202
-124
0
80
75
-41
-227
-376
-412
-326
-163
-18
69
119
137
152
197
260
337
417
499
622
798
966
1078
1071
974
879
848
918
1076
1254
1368
1389
1310
1207
1142
1119
1120
1110
1073
1046
1038
1026
977
866
688
473
273
141
82
31
-77
-265
-502
-720
-865
-949
-1004
-1097
-1273
-1501
-1703
-1810
-1810
-1759
-1738
-1798
-1947
-2119
-2235
-2236
-2122
-1967
-1838
-1785
-1800
-1836
-1827
-1749
-1601
-1405
-1193
-979
-787
-619
-467
-345
-250
-158
-31
178
445
720
943
1052
1033
933
819
774
868
1052
1236
1342
1306
1165
987
824
765
809
898
979
996
956
908
861
818
804
793
806
877
952
1055
1164
1213
1218
1194
1186
1258
1393
1530
1633
1661
1626
1578
1548
1561
1588
1578
1515
1405
1279
1155
1037
909
762
591
403
226
65
-87
-271
-507
-775
-1015
-1186
-1272
-1323
-1416
-1578
-1806
-2046
-2221
-2293
-2276
-2229
-2239
-2324
-2451
-2557
-2574
-2501
-2377
-2263
-2207
-2202
-2208
-2168
-2054
-1881
-1695
-1515
-1354
-1200
-1037
-870
-701
-558
-440
-330
-165
61
324
566
730
795
785
760
779
891
1065
1247
1365
1397
1353
1278
1218
1190
1196
1220
1238
1234
1217
1200
1172
1129
1063
987
936
926
963
1028
1096
1149
1158
1128
1095
1098
1143
1210
1279
1326
1358
1364
1354
1332
1306
1272
1219
1148
1065
985
899
803
697
571
427
268
93
-80
-251
-417
-580
-726
-852
-964
-1085
-1217
-1365
-1508
-1632
-1726
-1780
-1808
-1817
-1839
-1879
-1917
-1939
-1921
-1876
-1820
-1767
-1722
-1677
-1622
-1541
-1431
-1312
-1209
-1118
-1041
-960
-858
-738
-604
-476
-352
-241
-127
-12
97
205
305
396
487
584
683
774
851
909
954
997
1044
1085
1114
1127
1128
1120
1109
1109
1117
1113
1086
1040
987
946
921
912
908
892
861
815
774
742
728
724
729
735
721
698
661
614
575
545
513
484
444
381
307
220
130
46
-42
-139
-251
-373
-496
-601
-686
-778
-874
-980
-1088
-1191
-1277
-1343
-1391
-1429
-1462
-1482
-1491
-1487
-1479
-1471
-1454
-1421
-1375
-1311
-1226
-1142
-1053
-974
-889
-782
-665
-551
-451
-359
-277
-174
-41
106
255
380
459
508
554
625
725
843
954
1039
1092
1113
1115
1118
1133
1159
1184
1206
1212
1199
1165
1112
1070
1037
1021
1004
990
946
883
812
731
689
673
665
654
614
554
495
428
378
341
314
286
251
213
176
134
82
15
-68
-132
-192
-253
-294
-346
-408
-483
-582
-699
-800
-890
-976
-1042
-1084
-1123
-1172
-1243
-1328
-1410
-1461
-1485
-1490
-1458
-1423
-1415
-1418
-1417
-1411
-1363
-1289
-1220
-1136
-1050
-976
-909
-827
-734
-633
-507
-380
-264
-144
-38
37
123
229
345
486
641
762
847
908
940
988
1073
1175
1282
1377
1431
1448
1434
1410
1400
1409
1430
1459
1480
1469
1437
1378
1289
1214
1162
1115
1086
1066
1027
961
875
770
672
597
536
476
428
392
338
269
186
91
4
-55
-102
-136
-152
-175
-228
-313
-412
-512
-581
-629
-660
-687
-723
-785
-878
-988
-1106
-1194
-1253
-1293
-1309
-1325
-1353
-1400
-1469
-1535
-1583
-1592
-1570
-1533
-1476
-1430
-1402
-1388
-1374
-1334
-1276
-1197
-1089
-973
-874
-787
-706
-634
-537
-415
-298
-171
-41
65
141
226
326
422
550
679
779
862
927
968
1005
1072
1154
1238
1312
1364
1375
1358
1343
1330
1338
1358
1388
1407
1397
1366
1312
1246
1190
1158
1132
1115
1101
1061
1000
920
841
758
687
640
597
556
515
455
376
292
214
134
74
44
3
-24
-59
-126
-213
-300
-381
-461
-506
-536
-576
-620
-679
-771
-870
-969
-1058
-1117
-1142
-1159
-1181
-1206
-1251
-1320
-1375
-1419
-1436
-1424
-1385
-1336
-1303
-1270
-1272
-1268
-1238
-1196
-1128
-1033
-936
-845
-766
-688
-618
-543
-439
-338
-230
-117
-17
64
151
242
333
420
513
591
658
724
768
822
876
935
980
1015
1036
1049
1047
1048
1055
1063
1072
1068
1072
1053
1024
1009
977
951
937
914
889
866
836
784
741
697
655
604
568
529
475
437
375
313
253
201
153
101
60
18
-32
-80
-129
-183
-237
-281
-326
-371
-408
-441
-491
-527
-583
-638
-677
-717
-743
-777
-783
-796
-821
-838
-860
-894
-895
-909
-900
-885
-877
-858
-863
-844
-839
-826
-790
-759
-714
-653
-614
-561
-513
-451
-391
-332
-249
-191
-113
-44
18
88
160
221
284
345
396
443
487
529
556
600
631
652
663
671
680
671
675
671
679
671
666
651
630
622
599
586
575
556
543
528
503
479
452
422
399
372
349
315
286
257
210
173
128
90
51
11
-18
-52
-88
-115
-146
-181
-207
-239
-256
-280
-299
-316
-339
-346
-370
-384
-402
-423
-425
-439
-446
-448
-454
-451
-460
-466
-461
-473
-463
-470
-462
-463
-465
-455
-462
-447
-441
-438
-415
-405
-385
-350
-341
-298
-267
-225
-184
-153
-94
-57
-4
45
92
149
194
240
281
328
367
398
428
466
477
505
518
523
533
523
536
522
528
510
506
496
478
469
444
432
411
393
381
363
337
325
296
279
266
233
220
192
175
145
118
95
54
32
2
-25
-59
-84
-113
-137
-162
-188
-209
-236
-250
-276
-291
-306
-317
-326
-339
-345
-353
-362
-368
-364
-372
-363
-364
-352
-350
-342
-332
-326
-311
-306
-294
-288
-278
-277
-272
-263
-255
-250
-237
-237
-225
-213
-204
-180
-169
-143
-118
-88
-60
-32
4
34
64
101
133
165
192
227
252
271
293
314
323
339
339
344
344
336
335
322
321
297
293
276
266
259
242
228
209
196
180
167
153
147
129
132
120
111
110
106
104
94
90
76
62
46
29
12
1
-15
-30
-42
-58
-68
-86
-107
-127
-147
-164
-184
-200
-217
-228
-231
-237
-239
-245
-248
-250
-249
-244
-235
-223
-213
-202
-186
-165
-154
-144
-142
-136
-130
-124
-126
-122
-115
-105
-104
-101
-100
-99
-93
-86
-80
-65
-42
-18
11
32
58
84
111
135
159
180
202
231
250
266
276
287
292
287
287
280
270
259
248
232
216
196
177
153
136
119
96
80
64
47
34
23
8
0
-11
-16
-18
-13
-8
-2
9
14
12
8
3
-4
-12
-21
-28
-33
-36
-44
-54
-63
-77
-93
-113
-130
-156
-172
-186
-200
-213
-222
-224
-228
-229
-236
-239
-240
-230
-221
-208
-189
-174
-152
-133
-116
-105
-98
-89
-81
-78
-70
-68
-64
-57
-58
-56
-56
-59
-62
-60
-54
-50
-42
-21
-6
16
37
61
83
99
121
142
169
189
203
226
241
250
254
256
255
246
244
234
223
212
194
182
162
145
136
114
91
78
64
51
46
37
24
18
13
9
15
19
29
38
48
57
60
69
77
75
71
70
66
62
59
54
42
26
16
-3
-23
-39
-55
-81
-101
-118
-145
-163
-175
-191
-205
-219
-226
-234
-233
-225
-220
-213
-202
-185
-172
-159
-141
-130
-118
-101
-89
-85
-76
-66
-65
-61
-62
-62
-64
-60
-58
-60
-61
-62
-60
-56
-44
-32
-22
-3
14
31
48
73
95
105
126
142
154
171
181
191
187
187
188
179
173
159
147
133
121
112
95
82
71
52
34
24
16
10
10
3
1
-2
0
1
10
24
35
45
56
68
77
87
101
112
109
113
112
108
106
100
89
72
59
44
29
16
4
-10
-33
-50
-69
-89
-102
-118
-130
-143
-150
-160
-168
-167
-165
-163
-166
-163
-156
-152
-144
-133
-124
-119
-100
-95
-98
-92
-86
-87
-86
-82
-77
-73
-66
-59
-60
-60
-56
-54
-46
-35
-28
-20
-4
14
21
34
50
57
63
66
74
81
85
89
91
87
80
71
61
56
48
40
31
27
20
16
14
12
9
-4
-7
-1
3
9
17
22
27
35
47
57
71
80
91
102
112
119
123
131
136
132
125
124
116
108
99
84
73
60
44
31
24
18
14
4
-9
-14
-25
-33
-38
-49
-48
-52
-55
-56
-54
-51
-52
-56
-58
-59
-58
-60
-57
-55
-54
-55
-52
-57
-63
-65
-67
-70
-72
-69
-71
-66
-62
-61
-62
-64
-61
-54
-50
-46
-43
-35
-29
-21
-17
-12
-9
-6
-6
-6
-2
-2
3
5
2
1
-1
-2
-5
-7
-9
-10
-4
-5
-5
-2
0
3
3
6
13
20
25
25
31
35
43
48
49
48
54
55
58
58
58
61
63
62
62
61
57
56
52
44
33
32
26
23
20
17
17
10
9
7
0
2
-2
-4
-4
-4
-2
2
0
-6
-7
-4
-10
-12
-13
-19
-20
-20
-20
-25
-31
-28
-30
-36
-36
-39
-35
-38
-38
-35
-34
-29
-34
-38
-35
-32
-28
-31
-29
-30
-29
-27
-26
-25
-26
-26
-25
-21
-15
-14
-11
-8
-7
-6
-6
4
8
8
9
8
7
5
5
6
7
10
13
14
16
17
17
18
18
22
22
25
27
28
28
30
29
28
28
27
24
24
25
27
26
29
28
27
31
29
26
28
27
32
32
28
30
28
24
26
23
16
15
10
7
5
-4
-6
-8
-12
-14
-17
-19
-20
-22
-25
-26
-24
-23
-29
-28
-28
-27
-24
-24
-25
-26
-28
-29
-30
-33
-33
-32
-33
-36
-35
-32
-31
-32
-32
-32
-28
-27
-26
-26
-24
-19
-15
-14
-11
-11
-10
-5
-3
0
2
4
6
8
14
16
16
20
24
28
32
30
30
32
31
31
32
30
26
24
22
23
23
18
14
13
17
15
13
12
13
19
16
13
15
15
15
17
14
15
13
10
10
13
12
6
5
3
5
0
-2
-5
-5
-7
-9
-8
-11
-10
-11
-11
-12
-10
-11
-13
-12
-14
-12
-10
-10
-8
-12
-11
-10
-9
-7
-11
-12
-16
-17
-15
-14
-12
-14
-17
-16
-15
-18
-12
-13
-11
-13
-14
-10
-9
-6
-4
-3
-1
2
1
2
2
6
7
6
5
5
6
7
7
10
6
5
5
7
7
5
6
8
10
6
6
3
3
6
8
2
0
1
2
5
4
7
6
4
1
3
4
3
4
2
1
2
2
1
3
0
-3
-3
-2
-2
-2
2
-1
1
-1
-3
-1
-2
-2
-1
1
-1
-1
1
-1
3
3
1
4
1
1
4
3
2
3
3
0
2
1
0
-1
-1
-2
-1
-4
-2
1
-1
2
-1
-5
-6
-5
-2
-2
-1
-3
-3
-3
-5
-3
-3
-3
-1
2
2
0
4
5
6
8
5
6
3
4
5
5
4
2
2
3
-1
0
1
-1
0
-1
-2
-1
-2
-2
-2
-5
-3
-2
-2
-3
-5
-1
0
-2
-2
-1
-1
0
2
4
4
4
5
4
4
2
3
5
3
1
0
-2
1
2
3
-2
-4
-1
-3
-4
-1
0
-2
-4
-3
-1
-4
-3
2
1
-2
-2
2
4
1
1
2
3
-1
0
4
2
2
0
-1
2
-3
-2
2
-2
-4
-1
-2
0
-3
-2
-1
-2
-2
-2
-3
-2
2
1
-2
-4
1
3
1
0
2
4
4
5
3
0
2
3
2
1
1
2
2
3
4
2
1
0
0
1
2
-1
0
-1
-3
-2
-3
