-1
2
2
0
1
3
2
1
-1
-1
-1
-3
-2
1
2
-1
-4
-3
-1
2
1
1
1
2
0
1
1
0
1
0
0
0
2
2
0
0
-1
0
1
0
0
-1
1
2
0
-2
0
-1
1
1
0
-1
0
1
1
0
-1
-3
-1
-1
-1
0
-1
-1
2
1
0
0
1
-1
-1
1
0
0
-2
0
1
2
1
-1
-2
-1
0
1
1
-1
0
1
0
-1
-1
-1
-1
-1
-1
-1
0
2
1
1
1
0
1
0
1
2
1
0
0
0
0
1
0
-1
0
0
0
0
-1
-1
0
-1
1
1
0
1
0
0
0
0
0
2
1
-1
0
-1
2
0
0
2
2
0
0
-2
-2
-2
0
1
0
1
1
0
1
2
0
-1
1
1
1
-1
-1
0
-1
0
1
-1
0
2
0
-1
-1
0
0
0
1
-1
-1
1
1
1
0
0
-1
0
1
1
2
-1
-1
0
0
-2
0
2
2
1
0
-1
-1
-1
-1
0
-1
-1
-2
0
0
1
0
-1
0
-1
-1
1
-2
0
1
1
0
-1
2
-1
-1
1
0
1
-1
-1
-1
0
2
0
1
0
1
-1
-1
0
0
1
-2
-2
0
-1
0
0
2
-1
-1
-1
0
2
1
1
-2
0
0
0
1
0
-2
-1
2
2
-1
-2
1
1
-2
-1
-1
0
0
0
0
1
0
-2
0
1
2
2
-1
-1
-1
0
0
0
2
2
0
0
0
0
0
-1
0
1
1
0
-1
0
1
-1
-1
0
1
0
0
0
1
-1
0
0
0
-1
0
0
0
-1
2
2
1
-1
1
0
0
0
-1
0
0
1
-1
-2
0
-1
0
0
-1
1
1
0
0
0
0
1
0
0
0
1
0
0
0
-2
-1
1
-1
1
1
0
-1
-1
0
-1
-1
-1
0
0
0
1
0
0
0
0
-1
0
2
0
0
1
0
1
2
2
0
0
1
2
2
0
0
1
1
1
1
1
2
0
0
0
0
-1
-1
-1
0
-2
-2
-2
-3
-3
-2
-2
-3
-3
-4
-3
-3
-4
-4
-4
-4
-3
-3
-3
-4
-3
-1
-2
-1
-2
1
1
2
1
1
4
1
2
2
2
2
2
2
3
4
2
3
3
4
3
3
4
3
3
3
3
1
3
2
2
1
1
0
1
1
-1
1
0
-2
-2
-1
-1
0
1
1
0
1
1
2
2
1
1
2
3
2
4
2
5
6
5
4
3
5
4
4
5
6
7
5
6
5
4
4
3
2
2
3
3
1
0
0
0
-1
-2
-4
-6
-7
-8
-10
-10
-13
-13
-13
-13
-14
-14
-15
-15
-15
-18
-19
-18
-17
-17
-15
-13
-13
-12
-10
-9
-7
-4
-1
0
2
3
6
10
12
13
15
17
16
20
23
23
23
26
29
29
28
28
30
29
29
29
28
27
26
22
19
18
17
13
11
8
7
4
0
-2
-5
-7
-12
-15
-17
-19
-22
-25
-26
-29
-32
-34
-36
-36
-36
-37
-38
-37
-37
-36
-35
-37
-33
-33
-30
-28
-26
-21
-19
-15
-12
-8
-6
-4
-1
2
5
8
12
14
16
18
22
23
28
28
29
30
31
33
34
34
33
32
31
29
29
29
26
22
21
20
18
14
11
8
5
1
0
-3
-8
-10
-13
-17
-20
-22
-27
-28
-28
-30
-33
-32
-34
-36
-36
-35
-35
-35
-34
-32
-31
-29
-26
-24
-21
-19
-13
-11
-7
-4
-1
4
7
12
16
21
24
28
31
33
36
38
41
43
42
42
43
45
42
40
39
36
34
33
28
25
23
17
13
9
3
-2
-4
-10
-15
-18
-24
-26
-30
-34
-39
-40
-43
-45
-47
-47
-47
-51
-51
-52
-50
-48
-49
-48
-45
-43
-42
-42
-39
-35
-32
-31
-28
-23
-19
-17
-12
-9
-4
0
9
17
22
28
36
42
51
59
69
78
88
98
105
112
123
132
139
148
153
159
161
164
166
166
166
163
159
152
143
131
119
106
90
74
58
41
20
-4
-24
-45
-65
-86
-106
-125
-143
-160
-176
-189
-200
-209
-216
-221
-224
-226
-227
-225
-220
-213
-206
-194
-184
-173
-161
-150
-136
-124
-111
-98
-85
-74
-64
-55
-46
-39
-32
-25
-20
-15
-10
-8
-4
-3
0
3
10
12
16
23
29
38
45
56
66
80
94
108
123
137
151
167
182
200
214
228
241
251
259
265
269
271
272
271
267
257
245
226
208
188
168
145
123
99
68
37
10
-18
-44
-67
-88
-114
-134
-152
-168
-183
-197
-205
-204
-198
-196
-193
-189
-183
-171
-158
-143
-126
-108
-89
-74
-61
-47
-35
-21
-9
1
9
15
17
15
10
0
-10
-19
-24
-30
-44
-63
-84
-101
-121
-133
-142
-152
-170
-195
-219
-230
-229
-227
-228
-236
-242
-239
-229
-215
-205
-194
-180
-153
-124
-98
-74
-52
-24
9
44
81
119
150
178
200
224
254
283
306
320
327
339
355
367
374
372
366
366
373
373
362
341
322
317
321
312
291
255
231
223
221
208
183
160
144
139
133
120
98
84
83
89
90
83
73
67
62
56
44
32
30
28
21
-1
-35
-66
-85
-99
-126
-158
-199
-231
-261
-294
-337
-384
-420
-443
-458
-482
-519
-555
-579
-592
-596
-600
-605
-610
-608
-604
-598
-595
-589
-571
-549
-528
-509
-489
-462
-427
-394
-371
-346
-307
-258
-214
-186
-167
-140
-102
-60
-32
-14
14
60
109
138
149
168
204
255
291
302
315
353
415
460
468
464
486
543
611
641
638
643
680
744
795
809
803
813
859
920
972
1004
1017
1031
1048
1072
1093
1097
1076
1046
1035
1041
1015
913
757
630
585
570
489
318
116
-32
-106
-176
-322
-520
-674
-734
-747
-816
-975
-1134
-1197
-1165
-1132
-1164
-1227
-1246
-1187
-1110
-1081
-1090
-1069
-974
-851
-769
-746
-730
-671
-585
-528
-503
-476
-426
-361
-324
-340
-370
-366
-330
-299
-308
-341
-357
-339
-318
-332
-376
-413
-404
-368
-340
-344
-370
-373
-340
-287
-240
-216
-202
-168
-98
-25
24
52
74
128
208
283
327
349
395
474
565
623
648
679
728
798
848
867
884
918
956
964
944
920
930
961
953
879
795
769
808
840
775
627
503
489
555
603
551
432
345
355
407
402
315
232
237
309
330
203
-8
-136
-94
23
29
-139
-342
-421
-374
-341
-434
-606
-691
-631
-525
-543
-706
-865
-852
-687
-556
-567
-655
-664
-556
-441
-438
-501
-499
-365
-193
-137
-203
-272
-252
-175
-144
-200
-261
-236
-155
-146
-278
-460
-538
-478
-403
-439
-566
-650
-634
-588
-611
-711
-779
-737
-621
-535
-541
-584
-566
-463
-350
-302
-287
-221
-62
103
177
167
159
223
336
429
487
538
619
708
757
755
749
786
869
954
1014
1047
1078
1134
1187
1213
1226
1289
1411
1522
1568
1562
1565
1561
1528
1513
1590
1736
1777
1538
1113
769
697
853
968
800
331
-149
-362
-348
-413
-718
-1068
-1192
-1083
-1027
-1245
-1638
-1923
-1918
-1707
-1502
-1446
-1466
-1409
-1278
-1203
-1254
-1285
-1122
-780
-484
-389
-429
-419
-268
-82
-3
-44
-44
127
387
517
404
178
68
141
282
324
242
160
165
199
136
-60
-281
-368
-310
-235
-289
-454
-587
-620
-625
-719
-893
-1003
-943
-785
-715
-833
-1036
-1148
-1071
-925
-862
-905
-941
-853
-686
-596
-636
-713
-669
-489
-310
-244
-249
-217
-115
-15
0
-45
-48
64
226
328
303
225
207
256
310
304
289
367
511
631
641
590
605
717
874
999
1102
1225
1366
1496
1588
1658
1745
1902
2120
2316
2403
2392
2368
2367
2348
2313
2352
2483
2555
2338
1854
1368
1137
1157
1193
1054
687
218
-148
-358
-553
-861
-1180
-1313
-1228
-1151
-1306
-1640
-1910
-1965
-1855
-1702
-1576
-1441
-1271
-1106
-1043
-1092
-1118
-969
-659
-373
-236
-188
-110
31
124
111
47
48
178
339
406
317
162
28
-95
-240
-381
-443
-436
-475
-648
-932
-1176
-1332
-1473
-1690
-1933
-2010
-1903
-1775
-1886
-2212
-2509
-2548
-2324
-2087
-2008
-2021
-1920
-1674
-1476
-1463
-1534
-1446
-1042
-551
-240
-169
-160
-4
245
459
538
638
872
1180
1389
1357
1201
1119
1204
1327
1378
1345
1360
1441
1477
1371
1168
1063
1130
1309
1456
1517
1540
1588
1639
1661
1677
1796
2059
2347
2522
2534
2496
2496
2565
2631
2687
2800
2936
2944
2651
2144
1729
1616
1746
1780
1468
931
440
154
-59
-373
-762
-1027
-1048
-1008
-1183
-1627
-2086
-2240
-2085
-1855
-1793
-1845
-1799
-1621
-1450
-1453
-1545
-1495
-1183
-754
-482
-452
-516
-457
-269
-118
-110
-172
-128
47
181
125
-91
-292
-348
-330
-366
-488
-611
-649
-684
-846
-1152
-1455
-1599
-1599
-1609
-1754
-1983
-2150
-2230
-2315
-2519
-2739
-2818
-2713
-2545
-2516
-2630
-2752
-2709
-2515
-2332
-2227
-2128
-1925
-1612
-1339
-1186
-1112
-967
-676
-353
-70
103
272
487
704
884
981
1103
1268
1467
1611
1675
1716
1778
1857
1890
1875
1855
1901
1999
2079
2074
2031
2037
2110
2188
2205
2185
2233
2409
2620
2737
2684
2592
2625
2837
3100
3214
3169
3052
3033
3080
3042
2870
2678
2657
2739
2640
2146
1376
816
703
844
800
293
-419
-927
-1083
-1175
-1498
-1957
-2218
-2083
-1818
-1871
-2314
-2771
-2811
-2446
-2042
-1914
-1966
-1871
-1559
-1276
-1277
-1447
-1434
-1062
-547
-278
-341
-493
-458
-252
-134
-234
-385
-329
-86
55
-109
-480
-729
-702
-581
-622
-840
-1018
-996
-880
-982
-1399
-1829
-1931
-1739
-1570
-1744
-2227
-2548
-2462
-2211
-2242
-2604
-2973
-2934
-2464
-2080
-2141
-2472
-2575
-2250
-1730
-1423
-1453
-1451
-1091
-559
-221
-194
-206
81
624
1047
1080
1008
1195
1649
2012
1984
1754
1745
2123
2521
2544
2225
1998
2163
2523
2633
2349
2015
2020
2370
2652
2581
2315
2233
2435
2697
2760
2636
2588
2765
2999
3059
2991
2974
3119
3324
3374
3212
3045
3046
3097
3019
2800
2573
2505
2470
2152
1459
736
375
395
459
179
-468
-1111
-1467
-1631
-1861
-2229
-2532
-2550
-2350
-2286
-2586
-3048
-3298
-3162
-2820
-2595
-2559
-2526
-2329
-2076
-1995
-2117
-2216
-2051
-1632
-1234
-1110
-1207
-1267
-1175
-1047
-1010
-1054
-1058
-901
-705
-702
-879
-1064
-1142
-1138
-1143
-1256
-1372
-1312
-1214
-1319
-1598
-1863
-2001
-1988
-1995
-2242
-2528
-2548
-2446
-2465
-2620
-2862
-3015
-2887
-2667
-2614
-2602
-2435
-2193
-1956
-1783
-1752
-1634
-1197
-681
-354
-136
80
339
722
1067
1218
1364
1666
2010
2293
2507
2594
2636
2754
2862
2911
2990
3116
3197
3238
3215
3098
2993
2990
3003
2976
2973
2984
3004
3041
3008
2865
2738
2717
2789
2908
2971
2887
2720
2623
2638
2724
2763
2655
2470
2373
2391
2365
2184
1885
1644
1610
1687
1536
990
255
-263
-341
-176
-218
-689
-1319
-1730
-1880
-1999
-2267
-2595
-2710
-2521
-2328
-2440
-2849
-3206
-3218
-2948
-2703
-2670
-2681
-2517
-2225
-2083
-2203
-2367
-2268
-1848
-1398
-1220
-1321
-1420
-1285
-1022
-883
-959
-1070
-976
-675
-431
-476
-721
-906
-901
-777
-704
-785
-897
-877
-788
-848
-1120
-1465
-1688
-1670
-1577
-1667
-1905
-2031
-2013
-1989
-2053
-2229
-2334
-2150
-1784
-1524
-1450
-1428
-1317
-1057
-752
-567
-383
-9
478
839
985
1028
1174
1543
1933
2110
2142
2274
2565
2848
2906
2719
2551
2659
2932
3065
2962
2781
2718
2796
2826
2638
2359
2249
2358
2501
2487
2311
2135
2101
2150
2155
2116
2105
2139
2161
2150
2108
2066
2053
2064
2080
2126
2188
2220
2199
2110
1975
1836
1722
1683
1721
1771
1635
1124
348
-271
-395
-174
-119
-537
-1235
-1766
-1958
-2050
-2347
-2818
-3116
-3005
-2689
-2637
-3035
-3576
-3808
-3634
-3339
-3202
-3165
-3001
-2703
-2485
-2524
-2700
-2705
-2399
-1961
-1707
-1709
-1723
-1525
-1222
-1138
-1360
-1599
-1490
-1064
-716
-753
-1081
-1323
-1274
-1104
-1097
-1264
-1340
-1190
-1039
-1217
-1712
-2095
-2041
-1739
-1674
-2005
-2412
-2469
-2167
-1914
-2002
-2249
-2223
-1794
-1275
-1075
-1168
-1155
-774
-217
160
302
472
877
1361
1630
1655
1742
2154
2720
3044
2960
2766
2854
3240
3523
3391
3036
2909
3156
3426
3312
2829
2420
2407
2621
2619
2249
1840
1746
1921
1963
1627
1201
1149
1531
1904
1871
1538
1326
1482
1794
1908
1770
1707
1982
2445
2683
2504
2171
2107
2377
2673
2681
2404
2182
2236
2397
2211
1449
448
-211
-245
28
9
-567
-1367
-1953
-2260
-2545
-2970
-3375
-3477
-3275
-3084
-3253
-3738
-4215
-4396
-4264
-4014
-3763
-3468
-3082
-2758
-2681
-2828
-2938
-2788
-2366
-1871
-1475
-1252
-1130
-1022
-905
-876
-959
-973
-784
-457
-218
-205
-420
-702
-862
-819
-652
-500
-433
-385
-337
-386
-586
-825
-943
-869
-647
-522
-737
-1164
-1395
-1241
-930
-774
-825
-876
-704
-391
-185
-141
-129
-9
280
649
857
826
765
854
1045
1240
1437
1639
1833
1975
1988
1862
1764
1814
1943
2035
2070
2101
2161
2214
2130
1901
1639
1506
1554
1719
1844
1783
1584
1407
1336
1354
1477
1642
1775
1877
1997
2061
2060
2110
2250
2376
2387
2425
2600
2823
2777
2547
2537
2825
2995
2860
2698
2636
2457
1796
662
-468
-1018
-1184
-1435
-1805
-1978
-2093
-2486
-3076
-3579
-3685
-3469
-3157
-2963
-2758
-2582
-2701
-3068
-3289
-3170
-2921
-2552
-2095
-1578
-1184
-1027
-1197
-1528
-1654
-1439
-1010
-689
-459
-218
83
140
-215
-725
-970
-913
-891
-1026
-1141
-1122
-1200
-1517
-1918
-2190
-2265
-2170
-1942
-1743
-1655
-1656
-1656
-1501
-1310
-1123
-964
-682
-353
127
361
-231
-1337
-1535
-371
531
283
-219
158
631
459
-271
-491
19
576
690
617
726
655
399
-62
-282
-184
337
561
284
64
308
399
-132
-451
-26
881
1346
1345
1269
1530
1758
1639
1307
1225
1705
2457
2874
2572
2129
2119
2325
2268
2147
2459
3026
3393
3350
3149
3077
3156
3218
3051
2984
3019
3231
3177
3146
3180
3442
3331
2726
2033
1258
-138
-2338
-3686
-3898
-3563
-3723
-3453
-3076
-3247
-4130
-4490
-3966
-3383
-2836
-1973
-513
291
339
-163
-364
-561
-512
-184
364
786
1116
1360
854
-149
-935
-875
-776
-801
-733
-195
211
19
-646
-1358
-1880
-2274
-2388
-2272
-1997
-1958
-2149
-2518
-2796
-2989
-3097
-3076
-2752
-2041
-1302
-803
-656
-477
-180
202
385
553
1129
2052
2780
2404
1131
-522
-1216
-1039
-302
39
394
660
585
-295
-1724
-2459
-2347
-1527
-1002
-272
108
196
-536
-1493
-2201
-2236
-1692
-917
70
800
1124
678
105
-228
102
786
1740
2685
3590
4050
3899
3167
2232
1632
1729
2532
3415
3959
3823
3418
2814
2203
1621
1592
2174
2969
3404
3270
3030
2786
2610
2163
1952
2080
2630
3012
3289
3425
3335
2882
2412
2236
1260
-1162
-3828
-4516
-3980
-3905
-4373
-3442
-1926
-1978
-3665
-4290
-3250
-2476
-2638
-1998
239
1878
1563
185
-454
-639
-1035
-1566
-1259
-151
875
831
-296
-1474
-2018
-2270
-2631
-2598
-1707
-519
-7
-153
-444
-872
-1734
-2501
-2611
-2063
-1590
-1409
-1479
-1715
-2111
-2606
-2810
-2785
-2372
-1730
-788
-29
299
266
80
107
149
540
991
1701
2240
2495
1490
-1171
-3743
-4244
-2355
-939
-324
-265
540
40
-1889
-3964
-3936
-2440
-1283
-457
336
1475
1097
-581
-2572
-2816
-1920
-606
431
1492
2338
2425
1531
317
-141
535
1860
3214
4338
4975
4952
4151
2976
1834
1345
1719
2883
3836
3982
3430
2767
1983
1121
546
707
1343
2002
2426
2819
3022
2857
2333
1937
2057
2345
2736
3070
3850
4219
4088
3154
2223
491
-1978
-4331
-5077
-4785
-4518
-3875
-2312
-934
-1567
-3189
-3912
-3375
-3048
-2717
-1349
873
2042
1667
617
-240
-1219
-2157
-2482
-1806
-655
291
535
-11
-870
-1695
-2396
-2946
-2740
-1616
-204
583
785
737
309
-732
-1900
-2468
-2265
-1717
-1176
-902
-974
-1333
-1758
-2130
-2403
-2345
-1757
-742
121
647
789
770
636
559
541
612
993
1544
1621
-55
-2734
-4273
-3471
-2113
-1811
-1691
-770
227
-691
-2398
-3099
-2058
-1276
-1104
-619
663
1499
678
-794
-1536
-1067
-497
-43
570
1569
2314
2124
1313
717
897
1574
2225
2881
3552
4187
4169
3568
2563
1746
1469
1922
2750
3114
2962
2461
2076
1376
751
569
1245
2047
2510
2684
2861
3164
3318
3463
3472
3720
3895
4113
3992
4092
4151
4159
3667
2803
1005
-1841
-4568
-5791
-5733
-5889
-5647
-3813
-1170
-805
-2622
-3938
-3300
-2995
-3703
-3389
-572
2069
2184
720
166
208
-765
-2402
-2775
-1232
458
1019
533
142
-192
-817
-1880
-2456
-1948
-657
439
904
948
707
-83
-1373
-2662
-3317
-3254
-2707
-2197
-1993
-2042
-2110
-2204
-2606
-3065
-3035
-2207
-1300
-731
-367
219
802
840
437
91
399
829
830
-414
-2212
-3317
-2907
-1865
-1319
-926
-448
3
-794
-1909
-2377
-1516
-719
-386
-94
529
1043
554
-319
-1021
-817
-252
519
1149
1741
2048
1906
1329
769
634
1056
1671
2366
2935
3418
3417
2912
2138
1458
1282
1531
2173
2585
2758
2518
2177
1574
954
774
1213
1985
2443
2732
3036
3440
3622
3446
3301
3446
3924
4124
4033
3976
4244
4311
3549
2229
455
-1619
-4304
-6321
-7275
-6830
-5777
-3877
-2104
-1423
-2179
-3115
-3462
-3754
-3801
-2955
-739
1064
1874
1761
1639
801
-629
-1940
-2037
-1266
-290
523
1090
1273
800
-81
-984
-1417
-1365
-924
-387
337
930
1031
219
-1064
-2339
-3211
-3747
-3876
-3609
-3044
-2493
-2243
-2356
-2505
-2564
-2452
-2333
-2022
-1389
-464
465
1021
1323
1331
1477
1197
864
494
602
124
-1361
-2830
-2778
-1126
-187
-28
-269
316
-110
-1338
-2522
-1944
-724
-160
-79
300
1215
1150
234
-852
-837
-229
488
1039
1754
2447
2574
2055
1395
1134
1354
1711
2311
3040
3702
3867
3705
3494
3052
2268
1537
1585
2086
2182
1765
1410
1313
912
356
236
741
1219
1242
1363
1821
2652
3124
3305
3212
3150
3148
2943
2952
2995
3376
3251
2911
1805
-144
-3214
-6225
-7907
-8026
-6658
-4323
-1411
253
139
-1097
-2067
-2902
-3630
-3609
-1940
446
2312
3049
3210
2513
936
-1238
-2589
-2699
-1831
-624
523
1455
1578
914
-396
-1418
-2084
-2161
-1994
-1282
-272
699
846
30
-1437
-2897
-4029
-4669
-4607
-3846
-2709
-1745
-1065
-669
-575
-1041
-1720
-2119
-1787
-962
126
1161
2017
2434
2406
1984
1331
729
356
223
-215
-1023
-2013
-2298
-1869
-1087
-640
-606
-704
-910
-1234
-1800
-2018
-1943
-1379
-790
-61
523
775
586
66
-262
-287
172
633
1082
1377
1688
1829
1726
1615
1666
2077
2523
2942
3161
3375
3664
3683
3070
1891
1145
1090
1244
831
191
-94
-6
61
-84
-51
242
636
848
934
1392
2164
2952
2956
2542
2069
2097
2334
2441
2515
2613
3097
2524
371
-3555
-6491
-7729
-7219
-6241
-3944
-573
2063
2149
318
-990
-1687
-2308
-3146
-2167
386
3100
3914
3529
2682
1688
-127
-2108
-3095
-2438
-950
351
1063
1384
1274
505
-823
-2036
-2509
-2221
-1451
-548
358
820
635
-451
-1856
-3173
-3791
-3899
-3396
-2480
-1130
78
653
541
-15
-635
-1250
-1385
-1013
-79
903
1767
2352
2533
2273
1488
704
49
-278
-1060
-2307
-3286
-3053
-1961
-1485
-1391
-1251
-417
-682
-1672
-2747
-2270
-1533
-984
-584
494
1635
1700
884
17
-44
131
292
341
832
1565
2002
1762
1369
1370
1713
1864
2021
2417
3135
3499
3538
3187
2546
1442
445
-31
-177
-510
-1043
-1224
-976
-531
-249
44
402
893
1279
1704
2117
2751
3137
3253
2868
2601
2546
3002
3451
3627
3415
2978
1833
-1053
-5169
-8395
-8774
-7105
-4982
-2716
136
2490
2402
218
-1944
-2664
-2865
-2966
-2083
419
3122
4196
3653
2520
1409
-142
-1813
-2728
-2189
-817
451
1141
1439
1445
930
-142
-1258
-1800
-1593
-973
-103
794
1420
1177
124
-1247
-2279
-2921
-3203
-3094
-2319
-1084
124
700
583
-20
-688
-1100
-1125
-672
44
1001
1742
2221
2172
1953
1551
1058
452
-180
-668
-1440
-2234
-3030
-3058
-2761
-2061
-1395
-630
-252
-531
-1153
-1825
-1930
-1813
-1134
-386
632
1277
1620
1365
774
127
-339
-537
-564
-239
334
1007
1482
1706
1726
1603
1423
1402
1560
1908
2173
2341
1981
1365
588
39
-690
-1584
-2319
-2353
-1657
-841
57
829
1645
1972
2006
1779
1851
2148
2535
2794
2910
3209
3579
4048
3972
3542
2766
2011
245
-2945
-6713
-8635
-7810
-5483
-3154
-962
1365
2550
1587
-947
-2842
-3399
-3182
-2729
-1308
1302
3780
4494
3363
1709
376
-894
-2178
-2730
-1779
73
1642
2264
2298
1949
1053
-291
-1493
-1885
-1522
-605
517
1493
1750
1081
-171
-1606
-2835
-3703
-3885
-3370
-2292
-971
222
868
591
-268
-1183
-1504
-1389
-829
-79
994
1931
2514
2492
2096
1421
607
-233
-1095
-1794
-2532
-2833
-2747
-1862
-1012
-187
49
109
-434
-1247
-2158
-2507
-2163
-1413
-357
525
1250
1275
947
158
-366
-758
-697
-476
155
802
1293
1316
1164
1087
1164
1246
1361
1703
2156
2530
2474
2044
1297
622
-15
-577
-1177
-1559
-1660
-1408
-945
-157
853
1842
2404
2541
2434
2483
2632
2640
2467
2495
2940
3456
3808
4038
4213
4041
3315
1922
-670
-4330
-7650
-8572
-7074
-4472
-1809
804
2736
2756
1057
-1141
-2541
-3369
-3299
-2101
398
2866
4321
4307
3284
1682
-19
-1457
-2311
-2211
-1186
315
1500
2104
2023
1382
194
-957
-1728
-1807
-1368
-319
906
1682
1472
475
-837
-2200
-3391
-4114
-4031
-3237
-2010
-634
418
767
227
-690
-1477
-1855
-1774
-1306
-296
781
1726
2049
2078
1726
1094
198
-744
-1359
-2306
-3290
-4141
-3454
-2039
-478
196
482
508
-191
-1433
-2870
-3033
-2591
-1392
-453
906
1813
2012
1062
-259
-1075
-1412
-1333
-1057
-93
1074
1899
1897
1526
1231
999
726
615
989
1731
2222
2246
1731
1268
616
-91
-1012
-1534
-1619
-1300
-787
12
1248
2430
3237
3301
3137
2921
2901
2798
2710
2812
3139
3557
3795
4109
4354
4478
4069
3099
913
-2617
-6331
-8377
-7913
-5973
-3274
-384
2242
3043
1897
-288
-2112
-3443
-4042
-3248
-875
2101
4259
5199
4806
3309
1059
-1010
-2305
-2564
-1866
-360
1367
2553
2761
2102
909
-445
-1678
-2312
-2151
-1079
274
1323
1488
962
-140
-1657
-3403
-4725
-4957
-4293
-3145
-2005
-777
20
61
-830
-1935
-2703
-2881
-2527
-1725
-551
605
1409
1726
1523
965
-13
-926
-2092
-3359
-4649
-4706
-3307
-1278
247
840
1284
974
-32
-2106
-3255
-3391
-2308
-1304
-2
1423
2417
2178
648
-747
-1539
-1422
-1288
-639
382
1811
2525
2385
1603
1007
597
420
464
1143
2192
3000
2914
2068
1128
412
-81
-686
-1004
-890
-159
582
1193
1643
2194
2642
2775
2744
3017
3573
4062
4103
4156
4227
4361
4160
4073
4108
4219
4196
3669
2059
-1517
-5620
-8493
-8473
-6891
-4401
-1713
1247
2945
2574
634
-1484
-2893
-3708
-3387
-1912
808
3410
5101
4906
3497
1603
45
-1378
-2411
-2322
-746
1369
2626
2761
2296
1605
419
-1120
-2308
-2411
-1480
-194
704
1061
920
304
-1158
-2995
-4435
-4651
-4193
-3502
-2709
-1489
-402
-238
-1040
-2086
-2636
-2840
-2718
-2288
-1274
-91
819
1182
1137
857
299
-480
-1601
-2948
-4211
-4616
-3700
-1967
-240
857
1463
1288
261
-1425
-2719
-3122
-2684
-1786
-519
964
1956
1973
961
-263
-1154
-1376
-1181
-537
419
1482
2084
1929
1291
704
434
420
680
1358
2354
3184
3312
2793
2040
1492
1030
448
-86
-163
306
801
1139
1504
2306
3061
3410
3348
3587
4098
4398
4180
3929
4039
4247
4262
4100
4054
4022
3881
2978
531
-3614
-7728
-9638
-8746
-6351
-3651
-867
1689
2851
1934
-278
-2314
-3560
-3985
-3417
-1490
1333
3736
4579
3844
2494
1120
-286
-1809
-2526
-1689
320
1945
2437
2098
1533
613
-721
-2006
-2571
-2205
-1317
-450
-18
18
-370
-1204
-2486
-3667
-4332
-4385
-4095
-3380
-2285
-1219
-827
-1172
-1817
-2312
-2583
-2675
-2518
-1966
-981
183
1089
1360
1090
520
-95
-774
-1464
-2364
-3253
-3770
-3343
-2241
-953
2
506
350
-533
-1718
-2589
-2727
-2357
-1507
-402
802
1438
1360
705
56
-408
-576
-405
230
1269
2212
2548
2135
1523
1102
1014
1096
1503
2287
3242
3789
3682
3197
2814
2501
1852
899
278
457
1070
1543
1842
2343
3047
3532
3614
3514
3522
3610
3756
4006
4351
4667
4913
5013
4717
4189
3797
3199
751
-4040
-9001
-10774
-8877
-5700
-3139
-709
2102
3688
2532
-349
-2381
-2953
-3138
-3274
-1959
1113
3990
4468
2879
1182
250
-735
-2245
-3051
-1952
357
1880
1876
1245
883
313
-1045
-2657
-3182
-2331
-1028
-360
-398
-656
-1060
-1881
-3043
-3850
-3972
-3649
-3333
-2836
-2043
-1210
-983
-1466
-2210
-2566
-2336
-1885
-1472
-1023
-175
757
1367
1320
1065
686
226
-356
-712
-1097
-2009
-2972
-3166
-2354
-1610
-1052
-566
217
225
-649
-1716
-2006
-1785
-1510
-876
165
1330
1579
1207
670
564
404
215
275
1087
2266
2883
2552
1835
1448
1375
1304
1372
2042
3069
3718
3585
3301
3261
3297
2658
1645
931
994
1282
1329
1300
1589
2170
2498
2529
2488
2683
2966
3168
3223
3280
3556
4032
4334
4341
4174
3978
2537
-1170
-6437
-10308
-10754
-8504
-5256
-2024
1304
3332
3069
548
-1964
-3354
-3744
-3491
-2187
544
3198
4332
3165
1117
-772
-2004
-2906
-3137
-2180
-187
1651
2139
1330
191
-830
-1863
-2989
-3498
-2801
-1255
101
392
-101
-1184
-2299
-3521
-4207
-4198
-3370
-2442
-1782
-1310
-965
-869
-1538
-2579
-3261
-2950
-2025
-999
-1
859
1512
1667
1373
730
-157
-744
-991
-874
-1588
-2386
-2778
-2045
-1513
-1335
-1242
-725
-175
-511
-753
-880
-407
-715
-732
-558
506
1149
1145
729
604
968
1117
1150
1094
1700
2267
2444
1961
1648
1592
1759
1747
1993
2464
3169
3364
3219
2805
2796
2934
2864
2314
1723
1703
1772
1621
1158
1358
1941
2531
2472
2520
2761
3181
3047
2694
2427
2787
3485
4205
4777
5069
4804
2381
-2337
-8098
-11303
-10985
-7927
-4500
-1177
1692
2985
1827
-1164
-3397
-4179
-3710
-2970
-1115
1716
4160
4228
1986
-593
-2146
-2761
-3090
-2637
-825
1677
3153
2745
1181
-392
-1747
-2866
-3539
-2934
-1289
688
1722
1612
496
-1152
-2974
-4516
-4958
-4109
-2299
-756
131
281
66
-741
-2097
-3515
-4115
-3486
-1869
15
1441
2155
2266
1883
847
-652
-1880
-2110
-1777
-1546
-1473
-843
-32
-39
-1169
-2238
-2399
-2052
-1786
-1277
8
1310
1589
778
-32
-386
-479
-583
-202
881
2190
2898
2833
2327
1733
1153
702
673
1181
1998
2740
3292
3619
3664
3249
2486
1687
1433
1958
3076
3995
4174
3679
3108
2555
1790
918
714
1441
2417
2800
2728
2690
2638
2058
1149
864
1651
2982
3970
4758
5514
5576
2733
-3410
-10210
-13085
-10864
-6208
-2544
-97
1814
2176
-417
-4407
-6193
-5129
-3167
-1763
797
4325
6205
3631
-1299
-4993
-5772
-5193
-4153
-2092
1062
3740
3820
1442
-1930
-4237
-5201
-4774
-3450
-1011
1663
3454
3117
956
-1992
-4635
-6313
-6547
-4955
-2169
529
1733
1369
-62
-1707
-3331
-4464
-4743
-3613
-1309
1289
2820
2800
1805
778
-124
-1116
-1916
-1828
-862
59
386
231
-211
-1304
-2700
-3417
-2737
-1512
-601
-96
561
1017
745
-182
-925
-1096
-871
-309
661
1833
2401
2197
1608
1338
1219
1101
997
1531
2581
3481
3585
3232
3080
3165
3044
2497
2103
2234
3004
3789
4197
3915
3377
2876
2531
2135
1862
2167
2969
3750
3903
3587
2821
1858
964
796
1507
2759
4012
4789
5099
5093
4940
3019
-2141
-9131
-12634
-9704
-3587
128
545
647
638
-1750
-6132
-7642
-4797
-980
407
1506
4247
6060
3093
-2949
-6711
-6257
-4061
-2614
-990
1416
3392
2574
-580
-4009
-5544
-5298
-3903
-1934
609
2892
3642
2386
-141
-2763
-5003
-6134
-5657
-3350
-654
1119
1217
291
-1218
-2861
-4279
-4759
-3885
-1933
337
2010
2577
1837
400
-939
-1451
-1128
-132
963
1724
1805
1196
-234
-2319
-4212
-4747
-3404
-1083
859
1487
1049
-5
-1193
-2218
-2454
-1600
-19
1551
2507
2683
1988
655
-811
-1387
-562
1222
2849
3829
4224
4005
3040
1727
1031
1534
2850
3970
4399
4330
4077
3577
2819
2042
1750
2109
2766
3177
3439
3819
4094
3800
3055
2501
2351
2388
2227
2130
2202
2426
2400
2303
2618
3574
4056
1796
-3493
-8830
-10051
-7109
-2983
-375
672
233
-2117
-5634
-7792
-6612
-3562
-889
970
3263
4777
3209
-1306
-5311
-6149
-4325
-1833
174
1748
2479
1424
-1668
-5010
-6628
-5976
-4040
-1602
699
2290
2422
966
-1396
-3549
-4452
-4165
-2947
-1383
235
891
96
-1690
-3232
-3688
-3380
-2731
-2141
-1209
11
864
834
263
11
-99
114
612
1602
2784
3186
2343
551
-601
-2945
-5789
-6512
-2873
651
1266
576
23
-875
-3417
-4841
-4256
-537
2059
2636
2137
2746
1788
-1556
-3715
-2655
529
2738
3937
3824
4002
3490
1843
-315
195
2773
4946
5305
5277
5041
4223
2825
1867
2154
3237
4374
4359
3963
3341
3366
3060
2871
2737
3297
3831
3867
3221
2244
1784
2139
3065
3708
4319
5058
4513
294
-6452
-10937
-9322
-4005
604
2109
1908
-233
-4453
-8985
-9531
-5388
-361
2530
3763
5105
4481
647
-4919
-7355
-5329
-773
2678
3945
3442
1420
-2115
-6089
-8104
-7248
-4292
-1280
837
1513
851
-1237
-3636
-5041
-4331
-2351
-408
551
687
192
-1057
-2804
-4296
-4318
-2875
-896
-17
-381
-1444
-2162
-2306
-1855
-1072
-8
1221
2191
2552
2325
1892
1131
7
-1292
-1848
-1478
-753
-636
-997
-1284
-1378
-1750
-2300
-2289
-1444
-387
60
72
97
366
453
272
-9
153
858
1640
1763
1177
593
635
1186
1817
2498
3335
4193
4533
4092
3160
2489
2588
3453
4468
5102
5206
4917
4029
2596
1397
1414
2541
3788
4407
4435
4110
3376
2095
780
627
2176
4483
6001
6375
6128
4979
1186
-5296
-10694
-10195
-4324
1553
3183
1201
-2214
-6241
-9899
-10470
-6255
116
4271
4607
3334
1735
-808
-4360
-6100
-3771
1243
4941
4966
2182
-1246
-4047
-6074
-6700
-5346
-2438
34
553
-990
-3229
-5051
-5765
-5137
-3247
-927
494
251
-1374
-3171
-4166
-4072
-3367
-2308
-1196
-399
-613
-1930
-3503
-4113
-3242
-1500
152
1166
1524
1410
1106
791
634
608
572
244
-475
-1288
-1722
-1760
-1782
-2005
-2212
-2249
-2133
-1918
-1530
-1069
-788
-768
-707
-159
585
826
466
389
961
1650
1665
1234
1018
1233
1493
1642
2273
3562
4752
4774
3888
3034
3035
3594
4183
4555
5012
5505
5291
4214
3059
2878
3385
3951
4152
4215
4102
3812
3218
2476
2084
2429
3544
4632
5394
5886
6097
4191
-980
-7005
-8840
-5027
337
2784
1760
-779
-4267
-7947
-9538
-6578
-799
3512
3965
2341
850
-566
-2467
-3806
-2569
943
4339
4840
2446
-950
-3357
-4509
-4519
-3288
-1114
509
10
-2298
-4749
-5778
-5478
-4287
-2658
-971
-252
-1005
-2888
-4580
-4960
-3897
-2257
-1134
-775
-1037
-1713
-2873
-3984
-4307
-3191
-1274
340
827
423
-298
-740
-460
520
1736
2304
1831
279
-1318
-2175
-2040
-1657
-1242
-982
-1096
-1743
-2476
-2597
-2068
-1168
-614
-290
-133
43
-213
-522
-403
426
1374
1914
1934
1573
1266
989
1052
1660
2948
4005
4241
3677
3078
2848
3064
3594
4137
4590
4716
4427
3887
3602
3742
4169
4689
4893
4561
3707
2992
2625
2541
2501
2656
3136
3664
4120
4618
5153
3626
-871
-5886
-6495
-2277
2535
3637
1225
-2520
-6353
-9018
-8513
-3669
2110
4575
2442
-808
-2730
-3138
-3141
-2109
516
3785
5526
4120
484
-3123
-4491
-3737
-1641
418
1640
816
-1922
-5159
-6810
-6118
-4007
-2078
-1291
-1444
-2430
-3853
-5165
-5416
-4399
-2596
-1140
-876
-1880
-3071
-3599
-3533
-3309
-2887
-2144
-1185
-565
-755
-1560
-2047
-1539
-298
1018
1827
1742
711
-502
-1362
-1515
-1135
-526
-552
-1245
-2236
-3081
-3553
-3231
-2195
-1146
-576
-653
-1117
-1569
-1376
-819
-153
480
1091
1259
1185
1212
1530
1948
2383
2811
3137
3450
3561
3455
3417
3947
4687
5157
5093
4652
4082
3703
3705
3946
4438
5056
5519
5200
4296
3325
2799
2768
3011
3175
3061
2923
2836
3072
3722
4545
3600
-45
-4537
-5758
-2507
2039
3582
1407
-2124
-5203
-6891
-6210
-2399
1866
3422
1794
-346
-1514
-1748
-1607
-642
1266
3130
3912
3128
1112
-1499
-2956
-2041
361
1423
265
-1703
-2996
-3627
-3884
-3671
-2862
-2018
-2116
-3080
-3957
-4071
-3808
-3618
-3306
-2636
-2056
-2170
-3057
-3826
-3469
-2200
-1356
-1559
-2235
-2467
-2047
-1543
-1536
-1826
-1544
-413
669
589
-295
-911
-795
-347
47
346
500
-39
-1502
-2764
-2727
-1764
-1154
-1225
-1524
-1693
-1847
-1967
-1768
-971
100
600
277
-277
-348
142
948
1845
2623
2896
2588
2160
2127
2558
3187
3809
4491
5118
5320
4845
4041
3435
3368
3796
4541
5176
5101
4405
3600
3168
3053
3364
3783
3977
3582
3033
2760
2859
3071
3074
2946
2070
-122
-3369
-4925
-3241
70
1469
-45
-2856
-5006
-5741
-4982
-2601
383
2082
994
-1370
-2736
-2063
-524
1069
2321
3095
2829
1471
-209
-917
54
1451
1907
917
-571
-2046
-2980
-3194
-2627
-1973
-1970
-2743
-3782
-4494
-4675
-4322
-3603
-2854
-2647
-3220
-4139
-4880
-4885
-4105
-2820
-1849
-1770
-2558
-3450
-3552
-3011
-2125
-1494
-824
-691
-947
-1557
-1448
-1100
-756
-449
73
582
267
-623
-1571
-1403
-1162
-1075
-1514
-1493
-1686
-1964
-2391
-2310
-1754
-1054
-505
-305
51
271
600
739
1372
1913
2373
2351
2621
3072
3575
3758
3839
4165
4756
5381
5538
5416
5069
4947
4908
5177
5533
5781
5382
4657
3873
3603
3837
4361
4380
3737
2913
2582
2700
2875
3002
3134
2979
1033
-2801
-6035
-5038
-1075
1614
301
-2883
-5364
-6327
-6051
-4068
-506
2125
1461
-1660
-3410
-2372
-20
1514
2385
2804
2591
1425
197
-62
1141
2837
3516
2598
688
-1003
-1965
-1946
-1436
-897
-1052
-1995
-3444
-4633
-4928
-4205
-3181
-2618
-2812
-3541
-4343
-4924
-5097
-4582
-3345
-2120
-1910
-2882
-3960
-3975
-3060
-2259
-1991
-1854
-1410
-1046
-994
-945
-445
-49
-77
-246
74
582
580
-74
-602
-668
-774
-1052
-1386
-1482
-1621
-1874
-2099
-1969
-1719
-1585
-1530
-1123
-541
-157
-24
84
424
875
1499
2260
3020
3385
3433
3569
4070
4589
4820
5000
5347
5757
5877
5752
5736
6091
6569
6686
6188
5407
4953
4914
5103
5058
4688
4267
3957
3516
2943
2662
2847
2799
912
-2680
-5508
-4687
-1427
242
-1660
-4896
-6785
-7135
-6578
-4700
-1531
435
-829
-3914
-4878
-2642
304
1470
1421
1340
1259
651
160
853
2541
3896
3676
2178
576
-159
-326
-244
-33
334
111
-1239
-3245
-4567
-4298
-3121
-2454
-3062
-4262
-5239
-5552
-5479
-4952
-4166
-3471
-3575
-4401
-5074
-4754
-3735
-3166
-3327
-3594
-3069
-2159
-1463
-1382
-1138
-765
-515
-602
-365
268
788
566
-37
-322
-358
-420
-936
-1421
-1730
-1712
-1677
-1620
-1827
-2102
-2308
-2021
-1593
-1280
-1192
-1179
-849
-233
616
1422
2134
2512
2685
2901
3537
4236
4718
4989
5371
5834
6085
6034
6131
6741
7419
7527
6920
6325
6185
6372
6582
6636
6319
5728
5055
4534
4277
4279
4312
3735
1493
-1992
-4325
-3375
-629
217
-2133
-5347
-7082
-7312
-6646
-4802
-2174
-915
-2306
-4726
-5099
-2991
-527
551
826
1121
1413
1248
1088
1642
2887
3775
3468
2325
1433
1314
1449
1539
1582
1596
944
-441
-1886
-2441
-1978
-1370
-1557
-2682
-3963
-4675
-4583
-4206
-3877
-3822
-3954
-4319
-4764
-4887
-4414
-3574
-3269
-3692
-4418
-4166
-2950
-1607
-1441
-1858
-1964
-1407
-817
-363
239
791
754
4
-419
-352
-20
-369
-893
-1249
-1221
-1453
-1830
-2168
-2113
-1849
-1744
-2059
-2510
-2385
-1861
-1105
-712
-346
-88
260
489
787
1412
2582
3679
4074
3801
3583
4084
4877
5608
6040
6579
6917
7005
6770
6788
7169
7595
7682
7231
6611
6167
6217
6345
6273
5730
4885
3256
781
-1584
-1962
-546
307
-1173
-4056
-6148
-6805
-6267
-5075
-3624
-3176
-4115
-5521
-5769
-4580
-2812
-1509
-1021
-1143
-1346
-961
12
1195
2087
2596
2333
1447
583
652
1574
2521
2721
2003
739
-420
-943
-827
-469
-294
-658
-1651
-2877
-3649
-3560
-3084
-2935
-3480
-4227
-4727
-4766
-4627
-4236
-3871
-3876
-4685
-5362
-4894
-3256
-1954
-1896
-2391
-2505
-2071
-1630
-920
-86
543
270
-188
-280
76
20
-440
-842
-876
-948
-1248
-1519
-1605
-1445
-1430
-1642
-2151
-2361
-2199
-1779
-1534
-1337
-1055
-660
-255
18
309
858
1749
2577
2984
3009
3184
3714
4419
4981
5453
6014
6576
6925
7002
7310
7847
8383
8371
8069
7891
8083
8325
8257
7793
7048
5970
4184
2025
572
743
1431
1098
-895
-3190
-4777
-5181
-4736
-3739
-3048
-3442
-4731
-5793
-5649
-4548
-3197
-2369
-2183
-2520
-2593
-2074
-903
370
1475
1915
1570
774
312
672
1613
2469
2548
1677
415
-408
-495
-204
-47
-191
-755
-1565
-2413
-2795
-2775
-2616
-2920
-3530
-4138
-4297
-4331
-4336
-4362
-4295
-4610
-5314
-5537
-4674
-3311
-2794
-2830
-2834
-2375
-2168
-1813
-1064
52
422
118
-131
268
725
564
113
-158
-125
-291
-451
-567
-385
-386
-696
-1513
-2134
-2190
-1740
-1371
-1239
-1147
-1092
-991
-852
-479
-32
504
929
1235
1397
1738
2254
2854
3328
3699
4037
4428
5000
5655
6386
7011
7525
7618
7430
7369
7883
8571
8888
8619
8024
6933
5195
3405
2621
2883
2858
1763
-22
-1539
-2685
-3225
-3111
-2638
-2817
-3716
-4558
-4621
-4232
-3705
-3223
-3014
-3266
-3564
-3167
-2224
-1236
-556
-53
-37
-441
-649
-13
998
1624
1520
1014
419
132
253
505
466
18
-655
-1334
-1738
-1779
-1650
-1800
-2306
-3068
-3718
-4088
-3959
-3747
-3716
-4200
-4989
-5908
-6100
-5447
-4515
-4296
-4504
-4467
-4081
-3689
-3111
-1977
-824
-481
-990
-1081
-309
797
1092
728
211
27
31
255
494
650
556
93
-684
-1277
-1181
-716
-404
-372
-326
-461
-762
-926
-564
37
519
644
505
357
578
1138
1698
2052
2270
2487
2810
3462
4392
5340
5945
6163
6095
6147
6701
7825
8891
9299
9013
8403
7435
5967
4666
4476
5103
4887
3134
989
-304
-925
-1373
-1540
-1390
-1634
-2561
-3473
-3643
-3101
-2444
-2167
-2596
-3314
-3487
-2767
-1792
-1149
-777
-518
-739
-1267
-1266
-276
941
1437
1199
776
625
698
963
1168
1147
642
-143
-907
-1184
-1042
-881
-1194
-1997
-2818
-3359
-3515
-3588
-3430
-3436
-3759
-4873
-5740
-5787
-5026
-4836
-5063
-5196
-4980
-4951
-4684
-3623
-2182
-1393
-1620
-1818
-1531
-661
129
747
692
309
-125
-49
338
839
1102
975
460
-57
-24
289
460
329
258
12
-347
-555
-319
67
359
484
310
-132
-485
-244
272
747
1068
1450
1605
1669
1905
2572
3361
3873
3979
3945
4330
5226
6301
6959
7202
7171
6860
5818
4620
4327
5142
5569
4493
2608
1246
682
268
44
105
1
-840
-1822
-2340
-2212
-1825
-1495
-1681
-2327
-2781
-2499
-1771
-1196
-780
-528
-681
-1180
-1281
-760
-1
488
679
607
414
345
609
937
992
685
215
-306
-717
-787
-599
-572
-1073
-1745
-2301
-2597
-2832
-2872
-2936
-3161
-4093
-5018
-5259
-4942
-5152
-5858
-6245
-5951
-5340
-4746
-3950
-3150
-2740
-2876
-2598
-1844
-917
-326
-30
-88
-262
-311
-187
57
266
532
774
949
931
1021
1014
853
652
571
511
460
627
859
955
719
393
103
-6
69
354
581
689
859
1082
1263
1409
1778
2253
2634
2727
2901
3492
4357
5050
5404
5716
6019
5941
5026
3982
3794
4472
4721
3954
2664
1748
1253
1017
989
1102
920
331
-206
-482
-622
-645
-517
-592
-1006
-1395
-1190
-673
-262
-82
75
-19
-358
-496
-205
252
623
846
782
495
268
412
679
797
694
422
7
-498
-661
-576
-481
-791
-1232
-1683
-1976
-2183
-2298
-2492
-2873
-3440
-4229
-4485
-4526
-4606
-5463
-5888
-5661
-4770
-4437
-4292
-4046
-3457
-3277
-3163
-2520
-1655
-1055
-1091
-1010
-991
-686
-586
-364
-392
-246
47
615
819
733
660
625
568
399
567
832
1243
1308
1203
825
581
470
600
735
845
848
691
579
653
1030
1324
1601
1788
2057
2128
2235
2610
3295
3746
3839
3933
4203
4088
3292
2569
2639
3082
2899
2169
1467
1029
657
552
871
1105
727
99
-69
130
234
218
255
108
-245
-397
10
548
803
897
960
828
524
521
880
1223
1304
1231
981
656
591
872
1081
807
392
86
-104
-414
-559
-652
-907
-1396
-1771
-1981
-2192
-2366
-2612
-3070
-3846
-4067
-3907
-3860
-4653
-5144
-4906
-4264
-4265
-4377
-4035
-3399
-3246
-3384
-3023
-2328
-1730
-1737
-1745
-1637
-1063
-638
-462
-716
-717
-349
154
279
249
432
636
656
455
550
779
1062
1064
1033
962
991
998
964
903
914
1054
1077
1037
968
1177
1421
1705
1905
2180
2404
2649
2975
3327
3592
3719
3865
3697
3083
2304
2113
2243
2052
1321
654
183
-333
-646
-373
111
-124
-764
-983
-638
-514
-510
-257
90
-58
-329
-87
514
921
1153
1480
1590
1416
1346
1728
2098
2234
2200
2129
1870
1712
1900
2196
2072
1676
1381
1186
885
631
527
250
-331
-918
-1257
-1617
-2162
-2743
-3132
-3518
-3933
-4329
-4669
-5093
-5261
-4925
-4393
-4287
-4513
-4430
-3840
-3224
-2899
-2544
-2040
-1713
-1790
-1789
-1380
-730
-381
-482
-763
-743
-354
114
312
236
171
251
350
363
422
584
769
836
782
712
763
896
935
854
797
823
842
850
930
1034
1112
1278
1613
1915
2138
2494
3013
3296
3354
3609
3989
3722
2849
2298
2350
2191
1521
987
652
-137
-1147
-1300
-734
-728
-1502
-1913
-1667
-1575
-1786
-1636
-1157
-1020
-1179
-1079
-790
-518
13
778
1030
642
533
1100
1516
1471
1586
2004
2084
1737
1642
2018
2342
2399
2409
2287
1951
1735
1881
1841
1272
675
501
268
-584
-1824
-2526
-2269
-2000
-2762
-4185
-4856
-4421
-3832
-3906
-4107
-3769
-3366
-3598
-3859
-3245
-2136
-1529
-1712
-2132
-2124
-1406
-560
-263
-463
-543
-218
134
169
262
760
1147
886
294
85
401
845
921
508
18
-76
152
294
250
165
132
-2
-162
-2
525
979
1070
958
953
1276
1885
2436
2559
2478
2681
3116
3079
2412
1922
2105
2319
1898
1212
840
592
165
-196
-303
-447
-818
-1075
-1114
-1362
-1809
-1853
-1484
-1428
-1797
-1874
-1427
-975
-808
-660
-359
-53
220
486
597
573
772
1306
1629
1416
1240
1530
1891
1962
1945
2037
2085
2044
2000
1855
1595
1486
1545
1165
-69
-1230
-1009
-164
-613
-2244
-3178
-2864
-2556
-2933
-3140
-2555
-2057
-2477
-3043
-2699
-1819
-1273
-1178
-1352
-1557
-1346
-759
-444
-539
-541
-191
130
58
33
600
1270
1255
725
433
647
1057
1235
949
467
295
353
178
-164
-237
-61
-145
-609
-831
-447
25
98
-20
30
332
805
1243
1374
1284
1444
1915
2023
1395
761
866
1283
1174
618
238
72
-147
-344
-361
-316
-366
-451
-578
-888
-1159
-942
-470
-505
-1039
-1223
-804
-342
-177
-116
22
137
149
149
220
382
598
759
720
541
553
815
976
925
935
1053
1073
1005
1016
1109
1102
808
305
-20
-63
-231
-641
-861
-821
-1000
-1595
-2115
-2021
-1562
-1483
-1777
-1760
-1391
-1160
-1086
-927
-753
-600
-404
-268
-220
-55
261
484
410
170
193
556
815
802
816
917
905
780
661
617
664
702
556
293
167
196
153
-64
-253
-200
-73
-138
-221
-54
184
251
280
453
673
801
884
995
1012
799
493
267
36
-174
-184
-195
-625
-1222
-1390
-1163
-1104
-1375
-1504
-1267
-1163
-1436
-1525
-1139
-815
-900
-973
-758
-401
-39
267
417
419
480
715
937
921
940
1332
1686
1485
1137
1254
1574
1613
1460
1407
1457
1425
1186
859
638
441
167
-151
-560
-957
-1054
-950
-1131
-1611
-1940
-1948
-1790
-1685
-1688
-1548
-1138
-853
-870
-823
-515
-175
39
169
319
594
884
1022
1051
1044
1027
1097
1245
1290
1224
1224
1231
1058
776
556
450
362
198
-17
-163
-210
-277
-435
-634
-734
-651
-483
-398
-372
-244
-28
136
228
371
616
854
989
1012
893
627
355
200
161
110
-126
-584
-1029
-1248
-1293
-1363
-1530
-1666
-1671
-1712
-1883
-1927
-1714
-1508
-1484
-1462
-1307
-1063
-756
-421
-163
-91
-117
43
392
587
651
955
1335
1345
1184
1293
1566
1716
1753
1798
1862
1785
1524
1331
1237
960
649
524
223
-339
-577
-431
-546
-1048
-1447
-1500
-1404
-1461
-1554
-1265
-834
-834
-1002
-762
-331
-58
202
465
622
821
1056
1227
1385
1492
1522
1579
1623
1538
1536
1688
1657
1399
1180
1007
821
683
506
257
107
12
-210
-486
-641
-655
-623
-683
-808
-770
-564
-491
-555
-499
-345
-247
-163
-81
-122
-283
-442
-506
-496
-509
-603
-741
-946
-1211
-1346
-1244
-1136
-1218
-1372
-1455
-1445
-1376
-1290
-1232
-1188
-1124
-1010
-856
-710
-554
-356
-211
-231
-298
-245
-67
128
259
309
321
385
481
543
591
698
897
1055
1001
826
778
813
713
536
449
419
329
188
62
-27
-104
-192
-256
-271
-286
-242
-50
152
207
248
419
598
746
944
1197
1416
1522
1532
1575
1701
1817
1895
1996
2051
2002
1980
2037
2037
1940
1822
1700
1535
1315
1092
920
770
524
234
28
-134
-336
-491
-505
-472
-497
-583
-682
-753
-809
-869
-893
-956
-1221
-1640
-1950
-2044
-2082
-2221
-2474
-2769
-3013
-3167
-3206
-3091
-2931
-2909
-3006
-3046
-2926
-2671
-2362
-2117
-1967
-1808
-1568
-1245
-878
-535
-249
-33
102
163
260
475
718
872
903
833
733
713
756
787
795
794
750
632
425
265
296
366
235
-47
-184
-142
-124
-177
-192
-155
-176
-259
-216
45
328
486
650
884
1054
1200
1518
1927
2180
2258
2376
2625
2826
2869
2920
3105
3248
3203
3151
3232
3302
3250
3153
3082
2953
2722
2489
2326
2173
1932
1650
1428
1224
948
680
538
487
418
283
130
43
-6
-105
-261
-398
-550
-820
-1208
-1595
-1885
-2109
-2362
-2688
-3062
-3459
-3780
-3932
-3950
-3997
-4141
-4253
-4252
-4200
-4122
-3948
-3704
-3504
-3378
-3181
-2801
-2356
-1995
-1698
-1416
-1186
-1006
-770
-469
-235
-131
-58
25
49
1
-1
46
-19
-199
-294
-236
-235
-415
-592
-607
-571
-615
-664
-609
-543
-568
-594
-507
-419
-423
-398
-241
-36
125
326
635
936
1166
1440
1818
2183
2439
2696
3029
3325
3519
3718
3981
4194
4290
4378
4521
4624
4597
4504
4396
4235
4014
3783
3543
3251
2954
2720
2515
2275
2062
1972
1937
1843
1724
1657
1620
1536
1419
1284
1053
660
220
-149
-474
-833
-1215
-1585
-2000
-2442
-2782
-2972
-3144
-3422
-3713
-3926
-4091
-4251
-4355
-4343
-4316
-4342
-4296
-4095
-3817
-3569
-3331
-3054
-2799
-2617
-2419
-2140
-1884
-1728
-1608
-1468
-1367
-1323
-1263
-1173
-1190
-1314
-1355
-1271
-1278
-1491
-1701
-1737
-1710
-1769
-1863
-1896
-1918
-1982
-1995
-1936
-1921
-1997
-1989
-1822
-1649
-1538
-1314
-932
-563
-288
21
475
945
1357
1768
2181
2509
2790
3155
3572
3830
3952
4145
4428
4627
4651
4662
4726
4741
4645
4520
4402
4264
4131
4024
3893
3705
3555
3519
3495
3359
3181
3083
3016
2879
2669
2441
2168
1807
1434
1127
849
563
271
-6
-304
-620
-871
-1045
-1233
-1499
-1787
-2054
-2288
-2499
-2649
-2742
-2853
-2966
-2978
-2870
-2742
-2657
-2571
-2433
-2293
-2208
-2125
-1996
-1846
-1717
-1607
-1532
-1488
-1424
-1316
-1250
-1311
-1419
-1420
-1349
-1398
-1604
-1781
-1807
-1772
-1800
-1887
-1956
-1977
-1957
-1916
-1932
-2040
-2132
-2111
-2039
-2042
-2073
-1972
-1763
-1602
-1523
-1395
-1142
-837
-572
-350
-149
55
323
651
928
1103
1295
1601
1944
2205
2400
2638
2907
3117
3244
3363
3494
3612
3695
3740
3737
3728
3746
3757
3718
3594
3467
3348
3176
2929
2625
2284
1894
1473
1100
790
487
150
-181
-455
-666
-847
-1045
-1242
-1439
-1572
-1670
-1788
-1907
-1989
-1967
-1894
-1831
-1762
-1617
-1402
-1178
-1008
-891
-747
-556
-347
-192
-131
-101
-11
108
171
119
15
-42
-71
-146
-298
-474
-607
-706
-827
-981
-1136
-1226
-1243
-1273
-1375
-1514
-1592
-1579
-1571
-1632
-1705
-1719
-1642
-1532
-1441
-1346
-1212
-1027
-822
-651
-511
-350
-156
41
158
229
347
518
713
867
990
1132
1299
1480
1646
1797
1932
2052
2161
2245
2306
2361
2395
2396
2364
2295
2201
2069
1892
1673
1403
1082
733
396
126
-128
-407
-718
-1003
-1207
-1357
-1521
-1728
-1935
-2079
-2136
-2181
-2253
-2323
-2321
-2217
-2075
-1954
-1817
-1619
-1366
-1123
-959
-827
-652
-421
-198
-57
2
79
210
355
424
388
340
344
375
361
265
149
109
124
138
118
106
164
290
407
467
482
536
646
743
771
752
763
837
938
991
1009
1054
1162
1289
1370
1403
1427
1491
1550
1555
1503
1444
1439
1461
1454
1403
1339
1319
1338
1345
1318
1273
1254
1265
1275
1251
1202
1155
1126
1093
1006
868
690
506
280
-15
-371
-740
-1034
-1267
-1497
-1774
-2053
-2264
-2394
-2511
-2681
-2876
-3037
-3115
-3168
-3265
-3405
-3502
-3491
-3404
-3327
-3261
-3140
-2925
-2673
-2486
-2343
-2170
-1918
-1628
-1398
-1246
-1095
-899
-658
-470
-370
-307
-211
-81
17
38
10
8
49
98
111
128
186
306
448
566
658
781
949
1131
1297
1431
1586
1776
1989
2180
2337
2497
2691
2902
3093
3240
3349
3466
3576
3642
3658
3656
3677
3707
3703
3654
3577
3499
3424
3326
3186
3030
2886
2744
2581
2385
2174
1979
1804
1606
1364
1081
773
431
30
-429
-886
-1286
-1634
-1966
-2299
-2612
-2873
-3079
-3258
-3429
-3577
-3703
-3791
-3857
-3932
-4014
-4068
-4046
-3968
-3858
-3738
-3583
-3388
-3196
-3045
-2915
-2782
-2634
-2488
-2373
-2298
-2245
-2180
-2090
-2017
-1991
-1983
-1965
-1933
-1919
-1959
-2023
-2078
-2096
-2099
-2099
-2074
-2007
-1884
-1724
-1554
-1370
-1164
-917
-642
-366
-90
195
514
857
1211
1557
1914
2296
2700
3111
3489
3836
4161
4458
4731
4964
5169
5350
5499
5617
5683
5704
5675
5623
5554
5435
5284
5110
4902
4686
4440
4159
3867
3564
3242
2887
2488
2039
1547
1023
491
-6
-454
-880
-1296
-1691
-2028
-2311
-2565
-2795
-2986
-3128
-3241
-3316
-3376
-3428
-3454
-3423
-3323
-3175
-3020
-2839
-2619
-2398
-2218
-2076
-1938
-1799
-1674
-1595
-1560
-1548
-1547
-1548
-1566
-1623
-1710
-1792
-1873
-1962
-2094
-2265
-2428
-2568
-2697
-2810
-2899
-2959
-2974
-2944
-2893
-2809
-2707
-2582
-2411
-2218
-2015
-1794
-1552
-1279
-976
-662
-328
29
410
811
1225
1610
1971
2322
2660
2988
3291
3556
3793
4012
4198
4362
4483
4562
4636
4692
4717
4713
4667
4591
4506
4396
4248
4061
3830
3571
3284
2941
2534
2085
1631
1202
790
383
-36
-431
-790
-1097
-1384
-1673
-1922
-2135
-2286
-2417
-2534
-2636
-2689
-2671
-2604
-2503
-2387
-2225
-2026
-1809
-1611
-1467
-1316
-1148
-986
-871
-809
-765
-720
-665
-654
-676
-723
-769
-792
-846
-945
-1083
-1218
-1333
-1451
-1583
-1723
-1832
-1911
-1967
-2029
-2093
-2117
-2122
-2082
-2036
-1977
-1897
-1768
-1606
-1424
-1216
-989
-711
-418
-103
211
529
850
1167
1480
1785
2081
2353
2608
2840
3060
3266
3450
3604
3732
3849
3942
4003
4019
3986
3934
3857
3741
3558
3312
3016
2697
2344
1927
1471
1001
564
146
-288
-740
-1178
-1558
-1888
-2201
-2513
-2798
-3025
-3179
-3294
-3410
-3493
-3503
-3414
-3258
-3105
-2942
-2727
-2451
-2151
-1895
-1673
-1455
-1198
-940
-743
-605
-524
-401
-261
-160
-126
-128
-100
-54
-16
-63
-148
-213
-232
-233
-303
-387
-464
-477
-463
-496
-552
-604
-570
-498
-433
-416
-380
-264
-98
80
225
369
564
814
1065
1266
1432
1620
1858
2102
2290
2418
2554
2732
2919
3060
3137
3209
3318
3440
3512
3512
3475
3457
3452
3406
3271
3074
2869
2666
2421
2080
1683
1291
940
591
188
-256
-685
-1062
-1407
-1765
-2147
-2508
-2806
-3047
-3273
-3524
-3755
-3904
-3963
-3976
-3990
-3973
-3886
-3723
-3538
-3366
-3207
-3012
-2777
-2528
-2314
-2151
-1990
-1822
-1639
-1497
-1399
-1310
-1207
-1074
-974
-922
-892
-841
-765
-695
-650
-624
-567
-480
-377
-299
-244
-151
-37
104
227
336
446
583
748
897
1031
1150
1301
1470
1638
1771
1891
2026
2174
2320
2431
2530
2638
2753
2862
2949
3014
3070
3134
3193
3232
3233
3222
3206
3190
3144
3055
2953
2835
2716
2561
2362
2149
1922
1697
1450
1185
905
630
369
98
-186
-484
-771
-1040
-1309
-1588
-1869
-2128
-2373
-2595
-2813
-3012
-3177
-3316
-3415
-3490
-3549
-3576
-3570
-3534
-3486
-3426
-3352
-3259
-3143
-3039
-2941
-2835
-2727
-2609
-2498
-2400
-2301
-2194
-2081
-1973
-1868
-1760
-1646
-1506
-1355
-1201
-1040
-860
-652
-427
-200
27
264
526
793
1047
1286
1520
1761
1986
2188
2374
2549
2710
2858
2989
3109
3212
3293
3375
3442
3480
3495
3488
3475
3434
3351
3238
3106
2959
2776
2548
2299
2064
1816
1556
1275
991
725
472
233
-4
-232
-436
-612
-765
-903
-1033
-1148
-1231
-1283
-1324
-1363
-1393
-1388
-1370
-1362
-1348
-1322
-1285
-1245
-1207
-1176
-1146
-1120
-1094
-1066
-1048
-1053
-1054
-1051
-1058
-1082
-1122
-1164
-1208
-1260
-1323
-1381
-1446
-1512
-1575
-1631
-1685
-1730
-1760
-1773
-1768
-1743
-1695
-1625
-1522
-1402
-1261
-1099
-905
-704
-489
-270
-41
191
415
634
842
1040
1221
1398
1547
1679
1794
1897
1983
2046
2096
2132
2165
2184
2185
2175
2159
2137
2105
2054
1990
1918
1837
1741
1637
1517
1386
1255
1118
984
838
689
558
437
314
190
67
-43
-142
-243
-345
-446
-541
-628
-721
-824
-916
-1004
-1083
-1164
-1245
-1323
-1390
-1452
-1502
-1565
-1622
-1662
-1703
-1730
-1763
-1791
-1803
-1812
-1816
-1814
-1806
-1769
-1728
-1686
-1631
-1560
-1473
-1374
-1267
-1158
-1027
-882
-730
-566
-407
-238
-63
109
291
463
636
810
974
1133
1276
1413
1543
1667
1775
1867
1957
2033
2096
2154
2199
2227
2244
2258
2268
2259
2236
2207
2171
2135
2072
1988
1893
1790
1679
1528
1353
1177
1009
833
627
395
164
-53
-257
-474
-695
-898
-1070
-1221
-1366
-1503
-1623
-1718
-1772
-1803
-1829
-1835
-1813
-1764
-1717
-1679
-1635
-1566
-1488
-1414
-1346
-1299
-1247
-1177
-1113
-1082
-1079
-1063
-1028
-1007
-1008
-1031
-1047
-1052
-1069
-1091
-1123
-1149
-1151
-1164
-1190
-1193
-1183
-1157
-1128
-1106
-1068
-990
-909
-802
-703
-584
-434
-287
-105
67
252
469
690
891
1108
1318
1554
1765
1952
2136
2316
2482
2630
2747
2829
2913
2971
3001
2995
2976
2937
2877
2792
2685
2557
2426
2291
2140
1975
1800
1634
1467
1295
1124
951
785
633
485
340
202
60
-67
-186
-306
-430
-547
-655
-759
-863
-975
-1087
-1199
-1303
-1417
-1539
-1665
-1780
-1891
-2006
-2131
-2256
-2371
-2485
-2590
-2693
-2796
-2883
-2953
-3014
-3059
-3102
-3124
-3133
-3112
-3072
-3017
-2941
-2836
-2710
-2571
-2413
-2244
-2045
-1826
-1592
-1344
-1088
-821
-533
-246
44
327
618
927
1225
1519
1797
2071
2348
2611
2851
3076
3293
3501
3685
3830
3956
4059
4143
4184
4183
4149
4095
4007
3883
3711
3504
3278
3011
2707
2379
2052
1713
1361
985
605
245
-93
-411
-733
-1036
-1285
-1499
-1685
-1852
-1993
-2075
-2109
-2113
-2100
-2064
-1989
-1873
-1763
-1650
-1530
-1382
-1224
-1090
-970
-864
-768
-672
-604
-566
-552
-559
-558
-589
-658
-729
-815
-915
-1020
-1127
-1245
-1356
-1457
-1550
-1638
-1733
-1791
-1840
-1871
-1886
-1884
-1860
-1821
-1751
-1665
-1563
-1465
-1330
-1174
-1016
-839
-655
-461
-255
-44
177
390
609
832
1056
1270
1481
1685
1880
2075
2239
2391
2523
2635
2735
2806
2846
2866
2855
2821
2762
2672
2566
2431
2279
2107
1930
1736
1531
1330
1124
921
708
518
343
161
3
-137
-268
-387
-494
-577
-652
-717
-769
-800
-840
-868
-878
-910
-932
-936
-951
-971
-985
-1005
-1024
-1047
-1078
-1095
-1137
-1190
-1203
-1237
-1282
-1318
-1348
-1395
-1425
-1443
-1466
-1494
-1513
-1497
-1513
-1506
-1471
-1450
-1413
-1360
-1291
-1208
-1128
-1029
-903
-793
-672
-518
-368
-218
-55
107
265
432
604
768
919
1072
1219
1354
1484
1610
1715
1816
1906
1978
2049
2096
2132
2163
2172
2170
2156
2117
2069
2010
1941
1854
1752
1643
1523
1396
1253
1102
951
793
636
467
310
154
-10
-159
-316
-456
-597
-724
-846
-963
-1074
-1170
-1249
-1339
-1402
-1465
-1519
-1567
-1596
-1623
-1647
-1651
-1652
-1644
-1635
-1616
-1587
-1556
-1527
-1479
-1439
-1397
-1348
-1296
-1246
-1202
-1140
-1084
-1035
-980
-909
-859
-797
-718
-653
-566
-487
-396
-297
-199
-84
40
148
265
405
523
662
788
902
1024
1132
1248
1342
1428
1505
1573
1607
1640
1670
1683
1690
1678
1646
1617
1573
1531
1483
1418
1355
1286
1214
1143
1080
999
928
864
792
731
662
599
537
475
418
367
303
251
192
139
79
10
-45
-109
-174
-241
-311
-379
-446
-514
-600
-675
-749
-826
-901
-977
-1049
-1129
-1184
-1262
-1309
-1382
-1436
-1483
-1537
-1578
-1624
-1638
-1675
-1675
-1699
-1696
-1687
-1681
-1649
-1620
-1578
-1531
-1460
-1398
-1304
-1223
-1126
-1016
-901
-772
-644
-506
-373
-218
-83
72
219
373
517
660
804
928
1069
1176
1296
1410
1504
1599
1677
1750
1812
1868
1897
1937
1946
1960
1966
1942
1933
1895
1863
1811
1751
1684
1613
1527
1438
1348
1241
1134
1029
914
807
685
578
454
344
225
116
17
-99
-190
-295
-372
-463
-539
-611
-673
-733
-790
-837
-884
-909
-954
-968
-1000
-1015
-1028
-1049
-1061
-1075
-1082
-1092
-1098
-1108
-1116
-1117
-1125
-1134
-1139
-1142
-1144
-1148
-1141
-1150
-1133
-1136
-1118
-1100
-1088
-1060
-1033
-994
-964
-909
-863
-795
-733
-666
-582
-500
-411
-319
-220
-125
-15
77
186
287
392
490
580
673
757
846
908
979
1040
1095
1133
1175
1192
1212
1231
1224
1232
1213
1199
1183
1148
1116
1085
1045
995
959
901
868
814
766
727
675
633
587
544
497
450
405
371
323
278
231
192
141
96
40
-1
-64
-109
-168
-222
-267
-333
-372
-435
-476
-540
-573
-619
-652
-686
-722
-742
-772
-780
-806
-794
-809
-796
-790
-783
-756
-752
-720
-701
-672
-636
-607
-570
-538
-496
-458
-418
-381
-336
-302
-265
-219
-188
-140
-111
-75
-32
4
35
67
108
138
172
202
236
270
303
325
366
384
413
432
458
481
495
510
516
524
524
528
522
508
496
481
455
426
405
366
340
296
258
222
184
139
101
56
20
-10
-51
-73
-110
-135
-163
-177
-203
-218
-228
-239
-239
-253
-239
-252
-246
-243
-237
-223
-218
-210
-203
-196
-190
-168
-183
-162
-160
-157
-142
-147
-141
-140
-138
-137
-130
-133
-124
-125
-111
-108
-96
-89
-91
-74
-76
-49
-38
-19
-3
15
33
53
69
87
104
125
147
167
191
201
219
228
241
250
250
264
267
276
278
283
278
278
272
265
267
251
257
238
242
222
219
200
194
183
168
165
144
137
112
109
79
70
42
33
4
-16
-34
-70
-82
-114
-136
-164
-186
-212
-231
-266
-280
-309
-320
-340
-365
-370
-388
-382
-397
-402
-408
-420
-414
-405
-402
-386
-374
-361
-347
-331
-308
-297
-282
-257
-228
-198
-178
-147
-119
-92
-61
-42
-11
-1
25
61
97
125
152
166
184
213
227
262
261
294
298
320
333
345
335
338
349
340
345
330
329
303
299
265
257
229
210
186
155
136
103
88
54
28
5
-13
-25
-31
-52
-61
-74
-73
-74
-78
-71
-71
-56
-38
-32
-16
-9
-5
20
34
34
42
61
70
76
75
76
77
75
70
62
55
45
42
27
19
-4
-26
-41
-54
-67
-84
-94
-111
-123
-150
-158
-176
-179
-192
-196
-205
-209
-212
-213
-205
-212
-201
-200
-185
-171
-160
-153
-135
-120
-99
-85
-65
-46
-28
-5
6
21
40
50
60
73
85
91
92
102
106
109
107
103
102
97
92
90
85
84
77
72
69
63
57
49
48
43
40
37
45
47
47
47
55
53
51
60
58
63
67
75
82
83
80
81
84
77
79
68
66
62
58
54
42
34
21
10
-3
-10
-26
-32
-37
-49
-55
-61
-70
-73
-75
-77
-75
-81
-74
-71
-69
-59
-52
-48
-44
-32
-24
-16
-8
-3
6
17
24
24
26
32
37
32
34
38
34
27
20
17
12
4
-7
-14
-22
-34
-44
-54
-68
-76
-78
-86
-94
-104
-101
-103
-111
-111
-104
-100
-96
-90
-87
-78
-67
-58
-48
-38
-30
-20
-6
8
18
26
38
47
56
59
66
71
78
83
83
87
89
88
83
79
75
72
73
65
66
68
59
54
50
45
42
38
31
29
31
30
30
30
24
16
20
13
10
13
11
13
9
8
6
6
0
-4
-9
-17
-12
-14
-14
-19
-24
-27
-33
-38
-45
-48
-51
-56
-55
-55
-59
-59
-60
-59
-62
-69
-67
-64
-63
-60
-61
-59
-53
-52
-52
-51
-46
-42
-36
-32
-29
-24
-21
-13
-6
-2
1
7
15
19
22
29
33
35
41
41
44
48
46
41
43
46
47
46
41
41
41
40
37
36
35
35
32
29
26
22
22
20
17
15
14
14
7
7
6
7
4
5
7
6
9
3
7
6
5
8
6
9
8
10
9
7
8
6
6
7
8
5
9
6
7
9
4
1
-2
-3
-5
-8
-9
-12
-13
-11
-17
-18
-22
-29
-27
-28
-27
-29
-35
-35
-33
-30
-33
-37
-34
-33
-30
-27
-30
-24
-22
-25
-24
-19
-15
-16
-18
-15
-12
-6
-7
-11
-7
-6
-6
-5
-6
-1
-5
-3
-1
1
3
1
6
8
6
9
14
19
22
19
20
24
28
36
34
35
36
35
38
41
41
44
43
39
40
37
41
39
42
39
37
41
39
37
35
37
36
34
32
31
30
29
23
19
24
21
11
11
8
6
1
-3
-9
-13
-13
-19
-21
-28
-29
-29
-37
-38
-41
-42
-42
-46
-45
-43
-44
-46
-45
-44
-41
-43
-40
-39
-38
-31
-33
-32
-27
-26
-22
-20
-23
-20
-20
-16
-18
-16
-10
-10
-11
-13
-12
-12
-9
-11
-14
-11
-9
-12
-12
-10
-9
-7
-8
-7
-6
-3
-2
2
4
4
9
13
17
20
23
25
27
31
35
37
41
38
40
43
42
45
47
45
45
44
41
41
40
39
35
30
31
30
29
22
17
17
17
15
11
6
7
4
-4
-5
-9
-8
-11
-15
-17
-19
-18
-19
-25
-24
-25
-27
-28
-31
-26
-27
-29
-26
-26
-24
-22
-23
-24
-27
-21
-17
-19
-16
-16
-14
-11
-12
-10
-9
-9
-9
-9
-8
-6
-6
-9
-6
-7
-3
-9
-10
-10
-10
-6
-8
-7
-4
-4
0
0
-1
7
3
7
8
9
14
13
12
14
17
21
17
15
19
23
22
18
14
18
20
20
14
11
18
17
13
9
9
14
17
13
9
8
16
16
6
6
10
12
5
0
3
4
5
-1
-10
