-9
4
15
18
17
10
-1
-13
-19
-17
-11
-2
9
16
17
11
1
-8
-14
-17
-14
-6
5
14
19
16
10
2
-9
-15
-18
-17
-10
1
9
16
18
16
12
4
-6
-14
-20
-20
-15
-6
8
19
26
25
17
5
-11
-21
-24
-21
-15
-2
11
18
23
22
15
6
-6
-15
-24
-27
-21
-11
5
22
31
31
24
4
-18
-28
-32
-28
-11
8
20
24
22
10
-1
-1
-7
-7
-7
-10
-14
-16
-10
-4
16
34
33
30
12
-18
-43
-49
-41
-22
19
41
46
42
23
-10
-37
-35
-35
-23
5
19
20
23
22
1
-6
1
-9
-14
-8
-9
-19
-8
11
10
17
30
21
-4
-10
-16
-42
-31
1
8
18
42
38
7
-5
-11
-39
-42
-10
0
2
32
49
11
0
15
-29
-48
-15
-12
-21
11
46
11
18
39
-11
-26
-10
-12
-40
-10
21
-10
14
37
23
5
14
3
-41
-29
-23
-30
-2
38
45
31
40
8
-46
-52
-39
-44
-4
46
40
40
40
1
-43
-30
-31
-37
7
24
25
14
29
-1
-28
11
-10
-11
-6
17
-11
-27
24
-25
6
25
15
20
-1
27
-43
-34
-18
-33
1
3
71
27
23
41
-46
-42
-42
-32
-39
29
73
6
53
24
-41
-41
-27
-25
-23
53
33
-3
23
-2
-35
-23
14
1
0
28
-5
-28
-2
2
1
24
38
17
-28
-26
-43
-39
-1
25
65
48
51
10
-58
-53
-67
-43
-32
36
77
33
71
44
-12
-35
-43
-74
-83
1
-2
16
96
95
43
27
-1
-83
-94
-79
-45
-15
43
99
56
66
50
-2
-70
-62
-38
-122
-24
34
11
75
111
89
-10
8
-57
-152
-69
-35
-7
39
134
102
-8
27
-31
-101
-64
10
-14
13
97
7
-17
3
-19
-50
-8
47
7
41
6
8
-12
-79
-4
-35
-19
21
57
40
2
91
-35
-69
-11
-63
-58
-26
74
25
36
89
14
-7
-32
-15
-64
-61
19
-10
-42
38
90
3
46
91
-17
-73
-41
-110
-132
18
31
81
135
113
52
-42
-67
-123
-91
-127
3
101
25
146
92
53
-2
-26
-87
-163
-8
-94
-27
77
86
150
59
64
-34
-114
-98
-129
-44
32
69
94
79
58
-40
-74
-25
-93
15
99
-14
80
48
-98
-88
-49
-33
-53
135
149
9
139
-29
-118
-67
-150
-64
-69
96
131
57
148
6
43
-67
-157
6
-174
-33
62
-77
96
99
125
6
53
35
-234
66
-147
-135
134
-70
122
86
52
5
26
17
-134
107
-83
-59
110
-144
-19
69
-27
46
130
2
-88
16
-116
-138
54
30
65
142
93
-33
-108
-123
-160
-105
4
177
177
188
188
-54
-129
-171
-159
-151
-23
124
96
157
82
59
-35
-51
-13
-95
-51
1
15
-119
1
-22
-76
133
54
80
70
90
-68
-160
-25
-254
4
88
-31
164
167
158
-39
51
-41
-223
70
-96
-169
57
85
-5
51
178
2
-30
113
-166
-179
91
-153
-53
67
-13
-17
55
126
-148
180
102
-73
219
-25
-88
-128
-86
-263
-172
141
-3
293
329
131
125
-3
-194
-310
-246
-235
-105
154
133
221
370
88
53
-32
-197
-148
-145
-3
-86
81
90
-88
76
-103
22
23
5
197
-53
36
-87
-140
-70
-165
130
38
205
271
44
62
-136
-87
-262
-139
106
37
314
221
76
-70
-179
-300
-355
-93
-100
191
258
128
181
-33
-134
-220
-87
-114
46
301
65
164
46
-77
-147
-142
48
-27
206
194
72
11
-93
-93
-282
-93
14
-85
67
105
-24
-83
70
1
-115
180
118
-105
84
1
-210
-122
33
-12
55
236
84
43
38
-45
-120
-159
-50
36
-65
-44
90
-13
33
93
79
-53
22
100
-294
-76
41
-16
91
119
157
-74
138
-115
-245
67
-128
69
34
-32
42
71
-42
-135
125
-77
-9
51
-146
-37
53
52
-19
116
100
104
8
-100
80
-39
68
123
-17
-3
34
-170
-314
-85
-108
39
213
224
323
216
63
-195
-310
-391
-319
-220
-143
319
345
384
507
206
120
-40
-303
-446
-351
-259
-244
112
196
294
481
241
127
16
-169
-278
-309
-203
-177
-18
30
4
103
123
163
130
179
170
-8
-72
-215
-282
-165
-67
26
182
274
139
74
-33
-202
-75
-13
-44
118
118
-24
-103
-142
-254
-95
103
68
284
252
103
35
-168
-255
-258
-144
-132
43
186
147
259
125
77
-31
-126
-149
-196
-79
11
151
150
231
153
-46
-32
-175
-188
-98
-7
-13
50
77
-103
-45
-76
-74
22
69
105
85
44
-56
-44
-80
-39
58
37
47
122
49
-58
53
-8
-41
5
-105
-110
-143
-135
-125
-71
58
113
137
67
71
53
-76
-53
-60
-103
-2
-64
-89
21
39
126
179
168
157
87
-114
-288
-278
-308
-227
-24
61
187
293
157
37
-9
-92
-75
-31
0
91
132
87
42
51
23
49
70
16
63
70
-2
-6
2
-28
-7
-14
-97
-123
-147
-198
-205
-143
-66
37
177
223
272
275
158
65
-60
-163
-175
-134
-69
27
160
169
163
141
8
-84
-167
-248
-299
-276
-235
-195
-70
4
75
132
122
110
58
49
37
34
67
63
76
72
56
42
26
44
40
37
37
3
-8
-21
-48
-36
-47
-38
-30
-17
17
47
89
87
102
71
-1
-7
-44
-49
4
38
63
78
54
-36
-72
-113
-156
-99
-41
12
100
135
130
133
90
13
-24
-78
-128
-118
-116
-107
-74
-68
-81
-86
-120
-169
-185
-186
-158
-92
-35
27
66
49
7
-76
-155
-193
-187
-138
-38
77
157
215
215
156
90
7
-69
-91
-100
-101
-77
-61
-64
-66
-71
-85
-73
-42
-14
52
134
202
288
351
379
390
372
327
275
235
177
135
112
76
70
73
66
72
65
35
-15
-86
-166
-239
-272
-280
-230
-140
-53
62
161
236
297
327
336
323
294
249
225
246
259
284
293
249
198
116
22
-64
-125
-159
-181
-194
-241
-294
-343
-397
-409
-406
-384
-345
-329
-329
-358
-393
-418
-418
-387
-350
-285
-222
-185
-170
-190
-221
-248
-266
-272
-261
-223
-188
-153
-115
-91
-78
-88
-120
-161
-190
-219
-259
-280
-288
-294
-282
-280
-291
-296
-303
-314
-324
-345
-362
-337
-282
-219
-153
-101
-53
5
35
46
66
105
170
256
350
444
539
607
669
736
793
860
945
1024
1083
1088
1015
928
855
767
645
496
368
300
248
143
27
-40
-57
-58
-73
-83
-48
25
89
133
192
294
407
485
500
474
453
423
355
233
89
-55
-181
-303
-456
-616
-769
-875
-938
-983
-1026
-1070
-1087
-1097
-1101
-1094
-1068
-1006
-914
-815
-703
-577
-427
-275
-147
-38
51
136
184
201
180
136
109
72
24
-43
-115
-175
-226
-286
-355
-390
-391
-362
-332
-301
-253
-182
-112
-49
26
114
207
280
332
361
384
393
383
368
353
353
359
386
419
457
511
577
665
752
827
880
933
1001
1076
1161
1244
1338
1459
1620
1791
1946
2072
2202
2336
2417
2376
2198
1999
1844
1684
1421
1052
686
364
-51
-692
-1468
-2150
-2629
-3056
-3521
-3908
-4001
-3799
-3564
-3402
-3187
-2728
-2099
-1522
-1079
-632
-33
622
1134
1441
1692
1992
2287
2416
2318
2133
1982
1862
1621
1208
712
274
-116
-592
-1202
-1883
-2466
-2926
-3323
-3731
-4085
-4271
-4275
-4157
-3994
-3729
-3305
-2711
-2058
-1433
-815
-169
480
1033
1434
1706
1942
2135
2236
2214
2111
2009
1896
1734
1475
1159
836
520
180
-201
-568
-884
-1106
-1273
-1392
-1459
-1457
-1377
-1265
-1097
-868
-574
-266
44
359
687
1014
1294
1512
1674
1824
1950
2043
2088
2117
2167
2238
2337
2452
2614
2820
3055
3277
3455
3625
3786
3916
3966
3942
3899
3846
3726
3481
3168
2803
2286
1446
262
-1011
-2168
-3200
-4273
-5360
-6187
-6590
-6671
-6647
-6468
-5961
-5096
-4103
-3153
-2175
-1055
137
1123
1780
2254
2775
3342
3739
3840
3719
3597
3536
3434
3108
2517
1834
1173
516
-270
-1227
-2246
-3186
-4039
-4848
-5580
-6143
-6486
-6648
-6668
-6535
-6159
-5523
-4730
-3895
-3058
-2171
-1242
-336
433
1010
1467
1842
2133
2286
2301
2198
2036
1860
1626
1326
976
607
223
-168
-574
-1002
-1416
-1765
-2032
-2229
-2363
-2434
-2391
-2228
-1958
-1635
-1294
-910
-501
-49
390
776
1108
1396
1691
1973
2239
2467
2660
2845
3009
3141
3245
3336
3423
3507
3591
3690
3841
4073
4336
4581
4793
4992
5224
5425
5529
5528
5493
5486
5388
5083
4619
4175
3738
3001
1712
28
-1524
-2713
-3797
-5108
-6462
-7326
-7494
-7291
-7090
-6770
-6039
-4864
-3602
-2492
-1412
-167
1147
2154
2731
3138
3708
4399
4841
4808
4497
4311
4333
4259
3733
2787
1810
1023
240
-845
-2222
-3608
-4748
-5713
-6670
-7565
-8187
-8434
-8406
-8225
-7864
-7173
-6160
-5040
-4000
-3019
-1972
-893
38
662
1031
1303
1495
1527
1347
1047
736
461
160
-214
-584
-878
-1132
-1428
-1763
-2086
-2365
-2610
-2834
-3010
-3088
-3046
-2936
-2759
-2471
-2045
-1546
-1081
-665
-250
207
629
910
1034
1109
1244
1410
1535
1606
1713
1908
2160
2407
2647
2913
3215
3527
3819
4115
4451
4840
5245
5629
5995
6359
6721
7024
7229
7343
7392
7364
7159
6759
6262
5745
5027
3751
1876
-139
-1765
-3038
-4456
-6168
-7598
-8165
-8002
-7744
-7589
-7111
-6005
-4589
-3373
-2338
-1116
352
1619
2356
2816
3454
4355
5114
5363
5196
5052
5210
5463
5324
4557
3466
2530
1794
804
-769
-2676
-4384
-5686
-6851
-8122
-9309
-10018
-10154
-9961
-9615
-9001
-7918
-6459
-4941
-3596
-2371
-1110
123
1077
1585
1755
1825
1884
1801
1465
951
465
107
-192
-523
-896
-1243
-1530
-1782
-2056
-2374
-2718
-3041
-3249
-3334
-3333
-3277
-3115
-2769
-2245
-1648
-1095
-572
-10
584
1103
1446
1608
1678
1728
1753
1698
1564
1435
1413
1548
1779
2011
2234
2548
3012
3556
4042
4417
4778
5234
5753
6222
6616
6987
7394
7802
8143
8382
8504
8524
8474
8342
8047
7475
6722
5970
5157
3863
1778
-651
-2623
-3946
-5290
-7161
-9004
-9865
-9641
-9203
-9098
-8842
-7775
-6064
-4449
-3184
-1805
-17
1759
2974
3715
4520
5631
6652
7071
6833
6402
6246
6299
6013
4940
3339
1888
871
-179
-1839
-4019
-6024
-7400
-8433
-9565
-10733
-11466
-11565
-11292
-10905
-10275
-9143
-7589
-5969
-4521
-3089
-1467
172
1396
1988
2252
2572
2900
2847
2238
1441
845
448
-136
-1018
-1867
-2393
-2712
-3180
-3778
-4230
-4359
-4358
-4435
-4486
-4271
-3741
-3159
-2655
-2125
-1399
-568
166
748
1254
1782
2222
2470
2496
2446
2404
2336
2180
1931
1743
1695
1757
1786
1782
1879
2192
2664
3096
3468
3904
4561
5359
6096
6710
7319
8011
8694
9206
9473
9570
9597
9568
9344
8819
8020
7127
6287
5335
3842
1593
-894
-2879
-4264
-5743
-7726
-9553
-10339
-10089
-9750
-9744
-9432
-8137
-6157
-4407
-3055
-1506
611
2699
4046
4779
5549
6711
7754
8075
7583
6886
6526
6387
5868
4482
2666
1133
151
-925
-2715
-4940
-6871
-8117
-9191
-10467
-11757
-12467
-12491
-12273
-11989
-11449
-10237
-8505
-6657
-4971
-3334
-1398
669
2429
3326
3650
3963
4412
4505
3699
2418
1287
691
5
-1151
-2482
-3353
-3548
-3763
-4239
-4831
-4921
-4627
-4336
-4291
-4271
-3801
-3132
-2487
-2132
-1640
-919
-75
661
1214
1801
2351
2911
3150
3215
3162
3118
2973
2619
2294
2030
1951
1791
1647
1616
1905
2482
3071
3666
4366
5428
6596
7639
8486
9298
10197
10962
11482
11613
11516
11378
11138
10719
9910
8929
7867
6924
5937
4415
2205
-417
-2439
-3895
-5378
-7556
-9758
-10823
-10768
-10454
-10789
-10771
-9662
-7512
-5547
-4160
-2519
-260
2275
3896
4885
5742
7030
8230
8565
8064
7123
6665
6364
5769
4194
2150
521
-497
-1465
-3370
-5711
-7771
-8974
-10000
-11362
-12781
-13659
-13709
-13540
-13283
-12821
-11611
-9799
-7826
-5994
-4162
-1979
365
2398
3590
4192
4617
5096
5118
4331
2927
1529
499
-475
-1658
-3099
-4156
-4671
-4801
-5052
-5372
-5445
-5163
-4665
-4412
-4209
-3931
-3326
-2760
-2318
-1890
-1316
-490
287
1085
1747
2482
3164
3721
4025
4051
4027
3806
3501
3040
2632
2243
1890
1652
1514
1688
2074
2695
3387
4252
5321
6442
7574
8541
9464
10227
10895
11360
11478
11315
10916
10519
9884
9061
7982
6914
6030
5074
3699
1498
-859
-2764
-4008
-5409
-7476
-9541
-10660
-10575
-10442
-10704
-10824
-9830
-7891
-6026
-4522
-2932
-644
1718
3486
4550
5550
6890
8038
8443
7892
7158
6733
6525
5835
4235
2335
846
12
-1038
-2855
-5136
-6992
-8072
-9029
-10253
-11643
-12451
-12582
-12404
-12220
-11823
-10743
-9162
-7407
-5832
-4130
-2081
153
2034
3075
3605
4068
4625
4682
3865
2528
1352
655
-63
-1140
-2380
-3123
-3219
-3165
-3359
-3689
-3644
-3243
-2850
-2810
-2934
-2834
-2525
-2228
-2168
-2081
-1761
-1196
-588
-3
663
1396
2140
2688
3085
3344
3529
3553
3373
3137
2917
2801
2696
2657
2724
3028
3576
4256
5076
6005
7127
8247
9294
10216
11051
11812
12303
12470
12237
11860
11341
10624
9566
8300
7224
6230
4962
2792
148
-2106
-3563
-4862
-6885
-9138
-10632
-10782
-10561
-10747
-11005
-10419
-8726
-6932
-5456
-4077
-2060
249
2070
3206
4121
5487
6847
7609
7367
6809
6616
6674
6350
5001
3229
1765
961
-4
-1815
-4139
-6157
-7388
-8516
-9979
-11637
-12711
-13043
-13125
-13196
-13076
-12189
-10751
-9185
-7757
-6183
-4112
-1844
115
1320
2103
2858
3631
3954
3428
2432
1465
890
285
-692
-1834
-2633
-2806
-2824
-2996
-3361
-3434
-3129
-2760
-2624
-2746
-2702
-2513
-2261
-2214
-2237
-2111
-1811
-1377
-964
-395
251
964
1574
2084
2592
3019
3342
3424
3411
3377
3392
3401
3357
3368
3487
3794
4239
4848
5622
6500
7452
8391
9401
10432
11397
12140
12559
12742
12668
12408
11782
10826
9678
8544
7422
5817
3504
730
-1601
-3296
-4924
-7043
-9261
-10554
-10814
-10764
-11080
-11206
-10441
-8899
-7354
-6131
-4636
-2569
-346
1270
2358
3555
5138
6653
7401
7423
7300
7516
7736
7290
5997
4373
3109
2115
752
-1361
-3744
-5700
-7168
-8649
-10394
-11984
-12901
-13243
-13403
-13482
-13104
-12033
-10604
-9132
-7738
-5964
-3894
-1793
-151
984
1961
2716
3402
3442
3126
2378
1622
918
89
-652
-1675
-2306
-2928
-3075
-3203
-3262
-3215
-3249
-2877
-2694
-2222
-2106
-1890
-1758
-1547
-1184
-1081
-790
-730
-242
161
690
1099
1467
2005
2351
2804
2902
3148
3224
3356
3400
3394
3569
3649
3951
4100
4574
5117
5884
6706
7467
8464
9373
10538
11443
12386
13085
13582
13854
13669
13426
12617
11701
10352
9052
7472
5151
2323
-704
-2774
-4747
-6877
-9423
-11202
-11677
-11740
-11846
-12178
-11349
-9819
-8095
-6904
-5621
-3521
-1300
537
1379
2390
3792
5455
6527
6656
6671
6906
7579
7590
6767
5326
4065
3163
1805
-210
-2811
-4965
-6782
-8583
-10642
-12556
-13586
-14063
-14241
-14509
-14159
-13017
-11308
-9675
-8290
-6588
-4498
-2172
-458
756
1619
2591
3298
3457
3080
2407
1865
1049
189
-959
-1779
-2559
-3205
-3855
-4397
-4431
-4451
-4253
-4367
-4069
-3644
-3012
-2560
-2363
-1914
-1478
-804
-614
-356
-89
444
909
1068
1290
1513
2067
2314
2446
2403
2567
2867
2982
3020
2986
3280
3567
3843
4050
4409
5086
5732
6487
7154
8107
9195
10219
11251
11991
12977
13533
13940
13785
13394
12911
11797
10734
8953
7419
4876
2003
-905
-3359
-5044
-7602
-9600
-11562
-11798
-11909
-11981
-11707
-11099
-9181
-8000
-6249
-4964
-2766
-717
704
2031
2790
4599
5670
6812
6848
6886
7275
7416
7537
6246
5171
3739
2764
1217
-1008
-3151
-5414
-6975
-9062
-10793
-12402
-13205
-13474
-13848
-13749
-13316
-11759
-10165
-8565
-7114
-5332
-2977
-876
843
1817
2835
3784
4444
4389
3702
3017
2296
1501
349
-838
-1812
-2521
-3134
-3827
-4302
-4364
-4132
-3917
-3812
-3578
-3057
-2364
-1860
-1636
-1378
-904
-421
-172
-8
296
707
1085
1332
1536
1880
2294
2567
2561
2533
2651
2786
2827
2662
2550
2551
2724
2946
3181
3635
4190
4933
5768
6839
8055
9193
10341
11337
12421
13362
13999
14219
13873
13475
12688
11760
10366
8594
6357
3313
543
-2063
-3987
-6428
-9007
-10901
-11819
-11668
-12078
-11927
-11447
-9858
-8232
-6903
-5146
-3423
-1119
162
1437
2413
3768
5205
5793
6148
5889
6470
6791
6827
5983
4735
4004
3058
1976
-166
-2211
-4218
-5994
-7806
-9932
-11562
-12820
-13329
-13942
-14186
-13795
-12610
-10970
-9581
-7977
-6082
-3496
-1193
539
1737
2901
4162
4748
4607
3732
3039
2202
1163
-202
-1542
-2472
-3292
-3885
-4674
-4942
-4827
-4435
-4229
-4176
-3761
-3151
-2316
-2068
-2000
-1856
-1342
-848
-783
-663
-450
134
619
1044
1383
1781
2360
2662
2832
2861
3042
3107
2914
2653
2357
2352
2311
2313
2325
2651
3288
3900
4757
5715
7008
8187
9397
10513
11610
12761
13469
13778
13462
13261
12784
12036
10699
8935
6795
4065
1485
-1070
-3090
-5571
-7987
-9882
-10728
-10902
-11360
-11245
-10722
-9214
-7906
-6497
-4873
-3033
-1056
153
1420
2382
3773
4839
5425
5589
5498
6027
6285
6289
5398
4518
3916
3238
2187
340
-1402
-3243
-4819
-6555
-8411
-10090
-11441
-12142
-12770
-12966
-12826
-11941
-10667
-9271
-7693
-5841
-3502
-1425
380
1701
3066
4065
4547
4362
3689
2994
1958
908
-467
-1485
-2479
-3138
-3720
-4207
-4216
-4029
-3480
-3389
-3063
-2695
-1942
-1404
-1319
-1340
-1350
-856
-721
-625
-731
-475
-6
521
1066
1358
1872
2295
2790
2967
3119
3210
3156
2978
2644
2546
2420
2406
2194
2283
2640
3303
4044
4738
5767
6814
8261
9353
10505
11333
12217
12894
12932
12861
12242
11902
10815
9622
7613
5049
2562
214
-1478
-4032
-6406
-8500
-9264
-9607
-10299
-10434
-9958
-8439
-7495
-6457
-5088
-3188
-1253
-255
675
1428
2782
3883
4394
4310
4059
4627
5123
5253
4315
3422
3085
2790
1887
30
-1690
-3308
-4672
-6374
-8244
-9887
-11130
-11782
-12365
-12572
-12395
-11501
-10245
-8980
-7489
-5720
-3493
-1679
-247
918
2084
3013
3110
2768
2007
1472
609
-359
-1386
-2304
-2785
-3244
-3380
-3696
-3558
-3260
-2790
-2489
-2409
-2007
-1594
-1170
-1320
-1404
-1257
-940
-807
-854
-658
-298
231
690
1179
1609
2062
2436
2743
2875
2957
2989
2821
2601
2301
2320
2247
2171
2042
2233
2859
3377
4058
4629
5719
6812
7929
8893
9624
10624
11295
11833
11699
11509
11308
10908
10246
8639
6518
4219
2490
921
-1350
-3966
-6140
-6953
-7372
-8292
-9134
-9001
-7641
-6608
-5949
-5139
-3506
-1499
-263
434
866
1982
3176
3810
3608
3131
3402
3969
4237
3490
2612
2362
2404
1919
524
-881
-2066
-3123
-4581
-6278
-7751
-8843
-9602
-10336
-10766
-10666
-9939
-8982
-8033
-6954
-5382
-3508
-1888
-938
-137
742
1532
1662
1061
477
-93
-429
-1228
-1810
-2392
-2505
-2467
-2468
-2249
-2175
-1578
-1364
-1004
-1126
-948
-729
-747
-944
-1378
-1171
-1081
-879
-961
-675
-131
410
936
1304
1857
2283
2650
2737
2682
2644
2624
2455
2076
1721
1651
1768
1827
1850
2021
2658
3294
3967
4551
5372
6302
7084
7795
8257
8991
9470
9738
9547
9328
9300
9132
8670
7222
5314
3647
2530
1328
-887
-3317
-5010
-5535
-5967
-7136
-7914
-7777
-6556
-5832
-5234
-4333
-2795
-1042
-90
640
1178
2420
3372
3675
3284
2986
3444
3712
3402
2318
1686
1626
1404
467
-963
-1951
-2837
-3856
-5328
-6787
-7884
-8720
-9396
-10104
-10269
-9887
-8980
-8114
-7145
-5792
-3927
-2057
-843
-27
724
1609
1820
1374
445
-244
-876
-1687
-2566
-3345
-3567
-3657
-3439
-3303
-2886
-2325
-1667
-1156
-1031
-846
-712
-500
-724
-1038
-1227
-1119
-887
-776
-462
-9
678
1252
1860
2395
2856
3170
3260
3242
2993
2811
2464
2124
1631
1349
1270
1312
1419
1502
2004
2550
3262
3859
4639
5487
6198
6836
7270
7879
8303
8499
8384
8029
7923
7725
7526
6426
4759
3220
2234
1568
-127
-2039
-3729
-4029
-4247
-4960
-5771
-5886
-4859
-4138
-3546
-3183
-2026
-572
548
1121
1319
2135
3034
3655
3339
2802
2850
3138
3133
2198
1376
943
805
161
-1001
-1994
-2830
-3561
-4753
-5890
-6847
-7455
-8027
-8658
-8926
-8663
-7806
-7020
-6201
-5194
-3565
-1756
-407
366
896
1608
1895
1586
564
-333
-1252
-2146
-3209
-4085
-4536
-4757
-4681
-4594
-4006
-3382
-2497
-1939
-1493
-1181
-789
-393
-445
-657
-905
-657
-401
-140
83
601
1403
2177
2899
3453
3985
4333
4473
4386
4072
3684
3188
2656
2065
1651
1441
1314
1225
1303
1756
2322
2795
3239
3946
4752
5403
5720
5992
6401
6855
7040
6861
6553
6379
6453
6221
5228
3552
2169
1425
701
-782
-2607
-3783
-4025
-4149
-4631
-4964
-4533
-3612
-2857
-2260
-1384
-27
1140
1796
1981
2422
3203
3854
3704
2928
2471
2667
2957
2386
1283
458
298
142
-697
-1961
-3071
-3849
-4721
-5807
-6938
-7896
-8546
-9093
-9411
-9441
-8879
-7964
-6982
-5929
-4515
-2542
-741
523
1104
1733
2359
2535
1872
685
-388
-1352
-2189
-3208
-4072
-4682
-4851
-4731
-4480
-4093
-3622
-3054
-2669
-2426
-2200
-1924
-1789
-1970
-2136
-2020
-1563
-1086
-644
-3
862
1965
2919
3774
4396
4905
5207
5269
5099
4644
4195
3597
3050
2501
2181
1981
1828
1825
2046
2478
2892
3302
3882
4408
4893
5084
5327
5637
5861
6018
5757
5724
5444
5612
5158
4211
2636
1349
799
-121
-1327
-3183
-3844
-4143
-4020
-4331
-4263
-3493
-2669
-1676
-1003
323
1501
2526
2940
3165
3731
4337
4843
4352
3660
3298
3622
3796
3000
1934
1141
1107
645
-377
-1851
-3013
-3905
-4922
-6008
-7182
-7975
-8579
-8782
-8961
-8747
-8147
-7144
-6123
-5142
-3800
-2211
-650
118
675
1117
1724
1742
1159
450
-189
-571
-1301
-1826
-2474
-2723
-2945
-3088
-3210
-3382
-3248
-3345
-3398
-3787
-3803
-3637
-3513
-3554
-3624
-3047
-2350
-1526
-1013
-254
719
1734
2640
3193
3784
4126
4525
4661
4645
4474
4258
4129
3794
3490
3164
2991
2810
2555
2535
2581
2853
3026
3328
3645
3965
4401
4713
5172
5306
5483
5423
5375
5189
4746
3879
2276
787
-389
-1132
-2337
-3773
-4671
-4778
-4404
-4296
-3874
-3089
-1964
-1060
-273
754
1703
2510
2717
2910
3060
3481
3907
4003
3766
3428
3773
4186
4237
3514
2797
2321
1713
661
-850
-2233
-3736
-5117
-6426
-7340
-7993
-8486
-8604
-8467
-7875
-7135
-6007
-4944
-4029
-3194
-2246
-1232
-779
-615
-707
-606
-752
-966
-1149
-1269
-1303
-1449
-1258
-1167
-1016
-1151
-1251
-1432
-1786
-2151
-2651
-3042
-3641
-3920
-4075
-4034
-4027
-3873
-3332
-2739
-2091
-1626
-860
-164
487
990
1516
2116
2584
3139
3594
4143
4470
4796
5014
5137
5118
4917
4701
4327
4050
3752
3627
3509
3487
3577
3841
4317
4797
5301
5670
6024
6190
6198
5976
5416
4182
2299
463
-877
-2013
-3613
-5215
-5989
-5764
-5329
-4998
-4318
-3043
-1634
-628
242
1195
2159
2677
2747
2634
2657
2933
3265
3405
3157
3084
3559
4276
4402
3868
3298
2930
2371
1126
-410
-1883
-3259
-4688
-5963
-6796
-7250
-7405
-7361
-6982
-6367
-5495
-4409
-3418
-2786
-2452
-1951
-1400
-1168
-1477
-1909
-2092
-2153
-2191
-2246
-2152
-2005
-1736
-1399
-1053
-836
-843
-911
-1110
-1435
-1872
-2186
-2449
-2752
-2980
-2945
-2652
-2342
-2090
-1821
-1415
-1080
-871
-785
-726
-708
-665
-549
-356
2
483
1205
1942
2735
3469
4282
4975
5349
5498
5457
5476
5184
4793
4243
3963
3800
3681
3719
3874
4406
4874
5463
5757
6012
6066
6008
5495
3950
1906
-13
-1154
-2526
-4307
-5923
-6304
-5776
-5435
-5054
-4109
-2401
-1059
-245
467
1476
2395
2571
2343
2045
2185
2562
2946
2963
2795
3132
3918
4571
4267
3569
3038
2557
1486
-167
-1691
-2970
-4181
-5427
-6134
-6219
-5977
-5688
-5285
-4637
-3830
-3026
-2502
-2453
-2706
-2828
-2731
-2870
-3459
-3953
-3909
-3431
-3108
-2846
-2313
-1516
-937
-733
-581
-480
-571
-1132
-1862
-2537
-2962
-3229
-3439
-3572
-3526
-2975
-2121
-1306
-875
-478
63
583
691
430
183
-24
-241
-582
-664
-564
-258
3
439
1092
1908
2675
3145
3547
3836
4315
4474
4475
4166
4076
4184
4358
4496
4535
4985
5517
6196
6375
6559
6689
6860
6328
4786
2897
1407
520
-847
-2509
-3944
-4112
-3784
-3634
-3661
-2979
-1687
-741
-351
-126
689
1537
2002
1817
1799
2240
3154
3893
4034
4030
4344
5061
5187
4550
3439
2642
1821
432
-1261
-2775
-3652
-4527
-5288
-5790
-5562
-4940
-4427
-3911
-3529
-2803
-2395
-2121
-2422
-2705
-2863
-3016
-3197
-3767
-3736
-3654
-3124
-3031
-2689
-2238
-1692
-1349
-1528
-1381
-1529
-1561
-2328
-2868
-3397
-3587
-3865
-4364
-4522
-4513
-3852
-3463
-2876
-2517
-1752
-971
-329
174
482
983
1053
1115
917
1078
1136
1018
761
625
995
1308
1607
1524
1747
2162
2685
2929
2822
2898
3007
3313
3300
3388
3531
3868
4248
4414
4673
4823
5205
5101
4506
3280
2160
1593
985
126
-1100
-1527
-1456
-1156
-1255
-1216
-627
-51
310
241
630
1137
1740
1915
1998
2390
3067
3975
4358
4453
4318
4613
4792
4439
3474
2330
1544
656
-336
-1601
-2504
-3171
-3570
-3831
-3902
-3645
-3376
-3003
-2826
-2542
-2408
-2267
-2215
-2248
-2218
-2230
-2083
-2052
-1942
-1964
-1873
-1799
-1762
-1848
-2092
-2229
-2360
-2360
-2544
-2743
-2961
-3045
-3087
-3275
-3605
-4030
-4273
-4442
-4460
-4537
-4463
-4166
-3580
-2844
-2140
-1423
-771
-55
485
895
1053
1114
1074
993
933
794
720
620
731
1033
1500
1977
2310
2621
2939
3378
3693
3839
3830
3824
4007
4133
4204
4092
3950
3681
3012
2061
913
203
-382
-864
-1478
-1790
-1597
-1173
-687
-433
169
713
1252
1389
1500
1862
2420
3048
3311
3689
4230
5191
5953
6282
6185
5969
5828
5319
4439
3083
1859
750
-196
-1189
-2105
-2725
-3006
-2976
-2957
-2907
-2888
-2664
-2418
-2241
-2302
-2440
-2344
-2004
-1492
-1112
-786
-478
-31
303
446
311
46
-321
-834
-1479
-2145
-2544
-2758
-2947
-3243
-3490
-3536
-3450
-3531
-3883
-4333
-4660
-4790
-4908
-5019
-5033
-4760
-4197
-3485
-2800
-2159
-1567
-965
-436
-94
126
209
328
360
368
236
184
192
368
564
689
887
997
1391
1683
2147
2496
2938
3322
3567
3842
3825
3910
3328
2581
1176
-28
-1059
-1782
-2148
-2692
-2656
-2622
-1857
-1377
-678
-205
392
921
966
1127
1044
1650
2090
2754
3183
3816
4747
5606
6436
6563
6659
6292
6014
5245
4274
3128
2006
1187
277
-389
-1058
-1299
-1432
-1438
-1558
-1692
-1682
-1611
-1435
-1447
-1425
-1359
-1047
-542
17
539
977
1329
1566
1574
1421
1133
808
429
21
-484
-951
-1231
-1380
-1483
-1733
-2072
-2449
-2770
-3137
-3551
-4001
-4344
-4555
-4622
-4569
-4414
-4076
-3614
-3074
-2683
-2408
-2268
-2112
-1908
-1717
-1481
-1310
-1044
-751
-403
-69
204
428
479
538
400
347
258
307
468
610
981
1189
1693
1947
2233
1959
1341
267
-1128
-2234
-3410
-3796
-4208
-3867
-3634
-3054
-2502
-1930
-1135
-628
137
297
739
773
1180
1610
2275
3195
4002
5071
5677
6413
6573
6751
6459
6045
5358
4443
3622
2657
2080
1426
1179
787
685
447
395
316
247
234
33
-2
-290
-261
-337
51
417
1045
1614
2028
2422
2423
2631
2370
2440
2122
2048
1790
1668
1588
1460
1512
1240
1168
663
262
-463
-1076
-1697
-2214
-2541
-2853
-2873
-2906
-2646
-2500
-2247
-2190
-2162
-2309
-2576
-2908
-3259
-3456
-3527
-3319
-3054
-2577
-2106
-1556
-1156
-819
-683
-622
-639
-729
-843
-1053
-1143
-1225
-1056
-800
-402
-115
-71
-405
-1305
-2380
-3716
-4702
-5466
-5680
-5636
-5353
-4949
-4664
-4275
-4023
-3531
-3137
-2565
-2109
-1668
-1227
-781
-131
601
1619
2629
3702
4516
5036
5203
5032
4687
4172
3716
3236
2890
2553
2282
1982
1729
1514
1384
1341
1315
1299
1184
1032
792
589
478
557
847
1289
1886
2428
2953
3277
3506
3537
3512
3431
3278
3191
3065
3078
3099
3249
3343
3456
3468
3329
3027
2508
1936
1297
790
384
168
90
170
330
459
524
416
186
-231
-732
-1345
-1960
-2514
-2923
-3179
-3279
-3186
-2972
-2622
-2219
-1834
-1543
-1373
-1318
-1402
-1570
-1798
-1969
-2053
-1972
-1732
-1392
-1030
-799
-774
-1019
-1531
-2217
-2926
-3538
-3996
-4239
-4320
-4315
-4263
-4239
-4233
-4276
-4312
-4311
-4289
-4193
-3992
-3683
-3264
-2695
-2031
-1308
-607
-13
429
685
775
765
730
725
808
988
1248
1540
1840
2129
2390
2612
2793
2923
2998
3031
3004
2938
2853
2781
2737
2732
2756
2813
2888
2973
3040
3071
3057
3010
2913
2775
2640
2518
2482
2565
2766
3077
3463
3856
4182
4352
4289
3999
3509
2882
2229
1659
1238
1046
1091
1279
1556
1795
1912
1904
1713
1362
927
454
3
-384
-741
-1068
-1389
-1744
-2097
-2429
-2694
-2800
-2750
-2542
-2208
-1875
-1622
-1494
-1535
-1736
-2006
-2273
-2482
-2575
-2589
-2554
-2516
-2543
-2662
-2828
-3006
-3184
-3287
-3303
-3269
-3209
-3170
-3197
-3324
-3537
-3813
-4113
-4369
-4517
-4532
-4386
-4067
-3607
-3074
-2544
-2076
-1745
-1590
-1601
-1737
-1920
-2063
-2104
-1990
-1719
-1334
-891
-445
-58
244
461
624
771
912
1073
1250
1432
1595
1744
1882
2026
2188
2386
2636
2904
3175
3422
3622
3729
3759
3716
3621
3512
3423
3405
3476
3626
3870
4164
4456
4706
4868
4898
4818
4642
4388
4133
3886
3673
3515
3383
3232
3098
2930
2749
2619
2526
2501
2538
2591
2603
2560
2383
2092
1704
1220
707
150
-429
-1022
-1613
-2180
-2678
-3069
-3301
-3343
-3278
-3128
-3012
-3029
-3246
-3651
-4199
-4767
-5204
-5423
-5304
-4887
-4234
-3472
-2709
-2094
-1645
-1394
-1309
-1328
-1393
-1469
-1539
-1614
-1689
-1785
-1912
-2052
-2221
-2398
-2596
-2796
-3042
-3292
-3574
-3850
-4094
-4275
-4338
-4284
-4049
-3726
-3266
-2816
-2347
-1978
-1665
-1426
-1230
-984
-723
-281
157
740
1213
1699
1979
2171
2202
2176
2152
2141
2271
2384
2615
2738
2900
2915
2926
2862
2811
2793
2781
2870
2923
3087
3198
3429
3630
3927
4209
4468
4674
4737
4706
4464
4167
3702
3287
2852
2545
2331
2260
2317
2467
2687
2871
3040
3090
3047
2871
2581
2226
1788
1367
951
635
352
182
34
-78
-225
-449
-756
-1154
-1604
-2087
-2523
-2898
-3165
-3306
-3360
-3304
-3203
-3028
-2851
-2632
-2432
-2243
-2080
-1989
-1931
-1960
-2002
-2114
-2201
-2316
-2403
-2496
-2585
-2671
-2795
-2910
-3083
-3222
-3407
-3557
-3719
-3850
-3942
-4004
-3974
-3905
-3695
-3462
-3097
-2740
-2303
-1890
-1433
-988
-525
-56
359
758
1025
1240
1297
1318
1246
1196
1149
1133
1176
1220
1370
1490
1720
1876
2054
2043
1923
1548
1050
459
-88
-403
-489
-192
255
911
1433
1875
2014
1976
1738
1458
1242
1121
1191
1349
1669
2022
2448
2878
3294
3682
3943
4114
4056
3894
3515
3107
2644
2284
2026
1904
1903
1913
1941
1831
1662
1309
906
420
-21
-396
-659
-789
-833
-771
-718
-621
-594
-552
-564
-537
-528
-490
-448
-405
-340
-285
-147
-47
122
189
246
92
-144
-546
-982
-1398
-1754
-1967
-2188
-2300
-2598
-2859
-3352
-3710
-4073
-4150
-4040
-3738
-3283
-3013
-2750
-2867
-2988
-3350
-3408
-3388
-2991
-2385
-1639
-885
-382
16
28
26
-174
-211
-231
-110
72
210
352
268
268
49
-17
-189
-177
-229
-229
-231
-276
-252
-307
-175
-100
150
321
571
728
841
934
965
1085
1151
1376
1542
1801
1965
2134
2230
2270
2296
2260
2275
2199
2202
2114
2069
1950
1867
1791
1749
1786
1830
1966
2037
2126
2100
2053
1916
1791
1693
1633
1670
1735
1864
1949
2061
2095
2139
2117
2087
2040
1956
1851
1705
1570
1378
1231
1067
925
769
633
484
320
172
6
-119
-275
-408
-579
-752
-978
-1208
-1418
-1639
-1791
-1888
-1922
-1950
-1941
-1984
-2066
-2232
-2447
-2685
-2943
-3134
-3267
-3292
-3286
-3225
-3183
-3179
-3245
-3362
-3503
-3656
-3737
-3752
-3655
-3491
-3240
-2961
-2678
-2423
-2199
-2018
-1896
-1788
-1700
-1591
-1490
-1352
-1197
-1028
-866
-710
-569
-485
-422
-411
-415
-467
-515
-553
-573
-556
-483
-355
-193
11
219
454
671
882
1074
1258
1413
1565
1744
1921
2142
2383
2657
2929
3210
3463
3668
3824
3930
3995
4015
4006
3970
3944
3896
3852
3809
3767
3714
3650
3560
3434
3287
3108
2912
2703
2518
2347
2197
2059
1922
1779
1621
1448
1263
1084
885
702
522
338
141
-56
-264
-489
-710
-924
-1112
-1280
-1419
-1546
-1665
-1822
-2000
-2197
-2419
-2618
-2789
-2893
-2934
-2915
-2848
-2763
-2710
-2683
-2702
-2766
-2846
-2931
-2991
-3025
-3019
-2979
-2922
-2873
-2832
-2805
-2791
-2785
-2771
-2730
-2672
-2585
-2477
-2362
-2242
-2116
-1979
-1826
-1650
-1450
-1221
-966
-703
-438
-186
29
201
337
449
561
691
841
1025
1228
1438
1626
1774
1870
1918
1938
1939
1952
1984
2067
2160
2274
2383
2459
2496
2473
2423
2346
2271
2210
2199
2224
2270
2334
2375
2390
2342
2258
2143
2021
1907
1841
1811
1818
1849
1869
1877
1837
1764
1647
1509
1354
1204
1069
947
849
756
661
550
418
262
94
-91
-263
-428
-576
-700
-813
-903
-994
-1074
-1153
-1219
-1274
-1316
-1346
-1373
-1397
-1433
-1477
-1534
-1600
-1672
-1735
-1781
-1813
-1820
-1813
-1796
-1783
-1783
-1799
-1826
-1871
-1913
-1956
-1994
-2006
-1998
-1968
-1924
-1874
-1817
-1757
-1709
-1673
-1642
-1616
-1591
-1558
-1528
-1482
-1419
-1356
-1282
-1200
-1105
-1005
-906
-798
-690
-581
-475
-374
-274
-174
-71
45
170
308
461
621
783
929
1051
1144
1211
1256
1283
1301
1323
1361
1408
1465
1532
1594
1630
1651
1647
1611
1568
1518
1475
1447
1434
1450
1483
1526
1567
1594
1602
1594
1568
1526
1479
1438
1404
1375
1352
1324
1295
1258
1204
1143
1065
981
895
813
739
672
609
550
498
449
397
333
266
199
132
60
-1
-62
-116
-166
-224
-279
-346
-422
-508
-598
-689
-775
-849
-908
-948
-977
-996
-1010
-1032
-1070
-1113
-1165
-1222
-1265
-1292
-1297
-1284
-1254
-1216
-1184
-1169
-1181
-1208
-1250
-1291
-1320
-1327
-1303
-1259
-1192
-1127
-1082
-1052
-1047
-1062
-1082
-1088
-1065
-1014
-927
-814
-694
-577
-468
-386
-327
-284
-251
-213
-162
-87
-7
88
190
281
357
414
453
470
470
471
467
467
481
503
537
577
629
678
734
789
829
869
897
924
941
953
972
997
1034
1078
1132
1185
1239
1278
1295
1302
1294
1271
1240
1207
1171
1128
1080
1036
985
917
850
776
701
620
536
456
383
322
271
226
186
155
121
88
48
-2
-48
-92
-132
-174
-211
-235
-259
-295
-338
-389
-449
-506
-567
-623
-671
-718
-761
-796
-825
-857
-890
-924
-964
-1004
-1033
-1060
-1079
-1079
-1070
-1052
-1034
-1019
-1004
-998
-996
-1009
-1017
-1016
-1007
-981
-945
-897
-853
-812
-784
-762
-741
-732
-714
-676
-616
-539
-460
-381
-302
-234
-173
-126
-86
-34
23
90
162
232
303
366
420
467
508
541
564
584
605
626
648
674
694
712
738
758
779
806
825
842
851
856
856
848
836
820
809
805
803
800
792
787
769
744
716
689
661
633
609
586
559
525
491
449
408
365
318
285
252
220
191
161
136
107
79
58
43
24
-2
-23
-52
-88
-126
-170
-216
-255
-293
-321
-349
-376
-406
-436
-474
-510
-543
-573
-606
-640
-661
-680
-689
-691
-690
-685
-685
-689
-690
-691
-687
-680
-660
-641
-621
-590
-563
-538
-520
-508
-490
-476
-465
-445
-415
-388
-360
-326
-299
-278
-260
-237
-211
-183
-150
-116
-80
-45
-13
17
46
75
112
141
172
209
242
267
292
314
338
359
375
394
410
426
434
442
455
463
470
474
482
498
503
501
496
501
491
475
455
444
434
420
412
400
398
389
376
365
348
334
315
303
282
266
257
246
231
220
219
206
189
177
168
159
145
133
120
105
84
70
58
39
18
2
-10
-40
-73
-90
-111
-141
-169
-185
-199
-220
-241
-255
-265
-294
-317
-330
-343
-361
-377
-385
-385
-391
-402
-401
-402
-408
-414
-419
-421
-427
-430
-429
-425
-422
-415
-406
-404
-400
-391
-385
-383
-375
-366
-355
-351
-333
-306
-293
-277
-255
-231
-223
-211
-182
-159
-137
-126
-100
-79
-61
-39
-17
8
28
53
74
97
118
136
162
175
190
207
226
237
245
260
280
286
292
306
318
331
341
345
360
359
359
367
377
379
377
379
385
393
390
384
384
385
381
369
365
363
352
345
336
329
312
296
286
272
247
225
212
187
160
137
121
100
66
49
32
5
-28
-53
-66
-93
-119
-135
-156
-181
-205
-210
-227
-255
-266
-275
-285
-304
-313
-319
-333
-339
-337
-343
-356
-356
-348
-347
-360
-355
-342
-338
-339
-340
-336
-327
-321
-315
-306
-298
-285
-273
-266
-250
-234
-224
-217
-201
-172
-161
-155
-142
-115
-90
-81
-55
-31
-15
0
20
50
60
78
96
119
138
152
176
186
203
214
234
243
253
270
278
283
283
295
293
288
293
296
300
287
278
272
265
254
248
246
231
218
213
209
196
185
177
171
161
146
138
129
116
104
98
94
85
70
62
53
42
34
21
18
14
-1
-11
-24
-32
-48
-56
-61
-75
-84
-102
-115
-129
-138
-149
-153
-153
-159
-160
-174
-174
-172
-178
-183
-185
-182
-182
-183
-188
-190
-189
-188
-190
-187
-179
-180
-176
-170
-166
-167
-165
-159
-156
-149
-146
-139
-140
-134
-124
-116
-109
-102
-90
-81
-73
-69
-63
-52
-49
-35
-19
-7
-3
8
22
30
44
47
62
73
80
88
86
95
101
107
115
121
124
128
127
129
133
129
139
140
139
142
140
145
138
138
137
130
130
124
124
122
113
107
105
102
96
93
88
89
83
72
63
62
57
51
47
34
33
35
28
27
17
11
12
10
3
-5
-7
-17
-22
-25
-31
-37
-43
-49
-55
-60
-68
-69
-70
-70
-72
-77
-80
-83
-83
-87
-98
-98
-96
-97
-100
-104
-103
-109
-111
-113
-111
-105
-104
-99
-98
-94
-96
-89
-85
-82
-75
-72
-63
-64
-57
-54
-47
-37
-33
-22
-19
-15
-10
-7
1
7
16
24
30
33
40
41
44
45
45
60
56
57
55
58
57
58
60
62
66
61
66
67
67
70
74
75
75
78
76
78
71
73
74
74
73
75
74
65
64
63
64
61
61
61
54
58
47
41
37
31
34
31
27
21
12
7
3
0
-1
-3
-6
-10
-17
-19
-27
-26
-26
-31
-29
-36
-38
-41
-49
-48
-48
-52
-52
-53
-57
-62
-65
-71
-69
-74
-79
-77
-81
-85
-83
-83
-85
-83
-86
-82
-83
-82
-78
-72
-69
-69
-67
-59
-51
-47
-40
-36
-32
-27
-20
-15
-6
-1
2
4
4
5
9
13
18
19
19
16
14
14
16
25
30
30
31
26
28
28
26
32
38
39
38
36
31
33
