-1
-7
-8
-3
0
1
7
8
-4
8
-8
-6
-8
-4
-2
0
12
0
12
0
-2
-10
-10
-2
-8
4
11
13
4
10
-8
-18
-5
-15
-6
13
16
15
14
-1
-17
-19
-22
-10
2
15
37
15
10
2
-37
-35
-17
-10
15
43
28
19
8
-34
-34
-34
-22
21
23
41
41
-3
-13
-32
-47
-27
10
18
39
52
5
-3
-35
-51
-24
-20
23
43
30
31
-1
-29
-41
-28
-26
7
44
19
45
0
-14
-28
-46
-11
-8
25
28
40
-1
3
-25
-38
-10
-18
23
15
42
10
3
-18
-29
-12
-35
37
-6
30
29
-15
9
-41
-1
-29
8
18
9
35
-15
23
-43
-12
4
-35
41
9
17
14
-4
-14
-33
2
-21
16
21
16
26
-25
12
-39
-25
11
0
16
34
23
-24
10
-38
-21
-12
10
13
22
37
-7
4
-45
4
-44
7
32
-4
44
8
1
-42
3
-41
-14
30
3
36
19
11
-20
-27
-21
-18
-9
26
35
15
25
13
-50
-17
-24
-40
21
27
27
33
34
-32
-14
-47
-29
-7
-11
57
20
32
20
-13
-55
-13
-31
-24
47
27
30
38
-11
-37
-27
-57
17
-9
56
49
22
8
-47
-36
-87
24
-19
59
63
34
24
-58
-29
-88
-8
12
37
64
51
12
-34
-41
-69
-29
18
33
65
43
13
-4
-78
-29
-38
-17
48
35
18
33
-6
-54
10
-37
-3
50
-10
15
14
-46
-3
-9
-7
35
25
25
-3
-11
-44
-15
-30
8
21
17
35
0
6
-15
6
-46
41
-50
9
4
-37
46
-28
96
-45
80
-46
-28
-11
-118
55
-74
88
42
70
25
23
-41
-75
-25
-95
22
18
59
19
91
-37
21
-28
-58
-1
-51
42
-45
44
-18
39
-16
27
13
-30
68
-40
12
-37
-5
-72
16
-7
9
117
17
59
-23
-47
-96
-51
-54
5
84
67
92
-3
-15
-90
-68
-83
-9
49
76
123
46
16
-48
-86
-106
-66
-11
65
119
110
26
32
-76
-109
-97
-65
-4
73
142
-10
90
-85
-36
-101
-55
10
51
178
13
93
-109
-32
-160
-58
-41
14
206
109
118
-37
-1
-197
-55
-128
-54
82
83
137
-2
23
-62
-15
-35
-19
2
46
52
-2
-42
-34
-41
-20
50
-65
72
81
63
77
-10
-20
-137
-118
-170
-168
31
130
254
280
202
43
-122
-287
-350
-286
-55
141
324
371
233
116
-190
-232
-374
-189
-22
56
286
136
125
-48
-68
-172
-70
45
31
118
-67
28
-106
-24
97
129
187
88
0
-238
-224
-151
-52
184
157
188
124
-201
-69
-269
-139
141
69
225
-5
-14
-201
-110
-227
46
268
74
452
59
-21
-142
-279
-260
-174
0
218
278
127
191
-24
-69
-188
-78
-169
-54
-10
54
114
-127
159
-16
64
9
-3
-2
33
64
-100
-50
-218
71
-5
60
220
93
18
-106
-172
-236
47
32
270
146
-194
45
-298
-156
32
-37
339
326
175
120
-174
-284
-158
-40
-55
85
175
147
142
-101
-181
-156
-154
-69
-126
-143
93
181
145
95
93
171
-144
45
-197
-60
152
119
203
-270
38
-222
-10
13
35
230
-84
118
-211
-175
-299
122
164
10
296
-47
80
-24
-18
-62
-112
109
159
19
44
77
-72
-176
-239
-167
120
254
235
228
-230
-468
-513
-417
-110
127
589
450
219
123
211
16
-265
-217
-163
128
187
245
200
233
196
85
-384
-548
-28
-633
-72
-266
-494
-129
-63
697
336
676
326
44
-371
-609
-124
-652
119
16
668
599
384
990
206
407
-337
-599
-711
-927
-541
-417
157
206
616
236
100
-28
-398
0
-262
-35
69
-13
173
64
-13
246
165
272
408
223
72
-20
-274
-188
-6
-343
-88
-382
-181
34
-68
128
226
235
73
253
-304
25
-195
-51
156
-197
233
-62
-146
-188
-214
-121
218
316
341
353
231
-73
-169
-401
-360
28
-48
434
148
152
207
79
-20
-204
-120
-368
-208
-576
-290
-70
-178
322
156
324
116
-8
109
-191
287
315
382
357
132
-26
-268
-323
-419
26
-133
91
55
-191
81
-256
-49
-55
163
131
15
-128
-212
-100
-389
202
-80
205
557
188
439
248
129
-48
2
-350
-163
-152
-172
64
-134
174
47
11
98
11
68
67
-144
-167
-224
-330
-224
-155
-34
244
237
202
292
-34
-72
-113
-65
-134
91
277
195
90
27
27
-258
-151
-111
-135
-93
105
-53
-13
21
-78
-56
-194
-36
-29
40
122
296
125
241
98
-172
-84
-154
-59
82
239
256
299
61
16
-364
-393
-320
-232
63
257
383
295
242
-134
-123
-472
-207
-137
-88
206
114
150
53
69
-97
25
-102
114
-40
-37
90
-69
45
85
-2
23
36
-143
22
-174
-28
-31
21
42
-3
27
-45
-60
-107
40
-92
147
105
94
61
-112
-23
-230
-125
77
42
158
207
58
-87
-98
-154
-42
22
157
299
46
62
-109
-280
-153
-59
58
209
245
165
81
-107
-202
-129
-112
-8
134
104
113
11
-56
-114
-124
-27
92
57
110
135
-55
-39
-90
-195
-100
-73
-63
1
-9
78
63
38
78
16
40
100
41
136
90
23
8
-183
-283
-239
-233
-195
58
97
256
272
285
159
21
51
-163
-142
-151
-86
-79
36
78
-10
98
59
22
44
131
80
74
98
-119
-155
-284
-388
-355
-371
-157
-53
143
344
421
491
469
372
183
88
-116
-169
-182
-195
-80
-62
-6
-22
-29
-77
-110
-96
-142
-135
-150
-176
-191
-222
-177
-129
-111
11
70
79
141
174
129
145
144
116
94
64
97
47
41
77
46
9
25
-3
-14
8
27
51
56
83
78
80
68
110
133
169
207
213
197
166
151
119
99
105
124
111
102
95
53
-10
-60
-122
-195
-202
-197
-182
-108
-39
29
58
78
49
9
-25
-37
-30
-34
48
71
100
111
86
33
-40
-107
-195
-263
-318
-350
-397
-398
-392
-393
-370
-341
-329
-317
-318
-326
-316
-305
-254
-211
-149
-101
-54
-29
-14
19
46
86
117
163
183
196
206
219
223
245
260
258
258
239
220
179
147
110
77
37
-6
-62
-115
-152
-183
-182
-157
-107
-41
29
101
171
233
286
336
382
422
456
484
506
509
499
470
428
379
325
275
232
195
155
119
72
17
-51
-110
-157
-186
-200
-199
-193
-199
-216
-251
-288
-335
-375
-410
-439
-452
-456
-446
-434
-404
-368
-322
-274
-232
-200
-180
-161
-144
-109
-62
-9
47
91
133
147
150
137
113
85
55
24
-6
-36
-63
-69
-72
-55
-43
-16
-3
13
29
48
76
106
149
188
232
256
289
295
313
321
340
359
370
379
361
355
325
316
286
280
269
280
290
304
310
298
280
238
196
135
92
38
21
6
18
23
32
40
28
20
-21
-40
-74
-92
-126
-151
-178
-211
-238
-278
-297
-325
-354
-399
-456
-502
-559
-600
-639
-662
-658
-649
-594
-563
-495
-455
-403
-363
-346
-299
-309
-279
-297
-243
-218
-153
-108
-83
-46
-66
-24
-56
-14
-38
-11
-6
15
50
39
63
28
63
58
108
113
133
148
167
209
206
229
206
219
220
225
216
172
137
88
69
61
66
97
125
205
278
388
475
565
647
718
787
795
802
742
708
648
620
576
551
545
556
590
582
578
518
499
442
437
385
359
321
276
270
213
192
53
-26
-165
-228
-310
-417
-482
-592
-576
-647
-599
-623
-581
-556
-543
-472
-496
-434
-512
-500
-567
-569
-591
-644
-643
-715
-699
-777
-779
-832
-848
-858
-892
-877
-911
-866
-878
-841
-866
-886
-887
-895
-836
-815
-730
-689
-583
-481
-358
-252
-191
-139
-121
-69
-58
-34
-66
-71
-65
-27
14
53
81
122
176
243
305
336
373
392
449
488
577
629
738
827
959
1096
1225
1376
1475
1612
1669
1756
1758
1806
1807
1839
1855
1871
1924
1975
2116
2178
2280
2253
2335
2336
2428
2429
2402
2349
2174
2105
1798
1577
919
330
-510
-1201
-1917
-2745
-3426
-4246
-4515
-4934
-4809
-4843
-4468
-4036
-3445
-2586
-1896
-859
-260
602
1045
1695
2114
2412
2587
2453
2472
2228
2139
1735
1357
870
401
-20
-593
-1152
-1811
-2407
-2982
-3595
-4089
-4634
-4938
-5189
-5222
-5101
-4883
-4391
-3956
-3197
-2582
-1725
-1051
-340
286
794
1355
1626
1989
2010
2170
2121
2148
2027
1818
1617
1294
1093
724
455
47
-253
-560
-772
-901
-1011
-1011
-980
-779
-481
-55
391
841
1309
1789
2293
2741
3111
3364
3561
3716
3831
3937
3991
4053
4040
4073
4084
4235
4386
4552
4643
4609
4639
4545
4496
3978
3247
2101
969
-176
-1454
-2746
-4266
-5335
-6310
-6715
-7114
-7162
-6954
-6453
-5537
-4683
-3413
-2335
-966
70
1095
1980
2763
3571
3879
4157
4000
4041
3809
3481
2864
2032
1316
425
-329
-1413
-2336
-3341
-4159
-4906
-5607
-6029
-6381
-6366
-6319
-5934
-5437
-4694
-3884
-3109
-2257
-1455
-586
21
509
753
982
1131
1141
1011
741
555
359
229
31
-106
-223
-287
-334
-382
-389
-439
-511
-658
-754
-784
-754
-745
-765
-700
-507
-202
93
338
584
881
1222
1479
1619
1635
1599
1529
1392
1233
1031
849
683
608
638
801
1046
1329
1680
2145
2752
3409
4036
4616
5198
5785
6327
6677
6888
6968
7017
6880
6455
5765
4895
3987
2817
1381
-420
-2127
-3631
-4933
-6195
-7440
-8238
-8606
-8431
-8174
-7632
-6821
-5631
-4275
-3043
-1711
-413
1038
2126
2974
3584
4272
4961
5309
5348
5054
4919
4699
4358
3604
2664
1723
775
-224
-1458
-2667
-3833
-4815
-5754
-6535
-7043
-7225
-7129
-6825
-6295
-5493
-4450
-3298
-2186
-1166
-129
817
1620
2051
2312
2405
2449
2312
1942
1514
1038
706
283
-67
-508
-827
-1077
-1321
-1525
-1807
-1954
-2192
-2334
-2532
-2620
-2616
-2552
-2402
-2248
-1901
-1518
-1018
-564
-117
332
749
1160
1415
1601
1676
1717
1698
1587
1505
1416
1404
1323
1328
1416
1581
1837
2087
2454
2816
3307
3766
4261
4722
5132
5509
5805
5996
5969
5782
5479
5032
4291
3083
1502
33
-1271
-2521
-4097
-5495
-6502
-6887
-7059
-7125
-6795
-6092
-4897
-3826
-2491
-1202
334
1621
2672
3513
4211
5015
5401
5582
5297
5164
4984
4774
4211
3381
2643
1928
1237
221
-789
-1795
-2676
-3583
-4519
-5294
-5890
-6238
-6501
-6579
-6381
-5895
-5131
-4336
-3493
-2591
-1482
-414
395
956
1396
1822
1953
1815
1425
1058
667
211
-363
-942
-1406
-1763
-2014
-2312
-2574
-2762
-2820
-2939
-3048
-3127
-3109
-3056
-3019
-2950
-2767
-2416
-2029
-1612
-1210
-727
-208
324
727
1015
1252
1450
1524
1467
1315
1209
1126
1004
884
904
1106
1292
1541
1848
2357
2919
3547
4063
4595
5111
5654
6090
6442
6657
6761
6899
6878
6822
6394
6081
5454
4929
3748
2243
588
-769
-1832
-3426
-4752
-6172
-6438
-6849
-6810
-6857
-6252
-5134
-4149
-2775
-1801
-66
1078
2474
3164
3951
4700
5249
5684
5353
5274
4884
4893
4321
3575
2640
1805
1123
21
-1048
-2289
-3230
-4252
-5291
-6183
-6937
-7235
-7538
-7520
-7372
-6782
-5835
-4839
-3725
-2809
-1494
-310
836
1433
1856
2216
2325
2221
1601
1075
395
-99
-791
-1444
-1990
-2382
-2496
-2682
-2776
-2894
-2768
-2702
-2686
-2667
-2666
-2512
-2497
-2408
-2357
-2067
-1714
-1367
-971
-633
-61
393
922
1167
1445
1614
1673
1624
1346
1223
985
849
592
563
692
905
1150
1449
1994
2605
3341
3988
4605
5220
5766
6259
6582
6807
6854
6775
6622
6342
6017
5549
4963
4371
3476
2086
486
-822
-1685
-2894
-4238
-5606
-6103
-6319
-6445
-6533
-6340
-5381
-4571
-3300
-2388
-858
356
1592
2552
3265
4217
4760
5463
5347
5347
5052
5118
4877
4208
3334
2409
1843
875
-149
-1461
-2544
-3610
-4639
-5624
-6531
-7086
-7443
-7517
-7492
-7151
-6390
-5448
-4363
-3425
-2340
-1087
76
979
1446
1907
2118
2170
1780
1189
573
-104
-685
-1518
-2139
-2786
-3052
-3312
-3531
-3601
-3716
-3537
-3577
-3437
-3463
-3214
-3075
-2933
-2752
-2535
-2035
-1669
-1151
-825
-232
229
789
1146
1417
1641
1733
1795
1556
1412
1105
987
729
605
591
725
993
1291
1726
2206
2875
3488
4184
4864
5561
6123
6611
7011
7387
7566
7626
7501
7336
7193
6847
6466
5706
5272
4349
3014
1217
-191
-965
-2240
-3604
-5326
-5779
-6144
-6220
-6550
-6508
-5567
-4784
-3417
-2627
-943
324
1794
2851
3720
4871
5649
6602
6536
6568
6254
6372
6075
5163
4000
2761
2017
773
-608
-2251
-3620
-4807
-6041
-7053
-8043
-8478
-8792
-8749
-8587
-8159
-7177
-6270
-5081
-4290
-3097
-1947
-755
53
436
980
1199
1533
1100
833
271
-10
-480
-1121
-1623
-2285
-2441
-2954
-3115
-3564
-3657
-3841
-3986
-4062
-4148
-3850
-3780
-3452
-3302
-2748
-2197
-1534
-1025
-567
46
537
1055
1231
1390
1386
1375
1250
1023
821
609
487
356
387
607
903
1252
1611
2156
2728
3391
3955
4579
5297
5962
6526
6915
7445
7897
8238
8219
8151
8027
7960
7653
7051
6253
5553
4726
3167
1202
-581
-1484
-2646
-4157
-5931
-6711
-6809
-6848
-7002
-7017
-6049
-4999
-3641
-2623
-1110
445
1983
3213
4072
5150
6082
7019
7085
6858
6487
6406
6100
5079
3670
2267
1292
69
-1513
-3262
-4739
-5880
-7012
-8034
-8881
-9229
-9266
-9119
-8783
-8233
-7185
-6074
-4900
-3984
-2916
-1714
-549
246
550
863
1093
1307
969
555
66
-211
-653
-1254
-1826
-2308
-2529
-2903
-3194
-3595
-3688
-3804
-3881
-4033
-4036
-3809
-3554
-3250
-2985
-2447
-1813
-1120
-643
-175
374
966
1381
1536
1584
1605
1607
1501
1316
1097
972
909
925
1002
1206
1504
1837
2259
2757
3343
3929
4493
5140
5823
6540
7078
7590
8112
8600
8936
8910
8886
8674
8567
8041
7293
6394
5486
4447
2499
566
-1206
-1961
-3219
-4802
-6315
-6872
-6551
-6706
-6574
-6480
-5166
-4140
-2899
-1879
-493
1114
2186
3274
3749
4872
5594
6315
6140
5762
5619
5555
5354
4161
2927
1740
966
-242
-1892
-3471
-4806
-5813
-7014
-8049
-8741
-9021
-8966
-8957
-8540
-7910
-6758
-5651
-4615
-3636
-2607
-1280
-331
381
532
850
995
981
618
140
-185
-602
-1029
-1645
-2045
-2422
-2660
-2989
-3283
-3529
-3639
-3721
-3864
-3992
-3967
-3770
-3557
-3320
-2991
-2427
-1864
-1310
-866
-294
284
787
1078
1229
1359
1402
1395
1295
1149
970
858
811
865
963
1166
1365
1642
2020
2518
3063
3574
4129
4795
5566
6245
6809
7376
7975
8472
8668
8787
8685
8538
8176
7530
6749
5756
4931
3307
1451
-672
-1758
-2591
-3887
-5409
-6615
-6374
-6341
-6007
-6167
-5179
-4117
-2976
-1905
-843
820
1704
2846
3220
4107
4770
5475
5651
5252
5044
4845
5054
4393
3343
2138
1389
677
-620
-2068
-3505
-4597
-5710
-6796
-7630
-8246
-8440
-8631
-8405
-8024
-7159
-6140
-5142
-4136
-3256
-1988
-979
-113
131
372
470
409
73
-462
-904
-1438
-1864
-2448
-2773
-3147
-3327
-3505
-3565
-3584
-3571
-3424
-3372
-3303
-3200
-2921
-2656
-2414
-2148
-1702
-1219
-787
-417
18
512
914
1181
1326
1432
1539
1515
1470
1359
1224
1166
1092
1135
1200
1440
1619
1805
2047
2547
3148
3654
4131
4672
5582
6356
7080
7587
8250
8929
9359
9614
9635
9559
9330
8869
8104
7179
6317
5256
3376
1224
-593
-1300
-2373
-3887
-5574
-6089
-5853
-5828
-5798
-5807
-4572
-3838
-2682
-1990
-595
605
1407
2240
2582
3626
4224
5016
4736
4543
4352
4577
4576
3590
2424
1329
812
-246
-1692
-3273
-4587
-5691
-6828
-7799
-8544
-8932
-9095
-9149
-8780
-8201
-7138
-6210
-5272
-4449
-3438
-2173
-1391
-849
-828
-476
-431
-501
-921
-1339
-1586
-1975
-2223
-2720
-2809
-3105
-3131
-3296
-3295
-3202
-3178
-3010
-3151
-2963
-2797
-2367
-2209
-1994
-1642
-1126
-567
-261
136
517
1046
1301
1464
1487
1609
1681
1578
1482
1337
1353
1359
1360
1421
1597
1887
2064
2225
2477
2956
3533
3960
4377
4918
5735
6432
7006
7512
8116
8790
9071
9262
9129
9064
8797
8191
7457
6463
5798
4287
2436
209
-994
-1716
-2994
-4492
-5983
-5830
-5931
-5624
-5945
-5277
-4323
-3499
-2501
-1780
-124
554
1591
1861
2696
3461
4214
4560
4184
4112
3988
4398
3837
2865
1681
1054
469
-711
-2179
-3539
-4589
-5641
-6714
-7511
-8089
-8355
-8635
-8537
-8105
-7415
-6533
-5906
-5092
-4417
-3287
-2515
-1951
-1822
-1603
-1312
-1299
-1458
-1870
-1956
-2188
-2270
-2555
-2672
-2790
-2848
-2828
-2777
-2646
-2578
-2453
-2420
-2345
-2154
-1842
-1541
-1396
-1197
-778
-264
179
379
700
1025
1374
1481
1515
1540
1560
1548
1435
1378
1277
1348
1367
1471
1587
1858
2194
2483
2718
3123
3685
4294
4843
5432
6190
6921
7625
8255
9007
9622
10116
10280
10336
10205
9959
9444
8708
7838
6804
5203
3062
1018
-358
-1342
-2994
-4717
-6038
-6075
-6235
-6390
-6522
-5755
-4742
-4007
-3023
-1995
-325
422
1344
1797
2810
3578
4160
4325
3995
4024
3976
4226
3350
2371
1313
845
54
-1319
-2811
-4089
-5135
-6366
-7422
-8246
-8740
-9213
-9432
-9317
-8772
-8130
-7311
-6630
-5823
-5010
-3973
-3102
-2621
-2339
-2133
-1689
-1629
-1683
-2013
-2083
-2177
-2177
-2262
-2446
-2503
-2608
-2385
-2398
-2305
-2341
-2175
-2116
-2127
-2039
-1825
-1393
-1294
-1054
-798
-143
366
722
968
1277
1729
1980
2179
2063
2075
2054
2073
1905
1698
1648
1690
1712
1606
1698
1989
2264
2409
2607
3074
3733
4369
4988
5606
6310
7045
7871
8548
9143
9498
9763
9754
9616
9233
8763
8091
7254
6030
4098
2140
290
-663
-2218
-3830
-5576
-6143
-6320
-6622
-6874
-6758
-5616
-5077
-4009
-3374
-1694
-660
259
858
1623
2678
3215
3779
3477
3657
3491
3909
3531
2795
1817
1241
830
-165
-1398
-2725
-3651
-4828
-5858
-6829
-7329
-7878
-8292
-8444
-8062
-7427
-6685
-5980
-5221
-4418
-3450
-2416
-1682
-1291
-1174
-870
-665
-647
-1002
-1324
-1617
-1762
-1877
-1996
-2161
-2374
-2393
-2260
-2109
-2090
-2033
-1900
-1808
-1806
-1732
-1471
-1137
-963
-859
-598
-53
470
838
969
1230
1558
1875
2026
1925
1821
1728
1704
1490
1334
1181
1247
1209
1133
1241
1591
2016
2227
2496
2990
3817
4568
5308
5972
6720
7502
8247
8898
9420
9824
10009
9909
9660
9287
8793
8079
7185
5887
3955
1951
211
-738
-2255
-3952
-5612
-6113
-6158
-6386
-6569
-6341
-5197
-4548
-3429
-2628
-936
107
977
1557
2335
3364
3853
4255
3832
3913
3697
4009
3469
2592
1433
693
105
-1049
-2419
-3904
-4911
-6166
-7214
-8234
-8678
-9099
-9380
-9415
-8890
-7983
-7001
-6124
-5279
-4297
-3151
-1992
-1327
-1026
-992
-697
-630
-839
-1441
-1894
-2231
-2531
-2818
-3094
-3168
-3387
-3368
-3329
-3050
-2956
-2815
-2683
-2544
-2394
-2240
-1901
-1674
-1338
-1155
-655
-159
401
857
1239
1638
1939
2265
2450
2584
2445
2353
2214
2074
1916
1726
1707
1671
1680
1699
1922
2219
2558
2914
3298
3910
4558
5387
6059
6746
7347
8073
8685
9172
9523
9706
9702
9384
9047
8460
7957
7089
6032
4071
2131
401
-446
-1674
-3440
-5021
-5809
-5625
-6021
-6092
-6179
-5036
-4481
-3523
-2775
-1358
-109
511
1200
1601
2805
3275
3906
3450
3479
3391
3720
3486
2533
1603
704
295
-934
-2183
-3676
-4655
-5875
-6999
-7958
-8498
-8722
-8984
-8941
-8565
-7627
-6581
-5600
-4749
-3802
-2639
-1509
-874
-679
-609
-304
-282
-663
-1375
-1862
-2133
-2454
-2845
-3257
-3294
-3429
-3397
-3426
-3155
-2936
-2774
-2682
-2604
-2287
-2037
-1695
-1620
-1280
-942
-334
141
576
1038
1522
2014
2245
2525
2666
2855
2672
2464
2231
2168
2044
1822
1651
1636
1824
1974
2172
2368
2831
3313
3811
4210
4847
5641
6412
6978
7393
8072
8723
9296
9364
9473
9427
9397
8952
8252
7629
6932
6090
4140
2176
323
-401
-1635
-3248
-4994
-5698
-5518
-5704
-5815
-5955
-4754
-3985
-2917
-2372
-983
277
1228
1725
1969
2906
3527
4177
3564
3332
3065
3440
3064
2047
858
-15
-519
-1779
-3170
-4722
-5671
-6844
-7944
-8963
-9432
-9493
-9539
-9434
-9041
-8009
-6789
-5699
-4839
-3962
-2774
-1667
-1013
-967
-969
-772
-763
-1150
-1971
-2471
-2827
-2992
-3470
-3756
-3860
-3799
-3779
-3819
-3509
-3229
-2823
-2878
-2686
-2460
-1874
-1556
-1332
-1103
-665
53
545
1079
1388
2029
2365
2736
2812
3040
3121
2998
2695
2348
2328
2182
2083
1761
1805
1933
2236
2365
2532
2905
3377
3883
4198
4757
5423
6207
6695
7079
7587
8256
8823
8957
8918
8879
8883
8563
7867
7165
6577
5804
4183
2123
432
-510
-1447
-3068
-4638
-5494
-5373
-5424
-5611
-5615
-4824
-3798
-3044
-2306
-1367
-7
829
1376
1543
2241
3014
3509
3288
2806
2775
2918
2901
1999
1020
179
-318
-1276
-2609
-3934
-5001
-5905
-7001
-7900
-8419
-8409
-8360
-8286
-7924
-7053
-5871
-4884
-4137
-3454
-2535
-1582
-1031
-914
-1020
-908
-902
-1130
-1728
-2192
-2370
-2473
-2673
-2964
-2942
-2895
-2817
-2970
-2858
-2629
-2349
-2355
-2419
-2201
-1778
-1296
-1125
-845
-463
281
878
1393
1758
2186
2571
2764
2868
2861
2905
2668
2326
1929
1834
1818
1734
1559
1488
1750
2122
2497
2745
3089
3549
4040
4538
4987
5602
6128
6601
6863
7282
7856
8331
8497
8298
8315
8223
8109
7388
6805
6127
5295
3692
1733
226
-879
-1856
-3534
-4765
-5543
-5382
-5539
-5546
-5324
-4436
-3413
-2729
-1883
-966
371
974
1412
1501
2202
2825
3134
2847
2416
2442
2452
2313
1410
591
-239
-903
-2013
-3335
-4562
-5687
-6775
-8049
-8872
-9252
-9190
-9202
-9114
-8551
-7513
-6230
-5310
-4439
-3650
-2637
-1856
-1400
-1247
-1256
-1165
-1370
-1604
-2142
-2351
-2607
-2693
-2935
-3022
-2912
-2871
-2840
-3066
-2863
-2735
-2441
-2599
-2566
-2403
-1944
-1506
-1243
-803
-337
464
1030
1738
2204
2760
3053
3268
3404
3504
3566
3330
3022
2684
2633
2627
2624
2476
2409
2525
2844
3158
3422
3625
3933
4266
4653
5033
5502
5957
6284
6532
6882
7466
7946
8124
8038
8039
8080
7907
7357
6784
6157
5283
3569
1764
198
-705
-1949
-3452
-4766
-5300
-5217
-5472
-5414
-5250
-4084
-3455
-2625
-2126
-908
123
667
903
946
1797
2132
2645
2132
2217
2067
2360
2072
1460
819
18
-547
-1849
-2830
-4184
-5044
-6422
-7562
-8434
-8669
-8582
-8706
-8503
-8062
-6867
-5778
-4745
-3987
-3209
-2328
-1700
-1211
-1221
-1163
-1269
-1325
-1605
-1993
-2121
-2256
-2195
-2520
-2419
-2405
-2119
-2327
-2473
-2511
-2361
-2206
-2457
-2454
-2503
-1986
-1745
-1201
-893
-214
374
1070
1712
2260
2801
2967
3172
3117
3307
3234
3149
2771
2547
2459
2574
2708
2739
2796
2908
3200
3496
3794
3984
4138
4294
4551
4914
5305
5589
5818
6063
6479
6931
7361
7558
7664
7659
7610
7341
6914
6402
5658
4372
2512
795
-392
-1291
-2657
-4104
-4999
-5015
-4984
-5093
-4971
-4165
-3198
-2613
-2113
-1296
-147
484
675
662
1158
1736
2189
2174
2020
1996
2118
2183
1715
994
80
-679
-1800
-3078
-4437
-5536
-6690
-7962
-8975
-9370
-9199
-9070
-8904
-8477
-7461
-6269
-5137
-4267
-3497
-2848
-2249
-1795
-1512
-1492
-1571
-1667
-1744
-1841
-1966
-2004
-2089
-2111
-2216
-2158
-2236
-2306
-2568
-2706
-2818
-2852
-2825
-2805
-2670
-2557
-2093
-1536
-760
-271
234
760
1564
2297
2712
2906
3017
3303
3373
3387
3227
3262
3158
3011
2844
2977
3284
3412
3354
3233
3527
3884
4219
4120
4128
4300
4825
5207
5366
5521
5848
6411
6697
7026
7192
7646
7685
7604
7170
6985
6740
6139
4838
2926
1366
166
-610
-2090
-3442
-4456
-4419
-4463
-4609
-4577
-3833
-2845
-2467
-2128
-1528
-257
334
422
216
708
1402
1887
1947
1895
2086
2220
2297
1911
1427
671
-148
-1314
-2612
-3821
-4863
-5926
-7221
-8234
-8675
-8520
-8384
-8257
-7889
-7016
-5991
-5087
-4309
-3559
-2927
-2525
-2255
-1958
-1686
-1601
-1655
-1733
-1626
-1531
-1438
-1550
-1590
-1656
-1598
-1734
-1942
-2230
-2419
-2563
-2781
-2855
-2799
-2500
-2380
-2133
-1745
-951
-289
170
498
1111
1853
2352
2541
2665
2996
3233
3248
3110
3165
3301
3278
3062
2977
3207
3465
3474
3305
3341
3703
4040
4099
3964
4115
4479
4912
4994
5103
5365
5852
6191
6352
6524
6853
7182
7173
6934
6647
6567
6206
5201
3471
1794
581
-305
-1564
-2958
-3939
-4104
-4110
-4255
-4259
-3574
-2650
-2187
-2040
-1603
-586
65
73
-246
25
618
1125
1203
1253
1430
1553
1454
1112
667
-21
-986
-2260
-3583
-4823
-5891
-6934
-8005
-8924
-9370
-9268
-8917
-8557
-8110
-7371
-6424
-5533
-4816
-4172
-3628
-3250
-3034
-2775
-2407
-2113
-2000
-2015
-1861
-1664
-1492
-1546
-1610
-1730
-1830
-2048
-2253
-2398
-2528
-2666
-2836
-2756
-2509
-2118
-1876
-1561
-1128
-449
150
644
1067
1630
2207
2645
2953
3296
3679
3858
3824
3754
3902
4052
3997
3753
3691
3890
4123
4113
4050
4201
4578
4818
4865
4861
5068
5253
5316
5251
5338
5615
5890
6031
6124
6385
6762
7097
7087
6885
6655
6506
6021
4834
3099
1449
247
-793
-2019
-3159
-3750
-3820
-3872
-3920
-3546
-2648
-1843
-1606
-1545
-1075
-268
135
-3
-205
72
591
984
1198
1420
1663
1676
1423
1026
561
-149
-1217
-2583
-3921
-5057
-5975
-6860
-7700
-8328
-8520
-8373
-8026
-7600
-7048
-6407
-5812
-5247
-4706
-4116
-3744
-3502
-3317
-2906
-2460
-2127
-1950
-1741
-1488
-1344
-1336
-1407
-1390
-1512
-1748
-2088
-2240
-2249
-2240
-2358
-2438
-2339
-2053
-1770
-1601
-1439
-1144
-717
-343
-25
347
894
1446
1863
2157
2543
2950
3196
3158
3080
3146
3294
3275
3147
3153
3380
3625
3742
3870
4172
4561
4742
4740
4713
4844
4948
4855
4609
4509
4704
5026
5266
5407
5648
5996
6245
6254
6119
6043
5768
4932
3399
1757
484
-345
-1222
-2200
-2910
-3127
-2993
-2878
-2606
-2089
-1425
-1109
-1087
-1051
-633
-138
82
42
107
543
1134
1696
2038
2248
2200
1950
1449
820
52
-938
-2156
-3533
-4718
-5640
-6245
-6802
-7235
-7572
-7610
-7468
-7196
-6881
-6534
-6177
-5946
-5659
-5334
-4826
-4420
-3980
-3594
-3056
-2571
-2126
-1857
-1669
-1543
-1514
-1524
-1637
-1713
-1882
-2001
-2154
-2150
-2141
-2065
-2075
-2107
-2155
-2111
-1989
-1834
-1646
-1393
-990
-503
75
670
1334
1945
2452
2768
2978
3126
3212
3223
3193
3198
3244
3339
3486
3715
4029
4365
4673
4906
5090
5188
5271
5277
5243
5091
4905
4752
4774
4987
5281
5568
5728
5890
5997
6144
6136
6031
5583
4815
3610
2292
1105
281
-307
-902
-1444
-1890
-2002
-1981
-1713
-1424
-1032
-887
-858
-910
-688
-276
175
514
740
1044
1390
1842
2168
2396
2248
1827
1104
380
-381
-1120
-1990
-2952
-3950
-4792
-5384
-5764
-6034
-6321
-6607
-6872
-7007
-7034
-6886
-6671
-6390
-6173
-5889
-5524
-4938
-4317
-3675
-3209
-2857
-2680
-2542
-2420
-2286
-2146
-2085
-2052
-2097
-2048
-1987
-1775
-1617
-1479
-1579
-1757
-1993
-2121
-2170
-2173
-2161
-2099
-1887
-1525
-944
-288
446
1085
1637
2022
2364
2645
2878
2984
2975
2947
3013
3204
3441
3682
3889
4097
4283
4467
4633
4811
4947
5013
4988
4924
4880
4901
4989
5113
5267
5388
5459
5424
5324
5190
5095
4940
4602
3964
3063
2044
1104
442
50
-115
-293
-555
-932
-1228
-1368
-1287
-1127
-993
-967
-1016
-960
-718
-185
446
1070
1520
1820
1969
2048
2041
1926
1625
1071
357
-452
-1151
-1767
-2243
-2727
-3202
-3752
-4331
-4884
-5365
-5730
-6058
-6321
-6619
-6812
-6945
-6839
-6584
-6102
-5572
-4995
-4520
-4140
-3855
-3636
-3407
-3248
-3082
-3017
-2896
-2812
-2600
-2389
-2068
-1830
-1630
-1586
-1624
-1724
-1841
-1965
-2150
-2306
-2464
-2462
-2374
-2074
-1713
-1243
-802
-330
125
610
1083
1499
1832
2084
2340
2637
3005
3401
3757
4034
4203
4324
4418
4554
4695
4861
5004
5151
5328
5510
5763
5980
6256
6408
6570
6516
6414
6093
5774
5365
4992
4547
3969
3249
2313
1446
650
302
148
367
452
530
275
12
-297
-421
-370
-219
37
168
384
500
845
1185
1766
2235
2714
2883
2848
2522
2028
1481
878
384
-180
-635
-1223
-1715
-2297
-2730
-3165
-3499
-3856
-4235
-4675
-5206
-5680
-6143
-6381
-6526
-6423
-6307
-6059
-5864
-5597
-5344
-5039
-4722
-4443
-4175
-4020
-3833
-3710
-3450
-3206
-2853
-2574
-2293
-2150
-2068
-2047
-2060
-2046
-2080
-2071
-2152
-2184
-2277
-2287
-2309
-2205
-2083
-1888
-1670
-1429
-1184
-958
-683
-410
-20
418
986
1560
2155
2650
3050
3317
3510
3634
3744
3859
4008
4179
4389
4615
4867
5143
5457
5773
6075
6311
6410
6376
6161
5870
5451
5026
4459
3877
3103
2351
1531
904
446
287
347
499
689
681
638
389
290
174
381
622
1073
1431
1785
2026
2211
2452
2658
2983
3127
3255
3034
2711
2097
1510
857
340
-87
-446
-751
-1157
-1546
-2096
-2562
-3088
-3443
-3790
-4010
-4263
-4543
-4852
-5191
-5430
-5629
-5608
-5541
-5349
-5218
-5076
-5042
-4987
-4874
-4677
-4325
-3915
-3424
-3051
-2738
-2639
-2627
-2726
-2779
-2794
-2742
-2626
-2538
-2480
-2520
-2520
-2539
-2437
-2282
-2020
-1794
-1606
-1525
-1546
-1601
-1632
-1518
-1271
-799
-234
414
1005
1522
1906
2171
2392
2578
2810
3050
3339
3598
3853
4087
4308
4554
4799
5089
5307
5521
5588
5600
5444
5230
4903
4479
3988
3379
2811
2170
1754
1353
1221
1097
1126
1062
978
840
658
594
558
821
1080
1608
2025
2552
2874
3203
3409
3571
3709
3757
3800
3630
3483
3082
2728
2228
1866
1445
1132
799
430
19
-495
-979
-1557
-1978
-2391
-2639
-2899
-3030
-3231
-3418
-3639
-3835
-4031
-4197
-4273
-4374
-4416
-4480
-4465
-4482
-4364
-4218
-3970
-3727
-3452
-3273
-3159
-3134
-3198
-3293
-3410
-3450
-3510
-3477
-3463
-3374
-3332
-3194
-3055
-2862
-2640
-2430
-2247
-2165
-2110
-2156
-2148
-2127
-1937
-1659
-1220
-744
-266
140
430
640
769
955
1146
1470
1807
2191
2503
2771
2959
3108
3272
3457
3697
3902
4090
4131
4054
3790
3419
2956
2514
2121
1821
1634
1518
1478
1422
1369
1243
1119
954
825
736
729
813
975
1237
1538
1904
2249
2614
2916
3187
3372
3489
3527
3479
3379
3200
3007
2771
2565
2316
2108
1854
1585
1253
892
491
73
-271
-587
-785
-941
-993
-1086
-1162
-1311
-1491
-1728
-1961
-2146
-2307
-2371
-2401
-2368
-2380
-2352
-2377
-2381
-2388
-2362
-2335
-2309
-2289
-2363
-2489
-2714
-2966
-3260
-3481
-3648
-3708
-3681
-3572
-3431
-3294
-3157
-3066
-2982
-2915
-2814
-2706
-2564
-2412
-2249
-2102
-1955
-1811
-1660
-1472
-1259
-1014
-764
-506
-287
-100
63
215
387
590
823
1078
1335
1560
1734
1838
1880
1861
1788
1688
1553
1411
1266
1137
1039
985
987
1038
1128
1233
1340
1431
1525
1633
1799
2033
2349
2734
3142
3538
3869
4116
4253
4294
4260
4173
4056
3922
3774
3628
3478
3312
3147
2968
2774
2560
2325
2070
1798
1524
1261
1032
835
691
592
542
527
530
543
542
497
421
298
141
-13
-163
-283
-381
-478
-588
-727
-915
-1132
-1371
-1595
-1772
-1924
-2056
-2198
-2377
-2612
-2893
-3197
-3477
-3700
-3838
-3895
-3898
-3882
-3889
-3915
-3962
-3992
-3977
-3892
-3732
-3524
-3301
-3106
-2964
-2876
-2829
-2784
-2713
-2592
-2413
-2208
-1989
-1772
-1563
-1366
-1162
-940
-708
-478
-290
-174
-151
-228
-381
-574
-753
-877
-925
-887
-782
-648
-500
-355
-226
-88
57
214
396
600
819
1063
1333
1638
1996
2397
2815
3222
3573
3850
4045
4168
4247
4303
4348
4378
4381
4319
4168
3923
3592
3211
2821
2459
2143
1880
1677
1536
1441
1386
1364
1363
1392
1446
1499
1558
1614
1668
1747
1853
1981
2120
2267
2385
2442
2411
2282
2067
1793
1489
1185
898
629
377
131
-120
-392
-681
-974
-1264
-1540
-1790
-2011
-2195
-2342
-2447
-2508
-2538
-2546
-2544
-2544
-2559
-2603
-2664
-2741
-2821
-2895
-2961
-3019
-3063
-3105
-3148
-3203
-3258
-3308
-3367
-3436
-3515
-3605
-3688
-3734
-3728
-3657
-3517
-3330
-3118
-2918
-2769
-2665
-2595
-2530
-2448
-2331
-2166
-1954
-1705
-1434
-1154
-896
-648
-420
-214
-16
191
407
624
838
1038
1202
1330
1421
1478
1523
1576
1652
1756
1902
2077
2279
2518
2778
3042
3299
3530
3741
3937
4105
4241
4346
4408
4446
4449
4403
4313
4183
4029
3863
3696
3537
3399
3311
3269
3256
3264
3274
3280
3267
3231
3175
3096
2997
2898
2793
2677
2562
2429
2265
2067
1824
1528
1175
777
346
-122
-599
-1070
-1521
-1920
-2269
-2565
-2813
-3020
-3196
-3343
-3454
-3524
-3572
-3608
-3637
-3679
-3754
-3860
-3977
-4096
-4189
-4242
-4270
-4274
-4269
-4261
-4264
-4278
-4287
-4289
-4266
-4211
-4115
-3977
-3803
-3602
-3405
-3227
-3075
-2957
-2861
-2759
-2650
-2526
-2380
-2208
-2025
-1851
-1684
-1528
-1380
-1232
-1078
-914
-730
-522
-283
-13
289
609
930
1249
1588
1930
2265
2576
2846
3056
3205
3293
3318
3304
3288
3306
3379
3505
3664
3839
4017
4176
4291
4349
4356
4322
4278
4234
4175
4105
4013
3900
3754
3578
3403
3228
3070
2951
2862
2785
2702
2603
2470
2307
2144
1976
1823
1716
1630
1551
1460
1320
1121
869
566
224
-130
-482
-826
-1163
-1497
-1840
-2183
-2505
-2805
-3057
-3252
-3375
-3433
-3433
-3386
-3331
-3276
-3230
-3206
-3209
-3238
-3274
-3305
-3313
-3312
-3295
-3263
-3236
-3215
-3207
-3211
-3210
-3192
-3151
-3075
-2962
-2825
-2679
-2539
-2421
-2323
-2252
-2192
-2129
-2058
-1971
-1834
-1668
-1507
-1329
-1144
-966
-784
-592
-398
-205
-6
192
383
569
728
866
1006
1158
1315
1490
1705
1942
2182
2423
2625
2757
2827
2833
2771
2671
2583
2522
2510
2577
2694
2835
2992
3119
3186
3194
3157
3068
2964
2872
2783
2713
2671
2623
2552
2462
2327
2153
1974
1793
1626
1487
1387
1318
1275
1271
1288
1315
1357
1395
1413
1398
1336
1232
1083
885
652
406
180
-27
-202
-360
-509
-660
-841
-1072
-1330
-1607
-1889
-2135
-2317
-2438
-2491
-2466
-2398
-2321
-2253
-2208
-2202
-2208
-2214
-2192
-2116
-2004
-1874
-1750
-1656
-1638
-1713
-1835
-1993
-2159
-2269
-2296
-2243
-2137
-2011
-1910
-1876
-1928
-2055
-2228
-2403
-2537
-2577
-2527
-2413
-2262
-2099
-1948
-1845
-1751
-1649
-1534
-1365
-1154
-901
-636
-381
-168
-17
77
121
157
218
318
475
685
917
1144
1338
1474
1542
1544
1510
1453
1411
1422
1493
1624
1807
2007
2194
2346
2443
2489
2500
2495
2486
2478
2486
2496
2499
2487
2446
2388
2309
2221
2146
2089
2038
2006
1994
1975
1946
1912
1858
1796
1753
1715
1655
1608
1546
1456
1350
1230
1109
992
885
789
693
620
533
416
302
155
-20
-204
-382
-559
-703
-804
-887
-946
-976
-997
-1013
-1032
-1070
-1140
-1230
-1329
-1448
-1547
-1639
-1719
-1783
-1850
-1944
-2064
-2218
-2397
-2575
-2730
-2846
-2915
-2936
-2924
-2908
-2903
-2918
-2948
-2987
-3022
-3018
-2955
-2830
-2659
-2449
-2213
-1992
-1792
-1614
-1457
-1323
-1206
-1092
-979
-866
-760
-645
-525
-410
-274
-124
12
142
265
371
458
537
615
704
826
963
1112
1275
1442
1592
1746
1914
2067
2211
2364
2511
2641
2751
2838
2894
2920
2919
2906
2896
2899
2911
2931
2960
2958
2914
2837
2736
2613
2495
2392
2298
2214
2124
2031
1939
1856
1786
1738
1705
1661
1576
1455
1291
1082
864
657
490
368
286
217
146
52
-82
-240
-413
-587
-768
-942
-1104
-1273
-1438
-1588
-1713
-1808
-1880
-1932
-1979
-2049
-2146
-2257
-2382
-2512
-2629
-2720
-2782
-2813
-2835
-2845
-2852
-2859
-2866
-2868
-2864
-2844
-2803
-2742
-2665
-2578
-2481
-2382
-2291
-2199
-2095
-1982
-1846
-1692
-1534
-1378
-1241
-1118
-1009
-912
-816
-709
-601
-482
-349
-207
-54
88
217
327
414
469
519
578
660
766
895
1036
1181
1307
1417
1521
1605
1683
1760
1822
1877
1920
1960
2000
2042
2101
2181
2268
2351
2431
2498
2531
2526
2493
2436
2364
2291
2240
2203
2188
2183
2177
2158
2107
2033
1928
1802
1666
1532
1409
1297
1178
1051
926
795
646
494
360
243
140
53
-16
-97
-199
-323
-467
-615
-774
-914
-1025
-1118
-1183
-1234
-1282
-1340
-1400
-1460
-1523
-1586
-1651
-1701
-1747
-1789
-1821
-1834
-1827
-1827
-1824
-1813
-1813
-1815
-1830
-1844
-1846
-1841
-1817
-1782
-1727
-1645
-1559
-1477
-1407
-1353
-1321
-1312
-1321
-1325
-1313
-1282
-1223
-1138
-1021
-904
-784
-663
-564
-487
-420
-365
-327
-283
-225
-159
-71
54
191
320
449
570
662
732
781
825
870
924
984
1060
1149
1242
1319
1386
1448
1502
1542
1588
1633
1660
1680
1693
1712
1726
1741
1768
1784
1790
1790
1781
1760
1722
1674
1620
1571
1527
1468
1419
1375
1319
1253
1190
1127
1052
974
889
797
716
646
581
519
463
417
369
316
257
192
111
17
-87
-187
-283
-377
-465
-540
-602
-663
-734
-811
-879
-949
-1025
-1112
-1191
-1263
-1331
-1391
-1443
-1484
-1517
-1549
-1587
-1635
-1684
-1740
-1793
-1831
-1864
-1876
-1864
-1849
-1818
-1780
-1737
-1703
-1677
-1647
-1621
-1597
-1576
-1540
-1485
-1418
-1343
-1250
-1141
-1033
-935
-829
-736
-662
-591
-519
-453
-385
-299
-211
-126
-36
73
177
268
356
439
515
590
656
717
783
853
923
1007
1096
1169
1233
1309
1379
1420
1462
1512
1544
1568
1594
1609
1619
1630
1643
1638
1627
1619
1604
1584
1554
1519
1480
1442
1397
1349
1306
1273
1225
1168
1124
1077
1018
960
904
842
773
715
654
593
535
473
414
354
287
215
140
61
-27
-115
-194
-273
-350
-423
-495
-559
-627
-691
-759
-817
-877
-940
-997
-1059
-1116
-1168
-1208
-1255
-1302
-1336
-1374
-1407
-1432
-1463
-1485
-1488
-1490
-1488
-1472
-1445
-1422
-1396
-1359
-1322
-1297
-1259
-1213
-1168
-1120
-1066
-1015
-948
-874
-801
-729
-654
-583
-518
-455
-394
-334
-270
-207
-149
-82
-6
63
121
189
255
315
372
432
489
540
595
650
699
751
798
848
899
943
974
1009
1053
1080
1096
1116
1136
1145
1147
1144
1137
1135
1127
1105
1075
1057
1041
1016
983
948
916
881
846
800
762
728
689
644
602
565
519
478
434
393
350
310
271
222
179
143
99
50
2
-47
-88
-132
-185
-232
-277
-317
-351
-395
-435
-472
-505
-542
-577
-599
-625
-655
-683
-710
-736
-753
-771
-789
-804
-810
-817
-825
-825
-825
-819
-811
-807
-797
-782
-770
-754
-745
-721
-695
-673
-651
-620
-597
-573
-541
-518
-486
-455
-429
-395
-361
-327
-297
-260
-224
-191
-152
-112
-83
-47
-8
23
60
98
128
161
193
229
260
286
310
332
361
386
411
438
456
478
495
516
528
542
555
561
570
578
581
580
581
578
576
578
571
560
552
538
529
513
496
480
464
447
417
396
375
353
327
297
278
251
230
204
173
149
125
102
81
60
33
14
-5
-31
-57
-82
-103
-120
-137
-157
-174
-191
-210
-224
-242
-260
-274
-288
-301
-315
-330
-336
-345
-356
-362
-368
-372
-374
-374
-376
-374
-372
-365
-361
-359
-352
-346
-342
-329
-320
-311
-302
-290
-279
-276
-268
-260
-247
-235
-225
-220
-207
-193
-176
-160
-147
-134
-118
-97
-80
-64
-49
-25
-5
13
35
55
74
92
108
128
152
166
182
195
214
225
235
246
260
271
280
289
289
296
297
299
303
301
305
308
302
302
301
294
291
280
274
266
260
258
251
245
235
226
216
210
201
190
186
177
168
160
147
134
128
120
109
101
88
80
72
56
42
28
16
0
-15
-26
-42
-58
-74
-87
-100
-112
-127
-140
-150
-162
-177
-188
-196
-208
-219
-231
-240
-252
-257
-268
-277
-282
-288
-289
-295
-296
-297
-296
-300
-302
-297
-294
-294
-292
-287
-287
-284
-277
-270
-261
-251
-240
-235
-229
-214
-202
-190
-182
-172
-162
-142
-126
-110
-97
-84
-63
-50
-35
-24
-6
10
23
41
50
65
84
98
106
119
141
152
162
173
186
196
203
219
228
232
240
244
252
256
261
265
265
271
276
274
274
270
270
268
264
258
259
253
242
237
234
229
216
204
192
188
179
168
156
146
134
119
115
99
86
74
56
45
29
21
9
-7
-18
-33
-48
-64
-72
-87
-103
-117
-131
-144
-158
-168
-181
-191
-198
-213
-221
-228
-233
-236
-247
-253
-254
-253
-258
-263
-264
-261
-258
-259
-250
-243
-237
-229
-222
-216
-204
-192
-182
-173
-165
-153
-143
-132
-121
-108
-95
-87
-74
-60
-48
-35
-21
-14
-8
6
17
27
36
48
59
68
74
77
85
95
101
102
107
121
131
136
139
147
157
160
166
170
173
177
182
180
185
187
181
181
178
181
178
177
177
171
169
165
163
161
153
150
148
145
140
130
128
123
113
108
101
97
85
74
67
56
45
38
25
14
11
5
-2
-12
-17
-29
-37
-42
-51
-59
-70
-77
-88
-97
-104
-114
-117
-124
-133
-136
-141
-149
-153
-160
-164
-173
-174
-180
-181
-188
-189
-186
-192
-190
-194
-189
-187
-184
-181
-183
-173
-171
-169
-162
-155
-144
-134
-129
-123
-113
-98
-88
-82
-76
-70
-59
-53
-47
-37
-27
-16
-5
6
20
30
35
45
53
60
70
74
82
92
93
99
105
110
108
110
120
132
136
144
148
151
158
161
164
162
165
172
166
163
169
169
161
157
150
146
141
135
131
128
122
114
109
104
98
87
80
78
73
69
61
57
56
46
37
29
22
11
1
-7
-16
-26
-33
-40
-52
-54
-58
-60
-60
-70
-75
-79
-86
-92
-93
-96
-107
-110
-117
-119
-120
-125
-123
-125
-129
-130
-128
-127
-130
-131
-128
-130
-126
-123
-122
-115
-114
-110
-114
-114
-102
-101
-99
-95
-86
-82
-78
-73
-63
-60
-52
-42
-37
-27
-22
-13
-6
5
13
19
23
25
35
38
40
48
53
61
68
76
84
86
87
88
90
89
85
83
86
92
93
88
88
94
98
99
98
102
104
97
90
84
86
85
80
75
70
71
69
66
64
66
60
48
43
38
35
33
25
21
19
14
13
8
2
2
2
-1
-2
4
7
3
0
-1
-7
-12
-28
-39
-46
-50
-55
-64
-65
-61
-61
-61
-63
-65
-58
-60
-62
-61
-60
-59
-62
-65
-64
-63
-64
-70
-75
-74
-72
-70
-70
-67
-68
-69
-73
-78
-74
-69
-64
-60
-53
-49
-45
-43
-40
-34
-32
-36
-34
-33
-28
-19
-12
-1
1
4
7
6
12
17
26
29
36
45
53
57
52
53
58
55
47
50
53
55
54
58
63
68
68
61
65
68
62
52
50
51
54
52
49
50
54
57
55
52
54
55
46
41
39
37
35
31
27
31
30
20
19
16
19
15
8
11
14
17
14
16
18
14
10
7
-1
-10
-23
-34
-38
-38
-41
-48
-50
-45
-46
-50
-53
-50
-43
-44
-47
-49
-49
-44
-44
-45
-43
-51
-53
-57
-63
-58
-60
-59
-54
-51
-55
-59
-59
-59
-56
-54
-50
-44
-39
-36
-28
-21
-24
-24
-23
-22
-18
-19
-16
-7
-1
2
3
1
5
10
9
9
19
29
36
40
44
49
50
49
51
47
43
38
41
42
44
46
42
40
44
46
38
31
34
37
36
36
42
44
48
50
47
44
47
39
30
26
24
23
19
20
25
23
18
15
14
16
10
3
2
4
0
-2
2
8
11
5
6
3
-1
-4
-7
-11
-17
-23
-31
-36
-34
-35
-33
-34
-28
-22
-23
-17
-15
-14
-14
-25
-32
-28
-29
-28
-31
-30
-27
-29
-27
-26
-23
-22
-22
-20
-23
-26
-24
-25
-22
-22
-26
-22
-21
-15
-15
-17
-15
-15
-7
-6
-10
-6
-6
-1
-1
-7
-10
-13
-9
-5
-8
-5
3
8
14
16
18
24
23
19
16
8
8
5
11
8
8
10
11
13
15
12
12
14
16
16
17
19
21
25
28
30
26
23
21
17
13
5
1
1
1
4
4
