-1
0
1
1
0
1
0
0
1
0
0
-2
0
1
1
0
0
-1
0
0
0
0
1
0
0
0
0
0
1
2
2
3
2
0
0
0
-1
-1
-1
0
0
1
0
1
2
0
0
0
0
1
-1
0
0
0
-2
0
2
1
0
-2
-3
-2
-2
-1
2
2
1
-1
-2
-2
0
2
3
1
1
3
2
1
-1
-1
0
-1
-1
0
1
0
1
0
-1
1
0
-1
-1
-1
1
1
0
-1
1
3
1
0
-1
0
1
0
-1
1
2
0
-1
0
0
-1
-1
0
1
2
0
0
-1
-1
0
1
2
1
-2
0
-1
1
0
0
-1
1
-1
-1
0
1
2
2
2
-1
-1
-1
0
1
2
3
-1
-3
-2
0
1
2
2
2
0
-2
-3
-1
2
3
2
0
-2
-1
0
0
0
2
1
0
-2
-3
-2
2
4
3
2
-1
-3
-1
-1
1
2
2
0
-2
-2
-1
1
1
1
-1
-2
-3
-2
2
3
1
0
-2
-3
-2
1
2
2
3
1
-1
-4
-3
0
2
3
2
0
0
-2
-2
-3
-1
1
1
-1
-1
0
1
0
-2
-1
0
2
-2
-1
0
1
1
1
-1
-1
-1
0
1
0
0
1
0
-1
-2
3
4
1
-4
-4
-2
0
1
2
3
2
-3
-5
-3
1
4
5
2
-3
-6
-3
0
2
3
3
3
1
-2
-2
-2
0
1
1
0
0
0
2
-1
-2
0
2
2
1
-2
-3
-2
1
3
4
1
-2
-3
-2
-3
-1
2
4
2
-2
-3
-1
0
1
1
-1
-3
-2
-1
2
5
6
3
-3
-8
-7
0
6
6
2
0
0
-1
0
0
1
1
1
-3
-4
0
7
9
2
-8
-11
-4
5
12
11
2
-3
-9
-15
-8
9
19
16
1
-16
-15
0
4
1
4
5
5
-1
-8
-11
-3
5
7
3
1
1
0
-5
-7
-6
2
10
11
3
-6
-7
-12
-10
3
14
16
10
-2
-13
-18
-18
-6
4
5
7
11
19
22
-1
-24
-24
-20
-17
-2
16
27
28
17
-8
-29
-27
-15
-2
16
23
23
20
4
-31
-61
-55
-11
33
69
92
71
19
-46
-134
-177
-92
29
106
170
180
94
-14
-107
-205
-220
-116
8
126
235
224
114
22
-103
-259
-270
-126
23
152
234
197
98
-15
-155
-228
-149
-25
70
154
166
71
-38
-108
-134
-97
-4
99
151
120
26
-89
-162
-141
-63
33
147
192
116
6
-93
-190
-198
-83
56
170
240
178
17
-122
-225
-259
-143
41
179
275
276
125
-75
-224
-309
-277
-100
104
250
325
263
73
-111
-241
-305
-226
-47
118
233
254
156
4
-134
-205
-186
-92
45
153
166
103
18
-96
-169
-125
-56
-6
106
158
82
52
18
-123
-141
-54
-77
-33
111
78
24
108
52
-73
-13
-18
-140
-49
67
-9
35
134
-8
-73
23
-53
-98
67
95
24
103
78
-113
-150
-107
-146
-40
189
226
183
199
27
-232
-257
-230
-225
14
271
284
267
205
-77
-286
-249
-229
-135
151
260
172
150
24
-209
-205
-71
-29
114
251
109
-52
-95
-206
-223
-5
160
198
265
182
-97
-252
-268
-261
-79
209
310
272
207
-6
-263
-325
-243
-128
89
312
313
161
29
-165
-324
-239
-75
22
191
303
167
13
-79
-229
-273
-106
47
140
247
220
38
-82
-156
-232
-159
-13
95
182
182
115
-9
-137
-176
-167
-121
-32
87
135
85
67
-15
-135
-100
-80
-118
-58
-3
1
65
146
106
18
-19
-108
-161
-82
-40
18
132
164
171
123
-15
-136
-189
-162
-60
125
232
163
129
39
-165
-172
-105
-138
-24
199
181
102
199
8
-307
-141
-112
-280
88
317
103
242
334
-151
-319
-143
-413
-295
341
346
281
509
114
-415
-372
-389
-419
80
507
477
451
264
-288
-588
-482
-334
-18
436
612
437
166
-128
-526
-621
-255
9
323
682
460
69
-174
-483
-565
-199
214
344
515
475
-81
-314
-381
-548
-179
259
416
480
320
-33
-446
-502
-340
-205
223
418
311
187
-134
-307
-358
-260
36
127
188
167
4
-99
-181
-98
-68
-18
190
95
4
27
-127
-155
-17
65
44
76
80
-84
-73
8
-35
32
79
11
-52
-49
-46
-46
58
100
60
56
8
-56
-86
-42
14
38
111
80
7
-3
-26
10
52
63
60
-10
-12
6
-25
44
130
134
115
104
19
-102
-47
-12
-32
118
148
92
164
97
-19
-42
-57
-66
-19
81
96
120
166
119
121
70
-19
-26
-103
-95
8
70
221
309
218
66
-99
-265
-379
-238
-29
104
356
385
146
-50
-323
-529
-439
-137
142
339
500
296
-80
-271
-465
-443
-87
233
408
443
294
-45
-322
-360
-323
-121
197
370
386
213
-37
-291
-453
-341
-125
86
303
362
186
-64
-252
-402
-403
-176
46
187
299
258
33
-162
-282
-362
-276
-53
127
220
253
140
-93
-259
-356
-379
-230
-11
141
205
156
-16
-199
-321
-344
-242
-77
113
223
200
81
-77
-211
-251
-151
-18
96
193
180
60
-46
-125
-148
-55
73
167
164
112
-1
-125
-132
-88
-18
63
127
98
-10
-82
-184
-223
-159
-81
-13
35
69
-3
-61
-87
-133
-109
-57
8
25
69
69
32
49
22
3
-18
-10
-3
10
75
88
106
99
42
-38
-102
-123
-123
-31
57
95
83
7
-129
-262
-298
-290
-200
-61
31
49
-19
-149
-326
-422
-414
-327
-158
8
103
79
-7
-153
-291
-325
-266
-125
25
164
203
147
56
-86
-184
-222
-183
-101
8
126
153
126
35
-99
-223
-285
-249
-154
13
162
234
213
107
-27
-160
-171
-71
121
359
542
613
544
399
231
136
190
375
634
863
983
933
758
535
378
363
497
748
981
1134
1125
972
749
574
549
642
873
1109
1260
1274
1146
955
712
596
574
658
827
932
964
795
558
249
-41
-147
-195
-100
-37
-13
-122
-378
-617
-935
-1114
-1199
-1170
-1045
-978
-914
-1047
-1202
-1403
-1599
-1641
-1620
-1432
-1283
-1130
-1088
-1179
-1287
-1477
-1551
-1577
-1483
-1322
-1174
-1031
-1073
-1175
-1384
-1563
-1606
-1556
-1377
-1244
-1121
-1121
-1202
-1285
-1394
-1376
-1298
-1114
-908
-744
-592
-589
-570
-570
-499
-331
-120
137
305
461
563
640
795
923
1082
1200
1346
1509
1632
1788
1822
1895
1942
2035
2093
2086
2078
2033
2081
2154
2239
2281
2224
2117
1966
1904
1912
1970
2073
2111
2175
2152
2118
1973
1795
1681
1663
1816
1980
2123
2090
1946
1730
1557
1484
1518
1639
1758
1840
1759
1612
1380
1207
1066
931
824
693
681
682
628
301
-379
-1242
-2079
-2601
-2820
-2796
-2759
-2892
-3278
-3957
-4710
-5448
-5894
-6123
-6039
-5768
-5380
-4970
-4827
-4838
-5100
-5214
-5109
-4684
-3968
-3268
-2545
-2100
-1776
-1608
-1560
-1484
-1499
-1311
-1018
-552
-154
-101
-283
-732
-994
-1140
-1137
-1087
-1142
-1107
-1167
-1160
-1239
-1339
-1365
-1373
-1175
-925
-555
-164
179
520
696
850
966
1176
1630
2188
2897
3397
3744
3858
3828
3835
3853
4118
4447
4861
5141
5179
5071
4803
4572
4288
4038
3859
3831
3986
4088
4070
3768
3344
2872
2433
2156
1996
2216
2507
2871
3013
2911
2780
2379
2176
1909
2086
2466
2893
3264
3279
3241
2884
2294
1767
1401
1713
1886
1594
557
-857
-1517
-1927
-1692
-1932
-2198
-2678
-3523
-4493
-5782
-6378
-6370
-5930
-5413
-5372
-5116
-5067
-4967
-5226
-5676
-5517
-4953
-3609
-2623
-1867
-1628
-1592
-1574
-1688
-1701
-1602
-1268
-728
-391
-221
-523
-1002
-1610
-2173
-2390
-2461
-2276
-2286
-2461
-2879
-3299
-3545
-3678
-3634
-3532
-3380
-3006
-2642
-2230
-2042
-1959
-1923
-1762
-1267
-659
132
814
1353
1718
1837
1861
1823
1935
2253
2658
3117
3358
3454
3392
3239
3028
2667
2366
2115
2110
2352
2467
2434
2198
1863
1637
1518
1399
1217
1184
1222
1382
1759
2038
2332
2538
2457
2251
2022
2103
2541
3246
3970
4412
4659
4581
4346
4073
3875
4096
4430
4821
4938
4681
4374
3908
3500
3024
2614
2499
2369
2136
1120
-197
-1410
-2110
-1857
-1660
-1478
-1993
-2852
-4011
-5336
-6044
-6409
-5721
-4862
-4076
-3715
-3947
-3991
-4403
-4417
-4394
-3991
-3038
-1919
-625
-161
182
-54
-319
-325
-462
-321
-451
-273
-252
-188
-190
-610
-1090
-2004
-2608
-3317
-3768
-3871
-3992
-3719
-3572
-3445
-3646
-3991
-4321
-4515
-4268
-3941
-3320
-2704
-2199
-1696
-1502
-1430
-1351
-1202
-767
-356
90
542
600
679
854
836
848
1224
1305
1202
1463
1279
953
1190
1199
1114
1416
1440
1409
1376
1523
1254
872
947
690
1017
1286
1633
1526
1424
1744
1106
1277
1126
1195
1821
2326
2761
2462
2694
2346
2551
2963
2987
3474
3505
3728
3515
3477
3468
3540
3917
3822
3783
3450
3327
3287
3298
3420
3332
3303
3132
2910
2599
2330
2165
2107
2166
2240
2208
2062
1704
1038
271
-452
-806
-793
-310
138
141
-255
-1301
-2476
-3362
-3636
-3310
-2538
-1738
-1500
-1586
-2142
-2897
-3426
-3696
-3504
-2991
-2265
-1737
-1578
-1801
-2303
-2739
-3105
-3223
-3251
-3184
-3006
-2864
-2751
-2789
-2976
-3365
-3722
-4033
-4181
-4075
-3872
-3591
-3397
-3180
-3086
-3023
-2984
-3124
-3188
-3101
-2827
-2339
-1677
-1250
-1048
-960
-1142
-1271
-1044
-700
-286
239
407
481
551
548
639
823
1144
1406
1753
1840
1763
1757
1702
1932
2198
2462
2628
2667
2636
2505
2498
2504
2638
2809
2894
2900
2864
2868
2850
2866
2894
2984
3045
3068
3107
3046
2949
2941
2976
3089
3163
3137
3057
2930
2835
2660
2639
2567
2491
2428
2226
2122
1879
1732
1622
1523
1421
1261
1207
1070
1036
911
751
560
241
64
-13
152
351
375
120
-483
-1152
-1740
-1934
-1818
-1678
-1536
-1745
-2172
-2737
-3296
-3692
-3928
-3879
-3891
-3781
-3714
-3783
-3889
-4063
-4173
-4315
-4276
-4205
-4055
-3785
-3544
-3322
-3211
-3176
-3336
-3458
-3374
-3278
-3028
-2653
-2406
-2432
-2378
-2558
-2697
-2564
-2588
-2310
-2108
-1725
-1585
-1433
-1314
-1592
-1563
-1544
-1078
-710
-270
296
130
166
264
-72
446
825
927
1413
1692
1776
1580
2104
1691
1752
2325
1811
2615
2699
2746
2871
2875
3042
2602
3254
2785
3073
3324
3162
3681
3282
3519
3043
3320
3253
3102
3271
3077
3362
3003
3212
3028
2827
2639
2339
2360
2441
2592
2517
2423
2186
1751
1591
1567
1421
1428
1398
1552
1450
1443
1245
1091
955
735
847
883
1194
1149
1288
1285
1111
919
564
393
129
271
544
816
702
15
-979
-2018
-2569
-2572
-2192
-1814
-1849
-2433
-3325
-4230
-4963
-5277
-5144
-4884
-4541
-4316
-4298
-4410
-4558
-4646
-4647
-4495
-4219
-3785
-3195
-2616
-2087
-1730
-1695
-1770
-1975
-2049
-1847
-1302
-645
-100
-14
-427
-990
-1444
-1637
-1581
-1117
-796
-519
-454
-590
-865
-1234
-1484
-1656
-1469
-990
-379
237
653
210
-147
-422
-648
-81
496
1353
1828
2027
1778
1463
1557
1113
1682
2292
2832
3515
3508
3261
2976
2624
2512
2827
2900
3370
3425
3817
3566
2866
2752
2082
2435
2297
2347
2535
2180
2369
1993
2279
1985
1594
1558
1031
1288
1370
1601
1931
1855
1574
1273
1246
1062
1274
1452
1354
1560
1358
1494
1529
1492
1353
1174
1336
1157
1377
1271
874
548
193
298
639
710
149
-908
-2172
-3017
-3170
-2646
-2107
-1871
-2444
-3627
-5021
-6215
-6591
-6218
-5476
-4963
-4843
-5233
-5542
-5799
-5763
-5564
-5246
-4740
-4031
-3150
-2290
-1779
-1678
-1705
-1693
-1453
-905
-271
310
676
683
380
-161
-699
-1027
-885
-446
-53
-123
-638
-1453
-2203
-2434
-2323
-1981
-1666
-1496
-1464
-1352
-1331
-1441
-1400
-1294
-1049
-416
274
948
1598
1800
1725
1587
1541
1868
2782
3566
4274
4593
4254
3994
3482
3428
3578
3918
4311
4389
4195
3812
3268
2815
2562
2300
2322
2331
2282
2166
2103
1709
1369
1200
876
1228
1333
1122
1233
1172
1369
1657
1782
1668
1758
1955
1997
2318
2265
2558
2905
3124
3191
3157
3234
3307
3351
2858
2734
2771
2956
2999
2689
2275
1981
1670
734
-478
-1899
-2384
-2062
-1337
-1185
-1857
-3446
-5224
-6581
-7322
-6998
-6215
-5569
-5552
-6065
-6786
-7163
-7225
-6923
-6397
-5647
-4894
-3866
-3079
-2415
-2058
-1896
-1653
-1131
-448
282
1024
1598
1903
1922
1651
1134
697
465
510
636
511
9
-631
-1182
-1661
-1971
-2362
-2802
-3267
-3553
-3651
-3390
-3031
-2846
-2942
-3164
-3301
-3159
-2602
-1826
-906
-98
360
626
826
1108
1607
2312
3070
3838
4323
4412
4537
4615
4689
4725
4848
4752
4623
4458
4169
3999
3506
2899
2392
2320
2215
1865
1324
900
650
572
476
293
64
102
301
377
440
402
740
1403
1870
1905
2095
2413
2793
3121
3392
3677
4179
4690
4986
5056
4757
4313
4091
4269
4429
4446
4330
4024
3634
2963
2017
578
-911
-2094
-2233
-1493
-860
-1286
-2874
-4967
-6961
-8329
-8916
-8331
-7144
-6054
-6143
-7137
-8441
-9143
-9215
-8518
-7398
-6079
-4813
-3775
-3128
-2840
-2774
-2804
-2313
-1324
-91
889
1725
2108
2194
1849
1293
752
499
443
552
703
444
-294
-1339
-2150
-2746
-3097
-3590
-3960
-4311
-4430
-4565
-4556
-4629
-4757
-4932
-4861
-4484
-3880
-3188
-2467
-1685
-998
-450
-95
354
958
1871
2919
3996
4684
5003
5045
5041
5123
5472
5772
5973
6205
6221
5947
5458
4534
3499
3202
3309
3457
3670
3372
2538
1907
1168
347
259
604
1053
1852
2263
1835
1495
1187
1024
1601
2483
3111
3907
4611
4891
4948
4755
4360
4560
5194
5911
6399
6600
6279
5740
5053
4540
4260
4323
4450
4310
3441
1633
-616
-2122
-1773
-658
-70
-1151
-3087
-5252
-6786
-8154
-8444
-7639
-6233
-5883
-6694
-8208
-9177
-9400
-9003
-8146
-7037
-5933
-5162
-4431
-3970
-3675
-3755
-3398
-2504
-1105
-93
597
885
1116
942
606
257
324
606
922
958
488
-570
-1925
-2827
-2951
-2401
-1991
-2161
-3135
-4301
-5310
-5618
-5399
-4773
-4215
-3729
-3647
-3838
-4144
-4079
-3522
-2584
-1657
-871
-200
349
861
1362
1899
2406
2935
3494
4185
4775
5144
5254
5306
5259
5196
5127
5112
4989
4765
4516
4389
4232
3943
3428
2989
2619
2270
1971
1985
2205
2477
2581
2363
1939
1655
1721
2204
2865
3313
3669
4094
4482
4547
4508
4619
5015
5476
5754
5968
6090
6098
5712
5346
5052
5034
4801
4579
4236
3866
2552
495
-1547
-1757
-525
525
-383
-2670
-4912
-6498
-7801
-8770
-8346
-6835
-5814
-6897
-9091
-10737
-10728
-10096
-9328
-8735
-7709
-6755
-5990
-5840
-5851
-5746
-4998
-3680
-2260
-1214
-642
-273
-96
-81
-156
74
484
897
984
982
634
-193
-1577
-2648
-2819
-2140
-1543
-1672
-2539
-3766
-4991
-5913
-6156
-5555
-4462
-3657
-3648
-4339
-5009
-5142
-4629
-3811
-2881
-1946
-1107
-598
-422
-233
297
1123
1902
2525
3113
3742
4236
4463
4496
4535
4673
4932
5255
5498
5460
5093
4580
4129
3908
3940
4226
4489
4410
3852
3107
2613
2500
2718
3044
3517
3973
4283
4239
4029
3772
3834
4200
5012
5994
7014
7519
7468
6938
6523
6661
7229
7872
8170
8268
8050
7501
6567
6019
6060
6095
4647
2322
740
1487
2769
2439
24
-2304
-3509
-4510
-6087
-7142
-6294
-4850
-5258
-7783
-10070
-10454
-9577
-9128
-8961
-8549
-7599
-7189
-7246
-7436
-6982
-6118
-5016
-4000
-3191
-2584
-2137
-1802
-1622
-1535
-1184
-613
-304
-478
-763
-749
-839
-1552
-2702
-3200
-2882
-2469
-2798
-3699
-4595
-5324
-5965
-6415
-6316
-5742
-5264
-5399
-6026
-6578
-6623
-6067
-5234
-4393
-3616
-2999
-2581
-2355
-2047
-1332
-163
1082
2042
2640
3003
3327
3683
4172
4813
5467
5951
6153
6094
5850
5578
5447
5418
5379
5260
5108
4947
4680
4233
3728
3334
3206
3239
3279
3327
3323
3254
3264
3447
3830
4322
4789
5180
5528
5791
6030
6440
7015
7733
8317
8604
8604
8509
8384
8155
7939
7875
8186
8015
6300
3903
2437
3093
4352
3647
1253
-916
-2065
-3466
-5404
-6599
-5556
-4360
-5748
-8923
-11290
-11301
-10391
-10316
-10365
-9930
-9259
-9322
-9876
-9866
-8870
-7619
-6546
-5592
-4911
-4123
-3646
-3406
-3001
-2449
-1527
-671
-415
-503
-596
-728
-1205
-1978
-2473
-2174
-1763
-1881
-2694
-3819
-4751
-5535
-6020
-6212
-6238
-6143
-6201
-6653
-7341
-7808
-7697
-7057
-6422
-5941
-5334
-4732
-4304
-4006
-3476
-2404
-1115
102
1079
1818
2326
2767
3471
4466
5428
6052
6488
6891
7190
7284
7146
7126
7171
7186
7133
6925
6685
6405
6127
5799
5385
5053
4915
4770
4458
4145
3988
4265
4708
4951
5061
5180
5365
5597
5957
6436
7202
7927
8511
8836
8896
8923
9025
9214
9280
9207
9239
9401
8833
6668
4428
3704
5153
6539
5102
2152
-227
-1414
-2805
-4456
-5005
-3738
-3357
-6117
-9800
-11608
-10883
-9805
-10165
-10502
-10421
-10195
-10602
-11088
-10527
-9107
-7873
-7148
-6529
-5923
-5003
-4336
-4009
-3372
-2460
-1292
-514
-535
-542
-306
-233
-855
-1733
-1810
-992
-457
-889
-2128
-3423
-4345
-4975
-5263
-5192
-5260
-5616
-6398
-7491
-8179
-8177
-7632
-7098
-7064
-7152
-6988
-6547
-6080
-5473
-4586
-3498
-2536
-1698
-777
56
772
1464
2440
3751
4845
5527
5993
6392
6812
7143
7393
7677
7962
8027
7893
7587
7313
7071
6812
6527
6186
5857
5695
5284
4753
4210
3800
3909
4149
4449
4489
4460
4459
4605
4861
5246
6020
6803
7536
7751
7723
8058
8382
8628
8616
8845
9487
9825
8420
5765
4385
4964
7179
7515
5135
2358
466
-799
-2366
-3410
-2940
-1960
-3576
-7699
-10665
-10937
-9560
-9417
-10552
-11088
-11343
-11576
-12236
-12071
-10697
-9419
-9029
-8895
-8397
-7574
-6541
-5934
-5225
-4054
-3112
-2382
-2248
-2127
-1432
-719
-620
-1291
-1740
-1452
-943
-878
-1219
-1758
-2563
-3515
-4435
-4547
-4368
-4591
-5289
-6370
-7202
-7579
-7618
-7427
-7344
-7440
-7546
-7625
-7525
-6978
-6145
-5201
-4516
-4057
-3221
-2189
-1242
-457
416
1633
2818
3584
4187
5013
5813
6409
6659
6881
7395
7860
8157
8031
7800
7723
7665
7611
7380
7041
6654
6467
6126
5889
5725
5539
5472
5039
4827
4865
5465
6193
6464
6263
6107
6555
7253
8152
8641
9133
9582
9545
9412
9392
10049
10921
11119
9208
6958
6302
7415
9523
8756
6180
3776
2456
1266
-199
-928
-369
-23
-2840
-6852
-8900
-8535
-7378
-8196
-9513
-10140
-10489
-10933
-11779
-11354
-9982
-9022
-9141
-9204
-8820
-7959
-6893
-6506
-5599
-4481
-3808
-3395
-3526
-2985
-1891
-1026
-1277
-2210
-2476
-1953
-1108
-1068
-1429
-2045
-2768
-3483
-4291
-4176
-4059
-4194
-5138
-6507
-7231
-7337
-7079
-7195
-7547
-7888
-7982
-8005
-8046
-7559
-6909
-6173
-5760
-5264
-4314
-3381
-2656
-2145
-1148
250
1381
2017
2524
3382
4255
4987
5358
5766
6332
6784
7061
7047
7182
7355
7462
7354
6944
6671
6469
6435
6252
6008
5700
5373
5051
4706
4813
4976
5514
5768
5593
5383
5416
5991
6807
7530
7712
8054
8165
8206
8586
8807
9546
10204
9981
7887
6374
6351
8115
9951
8099
5550
3788
3155
2015
695
192
1032
738
-2943
-6454
-7434
-6445
-5781
-7521
-8885
-9589
-9968
-10559
-11351
-10498
-9305
-9186
-9959
-10033
-9471
-8372
-7522
-7463
-6289
-5389
-5084
-5142
-5190
-3916
-2508
-2362
-3135
-3637
-2977
-1642
-1694
-2288
-2484
-2652
-2939
-3472
-3956
-3442
-3280
-4445
-5580
-6214
-6071
-5776
-6221
-6672
-6991
-7019
-7130
-7529
-7426
-6774
-6265
-5773
-5388
-4985
-4101
-3483
-3141
-2079
-845
268
955
1307
2084
3123
4012
4565
5050
5800
6524
6865
7085
7297
7624
7981
7930
7731
7736
7693
7725
7564
7081
6900
6619
6430
6276
6148
6365
6622
6584
6326
6130
6246
6820
7356
7708
7895
8208
8382
8486
8589
8922
9629
10127
9835
7650
6954
7318
9174
10259
7997
5726
4506
4385
3259
2276
1570
2053
1447
-2191
-4807
-5535
-4538
-4322
-6369
-7703
-8669
-8858
-9562
-10222
-9643
-8815
-8965
-10034
-10052
-9728
-8687
-7977
-8097
-6937
-6401
-6118
-6443
-6352
-5013
-3769
-3170
-4125
-4456
-4021
-2909
-2608
-2825
-2671
-2990
-2978
-3798
-4039
-3333
-3140
-3577
-4716
-5252
-5417
-5173
-5382
-5609
-5498
-5738
-5901
-6544
-6503
-5938
-5412
-4821
-4837
-4554
-4083
-3562
-3056
-2266
-1255
-435
236
390
941
1777
2557
3492
3950
4562
5033
5253
5597
5951
6497
6917
7046
6876
6855
6916
6929
6968
6790
6861
6712
6330
6075
6115
6435
6590
6246
6048
6160
6333
6506
6504
6565
7264
7505
7310
7081
7107
7868
8526
7989
6041
5706
6003
7944
8255
6315
4500
3735
3743
2886
2249
1875
2375
1065
-2160
-3949
-3749
-2466
-3080
-5252
-6322
-6866
-6763
-7745
-8229
-7657
-7071
-7610
-8583
-8610
-8262
-7326
-7328
-7497
-6668
-6306
-6045
-6477
-6484
-5677
-4687
-4150
-4512
-4998
-4915
-4171
-3606
-3329
-3339
-3654
-3583
-3893
-3984
-3510
-3246
-3316
-3941
-4586
-4713
-4397
-4152
-4213
-4447
-4705
-4902
-5056
-4928
-4552
-4085
-3677
-3747
-3812
-3615
-3063
-2255
-1609
-1101
-650
-212
98
459
1090
2055
2904
3196
3364
3521
4065
4678
5094
5516
5851
5842
5656
5700
6084
6549
6759
6439
6272
6365
6319
6370
6406
6799
6958
6961
6805
6875
7434
7617
7532
7486
7626
7821
8127
8193
8370
8626
7680
5635
5656
6692
8985
8796
5792
3643
3448
3915
3346
2930
2597
3028
1143
-2209
-3286
-2432
-915
-1695
-4075
-5097
-5504
-5301
-5913
-6041
-5506
-5115
-6035
-7106
-7040
-6689
-5721
-5837
-6116
-5614
-5753
-5828
-6338
-6180
-5267
-4599
-4677
-5551
-5959
-5507
-4444
-4192
-4230
-4445
-4798
-4616
-4833
-4529
-3747
-3533
-3947
-4820
-5117
-4659
-3997
-3896
-4131
-4338
-4387
-4461
-4690
-4237
-3656
-3305
-3186
-3543
-3501
-2970
-2497
-2025
-1438
-992
-674
-491
-421
-28
686
1413
1951
2235
2439
2494
2728
3273
3782
4250
4502
4290
4345
4785
5156
5498
5520
5326
5484
5667
5796
6053
6437
6338
6360
6434
6726
7281
7164
6860
6848
7135
7508
7543
7542
7505
7720
6275
4896
4990
6163
8096
7082
4464
2659
2820
3164
3074
2514
2135
2103
168
-2151
-2524
-1482
-351
-1657
-3405
-4200
-4270
-4021
-4565
-4379
-3732
-3623
-4739
-5412
-5292
-4675
-3942
-4344
-4434
-4238
-4355
-4621
-5147
-4782
-4217
-3959
-4583
-5579
-5835
-5245
-4581
-4691
-4862
-5397
-5617
-5663
-5875
-5419
-4870
-4736
-5235
-5827
-5920
-5512
-4949
-4828
-4731
-4747
-4758
-4866
-4904
-4253
-3599
-3037
-2943
-3092
-2830
-2305
-1768
-1273
-680
-147
206
274
330
811
1384
2064
2459
2522
2685
2608
2861
3289
3643
4003
3998
3779
3913
4305
4636
4791
4701
4726
5079
5405
5717
5867
5779
6132
6695
7071
7423
7283
7341
7413
7573
7900
8191
8716
8646
8343
6703
5388
5858
7250
9052
7831
5029
2994
3010
3690
3629
3228
2557
2364
256
-2278
-2512
-1291
226
-1112
-3285
-4242
-4156
-3472
-3828
-3604
-3082
-2794
-3679
-4411
-4072
-3419
-2353
-2619
-2862
-2614
-2766
-2866
-3446
-3076
-2446
-2238
-3196
-4535
-4754
-4147
-3424
-3901
-4534
-5095
-5580
-5800
-6204
-5817
-5183
-5209
-6112
-7027
-7076
-6517
-5839
-5869
-5952
-5963
-5986
-5973
-6002
-5318
-4495
-3943
-3785
-3892
-3570
-2965
-2369
-1895
-1215
-644
-326
-248
-239
339
997
1635
1812
1711
1970
2131
2425
2676
2945
3234
3191
2937
2883
3415
3697
3966
3999
3851
3981
4105
4525
4901
5141
5539
5915
6160
6202
6279
6446
6635
7036
7204
7631
7834
7630
7213
5598
4911
5562
7197
8262
6527
3907
2429
3012
3366
3326
2762
2414
2050
-557
-2377
-2264
-579
426
-1523
-3295
-3990
-3441
-3137
-3329
-2894
-2255
-2213
-3530
-3670
-3050
-1905
-1233
-1953
-1811
-1599
-1469
-1747
-2002
-1268
-808
-1010
-2275
-3011
-2764
-2105
-2020
-2738
-3141
-3807
-4235
-4750
-4982
-4410
-4367
-4989
-6125
-6624
-6298
-5929
-5980
-6402
-6409
-6296
-6252
-6496
-6343
-5584
-5002
-4689
-4773
-4525
-3871
-3293
-2841
-2401
-1566
-984
-727
-694
-359
417
1090
1407
1445
1799
2188
2555
2602
2469
2895
3134
3266
3186
3224
3595
3597
3571
3521
3987
4175
4298
4625
4878
5381
5354
5718
5943
6177
6261
6212
6879
7307
7776
7623
7122
6625
5333
5509
6484
8075
8201
5624
3063
2418
3707
4031
3650
2472
1967
1274
-1237
-2345
-1829
-156
79
-2438
-4095
-4340
-3215
-2825
-3139
-3088
-2670
-2712
-3644
-3311
-2663
-1388
-898
-1472
-1365
-1452
-1189
-968
-490
290
258
-347
-1502
-1709
-1172
-352
-323
-1204
-2007
-2876
-3022
-3265
-3357
-3250
-3581
-4212
-5278
-5754
-5748
-5539
-5603
-5962
-6163
-6451
-6511
-6683
-6323
-5707
-5359
-5203
-5364
-5206
-4626
-3864
-3187
-2680
-2284
-1993
-1574
-1243
-603
-78
395
935
1190
1568
1726
1815
2125
2513
2592
2770
2904
2984
3078
3009
3037
3397
3591
3531
3638
3835
4267
4556
4718
4817
4992
4817
4906
5380
6174
6724
6543
6080
5968
4910
4381
5112
6716
8085
6225
2896
1684
3066
4041
3717
2093
1705
1974
-32
-2290
-2391
-514
856
-1292
-3902
-4295
-3042
-2239
-3017
-3410
-2710
-2114
-3148
-3544
-3034
-1672
-778
-1482
-1638
-1179
-829
-664
-750
11
678
574
-180
-642
-256
394
638
-104
-325
-738
-924
-1102
-1665
-1567
-1600
-2137
-2986
-3609
-3600
-3414
-3621
-4407
-4772
-4954
-4952
-5159
-5423
-5009
-4782
-4800
-5238
-5294
-4575
-3687
-3345
-3494
-3395
-2962
-2291
-1866
-1509
-961
-609
-387
-312
118
802
1164
1263
1183
1512
1766
1979
1979
2312
2742
2782
2751
2602
3070
3570
3782
3933
4226
4732
4952
4433
4240
4898
6080
6605
6361
5637
5899
5617
4402
4748
5876
7799
7052
3608
1607
2768
4365
3957
2210
1115
1928
1041
-1696
-2646
-1451
569
-547
-3583
-4431
-3623
-2538
-3191
-3853
-3105
-2159
-3092
-4323
-3820
-2371
-858
-1458
-2229
-1809
-1494
-1060
-971
-179
936
584
-469
-950
-173
993
1444
658
247
182
-350
-379
-441
97
315
-838
-1955
-2454
-2066
-1674
-2061
-2752
-3122
-3527
-3983
-4090
-4057
-3528
-3594
-4286
-4466
-4276
-3740
-3485
-3577
-3264
-2747
-2568
-2670
-2660
-2102
-1190
-875
-921
-853
-561
-82
30
126
552
969
1197
928
794
1214
1784
2032
2004
1810
1952
2616
3020
3432
3641
3215
3051
3522
4224
5066
5203
4955
4899
4960
3965
3596
4582
6153
7102
5040
2563
2160
3646
4385
3444
2291
2200
2406
696
-1156
-960
643
1388
-785
-2784
-2839
-1807
-1518
-2581
-2566
-1679
-1436
-2765
-3617
-2703
-1139
-628
-1752
-2111
-1428
-974
-1128
-1553
-689
418
385
-777
-1585
-798
323
782
151
-384
-374
-405
-569
-684
-64
253
-352
-1466
-2172
-1541
-876
-964
-1695
-2264
-2519
-2741
-2807
-2750
-2318
-2303
-2907
-3372
-3282
-2736
-2445
-2442
-2417
-2257
-2157
-2292
-2203
-1709
-1005
-799
-1000
-1122
-985
-581
-221
-74
177
342
207
17
149
607
1034
1296
1003
950
1350
1804
2118
1946
1856
2226
2964
3368
3321
3340
3558
3930
2938
2067
2731
4503
6033
4426
1638
907
2482
3593
2949
1806
1727
2363
797
-1355
-1176
922
2426
426
-2109
-2316
-884
-33
-874
-1085
-131
388
-862
-1724
-918
618
1469
537
115
595
678
470
395
1441
2301
1674
182
-464
432
1528
1806
970
341
-114
-477
-370
-107
530
432
-661
-1724
-2023
-1379
-885
-1111
-1804
-2336
-2532
-2597
-2600
-2680
-2412
-2462
-2761
-2948
-3085
-2771
-2500
-2340
-2270
-2278
-2362
-2461
-2292
-1817
-1344
-1287
-1540
-1774
-1703
-1289
-1105
-906
-942
-1155
-1264
-1208
-882
-632
-478
-706
-569
-289
10
188
130
398
747
1159
1459
1674
2123
2436
2534
1335
677
1548
3387
4991
3412
839
37
1419
2545
2078
1141
1086
1651
90
-1910
-1691
309
1912
-56
-2345
-2457
-1002
-24
-930
-1018
60
780
-226
-980
-110
1521
2468
1601
1509
2257
2494
2375
2128
3384
4482
3981
2506
1811
2869
4057
4194
3188
2621
2321
2051
1853
1743
2420
2358
1274
11
-564
103
524
48
-865
-1335
-1410
-1520
-1983
-2373
-2004
-1830
-1987
-2523
-2903
-2581
-2260
-1997
-1978
-2011
-2049
-2214
-2215
-1781
-1137
-962
-1211
-1706
-1747
-1329
-1123
-1033
-1277
-1445
-1512
-1706
-1688
-1545
-1346
-1487
-1722
-1830
-1631
-1320
-1323
-1364
-1334
-985
-584
-300
-42
130
260
-617
-1274
-440
1260
2753
1643
-800
-1428
-93
996
651
-234
-135
559
-808
-2797
-2649
-671
944
-636
-2941
-3010
-1714
-919
-1447
-1443
-355
114
-1011
-1576
-361
1290
1982
1197
1221
2115
2307
2105
2309
3858
5064
4337
2788
2475
3767
5157
5501
4712
4215
3868
3417
3412
3808
4578
4489
3234
1891
1546
2181
2595
2177
1253
737
411
51
-288
-421
-16
-70
-736
-1470
-1665
-1116
-601
-609
-1034
-1258
-1311
-1231
-977
-610
-181
-322
-755
-1195
-1264
-766
-484
-604
-1082
-1626
-1852
-1840
-1821
-1873
-2078
-2427
-2566
-2789
-2874
-2712
-2865
-2976
-3043
-2988
-2362
-1976
-2036
-2250
-3300
-3908
-2910
-1246
164
-699
-3230
-3890
-2575
-1377
-1339
-2239
-2140
-1292
-2494
-4367
-4325
-2319
-431
-1652
-3948
-4114
-2834
-1931
-2163
-2171
-1059
-509
-1593
-2142
-985
853
1703
857
659
1489
2042
2086
2181
3477
4742
4455
3130
2515
3603
5391
6255
5720
4971
4428
4348
4693
5253
6132
6118
5103
3890
3462
4258
4932
4658
3786
3115
2775
2558
2305
2231
2449
2139
1413
729
657
1221
1443
1159
544
254
439
617
804
990
1135
1025
693
328
403
948
1210
954
280
-138
-85
-80
-195
-453
-704
-954
-1412
-1843
-1915
-1796
-2013
-2580
-3117
-3173
-2736
-2571
-2814
-3483
-4651
-5220
-4642
-3374
-2586
-3706
-5669
-6196
-5293
-4459
-4550
-5186
-5107
-4816
-5788
-6849
-6515
-4900
-3788
-4737
-6031
-5961
-4985
-4266
-4103
-3616
-2724
-2557
-3235
-3233
-2057
-541
75
-277
-173
375
807
999
1433
2538
3274
3070
2330
2080
2939
4171
4828
4689
4169
3713
3774
4141
4825
5505
5343
4736
3971
3817
4587
5180
5138
4593
4070
3825
3748
3761
4074
4315
3932
3354
2866
3087
3647
3702
3533
3080
2858
3020
3210
3461
3577
3420
3157
3054
2939
3062
3209
3105
2918
2298
2073
2186
2024
1825
1220
817
906
753
240
-325
-724
-759
-779
-1263
-1431
-1600
-1949
-2435
-3870
-4434
-3625
-2792
-2637
-4340
-6390
-6511
-5598
-5323
-5800
-6534
-6680
-6914
-8443
-9125
-8154
-6769
-6590
-8474
-9434
-8554
-7619
-7351
-7471
-6768
-5726
-5974
-6898
-6324
-4575
-3181
-2974
-3440
-2841
-2184
-2063
-1623
-575
941
1121
123
-286
415
1669
2498
2738
2733
2544
1863
1766
2674
3790
4445
3746
2848
2567
2908
3771
4270
4476
4211
3520
3034
3306
4165
4900
4999
4331
3937
3973
4470
5277
5610
5656
5293
5045
5332
5875
6398
6498
6365
6185
6159
6116
6210
6390
6282
6133
5785
5521
5302
4976
4692
4469
4411
4096
3515
2865
2507
2434
2240
1973
1518
1201
960
93
-1321
-1888
-1004
57
-232
-2638
-4764
-4473
-3382
-3341
-4496
-5400
-5391
-5966
-7724
-8585
-7416
-6116
-6846
-9184
-10042
-8893
-8086
-8483
-9052
-8304
-7356
-7983
-8965
-8408
-6655
-5607
-5929
-6355
-5714
-4948
-4895
-4622
-3570
-2355
-2307
-3162
-3335
-2602
-1530
-814
-570
-484
-802
-1326
-1201
-250
730
1074
629
14
-152
78
799
1601
1918
1632
856
602
1233
2164
2808
2741
2387
2296
2547
3148
3964
4574
4735
4542
4390
4870
5738
6467
6766
6616
6611
6786
7090
7481
7693
7792
7687
7480
7382
7380
7382
7215
6936
6604
6350
6086
5767
5401
5065
4801
4408
4075
3790
3459
2547
1209
1015
1834
2477
1584
-801
-2031
-1350
-698
-1230
-2393
-2995
-2954
-3989
-5587
-5600
-4502
-4012
-5589
-7680
-7599
-6425
-6127
-6903
-7418
-6837
-6525
-7358
-7748
-6749
-5591
-5451
-6347
-6567
-5612
-5049
-5112
-4964
-4255
-3607
-3956
-4835
-4652
-3659
-2883
-2586
-2975
-3184
-3249
-3548
-3221
-2404
-1843
-1894
-2663
-3283
-2946
-2370
-1796
-1496
-1804
-2054
-2485
-2516
-1683
-865
-445
-833
-1449
-1280
-500
394
1168
1495
1545
1542
1455
2103
3291
4351
4922
4605
4401
4762
5424
6261
6855
7112
7097
6829
6687
7088
7594
7917
7891
7453
7189
6939
6797
7046
7253
7086
6527
5974
5851
5758
4835
4071
4494
5317
5323
3494
1509
1610
2657
2739
1631
508
408
156
-1328
-2195
-1512
-591
-1128
-3412
-4612
-3721
-2812
-3018
-3897
-4085
-3643
-4055
-4811
-4394
-3235
-2642
-3363
-4349
-3925
-3001
-2799
-2996
-2879
-2290
-2180
-2980
-3521
-2958
-2175
-1888
-2281
-2742
-2745
-2960
-3354
-3282
-2734
-2411
-2910
-3904
-4366
-3976
-3598
-3564
-3847
-4060
-4237
-4732
-4950
-4478
-3656
-3421
-4066
-4659
-4409
-3581
-2908
-2519
-2229
-1951
-1953
-2086
-1577
-413
737
1050
789
780
1274
1935
2496
3063
3569
3727
3494
3347
3750
4466
4977
4944
4669
4483
4445
4607
4897
5160
5155
4933
4706
4537
4165
3775
4040
4842
5203
4367
2866
2314
3006
3678
3446
2796
2367
1973
1161
551
1037
1932
1751
303
-882
-665
87
237
-139
-261
-210
-666
-1234
-1046
-114
402
-74
-731
-713
-361
-210
-210
59
442
188
-494
-795
-538
58
144
-107
-325
-654
-943
-1080
-1091
-858
-857
-1311
-1780
-2247
-2448
-2325
-2388
-2464
-2868
-3484
-3817
-3994
-3911
-3779
-3932
-4235
-4526
-4749
-4597
-4366
-4161
-3893
-3903
-3942
-3930
-3826
-3283
-2693
-2272
-2131
-2177
-2033
-1575
-1113
-677
-360
-237
-35
88
261
637
896
1093
1191
1199
1297
1388
1449
1579
1754
1933
2029
1644
1242
1278
1838
2534
2388
1531
1013
1156
1658
1791
1594
1606
1592
1025
421
481
1371
1990
1369
460
273
816
1347
1296
1350
1654
1631
1285
1110
1697
2616
2843
2420
2162
2297
2750
2889
2955
3315
3444
3215
2695
2402
2952
3421
3441
2959
2421
2371
2449
2171
2071
2105
2088
1718
860
515
767
840
604
-113
-504
-567
-941
-1313
-1434
-1388
-1470
-2032
-2608
-2582
-2473
-2458
-2570
-2698
-2569
-2714
-3079
-3049
-2682
-2153
-2108
-2436
-2588
-2394
-2144
-1877
-1748
-1643
-1610
-1783
-1841
-1592
-1363
-1246
-1390
-1511
-1577
-1622
-1600
-1418
-1311
-1470
-1805
-2076
-1998
-1761
-1721
-1739
-1898
-2139
-2349
-2426
-2231
-1981
-2028
-2273
-2453
-2540
-2463
-2363
-2147
-1836
-1888
-2138
-2210
-1871
-1270
-962
-918
-809
-548
-285
-55
284
884
1409
1515
1495
1675
2177
2687
2994
3236
3410
3498
3469
3610
4036
4439
4509
4228
4101
4278
4477
4465
4352
4305
4252
4029
3763
3748
3801
3700
3333
2934
2841
2747
2528
2269
2042
1898
1634
1339
1206
1108
914
691
507
479
423
226
100
18
13
-1
-98
-102
-124
-203
-239
-283
-278
-259
-316
-410
-552
-701
-737
-813
-928
-1068
-1316
-1592
-1874
-2065
-2052
-2182
-2611
-3130
-3421
-3407
-3472
-3837
-4179
-4326
-4463
-4729
-5043
-5069
-4912
-5007
-5264
-5361
-5309
-5236
-5265
-5139
-4772
-4573
-4692
-4649
-4355
-3872
-3564
-3412
-3031
-2619
-2559
-2409
-2030
-1328
-729
-598
-532
-249
-87
432
1065
1637
1902
1598
1534
2234
2869
3315
3392
3354
3590
3667
3742
4322
4681
4828
4666
4367
4579
4845
4947
5184
5093
4866
4687
4470
4689
4907
4717
4543
4236
4024
4087
3940
3885
3828
3585
3457
3226
2951
3003
2976
2886
2706
2369
2282
2254
2035
1987
1911
1794
1600
1262
1150
1168
933
728
576
417
176
-277
-530
-496
-696
-1067
-1472
-1772
-1990
-2376
-2705
-2765
-2963
-3406
-3921
-4228
-4246
-4336
-4592
-4772
-4982
-5214
-5402
-5408
-5229
-5187
-5354
-5420
-5336
-5199
-5156
-5063
-4778
-4510
-4470
-4502
-4411
-4039
-3682
-3440
-3296
-3211
-3096
-2883
-2577
-2148
-1890
-1783
-1670
-1494
-1196
-860
-596
-265
-63
41
218
447
834
1200
1361
1516
1652
1813
2107
2340
2586
2775
2814
2920
3101
3245
3454
3534
3635
3752
3742
3763
3904
4015
4139
4081
4027
4081
4092
4081
4141
4132
4127
3946
3742
3748
3838
3820
3660
3310
3076
2981
2970
2977
2782
2366
2028
1806
1742
1649
1412
1167
876
473
142
-15
0
-78
-486
-958
-1235
-1338
-1400
-1569
-1768
-1914
-2161
-2425
-2598
-2644
-2621
-2671
-2828
-2968
-3128
-3238
-3244
-3178
-3091
-3067
-3204
-3350
-3432
-3305
-3028
-2871
-2963
-3091
-3058
-2825
-2682
-2641
-2493
-2202
-2100
-2226
-2317
-1938
-1428
-1289
-1511
-1516
-1202
-880
-925
-957
-664
-323
-389
-642
-617
-191
38
-121
-272
-105
73
-15
-198
-50
288
311
37
-99
104
335
302
215
378
544
478
297
409
813
1092
973
816
894
1199
1419
1513
1638
1819
1889
1873
1953
2258
2605
2717
2616
2566
2698
2933
3104
3149
3151
3108
3051
3019
3065
3146
3150
2987
2760
2600
2563
2536
2417
2211
1992
1785
1577
1384
1233
1091
879
601
323
119
-56
-221
-427
-630
-859
-1080
-1274
-1390
-1509
-1646
-1820
-1935
-2026
-2101
-2193
-2205
-2182
-2186
-2256
-2264
-2163
-2017
-1964
-1962
-1902
-1745
-1598
-1515
-1423
-1283
-1150
-1098
-1060
-952
-769
-664
-662
-707
-700
-651
-577
-549
-564
-663
-763
-818
-815
-843
-900
-970
-1031
-1156
-1310
-1370
-1273
-1193
-1283
-1508
-1594
-1484
-1349
-1336
-1361
-1304
-1198
-1190
-1198
-1050
-757
-545
-552
-615
-478
-168
95
219
294
432
583
675
786
1006
1265
1377
1310
1272
1422
1664
1794
1766
1723
1764
1798
1765
1767
1878
1985
1907
1692
1600
1722
1855
1805
1633
1551
1576
1550
1429
1370
1447
1492
1356
1128
1055
1131
1194
1110
992
943
938
852
740
724
823
856
731
545
502
565
625
579
502
459
413
318
235
226
260
223
82
-66
-159
-216
-294
-399
-529
-649
-767
-856
-993
-1237
-1479
-1517
-1392
-1422
-1820
-2259
-2342
-2143
-2110
-2377
-2565
-2504
-2538
-2953
-3273
-2918
-2273
-2246
-3000
-3575
-3203
-2431
-2219
-2537
-2647
-2372
-2242
-2446
-2358
-1643
-987
-1109
-1678
-1711
-994
-301
-167
-260
-117
135
161
169
566
1160
1364
1055
819
1088
1546
1701
1596
1611
1788
1813
1609
1544
1821
2131
2086
1788
1655
1824
2002
1983
1909
1953
2054
2032
1917
1913
2075
2228
2226
2140
2114
2167
2241
2300
2349
2364
2333
2284
2303
2358
2376
2320
2257
2228
2191
2102
2013
1970
1914
1767
1563
1413
1350
1265
1077
836
634
466
276
71
-103
-270
-494
-769
-1023
-1200
-1336
-1494
-1695
-1918
-2155
-2365
-2511
-2578
-2643
-2782
-2971
-3127
-3209
-3238
-3249
-3248
-3252
-3301
-3373
-3391
-3292
-3127
-2997
-2944
-2924
-2873
-2754
-2568
-2361
-2189
-2074
-1974
-1846
-1687
-1512
-1326
-1123
-950
-858
-807
-700
-505
-300
-173
-110
-35
61
147
227
337
474
575
606
618
681
796
911
993
1045
1077
1110
1170
1268
1367
1428
1457
1494
1550
1607
1665
1728
1773
1772
1763
1803
1902
1971
1938
1871
1864
1928
1980
1975
1951
1941
1911
1851
1814
1852
1905
1867
1729
1605
1581
1594
1567
1497
1417
1324
1193
1061
1001
1001
949
785
590
463
411
339
213
102
21
-95
-278
-446
-511
-509
-580
-756
-927
-1006
-1033
-1091
-1195
-1270
-1315
-1396
-1502
-1559
-1535
-1519
-1592
-1699
-1740
-1712
-1688
-1705
-1717
-1721
-1747
-1806
-1811
-1725
-1633
-1647
-1744
-1794
-1745
-1662
-1622
-1603
-1581
-1580
-1625
-1645
-1557
-1407
-1323
-1348
-1388
-1362
-1266
-1139
-1010
-896
-818
-800
-772
-657
-443
-237
-103
-32
26
124
272
478
693
854
927
949
1023
1187
1388
1557
1650
1674
1675
1702
1796
1935
2050
2077
2023
1958
1937
1979
2042
2083
2055
1956
1835
1765
1763
1799
1791
1706
1579
1451
1368
1327
1332
1328
1256
1117
967
884
874
882
852
772
649
529
446
421
428
420
346
205
71
-5
-21
-12
-42
-130
-261
-388
-463
-483
-478
-512
-605
-735
-861
-924
-934
-930
-962
-1059
-1186
-1295
-1341
-1329
-1318
-1344
-1432
-1543
-1619
-1637
-1602
-1568
-1583
-1652
-1733
-1770
-1745
-1673
-1614
-1603
-1636
-1675
-1664
-1587
-1477
-1384
-1345
-1340
-1330
-1265
-1140
-995
-876
-809
-771
-716
-611
-458
-291
-160
-78
-24
50
173
335
489
604
670
719
786
888
1018
1136
1207
1229
1240
1276
1343
1410
1461
1467
1444
1420
1415
1436
1453
1454
1416
1355
1303
1276
1268
1248
1203
1142
1064
1009
980
959
931
875
802
726
676
649
625
585
524
448
381
338
311
283
234
170
99
38
-1
-25
-52
-98
-161
-231
-286
-325
-347
-381
-434
-495
-553
-589
-620
-639
-666
-707
-749
-787
-814
-822
-824
-843
-866
-895
-916
-921
-911
-904
-900
-901
-907
-903
-886
-859
-835
-815
-801
-784
-760
-718
-675
-635
-599
-572
-537
-494
-438
-380
-329
-285
-246
-197
-143
-89
-37
17
63
109
157
211
265
316
358
385
415
450
487
525
548
562
571
581
600
621
636
636
633
624
619
611
613
607
590
562
533
520
518
517
496
472
451
423
400
386
375
367
344
310
286
273
270
260
239
217
194
173
157
144
132
117
92
71
52
36
23
6
-12
-34
-60
-76
-88
-97
-105
-123
-154
-181
-195
-205
-216
-224
-233
-242
-256
-265
-267
-268
-275
-287
-300
-311
-311
-317
-325
-321
-314
-307
-309
-303
-292
-279
-270
-263
-256
-245
-240
-235
-222
-206
-186
-170
-158
-145
-130
-112
-96
-85
-69
-49
-29
-17
-4
15
29
44
59
65
72
79
79
79
85
92
101
109
112
117
119
118
116
109
107
104
90
81
76
72
75
75
75
76
74
71
61
53
47
47
55
52
52
52
56
58
60
60
63
65
63
60
57
58
58
54
52
52
50
48
43
44
44
41
37
31
24
20
11
3
-3
-10
-13
-17
-17
-19
-18
-12
-8
-8
-7
-12
-19
-23
-29
-35
-40
-40
-42
-40
-33
-23
-16
-14
-15
-10
-4
-5
-6
-10
-12
-13
-19
-21
-21
-13
-10
-7
-4
-5
-10
-14
-15
-15
-21
-20
-24
-27
-26
-34
-42
-50
-55
-52
-47
-50
-44
-39
-34
-38
-42
-44
-52
-56
-57
-55
-50
-43
-39
-31
-32
-35
-30
-27
-24
-16
-8
-3
3
13
24
26
20
20
29
33
37
47
52
60
66
67
64
61
66
67
68
72
76
76
80
78
75
79
79
79
76
72
70
65
69
75
76
79
77
79
78
70
72
76
75
72
63
52
52
46
44
43
38
40
41
40
41
37
37
32
19
7
3
-3
-8
-5
-1
-8
-19
-18
-27
-37
-40
-41
-46
-55
-61
-61
-68
-84
-93
-100
-105
-107
-101
-101
-106
-104
-106
-114
-128
-131
-130
-138
-134
-125
-115
-113
-106
-99
-102
-107
-113
-107
-106
-95
-74
-58
-45
-33
-26
-22
-32
-26
-19
-20
-10
2
16
22
26
34
32
29
34
43
49
55
62
74
76
77
82
75
78
82
85
94
97
102
107
108
112
116
108
115
118
108
116
115
115
111
98
95
90
82
81
83
80
76
72
73
67
54
58
54
38
26
24
20
10
12
17
12
1
4
2
-5
-9
-17
-23
-41
-48
-51
-56
-69
-71
-75
-82
-87
-84
-83
-102
-108
-106
-110
-123
-127
-122
-128
-133
-125
-118
-124
-121
-113
-114
-120
-119
-109
-109
-108
-94
-76
-66
-63
-56
-48
-54
-53
-48
-43
-37
-25
-7
-4
-6
0
9
5
4
16
30
32
32
45
52
53
53
57
62
72
76
88
86
83
90
91
96
98
101
102
104
100
106
103
100
97
96
93
87
82
80
80
78
75
74
71
69
62
58
60
54
50
44
36
32
30
24
26
25
25
22
15
11
3
-5
-14
-15
-22
-21
-28
-35
-38
-42
-46
-53
-54
-59
-72
-75
-75
-80
-81
-83
-82
-89
-91
-89
-88
-94
-94
-90
-91
-94
-88
-84
-84
-75
-72
-73
-73
-67
-61
-60
-58
-55
-49
-48
-46
-42
-37
-34
-28
-28
-22
-19
-14
-16
-13
-6
6
15
23
26
22
28
32
39
41
46
49
54
51
56
59
63
61
63
67
67
64
61
61
59
68
71
69
69
70
68
69
68
78
73
71
64
57
59
55
60
57
57
49
44
40
38
37
34
31
32
28
21
14
6
5
7
10
3
-4
-12
-17
-18
-21
-21
-23
-28
-30
-37
-42
-39
-44
-49
-53
-57
