7
7
-9
9
-11
16
-13
1
11
-14
10
0
-1
-3
8
-2
-5
12
-11
5
1
-4
-3
5
-3
-8
14
-11
3
12
-13
4
5
2
-10
13
-7
-5
14
-12
5
-4
6
-3
-7
18
-16
9
3
-12
10
-3
-2
-2
2
3
-1
-4
4
6
-10
10
-2
-8
20
-17
-2
14
-18
11
-2
-10
16
-13
6
-3
-3
8
-9
1
0
-2
-3
3
-3
-1
0
-5
3
-6
9
3
-17
20
-7
-9
9
5
-13
10
8
-25
17
4
-19
12
-1
3
-8
9
-1
-10
20
-18
2
14
-18
11
0
-9
9
4
-19
8
10
-15
-1
8
4
-16
15
4
-29
35
-20
-4
8
3
7
-25
26
-5
-12
9
0
0
-17
37
-39
13
15
-25
28
-35
38
-20
-11
30
-35
32
-32
20
4
-34
58
-51
22
4
-7
1
-15
35
-37
24
-1
-27
50
-57
43
-12
-18
32
-27
17
-28
46
-39
-5
49
-52
27
-5
2
-16
20
19
-72
99
-79
33
14
-44
57
-56
48
-39
14
23
-61
77
-73
48
-13
-19
46
-66
69
-56
21
7
-30
49
-59
54
-20
-23
54
-55
31
-2
-7
2
-2
11
-26
30
-16
-10
30
-29
2
15
-11
-10
17
4
-35
41
-11
-28
36
-8
-16
15
9
-23
9
9
-16
7
1
3
-19
26
-21
6
19
-45
62
-53
21
23
-51
56
-45
32
-24
-3
44
-83
83
-42
-6
39
-37
23
-22
32
-31
4
26
-36
26
-6
-2
-2
6
-8
6
3
-15
28
-29
15
6
-6
-17
17
9
-47
59
-22
-10
10
19
-23
-29
87
-98
44
31
-71
80
-74
73
-58
7
57
-104
117
-96
52
12
-80
120
-108
74
-37
9
21
-83
133
-148
96
-1
-76
120
-128
119
-104
54
15
-86
143
-140
103
-34
-39
82
-112
118
-109
82
-23
-47
103
-119
96
-61
22
29
-80
115
-102
40
21
-70
73
-58
43
-11
-11
49
-73
57
-22
-40
90
-96
56
19
-60
50
-14
0
-32
55
-28
-48
108
-75
-7
68
-57
-12
42
-15
-46
79
-32
-37
80
-68
-5
46
-51
9
24
13
-44
66
-8
-88
112
-91
10
38
-16
13
-8
39
-62
30
-1
-25
45
-51
67
-80
40
-26
5
14
-21
107
-115
86
-20
-94
64
-74
64
-38
78
27
-71
77
-92
-9
-23
16
21
8
47
-2
-33
-9
-19
-28
10
21
30
11
-7
12
-53
-13
-7
21
3
18
60
-52
-10
13
-58
-6
38
7
16
3
46
-81
3
30
-96
94
-33
33
33
-48
59
-93
38
-30
-22
87
-81
84
13
-86
78
-46
-34
41
-13
25
-48
77
-41
-72
133
-127
44
63
-84
85
-56
49
-91
74
-46
-48
130
-106
54
28
-41
-4
-4
65
-130
140
-27
-82
99
-95
38
-58
67
26
-33
98
-44
-25
-27
-54
21
-84
101
45
-23
93
-27
-34
-50
1
-40
0
56
10
31
-9
-18
4
-31
-1
47
37
-94
125
-94
-91
65
-62
41
-3
138
-38
-38
124
-193
10
12
-72
117
-61
125
-28
-47
65
-104
19
2
28
27
-15
58
-83
-13
-24
-27
3
72
10
40
65
-110
53
-105
-39
40
-48
91
-9
92
-48
2
18
-155
117
-49
-27
151
-82
26
-19
-65
-39
-10
82
-15
90
64
-70
44
-125
-15
-12
-71
119
-13
11
64
17
-76
10
60
-112
-4
108
-128
31
111
-166
143
-61
-48
71
-156
204
-113
152
10
-91
210
-445
118
-60
-175
321
1
125
76
51
-154
-183
0
-149
45
134
74
71
119
-94
-109
-5
-138
14
78
27
81
40
9
-130
49
-50
-162
168
-113
107
3
25
88
-123
201
-175
-33
37
-194
140
-90
90
96
-42
73
-2
-113
-49
64
-32
66
45
-6
-64
10
-38
-113
94
123
-6
118
-39
-109
-20
-147
-37
64
24
168
7
51
-26
-119
21
-148
83
54
-60
91
-89
74
-83
-41
154
-89
160
-42
3
-126
-15
39
-267
189
102
-83
214
70
-107
81
-72
-178
-54
-70
-2
-42
197
17
116
234
-269
216
-160
-186
-1
-98
-27
-55
216
-43
80
174
-61
40
-69
-12
-116
-87
-74
61
-42
64
170
-65
124
-2
17
-87
-81
156
-168
27
-41
-47
46
-33
92
55
44
144
49
-216
-37
64
-320
33
117
-51
70
237
-60
-62
258
-141
-144
117
-90
-164
-47
-21
-67
156
181
64
115
123
-127
-231
-123
-168
92
61
145
133
92
20
-206
20
-132
28
94
-21
-57
2
-4
-268
131
61
18
307
-28
85
-47
-131
-106
-239
50
-11
24
244
-67
162
59
-110
29
-127
-102
-126
-29
26
49
216
106
78
34
-156
-281
17
-93
70
276
-138
145
-8
-246
-102
5
81
76
217
-88
-201
66
-150
-144
163
146
105
31
9
-84
-216
176
35
-14
295
-90
-63
-272
-169
34
-213
260
253
64
65
-99
-61
-230
-21
256
-176
22
309
-334
-276
51
-122
32
285
345
-7
274
41
-249
-153
-334
-58
87
187
376
427
250
-33
-161
-612
-674
-333
-90
150
354
410
264
111
-241
-212
-356
-223
133
82
146
227
369
173
23
225
-196
6
147
-76
-23
-4
115
-125
-71
-84
-323
25
-38
-191
54
38
21
11
-134
-191
-16
8
-71
17
64
48
139
-51
56
127
148
135
-54
59
43
6
-71
-209
-29
-49
-6
107
-43
156
126
-104
-185
-243
-88
-182
-106
112
-110
156
230
-80
9
130
55
-73
170
29
15
172
-27
-95
-130
-70
-292
-203
-43
32
250
304
382
189
111
-13
-423
-214
-15
147
209
177
137
-101
-68
-111
230
281
482
300
-501
-885
-1107
-975
-881
-154
562
564
941
582
75
-169
-62
-119
-190
330
197
383
354
51
136
242
217
116
369
128
-95
27
-463
-509
-338
-228
-183
28
220
-101
-42
-311
-339
-187
-119
189
69
215
145
-30
15
91
360
241
442
240
18
11
-137
-236
-366
-68
-175
-151
11
62
302
178
144
-13
-228
-314
-355
-213
-182
184
294
220
252
135
19
-70
-145
-200
-151
-82
-205
-29
107
60
235
113
-2
-37
-203
-93
-209
-75
88
152
26
-19
162
-58
7
238
-37
52
151
-48
-49
-81
78
-43
43
26
-95
-15
-131
-46
-115
-183
45
-16
75
13
118
117
-77
162
-19
159
141
160
35
-288
-14
-351
-262
133
-43
103
117
14
-303
-352
-137
-380
4
175
109
398
375
247
245
89
2
-13
-187
-87
-142
47
62
1
166
-162
43
-147
-99
152
-150
241
72
-88
-62
-319
-9
-258
-13
66
26
252
-77
176
-60
-142
40
-213
-98
-124
-43
14
26
152
70
45
-10
-127
-180
-64
-96
-62
67
147
28
115
248
87
148
368
-4
-27
11
-189
-168
-18
107
208
309
359
37
-105
-218
-456
-407
-460
-97
-63
84
357
108
144
114
-53
-100
-138
23
72
125
351
124
246
243
107
84
93
221
54
-21
135
-205
-121
40
-112
-53
-199
-175
-442
-483
-249
-213
166
485
488
447
97
-48
-256
-501
-199
-119
223
275
366
369
133
279
83
166
151
18
-7
-129
-216
-244
-197
-121
-7
51
-85
145
7
-124
69
-7
-152
-89
60
-236
-71
153
-109
63
116
-53
-166
-108
-145
-171
149
163
233
375
189
-40
-121
-255
-289
-43
144
226
382
284
-1
-211
-387
-528
-286
-113
21
215
230
78
-49
-133
-249
-126
-61
-20
-93
-107
-176
-243
-139
-89
110
172
137
79
-177
-302
-398
-358
-260
-149
203
203
338
343
283
261
140
196
49
140
133
147
216
128
266
125
99
144
-59
-10
-124
-72
-232
-215
-158
-361
-85
-218
-127
-16
19
55
107
323
194
489
470
428
540
341
355
203
285
200
247
353
96
246
-90
-235
-263
-551
-411
-406
-333
-196
-30
46
47
248
91
38
153
-88
-81
68
-47
113
298
192
266
235
31
-123
-171
-340
-423
-203
-351
-250
-107
-298
-205
-268
-344
-338
-296
-266
-248
-72
-93
29
121
62
136
56
-47
-121
-292
-444
-515
-631
-700
-666
-693
-668
-591
-577
-574
-496
-511
-507
-422
-432
-357
-251
-209
-113
-18
-7
73
89
72
126
68
65
9
-49
-110
-150
-107
-136
37
91
170
326
261
324
298
280
319
368
470
515
672
692
736
797
732
776
767
795
807
817
869
859
943
978
977
1006
980
954
855
797
726
645
729
758
835
972
1004
1049
1047
1004
912
835
772
668
600
478
333
189
46
-100
-215
-294
-385
-411
-498
-555
-637
-732
-745
-830
-807
-853
-889
-891
-993
-991
-1068
-1053
-1041
-1044
-960
-1006
-966
-999
-1057
-1069
-1162
-1161
-1228
-1274
-1285
-1362
-1340
-1345
-1318
-1260
-1224
-1118
-1094
-999
-930
-932
-827
-802
-732
-670
-619
-555
-510
-387
-343
-261
-173
-153
-98
-46
1
62
158
249
325
401
464
462
487
487
444
469
473
521
565
628
674
675
742
719
722
755
779
904
1033
1205
1345
1496
1653
1706
1797
1780
1739
1749
1695
1718
1671
1707
1708
1730
1857
1844
1987
1998
2069
2106
2069
2116
1952
1935
1683
1473
1136
615
149
-584
-1066
-1748
-2245
-2724
-3169
-3277
-3520
-3398
-3484
-3301
-3071
-2825
-2324
-2133
-1616
-1364
-924
-567
-339
72
177
632
802
1094
1342
1468
1735
1661
1740
1486
1268
962
435
-20
-710
-1239
-1862
-2399
-2905
-3411
-3679
-3923
-3981
-3987
-3862
-3616
-3272
-2845
-2437
-1976
-1507
-1023
-583
-176
175
529
879
1192
1485
1718
1946
2114
2213
2221
2119
1949
1687
1369
998
614
270
-41
-307
-543
-741
-864
-960
-1006
-1040
-1020
-906
-730
-461
-199
118
447
794
1139
1404
1688
1930
2246
2493
2713
2881
3010
3217
3310
3438
3436
3521
3638
3721
3827
3727
3779
3734
3767
3696
3444
3266
2870
2590
1912
1067
95
-946
-1712
-2745
-3592
-4536
-5140
-5420
-5706
-5673
-5759
-5328
-4785
-4057
-3259
-2650
-1709
-1004
-127
454
923
1475
1818
2328
2431
2639
2730
2860
3028
2842
2737
2362
2162
1784
1229
585
-256
-883
-1647
-2319
-3131
-3879
-4455
-4946
-5216
-5504
-5555
-5494
-5184
-4766
-4263
-3670
-3067
-2363
-1754
-1084
-558
14
507
968
1424
1759
2190
2424
2706
2769
2747
2678
2442
2228
1728
1296
729
244
-193
-742
-1159
-1651
-1899
-2136
-2275
-2375
-2460
-2325
-2182
-1901
-1699
-1437
-1117
-752
-312
47
469
872
1364
1825
2241
2619
2928
3289
3558
3839
4012
4172
4329
4413
4551
4566
4660
4729
4845
4963
4963
5011
4826
4694
4472
4222
3864
3260
2721
2065
1527
537
-750
-2040
-3094
-3736
-4654
-5522
-6401
-6543
-6332
-6218
-5995
-5793
-4893
-4039
-2980
-2167
-1407
-330
461
1485
1985
2622
3145
3697
4269
4166
4259
4045
4196
4088
3568
2915
2006
1607
785
-138
-1425
-2721
-3602
-4541
-5236
-6252
-6956
-7394
-7575
-7426
-7390
-7027
-6542
-5729
-4887
-4145
-3258
-2478
-1610
-967
-474
29
448
846
955
1039
1123
1223
1376
1288
1183
1018
881
683
324
-65
-586
-974
-1406
-1832
-2210
-2594
-2788
-2932
-2912
-2891
-2773
-2561
-2300
-1886
-1534
-1106
-733
-289
184
655
1167
1579
2061
2456
2942
3430
3870
4257
4492
4782
5034
5351
5531
5619
5714
5825
6015
6107
6163
6219
6416
6591
6716
6688
6565
6419
6252
6005
5383
4747
3976
3434
2698
1409
-190
-1852
-2698
-3636
-4609
-5978
-6962
-6847
-6686
-6391
-6696
-6200
-5258
-4108
-2934
-2445
-1286
-348
962
1792
2337
3128
3603
4646
4803
4877
4672
4571
4799
4257
3682
2427
1692
998
-40
-1292
-3076
-4234
-5357
-6123
-7128
-8213
-8778
-9109
-8894
-8806
-8511
-8023
-7154
-5976
-4942
-3895
-2931
-1866
-902
-100
440
942
1365
1630
1655
1519
1490
1317
1221
798
436
113
-218
-521
-1139
-1540
-2120
-2407
-2736
-3100
-3284
-3558
-3401
-3409
-3138
-2908
-2549
-1984
-1605
-922
-497
133
577
1002
1460
1743
2267
2513
2899
3043
3225
3563
3818
4106
4105
4302
4472
4698
4878
4877
4969
5055
5297
5424
5511
5619
5759
5996
6129
6203
6140
6062
5916
5717
5356
4834
4305
3761
3376
2621
1427
-202
-1594
-2404
-3287
-4347
-5928
-6769
-6839
-6690
-6715
-7082
-6491
-5689
-4435
-3496
-2750
-1450
-365
1122
1884
2739
3453
4106
5086
5066
5090
4598
4573
4541
3911
3119
1668
1009
131
-890
-2316
-4063
-5160
-6296
-6997
-8144
-9148
-9651
-9970
-9753
-9723
-9371
-8835
-7816
-6422
-5265
-3934
-2815
-1510
-239
771
1640
2129
2717
2959
3041
2889
2480
2195
1649
1155
396
-270
-804
-1428
-1953
-2693
-3184
-3677
-3986
-4172
-4411
-4406
-4395
-4100
-3787
-3301
-2682
-2055
-1272
-589
231
992
1690
2242
2636
3033
3360
3670
3828
3904
3952
4068
4286
4435
4518
4656
4929
5242
5501
5697
5841
6107
6390
6612
6756
6878
7026
7139
7268
7190
7092
6880
6654
6331
5837
5241
4528
3974
3279
2627
1425
-131
-1750
-2962
-3740
-4889
-6120
-7531
-7753
-7534
-7352
-7301
-7142
-5971
-4920
-3374
-2419
-1178
367
1596
3026
3602
4592
5032
5734
6087
5590
5364
4632
4561
3766
2758
1409
-23
-699
-2061
-3260
-5001
-6319
-7256
-8185
-8797
-9848
-10125
-10307
-10111
-9716
-9363
-8538
-7630
-6119
-4844
-3526
-2168
-894
536
1564
2434
2960
3502
3796
3698
3405
2873
2402
1764
1015
48
-831
-1517
-2139
-2788
-3522
-4033
-4400
-4527
-4683
-4748
-4645
-4383
-3967
-3592
-2952
-2270
-1428
-637
82
892
1678
2561
3066
3448
3709
3995
4339
4361
4334
4151
4213
4304
4356
4394
4328
4552
4748
4995
5082
5145
5314
5465
5621
5623
5661
5749
5842
5911
5874
5789
5714
5571
5402
5003
4604
4109
3652
3181
2578
1709
219
-1219
-2617
-3509
-4574
-5856
-7195
-7966
-7749
-7779
-7613
-7635
-6825
-5724
-4455
-3159
-2254
-623
507
1847
2644
3422
4190
4542
5103
4657
4510
4040
3731
3264
2143
1123
-316
-1048
-2235
-3614
-5067
-6563
-7408
-8423
-9066
-9939
-10399
-10414
-10376
-9855
-9420
-8522
-7490
-6117
-4663
-3356
-1780
-389
1115
2294
3184
3839
4308
4684
4540
4178
3562
2940
2264
1372
303
-771
-1586
-2324
-3013
-3724
-4297
-4667
-4784
-4882
-4954
-4808
-4498
-3999
-3521
-2842
-2066
-1105
-144
669
1574
2470
3477
4191
4692
5038
5362
5746
5835
5803
5612
5574
5620
5633
5614
5478
5570
5709
5892
5985
6040
6198
6287
6463
6437
6504
6540
6585
6674
6563
6570
6242
6102
5668
5235
4781
3970
3418
2454
2004
677
-914
-2668
-4312
-4980
-6394
-7304
-8958
-9222
-8894
-8703
-8066
-8164
-6542
-5522
-3602
-2311
-1143
808
1671
3495
3803
4901
5286
5564
6040
5118
5159
4005
3884
2954
1708
516
-1310
-1848
-3545
-4692
-6472
-7847
-8613
-9691
-9962
-10957
-10919
-10956
-10582
-9806
-9181
-7840
-6860
-5144
-3748
-2207
-606
671
2185
3062
4078
4489
4824
4911
4524
4151
3246
2555
1493
509
-573
-1728
-2507
-3431
-3956
-4668
-5040
-5261
-5378
-5219
-5224
-4800
-4440
-3793
-3193
-2534
-1592
-726
327
1079
1963
2848
3747
4548
4963
5361
5619
5927
6008
5880
5689
5474
5401
5292
5144
4976
4876
4948
5060
5143
5217
5269
5431
5532
5644
5708
5712
5760
5756
5840
5741
5547
5253
4886
4582
4141
3586
2904
2252
1726
754
-664
-2373
-3751
-4562
-5569
-6751
-8143
-8495
-8176
-7907
-7761
-7587
-6279
-4903
-3374
-2255
-1059
602
1861
3190
3717
4388
4850
5219
5438
4787
4292
3454
3112
2381
1112
-305
-1781
-2582
-3894
-5356
-7059
-8397
-9184
-10046
-10728
-11492
-11642
-11479
-11087
-10404
-9607
-8367
-6971
-5275
-3643
-2029
-318
1317
2868
3983
4867
5511
5978
6045
5601
4950
4130
3299
2135
816
-540
-1734
-2675
-3711
-4624
-5486
-5872
-6067
-6197
-6229
-6195
-5644
-5058
-4332
-3747
-2916
-1726
-557
622
1471
2621
3813
5011
5877
6381
6949
7363
7807
7774
7566
7285
7075
6966
6626
6321
5961
5860
5816
5750
5705
5630
5753
5786
5839
5846
5869
5914
5842
5858
5724
5618
5355
5004
4591
4081
3648
2981
2400
1626
929
-197
-1712
-3218
-4437
-5148
-6352
-7546
-8562
-8475
-8084
-7973
-7746
-7098
-5453
-4133
-2794
-1690
-167
1483
2572
3541
3951
4743
5112
5360
5085
4335
3826
3099
2744
1582
264
-1128
-2175
-2977
-4526
-6018
-7603
-8398
-9157
-10036
-10726
-11217
-10892
-10656
-10099
-9441
-8373
-6857
-5375
-3656
-2270
-539
1138
2700
3911
4592
5384
5812
6097
5613
4859
4085
3235
2348
917
-381
-1670
-2556
-3423
-4409
-5174
-5785
-5823
-5921
-5896
-5845
-5492
-4750
-4119
-3393
-2763
-1697
-517
606
1617
2486
3684
4760
5740
6318
6753
7167
7369
7441
7097
6765
6339
5947
5520
4995
4624
4275
4084
3855
3726
3703
3744
3793
3772
3814
3979
4135
4166
4142
4120
4264
4260
4227
3910
3566
3288
2946
2713
2035
1562
677
-434
-1827
-3234
-3999
-5173
-6168
-7657
-8170
-8031
-8023
-7871
-7874
-6500
-5458
-4077
-3057
-1787
90
1121
2321
2665
3777
4408
4756
4804
4031
3922
3246
3169
2239
1041
-105
-1217
-1599
-3065
-4468
-6198
-7113
-7744
-8841
-9708
-10711
-10511
-10349
-10049
-9653
-8938
-7388
-5908
-4089
-2727
-1015
955
2752
4351
5120
5974
6546
7068
6877
5922
5037
4045
3327
1921
377
-1132
-2267
-2982
-4087
-4934
-5790
-5965
-6041
-6088
-6003
-5895
-5157
-4604
-3833
-3191
-2220
-1003
106
1328
2250
3546
4668
5716
6480
7026
7593
7759
7864
7580
7366
7019
6553
6068
5491
5255
4980
4806
4489
4321
4403
4514
4662
4533
4563
4704
4959
5019
4803
4686
4675
4789
4659
4242
3691
3254
2982
2568
1876
1151
221
-1015
-2474
-3779
-4698
-5766
-6950
-8285
-8672
-8425
-8290
-8199
-7817
-6374
-5038
-3624
-2499
-998
873
2129
3202
3728
4732
5306
5649
5535
4803
4422
3797
3592
2629
1354
64
-922
-1387
-2764
-4300
-6011
-6877
-7512
-8549
-9559
-10537
-10444
-10303
-9998
-9641
-8958
-7580
-6118
-4336
-2915
-1242
561
2307
3828
4606
5311
5768
6141
5787
4801
3811
2858
2027
679
-734
-2067
-3012
-3712
-4519
-5154
-5693
-5836
-5875
-5751
-5587
-5294
-4780
-4277
-3654
-2991
-2077
-1127
-108
879
1921
3069
4096
5022
5716
6392
6824
7050
7025
6851
6665
6290
5887
5335
4941
4636
4407
4221
3969
3944
3954
4167
4286
4368
4476
4563
4801
4817
4881
4760
4734
4659
4503
4281
3753
3382
2872
2597
2057
1516
556
-872
-2180
-3415
-4054
-5277
-6575
-7950
-8233
-7863
-7974
-7972
-7805
-6273
-5005
-3739
-2790
-1390
608
1736
2731
3067
4174
4873
5262
5100
4308
4101
3627
3638
2622
1331
67
-689
-980
-2396
-3959
-5697
-6369
-7019
-8062
-9206
-10246
-10212
-10227
-9962
-9746
-9075
-7873
-6516
-4802
-3362
-1565
215
1939
3314
4186
5123
5742
6010
5384
4486
3769
3015
2086
535
-835
-1895
-2564
-3310
-4273
-4924
-5306
-5252
-5411
-5532
-5465
-5094
-4582
-4318
-3929
-3359
-2334
-1382
-536
349
1481
2841
3955
4839
5502
6294
6933
7291
7271
7117
7048
6888
6601
6077
5762
5575
5525
5349
5157
5204
5341
5597
5650
5753
5820
5929
5968
5806
5639
5435
5282
4952
4390
3796
3346
2952
2414
1725
1163
257
-993
-2415
-3456
-4016
-5110
-6475
-7797
-7824
-7505
-7585
-7701
-7393
-5877
-4696
-3468
-2443
-825
955
1960
2987
3627
4778
5247
5505
5354
4814
4565
4002
3842
2807
1602
420
-254
-717
-2149
-3608
-5084
-5710
-6523
-7610
-8661
-9471
-9571
-9843
-9669
-9423
-8751
-7841
-6741
-5231
-3847
-2075
-522
1102
2276
3194
4156
4750
4982
4226
3581
2885
2292
1240
-269
-1382
-2322
-2798
-3764
-4495
-5063
-5186
-5152
-5412
-5380
-5387
-4838
-4572
-4286
-4049
-3525
-2621
-1938
-1133
-501
668
1842
2922
3708
4392
5268
5880
6333
6341
6409
6386
6285
5991
5610
5422
5224
5132
4912
4907
4997
5170
5375
5493
5750
5885
6093
6085
5943
5804
5534
5387
4819
4233
3495
2898
2481
1788
1282
103
-1007
-2227
-3041
-3698
-5027
-6170
-7348
-7286
-7394
-7661
-7832
-7460
-6085
-5330
-4237
-3287
-1498
159
1187
2216
3000
4370
4891
5279
5110
4863
4740
4274
3984
2902
1993
994
400
-307
-1637
-2767
-3898
-4483
-5516
-6532
-7308
-7820
-8010
-8517
-8506
-8236
-7513
-6795
-6030
-4805
-3529
-1905
-561
841
1979
2813
3613
4060
4395
3990
3412
2726
2063
1318
139
-901
-1913
-2506
-3193
-3826
-4318
-4680
-4737
-4909
-4875
-4921
-4718
-4491
-4242
-3871
-3515
-2905
-2350
-1593
-840
56
979
1808
2703
3466
4229
4710
5132
5461
5716
5876
5779
5695
5616
5613
5578
5477
5461
5531
5730
5951
6068
6313
6559
6890
7021
6960
6938
6799
6749
6177
5573
4801
4077
3474
2557
1807
309
-1036
-2376
-3180
-3877
-5356
-6521
-7489
-7140
-7205
-7530
-7663
-7156
-5722
-5088
-4158
-3296
-1566
-58
773
1716
2515
3943
4552
4972
4881
4820
5029
4819
4533
3391
2540
1798
1261
332
-1225
-2388
-3351
-3954
-5126
-6279
-7007
-7298
-7435
-7887
-7933
-7603
-6785
-6056
-5335
-4420
-3261
-1835
-635
403
1107
1827
2494
2958
2988
2591
2223
1864
1448
647
-190
-909
-1444
-2014
-2716
-3243
-3635
-3806
-4139
-4442
-4657
-4656
-4514
-4491
-4368
-4178
-3686
-3188
-2640
-2062
-1375
-511
209
952
1596
2303
2826
3203
3564
3848
4157
4225
4283
4342
4508
4650
4673
4721
4828
5123
5373
5563
5708
6013
6389
6709
6847
6872
6952
7017
6948
6432
5860
5131
4559
3821
2893
1709
26
-1372
-2665
-3326
-4537
-5938
-6972
-7166
-6648
-6988
-7057
-6839
-5479
-4453
-3915
-3148
-2046
-292
371
956
1429
2548
3503
3781
3910
3726
4203
4390
4490
3844
2967
2507
2151
1649
120
-1326
-2370
-3034
-4101
-5590
-6562
-7025
-7113
-7453
-7551
-7122
-6253
-5299
-4427
-3376
-2184
-928
158
960
1518
1921
2095
2146
1768
1309
740
242
-348
-1000
-1337
-1777
-1986
-2443
-2601
-2715
-2686
-2766
-3147
-3300
-3554
-3462
-3711
-3844
-4001
-3905
-3563
-3274
-2757
-2389
-1658
-988
-175
557
1169
1735
2074
2510
2728
2948
3019
3051
3124
3138
3340
3462
3641
3833
4124
4565
4901
5359
5774
6275
6729
7156
7567
7836
8156
8302
8222
7888
7462
7064
6546
5678
4485
2856
1240
-243
-1415
-2813
-4664
-6052
-6689
-6445
-6826
-7277
-7082
-5882
-4472
-3884
-3139
-2097
-366
610
981
1393
2133
3037
3163
3107
2917
3167
3449
3504
3247
2638
2413
2336
2056
1001
-323
-1206
-1972
-3097
-4734
-5992
-6688
-7239
-7878
-8343
-7984
-7222
-6360
-5503
-4321
-2735
-1224
133
1070
1914
2513
2890
2969
2502
1844
1030
444
-353
-1188
-1904
-2426
-2673
-2991
-3108
-3207
-3018
-2961
-3020
-3096
-3128
-3023
-3160
-3303
-3514
-3436
-3259
-3008
-2719
-2429
-1893
-1290
-538
69
608
1050
1410
1799
1973
2106
2099
2126
2063
1964
2043
2124
2311
2300
2471
2759
3192
3609
3900
4331
4719
5329
5675
6126
6491
6902
7081
7000
7032
6900
6964
6437
5790
4502
3205
2035
939
-227
-2240
-3702
-4701
-4713
-5334
-6206
-6361
-5640
-4371
-4020
-3380
-2490
-870
204
604
1098
1737
2673
2797
2740
2511
2592
2780
2746
2547
1971
1815
1858
1773
1030
10
-568
-1086
-1983
-3413
-4526
-5164
-5815
-6602
-7230
-7105
-6688
-6170
-5506
-4545
-3209
-1946
-634
315
1137
1794
2303
2644
2303
1828
1168
823
259
-495
-1184
-1773
-1920
-2237
-2355
-2647
-2697
-2767
-2909
-2988
-3210
-3257
-3547
-3587
-3623
-3449
-3252
-2983
-2466
-1954
-1232
-644
88
660
1177
1548
1763
2020
2062
2123
1932
1812
1675
1606
1651
1604
1670
1654
1911
2232
2530
2807
3074
3557
3935
4310
4668
5109
5569
5819
6026
6178
6318
6419
6354
6190
5491
4412
3383
2620
1936
465
-1122
-2255
-2485
-2773
-3733
-4309
-4154
-3183
-2809
-2608
-2068
-951
242
583
913
1287
2143
2582
2560
2358
2162
2396
2454
2388
1774
1370
1333
1309
796
-231
-887
-1382
-2053
-3295
-4332
-4918
-5392
-6068
-6715
-6657
-6266
-5686
-5252
-4502
-3471
-2319
-1259
-627
-3
426
982
1082
861
516
247
191
-211
-486
-795
-726
-741
-866
-943
-1021
-937
-1275
-1670
-2154
-2378
-2676
-3212
-3646
-3835
-3570
-3392
-3169
-2834
-2138
-1310
-651
-65
449
1046
1378
1511
1512
1586
1620
1442
1200
1021
1121
1212
1293
1254
1374
1673
1998
2243
2284
2509
2699
2966
3004
3060
3250
3379
3628
3579
3782
3799
3998
4154
4156
4009
3143
2613
1980
1801
922
-272
-1076
-1390
-1119
-1800
-2099
-2181
-1358
-830
-763
-347
190
1243
1367
1549
1598
2021
2358
2166
2049
1620
1779
1756
1800
1347
866
878
840
622
-339
-875
-1269
-1699
-2675
-3677
-4062
-4404
-4762
-5387
-5319
-4884
-4320
-3868
-3405
-2526
-1770
-999
-665
-356
-182
-123
-144
-522
-774
-1138
-1228
-1415
-1489
-1377
-1244
-951
-883
-592
-464
-373
-538
-813
-983
-1329
-1646
-2161
-2381
-2532
-2533
-2470
-2288
-1818
-1353
-800
-411
125
622
1029
1198
1178
1300
1405
1453
1181
953
903
989
1033
898
916
1090
1405
1672
1819
2060
2343
2692
2891
2965
3136
3194
3392
3302
3323
3257
3159
3162
2930
2857
2030
1332
585
378
55
-908
-1487
-1786
-1116
-1185
-1215
-1010
-181
710
729
1132
1579
2542
2653
2472
2463
2655
3098
2858
2760
2399
2491
2625
2622
2349
1697
1496
1202
815
-197
-1080
-1693
-2364
-3274
-4243
-4591
-4778
-5000
-5354
-5202
-4589
-3905
-3398
-2967
-2320
-1665
-1030
-694
-512
-527
-490
-465
-601
-892
-1198
-1225
-1286
-1410
-1590
-1517
-1362
-1403
-1575
-1665
-1535
-1524
-1688
-1895
-1893
-1792
-1768
-1795
-1724
-1479
-1221
-987
-784
-472
-144
167
421
666
931
1126
1302
1425
1569
1620
1568
1437
1279
1136
943
717
484
376
395
507
627
816
1159
1633
2031
2313
2601
2934
3241
3224
3108
2932
2880
2674
2210
1431
344
-396
-951
-1192
-1926
-2663
-2818
-2335
-1715
-1776
-1436
-675
422
724
755
1355
2220
2736
2321
2307
2742
3414
3535
3363
3456
3607
3914
3856
3719
3144
2556
2057
1412
493
-723
-1486
-2248
-3051
-3951
-4208
-3986
-4021
-4215
-4164
-3314
-2630
-2344
-2332
-1963
-1401
-1240
-1220
-1343
-1096
-953
-819
-779
-689
-351
-163
-11
-261
-300
-328
-499
-1030
-1722
-1990
-2240
-2497
-2991
-3094
-2914
-2658
-2451
-2276
-1842
-1538
-1190
-1018
-717
-422
-139
204
499
1008
1452
1947
2281
2686
3151
3427
3385
3073
2897
2684
2247
1498
917
631
453
245
97
305
735
1136
1462
1799
2208
2567
2658
2519
2193
2016
1738
1308
348
-958
-1899
-2502
-2649
-3241
-3811
-3896
-3240
-2377
-2140
-1794
-1113
-60
277
121
371
1110
1687
1387
1211
1767
2771
3401
3532
3807
4271
4726
4838
4575
3982
3164
2421
1570
422
-868
-1767
-2317
-2968
-3687
-3865
-3375
-3020
-3095
-3091
-2458
-1818
-1677
-1908
-1838
-1524
-1501
-1536
-1544
-1153
-889
-576
-265
128
580
746
928
649
485
184
-112
-678
-1435
-1816
-2167
-2331
-2742
-2777
-2644
-2483
-2342
-2249
-1932
-1902
-1902
-1900
-1705
-1475
-1365
-1082
-593
54
677
1229
1910
2656
3349
3845
4012
4175
4220
4178
3775
3115
2709
2393
2118
1637
1297
1396
1630
1813
1880
2130
2553
2828
2904
2719
2491
2309
1880
1290
86
-1315
-2454
-3228
-3586
-4361
-4889
-4978
-4280
-3510
-3242
-2727
-1985
-915
-645
-664
-341
434
1002
781
735
1298
2360
2980
3192
3323
3701
4004
4021
3670
2909
2152
1329
616
-407
-1386
-2009
-2325
-2700
-3202
-3160
-2622
-2196
-2359
-2540
-2187
-1706
-1687
-1976
-2085
-1801
-1680
-1553
-1372
-982
-518
-257
206
412
708
709
665
432
-49
-286
-610
-894
-1467
-1800
-1863
-1798
-1898
-1979
-1807
-1572
-1390
-1382
-1220
-1201
-1191
-1270
-1197
-1034
-905
-763
-548
-238
27
405
811
1345
1711
2142
2559
3037
3379
3492
3536
3506
3551
3471
3340
3056
2979
2935
3043
3035
3090
3320
3479
3736
3659
3620
3389
3084
2601
1571
142
-1427
-2545
-3185
-3904
-4723
-5270
-5039
-4321
-3907
-3536
-2991
-2117
-1614
-1571
-1402
-772
15
252
276
633
1656
2683
3340
3534
3578
3684
3703
3513
2729
1628
464
-436
-1180
-2016
-2775
-3242
-3375
-3444
-3363
-2996
-2357
-1994
-2002
-1998
-1885
-1451
-1483
-1518
-1723
-1797
-1419
-1239
-540
-437
-129
129
502
950
722
703
391
390
-17
-411
-709
-820
-984
-1474
-1717
-1822
-1495
-1551
-1559
-1641
-1286
-823
-614
-536
-575
-289
-72
161
12
43
21
145
83
83
395
717
1185
1205
1607
1969
2464
2514
2314
2285
2331
2533
2283
2269
2264
2674
2973
3284
3654
4017
4499
4556
4550
4276
4096
3584
2463
786
-771
-1685
-2125
-2705
-3548
-3984
-3722
-2942
-2588
-2361
-2181
-1773
-1575
-1686
-1597
-1228
-556
-280
-30
428
1443
2596
3408
3685
3534
3376
3255
3061
2275
1078
-223
-1047
-1566
-2073
-2681
-3134
-3175
-3104
-2962
-2831
-2514
-2306
-2288
-2438
-2509
-2366
-2182
-2017
-1934
-1823
-1559
-1099
-574
-198
-144
-74
37
183
83
-174
-304
-354
-379
-579
-727
-842
-1016
-1399
-1786
-2052
-2137
-2193
-2248
-2064
-1696
-1095
-640
-225
99
433
758
862
840
658
540
407
357
408
687
1062
1438
1776
2136
2554
2707
2646
2306
2071
1856
1630
1409
1266
1425
1684
2092
2505
3029
3524
3918
4060
4081
3973
3618
2780
1376
-24
-1107
-1493
-1732
-1930
-2149
-2086
-1626
-1177
-736
-588
-470
-597
-782
-911
-767
-300
180
607
915
1472
2226
3098
3555
3438
2843
2163
1670
1133
446
-536
-1380
-1981
-2248
-2429
-2593
-2677
-2756
-2788
-2928
-2964
-2940
-2804
-2757
-2803
-2795
-2580
-2030
-1435
-921
-708
-549
-354
-117
-39
-340
-829
-1392
-1692
-1755
-1630
-1475
-1361
-1281
-1295
-1358
-1527
-1771
-2156
-2597
-3041
-3294
-3174
-2664
-1930
-1261
-693
-199
355
897
1266
1329
1132
877
700
669
778
1016
1337
1710
2096
2499
2861
3091
3081
2847
2528
2253
2043
1876
1777
1775
1945
2235
2628
3027
3361
3536
3531
3453
3349
3171
2606
1532
109
-1135
-1813
-1889
-1677
-1499
-1387
-1289
-1055
-771
-421
-161
-58
-132
-303
-272
120
932
1826
2597
3132
3575
4042
4447
4573
4195
3425
2431
1524
734
80
-501
-1011
-1409
-1791
-2134
-2474
-2718
-2917
-3133
-3424
-3726
-3884
-3793
-3449
-3019
-2558
-2098
-1534
-886
-276
143
265
154
-170
-622
-1122
-1536
-1747
-1725
-1551
-1362
-1249
-1213
-1256
-1445
-1812
-2344
-2969
-3589
-4062
-4325
-4327
-4061
-3531
-2846
-2167
-1588
-1155
-840
-631
-448
-350
-275
-189
-46
234
593
1089
1558
2027
2370
2624
2733
2691
2567
2352
2245
2163
2236
2317
2518
2766
3044
3365
3567
3765
3682
3541
3172
2827
2411
1873
1113
6
-1037
-1927
-2153
-2029
-1539
-1171
-975
-937
-1058
-997
-978
-676
-537
-297
-179
118
675
1476
2583
3542
4480
4940
5251
5160
4913
4455
3844
3235
2431
1757
977
467
-1
-280
-577
-1023
-1524
-2155
-2616
-3049
-3254
-3349
-3290
-3046
-2710
-2173
-1660
-1009
-374
269
763
880
679
-50
-891
-1870
-2468
-2629
-2311
-1590
-1018
-558
-713
-958
-1512
-1978
-2555
-3141
-3743
-4393
-4652
-4736
-4265
-3717
-2858
-2209
-1706
-1500
-1632
-1854
-2248
-2226
-2117
-1593
-1191
-693
-398
-91
253
602
984
1124
1275
1107
998
711
661
728
1094
1654
2228
2803
3113
3438
3502
3662
3581
3555
3330
3082
2714
2161
1520
605
-166
-907
-1111
-1079
-642
-239
36
7
-345
-698
-1106
-1143
-1084
-652
-218
366
955
1584
2281
2917
3639
4141
4573
4654
4599
4276
3917
3543
3256
3045
2823
2625
2317
1967
1450
898
212
-433
-1097
-1601
-2053
-2349
-2533
-2539
-2307
-1924
-1283
-719
-98
156
274
-8
-342
-685
-885
-789
-667
-310
-232
-53
-162
-213
-450
-702
-960
-1317
-1574
-2029
-2389
-2992
-3371
-3697
-3706
-3613
-3473
-3347
-3451
-3529
-3764
-3797
-3842
-3563
-3128
-2472
-1856
-1365
-1051
-940
-810
-697
-419
-231
9
73
102
1
-93
-90
17
380
812
1399
1813
2162
2250
2237
2097
1925
1792
1649
1581
1360
1087
577
47
-508
-845
-918
-742
-332
80
459
552
455
142
-169
-380
-354
-62
398
989
1531
2026
2350
2624
2822
3046
3244
3408
3486
3407
3224
2916
2641
2380
2247
2197
2238
2284
2243
2093
1753
1321
788
321
-99
-403
-637
-808
-920
-1015
-1018
-991
-847
-672
-429
-221
-80
-12
-24
-30
-39
52
179
386
594
743
763
581
198
-371
-1035
-1705
-2245
-2642
-2842
-2877
-2840
-2821
-2836
-2992
-3187
-3405
-3610
-3664
-3674
-3537
-3328
-3044
-2757
-2475
-2185
-1954
-1674
-1454
-1225
-1045
-963
-915
-956
-1031
-1097
-1121
-1019
-784
-427
26
474
864
1098
1202
1141
978
789
580
446
323
225
136
5
-133
-294
-424
-504
-510
-410
-244
-23
179
347
474
534
599
654
758
936
1166
1484
1845
2228
2600
2930
3203
3388
3479
3473
3386
3252
3095
2947
2826
2728
2657
2580
2490
2362
2189
1996
1778
1553
1322
1099
891
699
556
467
454
517
626
767
868
908
863
739
598
466
414
457
607
837
1060
1238
1282
1151
847
366
-224
-868
-1468
-1949
-2273
-2391
-2347
-2181
-1990
-1860
-1846
-2012
-2304
-2675
-3030
-3267
-3354
-3247
-3001
-2690
-2372
-2130
-1967
-1890
-1875
-1884
-1898
-1894
-1895
-1888
-1880
-1863
-1788
-1657
-1448
-1175
-888
-624
-446
-366
-383
-498
-655
-850
-1045
-1224
-1398
-1544
-1666
-1730
-1750
-1708
-1607
-1499
-1370
-1277
-1215
-1167
-1136
-1045
-895
-648
-303
116
594
1066
1519
1918
2252
2514
2714
2881
2999
3098
3178
3216
3220
3162
3042
2853
2600
2314
2022
1742
1502
1333
1221
1179
1193
1242
1319
1397
1478
1557
1621
1674
1720
1764
1782
1796
1797
1795
1807
1825
1881
1949
2034
2124
2173
2174
2086
1905
1629
1263
846
410
-4
-360
-612
-761
-825
-809
-766
-740
-766
-870
-1032
-1234
-1434
-1604
-1715
-1752
-1731
-1664
-1591
-1518
-1471
-1450
-1432
-1450
-1489
-1560
-1672
-1807
-1961
-2106
-2202
-2221
-2162
-2040
-1904
-1816
-1816
-1944
-2197
-2535
-2894
-3204
-3405
-3467
-3393
-3211
-2983
-2756
-2572
-2453
-2386
-2348
-2304
-2219
-2067
-1817
-1484
-1084
-649
-219
172
495
735
891
975
1020
1067
1133
1228
1362
1509
1649
1749
1792
1759
1658
1520
1373
1242
1151
1131
1174
1263
1391
1549
1729
1930
2152
2395
2653
2896
3110
3270
3360
3379
3339
3267
3177
3093
3027
2976
2933
2894
2854
2805
2752
2685
2595
2472
2305
2106
1876
1631
1406
1218
1063
932
809
678
526
357
196
58
-44
-122
-195
-282
-423
-616
-834
-1034
-1179
-1235
-1196
-1103
-1014
-987
-1054
-1219
-1451
-1697
-1909
-2063
-2156
-2224
-2308
-2435
-2623
-2852
-3087
-3291
-3424
-3486
-3492
-3475
-3476
-3519
-3606
-3715
-3814
-3863
-3836
-3718
-3526
-3287
-3015
-2747
-2495
-2256
-2026
-1806
-1593
-1376
-1158
-961
-792
-658
-560
-499
-454
-410
-349
-253
-117
40
200
337
439
508
565
631
726
865
1045
1252
1453
1633
1789
1929
2075
2255
2494
2787
3111
3424
3683
3852
3912
3875
3785
3690
3612
3563
3540
3522
3488
3431
3379
3345
3328
3332
3330
3277
3135
2886
2559
2200
1862
1603
1444
1359
1300
1206
1029
765
431
81
-228
-464
-628
-752
-864
-1013
-1220
-1467
-1708
-1907
-2030
-2077
-2072
-2040
-2024
-2047
-2100
-2149
-2176
-2148
-2065
-1961
-1860
-1805
-1815
-1884
-1988
-2105
-2208
-2273
-2294
-2288
-2277
-2281
-2308
-2363
-2451
-2553
-2645
-2725
-2793
-2842
-2871
-2875
-2848
-2789
-2684
-2532
-2350
-2145
-1929
-1708
-1494
-1291
-1085
-887
-696
-504
-296
-65
181
434
688
923
1114
1263
1384
1467
1519
1540
1546
1552
1559
1583
1624
1698
1793
1893
1999
2113
2227
2344
2473
2585
2656
2692
2698
2683
2662
2650
2655
2666
2667
2641
2583
2512
2437
2354
2275
2197
2102
1972
1800
1603
1394
1186
1005
863
755
658
557
438
293
130
-24
-140
-215
-243
-240
-234
-250
-310
-403
-530
-656
-769
-857
-916
-962
-1005
-1058
-1113
-1174
-1237
-1279
-1307
-1337
-1366
-1400
-1450
-1496
-1543
-1573
-1581
-1577
-1541
-1491
-1439
-1394
-1359
-1324
-1282
-1235
-1184
-1123
-1062
-1018
-995
-984
-978
-973
-949
-904
-852
-790
-720
-646
-582
-540
-520
-518
-523
-532
-527
-489
-427
-343
-272
-211
-179
-178
-191
-219
-254
-295
-332
-363
-393
-413
-424
-423
-410
-393
-367
-330
-280
-218
-142
-51
35
108
174
229
286
354
452
579
718
864
1007
1144
1255
1336
1390
1417
1425
1419
1419
1434
1461
1482
1507
1523
1515
1481
1419
1348
1267
1182
1105
1040
1002
979
962
956
951
937
913
889
854
823
801
786
781
781
788
798
793
778
763
740
706
662
624
578
532
488
435
373
302
206
101
-14
-139
-253
-371
-485
-596
-705
-805
-906
-1008
-1108
-1197
-1283
-1366
-1438
-1502
-1565
-1623
-1681
-1735
-1782
-1822
-1857
-1891
-1921
-1946
-1966
-1977
-1981
-1984
-1981
-1973
-1971
-1960
-1940
-1914
-1879
-1838
-1782
-1719
-1656
-1591
-1518
-1444
-1356
-1259
-1152
-1031
-899
-761
-618
-472
-336
-204
-88
13
116
221
330
454
594
745
897
1051
1186
1311
1417
1512
1606
1696
1798
1909
2023
2128
2225
2308
2375
2416
2445
2468
2484
2501
2516
2523
2515
2498
2467
2422
2369
2307
2236
2167
2094
2015
1927
1841
1744
1637
1525
1407
1290
1170
1041
914
793
666
536
405
271
142
14
-113
-237
-360
-478
-596
-713
-825
-933
-1035
-1139
-1232
-1321
-1410
-1494
-1572
-1636
-1700
-1751
-1798
-1844
-1883
-1916
-1950
-1977
-1996
-2014
-2015
-2013
-2005
-1992
-1976
-1956
-1935
-1909
-1883
-1858
-1826
-1784
-1742
-1696
-1642
-1584
-1526
-1470
-1411
-1351
-1283
-1207
-1124
-1037
-937
-830
-723
-608
-493
-374
-250
-131
-8
119
246
378
509
633
751
860
964
1049
1127
1190
1243
1280
1306
1332
1348
1361
1375
1387
1401
1413
1415
1415
1404
1389
1374
1365
1363
1366
1377
1396
1420
1433
1436
1436
1428
1407
1375
1340
1302
1268
1228
1181
1129
1067
993
911
815
713
604
495
391
283
184
93
5
-78
-160
-236
-305
-368
-429
-485
-533
-570
-605
-628
-646
-663
-669
-670
-670
-672
-671
-670
-676
-687
-705
-722
-737
-757
-773
-782
-783
-789
-796
-801
-813
-830
-848
-874
-902
-919
-934
-939
-944
-940
-934
-931
-923
-922
-923
-926
-924
-916
-906
-881
-849
-815
-771
-724
-671
-618
-568
-512
-455
-396
-329
-262
-194
-122
-49
23
94
163
230
293
351
412
473
528
579
623
667
705
741
765
789
813
824
834
850
863
873
882
893
906
911
923
935
938
948
955
967
983
992
1010
1025
1032
1034
1034
1025
1005
971
934
899
853
805
759
715
666
608
544
484
420
356
283
214
160
103
52
10
-24
-50
-77
-92
-106
-126
-141
-157
-177
-194
-217
-237
-257
-275
-301
-332
-360
-393
-434
-477
-523
-580
-634
-687
-744
-795
-839
-879
-925
-966
-996
-1026
-1057
-1084
-1103
-1123
-1132
-1124
-1119
-1098
-1075
-1040
-1008
-976
-932
-890
-854
-816
-783
-752
-717
-673
-632
-589
-546
-504
-462
-425
-389
-359
-323
-282
-236
-198
-155
-105
-59
-19
24
67
106
141
174
213
252
290
328
364
398
431
468
500
534
570
609
644
689
738
780
827
873
913
948
973
993
1012
1028
1041
1053
1062
1070
1074
1084
1085
1076
1066
1047
1023
987
948
915
878
831
788
750
703
661
621
572
525
477
423
368
310
245
189
127
64
2
-69
-131
-196
-255
-316
-376
-430
-485
-535
-579
-623
-663
-700
-730
-761
-790
-815
-839
-862
-887
-906
-920
-937
-941
-936
-936
-935
-927
-921
-906
-898
-892
-883
-877
-868
-853
-835
-817
-791
-763
-735
-703
-671
-634
-600
-560
-515
-471
-427
-380
-329
-283
-234
-187
-140
-94
-48
-7
42
91
130
179
228
270
308
343
373
406
440
467
495
522
549
578
606
633
662
682
698
710
719
733
734
734
737
742
738
742
744
740
742
739
737
723
716
705
691
680
661
640
617
596
576
551
525
496
474
440
406
378
340
298
256
219
184
148
114
82
58
32
2
-27
-52
-77
-107
-141
-176
-200
-232
-268
-301
-333
-359
-385
-417
-443
-471
-500
-524
-552
-575
-595
-620
-638
-656
-669
-677
-682
-691
-694
-688
-686
-679
-670
-655
-635
-616
-599
-576
-547
-521
-493
-469
-443
-415
-394
-363
-338
-313
-290
-265
-232
-203
-173
-145
-118
-89
-58
-35
-13
2
18
42
59
69
84
102
121
142
159
183
201
217
236
252
267
280
283
297
310
315
320
333
349
357
373
380
391
398
401
400
398
395
383
378
374
370
368
362
365
366
360
357
348
344
337
318
300
293
277
260
254
240
231
222
210
205
190
180
166
152
138
118
100
89
70
54
30
8
-2
-26
-45
-63
-84
-103
-130
-153
-170
-192
-213
-229
-242
-248
-257
-262
-260
-268
-279
-282
-288
-287
-291
-302
-302
-309
-321
-326
-326
-323
-322
-329
-331
-335
-335
-332
-330
-319
-310
-306
-299
-289
-281
-267
-255
-245
-227
-218
-207
-189
-173
-152
-127
-112
-95
-73
-55
-34
-20
4
22
32
48
58
72
87
101
116
137
148
159
176
186
204
217
228
238
243
253
260
263
275
282
281
294
295
293
299
300
308
313
313
317
314
315
322
319
324
325
317
312
301
295
294
289
279
265
253
246
233
221
217
213
193
168
160
146
120
113
93
59
39
17
-11
-28
-46
-66
-94
-113
-127
-148
-155
-165
-185
-204
-217
-238
-246
-251
-270
-278
-292
-312
-326
-334
-336
-346
-353
-358
-372
-373
-368
-367
-355
-351
-356
-354
-350
-338
-326
-320
-303
-301
-298
-282
-273
-259
-237
-226
-218
-200
-184
-162
-145
-129
-100
-91
-82
-61
-43
-15
-3
9
29
44
61
82
95
113
126
135
158
168
180
198
205
212
226
236
240
252
257
263
263
268
280
282
285
294
288
287
290
285
287
281
277
275
257
254
247
239
233
216
209
208
183
178
180
165
151
136
129
107
94
88
60
43
33
6
-6
-15
-31
-48
-65
-70
-80
-96
-99
-107
-122
-125
-139
-149
-143
-156
-166
-169
-176
-190
-199
-201
-202
-207
-208
-211
-219
-209
-216
-216
-203
-198
-202
-204
-200
-189
-181
-180
-171
-168
-162
-155
-146
-137
-121
-124
-115
-105
-97
-81
-75
-59
-40
-42
-34
-15
-5
6
6
24
35
33
48
58
64
82
79
82
96
97
106
112
115
117
121
122
125
124
127
128
124
132
135
133
135
134
132
134
129
127
131
128
129
123
121
119
114
117
113
106
110
108
100
94
96
95
86
77
72
66
63
55
44
44
32
28
24
24
15
9
3
2
-1
-6
-5
-22
-16
-28
-35
-45
-46
-40
-51
-57
-62
-59
-66
-67
-78
-72
-75
-92
-89
-90
-96
-102
-111
-111
-110
-113
-116
-109
-109
-110
-103
-99
-97
-101
-95
-96
-97
-90
-87
-87
-87
-87
-78
-76
-84
-80
-67
-63
-62
-59
-51
-45
-46
-43
-30
-23
-23
-14
-4
2
5
9
12
13
21
23
25
25
28
31
29
32
38
43
46
52
57
64
60
59
68
72
64
67
65
67
62
56
57
53
54
46
53
46
51
48
50
53
55
61
53
56
46
53
40
40
42
44
44
26
33
34
32
23
26
29
16
12
6
11
-1
-8
-3
-5
-8
-22
-18
-24
-22
-26
-26
-20
-23
-26
-29
-22
-24
-22
-27
-28
-28
-33
-29
-30
-38
-34
-30
-31
-30
-29
-25
-21
-22
-17
-14
-6
-2
-4
4
8
0
3
4
3
2
0
3
0
-1
-5
-3
-1
1
0
1
4
3
6
2
0
7
7
7
-6
-1
0
-1
-12
-13
-2
-8
-8
-13
-4
-8
-5
-4
0
0
-6
2
2
12
2
2
3
3
5
2
8
12
16
9
12
19
13
9
11
16
9
6
8
7
6
-4
5
0
0
3
-3
-3
-6
-8
-7
2
-4
3
8
-1
-3
-3
-1
3
-3
2
6
2
-3
-1
-3
-7
-7
-1
2
-3
-8
-5
-4
-9
-9
-7
-1
-1
-8
-8
-5
-5
-5
-8
-2
0
2
1
-1
-4
4
-2
-3
-1
3
1
0
