-1
0
0
1
1
0
-1
-1
0
0
0
-1
-1
0
0
-1
0
0
-1
1
1
1
0
1
2
0
-1
-1
-1
-1
1
-1
-1
0
0
1
1
0
-1
0
1
1
0
0
-1
1
1
1
1
1
0
0
1
0
0
-2
-1
-2
-2
0
0
1
1
1
0
0
1
1
1
1
1
0
0
0
0
1
0
-1
-1
-2
0
0
0
0
1
1
1
1
0
0
0
1
-1
0
-1
-1
0
1
2
1
0
-1
0
0
1
0
1
1
0
1
-1
-1
-1
0
-1
0
1
0
0
0
-1
1
1
1
2
0
-1
-1
-2
-2
0
0
1
0
-1
-1
0
0
0
-1
0
-1
-1
0
0
0
0
0
1
0
0
1
0
0
0
0
0
0
-1
0
1
0
-1
0
-1
-1
0
0
0
0
0
-1
0
0
1
1
0
0
0
1
0
0
0
0
1
1
1
0
0
0
0
0
0
0
-1
-1
0
0
0
-1
-2
-1
0
0
0
0
0
0
-1
0
0
1
0
-1
0
-1
-1
1
1
2
1
0
0
0
0
-1
-1
0
-1
1
0
-1
0
1
1
0
-2
-1
1
1
0
-2
0
0
-1
0
-1
0
-2
-2
-1
1
1
1
0
0
-1
1
-1
0
-1
0
1
0
0
-1
-1
-1
-1
0
-1
-1
0
2
1
2
2
1
0
-2
0
1
0
0
1
2
0
-1
0
-1
1
1
1
0
0
0
1
0
-1
-1
1
0
0
0
0
0
0
-2
0
1
-1
-2
1
1
0
-1
-1
0
-1
-2
-1
0
0
0
0
0
1
2
0
1
0
-1
1
0
0
1
-1
0
0
0
0
-1
0
0
0
-2
0
-1
1
-1
1
2
0
1
-1
0
0
0
0
-1
-1
0
0
1
-1
-1
-2
-1
1
0
-1
-1
1
1
1
2
0
0
0
0
-1
-1
0
0
0
0
0
0
0
1
0
0
0
0
0
0
1
0
0
0
1
1
0
1
1
1
2
1
0
0
-1
-1
-1
0
1
0
0
-1
1
1
1
0
0
-2
-1
1
0
0
1
0
0
0
1
0
0
0
0
2
0
1
1
1
1
0
1
0
1
1
-1
0
-1
0
0
1
1
0
1
-1
1
1
-1
1
-1
0
0
0
0
0
0
-1
1
0
-3
-1
-2
0
-1
-1
0
1
0
-2
1
-1
-1
3
2
0
0
1
-2
1
0
-3
3
1
-1
0
0
-1
-1
3
-1
2
0
-2
2
-2
-2
2
1
0
0
2
-4
1
-2
-3
3
-1
0
1
2
-2
2
1
-5
3
0
-1
1
-1
0
-1
4
-2
-1
3
-5
2
2
-2
4
1
-1
-3
1
1
-3
1
-2
-1
0
-5
4
-1
-3
2
0
-2
0
2
-3
-2
4
-5
0
4
-4
1
0
0
-1
0
0
-2
6
-3
0
5
-5
1
1
-1
0
0
4
-2
0
0
-1
3
-4
2
2
-3
4
0
0
-1
1
1
-4
2
-1
0
0
-1
3
-3
-2
5
0
-3
0
4
-4
2
5
-7
3
4
-5
4
3
-4
0
8
-9
-2
12
-14
-1
16
-12
-5
14
-7
-14
19
0
-21
20
1
-21
17
7
-19
8
15
-23
5
21
-25
4
19
-21
-3
23
-13
-17
33
-10
-27
33
-3
-23
18
10
-22
5
22
-25
3
18
-22
8
8
-12
3
8
-6
-7
18
-8
-11
22
-8
-8
14
-7
-4
3
1
1
-7
8
-8
1
8
-18
19
-7
-12
14
-7
6
-13
19
-2
-28
44
-25
-6
25
-13
-7
-3
28
-39
10
36
-60
33
16
-38
15
21
-8
-32
50
-19
-33
61
-46
5
18
-16
5
-1
26
-43
31
10
-43
34
-7
-8
-7
17
-4
-19
25
-6
-2
-3
4
4
-17
9
7
-5
-16
21
-5
-2
3
2
11
-27
15
4
-8
-9
19
-3
-16
24
-17
9
-6
-3
1
-7
19
-31
18
41
-75
42
24
-56
20
17
8
-51
43
31
-97
84
-3
-76
87
-18
-50
29
72
-107
-11
172
-198
17
165
-169
33
89
-66
-26
67
-17
-90
127
-55
-102
181
-69
-115
162
6
-158
87
117
-183
15
164
-157
-17
140
-132
53
30
-57
39
10
-10
-102
228
-178
-77
306
-286
63
100
-85
24
-69
172
-190
83
88
-230
277
-178
-43
188
-124
-47
68
130
-282
160
116
-276
206
-79
20
35
-113
166
-124
68
-106
113
35
-288
368
-183
-46
117
-33
21
-132
250
-258
118
80
-264
309
-159
-52
100
55
-144
-15
299
-331
42
242
-232
-26
184
-106
-102
235
-209
76
149
-288
196
133
-376
191
259
-480
118
436
-555
32
644
-741
192
516
-733
345
215
-499
262
212
-532
379
198
-652
533
174
-808
694
129
-906
885
-100
-653
711
-144
-390
347
130
-531
423
117
-612
681
-252
-305
591
-437
-63
446
-374
-126
587
-465
-207
866
-854
94
758
-1017
498
303
-668
425
137
-454
238
276
-642
462
114
-615
668
-205
-368
609
-391
-118
492
-465
52
425
-542
207
292
-486
194
262
-396
123
265
-422
216
99
-298
276
-108
-65
145
14
-138
6
299
-430
72
453
-591
202
226
-237
-27
120
68
-240
133
30
35
-142
-44
512
-587
-11
703
-639
-271
922
-589
-386
886
-384
-349
517
28
-400
101
421
-522
29
359
-248
-107
157
118
-227
87
104
-17
-224
167
171
-392
110
325
-453
107
435
-529
175
191
-182
-203
481
-284
-291
641
-426
-68
235
119
-525
296
340
-528
171
330
-319
-227
718
-706
213
250
-373
284
-179
285
-337
132
72
-290
361
-161
-126
340
-217
45
168
-513
635
-481
59
264
-356
463
-559
587
-311
-369
916
-923
183
694
-864
382
306
-503
403
-236
-15
129
-340
579
-573
192
387
-634
631
-369
-90
509
-796
637
-140
-434
831
-919
532
332
-1087
1238
-685
-203
776
-823
607
-475
222
362
-1048
1208
-514
-461
935
-723
388
-229
57
405
-1031
1188
-603
-503
1319
-1220
446
406
-755
735
-651
581
-269
-371
979
-1124
658
190
-777
668
-277
134
-190
-26
645
-1140
873
187
-1301
1438
-375
-849
889
280
-1125
483
1064
-1854
834
1135
-2075
967
1125
-2069
841
1246
-2047
975
695
-1421
788
449
-903
111
995
-1231
326
853
-1192
526
216
-340
-166
609
-343
-402
813
-417
-300
635
-433
40
179
-133
53
-153
395
-547
140
538
-837
462
179
-388
134
124
170
-843
1077
-445
-696
1420
-1090
147
399
-206
-185
111
601
-1261
1007
184
-1274
1320
-473
-467
556
139
-652
467
216
-755
699
-165
-149
-51
290
-69
-561
909
-477
-503
867
-220
-582
704
145
-1004
859
163
-1071
888
97
-937
984
-127
-670
868
-510
-227
501
-161
-358
437
273
-831
817
-94
-804
806
-118
-708
837
-110
-569
769
-255
-482
690
-416
-408
816
-455
-213
812
-742
428
91
-539
514
-353
87
-131
469
-555
162
721
-1177
828
67
-789
661
-73
-563
830
-579
-190
1001
-1125
484
317
-376
-289
704
-91
-1148
1655
-901
-405
995
-454
-295
366
304
-938
903
-355
-241
452
-500
635
-832
631
133
-995
1264
-630
-199
625
-412
139
-207
410
-432
-2
452
-467
119
119
202
-773
893
-184
-963
1383
-743
-311
724
-166
-377
254
270
-482
114
257
-215
-100
271
-87
-119
160
-14
-232
281
-30
-398
745
-514
-99
488
-324
-150
71
439
-760
487
271
-670
551
-228
1
-109
116
21
-246
513
-477
351
-34
-301
371
-276
12
47
153
-332
246
202
-633
574
-86
-437
530
-194
-206
387
-260
-23
297
-370
161
160
-261
118
51
-48
-88
27
242
-448
272
152
-418
322
-62
21
-338
734
-671
-3
1028
-1464
908
180
-837
579
166
-677
459
199
-747
700
-91
-556
619
187
-1163
1227
-67
-1389
1593
-456
-748
864
1
-539
57
909
-1062
-145
1606
-1908
593
1355
-2280
1455
435
-1717
1414
-32
-1089
1021
-25
-1083
1443
-889
-244
1324
-1638
1014
105
-786
503
249
-601
-12
981
-1270
691
326
-911
800
-371
-69
334
-637
664
-136
-595
987
-717
28
453
-356
18
18
275
-525
496
-113
-359
586
-390
104
-85
305
-552
312
467
-1127
1068
-448
-86
146
25
50
-498
987
-944
396
141
-385
214
250
-419
-27
910
-1576
1391
-402
-804
1328
-846
28
446
-291
-268
776
-682
86
477
-528
184
-181
582
-969
518
833
-1959
1706
-199
-1313
1606
-704
-462
1099
-778
-46
653
-626
303
-125
328
-591
471
213
-1070
1153
-426
-350
533
-177
-318
337
319
-999
736
472
-1476
1425
-374
-901
1328
-547
-333
149
641
-825
123
674
-998
795
-397
338
-265
-571
1625
-1490
239
754
-741
46
422
30
-1079
1331
-192
-1062
1233
-323
-964
1397
-302
-1152
1480
-544
-328
349
55
-163
-559
1624
-1516
-64
1575
-1825
767
539
-1207
714
443
-1053
611
126
-477
316
181
-371
-129
1075
-1306
332
1128
-1852
1120
643
-1973
1378
695
-2219
1551
566
-2156
1794
-83
-1287
1177
90
-967
515
794
-1389
528
1293
-2211
1076
1463
-3098
2166
247
-1977
1971
-858
-206
562
-364
-105
270
-40
-373
642
-419
-50
148
303
-711
432
633
-1652
1990
-1305
-199
1619
-2048
1131
458
-1395
1062
197
-1350
1452
-487
-485
586
67
-307
-484
1691
-1810
210
1827
-2204
549
1368
-1732
266
1554
-1927
733
974
-1705
938
463
-1256
777
534
-1201
934
-78
-493
175
250
-481
304
149
-717
1163
-976
63
738
-821
-73
1115
-1052
-47
1017
-847
-87
734
-320
-871
1929
-1626
-56
2002
-2838
2034
-81
-1683
2272
-1775
923
-366
-248
888
-1257
1157
-607
-27
454
-707
634
-450
-43
618
-839
706
-647
471
-303
-386
936
-1007
646
-8
-299
381
-464
303
172
-625
696
-137
-480
415
195
-965
976
-208
-745
1341
-1227
373
274
-448
76
155
453
-1290
1550
-430
-1647
2887
-2486
473
1530
-2265
1643
-626
330
-620
743
63
-1459
2413
-2058
546
892
-1332
759
-135
234
-855
1160
-497
-563
1218
-1153
587
-10
-368
644
-600
542
31
-627
1232
-1371
674
581
-1445
1410
-657
179
-56
-125
855
-1649
1673
-278
-1342
2370
-2155
1128
322
-1391
1955
-1585
734
306
-827
611
-448
431
-626
455
477
-1512
1627
-455
-1180
1508
-396
-1154
1745
-438
-1292
2173
-1716
156
995
-1653
1385
-647
74
411
-713
949
-1377
1247
-602
-603
1543
-1631
1086
-153
-653
985
-988
528
-48
-149
361
-593
1179
-1256
454
545
-1154
663
180
-440
-87
940
-1342
873
114
-1278
1575
-888
-342
1066
-673
-437
1156
-872
-402
1459
-1754
785
684
-1489
1296
-343
-314
344
-135
306
-706
946
-302
-667
1374
-1458
786
81
-785
953
-610
154
-130
154
-134
-330
693
-416
-166
664
-740
398
-133
-326
641
-600
-132
828
-768
-62
660
-519
96
-208
864
-976
-83
1427
-1969
1302
-162
-925
1614
-1619
1109
-104
-554
450
153
-268
-160
649
-524
462
-386
746
-809
585
-75
-253
668
-1000
1048
-415
-212
392
-29
-240
309
50
-188
411
-735
1064
-890
176
698
-1104
1154
-939
627
-194
-369
416
-85
-424
523
-33
-809
1361
-1258
611
79
-606
593
-119
-85
-310
1066
-1526
861
642
-2139
2174
-876
-564
1156
-687
-121
226
119
-479
205
204
-519
451
-137
-235
303
-531
652
-647
350
97
-586
921
-667
-27
624
-802
328
621
-1065
641
352
-922
871
-385
-135
300
-330
530
-701
374
285
-713
608
-80
-624
724
-146
-598
654
106
-1000
1134
-95
-1132
1097
287
-1321
759
934
-1980
1328
308
-1165
575
369
-365
-411
995
-787
-230
1256
-1517
806
314
-1177
1182
-349
-453
377
188
-399
83
227
-151
-240
613
-472
92
259
-553
885
-767
8
709
-628
-96
634
-197
-945
1509
-695
-670
1289
-842
-69
482
-163
-449
671
-415
24
259
-292
-162
472
-358
-207
534
-339
-94
230
283
-962
1033
-485
-282
950
-1304
1154
-271
-724
1347
-1012
330
13
338
-530
265
372
-615
529
-329
661
-1080
1073
-313
-434
656
-306
-2
-160
738
-960
335
700
-1306
1052
-132
-823
1210
-1029
652
-353
-5
543
-1053
1155
-611
-301
765
-408
-274
482
-85
-443
548
-370
205
-355
457
-62
-683
1310
-1356
706
310
-1314
1522
-900
-67
675
-440
-259
462
94
-1083
1295
-738
-292
846
-865
616
-664
308
448
-1404
1293
-260
-994
1237
-223
-836
846
-27
-528
388
72
-190
-161
610
-487
-28
261
109
-693
873
-186
-1007
1878
-1511
362
918
-1392
917
114
-998
1150
-600
-442
1311
-1528
830
223
-1074
1108
-608
-78
316
-238
206
-318
426
-86
-523
904
-470
-429
1103
-830
-114
1012
-1257
806
-142
-411
775
-1014
1052
-704
75
603
-1024
1121
-762
110
806
-1353
1216
-206
-862
1265
-651
-201
498
97
-643
484
495
-1175
953
164
-951
737
234
-825
418
601
-1099
621
411
-929
540
107
-144
-664
1422
-1187
1
1294
-1758
1319
-543
-36
285
-227
-12
391
-562
271
286
-783
850
-778
747
-824
581
173
-1317
2056
-1851
553
1138
-2054
1510
206
-1885
2137
-936
-959
2145
-2144
1334
-498
-62
363
-809
1150
-1307
973
-414
-162
439
-504
224
-69
81
-596
941
-654
-323
1095
-657
-736
1662
-1007
-779
1986
-1612
303
414
98
-1215
1618
-921
-458
1653
-2028
1721
-1093
745
-402
-139
1248
-2116
1976
-587
-1001
1601
-883
-388
1181
-1245
619
370
-1580
2432
-2487
1504
-209
-694
1102
-1389
2014
-2461
2032
-385
-1593
2703
-1938
-68
1952
-2250
874
921
-1797
1387
-603
146
88
-819
1912
-2270
998
1321
-2838
2328
-298
-1367
1507
-339
-674
707
125
-759
686
25
-641
906
-772
676
-439
-16
852
-1508
1437
-598
-376
753
-319
-344
600
-264
-343
627
-521
142
20
150
-305
134
519
-1038
825
252
-1509
2054
-1264
-359
1900
-2332
1284
397
-1768
1841
-1029
245
-157
289
197
-1645
2930
-2674
536
2212
-3472
2488
-133
-1694
1839
-827
-226
573
-520
605
-880
863
-383
-542
1307
-1804
1778
-1244
186
1025
-1795
1624
-723
-188
375
194
-589
204
943
-1740
1524
-723
206
-371
326
663
-2151
2709
-1680
-204
1319
-1094
340
-145
904
-1534
1213
305
-1913
2400
-1504
22
709
-390
-291
371
164
-676
646
-474
522
-572
120
939
-1606
1333
-343
-383
499
-600
1055
-1579
1295
-42
-1354
1824
-1237
138
578
-748
745
-847
1209
-1334
894
130
-1236
1689
-1369
671
-154
9
170
-648
1159
-1287
545
751
-2058
2590
-1788
-73
1992
-2723
1773
-16
-1213
1476
-1188
1252
-1175
206
1789
-3640
3613
-1654
-845
2154
-1799
893
-515
620
-658
15
785
-956
466
555
-1124
1049
-296
-892
1706
-1829
999
402
-1539
2067
-1887
1188
-543
-33
194
-45
119
-455
1226
-1609
1130
-164
-550
178
850
-1383
808
573
-1671
1617
-823
-165
576
-357
85
123
51
-250
215
-88
50
-406
973
-1277
1152
-586
-217
909
-1419
1446
-1133
842
-832
999
-730
-196
1296
-1970
1738
-792
-214
855
-865
597
-495
789
-1225
1061
-20
-1337
2136
-1782
617
425
-714
233
121
35
-604
834
-189
-650
928
-201
-910
1371
-899
-273
1371
-1660
1275
-226
-757
1235
-1463
1218
-857
46
994
-1341
1020
-154
-181
-511
1135
-1038
-59
1288
-1433
901
-253
103
-368
113
512
-1112
1212
-486
-208
437
-353
317
-785
1405
-1450
689
648
-1716
1765
-1197
328
335
-459
611
-653
551
-300
-250
526
-718
1035
-1234
1151
-58
-1682
2626
-2191
545
863
-1119
936
-932
1233
-910
-546
2025
-2309
1243
40
-315
-118
-94
1297
-2571
2602
-947
-1031
1936
-1438
448
-214
595
-749
118
1457
-2641
2324
-768
-1260
2286
-2043
1160
-348
312
-277
-205
773
-1332
1312
-626
-198
1021
-1249
794
140
-1187
1145
-358
-307
778
-710
757
-1019
777
-8
-1367
2150
-1783
1166
1
-1070
1532
-1679
762
428
-1375
1554
-420
-349
900
-1368
1087
-886
171
913
-1571
1784
-652
-434
610
-507
-445
781
-4
-1029
1966
-1682
823
13
-829
750
-863
1530
-1617
1203
121
-1329
1450
-844
-386
670
-170
-9
208
-34
35
-405
528
-675
254
222
-386
644
-34
-808
1233
-1038
-361
1731
-2738
2863
-1778
330
1719
-3451
3793
-2855
615
1576
-2876
3004
-1801
329
1066
-1899
1638
-732
-471
1165
-966
-9
1188
-1440
719
332
-708
303
124
-42
-876
1598
-1275
351
747
-1120
1007
-575
-207
404
-542
548
-136
-151
836
-1383
1306
-422
-1395
2107
-1301
16
990
-564
-296
377
546
-1667
1492
-285
-786
1394
-1147
544
-124
-239
708
-1078
739
339
-1224
1292
-447
-753
1247
-404
-617
666
106
-782
527
441
-1401
1173
80
-653
335
180
-148
-595
1384
-1390
309
810
-994
767
-238
-99
216
-251
184
-341
325
-208
-87
524
-501
-13
559
-480
-539
1507
-1434
532
502
-627
453
-558
1181
-1620
918
323
-1360
1242
-534
245
-418
488
264
-1456
1802
-1231
-512
1846
-1738
1059
-61
-323
176
-157
7
-905
1676
-1522
1103
253
-1170
1504
-1369
852
-795
292
636
-1095
1031
-370
-546
646
-156
-726
941
-341
-213
381
-359
290
-506
541
-37
-654
1067
-434
-700
1117
-716
-113
664
-705
233
185
1
-498
610
-223
-298
938
-1001
426
15
78
-423
213
484
-1228
1737
-1317
147
372
-469
623
-1064
1486
-1154
438
530
-704
-387
836
-72
-1235
2229
-1831
722
156
-225
101
-611
1428
-1612
1196
-607
263
-329
-5
795
-1397
1511
-956
606
-473
315
76
-687
1319
-1280
796
-470
185
-221
100
591
-1444
1638
-714
-477
1098
-806
-66
466
-2
-33
-404
604
-377
-558
1690
-1546
480
464
-765
966
-1214
1173
-1043
-133
1906
-2477
1592
77
-1770
2472
-1770
532
516
-1176
1721
-1937
2050
-1237
-728
2626
-3547
2841
-861
-1165
2235
-2226
1675
-813
-168
240
-274
561
-916
1447
-1299
447
522
-1047
514
-275
308
-307
852
-783
405
469
-1291
1466
-1117
122
613
-737
569
-421
281
-245
227
-45
-457
441
-320
-172
402
103
-983
1701
-1052
-586
1982
-2484
1344
334
-1178
1053
-318
-94
-78
248
5
-411
312
205
-468
505
-94
-217
-185
791
-704
-154
988
-1796
1738
-595
-559
1028
-1275
907
-202
19
-118
89
135
-30
114
-798
1079
-1230
942
378
-1384
1646
-1206
758
-754
509
-176
-876
2278
-2227
1121
306
-977
559
172
-384
-215
765
-166
-309
145
774
-2196
2603
-1642
-534
2439
-3028
2558
-1597
613
-202
-504
1297
-1972
2301
-1299
-98
1420
-1573
258
813
-1028
519
445
-314
-64
514
51
-1383
1580
-1149
133
386
-56
-24
-717
2131
-2827
2029
-367
-1716
2672
-2712
2276
-1272
90
1246
-1871
2191
-2226
1617
-506
-980
2350
-2141
650
554
-645
-202
887
-606
-420
1464
-1174
-149
632
-669
48
475
143
-459
233
529
-1453
980
75
-1113
1359
144
-726
123
307
-921
464
-79
297
-152
738
-206
-1220
1567
-1797
921
138
-101
705
-579
568
-883
269
-507
298
118
577
-410
240
177
-1173
1247
-1629
597
928
-1439
1626
-457
-714
1090
-1081
418
-312
-53
509
-528
1026
-806
519
-4
-353
549
-799
577
-217
-89
385
-201
-37
45
207
-275
76
-112
-385
255
168
-710
598
423
-1072
1089
-465
-883
1136
-567
-366
1539
-1153
111
1289
-2271
1755
-563
-682
1497
-715
731
-1187
1205
-1076
-295
1534
-1876
1606
-304
-326
139
-276
-213
-513
1523
-1488
894
668
-1830
1564
-699
-750
1097
-690
552
-12
-44
508
-1436
1516
-805
-679
1891
-2067
1496
-17
-1025
1490
-1300
547
-45
-54
316
-483
642
-556
241
334
-817
295
564
-880
621
28
-796
694
-553
310
-344
560
-518
-164
1309
-1710
1129
-520
-225
866
-875
868
-548
399
222
-406
549
-1011
648
-56
-701
1605
-1252
443
330
-793
518
-1016
899
-496
352
359
-656
508
-743
521
-396
419
-71
-307
896
-1094
775
-320
-280
736
-352
369
-730
320
-15
-262
473
-184
-87
143
-20
-682
775
-767
-7
1021
-1138
1125
-840
-60
556
-729
1491
-1755
1218
424
-1148
1450
-1519
1404
-241
-385
967
-1026
685
-402
-98
14
110
363
-749
57
198
-846
-397
639
-322
57
534
-1098
518
33
-1150
778
-109
792
183
-55
308
-775
902
-753
77
1466
-884
658
574
-1165
516
-873
-83
438
-315
783
-1066
790
-447
-816
614
-1000
652
324
-215
622
-225
-187
-87
203
-8
-326
963
-356
417
-296
-314
258
-814
1303
-1202
476
660
-765
301
-647
635
-741
467
516
-610
401
278
-893
155
787
-1519
1364
-462
-349
1065
-1390
735
-558
438
-216
-376
1128
-1277
958
160
-884
998
-184
-618
658
-37
-195
431
-401
165
162
-191
-452
156
320
-603
366
-56
-543
828
-386
-711
1213
-380
-587
812
-466
108
504
-473
118
219
386
-774
163
616
-1026
878
-494
56
642
-788
234
-182
224
-85
-172
149
59
455
-289
-146
72
-189
640
-585
-14
702
-583
247
-191
-13
-460
340
156
-787
675
-316
-470
-8
463
-676
393
414
-708
765
-538
243
14
403
412
-664
1065
-580
-34
270
-501
608
23
-55
-326
-192
-304
-26
17
-305
217
-88
-429
246
-275
-340
511
-155
604
150
-300
53
-3
373
-265
550
133
-193
663
-471
-259
299
-140
-224
337
176
-251
3
-343
-38
290
-28
-279
45
334
-153
258
25
-548
548
151
-861
766
-199
120
538
-905
819
-1100
435
-152
-361
951
-996
995
-1039
76
-76
-600
773
-618
624
-428
184
-180
-235
18
-219
868
-801
242
87
-245
631
-579
43
384
-323
56
-245
148
610
-433
229
27
-294
368
-115
-332
883
160
-364
445
-92
-110
-105
190
-78
564
-82
-314
459
-36
-288
-236
224
91
376
-3
-348
111
337
-275
-386
624
-264
24
458
-466
-5
26
-591
-122
-19
-210
-96
27
127
-546
224
-716
-106
162
-181
495
-32
478
-178
229
-45
-372
403
33
513
288
36
14
133
-741
77
90
-574
704
-112
-148
-16
-485
-334
-279
-22
393
-194
183
-27
-206
-257
-329
192
236
514
20
351
-670
290
-36
-209
746
-241
879
-582
343
-345
-127
547
-280
681
-575
319
-149
-364
313
-60
130
96
34
-108
46
49
302
30
222
173
-642
270
69
-49
278
-194
-38
-255
-225
-198
-244
274
19
-431
-10
-545
-407
367
-218
328
-201
-82
-95
-255
398
-283
590
356
-405
252
-163
-131
163
312
65
-110
-213
-297
-214
-210
215
-330
149
-218
-580
-64
-443
181
167
138
198
14
-147
18
111
214
565
198
456
296
111
59
299
330
77
380
205
54
208
-190
-79
239
-207
158
-130
105
-23
-112
327
-488
266
175
-453
114
165
-220
108
340
-360
195
-76
-389
-72
51
99
-46
262
-464
-367
-310
-486
55
7
-69
101
-423
-628
-178
-402
316
353
216
149
-262
-314
-330
156
-47
358
362
-228
-107
-486
-224
-222
-38
238
-22
149
-16
-160
-392
143
-184
173
427
53
450
-89
159
-165
338
263
171
718
7
-19
-25
248
-104
479
271
-259
356
-450
-190
15
147
273
191
160
-445
-69
-33
-99
379
473
-73
163
142
-365
131
-3
23
130
171
-260
-6
88
-386
-115
-528
-258
-250
10
-89
-36
-371
-798
-345
-649
93
158
481
290
-186
-336
-615
-39
-42
387
321
131
18
-337
-243
-109
-163
260
265
-124
353
-133
-90
325
-71
87
83
126
238
70
407
194
224
359
-108
141
16
-90
227
441
193
252
265
-322
1
-153
-181
300
378
450
195
213
-221
-191
50
-55
431
614
360
436
291
-401
-141
-140
-34
281
373
93
-114
-90
-969
-452
-499
-317
83
-72
-92
-515
-515
-970
-462
-468
-237
176
166
303
-177
32
-314
-191
23
-194
273
196
119
-25
-158
-167
-280
-124
88
6
32
32
-298
-125
-261
-161
-86
-6
138
-176
140
94
-10
368
146
4
145
4
54
329
386
320
330
244
-69
14
173
147
518
505
242
290
93
-27
300
217
230
504
-8
41
89
-330
84
44
-93
80
-193
-125
-363
-225
-82
-342
48
47
-49
203
270
-86
116
-65
-395
-203
-333
-213
-77
-10
-15
-51
-190
-299
-386
-438
-413
-473
-455
-494
-586
-601
-652
-742
-494
-633
-437
-293
-498
-180
-353
-282
-106
26
99
428
571
303
751
385
298
649
370
707
777
772
854
678
631
570
487
680
821
753
1152
917
965
1162
948
1219
1275
1264
1293
1489
1253
1253
1567
1325
1605
1497
1402
1350
1186
996
624
624
191
39
-17
-533
-387
-774
-1295
-1220
-1908
-2095
-2230
-2507
-2545
-2700
-2792
-3081
-2999
-3010
-3051
-2680
-2506
-2404
-2033
-2053
-1867
-1524
-1465
-1085
-833
-732
-517
-441
-434
-369
-286
-315
-356
-158
-360
-449
-330
-821
-776
-799
-1116
-769
-817
-852
-459
-747
-713
-495
-739
-293
-124
185
614
713
1107
1111
1340
1630
1664
2019
2376
2383
2574
2663
2553
2671
2665
2700
2804
2940
2911
2823
3018
2915
2840
3001
2927
2962
2905
2780
2853
2953
3101
3187
3106
3177
3053
2754
2946
2695
2315
2005
1037
59
-1058
-2170
-2409
-2312
-2348
-2519
-3034
-3586
-4645
-5559
-6065
-6010
-5297
-4575
-3910
-3241
-3031
-3245
-3267
-3101
-2379
-1514
-500
478
1156
1273
1090
944
752
866
958
1280
1461
1295
665
-184
-1029
-2010
-2446
-2613
-2653
-2674
-2956
-3225
-3674
-4141
-4336
-4238
-3506
-2728
-2176
-1379
-1049
-969
-877
-663
-19
790
1698
2476
3079
3217
2970
2750
2695
2708
2862
3160
3330
3212
2709
2165
1724
1294
1030
896
998
1146
848
743
636
366
350
332
755
1244
1413
1533
1502
1481
1374
1332
1589
1922
2274
2615
2852
2918
2701
2410
2452
2591
2670
2759
2835
2951
2718
2185
1750
1399
1058
553
121
-191
-645
-1370
-2281
-3007
-3422
-3729
-3953
-3970
-3922
-3942
-4043
-4222
-4170
-4015
-3687
-3196
-2608
-1938
-1479
-1131
-916
-806
-682
-424
-71
313
539
496
365
113
-209
-599
-873
-1062
-1153
-1238
-1434
-1711
-2098
-2438
-2731
-2749
-2714
-2661
-2505
-2397
-2198
-2131
-1939
-1674
-1308
-737
-356
153
432
491
602
636
986
1157
1342
1453
1365
1442
1191
1203
1150
1112
1206
1119
1245
998
938
762
598
675
523
740
796
815
724
686
927
1054
1307
1458
1736
2007
2122
2155
2198
2359
2500
2807
3089
3291
3405
3397
3453
3421
3377
3432
3518
3715
3639
3277
2857
2545
2360
1850
997
58
-363
-645
-1494
-2799
-3790
-3690
-3304
-3426
-3928
-3982
-3752
-3807
-4188
-4157
-3254
-2474
-1860
-1223
-370
304
224
153
436
1024
1386
1669
2129
2379
2019
1110
557
149
-359
-949
-1239
-1188
-1380
-1912
-2479
-2910
-3299
-3588
-3428
-2713
-2034
-1631
-1341
-1022
-647
-438
-155
526
1316
1751
1313
823
487
319
160
-8
77
92
-228
-932
-1499
-2273
-2499
-2625
-2514
-2106
-2030
-1922
-2079
-2117
-2153
-1977
-1620
-929
-364
-121
-20
-48
81
-45
14
253
536
690
585
403
223
38
-279
-413
-240
-151
-51
-21
120
287
325
472
642
1151
1727
2495
3246
3707
3998
4310
4521
4783
5228
5319
5677
5802
5780
5932
5908
5814
5756
5551
5183
4117
2028
400
-510
-1274
-2037
-2492
-2123
-1446
-2119
-3489
-4611
-5058
-4900
-4878
-3870
-2008
-213
492
737
1113
1537
1905
2147
3495
4901
5820
5946
5606
4946
3802
2361
1361
1049
610
108
-989
-1903
-3177
-4745
-6094
-6869
-6944
-6746
-6351
-5907
-5524
-5541
-5548
-5375
-4713
-3649
-2318
-748
656
1517
1780
1650
1433
1414
1449
1673
2030
2128
1323
-820
-3021
-4396
-4805
-5185
-5550
-5727
-5925
-6418
-7387
-7933
-8102
-6920
-5669
-3980
-2161
-1070
-447
-595
-82
657
1639
2496
3613
4374
4296
3456
2429
1684
959
775
690
956
816
157
-747
-1475
-1888
-2038
-1492
-435
781
1610
1995
2448
2839
3229
3887
5109
6786
7992
8592
8443
8081
7456
6856
6366
6547
6812
6534
6210
5419
4851
4036
3343
3120
3287
3096
2063
102
-1924
-3069
-3970
-4271
-3905
-2511
-1406
-1713
-3154
-4528
-5162
-5085
-4343
-2868
-454
1376
2126
1853
1374
1210
983
1387
2547
4049
4790
4487
3363
1820
5
-1614
-2348
-2376
-2151
-2316
-2884
-3826
-5105
-6629
-7651
-7646
-6902
-5625
-4454
-3527
-2983
-3042
-3092
-2975
-2232
-937
502
2122
3346
3706
3187
2351
1520
1140
976
993
1214
1053
177
-2180
-5120
-6996
-6959
-6321
-5961
-5582
-5382
-5306
-6116
-6794
-6707
-5299
-3014
-1067
950
2205
2699
2233
1691
2244
3102
3901
4691
5286
4967
3723
1989
723
139
-188
62
375
558
342
-612
-1461
-1732
-1492
-676
664
2200
3341
3669
3772
3942
4184
4682
5623
6922
7833
8145
7754
6877
5867
4843
4445
4552
4740
4701
4178
3872
3297
2405
1649
1446
2020
2320
1965
695
-1024
-2585
-3536
-3727
-3009
-1821
-806
-687
-1625
-2969
-4305
-4556
-3860
-2438
-746
870
1832
1693
874
102
-74
340
1404
2503
3341
3276
2274
615
-1152
-2393
-3057
-3195
-2994
-2886
-3330
-4422
-5835
-7087
-8033
-8022
-7304
-6054
-4796
-4101
-3779
-3865
-3825
-3659
-3064
-1798
-319
1250
2383
2847
2474
1490
751
374
590
741
766
561
-129
-1867
-4829
-7243
-7810
-6505
-5445
-4709
-4434
-4362
-4780
-5775
-5820
-4839
-2268
21
1837
3018
3465
3011
1871
1773
2564
3779
4368
4910
4701
3492
1740
80
-496
-434
-36
502
958
1015
504
-636
-1077
-630
482
1939
3506
4968
5278
5001
4684
4882
5473
6202
7348
8303
8526
7786
6354
5097
4294
3883
3947
4216
4683
4480
3460
2568
2002
1934
1747
1863
2210
2363
1498
-668
-2999
-4219
-3753
-3074
-2211
-1702
-1129
-1710
-3536
-5154
-5908
-4633
-3193
-1573
-322
682
890
-245
-1177
-1379
-518
524
1698
2681
2889
1909
117
-1420
-2335
-2544
-2447
-2144
-1872
-2142
-3270
-4781
-5968
-6524
-6322
-5649
-4371
-3108
-2421
-2345
-2693
-2916
-2815
-2239
-1062
424
1619
2407
2453
2013
1069
119
-238
-44
421
618
336
-403
-1621
-4115
-6785
-8119
-6795
-4578
-3471
-3023
-3232
-3456
-4343
-4825
-4186
-1927
1045
2855
3833
3915
3622
2347
1510
2328
3727
4867
5144
4851
3895
2201
348
-487
-179
802
1465
1681
1692
998
-164
-1004
-702
553
2169
3608
4807
5101
4563
4006
3914
4838
5913
6839
7538
7511
6788
5348
3782
2981
2926
3292
3656
3605
3508
2736
1659
835
293
510
848
1343
1523
1156
-366
-3143
-5302
-5478
-3971
-2594
-1769
-1131
-1205
-2662
-4962
-6322
-5467
-3400
-1551
-245
811
1459
473
-1300
-2222
-1724
-291
966
2123
2670
1837
-84
-2293
-3576
-3750
-3384
-2728
-2264
-2232
-2924
-4428
-5829
-6684
-6745
-5875
-4380
-2723
-1645
-1558
-2020
-2492
-2786
-2203
-940
700
2246
2885
3207
2789
1650
708
25
188
899
1347
1391
634
-930
-3454
-6606
-7774
-6073
-3810
-2543
-2325
-2382
-2759
-3859
-4569
-3847
-1420
1688
3528
3976
4043
3555
2208
1172
1718
3370
4606
4830
4488
3485
1733
-67
-1046
-620
449
1187
1424
1216
443
-781
-1586
-1376
-105
1476
2953
3996
4069
3578
2884
2914
3955
5161
6161
6656
6716
6024
4654
3289
2547
2432
2596
3032
3323
3471
2761
1634
467
-261
-104
300
1061
1566
1431
-556
-3642
-5735
-5409
-3751
-2541
-1678
-1033
-844
-2504
-4800
-5941
-4747
-2568
-984
348
1615
2295
923
-992
-1816
-1002
407
1588
2758
3176
2352
134
-2094
-3192
-3194
-2765
-2291
-1760
-1586
-2330
-3862
-5236
-6054
-5925
-4956
-3313
-1656
-903
-920
-1432
-1850
-1942
-1458
-368
1101
2538
3448
3584
2742
1647
757
345
559
1122
1596
1563
668
-1653
-4875
-7001
-6421
-4509
-3109
-2331
-1869
-1931
-3014
-4175
-4113
-2185
793
3109
4169
4508
4205
2847
1480
1489
2758
3968
4598
4678
3911
2232
144
-1195
-1210
-246
610
954
993
557
-577
-1708
-1618
-452
1068
2485
3697
4228
3898
3350
3296
4025
5131
6122
6541
6448
5886
4987
3927
2935
2376
2205
2370
2759
2962
2458
1355
273
-401
-623
-474
-48
339
72
-1495
-4226
-6321
-6061
-4030
-2544
-2522
-2631
-2347
-2910
-4867
-6160
-4916
-2034
-7
510
930
1604
1238
-597
-1879
-1073
971
2260
2349
1986
1156
-685
-3000
-4200
-3918
-3150
-2887
-2960
-3012
-3412
-4586
-6015
-6597
-5982
-4570
-2968
-1594
-776
-645
-973
-1342
-1253
-436
865
2217
3440
4385
4428
3407
2094
1314
1203
1499
1954
2205
2020
711
-2187
-5464
-6550
-4934
-2946
-2183
-1897
-1435
-1771
-3099
-4099
-3227
-633
2146
3729
4207
4379
3712
2018
696
1298
2854
3749
3885
3582
2548
518
-1439
-2269
-1641
-503
101
8
-255
-657
-1597
-2317
-1889
-338
1185
2316
2990
3118
2758
2418
2858
3915
5147
5749
5883
5767
5432
4587
3379
2606
2360
2542
2703
2992
2951
2157
725
-446
-644
-528
-423
-299
-58
-1081
-3730
-6065
-5832
-3615
-2304
-2507
-2736
-2001
-2059
-3763
-5114
-3837
-808
943
1158
1663
3020
3002
1033
-475
283
2066
2842
2795
2513
1776
-127
-2411
-3748
-3616
-2971
-2912
-3165
-3208
-3253
-4243
-5626
-6220
-5416
-3920
-2496
-1360
-608
-69
-61
-397
-539
237
1598
2729
3550
4004
3911
2938
1734
1053
891
976
963
1194
1010
-766
-4016
-6600
-6334
-4641
-3425
-3158
-2776
-2450
-3194
-4239
-4386
-2403
253
2116
2900
3479
3892
2888
1386
879
1913
3002
3487
3431
2704
1218
-601
-1749
-1780
-827
-20
215
-23
-207
-631
-1097
-915
14
1453
2517
3376
3538
3309
2887
2862
3792
5011
6132
6168
5903
5521
5211
4591
3523
2969
2862
3259
3169
2906
2380
1423
331
-457
-464
-505
-461
-349
-572
-2106
-4490
-5751
-4781
-2722
-1747
-2031
-2159
-1660
-2141
-3706
-4302
-2283
531
1848
2020
2461
3179
2454
761
-175
734
2158
2662
2392
1656
419
-1696
-3677
-4582
-4351
-3914
-3815
-3833
-3884
-4349
-5484
-6501
-6542
-5327
-3659
-2224
-1315
-589
-40
-98
-510
-475
571
1899
2962
3587
3693
3131
2054
935
287
228
346
206
-21
-742
-3208
-6384
-7687
-6142
-4385
-3844
-3646
-3278
-3306
-4382
-5058
-4318
-1578
1360
2737
3069
3425
3523
2052
727
1051
2484
3423
3647
3299
1913
71
-1463
-2002
-1552
-371
390
239
-161
-323
-599
-986
-423
1014
2596
3649
4230
4174
3580
3335
3699
4618
5673
6693
6968
6271
5499
5098
4598
3662
3259
3522
3674
3390
3165
2550
1170
-20
-201
253
143
-240
-744
-1009
-1741
-3754
-5872
-5694
-2465
-532
-1548
-2946
-2182
-1415
-3181
-4570
-3197
510
2477
2199
1597
2144
2637
862
-960
-599
1809
2698
1741
656
-125
-1674
-4058
-5270
-4988
-3907
-3513
-3725
-4149
-4426
-4964
-6061
-6315
-5112
-3047
-1600
-567
376
860
622
35
-87
705
2483
3991
4263
3578
2955
2045
719
-303
-385
-142
-366
-1220
-3248
-5433
-6459
-5922
-5393
-4921
-4030
-3422
-3496
-4110
-4140
-3585
-1662
637
2165
3093
3876
4143
2959
2062
2141
2832
3309
3679
3617
2413
775
-605
-1166
-1092
-399
65
128
161
187
15
-94
769
2046
3163
3983
4894
5393
5164
4932
5193
5724
6131
6690
7197
7020
6014
5046
4597
4365
3905
3334
2852
2423
2069
1552
819
26
-237
-306
-554
-1272
-2101
-2471
-2083
-1515
-3027
-5608
-6223
-3251
-996
-1908
-3128
-2227
-713
-2105
-3946
-3685
-447
1964
1548
277
627
2160
904
-1700
-2378
-331
673
-326
-1093
-1161
-1994
-4225
-5885
-6027
-4890
-4025
-4157
-4646
-4456
-3964
-4581
-5334
-4937
-3249
-1623
-326
959
1653
1609
732
140
647
2386
3815
3749
3131
2744
2252
806
-505
-700
-350
-1070
-3435
-5466
-5613
-4406
-4377
-5330
-5231
-4211
-3818
-4509
-4415
-3177
-1232
412
1221
2061
3305
4082
3200
2333
2772
3497
3482
3361
3409
2559
926
-500
-1041
-962
-468
-315
-731
-824
-463
-379
-681
111
1765
2944
3357
3944
4819
4988
4872
5095
5902
6552
6922
6956
6725
6342
5468
4411
3646
3829
3890
3163
2282
1772
1388
501
65
123
190
-321
-1014
-1621
-2303
-2470
-1772
-591
-1017
-3052
-4695
-3676
-1587
-994
-1594
-1366
170
134
-1637
-2937
-1302
1093
1301
52
-80
1479
1398
-703
-2555
-2271
-1398
-1512
-1885
-1791
-1711
-2993
-4844
-5902
-5362
-4284
-3993
-4190
-3939
-2987
-2736
-3333
-3988
-3566
-2137
-624
553
1202
1729
1601
940
417
804
1705
2057
1861
1658
1598
983
-126
-1004
-1457
-3300
-6136
-7141
-4697
-1934
-2356
-4102
-4984
-4576
-4940
-5438
-4242
-1219
1919
2424
1764
2080
3421
3129
1591
1864
3860
5260
4801
3932
2864
1452
-200
-1078
-600
970
2107
1392
66
-262
369
304
338
1770
4052
5443
5520
5404
5290
5175
5190
5842
7051
8196
8465
7688
6615
5899
4950
3571
3234
4094
4559
3150
1701
1338
992
-38
-883
-317
103
-331
-1503
-2654
-3271
-2996
-1733
-1101
-1837
-3569
-4322
-3551
-2428
-2046
-2161
-1330
-486
-1085
-2689
-2615
-691
185
-912
-1674
-311
921
122
-1813
-2870
-2869
-2819
-2768
-2487
-2127
-2562
-3851
-5235
-5529
-4858
-4437
-4677
-4783
-3993
-3162
-3060
-3551
-3676
-3083
-2156
-1159
-275
567
1265
1439
849
204
539
1381
1683
1446
1311
1380
911
167
-1870
-4980
-7033
-5798
-2690
-1655
-2186
-3394
-4301
-5692
-6780
-6095
-3747
-2
2021
2110
1664
2355
2619
1333
1059
2633
4910
5765
5792
4873
3036
845
-437
-278
847
2241
2393
1586
437
12
-302
-326
529
2055
3737
4683
5315
5222
4708
4275
4492
5446
6775
8287
8840
7968
6404
5394
4578
3765
3430
3968
4256
3528
2505
1514
863
128
-216
-497
-663
-753
-1365
-2321
-3138
-2714
-1845
-1449
-2305
-3739
-4281
-3566
-2420
-2336
-2281
-1499
-687
-1426
-2710
-2410
-1018
-291
-1062
-1328
-578
226
-289
-1841
-2906
-3126
-2800
-2791
-2665
-2439
-2590
-3690
-5095
-5550
-5135
-4601
-4560
-4397
-3989
-3551
-3521
-3682
-3436
-2763
-1818
-1157
-494
528
1804
2304
1425
670
1040
2186
2774
2621
2445
2155
1957
325
-2655
-5029
-4461
-1965
-1264
-1719
-2242
-2328
-3664
-5671
-6158
-4468
-918
1237
1609
1556
2703
3213
1768
1005
2393
4824
5879
6080
5821
5071
3276
1169
140
868
2413
2601
1774
904
722
-68
-1037
-904
505
2281
3127
3770
4191
4532
4232
3760
4115
5439
7229
8054
8024
7406
6603
5437
4263
3924
4193
4489
4015
3177
2254
1284
330
-448
-479
-349
-612
-1590
-2768
-3453
-3680
-3327
-3107
-3176
-3634
-4021
-4006
-3890
-3609
-3388
-2686
-2028
-1924
-2332
-2262
-1297
-738
-1005
-1505
-1108
-433
-197
-617
-1276
-1789
-2345
-2751
-2962
-2613
-2484
-2988
-3929
-4547
-4698
-4899
-5017
-5074
-4799
-4545
-4348
-4282
-4017
-3405
-2886
-2528
-2139
-1273
-176
863
1397
1401
1319
1686
2297
2665
2756
2677
2572
2057
746
-1520
-3201
-3073
-1871
-1386
-1909
-2342
-2854
-3829
-5155
-5477
-4222
-2009
-352
84
547
1564
2245
1688
1345
2309
3903
4966
5416
5602
5139
4022
2588
1772
1864
2453
2527
1954
1458
1206
741
-95
-282
330
1294
2020
2708
3439
3862
4002
3806
3886
4443
5542
6412
6739
6919
6755
6072
4860
4196
3982
3804
3502
3227
3033
2363
1571
692
266
-2
-463
-1359
-2397
-2741
-2664
-2328
-2619
-3249
-3915
-4101
-3992
-4146
-3974
-3371
-2337
-2245
-2841
-3228
-2605
-1544
-1315
-1457
-1397
-617
-246
-357
-601
-706
-1026
-1831
-2343
-2363
-1925
-1916
-2321
-3158
-3939
-4508
-4949
-5209
-5318
-4977
-4833
-4915
-5135
-4870
-4302
-3822
-3462
-3135
-2457
-1527
-365
469
991
1336
1686
1900
2138
2615
3071
3317
3130
2232
288
-1488
-1856
-1142
-941
-1350
-1526
-1580
-2216
-3431
-4137
-3865
-2566
-1332
-622
70
1537
2900
2726
1851
1800
2965
4063
4907
5533
5848
5434
4369
3199
2435
2576
2813
2645
2132
2158
2205
1631
793
422
712
1073
1770
2622
3597
4096
4125
3719
3412
3842
4639
5432
5925
6603
6702
5911
4555
3741
3603
3451
3227
2911
2826
2398
1834
1029
460
27
-641
-1660
-2856
-3261
-3093
-2607
-2691
-3089
-3729
-4332
-4763
-4990
-4591
-3906
-3027
-2827
-2890
-2870
-2315
-1732
-1593
-1407
-1078
-464
-193
216
501
368
-423
-1336
-1640
-1630
-1432
-1563
-1874
-2643
-3531
-4349
-4927
-5069
-5038
-5034
-5561
-5867
-5560
-4742
-4145
-3960
-3776
-3633
-3089
-2181
-919
53
672
1124
1371
1757
2269
2857
2955
2842
2208
708
-851
-1040
52
186
-854
-1871
-1960
-2340
-3458
-4328
-4143
-2888
-1993
-1723
-1466
-2
1528
1546
584
498
1845
3082
3892
4451
5013
4893
4191
3313
2811
2903
2941
2643
2131
2248
2465
2178
1343
829
854
977
1189
1654
2584
3295
3436
2991
2838
3365
4233
4613
4545
4947
5791
6171
5339
4311
3748
3508
2976
2534
2629
2871
2802
2127
1244
310
-317
-933
-1723
-2878
-4093
-4673
-4210
-2936
-2338
-2930
-4089
-4720
-5230
-5944
-5976
-4619
-2623
-1675
-1780
-2010
-1512
-804
-607
-1038
-1341
-692
391
1123
1163
1105
900
181
-1072
-2118
-2269
-1915
-1781
-2435
-3234
-3584
-3640
-4250
-5433
-6089
-5808
-5154
-4786
-4195
-3145
-2297
-2299
-2662
-2365
-1330
-177
636
1463
2590
3673
4008
3581
3144
2739
1882
763
607
1639
2414
1991
754
-339
-1328
-2456
-3383
-3496
-2522
-1424
-1004
-1052
-590
176
213
-396
-544
416
1773
2988
3883
4466
4484
3919
3116
2652
2936
3398
3510
3235
3193
3189
2774
2053
1455
1258
1113
1130
1358
1947
2567
2759
2387
1871
1955
2488
3029
3208
3512
4135
4726
4804
4278
3747
3270
2787
2165
1938
2359
2895
2920
2217
1474
835
118
-907
-1770
-2211
-2792
-3659
-4247
-3698
-2829
-2786
-3682
-4592
-5007
-5427
-5832
-5735
-4502
-2902
-2115
-2311
-2393
-1567
-764
-809
-1315
-1139
-338
424
843
1147
1499
1515
879
-342
-1300
-1485
-1294
-1533
-2134
-2469
-2560
-2967
-3882
-4764
-5190
-5116
-4903
-4667
-4229
-3397
-2599
-2409
-2633
-2526
-1771
-846
20
876
1851
2585
2843
2386
1425
680
607
1181
1561
1696
1584
1276
469
-860
-2067
-2659
-2332
-1892
-1677
-1498
-818
-90
-134
-709
-1056
-655
-87
518
1270
2323
3205
3363
2882
2375
2387
2482
2379
2198
2541
3086
3207
2841
2423
2278
1987
1560
1249
1535
2199
2671
2743
2707
2912
2994
2782
2499
2678
3185
3634
3995
4285
4354
3886
3087
2315
1925
1931
2112
2258
2240
2108
1798
1230
429
-312
-863
-1439
-2252
-3078
-3293
-2804
-2341
-2464
-2938
-3308
-3771
-4693
-5527
-5447
-4421
-3486
-3144
-2907
-2279
-1500
-1257
-1489
-1732
-1637
-1316
-842
-125
798
1643
1881
1354
320
-545
-908
-965
-1107
-1409
-1550
-1505
-1632
-2268
-3088
-3675
-4048
-4433
-4640
-4211
-3299
-2596
-2572
-2815
-2713
-2201
-1648
-1229
-647
71
412
136
-246
-36
563
1015
1181
1308
1522
1455
987
362
50
75
98
16
79
540
965
976
646
399
372
374
409
641
1172
1746
1970
1878
1851
1968
2025
1802
1632
1758
2006
2221
2337
2493
2548
2445
2268
2123
2090
2176
2352
2551
2740
2966
3223
3350
3256
3027
2929
3010
3171
3423
3853
4195
3995
3243
2522
2235
2180
2073
1958
2041
2124
1950
1490
1060
781
430
-221
-1228
-2212
-2761
-2647
-2260
-2106
-2249
-2469
-2894
-3883
-5103
-5723
-5386
-4770
-4468
-4261
-3659
-2793
-2272
-2274
-2469
-2525
-2470
-2301
-1782
-784
426
1343
1612
1236
558
8
-270
-490
-748
-920
-867
-767
-904
-1276
-1749
-2327
-3105
-3824
-4047
-3635
-3017
-2658
-2606
-2579
-2360
-2046
-1719
-1395
-1001
-803
-1045
-1471
-1401
-581
367
930
1148
1347
1369
983
405
142
389
665
709
771
1251
1883
1975
1474
937
726
600
367
342
776
1299
1440
1114
805
788
782
549
189
185
470
698
743
828
1110
1268
1144
949
1003
1204
1370
1487
1719
2138
2552
2774
2774
2735
2689
2627
2580
2685
3028
3457
3621
3428
3042
2636
2349
2142
2060
2088
2149
2104
1970
1848
1750
1652
1410
964
237
-704
-1499
-1728
-1460
-1197
-1214
-1469
-1944
-2798
-3846
-4604
-4774
-4625
-4516
-4403
-4122
-3547
-2946
-2622
-2613
-2727
-2724
-2564
-2174
-1481
-528
412
989
1086
891
715
647
464
98
-204
-238
-119
-170
-339
-524
-812
-1305
-1887
-2247
-2332
-2310
-2376
-2494
-2408
-2056
-1614
-1308
-1181
-1171
-1458
-2035
-2538
-2475
-1821
-996
-236
346
795
926
675
282
61
205
452
757
1300
2101
2769
2865
2513
2033
1535
1001
591
564
848
1155
1185
935
698
456
61
-455
-767
-714
-511
-337
-144
252
579
619
566
522
671
939
1192
1519
1994
2507
2816
2945
2959
2961
2956
2841
2848
2993
3117
3228
3247
3133
2917
2723
2506
2258
2063
1902
1882
1955
2049
2189
2284
2248
1976
1419
751
273
53
-93
-245
-427
-692
-1127
-1777
-2442
-2932
-3309
-3719
-4146
-4401
-4334
-4055
-3801
-3637
-3494
-3311
-3123
-2887
-2479
-1852
-1172
-668
-326
-5
419
866
1106
1048
826
651
551
394
188
43
-65
-345
-853
-1321
-1524
-1514
-1637
-2041
-2443
-2555
-2400
-2257
-2140
-1888
-1611
-1674
-2201
-2750
-2876
-2548
-2079
-1649
-1161
-591
-159
-147
-356
-418
-278
-164
-101
228
906
1626
1942
1835
1573
1216
827
463
328
547
776
775
608
554
564
297
-78
-455
-500
-377
-301
31
344
635
595
362
288
423
854
1053
1341
1704
2034
2408
2455
2627
2778
2872
2930
2887
3043
3100
3192
3107
2903
2886
2745
2654
2425
2191
2074
1934
1876
1822
1916
1985
1936
1839
1598
1330
956
488
135
-119
-261
-436
-737
-1125
-1618
-2147
-2723
-3173
-3467
-3698
-3866
-4008
-4004
-3903
-3788
-3658
-3507
-3318
-3060
-2711
-2243
-1671
-1113
-649
-298
24
240
352
367
382
460
428
284
88
-33
-158
-419
-765
-1063
-1188
-1334
-1585
-1843
-1919
-1797
-1676
-1591
-1464
-1260
-1194
-1463
-1983
-2342
-2288
-1891
-1385
-854
-250
193
335
103
-119
-115
55
333
553
1010
1520
1939
2015
1688
1445
1160
971
770
637
810
909
1095
1108
1081
1180
890
702
259
77
297
406
850
785
933
830
625
680
373
788
815
1184
1508
1545
1979
1849
2165
2034
2195
2511
2613
3071
2814
2882
2708
2670
2786
2658
2827
2684
2741
2489
2229
2116
1994
2161
2099
2055
1867
1559
1072
443
-37
-321
-304
-329
-514
-962
-1579
-2240
-2837
-3273
-3556
-3673
-3788
-3872
-3941
-3926
-3825
-3711
-3627
-3576
-3444
-3133
-2589
-1965
-1417
-1002
-684
-395
-132
51
147
194
180
93
-60
-146
-94
-15
-123
-463
-864
-1197
-1462
-1779
-2058
-2188
-2059
-1799
-1560
-1345
-1249
-1294
-1720
-2338
-2825
-2788
-2200
-1492
-755
-193
237
337
97
-211
-366
-194
84
448
919
1530
2061
2212
1930
1485
1117
821
626
575
816
1127
1404
1460
1396
1347
1198
916
541
420
448
666
865
1038
1223
1286
1261
1044
976
939
1031
1133
1239
1524
1739
1985
2086
2211
2318
2361
2384
2305
2341
2348
2410
2507
2609
2764
2794
2694
2466
2216
1983
1792
1692
1656
1659
1551
1234
749
170
-396
-858
-1203
-1426
-1591
-1814
-2151
-2605
-3060
-3452
-3771
-4048
-4288
-4438
-4464
-4340
-4095
-3773
-3470
-3227
-3026
-2832
-2540
-2124
-1652
-1211
-808
-450
-149
133
375
523
495
308
82
-74
-119
-141
-227
-382
-563
-800
-1123
-1468
-1716
-1858
-1937
-1940
-1812
-1542
-1332
-1442
-1888
-2291
-2363
-2103
-1628
-1022
-358
121
287
234
220
400
684
852
878
1044
1457
1881
2064
2033
1872
1538
1122
832
813
1081
1391
1390
1136
934
839
745
628
502
433
438
471
621
904
1232
1432
1390
1268
1292
1524
1837
2122
2369
2619
2846
3038
3247
3467
3652
3744
3737
3740
3835
4009
4133
4092
3927
3769
3674
3579
3437
3234
2939
2543
2077
1561
1032
501
-104
-791
-1427
-1849
-2055
-2233
-2538
-2963
-3443
-3892
-4223
-4430
-4525
-4543
-4519
-4447
-4240
-3796
-3174
-2612
-2313
-2232
-2200
-2049
-1687
-1189
-701
-264
130
412
520
487
371
124
-323
-848
-1199
-1240
-1127
-1186
-1550
-2026
-2443
-2840
-3302
-3702
-3877
-3847
-3683
-3448
-3150
-2851
-2781
-3212
-3886
-4121
-3534
-2473
-1532
-890
-450
-177
-134
-152
-2
433
909
1090
1125
1457
2179
2741
2718
2243
1751
1507
1494
1569
1679
1892
1980
1730
1334
1165
1251
1277
1014
618
484
692
1066
1373
1547
1701
1749
1623
1516
1741
2276
2695
2807
2835
3130
3615
4071
4392
4568
4610
4468
4225
4052
4147
4470
4729
4647
4292
3956
3801
3631
3275
2747
2121
1354
231
-1126
-2316
-2740
-2558
-2367
-2587
-3065
-3519
-4227
-5200
-6089
-6176
-5611
-5011
-4676
-4274
-3361
-2321
-1611
-1561
-1761
-1865
-1719
-1350
-725
368
1631
2519
2458
1775
1081
670
266
-368
-992
-1279
-1187
-1163
-1415
-1875
-2311
-3020
-4178
-5444
-6060
-5795
-5150
-4517
-4088
-3588
-3199
-3092
-3666
-4469
-4765
-4355
-3556
-2759
-1435
51
1122
1032
335
-166
-166
319
730
1327
2060
2948
3160
2686
2121
1771
1553
1118
1021
1449
2372
2972
2810
2167
1618
1287
916
742
1044
1729
2158
2168
2048
2172
2336
2248
1936
1915
2526
3386
4144
4696
5264
5621
5541
5234
5143
5544
6076
6419
6432
6310
6222
6006
5750
5439
5258
5022
4475
3213
744
-2112
-3972
-3692
-2485
-1874
-2033
-2357
-3051
-5300
-8001
-9105
-7656
-5814
-5235
-5052
-3824
-1703
-684
-1058
-1963
-2135
-1860
-1576
-956
623
3112
4859
4776
2945
1072
56
-317
-830
-1497
-1579
-1054
-740
-1578
-2876
-3730
-4210
-5507
-7331
-8137
-7132
-5435
-4487
-4214
-4109
-3828
-4030
-4603
-5091
-4695
-3979
-3932
-4289
-3838
-1929
-273
262
-275
-687
-1005
-1364
-1441
-855
638
1754
1936
1260
1144
1451
1303
463
-223
156
1005
1752
1923
2107
2232
1913
945
381
963
1953
2336
2158
2380
2894
3244
2909
2507
2484
2917
3268
3484
4200
5349
6234
6085
5680
5690
6316
6665
6610
6370
6466
6698
6654
6581
6517
6857
6604
5914
3497
-385
-4578
-6126
-4041
-1405
-98
-726
-1122
-3308
-7467
-11582
-11514
-7184
-3648
-2780
-3308
-1386
767
780
-1496
-2970
-2168
-853
429
1744
4358
6685
7050
4200
99
-2432
-2058
-412
224
-109
-398
-169
-1364
-3802
-5981
-5879
-5139
-5845
-7185
-6719
-3778
-1853
-2347
-4129
-4752
-4419
-4104
-3482
-1991
-15
469
-1804
-5195
-6539
-4650
-2232
-1556
-1574
-1244
-788
-1994
-3672
-4468
-3337
-1722
-1572
-1676
-430
2276
2721
550
-1942
-2580
-1732
-771
417
1686
3054
3182
1766
288
378
1242
1229
837
1652
3366
4568
4593
3833
3187
2815
2798
2880
4074
6356
8083
8145
7278
7485
8264
8602
8014
7338
7594
8118
8523
8142
7956
8230
8057
6624
2358
-3051
-7314
-6556
-2417
744
990
-285
-1133
-4873
-10483
-13892
-10135
-2998
584
-365
-1310
1395
3194
1121
-2808
-3220
-192
2692
4095
5442
7484
7835
4651
-992
-4969
-4726
-1260
1183
937
-778
-1655
-2541
-5179
-8240
-9084
-6822
-5103
-5158
-5248
-3074
-598
-1370
-4548
-6762
-5516
-3075
-1000
657
2411
2699
65
-4435
-8092
-8225
-5509
-2277
-888
-241
-243
-1579
-5001
-8161
-8559
-6324
-2885
-718
799
1718
1951
-608
-4460
-6243
-5048
-2496
-336
1961
3147
2654
292
-2244
-3515
-2533
-459
1272
2827
4415
4960
3429
1538
297
370
1336
3494
5739
7580
8555
7817
5989
4635
5620
7344
9085
9907
10291
9740
8597
7276
5976
5978
6342
6639
4204
51
-4430
-5704
-3423
-1058
-593
-2274
-2677
-4360
-7332
-10112
-7866
-1835
1741
1037
-1044
933
3609
3786
1118
461
3150
6102
7268
6968
7218
6563
3883
-563
-3341
-2734
301
1872
198
-3306
-5590
-6066
-6978
-8262
-8570
-6174
-4116
-3844
-4547
-3607
-1850
-2476
-4730
-5467
-2235
1603
3348
2936
1855
-87
-3859
-7386
-7556
-3493
866
1606
-766
-3111
-4389
-5849
-7405
-6754
-3417
422
1699
554
-623
-1092
-2273
-4856
-5625
-2994
940
2257
327
-2477
-4466
-5225
-5538
-4465
-1858
819
1117
-737
-2062
-1731
-662
-16
880
2687
4765
5906
5958
5870
6097
6129
6460
7998
10944
13098
12869
10517
8175
7249
7582
8156
8353
8424
8053
5759
-455
-7838
-10993
-6673
-1021
261
-2718
-4378
-4807
-7971
-12629
-12442
-3684
4910
6419
2501
2476
6062
6482
2230
-128
4461
10843
13577
11444
8915
6864
3758
-1159
-4266
-2419
2146
4222
1077
-4103
-7500
-7912
-8420
-9578
-9101
-5062
-1092
-1270
-3874
-4479
-2448
-2295
-4548
-5009
-497
4730
5176
1272
-2139
-3286
-5097
-8831
-11011
-7565
-1458
1435
-1585
-5209
-6702
-6714
-7678
-7117
-2449
3770
6963
3957
-24
-1789
-1107
-2039
-2925
-699
2994
3989
259
-3863
-6204
-6051
-5720
-4883
-2341
1023
1729
-1628
-4710
-4613
-2388
-795
777
2922
4967
5409
4236
3099
3479
5261
6453
7491
8939
10486
9761
7297
5146
4566
5694
6439
6734
5738
5183
1753
-4738
-10787
-9664
-2425
2210
1226
-2889
-3629
-4911
-7838
-10782
-6183
3386
8341
5553
1342
3288
5312
3320
-1034
517
6858
11689
10853
6531
3574
1663
-398
-2669
-1375
2945
6164
4325
-864
-4841
-5018
-3489
-3381
-3678
-1273
2977
3752
282
-3003
-2761
-1844
-2433
-2526
489
4150
3358
-1820
-6286
-7011
-7456
-9484
-9620
-5123
-398
-555
-4770
-7961
-7636
-5437
-3518
-1412
2417
5294
3782
-1104
-3903
-3021
-1233
-546
-295
537
688
-1571
-5891
-8429
-6903
-3782
-1881
-647
566
35
-2594
-4280
-2866
745
3516
4063
3516
4024
4878
4309
3614
4674
6801
7447
7324
7069
6933
5664
4229
3458
4686
6319
5923
3565
1337
-102
-4502
-9156
-9619
-2840
2900
2347
-3043
-5946
-5141
-5978
-7852
-6141
2660
8064
5504
-518
-151
3796
3465
-302
-434
6298
11574
10361
4497
1249
1033
716
-97
1801
6215
7978
4403
-1203
-3966
-2970
-1202
-1017
-1112
692
3404
2853
-827
-3800
-3242
-1669
-1176
-519
1920
4042
2056
-2977
-6280
-5894
-5203
-5768
-4544
-678
1624
-906
-5304
-6848
-4774
-1728
38
1775
3857
4006
349
-3651
-4045
-2034
-951
-1327
-1444
-1463
-2537
-5473
-8408
-8451
-5482
-2684
-1922
-1742
-1697
-2683
-4044
-3601
-911
2087
3535
2909
2157
2855
3684
2941
2299
4046
6364
6798
5304
4262
3902
3800
3421
3631
5183
5865
4337
929
-720
-2835
-6390
-8841
-5523
642
1893
-1846
-6029
-5795
-6089
-7918
-8442
-2661
4410
4560
-266
-2639
589
1554
-1122
-2453
2272
8067
8646
4807
1421
1026
878
348
1573
5204
7640
5793
1793
-702
-638
114
-82
-195
1056
3521
3977
1496
-1938
-3240
-2477
-1211
-65
1531
3086
2241
-1269
-4811
-5250
-4242
-2860
-1339
1368
2362
947
-1696
-3042
-1859
481
3474
4895
6059
4969
2651
55
-623
8
348
1082
750
-208
-2374
-4001
-5415
-5703
-4329
-2646
-1411
-1432
-2177
-3351
-3480
-2167
-764
739
1850
2165
1372
799
1086
1152
1641
2254
3211
3433
3264
2121
985
1372
3051
4307
3583
2467
1591
1584
-941
-5308
-8087
-4434
991
1251
-2989
-5607
-4103
-5190
-8486
-9580
-3388
2190
1032
-3655
-3793
-61
-864
-4519
-4181
2510
6712
4584
683
307
1507
520
-692
1729
5617
6183
3094
1100
1181
728
-736
-1186
1206
3688
4363
1924
-1164
-2936
-2984
-2088
-1165
262
674
-563
-3209
-5469
-5710
-4322
-2078
-712
460
1340
1170
-36
-786
877
3323
5988
7553
7885
6353
4022
2366
1941
3037
3882
3701
2565
1561
38
-1820
-2569
-1766
-554
189
188
-512
-1298
-1366
-1178
-708
542
1749
1789
1013
925
1121
1441
1726
1895
2037
2428
2789
1900
968
982
1892
2389
1775
859
134
337
-1667
-5823
-8453
-5364
-278
57
-3394
-5890
-4673
-5100
-7859
-9117
-4797
320
-378
-3978
-4560
-1829
-2575
-5657
-5104
229
4131
2681
-158
-793
-183
-1109
-2040
109
3293
3903
1795
493
317
-706
-1926
-1546
934
2846
3023
1662
67
-1276
-2474
-2680
-1567
42
138
-1579
-3767
-5066
-5156
-4570
-3714
-2430
-1094
-275
-304
-346
-12
774
2345
4476
6621
7492
6984
5302
3994
3929
4643
5178
4999
4645
3890
3138
2130
1223
956
1639
2506
2375
1997
1747
1770
1595
1740
2100
2336
2528
2461
2391
2302
2720
2740
2396
2044
2501
2794
2215
1241
1087
1851
1550
86
-1436
-751
-1094
-4060
-7738
-6971
-3349
-2198
-3886
-5371
-4327
-4953
-6793
-7604
-4603
-1835
-2415
-3724
-2742
-859
-2759
-5579
-5013
-1213
909
286
-246
-59
-752
-2422
-2810
-1075
380
386
-24
454
479
-1213
-2860
-2710
-917
308
585
456
240
-181
-864
-1704
-2526
-3067
-2401
-1413
-1149
-2475
-3900
-4244
-4103
-3491
-2893
-1377
-491
282
724
1367
2028
2476
3518
4480
5711
6022
5964
5445
5038
4911
5060
5387
5120
4708
4528
4337
3318
2053
1922
2969
3875
3852
3215
2789
2627
2523
2397
2723
3736
4476
4474
4087
4084
3863
3163
2960
3449
4065
3482
2616
1740
1272
-474
-3982
-6468
-5301
-1703
-1240
-3279
-5190
-5070
-6118
-7980
-7739
-4897
-2260
-3094
-4070
-3413
-2107
-4318
-7205
-5956
-1461
982
-303
-1078
-728
-1160
-3192
-3853
-2450
-919
-520
-394
131
-409
-2703
-4931
-4545
-2381
-994
-1173
-1229
-1016
-1501
-2735
-3650
-3963
-4083
-3336
-2026
-1182
-2186
-3766
-4605
-4410
-3863
-3141
-1705
-330
426
158
36
348
1122
2150
3424
4614
5152
5221
5081
5014
5141
5599
6040
6281
6401
6447
5837
4780
3912
3968
4480
4721
4309
3606
3228
2991
2776
2426
2767
3540
4190
4105
3860
3702
3228
2907
3255
4508
4758
3929
2727
2420
2020
160
-2445
-3900
-2399
-755
-773
-2607
-3502
-3895
-5052
-6276
-6080
-4086
-3141
-3413
-4146
-3648
-3698
-5249
-6659
-5448
-2461
-1106
-1487
-1866
-1258
-1365
-2053
-2354
-1698
-949
-343
228
305
-528
-2026
-2907
-2715
-1906
-1654
-1781
-1591
-1209
-1701
-2809
-3426
-3381
-3389
-3261
-2576
-2062
-2532
-3518
-3877
-3676
-3382
-3177
-2571
-1636
-885
-893
-1159
-917
-64
795
1499
2157
2576
2855
3121
3654
4173
4744
4956
5062
5307
5645
5557
5107
5073
5384
5622
5235
4652
4161
4193
4436
4485
4154
3975
4191
4351
4265
4012
3848
3681
3898
4357
4782
4457
3414
2363
1848
1423
492
-281
-367
-202
-863
-2142
-3185
-3494
-3444
-3419
-3553
-3812
-4260
-4940
-5518
-5700
-5619
-5766
-5746
-5213
-4482
-4329
-4506
-4387
-3882
-3149
-2318
-1635
-1528
-1627
-1526
-1138
-793
-548
-492
-461
-216
-72
-568
-1293
-1289
-828
-761
-1150
-1393
-1608
-1965
-2409
-2834
-3186
-3068
-2601
-2446
-2642
-2835
-3135
-3712
-3778
-3078
-2305
-1910
-1399
-798
-571
-655
-536
-8
920
2096
2877
3100
3347
3961
4318
4364
4722
5530
6189
6517
6652
6485
6148
6036
6173
6173
6137
6176
6089
5787
5613
5461
5091
4950
5421
5847
5523
4782
4010
3107
2113
1306
604
-39
-414
-792
-1742
-2924
-3541
-3625
-3702
-3883
-4185
-4671
-4960
-4793
-4794
-5320
-5653
-5207
-4489
-4165
-4191
-4251
-3964
-3283
-2684
-2555
-2455
-1984
-1431
-1075
-726
-316
-120
-158
-314
-402
-404
-457
-765
-990
-867
-864
-1427
-2168
-2520
-2575
-2560
-2689
-3002
-3142
-2748
-2460
-2987
-3837
-4134
-3864
-3489
-3169
-2981
-2777
-2285
-1698
-1505
-1475
-925
116
1150
1976
2568
2796
2912
3321
3961
4509
4982
5593
6258
6823
7005
6681
6141
6063
6479
6711
6411
6000
5880
5726
5278
4675
4322
4309
4560
4587
4060
3292
2679
1887
587
-570
-1082
-1229
-1549
-2127
-3024
-3882
-4155
-3959
-4147
-4785
-5077
-4722
-4162
-3886
-4083
-4602
-4596
-3732
-2770
-2656
-2883
-2608
-1810
-1079
-794
-983
-1241
-830
88
628
388
174
364
626
565
239
-353
-932
-1116
-1107
-1317
-1859
-2442
-3012
-3262
-3203
-3191
-3470
-3538
-3080
-2554
-2469
-2751
-2944
-2856
-2443
-2029
-1818
-1635
-1001
-154
304
455
910
1740
2540
3125
3443
3640
4009
4630
4961
4885
4750
4929
5390
5764
5789
5459
4982
4656
4745
4830
4462
3883
3576
3404
3479
3737
3234
2150
1801
2194
2148
1383
59
-1500
-2072
-1386
-1275
-2537
-3952
-4440
-3897
-3124
-3362
-4726
-5694
-5195
-3943
-3273
-3837
-4945
-4956
-3557
-2109
-1884
-2592
-2795
-1712
-146
424
-205
-901
-632
570
1720
1723
745
80
472
1210
1077
-88
-1291
-1480
-919
-751
-1665
-3103
-3955
-3731
-3039
-2953
-3642
-4166
-3711
-2760
-2407
-2947
-3476
-3160
-2085
-1056
-688
-678
-140
1285
2833
3617
3777
4194
5296
6579
7133
6871
6592
6940
7611
7832
7414
6906
6916
7340
7459
6838
5892
5339
5327
5101
4232
3297
2916
2894
2598
1884
1048
450
110
-534
-1950
-3483
-4071
-3720
-3667
-4671
-6029
-6589
-5964
-5121
-5292
-6335
-6898
-6214
-5037
-4656
-5364
-6274
-6082
-4648
-3340
-3277
-3933
-3837
-2642
-1383
-1083
-1608
-1969
-1335
36
944
571
-436
-763
-163
439
69
-1109
-2003
-1805
-1102
-1104
-2191
-3507
-4064
-3715
-3175
-3304
-4028
-4382
-3781
-2936
-2790
-3334
-3695
-3272
-2306
-1563
-1376
-1166
-240
1296
2642
3334
3727
4529
5807
6975
7523
7660
7982
8710
9439
9684
9579
9661
10123
10613
10710
10364
9956
9752
9552
9000
8121
7344
6872
6500
5903
4949
3802
2692
1540
135
-1300
-2186
-2475
-2858
-3835
-5117
-6020
-6282
-6256
-6480
-7058
-7508
-7350
-6833
-6642
-7070
-7625
-7506
-6595
-5567
-5101
-4980
-4547
-3723
-2966
-2577
-2441
-2202
-1576
-743
-293
-530
-1006
-1162
-1024
-1120
-1721
-2455
-2743
-2586
-2528
-3010
-3944
-4806
-5194
-5160
-5137
-5413
-5755
-5749
-5438
-5251
-5382
-5546
-5377
-4872
-4317
-3899
-3436
-2652
-1541
-429
409
1076
1903
3018
4136
4922
5415
5937
6677
7482
8095
8498
8920
9511
10159
10598
10743
10769
10835
10869
10683
10281
9832
9448
9100
8672
8051
7170
6101
4935
3720
2617
1851
1377
792
-190
-1374
-2322
-2915
-3390
-3979
-4620
-5059
-5175
-5111
-5164
-5451
-5771
-5751
-5275
-4643
-4176
-3834
-3379
-2814
-2347
-2031
-1748
-1373
-890
-368
-32
-89
-404
-611
-586
-608
-947
-1467
-1760
-1708
-1645
-1985
-2780
-3643
-4161
-4288
-4346
-4636
-5073
-5318
-5300
-5331
-5598
-5867
-5836
-5513
-5120
-4791
-4468
-3971
-3250
-2478
-1869
-1378
-746
132
1037
1678
2051
2415
2971
3667
4315
4815
5223
5682
6235
6745
7006
6995
6938
6989
7073
7028
6807
6491
6151
5811
5410
4834
4049
3224
2563
2065
1574
979
295
-398
-1001
-1510
-1978
-2470
-2933
-3257
-3437
-3586
-3776
-3883
-3767
-3498
-3267
-3125
-2944
-2638
-2267
-1960
-1779
-1658
-1452
-1090
-705
-510
-528
-563
-511
-470
-515
-571
-515
-406
-396
-532
-707
-814
-865
-948
-1114
-1335
-1534
-1670
-1777
-1897
-2005
-2016
-1929
-1822
-1708
-1561
-1370
-1124
-780
-315
198
649
994
1317
1731
2206
2566
2720
2805
3045
3467
3848
4009
4042
4157
4399
4583
4549
4388
4299
4317
4218
3802
3220
2826
2754
2694
2265
1556
1016
852
751
317
-375
-909
-1039
-1014
-1303
-1981
-2631
-2794
-2581
-2567
-3021
-3546
-3584
-3157
-2857
-3013
-3275
-3145
-2627
-2238
-2327
-2661
-2770
-2483
-2178
-2306
-2811
-3142
-2921
-2492
-2505
-3064
-3586
-3516
-3010
-2703
-2867
-3162
-3096
-2668
-2367
-2517
-2869
-2887
-2386
-1815
-1699
-1983
-2086
-1612
-847
-328
-164
74
788
1791
2528
2762
2863
3338
4191
4923
5158
5105
5278
5847
6427
6570
6362
6308
6689
7227
7429
7176
6811
6681
6707
6508
5937
5273
4817
4502
3951
3029
2095
1588
1466
1236
559
-314
-871
-988
-1072
-1544
-2295
-2839
-2922
-2821
-2983
-3469
-3887
-3909
-3662
-3530
-3645
-3719
-3455
-2963
-2653
-2720
-2902
-2821
-2449
-2120
-2112
-2327
-2453
-2390
-2336
-2491
-2806
-3034
-3060
-3064
-3249
-3605
-3912
-4020
-4047
-4187
-4479
-4743
-4814
-4771
-4764
-4805
-4770
-4542
-4199
-3877
-3576
-3205
-2691
-2105
-1570
-1114
-649
-67
628
1274
1767
2170
2627
3223
3840
4353
4799
5272
5794
6234
6499
6652
6798
6951
7025
6959
6766
6503
6201
5858
5457
5034
4660
4356
4043
3591
3004
2412
1968
1643
1262
764
239
-163
-463
-805
-1231
-1628
-1829
-1836
-1773
-1726
-1678
-1607
-1504
-1390
-1310
-1289
-1284
-1212
-1075
-985
-1098
-1370
-1582
-1591
-1478
-1458
-1632
-1894
-2087
-2153
-2216
-2412
-2723
-3009
-3164
-3225
-3291
-3411
-3547
-3616
-3601
-3527
-3410
-3253
-3030
-2741
-2401
-2062
-1790
-1573
-1329
-1008
-639
-319
-85
131
421
774
1125
1431
1687
1942
2217
2526
2848
3105
3249
3321
3373
3415
3372
3211
3017
2888
2811
2677
2437
2227
2154
2119
1933
1573
1247
1094
984
716
282
-114
-334
-464
-620
-799
-935
-1008
-1007
-886
-683
-529
-484
-434
-291
-182
-270
-469
-544
-483
-516
-746
-970
-1012
-991
-1117
-1351
-1481
-1424
-1317
-1276
-1257
-1204
-1182
-1246
-1346
-1382
-1358
-1347
-1360
-1362
-1322
-1256
-1179
-1075
-935
-780
-603
-356
-25
313
567
757
950
1169
1362
1484
1592
1763
1982
2179
2316
2426
2527
2568
2524
2487
2521
2588
2604
2546
2466
2374
2213
1973
1739
1595
1536
1498
1443
1354
1186
939
694
504
347
174
27
-65
-148
-290
-478
-617
-707
-784
-852
-869
-892
-1030
-1262
-1463
-1598
-1771
-2058
-2371
-2572
-2674
-2778
-2926
-3078
-3200
-3283
-3298
-3242
-3167
-3113
-3033
-2889
-2742
-2706
-2764
-2765
-2625
-2434
-2303
-2203
-2036
-1770
-1500
-1283
-1097
-898
-633
-295
76
394
617
781
956
1131
1259
1348
1477
1689
1900
2021
2061
2112
2221
2328
2340
2242
2118
2031
1951
1795
1522
1208
984
891
873
862
850
855
903
1021
1180
1335
1464
1580
1719
1836
1844
1781
1760
1832
1915
1939
1967
2072
2213
2296
2293
2283
2331
2390
2393
2329
2208
2026
1771
1447
1079
676
271
-98
-429
-760
-1110
-1442
-1733
-1968
-2178
-2376
-2530
-2608
-2620
-2618
-2637
-2688
-2727
-2721
-2672
-2597
-2492
-2314
-2065
-1791
-1546
-1322
-1088
-857
-633
-397
-160
37
168
231
253
228
122
-25
-150
-221
-296
-414
-570
-775
-1035
-1334
-1608
-1808
-1974
-2160
-2371
-2584
-2785
-2958
-3086
-3129
-3106
-3026
-2878
-2672
-2449
-2265
-2092
-1847
-1517
-1168
-847
-512
-124
249
547
793
1068
1424
1830
2212
2575
2937
3262
3506
3680
3836
3976
4074
4143
4193
4210
4146
3988
3817
3693
3597
3472
3342
3255
3218
3137
2964
2757
2577
2446
2308
2120
1927
1762
1591
1408
1213
1049
935
855
805
770
725
650
527
388
279
168
23
-150
-310
-442
-609
-842
-1090
-1292
-1432
-1575
-1756
-1933
-2097
-2284
-2503
-2741
-2942
-3104
-3257
-3412
-3557
-3647
-3714
-3800
-3878
-3893
-3839
-3764
-3699
-3647
-3568
-3481
-3439
-3427
-3393
-3306
-3205
-3133
-3050
-2907
-2752
-2611
-2484
-2278
-1985
-1696
-1439
-1161
-834
-517
-274
-65
210
546
853
1131
1442
1804
2148
2417
2688
3030
3392
3713
3995
4280
4553
4742
4832
4887
4945
4975
4949
4892
4835
4739
4563
4329
4077
3813
3514
3193
2868
2524
2141
1704
1229
755
296
-129
-505
-826
-1118
-1390
-1638
-1853
-2041
-2194
-2303
-2365
-2393
-2410
-2416
-2426
-2446
-2456
-2442
-2381
-2264
-2132
-1987
-1817
-1649
-1499
-1375
-1251
-1106
-977
-877
-814
-778
-783
-848
-937
-1008
-1058
-1105
-1147
-1162
-1146
-1139
-1151
-1153
-1113
-1033
-950
-868
-759
-619
-497
-395
-270
-91
139
383
649
943
1240
1524
1770
2023
2288
2535
2743
2923
3081
3184
3204
3153
3097
3030
2937
2794
2595
2369
2091
1734
1333
932
543
172
-199
-575
-928
-1283
-1624
-1928
-2174
-2335
-2449
-2530
-2586
-2631
-2677
-2722
-2757
-2767
-2727
-2658
-2580
-2490
-2382
-2264
-2133
-1974
-1772
-1529
-1261
-1002
-752
-519
-321
-159
-28
98
218
321
398
440
475
514
548
584
639
713
804
901
984
1057
1130
1192
1247
1299
1359
1417
1471
1538
1618
1702
1785
1866
1964
2091
2216
2327
2422
2502
2570
2612
2610
2569
2521
2454
2361
2247
2109
1936
1739
1511
1263
1011
742
460
169
-124
-427
-746
-1059
-1348
-1604
-1831
-2026
-2188
-2329
-2450
-2561
-2653
-2730
-2792
-2842
-2872
-2894
-2914
-2931
-2942
-2926
-2869
-2771
-2630
-2451
-2248
-2010
-1752
-1482
-1201
-919
-633
-355
-104
110
290
434
548
643
720
784
834
872
894
909
917
921
915
916
910
895
874
833
791
746
700
657
610
569
537
514
501
493
489
490
492
498
494
492
490
489
497
496
484
462
440
429
426
416
405
401
387
366
318
257
192
131
69
11
-53
-123
-191
-264
-341
-399
-445
-472
-486
-492
-490
-499
-512
-516
-513
-501
-475
-456
-429
-401
-365
-317
-260
-187
-95
17
136
265
381
504
634
760
882
982
1061
1114
1135
1136
1115
1086
1042
993
928
860
782
699
626
568
535
521
505
480
438
392
341
287
233
163
85
-11
-115
-241
-385
-530
-661
-776
-878
-988
-1101
-1204
-1303
-1391
-1466
-1537
-1589
-1632
-1674
-1712
-1754
-1795
-1822
-1829
-1811
-1783
-1753
-1705
-1648
-1573
-1484
-1374
-1251
-1106
-943
-774
-608
-443
-268
-86
109
304
494
673
839
1005
1160
1299
1428
1550
1657
1750
1809
1843
1860
1860
1852
1840
1818
1784
1735
1677
1618
1561
1499
1449
1413
1387
1362
1329
1285
1235
1192
1154
1119
1078
1028
983
941
890
826
757
694
633
581
524
463
402
325
236
136
21
-101
-229
-367
-495
-623
-763
-905
-1058
-1216
-1370
-1517
-1643
-1760
-1863
-1954
-2049
-2141
-2232
-2320
-2387
-2431
-2457
-2455
-2430
-2389
-2337
-2271
-2185
-2074
-1928
-1753
-1552
-1342
-1130
-915
-707
-499
-292
-88
112
305
483
630
754
862
950
1018
1077
1121
1147
1151
1133
1092
1036
967
890
809
718
629
533
440
349
266
197
145
105
84
78
75
90
121
168
225
305
391
483
583
678
774
870
959
1043
1119
1177
1220
1241
1241
1213
1164
1102
1021
934
835
725
608
482
350
220
103
-6
-100
-185
-270
-344
-413
-475
-530
-566
-591
-592
-569
-528
-468
-403
-319
-221
-103
30
181
340
498
646
778
891
981
1050
1096
1132
1147
1129
1087
1012
908
769
611
448
270
86
-111
-322
-545
-781
-1027
-1270
-1498
-1718
-1923
-2108
-2282
-2434
-2563
-2670
-2743
-2773
-2768
-2725
-2638
-2530
-2397
-2236
-2056
-1851
-1626
-1385
-1130
-877
-623
-377
-139
95
311
510
690
852
991
1104
1185
1244
1278
1291
1286
1267
1234
1188
1135
1074
1013
949
895
844
803
768
741
723
714
725
741
773
817
876
945
1022
1113
1208
1301
1402
1496
1589
1667
1732
1783
1816
1823
1810
1785
1735
1665
1574
1472
1349
1215
1057
889
711
521
330
128
-80
-297
-519
-748
-974
-1196
-1409
-1611
-1796
-1960
-2109
-2236
-2341
-2422
-2471
-2494
-2479
-2443
-2382
-2296
-2191
-2060
-1914
-1753
-1577
-1387
-1186
-982
-780
-578
-383
-202
-37
122
262
378
472
549
607
640
656
657
642
615
580
537
491
447
399
356
317
290
271
259
260
270
286
319
357
398
451
501
549
597
642
679
710
729
748
752
741
724
694
658
614
562
494
416
334
238
134
32
-82
-205
-330
-460
-584
-710
-833
-943
-1048
-1138
-1214
-1273
-1313
-1331
-1335
-1311
-1265
-1202
-1114
-1016
-898
-764
-619
-471
-319
-155
5
160
306
448
582
697
804
900
982
1046
1098
1143
1174
1192
1196
1199
1194
1178
1163
1139
1115
1089
1058
1033
1010
985
962
940
922
908
893
872
856
840
819
787
750
706
647
579
488
400
291
167
43
-98
-240
-385
-533
-680
-822
-955
-1084
-1202
-1307
-1402
-1475
-1541
-1583
-1621
-1642
-1651
-1645
-1621
-1591
-1549
-1503
-1449
-1384
-1316
-1243
-1167
-1087
-1009
-931
-845
-760
-671
-586
-496
-403
-309
-214
-113
-18
77
169
254
342
415
481
537
581
615
632
638
638
630
612
592
574
546
533
514
507
510
520
543
569
604
647
706
759
813
867
919
970
1004
1028
1044
1038
1026
995
949
897
839
767
691
611
527
446
366
294
224
151
90
30
-36
-91
-150
-194
-249
-291
-344
-390
-437
-486
-522
-563
-595
-620
-643
-654
-659
-655
-645
-634
-598
-572
-520
-485
-429
-365
-307
-243
-178
-116
-52
2
54
102
142
175
196
226
230
236
228
222
203
182
154
124
95
58
18
-13
-46
-88
-116
-151
-180
-214
-236
-261
-287
-313
-336
-354
-376
-394
-410
-435
-442
-454
-462
-465
-468
-459
-446
-430
-414
-388
-360
-325
-287
-259
-225
-195
-163
-141
-126
-118
-120
-122
-137
-153
-171
-188
-215
-245
-261
-281
-290
-293
-296
-282
-272
-245
-208
-172
-114
-68
3
72
150
224
302
393
473
570
653
744
839
916
1004
1090
1158
1236
1289
1350
1392
1431
1457
1459
1458
1444
1403
1353
1290
1216
1117
1013
903
770
649
504
375
227
85
-50
-179
-308
-428
-538
-640
-736
-824
-899
-964
-1017
-1069
-1097
-1130
-1148
-1161
-1165
-1163
-1156
-1132
-1113
-1084
-1047
-1012
-963
-915
-866
-813
-759
-697
-640
-581
-521
-465
-402
-351
-299
-256
-207
-167
-128
-90
-66
-37
-11
12
28
43
50
61
71
75
85
94
108
127
141
168
185
210
250
282
324
369
425
470
519
578
632
684
736
785
822
855
882
902
916
920
909
906
883
865
827
787
744
686
629
562
492
422
341
258
174
87
-5
-100
-189
-283
-370
-459
-536
-610
-674
-728
-773
-801
-828
-847
-844
-830
-812
-774
-737
-694
-643
-585
-527
-468
-409
-348
-284
-224
-167
-116
-56
-2
39
82
118
143
165
180
190
197
198
188
169
151
117
77
37
-7
-56
-105
-140
-185
-222
-253
-288
-315
-330
-337
-340
-327
-306
-283
-249
-211
-162
-114
-61
-5
46
100
150
199
240
279
314
345
372
392
406
412
421
418
413
405
396
378
364
342
315
288
256
219
181
151
113
73
41
15
-14
-32
-54
-64
-73
-77
-74
-70
-52
-39
-19
10
34
63
89
123
148
172
197
219
241
257
268
274
275
269
261
245
223
194
169
138
98
54
10
-34
-86
-140
-193
-243
-292
-337
-377
-424
-463
-496
-533
-558
-580
-599
-607
-611
-612
-601
-585
-568
-538
-501
-467
-422
-372
-319
-260
-203
-143
-83
-21
40
96
145
195
235
273
302
323
337
345
350
336
319
292
262
233
193
156
119
90
55
24
5
-12
-21
-20
-19
-14
6
29
50
77
116
154
182
218
249
276
303
326
345
357
365
366
359
354
337
317
298
272
243
216
187
156
122
92
63
39
9
-24
-48
-76
-96
-122
-148
-167
-192
-211
-237
-263
-280
-295
-318
-332
-342
-359
-369
-368
-363
-363
-349
-333
-320
-294
-265
-240
-203
-165
-125
-94
-52
-13
21
58
88
114
132
157
171
179
184
178
173
164
150
137
119
102
83
64
47
18
1
-14
-32
-44
-55
-70
-75
-82
-79
-81
-87
-78
-71
-62
-51
-38
-20
-5
10
29
46
72
93
115
134
150
169
183
199
219
225
231
232
229
227
225
224
216
198
179
156
135
117
94
74
50
27
2
-23
-38
-54
-69
-83
-103
-112
-123
-128
-126
-130
-127
-132
-137
-135
-133
-126
-118
-114
-108
-110
-107
-107
-109
-104
-105
-108
-109
-113
-116
-123
-123
-124
-132
-137
-143
-147
-143
-143
-139
-140
-139
-137
-137
-128
-122
-111
-100
-93
-87
-80
-63
-49
-34
-21
-10
2
14
29
51
66
76
91
97
109
116
134
151
156
161
163
177
186
194
202
202
210
210
213
220
225
232
232
236
231
228
229
234
228
219
210
195
189
166
155
143
120
99
67
44
22
-1
-26
-57
-86
-119
-141
-160
-182
-198
-218
-238
-250
-258
-264
-266
-266
-269
-270
-264
-254
-242
-230
-214
-198
-189
-185
-173
-154
-137
-123
-115
-103
-90
-80
-67
-59
-44
-41
-28
-18
-15
-7
0
12
23
31
37
43
49
62
70
76
82
93
100
108
118
123
130
132
135
137
141
151
151
153
154
151
151
145
141
137
128
125
118
105
97
88
83
75
64
56
39
32
22
13
1
-11
-18
-33
-45
-50
-59
-59
-68
-75
-82
-90
-89
-95
-94
-103
-103
-101
-102
-96
-100
-95
-88
-88
-81
-76
-68
-64
-60
-49
-46
-41
-34
-34
-27
-25
-26
-20
-13
-16
-15
-8
-6
0
-3
-1
-2
-3
-1
-7
3
5
-1
7
7
11
19
17
16
16
22
24
24
27
31
33
32
31
30
36
36
37
37
36
37
42
43
41
43
40
40
41
39
39
36
36
35
33
31
30
28
24
24
15
17
11
5
6
-1
2
-8
-15
-8
-14
-15
-22
-23
-22
-30
-26
-30
-28
-28
-31
-28
-34
-31
-31
-31
-22
-19
-10
-8
-7
-2
-2
2
2
2
3
3
4
9
4
4
10
8
8
8
8
4
-1
-2
-5
-13
-9
-16
-17
-19
-27
-26
-27
-23
-23
-29
-26
-26
-27
-23
-21
-19
-17
-16
-13
-10
-8
-3
-2
2
6
11
19
23
23
26
28
29
30
32
33
32
38
36
35
38
33
36
34
33
30
26
27
19
20
21
15
10
7
9
8
-4
0
-3
-6
-7
-10
-9
-12
-11
-13
-20
-18
-21
-21
-22
-19
-16
-20
-14
-14
-16
-17
-16
-17
-15
-16
-16
-19
-18
-11
-19
-18
-12
-13
-12
-12
-15
-13
-12
-16
-14
-17
-16
-15
-17
-16
-15
-10
-9
-8
-6
-5
-6
-3
0
4
6
7
8
8
10
14
15
14
15
16
18
20
22
23
23
23
22
21
17
16
19
17
18
16
13
17
11
10
7
11
9
6
4
1
4
5
1
-2
-2
-3
-3
-5
-5
-7
-4
-3
-5
-5
-5
-3
-1
-2
-3
-4
-4
0
1
-1
0
3
5
5
4
5
5
5
3
1
1
2
1
3
1
-2
-1
-2
-4
-3
-3
-5
-5
-7
-6
-7
-5
-6
-7
-6
-7
-7
-8
-8
-6
-6
-6
-6
-9
-7
-7
-5
-5
-6
-3
-5
-3
-2
-5
0
-3
-2
-2
-3
-2
0
-3
-6
-2
-1
0
2
3
0
0
0
1
5
3
1
2
1
-1
2
0
3
4
1
3
3
3
3
4
4
4
5
7
3
5
5
4
5
4
3
3
3
2
3
4
3
-1
-2
0
0
2
0
-1
1
0
-1
1
2
2
0
0
1
3
2
4
2
1
-2
2
3
1
3
4
6
3
6
5
7
5
4
3
2
3
2
4
-1
3
1
1
1
0
1
1
-1
-3
-4
-2
-5
-7
-7
-8
-6
-7
-7
-8
-8
-8
-8
-6
-9
-7
-8
-13
-14
-14
-11
-11
-11
-7
-6
-4
-4
-1
0
-3
1
3
5
5
6
4
7
7
7
9
8
8
9
10
8
8
8
9
5
5
5
6
3
-1
1
-2
-2
-5
-4
-6
-6
-7
-9
-7
-9
-7
-10
-9
-10
-6
-8
-10
-9
-8
-9
-9
-9
-6
-1
-3
5
1
7
6
6
10
9
12
9
14
11
13
12
11
9
10
11
12
12
9
9
6
6
3
4
-1
0
1
3
2
-2
3
2
2
2
1
0
-2
-3
-5
-9
-6
-4
-7
-7
-6
0
0
0
-2
2
1
1
2
0
2
3
5
1
1
2
4
6
3
4
5
6
6
1
2
1
3
-1
-3
-3
-8
-9
-11
-15
-17
-14
-17
-19
-20
-19
-18
-19
-17
-18
-18
-18
-18
-15
-14
-16
-16
-13
-9
-6
-1
2
3
6
9
11
10
11
14
12
12
11
12
9
9
9
8
10
13
10
11
10
9
8
6
3
2
3
3
9
7
8
11
12
13
16
15
15
15
13
11
11
11
8
8
8
8
9
10
8
8
9
8
6
4
1
2
2
0
0
-2
0
-1
-1
-4
-3
-4
-3
-5
-7
-9
-9
-6
-11
-10
-13
-12
-12
-14
-18
-19
-18
-20
-22
-21
-20
-19
-16
-18
-15
-13
-12
-11
-11
-9
-8
-8
-7
-8
-1
1
2
2
4
7
8
7
8
8
9
8
4
3
2
3
1
2
2
5
6
7
4
4
5
4
3
1
1
3
5
5
7
8
15
14
15
14
14
15
17
12
11
10
10
9
7
6
3
6
3
4
1
1
-1
-2
-7
-7
-8
-11
-11
-12
-12
-11
-10
-12
-10
-10
-9
-13
-10
-9
-9
-10
-7
-9
-6
-6
-5
-3
-1
0
-1
0
-1
4
3
2
2
5
7
4
4
5
8
11
8
9
7
8
9
6
7
4
7
7
7
5
6
8
6
3
3
2
2
2
1
0
-3
1
-2
0
-1
-2
-3
-3
