20
21
16
4
-11
-19
-21
-20
-6
10
19
20
17
6
-5
-12
-20
-19
-7
5
12
13
16
9
-1
-10
-17
-12
-3
1
5
13
11
4
-2
-5
-6
-4
-5
-7
2
10
4
-1
3
6
4
-2
-7
-5
1
-4
-9
-1
11
12
7
5
4
1
-8
-20
-17
0
5
4
13
20
17
4
-9
-16
-13
-12
-19
-5
14
20
13
9
7
2
-6
-18
-21
-8
0
-4
3
19
22
12
6
-5
-10
-14
-22
-21
0
17
11
13
19
11
-2
-14
-26
-19
-3
-2
1
22
28
10
2
-3
-20
-16
-10
-19
-6
25
20
4
16
11
-14
-15
-16
-24
-6
11
2
8
29
16
-9
-5
-8
-21
-15
-7
-4
11
23
15
6
11
5
-20
-21
-11
-10
-3
8
15
15
20
13
-7
-14
-14
-21
-20
-8
8
19
23
22
11
0
-7
-21
-30
-17
-1
5
6
20
26
13
3
-10
-17
-11
-11
-19
-10
15
18
6
13
16
6
-2
-15
-18
-7
-4
-11
-4
18
21
14
9
-2
1
-3
-27
-27
-1
8
0
7
21
14
10
-2
-24
-15
2
-11
-18
8
27
7
3
12
2
1
3
-12
-16
1
2
-22
-16
18
17
3
14
17
11
1
-17
-35
-26
-3
-8
-3
28
38
28
7
-15
-15
-18
-33
-27
9
30
24
24
8
-11
-9
-30
-42
-2
31
28
29
31
7
-20
-45
-63
-39
-2
21
51
66
59
32
-20
-65
-68
-63
-50
3
50
68
87
61
-3
-24
-51
-97
-66
-7
3
43
96
57
14
25
-33
-92
-46
-21
-37
18
70
38
24
47
-2
-52
-27
-21
-41
-16
19
21
17
37
28
-5
-2
0
-28
-44
-22
-6
-14
8
43
43
40
30
-1
-28
-53
-57
-50
-28
14
53
70
61
47
24
-37
-77
-63
-62
-48
11
65
61
54
72
13
-51
-35
-54
-82
-15
28
9
42
75
22
-20
-1
-30
-47
-16
-10
13
32
19
10
-4
-9
-5
-19
-22
11
37
0
-5
25
-9
-17
-1
-27
-6
32
2
-17
22
24
-18
-1
4
-21
4
9
-24
-5
27
10
-18
2
22
-19
-26
13
10
-10
14
31
-17
-19
18
-35
-47
29
32
-3
22
50
8
-52
-33
-12
-42
-18
53
39
0
60
35
-83
-44
13
-53
-30
58
34
22
45
-2
-35
-36
-29
2
-25
-19
70
52
-35
1
33
-53
-20
36
-60
-14
85
-18
-54
34
29
-20
0
20
-9
10
15
-51
-34
12
1
-3
5
55
44
-17
-2
-11
-43
-38
-16
1
7
49
47
-8
30
16
-58
-33
-9
-5
-6
-8
28
37
7
-18
14
13
-37
3
-2
-54
30
38
-53
4
62
-8
-34
17
9
-19
0
-5
8
17
-9
6
-7
-13
25
-6
-29
39
43
-35
-16
31
-17
-16
0
-17
23
35
-17
-16
16
3
-14
-29
-26
32
39
-31
6
55
-5
-4
-2
-57
-3
47
-42
-39
78
37
-23
28
-5
-11
38
-44
-62
39
-3
-53
16
-13
-24
83
10
-49
88
29
-113
-26
-10
-88
-5
37
-21
38
77
-12
-5
26
0
0
-50
-48
0
-74
-51
58
30
27
118
83
-89
-49
-19
-168
-93
38
16
46
124
105
-63
-85
-15
-129
-143
7
61
32
74
101
-19
-57
-9
-108
-127
-17
-30
2
69
45
58
39
-9
-35
-31
-54
-78
18
25
0
60
30
32
9
-31
-12
-20
-13
51
6
-44
59
23
-85
-33
-6
-59
1
45
-39
49
132
20
56
54
11
47
-18
-103
4
106
53
104
176
112
90
62
-72
-78
13
29
-15
-28
27
26
-39
-14
7
49
97
49
-29
-31
-58
-134
-43
3
-5
199
233
30
84
109
-119
-75
47
-46
-10
124
26
-61
78
18
-35
7
-44
-69
-107
-129
-96
-56
1
70
25
-44
15
-68
-173
-87
-36
-9
72
85
19
54
38
-86
-66
-66
-40
22
-52
-26
85
40
-34
-64
-95
-93
-160
-120
-30
19
89
96
1
-100
-34
-124
-299
-62
54
-62
149
172
30
62
17
-122
-142
-10
-48
-74
99
23
-38
17
-24
12
40
57
46
56
11
-132
-105
-5
-83
72
183
26
137
193
-85
-82
97
-46
-138
146
79
-94
155
51
-90
27
76
-56
-1
92
29
-19
-17
82
101
44
106
71
-70
-69
-47
-92
-27
273
268
199
155
4
-179
-295
-271
-160
-9
173
283
152
104
24
-129
-169
-100
-32
-36
64
21
-117
11
-10
-16
221
202
116
44
43
-164
-261
-111
-42
78
206
107
0
2
-50
-67
-67
90
64
58
-41
-192
-276
-185
-87
-14
97
128
-18
11
27
-181
-140
-3
71
2
40
-70
0
62
81
31
217
250
-19
-88
-163
-157
47
135
140
295
252
-158
-772
-708
-517
-146
189
397
572
563
271
-325
-626
-665
-317
-51
35
286
518
592
494
185
185
-8
-4
-36
-193
-169
-229
-105
-100
-60
155
247
122
228
56
-243
-528
-738
-530
-345
-71
342
241
486
500
-28
-213
-396
-44
-128
49
273
14
526
297
-174
4
-91
43
-25
96
-52
52
329
-264
-118
49
-188
-137
48
-20
43
345
148
-63
14
-159
-391
-93
149
59
238
55
-4
35
-110
-212
-173
152
-14
-54
-7
-187
15
99
-93
-107
212
294
185
170
-43
-191
-165
-103
-93
222
316
321
412
-74
-132
-140
-218
-222
-55
90
-295
71
165
-225
61
99
29
-168
-21
54
-444
-164
67
-155
2
350
226
25
234
299
-167
-224
69
-109
-123
113
13
-92
163
268
193
37
166
239
-219
-349
-291
-436
-184
-83
162
156
160
370
-86
-257
-50
-160
-231
-240
25
-32
-42
216
70
139
404
241
-57
-75
-39
-222
-35
107
49
151
182
-44
-199
-205
-294
-131
82
179
69
41
-27
-52
-90
-253
-152
-11
39
153
65
15
118
188
41
34
120
85
29
18
-64
-319
-210
-260
-133
47
202
220
16
161
-63
-330
-281
-268
-177
0
168
93
157
283
106
34
-17
3
-83
-5
43
82
122
134
161
52
25
0
-114
-210
-64
-104
-194
-4
79
67
193
105
-129
-124
-134
-213
-97
94
135
288
299
129
111
104
-36
102
149
122
220
243
62
5
17
-149
-95
9
1
15
34
-67
-148
-154
-103
-146
-122
-68
-108
-130
-83
-81
-38
172
223
151
132
0
-185
-178
-219
-174
41
238
278
319
210
-31
-106
-237
-309
-202
-99
23
193
285
270
242
203
49
-99
-278
-380
-471
-456
-281
-136
64
285
394
323
258
83
-156
-226
-286
-277
-150
-30
91
203
275
252
254
180
71
30
-69
-109
-95
-50
-41
3
11
-41
-41
-73
-55
-5
58
129
147
138
45
-28
-120
-206
-166
-179
-145
-81
-44
-83
-84
-58
-125
-75
-19
-21
-4
28
41
17
46
73
59
43
53
30
-80
-13
15
-30
84
156
83
57
58
-164
-213
-162
-239
-130
39
71
126
186
61
-39
-48
-161
-149
-53
-33
66
177
210
219
284
250
250
258
163
95
4
-96
-160
-165
-172
-97
16
45
89
67
-51
-137
-220
-307
-322
-241
-172
-50
101
163
242
297
309
314
331
294
263
233
137
63
-3
-72
-90
-65
-43
-22
12
-3
-32
-60
-117
-141
-157
-146
-112
-88
-59
5
62
110
194
241
243
250
213
111
26
-41
-115
-169
-170
-185
-214
-214
-214
-241
-258
-217
-198
-157
-48
35
91
166
223
209
210
233
201
193
216
210
182
195
201
177
196
199
182
162
139
84
15
-23
-69
-83
-82
-75
-56
-61
-59
-72
-86
-98
-103
-99
-102
-98
-106
-105
-104
-98
-82
-84
-74
-74
-84
-100
-108
-120
-146
-147
-171
-188
-189
-191
-177
-160
-127
-100
-79
-79
-87
-92
-121
-133
-148
-158
-161
-168
-170
-184
-189
-200
-196
-185
-170
-146
-117
-78
-47
-6
40
87
136
187
233
260
277
277
269
273
264
266
277
292
308
323
339
353
380
400
421
440
450
451
433
392
346
307
266
226
196
173
169
174
186
205
226
238
244
240
225
201
167
125
79
34
-12
-59
-104
-149
-188
-226
-272
-313
-358
-406
-454
-499
-532
-556
-574
-581
-580
-582
-591
-610
-636
-674
-718
-759
-787
-801
-800
-786
-760
-721
-671
-617
-568
-529
-500
-478
-472
-466
-465
-460
-446
-427
-402
-374
-332
-289
-239
-184
-134
-73
-17
35
84
123
156
184
219
249
296
350
401
452
504
573
634
694
741
780
812
834
848
867
907
963
1030
1088
1146
1193
1238
1274
1279
1281
1270
1278
1283
1296
1311
1329
1380
1413
1479
1550
1633
1714
1760
1801
1796
1808
1779
1723
1627
1491
1359
1168
958
662
342
-9
-408
-830
-1325
-1791
-2282
-2735
-3168
-3564
-3849
-4096
-4225
-4321
-4313
-4217
-4056
-3794
-3510
-3129
-2733
-2288
-1854
-1437
-1000
-611
-207
122
404
633
806
931
955
917
791
629
436
198
-74
-372
-654
-916
-1144
-1340
-1491
-1573
-1588
-1555
-1483
-1371
-1204
-988
-748
-482
-208
86
393
702
1006
1285
1561
1807
2035
2261
2464
2638
2744
2796
2797
2795
2784
2711
2634
2542
2481
2449
2419
2423
2417
2459
2461
2483
2559
2635
2751
2753
2777
2761
2739
2648
2357
2134
1863
1716
1415
1015
685
388
240
-323
-1038
-1885
-2462
-2825
-3405
-3986
-4678
-4776
-4659
-4408
-4187
-4040
-3429
-2801
-1913
-1316
-721
-73
416
974
1141
1499
1695
1924
1977
1741
1671
1468
1473
1138
709
198
-303
-630
-1211
-1750
-2494
-3089
-3640
-4134
-4482
-4874
-5082
-5384
-5547
-5565
-5327
-4910
-4537
-4101
-3622
-2819
-1911
-1055
-383
195
870
1565
2221
2609
2847
2994
3106
3136
3038
2871
2606
2297
1854
1389
955
557
122
-420
-919
-1296
-1485
-1629
-1815
-1978
-1997
-1798
-1497
-1178
-887
-515
-42
467
948
1349
1730
2089
2449
2779
3073
3349
3570
3772
3934
4108
4298
4494
4666
4743
4830
4949
5142
5301
5271
5132
4963
4957
4915
4643
4091
3344
2762
2115
1215
-172
-1791
-3135
-4211
-5022
-6045
-6933
-7417
-7368
-6901
-6580
-6108
-5544
-4545
-3428
-2463
-1497
-677
379
1205
1908
2431
2902
3542
3900
4169
4096
4075
4073
3882
3505
2706
1934
1089
259
-737
-1986
-3183
-4326
-5175
-5912
-6556
-7035
-7295
-7186
-6825
-6270
-5561
-4745
-3743
-2669
-1603
-621
111
724
1131
1504
1748
1843
1892
1784
1819
1792
1812
1749
1543
1357
1008
784
403
-25
-542
-1146
-1566
-1981
-2167
-2390
-2500
-2498
-2408
-2092
-1808
-1430
-1136
-822
-504
-242
24
162
288
371
489
652
828
1015
1198
1402
1641
1894
2110
2328
2493
2710
2863
3016
3157
3261
3474
3613
3858
4014
4192
4453
4696
5106
5268
5383
5298
5237
5294
5086
4766
4016
3443
2926
2212
1087
-705
-2203
-3436
-4215
-5151
-6319
-6998
-7210
-6665
-6273
-5901
-5344
-4449
-3025
-1854
-662
343
1514
2747
3637
4425
4890
5540
6002
6176
6050
5645
5402
4961
4358
3312
2064
882
-314
-1523
-3053
-4596
-5998
-7053
-7849
-8587
-9152
-9461
-9309
-8849
-8176
-7377
-6387
-5173
-3876
-2582
-1445
-439
353
962
1377
1633
1791
1765
1634
1383
1162
962
711
338
-209
-742
-1234
-1665
-2168
-2785
-3380
-3852
-4103
-4233
-4267
-4208
-4022
-3667
-3189
-2600
-1975
-1355
-770
-258
219
653
1014
1267
1395
1521
1662
1879
2094
2238
2392
2561
2853
3117
3356
3551
3734
4023
4239
4485
4643
4889
5222
5515
5852
6039
6360
6666
7043
7328
7299
7194
6894
6774
6457
5855
4968
3964
3338
2469
1171
-814
-2712
-3921
-4817
-5649
-6886
-7649
-7653
-7045
-6366
-5993
-5268
-4214
-2699
-1286
-125
1011
2126
3357
4227
4878
5344
5822
6209
6194
5866
5300
4834
4241
3369
2090
664
-635
-1902
-3234
-4860
-6417
-7711
-8552
-9129
-9673
-10014
-10069
-9584
-8843
-7929
-6928
-5789
-4364
-2918
-1449
-219
841
1698
2266
2697
2882
2959
2739
2271
1707
1099
641
39
-663
-1460
-2171
-2613
-3035
-3411
-3927
-4304
-4442
-4435
-4261
-4074
-3712
-3254
-2699
-2067
-1402
-612
120
764
1278
1751
2194
2489
2583
2479
2351
2259
2192
2046
1841
1684
1648
1738
1920
2118
2348
2653
3050
3529
3972
4389
4814
5331
5943
6453
6885
7231
7617
8000
8293
8417
8193
7863
7437
6978
6267
5248
4138
3096
2305
1028
-906
-3192
-4924
-5848
-6781
-7849
-9081
-9418
-8807
-7912
-7146
-6584
-5279
-3602
-1727
-80
1254
2698
3996
5226
5924
6402
6811
7104
7117
6549
5730
4841
4148
3168
1702
-85
-1780
-3094
-4516
-6188
-8150
-9732
-10643
-11141
-11494
-11891
-11809
-11138
-9926
-8596
-7307
-5781
-4042
-2077
-298
1235
2518
3525
4269
4484
4426
4153
3711
2950
1742
495
-680
-1533
-2491
-3610
-4670
-5442
-5649
-5812
-5918
-6149
-6100
-5632
-5041
-4296
-3680
-2858
-1996
-1110
-205
610
1531
2211
2714
2989
3222
3420
3378
3054
2451
1953
1573
1299
882
395
104
114
467
883
1346
1891
2669
3617
4548
5379
6112
6900
7682
8446
8943
9305
9602
9835
9970
9853
9564
8941
8281
7516
6623
5463
4076
2805
1687
832
-681
-2832
-5055
-6363
-6817
-7548
-8428
-9344
-8927
-7616
-6316
-5326
-4478
-2595
-625
1389
2922
4163
5603
6693
7543
7659
7744
7738
7540
6862
5540
4199
2941
1975
466
-1473
-3508
-5097
-6211
-7646
-9232
-10993
-11947
-12150
-12110
-12022
-11933
-11132
-9787
-7979
-6363
-4889
-3189
-1295
728
2311
3514
4299
4915
5260
5142
4623
3765
2805
1570
279
-1156
-2557
-3737
-4905
-5894
-6859
-7439
-7713
-7701
-7453
-7273
-6760
-5999
-4889
-3754
-2682
-1528
-380
832
1913
2835
3590
4236
4631
4776
4680
4409
4057
3486
2837
2040
1327
833
411
95
-170
-86
325
1013
1883
2734
3746
4839
6036
7120
8032
8829
9440
10023
10402
10611
10680
10613
10342
9926
9338
8555
7627
6577
5446
4070
2694
1371
279
-616
-2076
-4149
-6368
-7552
-7850
-8448
-9263
-10203
-9738
-8232
-6719
-5519
-4662
-2739
-670
1505
3299
4545
5850
6812
7587
7702
7617
7278
6702
5739
4277
2733
1251
77
-1556
-3542
-5590
-7146
-8171
-9493
-10887
-12392
-13154
-13056
-12736
-12364
-11985
-10925
-9353
-7328
-5453
-3897
-2206
-376
1584
3090
4154
4711
5079
5221
5018
4447
3409
2295
826
-508
-1884
-3261
-4551
-5943
-6930
-7794
-8171
-8353
-8326
-7939
-7397
-6434
-5348
-3990
-2623
-1238
168
1527
2762
3736
4581
5103
5500
5544
5354
4884
4233
3607
2789
2026
1159
425
-82
-337
-386
-376
-51
579
1531
2639
3762
4865
6005
7217
8358
9270
9907
10416
10729
11029
11034
10876
10578
10040
9517
8633
7742
6563
5401
4101
2576
1138
-350
-1365
-2296
-3396
-5181
-7100
-8143
-8158
-8124
-8528
-9009
-8592
-6743
-4888
-3335
-2406
-862
1243
3182
4972
5813
6678
7286
7677
7611
7010
6376
5406
4351
2856
1242
-284
-1567
-2869
-4571
-6272
-7705
-8516
-9346
-10283
-11216
-11809
-11501
-10908
-10231
-9587
-8566
-7022
-5204
-3346
-1927
-538
904
2393
3654
4399
4736
4694
4550
4156
3494
2517
1286
-96
-1512
-2716
-3912
-5069
-6260
-7276
-7902
-8157
-8124
-8005
-7597
-6884
-5838
-4600
-3310
-2014
-670
711
1978
3021
3777
4438
4913
5162
5085
4747
4329
3821
3299
2639
1945
1321
809
488
299
262
339
685
1325
2159
3124
4087
5149
6186
7273
8268
9100
9749
10197
10488
10615
10672
10520
10258
9633
8983
8120
7132
5992
4609
3365
1885
532
-903
-2060
-2827
-3912
-5420
-7148
-8089
-7958
-8029
-8364
-8891
-8398
-6591
-4955
-3550
-2836
-1291
671
2483
4065
4772
5614
6128
6584
6491
5945
5330
4343
3306
1837
313
-1213
-2494
-3876
-5633
-7288
-8685
-9508
-10417
-11374
-12311
-12770
-12382
-11808
-11074
-10354
-9133
-7410
-5451
-3483
-1896
-225
1436
3130
4489
5361
5792
5812
5717
5253
4559
3385
1935
342
-1230
-2584
-4079
-5526
-6931
-7956
-8494
-8784
-8787
-8641
-8068
-7121
-5967
-4647
-3337
-1890
-447
970
2239
3286
4147
4839
5342
5567
5573
5327
4994
4532
4053
3469
2826
2267
1769
1459
1238
1168
1256
1630
2249
3021
3865
4823
5844
6859
7893
8778
9544
10135
10514
10778
10884
10872
10637
10079
9457
8566
7619
6338
4904
3546
2129
740
-831
-2151
-3082
-3859
-5160
-6733
-7992
-8091
-7934
-8116
-8497
-8549
-7082
-5489
-3971
-3162
-2066
-198
1494
3210
4008
4759
5460
5955
6166
5680
5211
4489
3688
2573
1107
-272
-1454
-2487
-3926
-5477
-6882
-7727
-8410
-9288
-10266
-11133
-11078
-10744
-10273
-9907
-9284
-7936
-6362
-4547
-3197
-1779
-157
1531
3125
4103
4837
5202
5471
5477
4988
4188
3085
1834
471
-953
-2356
-3855
-5117
-6176
-7030
-7483
-7750
-7580
-7271
-6543
-5717
-4753
-3480
-2220
-875
241
1455
2443
3429
4248
4737
5092
5299
5551
5425
5240
4826
4392
4016
3595
3116
2426
2031
1691
1579
1591
1676
1918
2355
3192
3903
4711
5487
6306
7156
7891
8547
8924
9313
9517
9554
9393
9079
8508
7706
6629
5497
4242
2941
1435
-179
-1404
-2495
-3392
-5134
-6743
-8085
-8346
-8383
-8964
-9318
-9487
-8006
-6705
-5392
-4531
-3327
-1242
395
2126
2944
4018
5063
5653
5908
5382
5250
4846
4258
3084
1460
346
-696
-1525
-3187
-4888
-6239
-6989
-7504
-8712
-9898
-10929
-10811
-10471
-10246
-10181
-9821
-8397
-6710
-4993
-3815
-2494
-702
1224
2900
3772
4417
4972
5509
5566
4862
3903
2646
1577
104
-1565
-3334
-4845
-5809
-6895
-7525
-8181
-8145
-7768
-7122
-6332
-5696
-4448
-3208
-1753
-611
410
1375
2344
3397
3930
4336
4616
5032
5259
5319
5118
4713
4521
4271
3958
3281
2737
2291
2056
2108
2022
2108
2327
3035
3767
4528
5385
6056
6946
7729
8536
9085
9472
9784
9779
9818
9570
9115
8343
7330
6321
5072
3866
2308
850
-373
-1434
-2614
-4587
-6229
-7594
-7803
-8179
-8959
-9510
-9545
-7967
-6825
-5606
-4910
-3562
-1394
397
2210
3006
4205
5239
6044
6411
6010
5909
5481
5070
3995
2623
1531
585
-131
-1631
-3138
-4509
-5183
-5763
-6895
-8131
-9370
-9493
-9429
-9296
-9527
-9486
-8515
-7206
-5602
-4599
-3421
-1989
-191
1534
2604
3434
3990
4607
4861
4527
3729
2689
1644
367
-1171
-2690
-4049
-5125
-6064
-6855
-7363
-7524
-7280
-6916
-6427
-5757
-4857
-3812
-2768
-1810
-917
-12
876
1626
2154
2721
3257
3726
4088
4314
4472
4507
4530
4403
4139
3863
3492
3160
2891
2757
2715
2730
2912
3170
3635
4267
4948
5521
6174
6904
7657
8316
8763
9066
9126
9252
9087
8792
8200
7341
6320
5154
4092
2900
1766
567
-774
-2585
-4368
-5745
-6519
-7375
-8481
-9312
-9523
-8651
-7937
-7179
-6538
-5201
-3383
-1821
-159
973
2421
3453
4299
4741
4821
5116
4877
4553
3654
2778
2036
1347
619
-721
-1931
-2949
-3581
-4379
-5556
-6790
-7821
-8264
-8680
-9116
-9556
-9582
-9099
-8424
-7531
-6708
-5501
-4100
-2595
-1152
19
1337
2345
3299
3599
3509
3329
2844
2269
914
-286
-1529
-2442
-3296
-4413
-5119
-5742
-5606
-5609
-5491
-5292
-4898
-4044
-3427
-2708
-2310
-1600
-834
-154
403
781
1445
2008
2688
3127
3533
3892
4215
4530
4562
4599
4446
4366
4192
4061
3994
3947
4017
4009
4203
4486
4952
5369
5792
6343
6966
7665
8212
8649
8934
9159
9267
9188
8781
8188
7286
6324
5158
3908
2783
1537
472
-1415
-3242
-4833
-5695
-6321
-7684
-8571
-9359
-8717
-8053
-7616
-7149
-6556
-4730
-3423
-1782
-695
486
1947
2934
4000
4102
4681
4914
5001
4716
3844
3291
2490
2120
935
-361
-1534
-2395
-2978
-4169
-5227
-6495
-6950
-7269
-7630
-7968
-8270
-7816
-7397
-6587
-6037
-5242
-4078
-2909
-1597
-735
402
1325
2292
2875
2914
2949
2695
2502
1610
693
-277
-1137
-1798
-2746
-3398
-4102
-4263
-4438
-4568
-4515
-4443
-4008
-3795
-3421
-3180
-2687
-2103
-1685
-1223
-797
3
646
1283
1721
2250
2925
3369
3664
3577
3659
3699
3733
3545
3163
3030
3052
3216
3185
3217
3431
3896
4432
4943
5422
6041
6829
7506
8194
8613
8984
9237
9262
9191
8567
7953
6956
5825
4815
3415
2487
816
-817
-2699
-4183
-4787
-6211
-7104
-8445
-8547
-8167
-7961
-7521
-7626
-6241
-5210
-3920
-2933
-2048
-494
519
1856
2211
2870
3617
4182
4474
3959
3736
3282
3204
2435
1147
-114
-1134
-1788
-3095
-4423
-5962
-6775
-7196
-7685
-8151
-8606
-8135
-7565
-6682
-6018
-5334
-4149
-2901
-1495
-773
96
869
1619
2215
2125
2033
1552
1415
836
107
-574
-1322
-1666
-2304
-2533
-2990
-3159
-3252
-3424
-3336
-3442
-3223
-3363
-3342
-3277
-3051
-2670
-2510
-2168
-1853
-1048
-281
398
942
1536
2411
3008
3426
3429
3500
3598
3631
3450
2958
2734
2637
2726
2636
2604
2777
3168
3798
4317
4970
5614
6515
7340
8095
8796
9288
9797
9966
9961
9674
9181
8562
7497
6381
5230
4079
2900
898
-1078
-2881
-3860
-4784
-6376
-7526
-8528
-8106
-7807
-7672
-7520
-7101
-5530
-4622
-3381
-2642
-1541
-149
798
1803
2044
2999
3653
4167
4218
3868
3949
3885
3916
2928
1850
913
193
-689
-2259
-3797
-5299
-6004
-6725
-7515
-8232
-8493
-7972
-7381
-6499
-5836
-4814
-3415
-1957
-663
156
1086
1763
2297
2437
2131
1660
1068
529
-325
-1130
-1767
-2221
-2568
-2828
-2911
-2935
-2725
-2594
-2537
-2489
-2370
-2288
-2398
-2483
-2619
-2609
-2524
-2397
-2241
-1964
-1428
-947
-419
167
805
1329
1668
1904
2028
2197
2233
2058
1741
1594
1618
1647
1652
1615
1848
2267
2900
3442
4010
4764
5534
6420
7091
7804
8296
8776
9046
9043
9043
8622
8161
7298
6564
5713
4854
3768
1864
99
-1461
-2183
-3386
-4914
-6330
-7097
-6642
-6529
-6426
-6613
-5758
-4472
-3376
-2255
-1660
-486
435
1505
2008
2284
2858
3030
3280
2917
2798
2706
2677
2432
1501
934
395
4
-989
-2326
-3571
-4646
-5232
-6215
-7181
-8023
-8208
-7962
-7640
-7058
-6548
-5446
-4176
-2760
-1566
-488
548
1144
1745
1886
1940
1599
1067
320
-489
-879
-1424
-1917
-2611
-2825
-2787
-2637
-2616
-2894
-2803
-2665
-2373
-2528
-2704
-2783
-2665
-2355
-2324
-2140
-1924
-1293
-788
-339
159
690
1334
1617
1884
1931
2168
2273
2098
1852
1620
1786
1745
1721
1549
1673
2139
2558
3014
3223
3900
4627
5441
6095
6532
7209
7670
8286
8408
8511
8445
8147
7930
7273
6908
6205
5506
4087
2286
1057
6
-803
-2609
-4221
-5346
-5456
-5236
-5800
-6068
-6031
-4835
-3816
-2894
-2190
-1553
-255
668
1594
1780
2238
2654
2860
2944
2550
2653
2563
2550
1851
1195
943
572
46
-1281
-2392
-3414
-3987
-4808
-6111
-7118
-7779
-7632
-7606
-7451
-7280
-6668
-5361
-4199
-2940
-2092
-1002
-74
695
1356
1443
1708
1438
1265
787
479
353
-244
-551
-1145
-1057
-1218
-1424
-1776
-2269
-2178
-2493
-2558
-3144
-3330
-3304
-3196
-2888
-2936
-2412
-2011
-1202
-691
-195
413
839
1420
1533
1858
1890
2023
1938
1726
1740
1667
1798
1536
1507
1510
1748
2023
2037
2214
2394
2956
3397
3766
4130
4478
5037
5491
5900
6194
6299
6463
6425
6439
6321
6044
5713
4633
3516
2241
1525
626
-949
-2446
-3853
-3942
-4284
-4670
-5269
-5327
-4344
-3682
-2625
-2253
-1292
-306
648
1551
1698
2398
2557
2958
2788
2542
2631
2430
2440
1583
1167
811
607
109
-1093
-1969
-2933
-3320
-4200
-5321
-6375
-7021
-6933
-7063
-7044
-7172
-6599
-5615
-4597
-3752
-3188
-2246
-1385
-474
-78
161
411
645
824
631
585
495
567
435
235
85
-88
-197
-634
-1048
-1538
-1907
-2327
-2847
-3219
-3471
-3399
-3312
-3071
-2735
-2208
-1498
-861
-216
304
853
1288
1614
1888
2017
2091
2012
1989
2052
2136
2158
2062
2096
2259
2525
2669
2677
2729
2915
3196
3377
3433
3485
3621
3808
4024
4111
4276
4379
4575
4704
4762
4911
4885
4898
4220
3472
2710
2266
1656
252
-963
-2044
-2111
-2522
-3114
-3636
-3670
-2802
-2379
-1709
-1500
-674
282
1035
1661
1655
2289
2520
2900
2681
2390
2519
2442
2506
1734
1383
1050
882
386
-721
-1539
-2447
-2888
-3853
-4889
-5828
-6355
-6392
-6613
-6687
-6732
-6134
-5343
-4611
-4170
-3716
-2984
-2219
-1693
-1614
-1530
-1341
-930
-870
-902
-931
-611
-179
22
202
236
600
664
638
289
-70
-361
-897
-1349
-2018
-2311
-2621
-2720
-2789
-2739
-2348
-1982
-1429
-1063
-491
12
492
839
1098
1426
1590
1763
1768
1962
2090
2247
2294
2386
2641
2853
3120
3140
3307
3421
3630
3723
3675
3682
3542
3567
3421
3349
3230
3102
3075
2907
2946
2918
3007
2909
2378
1855
1356
1263
734
-150
-1008
-1485
-1317
-1563
-1829
-2175
-1834
-1207
-864
-530
-465
209
677
1101
1083
1002
1333
1445
1642
1279
1280
1446
1749
1823
1412
1352
1263
1306
714
-125
-932
-1637
-2276
-3350
-4362
-5217
-5575
-5806
-6061
-6199
-5982
-5324
-4668
-4305
-4015
-3426
-2686
-2182
-2209
-2233
-2108
-1706
-1606
-1803
-1809
-1525
-936
-747
-510
-304
192
591
609
535
353
458
162
-190
-639
-838
-882
-1073
-1160
-1303
-1034
-819
-604
-517
-323
-5
195
393
444
674
833
1025
1083
1244
1498
1693
1887
1977
2308
2569
2890
2982
3144
3400
3600
3808
3702
3770
3675
3753
3668
3483
3435
3275
3339
3033
2939
2746
2656
2381
1515
783
6
-223
-932
-1789
-2533
-2827
-2426
-2424
-2241
-2201
-1403
-529
107
639
866
1624
1968
2311
2082
1955
2100
2073
2130
1642
1646
1694
2003
1994
1628
1548
1334
1312
642
-84
-905
-1657
-2331
-3374
-4116
-4857
-5142
-5447
-5664
-5565
-5353
-4742
-4491
-4133
-3733
-3101
-2509
-2443
-2283
-2210
-1736
-1569
-1618
-1632
-1489
-989
-951
-819
-806
-478
-262
-344
-411
-566
-357
-505
-657
-865
-792
-587
-591
-512
-490
-127
86
230
237
368
623
657
665
611
834
973
1035
946
987
1241
1408
1457
1357
1555
1834
2117
2175
2255
2552
2890
3121
3072
3092
3184
3308
3251
3031
2928
2941
2946
2747
2472
2398
2396
2281
1640
755
58
-351
-750
-1634
-2450
-2954
-2832
-2704
-2769
-2709
-2285
-1384
-797
-299
98
820
1519
1845
1941
1932
2278
2481
2547
2310
2163
2229
2266
2194
1773
1442
1106
790
236
-450
-1082
-1686
-2252
-2926
-3449
-3806
-3988
-4210
-4394
-4429
-4316
-4199
-4150
-4040
-3779
-3398
-3102
-2830
-2511
-2018
-1556
-1189
-876
-488
-61
198
288
275
322
269
4
-426
-767
-967
-1186
-1541
-1867
-1958
-1834
-1721
-1709
-1601
-1306
-872
-567
-296
-2
403
794
1042
1314
1607
2032
2281
2462
2545
2647
2787
2735
2693
2514
2541
2512
2538
2569
2606
2823
2906
3127
3158
3277
3288
3230
3201
3010
2900
2572
2328
2061
1820
1717
1419
1174
510
-80
-608
-984
-1281
-1984
-2352
-2710
-2493
-2510
-2514
-2377
-2113
-1517
-1366
-918
-599
86
542
766
1084
1360
2041
2320
2611
2603
2721
2932
2882
2755
2170
1779
1203
668
-66
-879
-1515
-2250
-2800
-3446
-3762
-3997
-4207
-4438
-4703
-4696
-4723
-4670
-4706
-4586
-4273
-3900
-3411
-2996
-2403
-1830
-1207
-666
-176
308
646
888
905
913
818
650
307
-82
-379
-609
-844
-1184
-1470
-1650
-1715
-1820
-1958
-2036
-1990
-1844
-1664
-1436
-1106
-680
-188
340
938
1587
2213
2767
3172
3499
3720
3878
3875
3772
3643
3535
3477
3382
3328
3341
3455
3575
3655
3678
3751
3778
3808
3610
3361
2983
2600
2196
1683
1360
859
556
-228
-820
-1440
-1691
-1901
-2388
-2579
-2819
-2355
-2335
-2088
-2088
-1743
-1335
-1207
-888
-802
-180
5
354
454
829
1322
1607
1913
1853
2105
2076
2151
1855
1504
1088
580
146
-527
-962
-1568
-1940
-2484
-2826
-3087
-3233
-3368
-3706
-3923
-4243
-4294
-4514
-4553
-4602
-4390
-4028
-3585
-2982
-2417
-1640
-1039
-380
51
497
813
980
983
824
763
624
530
268
101
-30
-77
-170
-350
-491
-671
-798
-1072
-1300
-1514
-1582
-1611
-1610
-1521
-1314
-888
-407
157
682
1301
1910
2449
2824
3079
3315
3498
3633
3629
3649
3679
3802
3863
3903
3928
3998
4151
4251
4351
4262
4182
3975
3735
3327
2802
2333
1735
1106
67
-875
-1697
-2123
-2468
-2949
-3210
-3290
-2854
-2616
-2331
-2141
-1721
-1280
-1092
-856
-672
-119
155
397
509
934
1558
1989
2244
2194
2359
2366
2329
1903
1335
754
125
-434
-1182
-1725
-2278
-2609
-2953
-3226
-3339
-3405
-3377
-3642
-3924
-4265
-4391
-4451
-4583
-4598
-4526
-4044
-3519
-2860
-2259
-1594
-868
-319
164
407
707
813
811
633
435
359
216
67
-212
-313
-359
-367
-468
-614
-699
-790
-878
-1044
-1121
-1148
-1120
-1138
-1115
-967
-682
-353
-10
397
872
1375
1766
2115
2411
2790
3090
3295
3412
3518
3696
3776
3869
3811
3906
4019
4222
4375
4414
4520
4463
4449
4125
3838
3407
2921
2156
992
-55
-975
-1361
-1916
-2406
-2846
-2818
-2453
-2225
-1941
-1793
-1289
-1008
-763
-640
-321
168
415
615
719
1276
1845
2371
2555
2565
2621
2582
2528
2081
1529
770
81
-587
-1247
-1830
-2432
-2835
-3219
-3412
-3536
-3501
-3450
-3590
-3811
-4120
-4221
-4325
-4357
-4407
-4334
-4034
-3573
-2923
-2356
-1783
-1320
-826
-419
-133
72
153
197
84
-4
-140
-248
-406
-595
-764
-962
-1067
-1178
-1240
-1358
-1433
-1428
-1317
-1117
-932
-710
-519
-295
-108
77
262
495
769
976
1180
1376
1663
1978
2291
2537
2755
2982
3188
3352
3410
3430
3438
3464
3462
3489
3579
3731
3841
3862
3828
3759
3625
3237
2510
1520
585
-105
-592
-1089
-1567
-1819
-1762
-1498
-1233
-946
-682
-449
-327
-233
-40
275
614
806
961
1262
1841
2513
3032
3260
3275
3229
3139
2960
2546
1884
1056
274
-355
-889
-1409
-1924
-2365
-2731
-2971
-3073
-3103
-3213
-3480
-3805
-4070
-4215
-4265
-4218
-4132
-4000
-3724
-3234
-2630
-2132
-1810
-1592
-1401
-1237
-1092
-986
-952
-995
-1031
-1024
-1025
-1083
-1216
-1413
-1696
-2028
-2318
-2535
-2721
-2882
-2946
-2839
-2557
-2157
-1703
-1262
-874
-539
-233
49
311
562
794
1031
1283
1569
1884
2205
2518
2809
3081
3303
3440
3482
3450
3387
3310
3217
3133
3118
3163
3225
3269
3279
3226
3054
2653
1964
1109
297
-279
-650
-968
-1233
-1306
-1107
-736
-330
42
365
597
722
826
1013
1297
1586
1792
1948
2203
2642
3192
3634
3823
3779
3608
3408
3174
2818
2263
1557
856
306
-113
-504
-908
-1308
-1690
-2015
-2249
-2427
-2633
-2926
-3244
-3475
-3558
-3480
-3266
-3005
-2765
-2512
-2128
-1649
-1224
-991
-934
-969
-1023
-1041
-1028
-1024
-1068
-1111
-1124
-1108
-1116
-1189
-1376
-1707
-2147
-2601
-2986
-3300
-3545
-3718
-3782
-3699
-3430
-3007
-2522
-2092
-1751
-1442
-1142
-837
-528
-224
63
341
604
899
1241
1627
2025
2353
2563
2660
2705
2742
2782
2791
2749
2676
2637
2638
2681
2726
2699
2525
2122
1471
665
-160
-846
-1314
-1606
-1767
-1800
-1639
-1285
-812
-329
77
362
547
686
888
1210
1632
2095
2549
3015
3535
4105
4636
5003
5104
4929
4532
4026
3461
2867
2221
1561
953
469
122
-114
-295
-476
-692
-967
-1285
-1663
-2053
-2430
-2685
-2775
-2651
-2359
-1916
-1418
-931
-467
-62
280
497
566
480
305
99
-48
-141
-178
-249
-392
-622
-933
-1286
-1706
-2201
-2760
-3336
-3863
-4262
-4502
-4542
-4449
-4267
-4048
-3815
-3546
-3248
-2961
-2723
-2532
-2350
-2120
-1817
-1425
-1004
-573
-157
249
647
1001
1276
1425
1456
1421
1404
1456
1587
1727
1844
1907
1956
2015
2009
1826
1333
515
-485
-1443
-2131
-2455
-2503
-2377
-2212
-2001
-1698
-1257
-711
-169
238
468
588
757
1107
1680
2416
3161
3827
4370
4820
5196
5481
5599
5492
5126
4573
3930
3330
2840
2470
2172
1865
1533
1189
879
590
294
-100
-625
-1242
-1801
-2166
-2222
-1995
-1577
-1089
-618
-154
293
775
1219
1557
1721
1712
1601
1533
1571
1726
1895
1961
1854
1565
1167
690
164
-431
-1099
-1806
-2489
-3074
-3481
-3695
-3740
-3702
-3659
-3643
-3654
-3659
-3638
-3582
-3496
-3375
-3212
-2983
-2677
-2270
-1788
-1276
-806
-443
-205
-88
-40
-6
37
89
142
171
205
264
373
514
600
525
157
-533
-1456
-2416
-3187
-3638
-3761
-3641
-3414
-3150
-2875
-2558
-2160
-1703
-1254
-897
-641
-424
-144
314
984
1806
2700
3536
4226
4728
5040
5182
5162
5003
4722
4345
3925
3508
3139
2844
2605
2404
2185
1908
1554
1132
647
128
-389
-814
-1074
-1102
-908
-533
-29
518
1028
1420
1678
1811
1870
1898
1921
1944
1998
2105
2274
2482
2686
2828
2853
2727
2409
1926
1321
658
12
-556
-1012
-1319
-1486
-1544
-1550
-1558
-1604
-1712
-1885
-2118
-2381
-2642
-2864
-3018
-3083
-3039
-2861
-2574
-2222
-1859
-1539
-1293
-1138
-1050
-1002
-972
-943
-916
-882
-828
-739
-631
-548
-559
-748
-1175
-1849
-2673
-3485
-4122
-4492
-4572
-4431
-4200
-3984
-3857
-3812
-3783
-3712
-3567
-3352
-3078
-2752
-2356
-1855
-1227
-452
454
1406
2274
2945
3355
3511
3476
3336
3165
3018
2907
2815
2713
2578
2421
2266
2127
1991
1840
1632
1323
892
387
-82
-375
-410
-184
248
767
1276
1670
1915
2041
2120
2246
2459
2748
3053
3332
3572
3766
3927
4057
4135
4145
4038
3761
3318
2763
2174
1652
1246
972
829
766
720
638
497
336
181
51
-72
-205
-362
-553
-760
-948
-1062
-1063
-937
-731
-501
-310
-202
-191
-262
-372
-479
-558
-607
-646
-698
-770
-876
-1030
-1250
-1565
-2005
-2566
-3207
-3840
-4357
-4690
-4811
-4743
-4564
-4389
-4293
-4302
-4382
-4460
-4466
-4343
-4070
-3663
-3153
-2597
-2044
-1503
-971
-476
-53
253
417
430
316
126
-67
-209
-259
-216
-107
30
151
230
248
199
104
-28
-186
-356
-502
-583
-539
-345
-10
448
955
1456
1879
2169
2330
2378
2387
2429
2552
2781
3084
3432
3772
4033
4185
4214
4136
3993
3806
3597
3392
3202
3027
2855
2693
2550
2424
2301
2161
1996
1815
1638
1485
1352
1252
1204
1199
1207
1203
1171
1104
1003
863
700
529
373
231
111
8
-86
-167
-244
-326
-400
-462
-521
-599
-730
-955
-1302
-1775
-2345
-2939
-3473
-3872
-4098
-4145
-4062
-3916
-3781
-3707
-3706
-3753
-3820
-3860
-3843
-3745
-3566
-3328
-3044
-2732
-2423
-2131
-1863
-1647
-1485
-1378
-1316
-1300
-1317
-1365
-1440
-1527
-1612
-1689
-1750
-1797
-1826
-1837
-1837
-1821
-1793
-1745
-1654
-1522
-1352
-1142
-895
-641
-369
-83
221
532
847
1166
1496
1815
2127
2432
2713
2977
3203
3386
3523
3612
3663
3686
3688
3680
3672
3673
3675
3679
3692
3707
3716
3703
3666
3599
3507
3402
3292
3197
3114
3039
2972
2902
2814
2730
2650
2579
2508
2427
2303
2098
1800
1399
929
436
-23
-390
-644
-792
-873
-930
-1034
-1223
-1485
-1797
-2114
-2384
-2564
-2643
-2627
-2536
-2410
-2267
-2132
-2008
-1888
-1768
-1653
-1543
-1455
-1403
-1393
-1412
-1454
-1506
-1545
-1569
-1592
-1628
-1701
-1834
-2044
-2311
-2618
-2928
-3197
-3398
-3510
-3534
-3499
-3424
-3341
-3278
-3223
-3172
-3105
-2982
-2787
-2512
-2167
-1769
-1333
-896
-493
-130
172
404
582
699
772
821
858
911
983
1068
1183
1311
1430
1534
1605
1636
1634
1604
1562
1534
1532
1585
1709
1890
2123
2377
2622
2840
3004
3103
3146
3141
3097
3040
2970
2905
2844
2779
2724
2656
2574
2474
2333
2164
1958
1710
1460
1226
1004
825
689
573
473
360
238
103
-45
-179
-286
-359
-378
-365
-333
-296
-271
-270
-306
-381
-491
-619
-759
-901
-1031
-1130
-1190
-1223
-1222
-1210
-1205
-1209
-1258
-1353
-1483
-1641
-1799
-1948
-2072
-2144
-2167
-2137
-2060
-1948
-1807
-1667
-1549
-1452
-1401
-1399
-1427
-1466
-1511
-1525
-1499
-1435
-1326
-1194
-1043
-895
-771
-668
-589
-557
-554
-562
-590
-608
-608
-581
-499
-396
-269
-133
-25
50
76
41
-55
-200
-377
-548
-696
-794
-823
-781
-679
-536
-377
-228
-108
-24
32
62
94
165
286
455
682
954
1250
1561
1838
2068
2248
2357
2404
2406
2358
2299
2234
2161
2099
2032
1966
1898
1798
1669
1522
1339
1138
942
750
597
477
395
370
381
420
493
565
635
707
761
822
893
959
1053
1147
1245
1345
1414
1458
1464
1427
1348
1230
1085
935
774
614
470
326
192
55
-101
-263
-447
-642
-824
-1009
-1166
-1284
-1373
-1412
-1413
-1394
-1363
-1338
-1330
-1337
-1379
-1451
-1536
-1636
-1735
-1819
-1884
-1918
-1926
-1917
-1896
-1879
-1873
-1879
-1907
-1946
-1998
-2048
-2080
-2083
-2050
-1985
-1879
-1738
-1581
-1413
-1253
-1108
-981
-878
-794
-726
-661
-598
-534
-472
-410
-334
-262
-190
-109
-40
21
71
111
150
182
200
214
229
261
311
381
483
617
770
936
1114
1295
1472
1633
1781
1919
2042
2162
2280
2394
2506
2613
2714
2805
2871
2907
2921
2903
2850
2761
2651
2523
2379
2221
2062
1891
1709
1525
1335
1138
932
724
514
302
99
-96
-278
-441
-596
-732
-847
-955
-1048
-1123
-1191
-1243
-1279
-1301
-1305
-1295
-1279
-1242
-1194
-1151
-1107
-1062
-1027
-993
-969
-959
-956
-981
-1012
-1055
-1110
-1177
-1252
-1326
-1415
-1503
-1588
-1669
-1740
-1805
-1860
-1897
-1917
-1924
-1908
-1875
-1825
-1762
-1688
-1609
-1517
-1408
-1282
-1143
-992
-826
-649
-470
-292
-114
51
189
310
409
483
537
577
610
641
666
684
706
724
739
754
762
767
779
792
814
850
887
943
1014
1096
1192
1284
1383
1483
1578
1665
1738
1798
1834
1854
1857
1835
1793
1740
1663
1576
1476
1365
1247
1124
999
867
737
608
482
366
255
157
69
-12
-73
-126
-173
-209
-233
-255
-262
-255
-248
-239
-223
-208
-196
-184
-180
-180
-185
-202
-227
-259
-299
-350
-403
-464
-538
-615
-697
-772
-847
-917
-975
-1026
-1067
-1094
-1109
-1118
-1118
-1110
-1091
-1067
-1037
-998
-953
-898
-832
-769
-701
-633
-567
-510
-468
-425
-391
-368
-352
-348
-349
-361
-384
-400
-417
-437
-450
-457
-449
-434
-414
-379
-331
-278
-217
-150
-67
18
105
198
300
402
495
591
677
754
821
878
924
955
974
972
964
942
908
866
814
761
694
628
564
506
452
401
352
306
276
251
235
225
217
215
215
225
235
245
255
257
257
252
252
247
239
238
243
244
248
251
255
257
255
261
266
275
284
281
276
265
247
222
189
148
103
50
-4
-66
-139
-209
-291
-375
-464
-547
-618
-681
-732
-774
-795
-813
-825
-824
-811
-780
-747
-703
-657
-601
-539
-486
-428
-384
-348
-314
-287
-271
-263
-260
-264
-269
-280
-296
-321
-347
-369
-390
-400
-410
-411
-408
-393
-371
-339
-300
-266
-217
-168
-108
-46
22
86
139
197
253
305
357
399
432
451
470
482
488
479
461
443
421
406
387
360
337
312
279
258
237
222
211
200
198
204
209
226
247
270
287
316
351
388
426
455
484
513
541
551
557
563
559
553
538
519
485
441
389
333
280
214
159
100
41
-23
-78
-133
-187
-231
-283
-328
-360
-385
-400
-415
-423
-430
-431
-428
-421
-414
-404
-394
-375
-351
-323
-300
-285
-263
-244
-228
-208
-199
-189
-178
-175
-164
-158
-154
-152
-151
-151
-162
-166
-176
-186
-199
-206
-218
-226
-233
-241
-246
-250
-259
-263
-266
-261
-247
-229
-208
-188
-160
-128
-96
-66
-33
5
45
84
124
155
185
212
229
241
255
273
283
286
286
288
282
270
254
242
230
215
209
202
198
198
187
177
169
161
155
155
159
160
157
159
167
170
161
152
143
134
131
120
114
113
107
103
92
82
73
63
57
49
38
37
41
42
39
27
16
8
2
-11
-27
-38
-48
-61
-70
-83
-97
-107
-125
-138
-147
-154
-165
-171
-175
-178
-181
-183
-181
-187
-188
-192
-188
-180
-183
-182
-177
-171
-168
-163
-151
-140
-139
-136
-121
-112
-105
-94
-81
-73
-68
-60
-50
-48
-46
-37
-30
-30
-31
-27
-29
-25
-18
-13
-7
5
10
11
21
37
46
47
55
61
65
72
80
83
79
83
97
95
92
92
93
95
92
91
89
89
93
95
84
82
85
77
73
65
61
55
47
50
49
46
45
42
42
45
40
40
47
57
52
52
58
64
66
59
61
66
68
70
67
61
58
54
49
48
47
39
32
31
30
18
17
19
12
5
2
3
-5
-13
-5
-8
-23
-28
-25
-21
-29
-28
-22
-27
-31
-27
-34
-39
-31
-35
-42
-47
-46
-50
-58
-53
-59
-75
-76
-65
-70
-83
-82
-79
-83
-89
-89
-86
-90
-89
-82
-88
-91
-81
-77
-76
-77
-71
-68
-64
-59
-53
-43
-33
-28
-23
-13
-3
-3
3
23
31
29
33
44
48
45
41
48
57
57
52
48
52
49
42
42
43
40
34
37
40
39
40
40
39
36
40
44
42
38
35
41
41
39
42
45
43
42
47
51
48
49
56
57
61
60
56
63
59
54
54
51
45
33
30
28
20
4
-3
2
-10
-24
-32
-36
-43
-51
-53
-58
-65
-67
-68
-66
-66
-70
-73
-64
-59
-62
-58
-53
-46
-43
-36
-31
-26
-24
-21
-18
-14
-14
-15
-12
-12
-16
-16
-16
-24
-30
-34
-34
-37
-38
-41
-44
-50
-51
-47
-46
-47
-43
-40
-40
-38
-30
-25
-20
-14
-6
3
4
8
20
29
30
33
38
43
51
52
55
59
59
57
57
60
56
56
61
58
56
52
51
54
50
47
43
40
35
31
28
28
21
17
16
16
16
17
16
18
21
22
24
29
30
26
28
30
32
28
27
29
22
16
14
11
7
5
0
-8
-13
-19
-23
-25
-29
-31
-36
-39
-38
-34
-35
-36
-37
-36
-30
-29
-30
-31
-27
-24
-19
-15
-17
-20
-20
-17
-18
-17
-15
-20
-22
-18
-22
-26
-31
-30
-30
-31
-34
-39
-37
-35
-34
-37
-37
-35
-34
-31
-28
-25
-25
-22
-19
-14
-6
0
-1
0
13
15
16
20
23
29
30
31
36
37
34
34
34
37
37
38
36
33
37
38
36
38
37
34
32
29
29
27
26
25
19
18
18
7
2
4
3
5
0
-3
