0
-2
-4
-5
-2
3
4
4
0
-1
-3
-5
-3
1
5
6
4
-1
-4
-6
-4
0
5
7
5
-1
-5
-5
-3
0
1
4
4
1
0
2
1
-4
-2
-1
1
3
3
1
-2
-5
-5
0
4
2
0
1
-1
-2
-2
-1
2
0
-2
2
6
1
-5
-5
-3
0
2
6
6
2
-6
-9
-3
2
3
4
5
1
-4
-7
-6
-1
3
3
4
4
-1
-8
-8
-3
2
4
6
4
1
-5
-7
-3
6
6
1
2
1
-5
-5
0
2
7
2
-7
-1
3
-5
-1
5
2
0
-3
-8
3
7
-4
-3
6
1
-1
3
0
1
0
-5
-2
8
4
0
-3
-4
-3
0
4
6
4
0
-5
-6
-2
0
-1
3
5
4
6
1
-11
-15
-9
0
15
27
10
-10
-19
-32
-19
17
29
25
17
-17
-31
-12
-10
5
24
16
5
4
-11
-12
-2
-9
-4
14
14
13
3
-19
-11
-12
-8
15
21
5
1
-9
-16
4
2
-1
14
1
-15
3
5
-2
2
-7
2
3
-6
6
11
2
-4
-11
-4
20
-3
-4
12
-9
-8
4
-1
8
17
-6
-19
10
5
-15
10
5
-10
13
-1
-21
17
0
-26
-1
16
4
-1
7
-15
-6
-3
-7
1
16
12
-21
-16
27
-4
-31
20
6
-15
25
3
-46
76
-19
-114
99
36
-93
57
43
-93
57
1
-76
97
19
-104
58
62
-102
33
74
-89
24
37
-46
22
11
-12
-15
22
-25
4
39
-38
10
6
-6
-4
-29
54
-26
-22
35
-17
-25
19
0
-16
21
-11
-13
22
-12
-29
54
-2
-56
38
9
-42
51
-43
46
11
-73
24
51
-43
-1
62
-61
43
-32
-30
66
-2
-62
52
20
-68
16
48
-50
17
12
-33
25
-21
19
-38
49
-36
-10
37
-36
23
-25
19
6
-52
94
-48
-65
175
-162
27
63
-22
-47
71
15
-107
149
-111
7
85
-63
-12
39
31
-91
47
51
-97
71
-50
46
-64
41
18
-60
53
-12
-49
9
56
-113
87
7
-73
31
48
-131
92
-4
-59
60
-12
-24
31
-58
56
-34
8
35
-92
154
-156
86
-26
17
-8
-26
82
-75
21
44
-23
-20
43
2
-46
84
-64
6
125
-170
106
29
-62
-26
103
-33
-94
159
-122
53
29
-110
107
-54
-14
-3
-22
93
-107
28
72
-139
47
-44
81
-130
9
274
-388
186
155
-501
483
-183
-201
453
-311
61
142
-293
301
-278
66
250
-285
291
-290
346
-408
296
-82
-354
810
-687
191
217
-173
-100
50
234
-419
364
-130
-28
185
-332
341
-77
-222
256
-181
107
61
-401
635
-245
-255
251
34
-162
-138
408
-354
280
-42
-289
514
-484
-78
521
-395
-119
538
-428
66
343
-702
441
221
-627
400
16
85
-364
277
-15
-351
606
-677
387
-20
-11
-63
-9
355
-492
176
-103
204
-279
71
480
-483
360
-224
-278
475
-414
-75
517
56
-401
312
100
-549
244
-187
205
321
-617
729
-60
-580
443
-344
-21
18
261
-220
393
57
-569
677
-609
-262
224
286
-170
231
-8
176
-153
-534
-39
253
88
-302
797
-290
-34
103
-772
380
79
-441
697
-18
241
-323
-332
538
-508
-483
1049
-176
-449
1107
-777
-387
858
-1071
303
640
-550
298
322
-133
-910
978
-753
85
547
-520
565
216
-818
142
398
-949
839
-282
210
257
-72
-436
300
-281
-186
112
566
-359
63
463
-543
98
-343
45
245
124
-530
975
-486
-100
81
-154
-136
74
-137
423
246
-739
642
223
-875
102
317
-171
258
-410
773
-260
22
-371
100
-32
-98
16
160
432
-365
103
-88
-208
-405
595
-375
88
519
-67
-376
356
-497
-244
271
89
68
108
294
-188
204
-1054
645
38
-386
551
217
-11
-406
570
-729
-320
796
-278
87
247
-201
394
-533
-121
-73
216
271
-464
188
667
-428
-1099
1325
-288
-780
112
1327
-615
-848
849
-19
-218
-731
588
207
52
-359
136
934
-1255
-226
1162
-874
-437
938
-17
426
-1055
343
1395
-1862
-1103
2289
-33
-1778
1495
834
-709
-706
-834
1081
398
-1592
634
2254
-771
-1817
1000
-22
-1132
-27
1039
1002
-785
225
437
-986
-1025
347
477
280
472
58
1133
-1489
-1096
1019
-459
-948
1439
1211
-726
515
-1043
-207
2
-711
191
1156
348
-6
51
-832
-23
-286
-293
-138
1385
189
-138
-335
-292
94
-815
60
520
590
493
-637
-394
426
-234
-815
-55
965
629
-54
-608
100
130
-700
-118
58
1251
-257
-600
546
-642
317
-341
-431
1152
-459
-335
863
-560
-583
-31
626
-348
354
315
84
-88
-961
-311
271
569
63
365
444
157
-548
-1244
-173
620
-694
1492
540
528
-376
-1149
-607
-91
-483
330
1390
191
1020
-688
-621
-939
-595
-259
743
1033
902
-543
478
-806
-1317
483
-855
1060
851
-362
348
-77
-663
-254
305
-108
-481
894
-321
-429
996
-611
-369
953
-724
-345
720
-188
-686
219
655
-390
-41
690
118
-1080
105
122
-233
584
-245
40
336
-382
132
71
-100
-622
525
-49
-461
938
-1136
781
632
-693
-277
574
-616
-137
451
-219
183
29
574
-153
291
-551
-626
4
282
573
-474
-129
736
66
-82
211
-951
-46
318
-642
-21
323
1148
1046
-819
-224
-468
-1668
79
869
190
612
1420
17
-801
-570
-1119
-745
120
717
523
736
1368
-86
-1111
-683
-1258
-927
1040
605
995
1200
808
-30
-2675
-185
-309
-1819
1582
1839
800
592
-200
-1385
-1515
-8
-439
-460
883
1333
1144
-210
-438
-836
-945
-568
-548
-76
1625
1523
482
-115
-352
-531
-1473
-983
-573
1370
1239
1621
1547
-1582
-810
-1792
-1968
411
745
681
2126
1724
759
-2877
-2375
-786
-973
260
2211
2706
1066
1096
-2203
-2585
-2873
-482
3165
1028
658
2241
373
-733
-3380
-2419
745
1173
-150
2171
1950
298
-1332
-2440
-1212
-1026
1397
30
2365
2648
-2107
-1347
-379
-2443
256
1709
-333
1640
2212
-1260
-1589
-1320
-1468
85
1375
1657
2237
1806
-3343
-2874
-224
316
378
526
3925
1430
-3162
-2463
686
1141
-2666
774
2456
316
211
-1684
481
-181
-2266
-716
2182
92
420
2437
-921
-2414
-1369
958
848
-630
807
2205
1066
-1680
-925
147
-744
1328
-996
63
1756
346
448
-1247
-1721
1242
340
-726
-2350
822
2186
-566
-577
-236
1277
-1383
-1596
993
-425
-792
2497
171
-838
484
-1032
1513
120
-2040
1161
-474
-592
1422
105
1482
107
-1233
258
-1950
-1066
575
1819
1322
-186
-328
-533
-558
-464
-965
-82
1548
-373
819
721
-799
406
-1091
-907
-525
-258
1521
683
721
241
-1055
-622
-859
-480
447
891
1049
-158
-551
-155
-376
-559
823
393
-114
-402
-560
347
468
93
155
-32
-339
-446
-154
632
26
393
-413
-273
230
143
519
-468
-198
-225
-207
160
189
972
14
-259
-323
-709
-2
369
76
221
144
-10
-27
118
-19
-178
-125
-377
-99
-161
780
706
58
4
-813
-689
-102
220
898
648
-174
-420
-827
-23
637
622
-475
-479
192
-588
210
672
330
-42
-802
-534
685
273
-131
718
-154
-1324
176
869
-308
318
131
-192
224
-661
-215
832
-534
-644
393
247
-218
545
-96
-445
-138
239
153
-16
186
-309
181
-669
-165
1087
1122
-748
-423
239
-246
-995
-241
859
315
296
-98
-587
317
-506
394
-206
-525
-83
-240
1169
269
75
515
-493
-827
-583
-395
921
1414
436
-938
120
-588
-899
200
898
532
-921
-404
-360
1022
662
-969
1075
-1069
-1024
-498
1238
1434
-393
461
-686
-826
172
279
363
1067
-1388
-260
953
126
117
132
-923
-591
1
535
362
199
83
-803
-1362
403
532
1056
465
-2005
338
-778
606
669
155
470
-814
-96
296
-119
344
262
153
-177
-689
401
423
-97
-234
-462
323
-322
1279
-243
-670
-225
-400
111
-295
494
-273
1247
-672
-693
1012
44
-650
-622
309
226
-160
93
632
177
-788
136
153
648
-1166
-257
354
-231
527
-375
1908
-262
-960
-379
-772
1137
-298
1250
604
-980
-557
-173
125
97
1000
492
-185
-685
-1658
486
756
-597
73
601
577
-376
-418
-344
-915
202
-323
373
1450
-646
132
271
-210
-705
-372
278
-780
921
-53
711
1521
-383
-1156
-1047
-375
-663
1233
844
507
1020
-227
-310
-873
-382
-1415
-145
1200
222
1823
453
-739
-302
-1524
-915
-237
0
1028
658
745
-378
98
-287
-1133
-237
-455
378
744
915
846
342
-618
-1223
-435
378
368
273
201
409
336
-179
-778
-430
483
-749
-783
259
-23
1037
198
-265
73
-1339
-197
-84
245
639
191
479
174
-84
48
233
-493
-108
-190
548
950
288
586
-589
-819
-908
-160
453
758
358
-220
17
-694
-576
-451
-170
212
533
49
74
-31
-497
331
-106
-287
-180
134
476
463
50
366
95
-356
-761
-151
729
535
-31
131
378
-1052
50
24
180
228
-585
-184
-52
-54
112
825
-114
-585
-770
-361
-170
-131
1001
605
306
-241
-480
-617
-684
181
343
856
234
432
140
-750
62
11
102
-8
-636
216
781
637
153
426
-297
-1238
-1067
234
925
1200
149
-614
8
-325
-777
-453
37
329
494
290
60
-333
360
-340
-1235
-362
174
852
1069
-75
-135
51
-412
-509
-43
-202
364
931
82
287
-384
-89
222
-731
-391
88
948
365
44
-422
-678
-590
-256
924
690
-173
-419
166
-99
-1069
-527
116
984
547
-304
388
-411
-618
168
-194
-217
163
-27
411
518
198
229
-195
-880
-273
362
374
472
437
-51
-505
-487
-32
997
816
-32
-1455
-1220
-98
1749
1586
-689
-674
-1415
108
133
-9
893
228
-174
-1057
-379
655
1282
-374
-950
-1076
-416
1243
1300
622
-273
-945
-1637
261
556
939
638
-662
-368
-1035
471
1126
264
183
-1084
-1427
298
515
780
517
-939
-803
213
859
-2
153
-508
-1670
-257
-8
1312
1671
123
-1254
-1269
-304
-57
604
596
141
-1099
-89
722
476
507
-713
-719
-439
479
61
-90
978
4
185
-718
-198
723
27
431
-750
-1003
221
948
634
438
-439
-197
-220
-200
-400
-258
699
381
421
-86
385
515
-479
-914
-747
-620
449
1488
975
601
-505
-1354
-826
-578
155
42
462
1218
141
-505
-544
-59
104
-429
-485
-381
216
1124
363
452
-48
-1003
-407
-192
348
373
284
254
187
-220
-484
103
211
369
487
-203
-584
10
-13
106
633
-167
-601
31
227
495
401
-323
-721
-560
194
156
82
566
295
82
-346
-626
-35
82
-227
-527
369
1133
890
-494
-820
-21
6
274
-128
185
392
-248
-89
813
1159
128
-664
-1170
-94
241
-80
710
1234
746
-73
-878
-346
33
-797
-292
-26
1243
1389
290
-120
-695
-929
-1079
-628
197
1086
1284
1063
72
-892
-1325
-1495
-528
466
756
972
785
-174
-261
-705
-1208
-819
-276
49
846
474
162
-49
-812
-684
-373
-442
-317
-100
-324
-88
212
177
-254
-51
-764
-799
-266
-201
-324
-385
7
218
465
-54
-483
-798
-722
-558
-315
550
636
-114
-133
-96
-129
-458
-958
-293
25
228
571
223
81
-346
-803
-194
396
-235
-51
285
336
582
-105
252
217
378
-2
-28
518
470
-6
128
940
563
599
680
400
-95
88
-93
107
1040
683
584
728
774
343
57
340
769
420
125
236
786
1618
933
503
263
88
52
275
374
705
568
237
535
89
84
166
-162
-629
-412
51
351
306
-282
-443
-598
-516
-598
-703
-152
-467
-493
-402
-354
-654
-872
-895
-1152
-870
-726
-456
-668
-779
-1044
-1097
-893
-1145
-927
-938
-998
-468
-685
-621
-912
-1035
-868
-686
-728
-623
-559
-533
-623
-919
-655
-963
-266
-517
-695
-291
-164
-292
-539
-373
-411
-253
-368
-114
235
378
111
68
366
84
206
282
392
824
683
611
1032
882
673
1101
763
1338
1021
973
1275
1268
1110
1300
1553
1228
1755
1399
1716
1584
1934
1608
1209
1265
1318
2164
1777
1622
1356
1694
1456
1389
1427
1101
1131
830
1404
1382
1685
1675
1521
1129
695
860
997
1198
1065
1268
1368
1191
700
142
125
-126
-261
-207
-333
-827
-1383
-1689
-1908
-2028
-2536
-2687
-3160
-3507
-3573
-3520
-3320
-3731
-3979
-4114
-4249
-3989
-3720
-3625
-3375
-3337
-3251
-2851
-2705
-2484
-2276
-1941
-1800
-1469
-904
-902
-751
-314
-494
-220
234
285
645
599
671
347
16
-100
33
229
116
358
468
361
39
-361
-673
-447
-241
-413
340
610
768
1131
554
258
371
613
1005
1387
1521
2042
2059
2030
2239
2099
2398
2526
2368
2542
2801
3062
3081
2965
2739
2522
2818
3136
3140
3022
3008
2699
2329
2486
2812
2890
2703
2518
2546
2935
2907
2614
2242
1583
1034
1054
1590
2289
2582
2351
1570
234
-1309
-2740
-3336
-2755
-1167
380
520
-907
-3596
-6270
-7499
-6763
-4491
-2385
-1660
-2673
-4444
-5608
-5812
-5044
-3808
-3009
-2618
-2221
-1703
-844
-136
-184
-703
-1179
-1281
-1002
-197
693
1334
1449
837
-162
-1096
-2032
-2413
-2288
-1932
-1470
-1470
-2134
-3017
-3456
-3575
-3628
-3502
-3544
-3435
-3010
-2266
-1438
-1066
-1148
-1331
-1439
-1338
-551
402
1110
1598
1772
2025
2112
1955
1701
1910
2278
2285
2518
2988
3267
3320
2975
2347
1954
1642
1515
1873
2073
2739
2903
2107
1399
1214
1383
1766
1864
1561
1258
888
1028
1884
2733
2755
2163
1631
1744
1984
2160
3066
3707
3597
3367
3464
3967
4369
4162
3807
3615
3276
3478
4195
4667
4713
4321
3490
2044
421
-1064
-1928
-1531
-177
1374
1536
-395
-3746
-6869
-8152
-6896
-4374
-2276
-2041
-3861
-6196
-7455
-6967
-5433
-4090
-3408
-3310
-3060
-2322
-1263
-444
-268
-625
-704
29
1418
2650
3175
3054
2576
2094
1694
1358
827
57
-661
-1102
-1171
-1330
-2131
-3472
-4797
-5625
-6037
-6027
-5816
-5895
-6165
-6439
-6465
-6156
-5782
-5340
-4871
-4409
-3802
-3013
-2369
-1842
-1283
-534
446
1246
1773
2164
2786
3076
2839
2811
2986
3553
4078
4121
3657
3309
2906
2019
1229
800
1525
2098
1830
1204
768
391
-130
-219
139
726
860
1166
1633
1740
1552
1413
1964
2670
2794
3014
4018
5083
5318
4869
4544
4637
4896
5482
6504
7319
7239
6370
5498
4741
4747
5480
6223
6282
4797
2290
-552
-1970
-1196
1264
3027
2058
-1530
-5737
-8244
-8094
-5786
-3190
-2486
-4436
-7467
-9355
-8933
-6971
-5176
-4615
-4821
-5203
-4761
-3414
-2020
-1406
-1471
-1635
-1142
313
1885
3063
3381
2900
2082
1557
1664
2366
2901
2887
1956
527
-1169
-2294
-2449
-2286
-2549
-3689
-5139
-6420
-7059
-7159
-6964
-7276
-7903
-8478
-8475
-7844
-6857
-6222
-6094
-6378
-6195
-5116
-3455
-1887
-863
-541
-404
203
1359
2712
3800
4549
4671
4602
4713
5125
5608
5830
5844
5929
5568
4426
3654
3035
2714
2782
2620
2620
2920
2631
1853
709
-742
-647
544
1841
2750
3218
3382
3115
2301
2031
2985
4186
5531
6434
7129
7395
7158
6917
7124
7255
7366
7606
8026
8418
8605
8434
7714
6940
5107
2683
-72
-879
1173
4436
5540
2471
-3485
-8841
-10667
-8818
-4590
-1495
-1777
-5839
-11020
-13874
-12542
-9014
-5800
-4828
-5522
-6993
-7913
-7302
-5383
-3466
-2456
-1980
-1398
-95
1263
2216
2212
1597
1324
2042
3266
4504
4922
4108
1983
-57
-672
53
1054
586
-1348
-3899
-5589
-6114
-6004
-6251
-6848
-7922
-9023
-9826
-10065
-9878
-9448
-9236
-9023
-8875
-8428
-7520
-6492
-5614
-5050
-4528
-3541
-1819
-8
1271
1774
2065
2736
3999
5356
6375
6982
7035
6812
6745
6984
7068
7023
6389
5328
4311
3764
4048
4715
4146
2463
993
-292
-760
-339
774
1891
2070
988
128
236
1170
2591
3435
3849
4206
5069
6030
6732
7102
7604
7916
8120
8375
9034
9866
10308
10126
9227
8575
7710
6061
3177
867
1908
5468
7586
4364
-2363
-8297
-9763
-7846
-4295
-1854
-2048
-6018
-12049
-16260
-15381
-10607
-5889
-4409
-6414
-9494
-11667
-10998
-7918
-4131
-2022
-1759
-1994
-1336
-297
626
1197
1892
3026
4225
5226
5690
5424
4250
2796
1682
1985
3087
3887
3014
607
-2768
-5350
-6427
-5570
-3930
-3677
-5902
-9571
-12300
-12698
-11183
-9561
-8594
-9116
-10509
-11747
-11427
-9611
-7423
-6205
-5853
-5560
-4689
-3138
-1368
272
1186
1741
2793
4771
6763
7850
7716
7474
7720
8383
9327
10164
10454
9491
7442
5615
5466
6452
7243
6409
4319
1958
511
330
1334
2253
2281
1295
163
-163
440
1604
2929
3795
4054
3917
4163
5342
7046
8188
8599
8675
8988
9593
10147
10948
11504
11312
10391
9677
8479
6306
3295
2883
6312
9325
7103
-147
-6511
-7987
-5996
-4207
-2761
-2431
-4816
-11086
-17262
-17714
-12003
-6326
-5341
-8656
-12457
-14008
-13397
-10467
-6498
-3605
-3178
-4242
-4807
-3817
-2228
-381
1759
3357
3904
3497
3237
3485
3699
3167
3119
3730
4650
4198
2121
-488
-1800
-2548
-3579
-4905
-5307
-4544
-4942
-7930
-11608
-12974
-11845
-10167
-9922
-10440
-11231
-12195
-12892
-12195
-9974
-7629
-6645
-6997
-7261
-6639
-4647
-1928
651
1946
2083
2285
3603
5727
7569
8608
9084
9302
9340
9698
10352
10888
10159
8536
7326
7484
8073
7689
5896
3848
2455
1989
2164
2551
2505
1466
-107
-1012
-273
1450
2820
2940
2204
1758
2379
4077
5984
7327
7662
7506
7455
8013
9267
10795
11597
11196
10263
9831
10116
8232
5264
3617
6206
9981
8867
2205
-3856
-5487
-3865
-2986
-2884
-2060
-3513
-9721
-16729
-17535
-11429
-5583
-6413
-11005
-14508
-15261
-14282
-12164
-8257
-4633
-4571
-7009
-8476
-6771
-3182
-353
1161
2094
2314
2075
2141
3020
4497
5380
5292
5223
4668
3954
2731
1652
1364
1427
1020
-1153
-4990
-7388
-7026
-4896
-4756
-7747
-11001
-12341
-12670
-12563
-11761
-10051
-9189
-11243
-13679
-13160
-10005
-6914
-6238
-6698
-6266
-5029
-3128
-793
1697
3375
3845
4137
5606
7989
9751
10404
10383
10533
11216
11792
12148
11829
10590
9343
8640
8642
8472
7135
5265
3633
2712
2565
2568
2288
1326
-154
-1022
-577
585
1894
2489
2361
2169
2354
3668
5841
7491
8528
8840
9073
9735
10301
11481
13034
13761
13377
12349
11830
11982
9239
5985
5005
8382
11758
8238
-231
-5653
-5589
-3278
-3368
-4489
-4307
-6574
-13625
-19918
-18336
-10841
-6491
-10336
-16226
-17970
-16414
-14325
-12250
-8932
-5851
-6776
-9494
-9703
-6185
-1767
582
993
1648
1970
1903
2158
3477
5140
6123
5460
4822
3983
2789
1591
1095
1319
1582
-434
-4283
-7278
-8054
-6400
-5367
-7164
-9996
-12473
-13791
-13704
-12983
-11055
-9897
-11243
-13574
-14204
-12093
-8694
-7157
-7017
-6928
-6294
-4617
-2405
-13
2251
3108
3472
4441
6216
8400
9684
9803
10007
10431
11238
11914
11534
10722
9765
8945
8845
8554
7891
6593
4909
3660
3204
3235
3072
2349
1178
532
631
1155
1905
2396
2678
2866
2939
3771
5160
6815
7729
8382
8576
8898
9451
10070
11479
12530
12296
11845
11028
11617
10324
6313
4316
5487
10000
10384
3428
-3420
-5445
-3742
-2553
-4020
-4473
-4787
-9250
-16232
-18052
-13279
-7284
-8048
-14078
-17197
-16434
-14281
-12238
-10553
-7890
-7423
-9537
-10172
-7914
-4104
-1143
-231
106
531
225
787
2469
4088
5087
4685
3843
3483
2258
1573
1541
2276
2044
-406
-3762
-5782
-5458
-4179
-4326
-5939
-8441
-10240
-11030
-10807
-9830
-9013
-9242
-10693
-11612
-10995
-9060
-7405
-6995
-7085
-6529
-5238
-3350
-1510
85
1331
2243
3159
4742
6304
7869
8938
9519
10055
10387
10976
11716
11702
11082
10069
9784
10172
9833
8689
7095
5985
5772
5360
4769
4122
3419
2839
2308
2269
2526
3200
3324
3340
3413
3731
4514
5788
7165
7825
8067
8026
8309
9532
10396
11429
11544
11011
10903
10747
10884
7454
4433
4974
8622
11423
6091
-2353
-5434
-3451
-912
-2540
-5037
-5594
-7389
-13106
-17499
-14677
-9007
-7422
-13037
-18137
-17307
-14521
-12675
-12387
-11256
-9054
-9663
-10793
-10004
-6820
-3532
-1845
-1596
-1069
-602
-661
601
2367
3845
4571
3373
2564
1700
1119
1782
2158
2077
-281
-3102
-5048
-5193
-4298
-4262
-5269
-7401
-9826
-10850
-10560
-9393
-9357
-10218
-11243
-11226
-10431
-9862
-9165
-8664
-7967
-7387
-6446
-4855
-3154
-1576
-596
419
1672
2748
4416
6026
7841
8632
8705
9026
9784
10869
11228
10820
10743
10748
10595
9880
8833
8254
8231
7839
6770
5684
4766
4836
4738
4295
3826
3426
3463
3575
3764
4205
4623
5015
5357
5855
6673
7315
8045
7946
8080
8931
9894
10808
10667
9572
9879
8494
5319
4581
6367
10742
10097
1980
-4159
-3626
123
1116
-3008
-5436
-5191
-7356
-12612
-14656
-11185
-6552
-8339
-14597
-16868
-14673
-12312
-11821
-12192
-10231
-8517
-10014
-10854
-9644
-6487
-3672
-2558
-2270
-1559
-2155
-1917
-285
2113
3688
3487
1856
1490
1050
1373
2242
2837
2240
-473
-3491
-4285
-3019
-1780
-2423
-4573
-6912
-8482
-8855
-8330
-7216
-7561
-8849
-10432
-10489
-9272
-8252
-7926
-7709
-7520
-6808
-6285
-4895
-2879
-1046
-30
97
588
2323
4544
6324
7319
7737
8311
9106
9715
10221
10649
11116
11390
10945
10264
9658
9507
9665
9152
8474
7349
6419
5999
5906
6025
5517
4826
4284
4125
4356
4471
4865
5180
5354
5208
5389
6237
6615
6738
7148
8142
9210
8988
8176
7766
8521
6050
4649
5798
8978
10871
5282
-1763
-2208
979
3441
623
-3291
-3715
-4493
-8187
-11408
-9889
-6202
-6043
-11457
-15180
-14042
-11877
-11340
-11847
-11293
-9326
-10525
-12035
-11280
-8361
-5552
-4542
-4712
-4175
-3674
-3543
-2086
82
1783
1950
820
560
1166
1208
2142
2583
2776
562
-2646
-3325
-1248
493
-482
-3974
-6328
-6799
-6774
-6700
-6489
-6916
-8171
-10233
-11455
-10027
-8642
-8333
-9216
-9935
-9453
-8509
-7734
-6112
-4356
-3100
-2851
-2894
-1566
977
3021
4489
5283
5838
6890
7607
8568
9558
10323
10653
10610
10217
10216
10135
10258
10010
9620
8683
7662
6866
6807
7141
6727
5804
4786
4217
4391
4504
4533
4621
4507
4509
4170
4584
4899
5542
6314
6904
7249
7240
7037
7045
7694
5877
4584
5873
8553
10642
6867
532
-372
2326
4968
3037
-959
-1664
-1579
-4456
-8246
-8452
-5031
-3484
-7806
-12805
-13028
-10908
-9846
-10594
-11213
-9564
-10037
-11834
-11813
-9740
-6733
-5577
-5967
-5578
-4906
-4613
-3487
-1406
560
1163
350
170
1299
1533
2131
2691
3004
1832
-421
-906
982
2112
443
-2335
-3458
-3188
-3361
-4512
-5019
-5072
-6126
-7760
-9148
-8254
-7270
-7655
-8877
-9396
-8843
-7952
-7572
-6925
-5752
-4670
-4307
-3579
-2395
-285
1436
2516
3575
4408
5694
6870
7796
8782
9660
10187
10289
10299
10349
10783
10836
10400
10088
9459
8960
8287
7663
7566
7318
6816
5974
5232
4909
4773
4874
4795
4327
4226
4074
4308
4737
5364
5934
6220
6154
5981
6348
6173
3769
4065
6467
9861
9852
3709
-774
1547
5295
6242
2259
-689
374
-24
-4174
-7013
-5306
-1575
-2788
-8823
-11880
-10239
-8124
-8796
-10709
-10647
-9041
-10361
-12009
-11356
-9367
-7242
-7302
-7970
-7008
-6780
-6423
-5044
-3183
-1596
-1767
-2346
-2184
-1002
-553
326
916
394
-286
-1028
-495
646
-134
-1164
-1828
-2149
-2505
-3404
-3891
-4225
-4771
-5845
-6406
-6858
-6795
-7333
-8096
-7888
-7787
-7757
-7495
-7548
-6671
-6295
-5853
-4623
-3400
-2183
-1586
-565
727
2062
3344
4310
5435
6279
7136
7737
8119
9041
9796
10190
9779
9229
9534
10012
9996
9169
8618
8307
8319
7823
7038
6944
6931
6672
5866
5076
4913
5320
5448
4817
4734
5124
5292
5624
5323
5177
5824
4624
2443
3212
5732
8905
7899
1914
-566
1909
5086
5475
1854
775
2040
725
-3081
-5341
-2746
987
-606
-5986
-8687
-7518
-5725
-5898
-7481
-7174
-6543
-8488
-9488
-9510
-7575
-5747
-6058
-6653
-6917
-7565
-6837
-5209
-3462
-2585
-3268
-4153
-3808
-3411
-2506
-1264
-810
-975
-2022
-1964
-1511
-1164
-1264
-1341
-806
-1203
-2606
-3144
-2979
-2701
-3209
-3939
-3955
-3732
-4530
-6085
-6300
-5207
-4110
-4922
-6121
-6073
-4945
-4405
-4491
-3996
-2451
-1546
-1501
-1553
-517
891
2315
3206
3691
4079
4552
5002
5905
7041
7634
7774
7210
7076
7861
8346
8360
8191
7831
7670
7275
7126
7398
7636
7404
7104
6367
5920
5865
5555
5613
6202
6327
6483
5564
4446
5020
4201
1951
2903
5271
8119
6337
-478
-2295
1520
4765
4529
216
-691
1719
761
-3200
-5068
-1825
2563
750
-5447
-7515
-5217
-2706
-3078
-5144
-4457
-3083
-5139
-6695
-6636
-4491
-2517
-3337
-4458
-4645
-5198
-5021
-3897
-2597
-1834
-3111
-4757
-4718
-4352
-4210
-3115
-2912
-2752
-3927
-5873
-5444
-4032
-3332
-3008
-4170
-4749
-4758
-5420
-5014
-4243
-3508
-3233
-4461
-5477
-5034
-4725
-3955
-3426
-3204
-3261
-4012
-4612
-3403
-2025
-971
-772
-1428
-1397
-553
463
1557
1903
2357
3037
2876
2602
3251
4609
5542
5354
4324
4353
4776
5282
5726
5623
5698
5471
4934
5166
5415
6229
6722
5977
5441
5800
5955
5714
5447
5999
7518
7336
5474
4479
5127
6556
4384
2166
3397
6283
7559
2643
-2529
-535
3396
4283
320
-2542
-224
1561
-1330
-5518
-4432
176
1394
-2747
-6484
-4945
-2085
-1888
-3539
-3619
-1092
-1293
-3461
-3854
-2273
148
-13
-1188
-1136
-660
-955
-1132
-444
572
345
-1103
-2195
-1906
-2305
-2666
-2659
-2228
-2377
-4648
-6626
-6136
-4448
-4105
-5682
-7329
-7298
-6746
-6952
-7182
-6447
-5574
-5681
-6961
-7198
-5867
-4271
-3609
-4080
-3888
-2964
-2314
-2117
-1358
271
1601
1257
348
786
2986
4571
4463
3596
3522
4436
5020
4943
5089
5399
5409
4757
3742
3786
4505
4993
4521
3522
2618
2913
3556
4068
3995
3354
2933
3231
3632
3932
4304
4576
4704
4744
4736
5136
5152
2351
2302
4646
7307
7102
1928
-1183
1543
3790
3731
520
-669
1540
1299
-2410
-5250
-3116
1088
1068
-3934
-6612
-4675
-2230
-2349
-3751
-3077
-780
-2116
-4208
-3714
-1061
1617
968
-335
-48
702
833
1048
2009
3473
3119
1317
33
330
988
1389
691
-59
-863
-2796
-3785
-3796
-3303
-3333
-4806
-6698
-7477
-7909
-7560
-7312
-7513
-8197
-9041
-9376
-8687
-8235
-7821
-7121
-6803
-6442
-6324
-5579
-3679
-2292
-1933
-2048
-1566
468
2395
3094
3154
3296
4323
5114
5617
6007
6682
6842
6285
5779
5791
6189
6362
5564
4914
4443
4117
3797
3456
3450
3292
2983
2304
1591
1708
2363
2632
2506
2365
2202
3084
1796
-766
486
3272
5777
4410
-1261
-2090
949
2775
2215
-762
-352
1636
171
-3689
-4834
-1441
1979
13
-4558
-5282
-2745
-1761
-2628
-3325
-960
798
-2032
-3683
-2481
901
2923
1515
657
1625
2050
1875
2111
3832
5327
4471
2323
1659
2811
3291
3216
2429
2449
1845
-119
-1432
-1063
-80
-235
-2307
-4157
-4531
-4462
-4598
-5273
-5658
-6183
-6787
-7590
-7518
-7223
-6557
-6480
-6656
-6672
-6334
-5444
-4390
-3679
-2914
-2471
-1945
-947
124
1389
1904
2170
2626
3262
4132
4732
4884
4754
4811
5110
5256
4863
4328
4528
5111
4870
3704
2453
2664
3617
3625
2388
1234
1403
2171
2383
1249
943
729
-713
-511
-72
1446
1889
-1273
-2649
-1864
-1015
83
-1142
-983
-575
-1644
-3356
-3677
-1500
534
-156
-2683
-3333
-1953
-1229
-1165
-1331
-141
898
-1013
-1390
-618
1158
1948
1041
1217
1885
1838
1307
1357
2457
3269
2895
1631
1120
1533
1436
1756
1209
1337
886
-212
-735
-661
-118
-192
-1037
-1753
-2105
-2187
-2265
-2137
-1852
-2116
-2680
-3644
-3300
-2668
-1978
-1906
-2187
-2175
-2167
-1903
-1252
-662
-250
-221
-243
107
678
1152
1304
1285
1207
1786
1816
1390
1392
1959
2501
1790
722
780
1493
2033
1233
248
330
851
1142
291
-332
125
1228
1348
-14
-587
-575
-1739
-1115
-120
1782
1485
-2321
-4107
-2442
-757
155
-1414
-2030
-1758
-2694
-4197
-4265
-2161
-240
-855
-3719
-4363
-2908
-1822
-1487
-1106
171
806
-1548
-2059
81
2599
3416
1940
1878
2909
2961
2188
2588
3769
5007
4099
2183
1450
2204
2634
2904
1892
1406
1143
-65
-722
-474
423
496
-916
-2342
-2003
-1398
-1201
-1716
-1918
-1421
-1245
-2002
-1859
-1144
105
822
22
-250
54
1039
2209
2663
2963
3171
2708
2677
3247
4477
5345
4436
3235
3213
4080
4467
3840
2719
2928
2811
2174
1115
434
910
1139
264
-1128
-2009
-1836
-1310
-1418
-2125
-3022
-3281
-5318
-5506
-4353
-2584
-1837
-4649
-7315
-6611
-5417
-4052
-4545
-5229
-4674
-5229
-6418
-7212
-5877
-3533
-2501
-4232
-5868
-5490
-4234
-2971
-2333
-1656
-418
-1238
-2225
-1194
618
2835
2916
2566
2834
3068
3102
3504
4511
5694
5905
4831
3421
3379
4328
4981
4819
3689
3288
2436
1517
1261
2109
2622
1834
85
-923
-960
-522
-19
151
-499
-1456
-1740
-1356
-460
-146
321
525
437
274
545
1298
2624
3489
3565
3100
2974
3958
5229
5594
5316
5415
5457
5496
5107
5333
5686
5580
4775
3876
3530
3585
3272
2502
1418
1192
682
-67
-838
-1807
-1661
-3702
-5861
-5001
-3700
-2881
-5578
-9435
-8670
-6958
-6411
-7535
-9050
-8061
-7468
-8968
-10649
-9710
-6780
-5193
-7210
-9918
-8789
-6127
-4867
-5244
-5856
-3794
-2663
-3779
-3598
-2238
385
1362
186
36
1037
1898
2206
2490
3318
4132
3404
2287
2533
3484
4204
3810
2541
2544
2260
2240
2114
2057
2672
2533
1295
264
602
1996
2471
1679
917
1403
2107
2033
2374
3019
4192
4208
3396
3143
3848
5895
7050
6337
5500
5498
6748
7456
7129
7656
8070
7562
6301
6015
7023
7478
6722
5741
5292
4908
4132
3519
3159
3393
2955
1374
2
-913
-335
-794
-3875
-4501
-3133
-1685
-3349
-7998
-8864
-6208
-5277
-6499
-9043
-8784
-7382
-8165
-10424
-10972
-8586
-6350
-7299
-10617
-11278
-8444
-6540
-6941
-8183
-7442
-5210
-5889
-6654
-5762
-3500
-1733
-2535
-3271
-2611
-1606
-970
-921
-363
372
473
-131
-826
-101
769
1045
271
-421
-242
-222
-581
-836
-340
328
-86
-1058
-1339
-710
212
437
467
375
692
1302
2075
2639
3241
3919
4505
4635
4675
5807
7453
8079
7851
7704
8361
9474
9868
10175
10328
10192
10120
10047
9873
9846
9802
9906
9333
8107
7074
7068
7353
6853
5547
4228
3344
3233
1525
-398
-682
139
859
-1530
-5275
-5785
-4658
-3976
-4975
-6614
-6366
-6436
-7927
-9362
-8840
-6741
-5645
-7422
-9870
-9697
-7702
-6375
-6811
-7461
-6374
-5603
-6743
-7130
-5851
-3287
-2541
-3972
-4769
-3883
-2862
-2486
-2847
-2847
-1879
-2016
-3008
-3632
-3178
-1991
-1871
-3290
-3565
-3455
-3434
-3915
-3942
-3047
-2680
-3516
-4133
-3588
-2721
-2022
-1936
-1909
-1662
-1112
-184
823
950
1708
2501
3134
3275
3376
4784
6164
6437
6320
6385
7059
7733
7980
8638
8744
8557
8297
8424
8700
8591
8333
8334
8218
7636
6976
6799
6859
6589
5984
4948
4415
3241
2252
2601
3076
3106
1319
-1177
-1344
-519
-292
-739
-1877
-1718
-1974
-3318
-4246
-3693
-2216
-1516
-3012
-4815
-4724
-3543
-2653
-2756
-3206
-2630
-2247
-3190
-3241
-2566
-1001
-242
-1251
-1921
-1766
-1447
-998
-1297
-1511
-1018
-1271
-2274
-3327
-3358
-2471
-2207
-3636
-4533
-4802
-5028
-5374
-5668
-5368
-5221
-6145
-6735
-6590
-6161
-5383
-5254
-5275
-5248
-4916
-3991
-3069
-2677
-1612
-699
-303
-251
357
1934
3276
3648
3954
4532
5042
5390
5881
6653
7168
7184
7026
7007
6857
6812
6899
6814
6435
5958
5420
4755
4166
3820
3682
2854
1030
233
450
769
-19
-1849
-2688
-2431
-2629
-3033
-3724
-3484
-3086
-3635
-4497
-4747
-3881
-2761
-2707
-3312
-3330
-2502
-1856
-1720
-1446
-495
644
492
112
623
1715
2787
2739
2682
3080
3195
3073
2925
3135
3812
3718
2939
1949
1499
1836
2150
1483
502
28
-297
-904
-1803
-1833
-1189
-1690
-3108
-3675
-3164
-2710
-3273
-3586
-2925
-2635
-3116
-3216
-2409
-1461
-1142
-1158
-702
-281
111
794
1371
1750
2242
2632
2826
2647
2963
3983
4403
3742
3201
3469
3957
3819
3081
2819
2863
2517
1944
1219
737
510
-553
-1420
-1564
-1279
-1542
-3330
-5030
-4949
-4376
-4404
-5137
-5723
-5774
-6200
-7002
-6946
-6080
-5358
-5312
-6029
-6248
-5456
-4679
-4062
-3709
-3197
-2387
-2275
-2403
-1580
-227
863
902
597
860
1663
2075
2467
2878
3105
3150
2683
2376
2900
3434
3629
2997
2242
2360
2570
2450
2156
2275
2480
2083
1454
1475
2128
2251
1977
2023
2290
2433
2242
2424
3131
3425
3592
3644
3866
4024
4278
4908
5470
5582
5415
5469
5823
6151
6559
6694
6535
6233
6106
6428
6309
5837
5475
5260
4892
4160
3468
2953
2051
765
139
235
-132
-1673
-3842
-5009
-4943
-5062
-5676
-6750
-7746
-8427
-9290
-10010
-10031
-9642
-9422
-9988
-11102
-11268
-10549
-9864
-9574
-9565
-9245
-8574
-8509
-8281
-7518
-6349
-5277
-5062
-5392
-4850
-3806
-2770
-2282
-2218
-1686
-1112
-1230
-1056
-395
343
525
-90
-324
193
565
671
591
418
526
529
413
726
1054
1352
1386
1089
1430
2267
2738
2924
2948
3486
4256
4589
4783
5378
6085
6666
6868
6968
7495
8147
8575
8815
8824
9066
9474
9509
9419
9302
9443
9577
9196
8592
8214
7978
7551
6642
5841
5553
5339
4539
3117
1874
1346
1113
574
-335
-1242
-1940
-2704
-3510
-3961
-4001
-4077
-4712
-5690
-6152
-5949
-5733
-5844
-6276
-6340
-6148
-6271
-6442
-6332
-5923
-5431
-5653
-6029
-5980
-5663
-5246
-5199
-5428
-5329
-5329
-5485
-5494
-5399
-5075
-4916
-5310
-5619
-5629
-5458
-5044
-4879
-4907
-4902
-5074
-4837
-4240
-3840
-3461
-3233
-2943
-2368
-1992
-1496
-685
5
535
829
1160
1956
2827
3439
3909
4103
4411
4940
5402
5845
6142
6286
6584
6700
6683
6703
6814
7133
7236
6854
6504
6428
6380
5954
5353
5298
5608
5301
4217
3181
2985
3218
3033
2425
1926
1555
1109
465
122
299
653
521
-242
-1043
-1040
-505
-67
-170
-458
-571
-563
-629
-485
-234
80
93
-207
-496
-580
-542
-420
-548
-744
-1040
-1511
-1851
-1913
-1968
-2075
-2505
-3013
-3352
-3601
-3722
-3724
-3866
-4050
-4408
-4634
-4453
-4249
-4218
-4103
-3990
-3682
-3444
-3325
-2939
-2349
-1893
-1529
-1316
-919
-309
182
604
982
1233
1593
1876
1997
2232
2516
2795
2901
2589
2302
2404
2604
2586
2123
1624
1550
1336
575
-50
0
423
184
-1072
-2126
-2150
-1739
-1661
-2092
-2528
-2578
-2740
-3050
-3084
-2682
-2034
-1707
-2105
-2477
-2262
-1506
-684
-337
-377
-198
90
463
789
1096
1624
2150
2151
1987
1947
2196
2519
2571
2520
2473
2014
1667
1701
1762
1610
1259
850
572
126
-96
37
-5
-363
-713
-905
-788
-774
-724
-430
-332
-450
-268
63
466
771
1021
1467
1799
1985
2368
2776
3199
3666
3954
4180
4285
4353
4694
5040
5188
5264
5044
4718
4538
4493
4513
4214
3623
3177
2506
1591
1037
981
951
119
-1380
-2376
-2708
-2952
-3278
-3813
-4364
-5028
-5869
-6334
-6286
-6186
-6099
-6394
-6840
-7015
-6982
-6732
-6309
-6031
-5669
-5527
-5562
-5266
-4795
-4390
-3834
-3395
-2938
-2744
-2860
-2597
-2053
-1671
-1246
-1120
-1253
-1329
-1310
-965
-644
-707
-655
-678
-975
-1051
-850
-439
-198
-473
-575
-370
-275
33
465
809
1012
969
1219
1780
2178
2666
3198
3507
3716
3909
4397
5216
5723
6060
6300
6420
6733
7247
7705
8097
8070
8002
8003
7932
7953
8085
7953
7562
6799
6154
5929
5756
5343
4684
3736
2928
2224
1649
1311
917
237
-585
-1498
-2065
-2327
-2510
-2755
-3173
-3750
-4140
-4404
-4490
-4468
-4422
-4396
-4470
-4694
-4673
-4450
-4193
-4109
-4097
-3959
-3687
-3604
-3660
-3730
-3633
-3482
-3437
-3530
-3603
-3752
-3979
-4241
-4320
-4254
-4313
-4687
-5075
-5299
-5291
-5274
-5280
-5334
-5401
-5506
-5457
-5225
-4821
-4454
-4222
-4088
-3775
-3243
-2600
-2068
-1600
-1043
-464
36
559
1253
2000
2592
3050
3666
4319
4740
5024
5555
6268
6760
6777
6747
7013
7326
7377
7300
7263
7161
6734
6226
6092
6125
5784
4998
4233
3853
3634
3223
2755
2317
1782
1129
599
385
406
230
-177
-631
-934
-1047
-961
-852
-725
-778
-911
-952
-776
-634
-495
-337
4
161
-21
-277
-182
34
193
238
216
-161
-748
-998
-708
-597
-1016
-1492
-1746
-2161
-2708
-2805
-2438
-2477
-3213
-3785
-3741
-3648
-3750
-3609
-3298
-3369
-3836
-3930
-3396
-2889
-2681
-2470
-2304
-2292
-2178
-1708
-1069
-615
-296
64
213
212
664
1542
2147
2203
2124
2324
2637
2828
3117
3420
3267
2831
2614
2675
2771
2551
2104
1639
1112
715
562
259
-187
-582
-986
-1413
-1883
-2140
-2006
-2072
-2471
-2650
-2622
-2554
-2541
-2507
-2135
-1745
-1720
-1601
-1340
-983
-509
-168
106
443
530
675
1038
1438
1819
1813
1484
1594
1852
1993
2004
1826
1683
1562
1303
1339
1340
1084
926
844
642
468
274
357
455
260
150
147
25
111
308
450
376
203
382
742
771
755
966
1239
1374
1386
1558
1872
2013
2101
2290
2449
2565
2674
2795
2811
2721
2744
2841
2766
2561
2458
2381
2022
1509
1305
1348
1173
630
-2
-427
-718
-999
-1265
-1690
-2254
-2680
-2981
-3327
-3741
-4035
-4125
-4362
-4837
-5094
-5067
-5054
-5185
-5323
-5256
-5110
-5129
-5093
-4873
-4570
-4263
-4120
-4084
-3817
-3369
-2922
-2687
-2600
-2316
-1895
-1678
-1483
-1174
-851
-678
-640
-476
-140
-2
59
206
398
522
604
668
829
990
1179
1342
1414
1472
1733
1973
2077
2147
2353
2599
2764
2825
2963
3058
3093
3271
3536
3489
3308
3345
3623
3702
3427
3301
3528
3541
3348
3314
3421
3345
3061
2978
3251
3322
3120
2995
2925
2853
2880
2950
3000
2772
2490
2559
2632
2434
2221
2087
2058
1874
1478
1355
1344
1046
647
256
3
-113
-461
-782
-1071
-1563
-1819
-2009
-2475
-2847
-3120
-3219
-3301
-3655
-3823
-4187
-5186
-5265
-4160
-3550
-4395
-5909
-6114
-5221
-5027
-4837
-4310
-4775
-5838
-6079
-5095
-4219
-4545
-4454
-3724
-4330
-5270
-4448
-2773
-2295
-3174
-3220
-2220
-2384
-2787
-1600
-327
-482
-1251
-1009
-88
-71
-14
1158
1668
914
582
1322
2103
2042
2164
3049
3067
2246
2387
3345
3863
3712
3769
4207
3963
3434
3930
4765
4831
4481
4334
4357
4129
4030
4602
4876
4313
3826
3781
3772
3582
3534
3810
3679
2941
2477
2517
2594
2574
2437
2248
1882
1414
1325
1444
1399
1267
1096
847
602
391
365
391
291
197
49
-274
-512
-602
-531
-530
-738
-1008
-1240
-1517
-1619
-1601
-1598
-1771
-2143
-2488
-2641
-2694
-2625
-2630
-2840
-3144
-3413
-3501
-3395
-3273
-3181
-3239
-3457
-3560
-3491
-3304
-3071
-2903
-2814
-2805
-2877
-2762
-2504
-2263
-2078
-1982
-1951
-1935
-1922
-1770
-1561
-1480
-1482
-1516
-1580
-1576
-1536
-1445
-1389
-1469
-1550
-1551
-1523
-1443
-1341
-1274
-1253
-1245
-1121
-889
-710
-537
-307
-91
77
273
617
1033
1325
1544
1821
2118
2372
2639
2985
3335
3552
3662
3801
3960
4106
4234
4340
4392
4348
4260
4168
4101
4023
3883
3645
3413
3233
3036
2771
2485
2258
1997
1685
1429
1261
1050
743
471
335
208
1
-192
-306
-448
-592
-664
-662
-717
-876
-992
-1030
-1062
-1074
-1053
-1076
-1182
-1299
-1342
-1317
-1317
-1331
-1345
-1437
-1540
-1567
-1503
-1439
-1441
-1485
-1516
-1546
-1525
-1411
-1290
-1242
-1238
-1236
-1187
-1099
-963
-798
-697
-666
-625
-556
-491
-396
-247
-127
-119
-172
-164
-116
-106
-92
-29
2
-94
-219
-271
-252
-257
-306
-353
-423
-545
-612
-594
-579
-615
-686
-737
-751
-754
-699
-635
-655
-689
-666
-579
-488
-427
-362
-300
-295
-255
-124
-1
74
115
166
248
315
412
546
637
696
775
856
927
999
1105
1228
1296
1339
1397
1440
1453
1497
1582
1647
1637
1579
1552
1547
1537
1544
1542
1481
1368
1272
1238
1233
1202
1138
1039
914
814
779
778
749
670
563
461
368
337
361
358
272
149
53
3
-15
-34
-66
-141
-250
-347
-406
-425
-454
-519
-601
-692
-774
-831
-878
-927
-990
-1063
-1142
-1233
-1307
-1350
-1377
-1413
-1481
-1559
-1626
-1675
-1699
-1695
-1685
-1717
-1787
-1851
-1850
-1805
-1756
-1723
-1721
-1715
-1692
-1636
-1537
-1429
-1345
-1286
-1226
-1139
-1012
-875
-745
-627
-518
-408
-290
-147
11
158
272
360
449
547
652
751
846
919
949
955
985
1056
1124
1149
1136
1110
1102
1103
1117
1141
1145
1118
1082
1064
1076
1102
1103
1078
1053
1036
1025
1008
988
969
936
877
817
784
757
710
645
595
561
525
491
469
453
437
426
430
446
461
482
509
551
607
657
710
766
822
872
918
956
989
1007
1005
987
965
937
887
815
728
639
536
426
308
173
16
-156
-324
-481
-637
-803
-963
-1118
-1281
-1429
-1550
-1648
-1742
-1835
-1907
-1964
-2009
-2040
-2047
-2021
-1979
-1941
-1906
-1860
-1799
-1725
-1643
-1555
-1473
-1407
-1350
-1296
-1232
-1150
-1085
-1046
-1014
-982
-954
-926
-894
-857
-828
-812
-797
-774
-737
-689
-649
-602
-534
-460
-388
-312
-214
-88
44
170
306
450
600
750
907
1078
1248
1401
1531
1666
1810
1946
2071
2175
2262
2328
2375
2420
2467
2504
2516
2492
2445
2399
2363
2313
2246
2168
2066
1962
1855
1748
1653
1554
1436
1299
1170
1064
961
852
730
611
488
368
248
140
44
-66
-183
-301
-409
-507
-601
-697
-790
-881
-975
-1065
-1148
-1218
-1289
-1351
-1412
-1476
-1531
-1581
-1626
-1662
-1688
-1716
-1747
-1770
-1785
-1790
-1796
-1798
-1792
-1782
-1774
-1761
-1743
-1714
-1682
-1652
-1622
-1601
-1562
-1516
-1470
-1416
-1367
-1319
-1267
-1215
-1149
-1071
-996
-923
-857
-792
-710
-622
-531
-440
-356
-268
-174
-84
16
116
217
311
400
494
589
690
788
877
962
1045
1124
1203
1282
1360
1431
1491
1548
1603
1655
1713
1762
1799
1824
1845
1865
1882
1893
1890
1883
1863
1838
1801
1761
1716
1662
1597
1519
1432
1341
1251
1154
1050
937
816
691
574
457
340
230
110
-6
-117
-226
-317
-399
-486
-559
-633
-701
-751
-795
-836
-871
-902
-928
-942
-955
-963
-969
-969
-974
-983
-981
-976
-971
-968
-967
-974
-974
-971
-968
-961
-958
-952
-943
-931
-919
-904
-882
-859
-834
-810
-779
-745
-707
-666
-620
-573
-530
-483
-441
-391
-338
-292
-242
-200
-158
-116
-73
-38
-1
33
61
85
108
134
154
167
173
189
198
205
211
219
226
232
239
243
247
257
272
279
287
298
315
336
358
377
395
420
451
485
507
537
567
596
623
649
672
696
722
734
748
758
766
771
770
759
744
721
700
683
649
615
573
522
475
428
377
325
270
210
156
100
46
-4
-58
-107
-158
-210
-248
-285
-320
-350
-377
-396
-412
-434
-442
-449
-453
-456
-460
-453
-447
-439
-430
-419
-403
-392
-377
-366
-352
-340
-328
-319
-312
-301
-293
-287
-282
-278
-275
-273
-276
-285
-283
-283
-287
-288
-292
-297
-299
-305
-306
-303
-300
-300
-298
-292
-285
-276
-261
-251
-237
-222
-205
-185
-163
-143
-118
-95
-72
-51
-31
-6
17
38
55
76
100
116
128
138
150
163
172
177
183
185
190
188
191
191
191
191
195
198
197
195
196
200
205
211
213
215
223
223
234
239
248
250
261
275
278
288
289
292
302
305
307
312
311
306
299
290
284
274
263
254
240
226
208
188
168
147
125
103
84
64
44
25
-4
-26
-50
-67
-87
-105
-122
-138
-153
-172
-180
-197
-210
-214
-226
-229
-236
-243
-249
-252
-255
-257
-257
-255
-253
-255
-256
-257
-250
-248
-245
-235
-233
-225
-222
-223
-215
-208
-201
-189
-183
-172
-168
-160
-150
-144
-137
-125
-110
-101
-91
-83
-72
-61
-49
-38
-28
-10
-1
6
16
25
36
48
61
73
86
92
101
108
119
132
141
153
164
171
180
192
196
204
209
213
220
226
233
237
240
244
244
241
242
240
239
239
231
220
217
207
190
179
167
164
156
149
135
117
101
81
65
51
43
35
24
10
-9
-33
-49
-57
-66
-71
-78
-81
-95
-110
-127
-143
-145
-143
-145
-149
-155
-165
-179
-190
-199
-199
-195
-196
-196
-200
-207
-217
-223
-223
-218
-211
-208
-206
-207
-208
-209
-211
-204
-190
-179
-168
-163
-165
-162
-153
-143
-131
-120
-110
-97
-90
-88
-80
-70
-59
-46
-34
-28
-19
-9
-3
7
20
32
41
49
58
66
74
82
91
102
110
123
128
131
136
138
144
150
155
158
160
163
168
169
167
173
173
173
167
167
164
160
165
162
160
158
146
133
133
131
132
126
119
110
92
82
75
76
73
67
56
43
25
14
9
7
6
-3
-6
-23
-39
-53
-60
-54
-52
-54
-68
-76
-84
-94
-104
-108
-102
-102
-105
-113
-122
-123
-124
-126
-119
-118
-113
-115
-115
-112
-113
-111
-107
-96
-93
-84
-82
-79
-71
-68
-65
-64
-55
-48
-44
-40
-37
-30
-27
-25
-21
-19
-15
-9
-4
-1
5
7
12
18
22
23
23
35
32
36
40
48
57
59
64
59
59
63
65
67
73
75
74
72
65
66
65
66
67
63
61
56
55
48
44
46
43
46
43
39
35
31
28
27
26
22
18
14
8
10
7
4
4
-6
-14
-19
-16
-18
-19
-21
-25
-27
-37
-44
-48
-49
-47
-49
-52
-56
-60
-65
-70
-66
-69
-70
-69
-67
-70
-73
-72
-64
-56
-55
-54
-55
-51
-44
-42
-36
-28
-25
-22
-19
-12
-6
-1
0
5
5
7
12
16
20
23
24
23
25
27
31
29
34
39
39
42
43
42
41
42
45
45
44
43
47
49
48
45
42
42
41
43
39
37
35
33
33
26
25
17
19
21
17
9
7
8
5
8
8
8
5
2
1
2
-4
-5
-3
-2
-4
-9
-9
-6
-6
-11
-16
-15
-13
-15
-18
-19
-19
-22
-24
-23
-26
-30
-33
-33
-34
-33
-38
-41
-37
-37
-37
-39
-39
-39
-37
-36
-33
-30
-33
-30
-28
-27
-21
-19
-19
-16
-14
-13
-8
-7
-7
-4
-1
0
1
4
5
4
8
10
10
11
9
13
17
16
17
17
18
23
28
21
20
20
22
23
27
25
28
26
24
24
22
25
22
23
19
20
24
22
21
18
18
13
14
13
11
12
9
10
11
9
5
9
9
9
6
4
6
7
10
7
7
9
7
10
3
2
2
5
6
2
0
1
4
2
-3
-5
-4
-8
-7
-9
-13
-16
-17
-12
-12
-13
-17
-19
-21
-19
-19
-19
-21
-22
-19
-19
-15
-16
-15
-14
-17
-17
-14
-16
-13
-15
-16
-15
-15
-17
-19
-13
-15
-13
-17
-17
-11
-12
-11
-8
-7
-8
-7
-8
-7
-7
-6
-6
-2
3
4
6
6
5
7
6
10
10
12
13
9
11
10
12
10
11
13
11
11
9
13
11
10
