0
-1
0
-1
0
0
-1
0
0
-1
3
3
0
0
0
1
2
1
0
1
-1
-2
0
1
1
0
0
0
0
0
0
-1
0
-1
-1
1
2
0
0
1
0
0
0
-1
0
1
1
2
0
0
1
0
0
1
0
0
-2
-1
-2
1
2
-1
1
1
0
0
2
0
0
1
0
-1
0
1
0
-1
-1
1
-1
1
2
1
2
1
0
0
-1
-1
1
0
0
0
1
1
-1
0
0
0
0
0
0
-1
-1
-1
0
1
-1
-2
-1
1
1
0
-1
0
1
0
0
-2
0
0
0
0
0
0
1
1
-1
-1
-1
1
0
-1
0
2
1
-1
0
-1
-1
0
-1
0
1
2
2
1
-1
0
0
1
1
0
0
-3
-1
0
1
1
-1
-1
1
-1
0
1
1
0
0
1
2
-1
-1
0
1
1
1
1
1
1
0
0
1
-1
0
-1
-2
-1
-2
0
-1
0
0
0
2
-1
-1
-1
0
0
-2
0
1
0
0
0
0
1
0
-1
1
1
1
0
-1
0
0
0
-1
-1
0
0
0
-1
0
-2
-1
1
1
1
0
1
0
0
-1
0
1
1
0
1
1
0
-1
-2
-1
-1
0
1
0
0
1
1
0
-1
-2
-1
-2
1
0
-1
0
0
0
-1
-2
-1
-1
1
0
-1
1
0
3
1
-1
1
1
0
-1
-1
0
0
-1
-1
-1
0
1
1
1
3
1
1
0
1
2
1
0
-1
-1
-2
-1
0
-1
0
-1
0
-1
-1
-1
0
1
2
-1
-2
1
0
1
0
0
0
0
0
1
2
0
1
1
0
1
-1
0
0
-1
1
1
-1
1
1
1
-1
-1
0
0
0
-1
-1
-1
-1
1
0
1
1
2
0
-1
-1
0
1
2
1
-1
0
1
0
-1
0
-1
-2
1
0
0
0
1
0
-1
-1
-1
2
1
0
-1
-2
0
-1
0
-1
1
-1
1
1
1
0
-2
1
1
1
1
-1
-2
0
-1
1
1
2
-1
1
1
-1
-1
-1
0
0
0
1
0
0
-1
-1
0
1
1
0
1
-1
-1
0
0
1
0
0
-1
0
0
1
2
0
0
-1
0
0
0
0
1
-1
0
2
0
1
0
-1
0
0
1
0
0
-1
-1
0
0
-1
0
-1
-1
0
0
0
0
0
0
-1
0
-1
-1
-1
0
1
0
1
0
1
0
-1
-1
1
1
-2
1
0
1
1
-2
1
0
0
1
-2
1
0
-1
0
0
0
1
0
-1
1
1
0
-1
-1
0
1
1
-1
0
2
0
0
0
0
-2
1
0
0
1
0
0
0
1
-1
-1
-1
-1
2
0
-1
0
0
-1
0
1
0
-1
1
1
0
0
-1
0
1
0
1
-1
-1
0
1
-1
0
1
0
0
1
-2
0
0
-1
0
1
0
-1
0
0
0
2
1
1
0
0
-1
-1
1
-1
1
0
-2
0
0
-2
-1
0
0
1
1
-1
1
0
-1
-1
0
-1
0
-1
-1
1
0
0
0
-1
-1
1
-1
-1
-1
-1
0
0
1
0
2
0
-1
-1
0
-1
0
0
0
0
-1
0
1
0
-1
0
1
-1
1
-1
0
2
0
-1
-1
0
-1
1
1
-1
0
0
-2
1
0
0
0
1
0
0
-1
1
1
0
0
0
0
0
0
1
-1
-1
2
0
0
1
-1
-1
0
1
0
0
1
1
0
0
-1
1
1
1
0
1
1
1
0
-1
0
1
1
0
0
2
0
-1
0
-1
0
1
2
1
0
-1
-1
1
1
-1
0
0
-1
0
0
0
0
1
-1
-2
2
0
-1
1
-3
0
0
0
0
0
0
-2
0
-1
-1
2
0
-2
2
-1
0
2
0
-1
1
1
-2
0
1
-2
0
2
-1
1
4
-2
-2
4
-2
-2
3
-1
-1
1
-1
-2
2
2
-2
-1
1
-2
2
3
-1
-1
1
0
0
-1
-2
2
-1
-1
0
-1
-1
3
1
-3
0
4
-5
2
6
-7
-1
6
-3
-5
6
2
-11
9
6
-11
5
6
-8
-4
12
0
-14
16
1
-18
14
3
-17
7
9
-12
-3
17
-13
-11
24
-12
-16
22
-9
-15
20
-1
-14
15
7
-21
8
19
-27
5
28
-32
2
29
-31
-2
29
-19
-16
29
-1
-39
35
12
-54
40
21
-56
33
25
-51
14
35
-39
-7
47
-32
-26
62
-31
-36
71
-34
-36
68
-29
-34
53
-13
-37
36
11
-48
28
28
-61
31
33
-69
39
23
-60
46
7
-46
39
5
-37
25
20
-45
12
42
-56
4
61
-70
1
70
-75
10
57
-65
18
33
-44
12
26
-32
-2
45
-43
-18
78
-68
-21
108
-86
-28
109
-65
-44
85
-14
-73
63
35
-98
55
39
-83
46
9
-31
24
-18
9
15
-21
-6
42
-12
-67
90
1
-123
120
26
-146
88
75
-129
-2
141
-93
-101
188
-50
-151
170
8
-143
73
86
-110
-41
157
-77
-103
159
-34
-105
88
41
-84
-8
107
-68
-65
124
-40
-74
80
10
-65
14
68
-62
-30
99
-56
-35
76
-36
-21
24
7
-16
-15
49
-29
-18
56
-45
10
26
-40
43
-16
-22
58
-44
-4
48
-45
16
13
-2
10
-37
71
-38
-54
123
-79
-40
125
-85
-18
80
-46
-1
0
35
-3
-93
148
-56
-130
223
-119
-71
171
-107
0
23
13
-5
-91
149
-58
-132
226
-124
-87
208
-160
12
78
-89
66
-73
50
18
-125
164
-98
-59
177
-187
72
64
-165
175
-105
-24
133
-208
192
-97
-93
247
-304
206
8
-234
344
-286
74
152
-313
306
-169
-34
192
-277
270
-157
-59
301
-413
290
29
-346
413
-221
-56
194
-177
132
-112
93
42
-246
340
-188
-114
305
-234
29
132
-114
37
-14
70
-73
-20
157
-170
63
91
-149
123
-59
23
28
-104
212
-198
69
130
-237
232
-133
43
53
-146
279
-310
182
92
-315
352
-184
-22
143
-145
126
-116
88
45
-190
261
-158
-43
178
-191
106
-50
22
51
-170
258
-195
16
146
-182
112
-80
124
-165
27
192
-356
289
-58
-142
149
-10
-55
-65
208
-196
-41
269
-295
22
261
-287
-17
297
-295
-27
340
-331
-16
323
-265
-132
379
-240
-226
479
-256
-271
535
-239
-297
499
-154
-364
453
-32
-479
477
21
-489
414
102
-469
309
195
-483
263
196
-390
151
191
-222
-64
325
-220
-176
500
-431
76
274
-329
195
-46
59
-142
130
70
-319
427
-255
-13
218
-208
82
-7
109
-235
213
12
-284
429
-289
41
186
-188
85
0
22
-115
121
12
-194
271
-100
-126
255
-127
-126
223
-69
-205
309
-84
-235
368
-193
-118
249
-165
15
29
56
-98
-13
146
-235
138
27
-148
166
-34
-86
134
-77
-119
267
-278
68
206
-394
314
-58
-171
246
-210
224
-273
245
54
-448
616
-507
91
188
-275
218
-132
175
-226
207
-39
-206
264
-218
69
-57
92
-47
-160
343
-293
0
207
-252
90
19
21
-103
178
-110
-4
170
-264
228
-146
-7
129
-206
186
-21
-118
226
-82
-41
117
-84
120
-106
26
138
-241
98
131
-224
148
37
-86
116
-120
37
95
-269
247
-30
-226
238
4
-265
295
-17
-308
334
-126
-95
37
112
-135
-170
382
-181
-317
613
-348
-177
463
-205
-231
303
25
-486
552
-245
-184
373
-311
214
-106
15
162
-270
233
-60
-118
203
-270
224
-36
-277
430
-283
-100
374
-185
-171
443
-294
-55
300
-269
-1
139
-47
-50
62
88
-125
-59
374
-441
290
31
-271
338
-201
-42
290
-266
45
145
-89
-115
159
147
-406
288
61
-294
148
192
-305
86
92
-116
-64
218
-57
-187
318
-160
-295
453
-268
-212
427
-236
-61
85
162
-253
-32
308
-329
-37
309
-253
-15
155
-76
-116
31
173
-376
290
62
-330
257
21
-243
121
139
-192
-93
431
-376
6
299
-207
-214
450
-156
-376
606
-280
-214
326
68
-386
299
190
-366
119
349
-439
40
295
-318
-67
371
-158
-252
499
-174
-390
560
-124
-568
622
-14
-641
571
214
-781
534
298
-783
382
267
-514
21
506
-356
-215
693
-371
-203
517
-253
-262
315
0
-389
263
273
-561
360
299
-521
199
320
-299
-242
566
-248
-438
650
-213
-317
462
-57
-281
333
-41
-271
295
-54
-271
365
-100
-232
335
-72
-198
179
-30
-81
19
47
-60
-32
18
-81
131
-155
45
127
-186
142
51
-35
-52
55
31
-161
140
33
-94
79
132
-45
-108
278
-108
-236
327
-102
-207
226
31
-290
248
-32
-147
103
0
-91
90
54
-323
376
-199
-334
464
-221
-296
412
-14
-385
296
229
-575
289
287
-714
524
-37
-361
411
-128
-237
411
-260
-49
153
100
-380
304
329
-881
679
112
-850
712
31
-548
446
52
-190
-35
355
-326
-42
244
-297
84
107
-152
79
149
-222
160
-5
-13
-91
50
-13
15
-237
358
-38
-439
634
-211
-261
215
208
-468
118
332
-378
64
239
-54
-159
43
278
-418
-5
380
-405
24
255
-110
-88
149
79
-200
-91
332
-327
-52
233
-87
-138
223
-63
7
7
-8
79
-123
-3
141
44
-392
512
-44
-416
434
57
-395
167
262
-241
-295
723
-436
-312
664
-279
-223
301
114
-387
237
204
-350
166
139
-210
180
-55
61
87
-147
214
-73
-26
163
-167
104
-56
75
-88
67
76
-240
176
56
-287
171
81
-194
-74
368
-340
-78
317
-265
-161
299
-180
-78
146
-115
175
-286
277
-19
-357
399
-226
-33
75
-54
87
-204
233
-65
-85
60
156
-262
139
164
-340
204
-17
-142
92
-35
109
-163
127
171
-348
237
46
-288
136
29
-91
-29
158
-19
-86
75
105
-210
48
163
-296
114
143
-284
222
-15
-102
58
-36
112
-271
266
-37
-212
188
106
-287
185
103
-274
179
13
-134
226
-312
287
-56
-291
443
-318
68
24
-18
50
-180
196
-13
-237
190
122
-355
298
13
-218
207
-123
180
-259
115
293
-643
541
47
-570
476
176
-680
416
434
-918
533
307
-629
156
408
-344
-225
542
-182
-395
590
-274
-49
45
147
-175
4
176
-193
174
-214
311
-215
-130
503
-489
70
354
-302
-155
377
-45
-465
475
89
-521
294
334
-588
194
265
-315
-4
133
135
-404
311
152
-578
587
-296
-128
365
-340
116
176
-253
132
89
-152
49
-18
103
-199
71
354
-573
366
213
-688
681
-318
-118
336
-368
237
6
-191
250
-214
165
-223
99
257
-662
628
-57
-630
866
-424
-206
524
-379
34
36
185
-385
246
199
-467
325
110
-388
325
-155
-82
232
-404
343
72
-442
335
267
-671
304
422
-708
203
460
-474
-10
475
-307
-221
504
-394
-38
298
-299
67
152
-254
218
9
-309
462
-364
-78
514
-546
171
356
-431
95
280
-223
-112
247
-98
-92
-64
334
-459
135
299
-637
540
-232
-112
356
-559
615
-340
-268
833
-884
415
270
-531
368
78
-235
159
3
-15
-19
20
1
11
86
-127
-9
322
-499
197
233
-522
450
-283
214
-137
-25
328
-410
106
311
-350
-3
212
95
-494
517
79
-630
669
-97
-558
462
260
-905
610
430
-989
485
667
-1143
319
1091
-1598
609
917
-1331
389
901
-1053
152
728
-689
-108
670
-361
-450
821
-411
-410
690
-158
-791
1115
-544
-448
960
-505
-416
924
-522
-196
494
-24
-362
63
654
-909
289
519
-717
-28
894
-1054
325
414
-504
-41
322
-141
-239
448
-331
225
-80
89
24
-215
266
163
-746
906
-355
-362
548
-213
-367
544
-324
-277
432
-298
44
-250
632
-646
105
572
-772
203
635
-826
145
728
-639
-276
876
-374
-620
891
-155
-674
508
354
-990
430
607
-1057
455
281
-410
-73
268
60
-516
419
128
-510
293
240
-367
-18
498
-342
-216
568
-259
-163
143
439
-690
310
494
-742
358
180
-294
32
126
-37
-65
-58
207
-111
-215
300
-53
-333
292
35
-258
125
176
-332
310
-140
-109
295
-250
123
-36
165
-109
-212
774
-877
298
716
-1042
316
774
-1026
151
830
-852
61
620
-494
22
124
293
-643
235
752
-1254
505
666
-1032
53
1074
-1182
57
1192
-1375
416
712
-876
177
527
-485
15
214
-66
-183
72
416
-910
746
28
-681
591
-141
-13
-215
199
201
-553
503
16
-229
126
218
-228
-116
452
-462
279
-175
256
-267
99
54
-177
311
-429
117
301
-559
312
110
-376
436
-485
428
-289
-106
540
-541
135
554
-808
307
247
-320
14
99
188
-347
-39
425
-651
87
695
-822
116
747
-598
-520
1281
-760
-520
1398
-862
-419
1266
-950
-316
998
-350
-695
815
357
-1308
1199
11
-920
890
217
-936
401
721
-838
-270
1328
-1037
-157
731
-358
-388
299
396
-909
647
144
-911
745
-146
-509
676
-264
-98
466
-312
-111
400
-284
5
380
-240
26
172
-27
-313
159
200
-524
400
116
-460
359
89
-399
224
88
-324
144
52
-284
363
-567
289
94
-559
474
-53
-224
300
52
-334
414
-394
91
94
-230
249
-321
512
-636
334
121
-677
761
-406
20
157
-74
-82
150
-143
-23
296
-192
-21
215
17
-444
320
205
-710
662
-115
-299
186
281
-388
-312
1041
-764
-186
895
-442
-525
960
-582
-260
671
-312
-198
433
34
-712
727
-110
-571
681
-32
-448
323
142
-628
116
591
-920
626
212
-583
402
120
-359
-217
1019
-750
-271
1413
-1223
-305
1466
-1305
-218
1558
-1112
-256
1373
-917
-368
820
9
-766
540
748
-1393
1010
25
-851
884
-246
-195
179
187
-483
406
-357
71
195
-359
355
-147
-293
267
-89
-3
-122
465
-444
77
531
-882
610
-80
-75
111
13
100
-228
77
35
-179
112
37
-127
284
-382
218
-138
-56
87
-233
284
-196
-107
48
79
-131
-181
537
-399
-76
572
-516
137
283
-322
-113
433
-504
287
-39
-226
222
-292
282
-184
81
-59
43
-173
234
88
-491
511
-20
-396
541
-194
-50
-37
257
-168
-347
835
-830
146
539
-628
33
479
-360
-247
673
-403
-259
728
-517
192
85
-183
239
-321
207
5
-81
-2
128
-184
115
-38
38
-61
80
-186
88
25
-134
200
-92
-71
186
-133
66
-21
-3
-52
146
94
-359
369
-35
-458
417
230
-865
757
40
-666
513
222
-657
286
472
-677
30
689
-651
114
505
-388
-205
353
36
-571
617
-124
-449
567
-96
-346
272
38
-319
253
207
-453
193
160
-251
14
216
-51
-127
61
24
10
-188
268
13
-331
194
252
-391
18
442
-485
-43
372
-59
-389
468
-102
-291
396
-97
-452
507
-211
-37
272
-105
-111
47
59
-268
200
93
-244
17
466
-473
23
127
-91
-100
240
63
-226
-169
454
-379
-135
617
-325
-77
-72
358
-252
-177
545
-437
-136
505
-61
-203
3
330
-696
264
442
-535
284
260
-497
307
24
-344
3
507
-413
41
741
-820
229
235
-542
-23
642
-359
-228
767
-588
-266
489
-393
-25
350
3
-264
136
106
-319
268
-51
173
-38
-163
334
-230
-131
474
-523
28
433
-305
-65
293
-398
-387
685
-441
141
357
-241
-153
108
-3
-248
112
50
117
-156
218
216
-363
-2
-91
15
-188
444
238
-648
503
-41
-708
391
195
-518
450
258
-365
230
10
-189
-125
163
-97
108
29
-113
389
-440
-93
349
-579
421
464
-208
-315
374
-224
-358
794
-261
-576
889
-155
-617
878
-307
-708
771
86
-785
725
139
-859
784
-125
-661
626
-125
-281
424
59
-696
329
192
-723
689
348
-1067
955
-201
-598
685
-359
-167
301
116
-241
190
3
-391
171
216
-408
386
68
-99
38
116
-314
-129
334
-248
14
320
-267
-153
489
-284
95
140
-191
-202
96
427
-346
50
441
-714
-35
556
-675
-61
707
-354
-137
875
-541
-547
392
1
-587
916
253
-805
426
89
-760
303
166
-534
314
371
-132
174
96
-662
138
45
-121
370
298
-505
216
118
-427
150
33
-96
7
204
146
-214
130
65
-165
-11
176
-111
-78
361
-115
-104
326
-288
-152
399
-447
121
229
-160
139
126
-236
-49
-32
-147
84
213
-120
24
113
-237
-76
273
-165
-179
471
-338
106
182
-126
9
-268
263
-107
-195
430
-258
-32
66
117
-196
-86
135
-252
-42
371
-177
196
-114
-177
181
-481
418
71
-234
221
100
-196
-128
141
-26
-448
624
42
-425
528
-196
-330
187
86
-83
33
269
23
-258
140
49
-397
81
304
-189
-33
407
-112
-578
474
-27
-598
649
199
-605
435
227
-622
71
490
-470
46
547
-364
-211
513
-241
-303
503
-107
-252
414
-99
-302
277
-307
8
175
-244
301
-136
-28
22
-45
114
-219
205
-11
-383
387
14
-369
431
-120
-245
264
-61
-111
-10
136
-30
-152
273
-93
-314
258
-2
-89
218
150
-94
-237
168
-124
-325
359
-12
-166
168
170
-292
9
223
-279
212
123
14
-20
-84
-120
-189
158
-135
114
332
-213
136
194
-377
-129
371
-361
-19
527
-262
-173
262
-127
-496
403
210
-422
473
213
-550
102
230
-529
69
513
-359
168
323
-426
-105
141
-170
-18
329
3
-225
284
-158
-374
456
-197
-86
415
-71
-259
122
43
-430
341
138
-207
190
60
-148
-130
137
17
-185
305
-43
-201
133
-143
-18
104
13
202
42
-117
190
-253
-72
19
-31
-6
113
45
-15
-36
19
33
-42
202
76
10
48
-105
-174
-55
-176
48
181
30
149
194
-143
-132
136
-160
-21
292
-12
-53
-38
45
-308
-101
354
-199
161
371
-194
-185
127
-354
-187
238
-68
68
171
48
-224
-86
94
-310
124
306
-207
55
168
-301
-219
138
-148
-44
300
115
-48
-6
-59
-249
-154
96
58
50
268
36
-76
-86
-170
-89
-19
147
187
167
9
-74
-193
-259
-28
28
157
220
37
39
-234
-218
-118
-138
114
207
187
13
-27
-189
-278
34
58
137
298
83
29
-116
-142
-54
-134
169
135
-26
101
-110
-216
-81
-56
-35
74
47
-59
-70
-101
-119
-68
-52
-23
-37
-41
-109
-69
4
-93
38
73
-124
-19
-17
-144
6
49
-12
-4
40
-81
-89
14
5
78
137
167
68
8
22
-58
-23
126
105
110
200
53
-17
-9
-42
-6
64
129
120
49
-11
-49
-142
-62
44
59
104
146
56
-83
-60
-58
-93
38
127
24
23
8
-109
-86
-2
47
119
95
102
29
-139
-33
-22
-95
157
133
-1
112
-27
-83
21
20
107
140
103
114
-29
-84
-19
-58
-10
168
84
38
114
-48
-82
25
1
33
118
46
7
-59
-64
-78
-59
16
53
1
23
0
-116
-47
-29
-37
1
29
-76
-105
-134
-117
-144
-28
57
-10
18
-16
-111
-96
-41
-21
128
95
135
55
-59
-42
-84
-71
114
128
128
149
17
-42
-115
-83
-58
65
114
84
40
-43
-189
-193
-169
-130
-19
10
15
-32
-109
-178
-157
-133
-18
62
83
116
56
-66
-84
-116
-59
71
68
103
125
16
-76
-88
-113
-44
-17
24
76
33
-59
-148
-228
-153
-121
-111
48
28
-33
-37
-166
-194
-85
-123
-66
34
-2
-13
-32
-114
-109
-23
-34
2
90
47
2
0
-59
-42
77
18
55
138
21
13
84
-23
-8
68
-26
46
141
28
27
46
-90
-102
-81
-107
-29
-7
-96
-120
-84
-144
-176
-173
-190
-158
-26
-21
18
105
98
139
279
282
346
505
469
509
631
592
613
685
650
655
663
623
607
612
568
503
461
471
434
358
357
351
333
352
327
238
184
141
97
90
113
2
-164
-179
-254
-442
-472
-541
-674
-675
-717
-934
-1044
-1192
-1423
-1401
-1336
-1429
-1402
-1334
-1500
-1600
-1491
-1500
-1381
-1168
-1150
-1074
-840
-824
-843
-672
-666
-658
-397
-314
-293
-120
-166
-293
-114
-46
-67
72
107
76
85
-23
-78
72
152
171
289
313
326
432
549
681
776
833
1053
1295
1361
1554
1844
1999
2148
2266
2337
2483
2578
2627
2832
3013
3108
3395
3620
3612
3525
3444
3293
3106
2950
2929
2857
2647
2485
1946
249
-1965
-3133
-2434
-1098
-857
-1567
-2102
-3029
-4952
-6406
-6123
-4740
-3640
-3339
-2907
-2049
-2112
-3300
-3780
-2920
-1635
-201
1380
2665
2926
1925
656
536
1355
2094
2630
2937
2407
1043
-490
-1629
-2340
-2912
-3399
-3223
-2695
-3028
-4376
-5741
-6584
-6834
-6452
-5398
-3898
-2902
-3180
-3852
-3778
-3200
-2556
-1550
-137
1122
1712
1818
2048
2352
2277
2274
3075
4181
4686
4405
3823
3242
2572
2037
2203
2870
3052
2593
2061
1688
1300
770
458
817
1529
1922
2122
2364
2288
1928
1854
2420
3200
3710
3845
3834
3810
3747
3806
4325
5192
5562
4557
2183
-614
-1814
-516
1537
2239
1649
479
-1449
-4025
-6118
-6154
-4362
-2993
-2870
-2617
-2117
-2922
-4956
-6303
-5679
-3539
-1253
652
1990
1857
-16
-1825
-1761
-60
1999
3516
4183
3911
2610
715
-780
-1248
-1029
-501
230
716
336
-1188
-3517
-5662
-6651
-6274
-4966
-3442
-2788
-3529
-4993
-6113
-6326
-5678
-4460
-2955
-1546
-810
-798
-890
-848
-780
-380
763
2338
3456
3543
2823
1937
1337
1277
1941
2949
3437
2996
2070
1204
559
250
421
922
1324
1303
895
291
-338
-749
-603
100
786
985
924
876
816
924
1557
2569
3438
3908
4113
4304
4411
4390
4613
5310
6130
6503
6529
6523
6135
4588
1949
-421
-1025
322
1915
2051
623
-1693
-4366
-6766
-7891
-7186
-5282
-3913
-3975
-4579
-5103
-5850
-6808
-6927
-5351
-2553
39
1395
1647
912
-421
-1056
106
2829
5501
6635
5953
4372
2630
1120
534
1029
2017
2574
2211
1079
-434
-2256
-4287
-5448
-5114
-4021
-3279
-3377
-4206
-5520
-6663
-6911
-5822
-4034
-2830
-2470
-2383
-2274
-2147
-1601
-442
866
1889
2487
2814
2853
2442
1966
2041
2649
3158
3334
3169
2495
1378
331
4
364
761
728
349
-84
-640
-1321
-1796
-1783
-1358
-876
-471
-391
-682
-1084
-1242
-776
277
1511
2345
2720
2781
2758
3016
3551
4355
5185
5846
6331
6570
6387
5851
5497
4838
3126
803
-415
527
2043
1875
-211
-2407
-4039
-5753
-7108
-6857
-5060
-3884
-4512
-5660
-5879
-5666
-6136
-6330
-4869
-2179
-79
705
798
575
152
60
1397
4100
6416
6906
5846
4440
3275
2597
2587
3283
4185
4232
3118
1486
101
-1112
-2319
-3061
-2810
-1907
-1767
-3064
-4903
-6088
-6442
-6073
-4851
-3435
-3034
-3829
-4681
-4701
-3893
-2536
-947
444
1136
1030
558
416
748
1292
2157
3231
3709
3110
2017
1050
439
408
992
1740
1898
1110
-172
-1132
-1461
-1429
-1257
-1038
-781
-757
-1131
-1762
-2186
-2025
-1362
-508
364
1173
1406
1008
851
1584
2898
4014
4548
4784
5108
5459
5571
5504
5543
5888
5741
3912
931
-662
620
2769
2751
577
-1235
-2273
-4125
-6280
-6218
-3752
-1977
-2933
-4685
-4823
-4366
-5212
-5987
-4334
-1014
1024
884
313
274
-36
-290
1226
4357
6668
6479
4667
3130
2453
2154
2363
3379
4345
4011
2385
560
-624
-1415
-2199
-2587
-2068
-1208
-1498
-3483
-5645
-6255
-5727
-4954
-3828
-2857
-3207
-4526
-5283
-4832
-3524
-1994
-811
-139
101
-66
-363
-101
789
1652
2255
2750
2771
1980
1052
730
978
1392
1760
1790
1239
407
-210
-461
-453
-355
-407
-591
-639
-682
-914
-1162
-1185
-997
-601
-66
457
829
927
974
1384
2193
2888
3154
3357
3984
4808
5013
4672
4555
4954
4759
2677
-253
-1222
847
3188
2833
309
-1726
-2640
-4093
-5749
-5177
-2358
-811
-2533
-5064
-5412
-4434
-4582
-5047
-3449
-459
960
-48
-1300
-1169
-551
-198
1313
4449
6615
5697
3069
1538
1875
2728
3308
4075
4784
4151
1979
-231
-974
-556
-384
-714
-786
-584
-1335
-3455
-5464
-5612
-4158
-2887
-2354
-2335
-3139
-4540
-5217
-4333
-2610
-1126
-383
-291
-421
-492
-296
342
1369
2212
2408
2318
2389
2240
1657
1439
1909
2303
2018
1488
1062
749
518
267
68
-160
-499
-948
-1166
-955
-762
-958
-1365
-1501
-1365
-1133
-777
-223
520
1079
1043
663
800
1718
2913
3882
4407
4396
3840
3505
3444
2639
658
-287
1608
4044
3504
285
-2050
-2470
-2959
-3952
-3409
-1070
-285
-2868
-5805
-5771
-4132
-3794
-4059
-2675
-442
-236
-1992
-3014
-2048
-762
234
1913
4120
4949
3317
1195
841
2388
4067
4916
5094
4395
2806
1032
155
529
1393
1561
832
-310
-1183
-2367
-4202
-4982
-3880
-1991
-1945
-3145
-4142
-4850
-4931
-4439
-2870
-1498
-961
-1192
-1713
-1392
-431
658
1365
1852
2115
1873
1679
2216
2865
2930
2655
2458
2423
2041
1574
1477
1878
2059
1132
-44
-548
-347
-328
-551
-403
-360
-1068
-1964
-1912
-1210
-644
-515
2
681
659
11
-142
1201
2626
3469
3631
3669
3570
3207
3150
2312
542
-213
2063
4867
3885
57
-2305
-2077
-2250
-3424
-2992
-515
91
-3036
-6335
-6205
-4117
-3719
-4215
-3151
-1093
-1218
-3575
-4655
-3323
-1588
-629
591
2302
2660
977
-768
-440
1706
3506
3998
3620
2741
1561
602
488
1341
2241
2223
1275
-121
-892
-1664
-2574
-2748
-1827
-661
-1403
-2629
-3469
-3747
-3414
-2728
-1450
-1084
-1240
-1553
-1476
-648
415
1255
1384
1441
1574
1575
1673
2583
3438
3457
3023
2811
2950
2632
2449
2742
3411
3442
2247
1058
750
1227
1289
850
750
776
92
-1008
-1229
-503
66
-153
-273
160
391
-180
-781
-42
1326
2065
1605
1265
1792
2111
959
-1499
-2400
-362
2742
2946
58
-2249
-2446
-2535
-3917
-3919
-1396
496
-1509
-5261
-6167
-4239
-3074
-3987
-3881
-1705
-443
-2305
-4526
-3729
-1448
-565
-681
650
2321
1602
-951
-1648
675
3129
3414
2330
1683
1360
766
341
1169
2522
2850
1358
-304
-1021
-1307
-1305
-1168
-127
-204
-1294
-2569
-3110
-2576
-2128
-1157
-1027
-1203
-1406
-1274
-847
-243
942
1783
1927
1402
1277
1574
2478
3166
3328
3425
3544
3543
2761
2547
3328
4027
3693
2694
2204
2031
1872
1603
1471
1319
1114
561
-194
-414
-216
187
-261
-528
-176
414
335
-530
-430
685
1666
1187
393
823
1525
14
-2936
-3278
196
3382
1803
-2011
-3551
-2565
-2508
-4076
-3475
-698
341
-2778
-6146
-5540
-2953
-2510
-3829
-3157
-625
-115
-2799
-4481
-2734
-1
629
170
999
1861
646
-1503
-1291
1465
3497
2793
828
-175
-52
123
282
921
1836
1411
-396
-2186
-2742
-1753
-948
-212
-689
-1581
-2506
-3310
-3020
-2455
-1146
-853
-1335
-1823
-1684
-1082
-650
25
897
1638
1529
1146
918
1708
2787
3269
3313
3205
3452
3196
2852
3102
3715
4069
3561
2883
2620
2720
2698
2232
1810
2004
2066
1318
407
435
1106
921
311
402
1100
1093
230
35
898
1443
986
604
1346
1597
-578
-2981
-2492
728
2102
-6
-2129
-2106
-1591
-2998
-4299
-2850
-451
-700
-3492
-5010
-3555
-2071
-2687
-3537
-2490
-654
-825
-2283
-2372
-937
186
1
37
964
1314
474
-496
-11
1393
1972
1215
-100
-900
-915
-560
-146
175
18
-684
-2072
-3262
-3388
-2374
-989
-806
-1815
-2980
-3387
-3091
-2816
-2201
-1176
-586
-1148
-2151
-2112
-867
274
658
767
1097
1507
1423
1484
2000
2879
3372
3213
3220
3596
3976
3754
3187
3141
3538
3676
3403
3101
3146
3172
2667
1950
1500
1511
1655
1515
1543
1987
2195
1399
185
82
1245
2231
2061
1597
1782
2071
988
-1589
-2846
-969
2469
3159
324
-2335
-2693
-2333
-3459
-3919
-1765
476
-977
-4908
-6597
-4581
-2629
-3132
-3627
-2283
-851
-2242
-4340
-3572
-849
580
-114
-222
838
933
-275
-555
1175
2829
2249
279
-757
-379
441
634
434
144
-684
-2085
-3432
-3537
-2512
-1389
-1312
-2440
-4000
-4963
-4598
-3476
-2427
-1925
-2173
-2948
-3693
-3371
-1814
-237
294
86
-142
122
709
1418
2467
3301
3693
3441
3369
3855
4353
4259
4176
4656
5064
4796
4113
4067
4162
3996
3515
3200
2947
2471
2139
2062
2369
2363
1822
1036
684
1060
1652
1936
1783
1726
1729
1520
-204
-2265
-2050
1190
4085
2576
-1079
-2827
-1952
-1774
-2735
-1917
675
968
-2667
-6088
-5457
-2519
-1904
-3065
-3141
-1810
-1935
-4113
-4692
-2729
-585
-524
-1094
-577
29
-520
-1111
-160
1502
2073
896
-240
-349
320
829
688
374
-148
-912
-1910
-2506
-2422
-1818
-1456
-1893
-3003
-4249
-4521
-3950
-3146
-2726
-2872
-3369
-4061
-4140
-3201
-1743
-939
-883
-1188
-1192
-793
-21
1255
2373
2955
2687
2521
2907
3729
4195
4491
4969
5365
5311
4794
4613
4608
4726
4641
4556
4189
3588
2981
2652
2735
2748
2443
1646
1118
1221
1753
1826
1282
835
874
680
-879
-2451
-1811
1099
2743
866
-2099
-2920
-1908
-1608
-1795
-645
1006
-11
-3389
-5205
-3389
-846
-881
-2140
-2335
-1775
-2571
-3855
-3194
-1021
5
-930
-1766
-1338
-664
-842
-765
135
1174
850
-542
-1264
-719
483
883
493
-168
-782
-1816
-2920
-3008
-1479
-97
-860
-2997
-4428
-3952
-3141
-2704
-2443
-2234
-2591
-3568
-4010
-3075
-1461
-639
-925
-1535
-1363
-845
-101
917
1894
2288
2073
2211
2732
3149
3599
4401
5048
5040
4609
4575
4802
4862
4798
4750
4777
4437
3738
3263
3362
3456
2941
2187
2092
2290
1999
1376
1206
1609
1425
-128
-2395
-3058
-993
1719
1616
-1292
-3518
-3304
-2495
-2710
-2295
-414
475
-2012
-5332
-5303
-2229
-300
-1326
-2515
-2192
-1954
-3209
-3741
-1819
512
473
-1204
-1722
-948
-487
-704
116
1703
1946
171
-1481
-1038
380
1112
898
648
20
-1430
-3065
-3105
-1299
345
95
-1883
-3338
-3617
-2998
-2090
-1217
-942
-1654
-2582
-2952
-2348
-1177
-1
150
-338
-718
-405
273
975
1848
2179
2094
1938
2233
2635
3034
3426
3690
3617
3446
3494
3543
3719
3729
3690
3428
3204
2930
2579
2478
2559
2410
1922
1735
1752
1469
845
898
1572
1490
-363
-2580
-2627
-306
1567
578
-1789
-2901
-2633
-2845
-3215
-2036
-114
-528
-3571
-5606
-4273
-1811
-1329
-2139
-2304
-2058
-2969
-3954
-2811
-293
717
-468
-1535
-1085
-267
-173
152
1264
2053
1147
-406
-680
250
1032
990
652
39
-1162
-2334
-2382
-1528
-842
-1014
-1713
-2575
-3398
-3437
-2521
-1290
-924
-1606
-2266
-2057
-1261
-562
-94
478
980
1058
1127
1589
2388
2879
2956
3010
3218
3573
3928
4115
4063
3826
3537
3427
3495
3715
3606
3087
2615
2518
2502
2176
1822
1639
1428
973
750
909
1103
877
581
617
379
-759
-2034
-1628
368
1674
632
-1194
-1799
-1471
-1622
-1842
-779
542
-96
-2584
-3899
-2751
-1132
-1177
-2107
-2391
-2285
-2794
-3377
-2615
-1166
-802
-1931
-2703
-2085
-1108
-896
-889
-284
149
-500
-1576
-1527
-494
293
-44
-980
-1728
-2104
-2220
-2228
-2030
-1952
-2316
-3139
-3790
-3839
-3343
-2838
-2642
-2717
-2890
-2773
-2388
-1756
-1083
-376
289
832
1292
1774
2387
3149
3938
4411
4625
4842
5374
5868
5978
5851
5823
5912
5742
5392
5197
5152
4845
4264
3753
3536
3178
2336
1500
1352
1720
1610
802
51
-117
-234
-966
-1887
-1967
-1125
-418
-637
-1422
-1932
-2089
-2276
-2283
-1579
-445
-122
-1139
-2451
-2669
-1789
-978
-824
-958
-1152
-1651
-2170
-1993
-1096
-530
-910
-1599
-1762
-1443
-1264
-1230
-1035
-831
-1198
-2011
-2389
-1973
-1536
-1772
-2310
-2700
-2963
-3359
-3575
-3407
-3192
-3374
-3894
-4235
-4202
-3935
-3662
-3435
-3331
-3256
-3096
-2639
-2006
-1476
-1058
-605
49
750
1417
2014
2555
3070
3722
4440
4988
5256
5495
5934
6274
6341
6313
6517
6745
6605
6178
5912
5927
5895
5536
4937
4375
3893
3543
3369
3319
3038
2353
1525
796
198
-161
-95
194
92
-716
-1650
-2083
-2059
-2073
-2182
-2085
-1901
-2130
-2854
-3394
-3202
-2571
-2190
-2271
-2605
-2874
-2956
-2751
-2231
-1649
-1393
-1615
-2029
-2180
-1834
-1184
-662
-665
-1132
-1701
-1982
-1913
-1682
-1523
-1641
-2137
-2873
-3468
-3644
-3456
-3293
-3450
-3931
-4444
-4722
-4661
-4330
-3929
-3647
-3630
-3767
-3745
-3294
-2498
-1663
-1095
-784
-445
111
818
1471
2051
2639
3268
3806
4219
4611
5030
5368
5565
5709
5901
6163
6354
6340
6128
5895
5778
5773
5696
5389
4924
4487
4179
3939
3691
3415
3081
2549
1773
1057
767
890
1008
731
94
-600
-1122
-1410
-1454
-1277
-1124
-1338
-1979
-2650
-2882
-2634
-2275
-2140
-2291
-2603
-2923
-3058
-2804
-2239
-1765
-1743
-2106
-2390
-2245
-1759
-1251
-956
-951
-1212
-1583
-1803
-1675
-1288
-1006
-1121
-1612
-2211
-2615
-2661
-2480
-2356
-2510
-2924
-3362
-3603
-3586
-3386
-3112
-2915
-2916
-3060
-3094
-2798
-2204
-1602
-1218
-976
-677
-277
160
613
1116
1649
2079
2334
2561
2911
3306
3592
3767
3957
4208
4410
4466
4448
4496
4579
4619
4633
4653
4622
4414
4056
3774
3707
3702
3535
3196
2779
2341
1851
1376
1119
1101
1048
654
-12
-621
-957
-1089
-1189
-1315
-1481
-1778
-2231
-2627
-2726
-2563
-2414
-2481
-2699
-2857
-2862
-2750
-2536
-2290
-2142
-2152
-2189
-2068
-1772
-1468
-1295
-1260
-1284
-1316
-1321
-1209
-993
-812
-810
-998
-1224
-1321
-1286
-1210
-1172
-1202
-1324
-1540
-1735
-1773
-1651
-1503
-1482
-1586
-1670
-1662
-1565
-1390
-1154
-888
-669
-540
-440
-257
45
412
759
1029
1207
1353
1534
1766
2021
2268
2492
2682
2807
2844
2850
2933
3113
3313
3425
3419
3348
3250
3157
3103
3117
3152
3115
2944
2663
2392
2191
2054
1950
1829
1648
1381
1058
763
547
381
208
-15
-287
-581
-888
-1154
-1343
-1478
-1632
-1843
-2075
-2266
-2401
-2497
-2561
-2608
-2639
-2673
-2698
-2696
-2678
-2647
-2615
-2585
-2523
-2413
-2286
-2165
-2079
-2010
-1919
-1797
-1630
-1447
-1282
-1163
-1101
-1052
-967
-855
-729
-597
-493
-442
-451
-457
-394
-274
-145
-45
13
47
77
119
209
351
497
599
641
664
707
785
898
1033
1154
1229
1258
1286
1358
1470
1595
1712
1811
1885
1926
1947
1979
2050
2135
2203
2236
2223
2169
2089
2019
1991
1990
1976
1916
1790
1622
1450
1304
1204
1115
997
825
593
328
87
-103
-247
-382
-552
-763
-996
-1225
-1403
-1510
-1562
-1617
-1721
-1850
-1968
-2045
-2090
-2105
-2086
-2065
-2080
-2105
-2109
-2076
-2009
-1926
-1821
-1711
-1624
-1550
-1469
-1361
-1228
-1095
-974
-857
-757
-652
-536
-417
-295
-182
-66
52
157
253
337
403
470
549
638
725
777
796
805
812
832
870
903
915
901
871
842
821
822
841
859
857
840
818
807
814
837
880
922
940
929
910
901
902
917
948
991
1014
994
953
910
876
852
838
835
798
708
583
449
330
230
142
53
-65
-231
-416
-581
-706
-798
-873
-954
-1068
-1208
-1331
-1412
-1450
-1461
-1467
-1485
-1522
-1568
-1577
-1529
-1444
-1352
-1268
-1205
-1160
-1101
-1007
-871
-725
-594
-493
-423
-356
-267
-147
-14
103
189
247
289
336
392
453
510
542
549
551
557
556
563
573
571
553
524
498
492
491
484
476
467
454
448
455
467
474
476
479
493
522
553
575
575
577
578
587
600
620
644
650
638
613
597
581
560
533
515
495
450
386
315
252
191
121
58
-3
-72
-159
-249
-321
-377
-431
-490
-550
-604
-655
-709
-748
-767
-782
-800
-823
-834
-831
-827
-814
-792
-755
-721
-696
-664
-614
-559
-500
-443
-383
-326
-278
-221
-159
-93
-35
15
59
98
139
183
223
252
272
281
289
305
314
313
306
287
272
258
246
229
201
174
141
121
109
100
84
59
44
38
38
45
56
69
84
99
111
134
162
183
207
232
259
282
291
296
306
314
311
304
292
277
243
199
165
128
77
18
-41
-106
-173
-248
-313
-369
-435
-498
-550
-598
-648
-699
-734
-751
-764
-778
-778
-762
-747
-730
-696
-630
-564
-520
-466
-383
-293
-213
-130
-23
82
159
232
324
430
516
583
661
739
799
841
886
935
970
982
1002
1013
1005
986
961
938
907
871
835
781
712
655
600
537
472
419
373
305
227
178
153
107
46
10
4
-21
-73
-91
-61
-60
-104
-122
-79
-56
-91
-115
-70
-40
-89
-131
-98
-74
-139
-215
-211
-200
-287
-394
-432
-449
-536
-661
-722
-767
-880
-1010
-1081
-1121
-1207
-1321
-1399
-1456
-1532
-1599
-1617
-1633
-1679
-1703
-1685
-1669
-1652
-1588
-1489
-1424
-1386
-1280
-1119
-984
-870
-706
-509
-368
-257
-76
165
353
474
635
838
994
1111
1268
1452
1579
1654
1757
1883
1963
2006
2065
2118
2131
2122
2130
2117
2058
1997
1962
1888
1761
1649
1578
1456
1275
1134
1059
926
716
560
495
391
199
59
41
-14
-176
-288
-261
-247
-358
-445
-375
-303
-371
-438
-349
-244
-285
-356
-283
-177
-218
-315
-284
-221
-299
-435
-451
-427
-547
-720
-778
-802
-937
-1114
-1183
-1222
-1363
-1529
-1582
-1600
-1706
-1817
-1812
-1780
-1829
-1876
-1809
-1710
-1693
-1666
-1528
-1362
-1279
-1200
-1029
-837
-709
-596
-403
-198
-65
48
213
403
539
653
786
931
1042
1130
1233
1335
1417
1479
1531
1577
1623
1658
1663
1650
1641
1637
1609
1546
1482
1440
1374
1265
1162
1104
1032
901
766
684
626
509
377
306
268
181
58
-3
-2
-43
-150
-205
-174
-171
-255
-301
-259
-238
-309
-361
-317
-275
-333
-405
-391
-362
-415
-482
-475
-455
-506
-580
-594
-575
-605
-659
-679
-673
-694
-726
-740
-752
-767
-772
-766
-771
-792
-790
-773
-780
-793
-759
-704
-692
-712
-687
-620
-575
-567
-514
-417
-354
-344
-298
-179
-67
-6
52
161
273
329
387
507
642
711
740
799
890
944
964
1008
1072
1086
1047
1024
1036
1038
1000
952
917
876
803
727
682
654
604
532
452
393
354
317
267
231
217
185
117
66
94
125
74
12
16
32
-10
-69
-68
-41
-88
-193
-229
-206
-239
-338
-397
-397
-432
-532
-607
-592
-591
-678
-758
-752
-724
-761
-826
-830
-796
-808
-853
-840
-779
-755
-783
-791
-737
-672
-649
-636
-586
-524
-499
-480
-424
-328
-250
-216
-186
-124
-47
14
88
168
241
285
309
354
432
514
564
592
612
632
648
676
727
778
786
759
728
728
745
756
762
761
733
664
613
618
651
642
592
540
499
462
429
430
452
439
363
277
250
266
272
239
209
190
127
44
19
47
57
-18
-113
-158
-186
-242
-301
-311
-331
-417
-543
-614
-613
-629
-698
-765
-796
-843
-917
-966
-950
-925
-962
-1022
-1041
-1019
-1003
-998
-970
-924
-898
-901
-885
-818
-744
-688
-646
-592
-522
-455
-385
-297
-206
-132
-69
2
87
177
264
345
415
478
545
619
696
758
804
850
889
922
963
1003
1023
1018
1006
994
992
989
979
957
909
842
784
751
728
687
634
581
516
460
421
413
419
383
317
265
240
238
234
226
216
182
127
102
116
132
111
65
10
-43
-94
-133
-143
-159
-225
-324
-405
-453
-479
-511
-556
-624
-701
-780
-831
-841
-829
-850
-909
-975
-1022
-1027
-1006
-984
-980
-995
-1018
-1040
-1030
-972
-900
-851
-839
-835
-809
-732
-632
-534
-454
-400
-363
-313
-220
-98
12
81
113
152
223
313
414
514
585
611
608
618
673
738
780
792
780
770
778
807
850
884
877
839
821
829
850
859
848
817
756
684
645
655
657
624
563
496
466
461
461
450
427
366
294
256
244
244
235
211
177
146
117
97
92
83
33
-55
-133
-183
-202
-218
-257
-316
-383
-441
-477
-473
-474
-514
-576
-625
-645
-638
-622
-617
-628
-659
-716
-755
-759
-757
-777
-839
-926
-1013
-1060
-1065
-1041
-1009
-1005
-1014
-995
-922
-818
-711
-641
-608
-587
-550
-478
-361
-225
-129
-54
10
109
241
407
564
666
706
692
678
700
756
807
817
790
750
721
730
760
789
788
753
700
662
655
672
695
685
629
552
505
503
521
529
505
456
410
386
383
387
381
349
292
232
181
162
176
184
168
136
80
38
30
35
21
-30
-98
-158
-187
-185
-183
-195
-220
-263
-294
-296
-301
-307
-314
-339
-376
-404
-413
-408
-385
-373
-409
-457
-504
-545
-584
-616
-684
-765
-825
-875
-861
-808
-747
-673
-588
-502
-441
-378
-328
-289
-248
-229
-203
-154
-92
-17
59
130
195
252
308
357
405
430
414
393
375
363
376
396
410
412
400
387
388
399
409
413
408
385
357
340
338
347
338
316
291
268
252
236
234
228
212
183
155
141
133
129
116
94
64
39
22
14
10
-14
-47
-84
-113
-141
-157
-171
-197
-224
-251
-281
-298
-302
-314
-326
-332
-340
-344
-337
-318
-295
-278
-267
-251
-226
-182
-129
-80
-42
-26
-24
-10
3
17
32
30
18
9
12
24
51
69
60
27
-19
-45
-51
-40
-32
-37
-59
-76
-62
-21
35
80
106
112
110
128
166
227
283
317
329
341
377
427
474
501
496
445
389
356
353
368
370
336
285
223
162
125
95
54
-6
-89
-172
-220
-229
-220
-212
-232
-276
-314
-335
-320
-275
-229
-209
-219
-241
-248
-222
-177
-131
-103
-109
-141
-161
-154
-128
-94
-84
-105
-147
-182
-199
-196
-178
-171
-182
-213
-246
-272
-281
-271
-255
-245
-238
-243
-256
-267
-262
-247
-219
-191
-178
-175
-184
-187
-164
-116
-59
-13
12
4
-15
-27
5
38
84
113
139
154
198
276
343
424
443
405
347
308
299
345
410
460
475
485
448
438
440
407
379
313
230
176
168
181
221
239
217
157
105
82
73
97
114
96
74
68
39
99
118
125
115
56
21
-2
20
39
90
76
38
3
-53
-70
-48
-76
-61
-103
-154
-159
-197
-168
-151
-165
-170
-210
-235
-286
-252
-254
-261
-213
-238
-261
-257
-271
-315
-258
-309
-291
-285
-336
-314
-358
-346
-362
-333
-353
-367
-295
-382
-294
-231
-282
-155
-121
-179
-104
-83
-119
-21
41
36
149
196
218
234
295
268
218
306
198
233
304
221
316
295
242
303
186
238
195
139
173
80
136
123
127
197
131
186
100
73
108
30
136
136
168
198
203
195
157
220
150
148
235
114
168
230
81
222
76
171
21
66
108
-75
99
-15
-74
-46
-67
-157
-79
-131
-63
-185
-69
-121
-255
-76
-248
-167
-220
-133
-193
-210
-76
-273
-152
-218
-278
-238
-317
-229
-304
-174
-253
-163
-199
-272
-123
-386
-145
-298
-177
-134
-137
14
-120
57
-51
-77
55
-109
35
23
67
130
75
248
-5
251
-22
86
139
-148
378
-146
247
220
-58
321
-119
177
-45
13
162
-29
195
115
181
52
179
135
-19
299
90
143
313
113
248
211
151
330
70
362
233
86
366
50
85
211
-67
172
43
32
151
-59
-19
-21
-206
-204
-113
-235
-290
9
-167
-385
232
-526
-223
8
-649
12
-337
-177
-83
-185
22
-273
79
-331
-94
-87
-352
167
-219
91
45
75
29
-76
143
-313
70
14
-190
306
-84
217
86
-21
162
-198
56
-111
-34
-62
72
43
-65
129
-56
-89
-69
-35
-258
20
-69
-24
49
37
171
-221
281
-187
-42
217
-178
362
2
256
241
22
392
47
266
212
134
329
116
209
352
54
398
239
143
227
91
162
-209
299
-147
-55
296
-210
90
-21
-179
-65
-432
125
-576
-81
82
-622
232
-266
-314
-114
-169
-452
-78
-110
-434
152
-284
-104
55
-305
207
-314
117
-163
3
-24
-150
402
-415
455
-11
-116
332
-213
180
-159
215
38
-104
397
-89
-16
340
-421
292
-80
-272
578
-721
598
-265
-117
193
-264
184
-335
408
-466
255
123
-410
679
-523
486
-152
22
244
-300
577
-454
574
-184
238
65
-29
192
-67
88
97
-40
-55
434
-506
494
-21
-242
571
-445
245
52
-189
290
-210
326
-222
276
185
-495
777
-584
13
450
-671
321
83
-263
3
154
-432
31
-30
-409
88
-313
155
-579
397
-437
-304
599
-1100
739
-447
-199
357
-431
208
-223
309
-301
125
326
-534
557
-118
-95
238
77
28
-105
607
-716
609
-107
-350
585
-479
234
12
-280
298
-481
246
-121
-365
617
-751
404
-10
-395
534
-517
523
-311
212
183
-394
644
-497
615
-437
511
-45
-256
707
-791
574
-202
-119
245
-308
312
-302
320
-286
2
331
-713
658
-262
-255
644
-410
166
112
73
-114
126
269
-380
322
183
-440
469
-81
-177
266
-168
127
-392
576
-644
178
358
-825
827
-562
90
213
-469
497
-401
139
216
-386
373
-146
-100
198
-238
280
-365
337
-157
-248
528
-787
569
-377
-69
142
-332
77
-149
-94
-167
78
-279
7
-68
-173
-10
-146
133
-302
206
88
-457
656
-429
202
193
-125
362
-312
633
-356
190
430
-388
537
-181
345
-181
236
194
-407
538
-237
129
-132
379
-369
38
394
-747
646
-551
372
-290
28
261
-575
678
-711
521
-291
47
157
-249
405
-610
892
-832
451
343
-840
1117
-808
530
-111
-16
314
-384
550
-453
388
-144
-6
37
99
-251
101
255
-780
777
-553
-126
297
-492
192
-325
181
-386
3
62
-518
368
-474
54
56
-418
308
-282
-65
145
-285
139
-13
-152
251
-193
99
104
-125
64
227
-248
152
352
-517
507
4
-245
275
101
-236
192
227
-408
387
-137
-3
-78
137
-29
-266
463
-406
150
-4
-2
-37
-130
428
-540
385
59
-312
381
-133
56
76
134
-65
216
-3
93
91
77
52
81
238
-334
617
-402
161
367
-611
708
-391
0
361
-440
233
-22
-136
-14
37
-110
-123
166
-288
-47
200
-557
344
-192
-325
417
-509
196
-107
-93
-3
-48
-101
67
-65
-145
368
-532
467
-273
-26
292
-451
514
-364
212
-11
-83
182
-261
292
-237
165
-75
-11
79
-196
175
-121
-74
62
84
-365
419
-330
67
102
-250
256
-205
133
-115
171
-260
332
-189
-17
242
-139
19
220
-162
31
359
-575
672
-317
-170
668
-695
460
4
-237
309
-123
104
-183
335
-262
108
89
-192
289
-325
376
-293
31
276
-422
369
-186
-66
186
-176
58
83
-296
308
-117
-220
255
-163
-146
265
-47
-415
690
-643
314
141
-519
626
-446
127
209
-314
85
269
-513
494
-220
-175
390
-324
21
253
-322
73
170
-343
311
-211
96
-280
528
-570
159
347
-800
851
-563
-21
437
-638
485
-365
319
-261
86
157
-395
665
-674
503
-186
81
-9
188
-280
347
-109
-108
346
-245
65
78
90
-224
313
-217
128
-52
147
-175
34
225
-220
-106
482
-564
334
-10
-130
43
15
113
-276
330
-281
228
-256
377
-354
10
296
-291
75
-47
58
-273
282
-60
-363
457
-421
364
-343
182
159
-638
881
-664
177
116
-95
-160
268
-43
-389
536
-361
45
85
-45
67
-351
619
-614
295
192
-730
913
-743
473
-290
-17
392
-652
590
-322
-14
105
-48
-136
204
-56
-332
666
-725
606
-309
-74
538
-778
869
-669
471
-239
204
-101
23
220
-411
533
-401
334
-293
314
-183
31
209
-370
487
-465
399
-211
-9
230
-239
60
123
-68
-166
296
-107
-270
522
-430
116
98
-102
-59
102
22
-225
107
94
-242
-11
424
-866
929
-642
197
106
-242
267
-234
235
-236
232
-167
80
15
-74
51
-8
-4
-91
189
-255
157
26
-254
344
-283
137
21
-230
317
-225
-65
252
-311
181
-47
-59
80
-149
207
-253
127
33
-118
-41
265
-327
152
165
-356
377
-189
-52
353
-547
531
-124
-489
1006
-1049
637
9
-442
607
-545
416
-123
-281
670
-661
177
614
-1094
1019
-379
-291
758
-848
718
-318
-223
845
-1129
980
-356
-298
732
-811
646
-365
18
300
-424
222
202
-533
447
-57
-368
406
-153
-291
548
-555
284
150
-617
854
-734
235
233
-429
183
150
-285
61
216
-252
-80
436
-592
290
169
-603
729
-563
200
117
-260
155
39
-262
300
-193
-51
342
-527
596
-451
225
73
-279
389
-344
194
114
-415
612
-482
166
160
-213
0
230
-252
35
201
-244
105
69
-60
-68
219
-233
128
51
-220
344
-315
108
296
-666
797
-588
180
133
-202
20
200
-301
206
26
-275
425
-416
251
-39
-104
97
18
-89
46
134
-236
187
40
-224
328
-254
166
-76
33
76
-217
339
-329
175
41
-168
148
-38
-90
189
-268
274
-255
124
-53
-39
97
-381
821
-1303
1399
-911
-89
1151
-1856
1915
-1398
441
609
-1403
1574
-1090
252
447
-762
741
-687
640
-511
43
567
-1006
900
-400
-197
438
-312
-27
308
-522
562
-432
68
363
-643
533
-182
-90
105
23
3
-248
550
-562
232
287
-659
805
-630
361
-4
-253
446
-476
409
-168
-244
743
-963
734
-75
-513
587
-43
-577
741
-214
-552
1059
-1071
879
-833
963
-780
6
1201
-2000
1826
-776
-309
713
-404
100
-276
858
-1180
788
133
-973
1262
-1049
739
-534
385
38
-748
1420
-1601
1090
-165
-631
923
-799
614
-581
610
-444
21
446
-540
239
235
-394
109
468
-834
786
-367
-1
119
16
-38
-233
670
-827
470
242
-737
610
-25
-458
335
252
-796
732
-105
-690
1087
-894
216
466
-866
754
-342
-136
260
-109
-137
90
186
-534
522
-201
-251
434
-390
182
-58
32
-110
110
-115
30
26
-115
122
-167
184
-223
209
-240
209
-183
37
161
-391
438
-401
303
-308
320
-235
-72
532
-931
1057
-884
442
78
-478
646
-573
392
-261
269
-311
281
-71
-174
401
-437
406
-377
371
-285
62
308
-536
550
-321
259
-431
763
-781
363
410
-947
1079
-817
545
-419
411
-280
-105
739
-1306
1511
-1112
234
710
-1270
1287
-920
472
3
-530
1080
-1383
1119
-266
-751
1481
-1555
1158
-543
-6
574
-1134
1588
-1636
1126
-123
-835
1380
-1334
904
-322
-174
562
-699
605
-252
-40
131
-39
40
-279
643
-684
256
433
-836
681
-157
-285
268
56
-262
37
558
-1071
1049
-459
-407
998
-1135
938
-751
575
-302
-265
901
-1389
1367
-987
385
145
-632
947
-1112
1025
-867
615
-324
-183
869
-1488
1612
-1151
326
383
-759
779
-737
637
-492
154
285
-731
989
-1020
792
-327
-296
876
-1206
1137
-657
30
439
-545
329
-6
-107
-37
354
-592
557
-229
-122
305
-274
180
-223
482
-734
772
-447
-95
636
-927
1008
-870
618
-354
70
217
-507
749
-850
744
-515
267
-29
-183
472
-763
903
-715
313
122
-390
577
-776
918
-796
314
373
-926
968
-595
96
177
-189
108
-195
458
-735
678
-200
-507
1019
-1032
558
33
-367
334
-158
197
-494
875
-977
651
75
-798
1138
-931
340
249
-436
113
394
-635
351
204
-527
314
300
-771
707
-121
-523
749
-393
-158
461
-291
-222
630
-653
229
263
-447
123
435
-813
650
-14
-623
849
-515
-27
338
-193
-168
431
-371
50
265
-335
171
121
-260
68
402
-904
1109
-728
-79
850
-1156
898
-373
48
-66
240
-310
54
394
-770
913
-840
518
-92
-369
646
-639
414
-260
327
-531
665
-425
-153
822
-1297
1470
-1276
758
55
-929
1529
-1568
1093
-368
-192
381
-344
287
-364
531
-615
442
-29
-525
885
-875
436
165
-594
637
-370
38
163
-210
199
-115
34
-11
185
-509
770
-639
46
641
-926
631
-144
-13
-355
856
-1032
631
19
-459
514
-312
101
1
-23
-5
186
-429
586
-478
131
199
-355
330
-284
266
-186
-97
436
-582
425
-123
19
-166
391
-403
165
115
-206
81
51
44
-388
791
-952
711
-133
-544
1059
-1169
880
-305
-290
618
-539
200
64
84
-542
801
-433
-452
1195
-1109
148
947
-1323
696
399
-1126
995
-252
-549
928
-738
210
335
-562
414
-34
-219
62
453
-977
1127
-808
312
34
-155
147
-267
554
-933
1279
-1429
1248
-742
56
440
-546
340
-140
194
-351
340
-74
-252
293
19
-356
415
-122
-201
241
3
-295
360
-149
-99
119
88
-357
428
-329
186
-134
177
-167
51
60
-62
-47
119
-7
-228
450
-539
496
-438
381
-283
89
224
-519
651
-567
314
-55
-72
41
101
-213
245
-201
142
-128
128
-41
-191
543
-818
806
-529
150
98
-141
117
-177
274
-276
99
141
-237
164
-63
114
-313
438
-290
-116
531
-670
474
-150
-51
-4
154
-129
-106
373
-414
158
136
-222
77
117
-89
-110
281
-279
60
191
-281
179
50
-233
176
74
-350
373
-1
-519
817
-619
19
533
-670
335
122
-258
-49
537
-763
504
64
-545
674
-477
196
-60
101
-218
254
-114
-183
501
-602
307
261
-738
772
-321
-266
553
-388
36
123
47
-322
402
-103
-342
525
-223
-439
975
-985
438
286
-736
751
-540
397
-364
274
50
-557
965
-1049
757
-227
-300
650
-758
672
-550
454
-362
172
124
-402
531
-428
208
-43
39
-193
396
-431
182
289
-708
804
-523
134
33
90
-286
257
14
-342
503
-430
287
-174
135
-176
185
-133
-50
307
-499
498
-265
-38
228
-250
118
23
-118
113
-66
5
20
4
19
-123
312
-427
325
-52
-212
271
-138
12
-89
352
-561
523
-238
-12
41
107
-139
-101
508
-750
661
-379
163
-145
188
-96
-180
436
-454
210
156
-439
490
-331
113
45
-147
307
-606
970
-1147
933
-402
-140
405
-407
386
-588
934
-1123
857
-235
-404
726
-696
551
-496
533
-470
156
337
-774
978
-870
580
-234
-19
158
-199
243
-375
563
-638
414
94
-648
901
-749
388
-122
44
7
-267
718
-1090
1076
-613
-51
562
-705
523
-232
13
86
-137
245
-362
385
-251
2
278
-480
578
-525
308
51
-405
558
-431
135
103
-145
71
-58
203
-403
446
-189
-274
640
-625
166
514
-964
929
-460
-60
278
-187
84
-241
632
-879
669
-24
-662
984
-804
357
32
-130
-2
156
-127
-112
415
-587
510
-254
-28
168
-136
16
66
-24
-115
218
-184
-28
280
-421
293
38
-379
497
-319
-32
299
-322
188
-107
186
-339
368
-233
15
105
-163
224
-360
443
-379
139
58
-91
-14
27
135
-392
457
-213
-215
469
-379
-8
312
-382
235
-120
142
-187
53
316
-704
863
-667
257
189
-546
784
-864
742
-398
-43
478
-747
864
-762
508
-30
-452
809
-802
508
-28
-353
591
-658
634
-442
67
450
-829
903
-603
153
213
-394
543
-709
850
-660
46
815
-1413
1359
-681
-192
767
-889
710
-552
457
-332
-48
662
-1237
1368
-887
-15
896
-1342
1233
-780
224
214
-603
910
-1162
1087
-612
-226
1038
-1437
1203
-554
-212
708
-935
883
-719
392
43
-579
973
-1070
709
-76
-640
1042
-1038
583
72
-641
927
-862
541
-84
-350
700
-877
828
-511
-2
580
-985
1106
-820
313
292
-729
933
-772
427
25
-344
549
-559
481
-257
-45
440
-682
674
-281
-296
798
-957
745
-328
-103
472
-762
998
-976
683
-68
-569
1025
-1142
968
-653
194
306
-846
1098
-971
414
235
-655
709
-456
179
62
-197
318
-403
318
-101
-257
498
-600
408
-81
-311
627
-733
582
-183
-293
654
-794
614
-244
-275
659
-856
669
-274
-239
604
-767
695
-494
147
293
-720
970
-875
457
115
-561
760
-694
451
-115
-243
562
-678
523
-64
-435
750
-642
227
323
-650
675
-394
56
211
-308
301
-245
180
-77
-32
172
-252
220
-108
-73
211
-249
105
157
-423
544
-356
-70
597
-905
865
-380
-305
880
-1083
788
-224
-374
666
-620
388
-127
10
41
-63
112
-115
109
-115
151
-219
164
-1
-228
326
-272
159
-109
167
-186
-2
329
-581
526
-176
-261
479
-469
224
-7
-180
249
-254
156
-13
-106
80
29
-127
83
71
-218
212
-58
-82
132
-69
-12
67
-52
68
-36
-45
227
-321
246
32
-315
417
-221
-90
312
-294
100
133
-243
239
-138
27
80
-99
44
47
-65
-69
266
-388
258
43
-320
407
-241
5
144
-123
17
65
-113
75
-20
-122
233
-343
249
-30
-239
349
-264
3
198
-217
37
202
-331
224
89
-411
523
-296
-127
501
-505
153
305
-460
189
294
-573
371
154
-598
583
-143
-399
593
-355
-127
490
-465
142
301
-526
451
-112
-231
421
-302
50
209
-203
14
266
-315
120
252
-515
463
-109
-297
484
-347
-33
354
-443
201
124
-375
351
-135
-146
254
-176
-66
198
-148
-101
360
-414
187
196
-470
428
-103
-282
449
-275
-68
371
-425
204
107
-319
313
-77
-167
278
-129
-192
409
-336
-41
445
-494
127
398
-630
299
358
-838
720
-91
-544
712
-364
-165
303
26
-491
612
-184
-504
915
-730
129
410
-524
230
132
-148
-106
392
-391
50
395
-546
357
48
-359
421
-220
-66
216
-225
142
-12
-40
5
33
-54
-35
187
-333
301
-77
-282
503
-471
85
318
-487
274
119
-368
211
151
-437
289
135
-519
496
-76
-419
548
-284
-150
371
-182
-187
402
-206
-231
599
-524
90
436
-557
331
137
-319
154
219
-334
125
278
-435
245
194
-416
268
130
-420
387
-72
-228
301
-111
-140
233
-80
-198
363
-249
-60
354
-382
76
242
-349
104
264
-401
143
268
-521
311
131
-472
387
-32
-294
234
94
-364
241
136
-490
417
-31
-330
327
-31
-293
285
5
-293
304
-75
-177
201
3
-232
249
-47
-232
349
-208
-80
265
-218
-32
258
-234
-25
272
-278
11
282
-296
7
340
-419
119
318
-464
248
182
-415
265
141
-373
293
14
-225
164
96
-204
92
134
-234
96
111
-132
-27
204
-186
-17
194
-154
-32
165
-89
-85
165
-21
-149
183
-12
-186
225
-15
-157
187
-18
-183
186
-22
-119
129
21
-189
159
44
-248
283
-104
-138
202
-59
-127
143
28
-248
201
25
-227
185
42
-202
66
165
-240
8
273
-302
-15
325
-324
-27
307
-254
-107
353
-221
-157
357
-227
-117
286
-129
-141
226
-66
-125
179
-87
13
-12
7
74
-172
154
21
-151
79
133
-221
66
185
-257
48
204
-181
-57
270
-183
-133
326
-186
-115
282
-151
-103
205
-60
-127
162
-30
-78
30
104
-110
-20
170
-166
-16
181
-108
-66
197
-104
-115
193
-17
-191
262
-68
-169
217
-59
-73
59
86
-156
72
66
-69
-6
20
69
-205
170
-2
-131
107
17
-73
-42
162
-183
75
5
9
-27
-43
139
-184
54
54
-34
-120
172
-48
-190
241
-111
-103
104
38
-172
89
51
-169
82
-2
-10
-73
71
-4
-85
37
23
-36
-73
136
-78
-92
129
-51
-97
116
6
-143
144
-85
-11
77
-102
85
0
-100
118
72
-240
278
-54
-218
296
-75
-126
175
48
-232
268
-56
-136
254
-181
61
57
-56
12
100
-59
-25
181
-201
125
51
-86
88
-33
71
-92
62
35
-80
69
26
-1
-61
145
-121
-32
166
-194
129
-19
-36
24
-25
-3
-48
79
-119
100
-65
-29
70
-126
81
-45
-13
7
10
-61
11
46
-140
124
-50
-49
75
-55
-10
-2
48
-85
90
-6
-43
82
-58
50
-21
60
-41
50
17
-44
80
-65
62
-22
19
-1
21
-9
-14
59
-99
76
2
-68
67
-8
-67
56
22
-111
118
-14
-100
140
-75
-58
99
-53
-50
97
-47
-72
110
-91
-16
51
-57
24
-20
18
-56
-6
-3
-20
-37
27
23
-128
122
-80
-94
136
-78
-71
121
-65
-119
164
-102
-95
177
-118
-61
161
-124
-22
105
-81
-30
96
-28
-67
154
-94
-4
69
-53
12
19
64
-105
117
-27
-55
91
-60
31
-12
46
-50
30
30
-45
53
-31
29
-15
24
32
-42
47
-19
-6
11
-6
9
-2
31
-20
17
-17
9
15
-35
69
-25
-11
39
-17
-33
53
0
-71
110
-45
-34
93
-52
-25
62
-18
-60
109
-33
-42
91
-46
-38
62
-5
-50
68
-20
-54
57
-15
-45
54
-26
-11
28
-27
10
-13
8
-4
-14
13
0
-24
18
0
-47
54
-31
-23
43
-42
1
19
-13
-26
34
-41
-4
23
-32
28
-10
12
-10
27
-9
12
31
-30
47
-7
19
14
-6
23
-14
14
15
-11
10
25
-25
11
10
-39
17
-8
-13
-1
-6
-8
-14
-3
-11
-8
-21
22
-36
-10
24
-51
15
-11
-18
-14
3
-1
-36
38
-26
-25
11
-12
-19
4
20
-37
-8
21
-32
-8
47
-36
-12
64
-51
9
68
-57
37
39
-46
60
13
-33
79
-33
-4
87
-75
49
45
-61
65
24
-51
52
13
-47
46
-4
-31
33
-20
-8
18
-38
22
-14
-26
38
-35
-37
48
-39
-51
70
-64
-40
83
-74
-18
54
-63
-25
46
-36
-33
41
-35
-34
25
-9
-46
31
-7
-47
49
-15
-14
31
-16
6
22
-6
18
20
-21
53
-7
-12
75
-41
32
40
-37
38
31
-21
36
18
-20
39
0
0
18
-2
-2
8
2
-4
5
0
-18
7
-3
-28
17
-9
-28
29
-28
-17
29
-36
-9
13
-28
-4
5
-30
-3
-11
-20
-15
-12
-6
-16
-1
-2
-8
-2
1
-12
0
8
-9
11
7
8
9
11
19
3
27
1
4
15
5
9
8
7
3
0
10
1
-11
17
-23
-2
15
-27
8
10
-28
21
2
-25
28
-18
-13
25
-35
-1
6
-34
7
-9
-25
7
-7
-16
10
-10
-5
2
-4
-5
1
7
-6
6
3
0
6
5
2
8
4
5
11
2
11
1
-4
10
-8
2
6
-13
0
3
-13
8
-3
-13
6
-9
-8
-3
-11
-5
7
-1
9
11
8
21
13
16
20
8
20
8
6
19
1
7
10
-7
8
9
-3
14
3
-4
8
-5
-2
2
-12
-1
-3
-17
-5
-18
-13
-6
-21
-5
-5
-11
8
-8
-3
5
-16
-3
-6
-14
3
-10
-7
11
-6
8
13
-4
20
6
0
21
-8
6
14
-16
7
-1
-20
9
-15
-13
6
-25
-3
6
-16
17
4
-6
27
-3
2
16
-17
2
2
-20
5
-13
-17
7
-18
-4
7
-12
13
6
-10
13
-5
-6
12
-11
3
8
-13
5
2
-5
13
0
3
12
0
9
9
-7
5
1
-4
4
-6
-4
3
-7
-1
3
-3
6
2
-5
-3
-6
-3
0
1
2
4
7
6
10
13
12
12
5
7
11
11
7
1
-3
2
2
0
1
-5
-2
8
7
4
-2
-10
-3
1
0
-2
-16
-21
-16
-9
-7
-10
-9
-6
-3
5
6
1
2
-1
1
7
5
2
-4
-3
3
2
2
2
-2
3
1
0
7
0
-2
2
-5
-3
-1
-11
-4
-6
-9
-1
-6
-2
6
2
7
8
5
9
8
5
8
-3
-1
0
-6
1
-4
-8
-3
-4
-3
1
-4
-2
1
-6
0
3
-1
-4
-5
-5
1
0
0
1
1
4
5
7
9
7
6
4
5
3
5
5
0
-2
-3
-2
-1
-4
-4
-3
-1
-1
1
-2
0
0
-3
3
2
3
7
5
5
6
2
4
4
2
1
-2
-2
3
-2
-4
-1
-1
-1
-1
-3
0
-1
0
1
0
0
-3
-4
0
-1
-2
-3
-4
-1
1
2
1
-1
-4
-2
1
4
3
-2
-3
-1
4
3
0
-1
-2
1
2
1
-2
-1
-1
-1
0
0
0
-3
-4
-2
-1
-3
-4
-4
-2
-2
1
0
-3
0
4
4
1
-1
-3
0
3
1
0
-2
-3
-1
1
1
1
-4
-4
-2
2
3
-1
-3
-1
1
4
4
-2
-1
0
1
4
2
0
-2
-5
1
5
1
-1
-4
-4
2
3
2
1
-2
2
4
7
7
3
1
1
3
3
3
1
0
-2
-1
-2
-3
-5
-5
-4
-2
-1
-1
-6
-6
-5
-5
1
2
1
1
1
1
3
3
4
3
2
3
3
4
4
2
2
2
5
4
-2
-1
-3
-3
-1
-3
-3
-4
-3
-4
-5
-5
-5
-2
-1
0
0
0
3
-1
-1
0
3
5
3
1
2
4
6
7
4
1
2
-2
0
-1
2
0
-3
-2
-3
-2
-3
-4
-5
-4
-2
-2
1
-1
-3
-1
-1
0
3
4
1
0
1
0
-1
0
1
1
-2
-2
1
2
1
-1
-2
-4
0
2
3
-2
-2
-2
-2
1
2
2
1
-2
-1
3
3
0
-3
-3
-1
0
2
-2
-3
-2
-3
0
1
-2
0
0
3
5
4
2
3
2
1
2
0
0
1
0
1
-1
-2
-2
0
0
-1
1
1
1
0
1
-1
0
0
