0
-1
0
0
-1
0
1
-1
-1
-1
0
0
-1
0
0
1
1
0
-1
1
0
-2
-1
0
-1
-3
1
1
1
0
-1
1
0
-1
0
1
1
-1
-1
0
-1
0
1
0
2
0
-1
-1
1
-1
-1
0
-1
-1
0
1
0
-1
0
1
1
0
0
-1
0
-1
-2
-2
-1
0
0
1
2
1
0
0
1
1
0
1
1
-1
-1
0
1
-1
-1
-1
1
2
2
2
0
2
0
-2
-1
0
-1
-1
-1
-1
-1
0
1
0
2
0
-1
1
0
0
-1
-2
-2
-2
-2
-2
0
1
2
0
0
1
0
0
0
-1
-1
-1
-1
0
0
0
1
1
2
2
0
1
0
0
-2
-5
-4
-2
0
0
0
2
1
2
2
2
1
1
0
-1
-2
-2
0
-2
-1
1
2
4
2
1
1
-1
-2
-3
-2
-1
0
-2
0
1
3
3
3
3
2
1
-1
-1
-3
-3
-4
-3
-2
2
4
4
3
3
3
3
1
-1
-4
-3
-3
-3
-2
0
1
2
3
4
3
2
0
1
1
-1
-1
-2
-3
-4
-1
0
2
2
3
4
1
1
0
-1
-2
-2
-2
-1
-1
-1
0
0
1
2
2
1
0
-1
-2
-1
-1
-3
-2
-1
-1
1
1
2
3
2
0
-1
-3
-1
1
-2
-2
-1
0
1
1
1
2
1
-1
0
-2
-2
-1
0
-2
0
-2
-2
0
1
0
2
1
1
1
0
0
1
0
-1
2
2
1
1
-1
-3
-2
1
-2
-1
0
1
1
1
-1
1
1
-3
-1
-1
-4
-2
1
0
-1
1
-1
2
3
1
0
2
-1
-1
1
0
-1
0
2
-1
1
3
-1
0
3
0
0
-1
-2
-2
0
-4
-2
1
-1
1
3
1
1
2
-1
1
1
-1
1
2
0
1
1
-2
1
2
-3
1
1
-4
1
2
-5
0
3
-4
0
4
-5
2
4
-7
1
6
-5
-1
5
-4
2
3
-7
-1
5
-5
2
5
-5
2
2
-5
3
3
-3
3
1
-6
2
0
-7
4
3
-5
7
1
-8
5
1
-7
5
2
-7
5
2
-9
4
1
-8
5
4
-7
6
4
-7
5
3
-9
2
4
-4
1
2
-6
1
4
-5
2
3
-5
2
3
-4
2
4
-4
2
0
-7
3
3
-6
2
1
-9
4
2
-10
6
5
-11
7
7
-13
6
7
-14
8
10
-18
7
12
-20
7
13
-22
8
18
-22
5
21
-25
6
22
-24
2
24
-25
-3
30
-26
-5
31
-26
-6
29
-21
-12
32
-17
-18
35
-19
-19
37
-15
-18
34
-14
-21
34
-16
-24
37
-14
-26
37
-12
-28
42
-11
-32
40
-10
-34
40
-3
-38
42
-4
-37
41
-4
-34
38
0
-43
40
-2
-39
40
-6
-33
35
6
-39
31
10
-38
27
7
-30
18
14
-31
11
20
-26
7
16
-19
-3
21
-11
-12
17
1
-18
7
15
-26
6
24
-27
-5
36
-24
-15
38
-25
-10
29
-18
-13
26
-10
-10
25
-22
3
26
-27
-1
32
-30
-7
45
-38
-11
51
-28
-29
50
-18
-28
45
-19
-9
16
-1
-5
-3
0
10
3
-33
47
-13
-41
57
-13
-45
42
30
-84
47
40
-90
46
36
-66
11
64
-68
1
57
-57
17
13
-16
5
2
5
-1
-11
4
31
-45
5
47
-58
16
46
-59
4
52
-36
-29
54
-11
-45
51
-7
-33
21
21
-12
-45
60
6
-77
55
29
-78
22
86
-106
-15
135
-92
-52
119
-37
-93
110
14
-128
86
68
-129
26
109
-127
20
94
-104
15
59
-37
-28
49
-31
2
25
-45
43
-26
7
17
-19
2
7
11
-23
21
-20
28
-17
-13
39
-39
7
21
1
-56
67
6
-79
68
6
-55
18
68
-92
3
103
-99
-15
99
-59
-61
120
-46
-88
126
-25
-95
108
-5
-97
103
-13
-72
71
0
-54
47
8
-53
56
-14
-36
39
-11
-7
1
10
-19
5
29
-44
18
17
-12
-14
11
13
-32
34
-15
-5
8
15
-24
-12
71
-80
17
55
-49
-22
69
-50
-45
146
-133
-13
151
-107
-60
155
-79
-90
206
-151
-39
165
-84
-105
161
-9
-200
252
-81
-149
203
-51
-116
114
52
-212
187
34
-234
195
6
-133
76
79
-168
89
122
-254
136
100
-165
16
153
-121
-90
247
-178
-52
186
-87
-86
107
36
-180
173
-13
-152
160
-22
-92
85
-5
-102
160
-84
-109
201
-55
-171
201
19
-262
267
-11
-240
233
7
-203
164
38
-191
150
46
-183
116
73
-205
182
-32
-178
301
-172
-114
227
-49
-155
110
105
-234
199
-25
-175
251
-142
-22
86
-50
13
12
-49
20
116
-229
121
158
-305
146
140
-231
33
212
-250
49
214
-310
147
118
-224
76
84
-76
15
-27
13
106
-141
8
103
-48
-46
93
-101
-9
220
-277
75
111
-104
62
-75
57
20
-98
137
-65
-139
245
-69
-159
115
85
-164
37
217
-375
207
194
-369
156
66
-25
-125
176
-53
-185
303
-125
-138
110
119
-171
-8
178
-192
81
68
-107
2
55
69
-200
128
88
-218
147
19
-73
25
4
14
-28
58
-136
101
121
-282
191
29
-180
169
22
-228
143
217
-403
165
195
-314
134
87
-88
-132
260
-81
-143
125
6
-6
-82
147
-153
35
177
-209
-28
201
-56
-176
173
26
-172
139
77
-247
121
164
-282
96
171
-243
34
257
-265
-73
266
-55
-164
44
161
-171
91
-19
-124
204
-62
-63
-19
84
58
-136
4
50
134
-223
19
237
-272
124
29
-104
65
73
-115
-38
200
-167
50
-24
32
48
-122
97
-20
-8
-35
112
-115
-35
235
-266
75
173
-240
59
202
-291
129
101
-177
52
119
-135
-52
264
-270
156
-63
-24
108
-123
105
-141
143
-30
-36
-4
-43
211
-264
72
194
-330
211
62
-218
97
72
-11
-185
239
-66
-195
280
-41
-247
168
153
-226
-22
252
-296
193
55
-199
8
257
-157
-283
588
-445
-40
445
-326
-234
472
-43
-507
544
-144
-207
226
-1
-153
-28
373
-461
168
253
-489
357
53
-237
-99
421
-143
-443
587
-178
-247
298
16
-326
221
280
-553
157
487
-632
67
690
-902
269
640
-870
221
451
-381
-194
478
-142
-476
716
-285
-414
664
-305
-183
329
-92
-221
242
112
-439
391
-113
-35
9
88
-169
25
423
-729
459
119
-363
198
97
-310
205
286
-638
344
197
-363
177
8
-177
184
179
-504
223
343
-425
83
215
-370
295
158
-578
343
257
-439
209
29
-244
361
-48
-420
314
239
-364
-49
446
-512
270
276
-739
523
82
-379
196
143
-427
429
100
-741
683
25
-522
363
126
-535
539
59
-737
687
53
-630
596
-172
-367
646
-348
-283
519
-36
-483
436
15
-392
448
-158
-325
578
-247
-271
507
-345
10
348
-599
309
348
-527
-3
441
-98
-478
601
-374
-33
407
-495
229
-111
273
-97
-358
325
112
-115
-350
356
174
-394
189
64
-28
-272
517
-299
-428
809
-258
-345
148
417
-465
-37
365
-440
357
-218
71
240
-564
578
-119
-505
521
-26
-327
51
512
-541
-23
603
-709
420
-118
-148
404
-562
424
-24
-243
163
188
-322
-111
667
-632
105
233
-259
177
-144
66
133
-209
80
247
-419
28
538
-626
-31
643
-450
-14
96
197
-206
-259
622
-566
79
422
-327
-11
58
440
-826
248
632
-820
158
455
-330
56
32
20
-10
-257
462
-327
-174
573
-297
-102
74
241
-320
-164
553
-432
71
221
-216
96
-67
147
-289
195
2
-55
-41
166
117
-557
537
-53
-377
270
-71
188
-401
416
-140
-192
404
-439
436
-371
207
70
-444
549
-340
128
-159
276
-39
-425
709
-372
-268
434
-350
204
-233
315
-97
-302
791
-759
98
354
-283
-78
-43
524
-512
-25
473
-268
-238
204
421
-1189
1130
-40
-853
765
15
-254
-615
1183
-481
-953
1477
-409
-727
805
76
-763
461
84
-248
-19
161
280
-594
414
66
-433
249
-183
346
-344
-72
624
-649
218
-6
25
-269
240
86
-452
517
-55
-316
39
273
39
-792
907
-150
-445
477
-169
9
-86
147
3
-68
108
-8
5
-49
-129
340
-249
-202
599
-298
-221
304
249
-831
482
300
-581
42
499
-87
-769
1041
-306
-649
698
31
-471
-51
833
-678
-211
730
-203
-388
174
479
-771
376
161
-303
199
-100
27
34
-103
-64
371
-493
326
59
-252
308
-521
695
-509
-121
876
-874
504
-72
48
-165
-32
366
-519
438
-189
215
-265
10
396
-794
612
-232
3
394
-932
1330
-739
-630
1280
-705
-325
620
5
-300
73
287
-7
-897
1391
-700
-834
1877
-1497
207
755
-759
183
-1
326
-707
359
381
-719
289
233
-219
-235
549
-604
203
308
-678
513
139
-568
384
227
-636
220
281
-285
-333
733
-31
-792
1011
-432
-372
640
-589
305
23
-203
438
-498
389
-293
190
-28
-608
1248
-1205
302
391
-493
213
-303
559
-556
188
284
-630
520
-212
-367
675
-622
-10
1043
-1312
573
769
-1263
403
631
-714
-297
1440
-1235
117
914
-661
-547
1058
-70
-1444
2127
-1235
-154
887
-919
548
-328
151
212
-317
193
120
-438
413
-387
287
-119
-2
339
-660
915
-826
271
283
-444
150
347
-332
-200
768
-662
-187
621
-164
-600
629
62
-483
103
465
-540
41
288
-77
-236
28
817
-1151
449
907
-1418
858
96
-385
81
221
294
-1270
1668
-627
-1297
2257
-1392
-344
1447
-1254
629
-234
169
-65
-284
619
-757
777
-562
64
728
-1011
323
702
-990
256
583
-604
99
100
66
-312
135
56
-98
1
-234
479
-475
-105
491
-239
-419
686
-164
-581
854
-559
-28
372
-194
-348
635
-13
-1029
1352
-523
-825
1174
-301
-700
826
139
-547
-130
1105
-922
-384
1284
-914
93
71
443
-454
-504
1447
-1267
85
577
-240
-335
-11
797
-1033
388
209
-409
384
-656
593
-204
-359
296
-93
228
-544
386
483
-994
457
592
-906
-19
1092
-900
-269
1172
-919
80
374
-219
-157
499
-244
-314
929
-788
-237
1209
-1051
-141
1393
-1084
-343
1353
-919
-518
1053
-279
-580
585
232
-525
20
394
-222
-300
344
45
35
-567
885
-354
-886
1401
-956
-108
627
-217
-123
40
404
-833
729
-533
-25
710
-915
631
167
-690
296
348
-807
439
490
-745
468
231
-497
29
307
-320
-20
531
-528
370
35
-427
302
-22
-360
420
0
-328
442
-101
-173
-161
695
-727
-77
929
-826
23
560
-339
-272
203
518
-1200
839
336
-997
668
202
-566
139
254
-177
-161
300
196
-731
836
-540
-22
283
-421
694
-886
776
-41
-886
967
-391
-224
11
848
-1022
166
1073
-1465
568
256
-168
-571
659
388
-1398
1282
-227
-601
444
14
103
-831
1165
-344
-863
1296
-511
-524
491
285
-895
423
658
-1035
603
240
-512
255
-147
263
-290
-69
588
-515
-48
287
138
-801
512
599
-1328
898
274
-878
570
-62
67
-242
112
379
-513
70
199
89
-548
305
549
-913
532
42
44
-357
144
619
-1020
654
36
-172
-77
108
278
-667
359
116
-242
-185
635
-462
-9
453
-634
662
-618
335
301
-656
584
-160
-38
-124
189
-103
-216
449
-392
84
18
40
-56
-242
624
-615
491
-239
-246
819
-1300
1124
-273
-403
726
-390
248
-662
996
-814
-10
971
-1052
734
-465
500
-729
135
873
-1635
1582
-383
-978
1407
-884
-318
654
-94
-459
375
554
-1067
529
372
-796
303
343
-62
-566
797
-106
-683
534
-9
-147
-272
580
-131
-373
334
-52
-103
-225
39
363
-401
-122
736
-471
-129
176
243
-448
-115
785
-464
-300
407
385
-1492
943
515
-1570
1180
263
-675
-271
1159
-900
-723
1628
-720
-651
984
158
-1325
779
322
-776
350
276
116
-581
306
203
-674
351
197
-359
286
-107
-83
-117
145
-103
-31
412
-350
313
-197
241
-332
203
355
-682
818
-414
-44
164
-99
-27
-4
137
38
-80
-151
657
-863
503
172
-576
650
-416
106
51
44
-266
141
406
-842
368
592
-1052
478
340
-446
-1
97
475
-1005
847
-120
-483
820
-813
507
-129
-130
-31
228
-204
-272
819
-650
-58
541
-238
-483
748
-367
-223
652
-497
210
43
104
-515
602
-33
-756
1135
-504
-141
182
73
-118
-693
1353
-809
-611
1833
-1276
-471
1278
-552
-1013
1280
223
-1645
1661
-159
-1221
994
64
-794
365
793
-1272
995
-41
-955
1456
-1213
4
1272
-1312
29
1525
-1581
-52
1563
-1610
196
800
-619
-252
465
53
-693
758
-336
-391
861
-791
42
835
-943
84
745
-696
-358
1009
-400
-901
1445
-535
-649
837
-165
-418
74
620
-857
499
152
-637
727
-661
320
199
-523
387
161
-291
-152
399
-191
-319
105
271
-220
-254
554
-57
-441
413
348
-754
279
844
-1043
289
841
-848
137
472
-378
-187
525
-344
-189
544
-279
-46
157
143
-401
301
-7
-379
472
-166
41
-256
617
-414
-368
763
-803
320
-12
-135
146
-50
31
-307
245
-255
97
49
-109
263
84
-431
391
36
-703
880
-545
133
257
-163
68
-434
766
-861
359
159
-134
-68
62
442
-1247
1534
-1109
22
1019
-1226
826
-470
395
-751
434
267
-805
864
-290
218
-352
444
-23
-514
605
-37
-304
334
225
-427
249
17
-229
-10
312
-433
224
331
-582
460
-28
-211
-143
377
-274
-436
855
-383
-383
756
-290
-515
678
-334
-386
596
-104
-471
517
113
-757
506
-78
-442
503
-88
-103
274
-13
-126
-91
135
-16
-107
196
22
191
-215
-173
467
-516
-116
765
-790
11
1153
-1357
164
1242
-1484
328
822
-817
85
647
-711
-232
1137
-1432
597
833
-1608
1458
-232
-1114
1341
-34
-1440
1316
527
-1975
1702
322
-2055
1690
339
-2194
1848
198
-1724
1644
-428
-459
442
20
-139
-495
1031
-883
-234
1114
-1088
400
532
-875
234
442
-662
-89
879
-820
79
898
-1173
296
693
-1292
578
679
-1103
954
307
-1087
645
354
-1262
769
901
-1571
1121
597
-1572
621
805
-1395
118
1194
-1115
100
778
-348
-779
984
-196
-938
1348
-738
-53
608
-611
-11
845
-1061
209
1198
-1921
1329
310
-1157
850
168
-773
84
702
-897
712
-95
-291
291
-243
-151
-58
307
-678
1038
-314
-508
623
-461
-76
-257
684
-338
148
509
-577
227
-404
156
-80
-189
665
91
-251
-279
658
-672
-498
803
-530
150
393
-250
2
179
-472
350
-430
63
1040
-1294
768
141
-373
-70
104
401
-951
960
-252
-76
168
175
-217
-610
876
-505
-181
451
248
-969
617
441
-1252
589
459
-764
305
898
-1395
824
63
-687
589
-203
549
-872
813
-181
-557
729
-717
344
-135
132
295
-585
462
244
-906
385
311
-812
392
420
-704
347
721
-904
105
599
-816
273
466
-869
755
265
-864
590
70
-493
150
430
-594
702
187
-904
667
-286
-240
-20
214
-163
-4
560
-734
164
375
-706
174
669
-473
92
782
-890
9
1146
-1522
301
1170
-1458
509
884
-926
-488
1370
-1017
-608
1697
-942
-139
699
-172
-749
509
208
-785
569
136
-89
-130
380
-343
-115
311
-510
474
-71
-368
544
-201
-360
375
53
-302
410
-50
-277
333
-391
14
-14
-213
273
-113
-97
-281
564
-594
-423
859
-512
185
84
208
-184
-3
190
-417
525
-313
139
39
-127
53
0
197
-566
769
-222
-291
418
-66
-251
1
503
-655
468
259
-635
459
-192
-126
-65
441
-194
-385
1029
-858
-180
684
-872
401
218
-239
265
62
149
-568
220
14
-410
535
-287
25
229
-200
-228
-320
537
-509
-347
1118
-739
-78
958
-900
-96
889
-567
-287
1035
-476
-184
614
-481
98
110
136
-226
277
207
-554
411
-31
-416
268
252
-370
107
389
-568
170
199
-402
211
170
5
-180
264
-84
-94
187
-323
580
-88
-394
731
-366
-256
534
-258
-153
283
196
-461
54
353
-491
20
229
-160
-159
270
-256
-180
337
-301
3
204
-324
3
338
-668
239
377
-481
171
-69
39
-145
-113
81
148
-96
-129
419
-669
138
435
-647
242
577
-336
-340
599
-465
-348
712
-477
-162
926
-652
-275
633
-409
-243
350
114
-452
396
-108
-536
334
-97
-169
47
203
-262
18
43
-413
479
-232
-63
324
-306
53
37
-234
-7
231
-15
-77
74
115
-195
-60
147
-46
108
60
9
23
-178
249
-101
-121
403
101
-198
149
254
-317
116
301
-183
256
270
-127
-4
469
-206
-225
735
-207
-47
450
37
35
60
496
-138
121
496
-179
-14
317
40
-13
300
108
158
233
73
-48
100
41
-205
30
288
-25
-42
147
-40
-444
23
-41
-372
57
-19
-4
-327
-83
-100
-451
-300
-204
-91
-146
-187
74
-289
-484
-132
-532
-414
-212
-75
-89
-395
86
-316
-541
-344
-267
-203
-383
155
48
-388
74
-16
-606
28
131
-328
100
298
-175
-214
126
-119
-174
324
160
-9
275
289
-79
42
150
203
187
102
446
384
-45
238
306
-133
265
693
204
41
843
106
-288
503
205
47
433
473
43
211
286
-192
-40
138
40
153
201
171
59
24
-49
-214
242
77
43
376
-4
25
53
41
-195
-38
3
-199
-103
-137
-169
-403
-230
-219
-546
-244
-101
-507
-370
-145
-327
-405
-91
-222
-464
-168
-90
-138
-138
4
-201
-366
-327
-338
-302
-304
-104
-163
-317
-370
-367
-449
-456
-93
-162
-187
97
-23
-376
-361
-55
-310
-253
176
-131
-146
-9
-225
-440
-170
194
-163
161
379
-2
236
336
366
395
776
836
563
1094
779
553
975
917
658
750
1233
848
718
1250
887
776
1019
786
666
914
1306
949
1024
1187
595
502
589
647
712
948
919
540
592
359
-36
111
256
170
172
270
-55
-437
-517
-758
-734
-603
-635
-703
-831
-1057
-1513
-1553
-1544
-1625
-1490
-1254
-1319
-1579
-1590
-1775
-1894
-1793
-1572
-1501
-1328
-1154
-1195
-1214
-1147
-1173
-1137
-791
-622
-594
-500
-427
-718
-665
-415
-394
-250
-149
-108
-346
-258
-286
-501
-123
224
61
-52
284
356
50
190
372
443
648
669
576
655
946
693
526
1000
1233
1016
1229
1460
1045
1011
1043
992
1396
1980
1861
1473
1812
1652
1311
1474
1517
1759
2138
2421
2294
2058
2072
1785
1858
2214
2112
2312
2522
2396
2209
2155
2399
2149
1323
-259
-1197
-567
215
235
-317
-692
-1248
-2307
-3593
-4223
-3754
-3084
-3175
-3197
-2782
-2644
-3237
-4151
-4245
-3599
-2453
-1568
-804
-127
-343
-567
-608
-432
58
874
1462
1751
1971
1639
1074
349
-188
-229
-65
60
-95
-300
-775
-1631
-2626
-3309
-3618
-3628
-3336
-2990
-2633
-2901
-3560
-3872
-3727
-3658
-3156
-2449
-1835
-1171
-890
-659
-627
-459
-231
305
1313
2224
2457
2381
2218
1863
1655
2071
2404
2605
2821
2678
2373
1771
1408
927
803
1072
1096
1055
931
482
-115
-341
-293
-201
84
523
622
720
858
516
561
930
1009
1595
2290
2901
3283
3218
3089
3025
3444
3934
4296
4852
5046
4749
4583
4439
4442
4299
4247
4041
3629
2330
124
-1133
-702
514
359
-661
-1729
-2625
-3861
-5507
-6308
-5597
-4468
-4309
-4377
-4104
-3836
-4513
-5349
-5142
-3688
-1779
-670
239
671
530
181
247
882
1957
2972
3393
3526
3216
2720
1923
1015
401
375
715
705
161
-782
-1740
-2790
-3684
-4264
-4419
-4382
-4368
-4212
-4112
-4525
-5237
-5287
-5037
-4593
-4033
-3342
-2651
-2419
-2280
-2027
-1472
-846
-260
315
996
1530
1447
1128
1283
1450
1643
2119
2400
2266
1782
1555
1317
1078
920
655
562
493
305
107
-52
-441
-921
-954
-361
21
71
28
-140
62
344
562
1091
1605
2074
2652
3036
3399
3634
3995
4405
4805
5228
5289
5411
5749
5891
5896
5920
6057
5597
3848
1324
-357
192
1745
2207
920
-629
-1841
-3443
-5393
-6504
-5695
-4052
-3469
-4052
-4334
-4213
-4744
-5856
-5884
-4033
-1580
129
708
944
823
462
417
1318
2962
4524
5326
5269
4676
3767
2877
1930
1581
1920
2535
2492
1539
16
-1581
-2884
-3848
-4081
-3762
-3207
-3330
-4011
-4969
-5892
-6664
-6760
-5905
-4691
-3737
-3650
-3925
-4383
-4535
-4194
-3220
-1885
-780
-108
137
141
-171
-557
-472
409
1429
2206
2353
1814
971
301
334
660
1095
1289
1117
689
-27
-763
-1232
-1193
-898
-516
-407
-617
-1066
-1369
-1309
-1039
-404
278
894
1137
1217
1496
2140
3009
3808
4500
5165
5824
6345
6745
6859
6954
7180
7557
8033
8354
8265
7570
6169
3971
1640
706
1589
3049
2936
886
-1486
-3328
-4935
-6623
-7032
-5651
-4068
-3924
-4913
-5598
-5859
-6341
-6826
-5815
-3213
-583
662
696
408
188
317
1146
2862
4835
6108
6093
5136
4007
3047
2414
2234
2480
2792
2650
1641
-130
-1808
-3032
-3885
-4359
-4201
-3726
-3803
-4635
-5809
-6516
-6867
-6988
-6759
-5890
-4677
-4167
-4663
-5394
-5248
-4275
-3059
-2095
-1207
-497
-272
-401
-445
-80
537
1284
2011
2504
2322
1749
1200
1021
1287
1683
2095
2092
1502
640
66
-130
-291
-380
-183
27
-210
-708
-1161
-1350
-1255
-925
-268
404
675
390
415
1007
1812
2601
3388
4253
4906
5420
5702
5905
6008
6407
7137
7785
8011
7726
7541
6953
5063
2225
711
1704
3552
3634
1345
-1076
-2612
-4086
-5989
-6822
-5461
-3637
-3657
-5340
-6533
-6627
-6624
-6969
-6286
-3803
-1199
-149
-560
-1056
-938
-284
817
2522
4545
5729
5586
4317
3105
2710
2918
3236
3392
3614
3328
2158
45
-1750
-2495
-2525
-2491
-2622
-2656
-3153
-4248
-5739
-6532
-6477
-5890
-5288
-5169
-5409
-5772
-5867
-5723
-5063
-4087
-2962
-2231
-2144
-2219
-1936
-1077
-180
504
907
1152
1184
1174
1289
1456
1661
1687
1774
1838
1606
1058
578
440
489
558
348
-79
-502
-730
-871
-853
-567
-265
-48
-34
-208
-171
438
1351
2190
2793
3255
3834
4513
5091
5400
5644
6155
6903
7583
8054
8209
7836
7003
5338
3204
1872
2484
4434
5158
3236
-90
-2258
-3093
-3915
-4869
-4421
-2505
-1827
-3537
-5859
-6357
-5566
-5145
-4906
-3226
-408
1011
155
-1399
-1472
-218
1408
2954
4526
5616
5313
3825
2202
1983
2873
3724
3751
3414
2947
1885
81
-1903
-2624
-2254
-1826
-2129
-2628
-3183
-4207
-5574
-6488
-6213
-5504
-4954
-5020
-5398
-5843
-6195
-6033
-5140
-3853
-3068
-2844
-3014
-3013
-2523
-1691
-790
-159
158
144
75
119
362
629
850
1038
1100
1088
721
198
-83
83
338
367
108
-449
-808
-960
-927
-837
-475
1
94
-297
-905
-699
449
1642
1909
1830
2273
3202
3966
4152
4381
4921
5728
6301
6592
6659
6725
6678
5945
4128
1866
1510
3389
5084
3849
830
-919
-1035
-1773
-3815
-4239
-2099
-158
-1525
-4270
-4697
-3113
-2524
-3554
-3185
-443
2106
1709
-160
-625
660
1929
2393
3216
4615
5303
3964
1864
1051
2094
3284
3114
2253
1849
1594
135
-1976
-3006
-2227
-1425
-2008
-3169
-3548
-3609
-4662
-6044
-6167
-4804
-3912
-4349
-5239
-5405
-5028
-4762
-4283
-3244
-2098
-1979
-2544
-2765
-2071
-941
99
885
1057
505
-336
-476
133
915
1363
1541
1446
735
-275
-920
-753
-225
159
243
-29
-758
-1814
-2303
-1802
-842
-316
-377
-418
-303
-279
-511
-381
556
1900
2949
3339
3400
3275
3400
4009
5134
6193
6684
6801
6282
4574
1799
475
2293
5323
5577
2465
-358
-977
-1393
-3624
-5000
-2845
479
194
-3569
-5720
-4257
-2404
-3054
-3579
-1077
2371
2546
-261
-1586
318
2944
3732
3913
5095
6192
5031
2231
977
2581
4946
5139
3354
1769
1291
648
-867
-1795
-963
434
149
-1745
-3352
-3816
-4120
-4739
-4729
-3794
-3156
-3720
-4694
-5213
-5422
-5417
-4519
-2760
-1505
-1720
-2546
-2571
-1751
-972
-442
409
1394
1553
682
22
478
1466
1959
1953
2023
1930
1268
344
76
552
970
675
-16
-451
-776
-1356
-2031
-2013
-1317
-727
-1009
-1888
-2407
-2014
-802
445
1140
1088
985
1349
2130
2830
3298
4011
4701
4169
1679
-578
41
3119
4815
2967
159
-623
-270
-1775
-4066
-3644
-377
1101
-1712
-5023
-4788
-2433
-2213
-3700
-3159
73
1936
109
-2179
-1433
1296
2626
2465
3094
4806
5064
2784
824
1742
4306
5278
3812
1995
1515
1640
723
-384
-52
1290
1377
-687
-2667
-2551
-1232
-1529
-2844
-2798
-1193
-482
-1900
-3295
-2999
-1721
-1632
-1788
-1010
-130
-469
-1454
-1261
30
1272
1201
958
936
623
192
579
1720
2217
1765
643
218
425
575
518
728
1044
915
408
-692
-1476
-1487
-897
-202
330
124
-896
-1603
-1733
-1162
-450
-31
330
960
1277
711
421
766
1302
679
-1234
-2052
12
2968
2653
-614
-3303
-2911
-1688
-2737
-4201
-2791
90
-767
-4852
-6800
-3974
-669
-1400
-3511
-2311
1264
1807
-935
-2380
46
3177
3419
2180
2652
4290
3772
1249
190
2435
4913
4354
1517
55
528
752
-119
-580
522
975
-497
-2927
-3341
-2175
-1237
-1333
-1716
-1308
-1349
-1789
-2365
-1467
-82
816
1000
964
1461
1556
1668
1912
3240
4399
4668
4190
3666
3684
3613
3717
3831
4252
4102
3249
2115
1443
1539
1852
1926
1243
90
-1162
-1773
-1618
-1050
-857
-1277
-1880
-2096
-1910
-1609
-1285
-1086
-707
-204
367
581
554
291
-252
-1233
-2214
-1437
1158
2975
1233
-2272
-3954
-2927
-1953
-2716
-3062
-1636
-787
-3217
-6302
-6272
-3406
-1759
-3015
-4197
-2869
-917
-1591
-3614
-3686
-1149
1163
1099
23
44
654
60
-1002
-425
1399
2178
517
-1666
-2151
-1234
-644
-1076
-1453
-2141
-2857
-3501
-3010
-1833
-995
-1005
-1826
-2216
-2330
-1416
-375
634
977
1083
1335
1458
1784
1983
2889
3640
4231
4234
4256
4385
4455
4752
5116
5738
5787
5522
4761
4190
4140
4753
5545
5540
4631
3083
2234
2271
2777
3052
2933
2630
2048
1376
740
786
1190
1379
1397
1450
1464
935
165
-850
-2084
-3354
-3314
-1138
1099
263
-3331
-5898
-5924
-5105
-5012
-4254
-2361
-1827
-4694
-8186
-8058
-5026
-2747
-2789
-3183
-2771
-2518
-3332
-3898
-2677
-594
711
868
775
713
249
-647
-846
418
1957
2023
476
-1378
-2198
-2174
-1964
-1681
-1370
-2199
-4792
-6560
-5936
-3387
-2173
-2716
-3876
-4705
-4999
-4864
-2853
-559
874
329
-600
-584
463
1801
2929
4401
4903
4571
3954
4407
4971
5399
5773
6223
6576
5787
4681
4092
4587
4945
4856
4451
4088
3467
2572
1974
2206
2879
2801
2382
2154
2402
2358
1965
1736
2409
3473
3816
3478
2928
2174
499
-972
-507
2116
4150
2707
-861
-3257
-3367
-2923
-2732
-1723
-373
-931
-4208
-7045
-6372
-3663
-2349
-2939
-3372
-3214
-3649
-4718
-4857
-3579
-2096
-1569
-1518
-1305
-1422
-2315
-3246
-2592
-708
602
-10
-1499
-2687
-3009
-2768
-2043
-1110
-1074
-2286
-5181
-6382
-4912
-1687
-703
-2253
-3551
-4307
-4285
-4255
-2034
160
933
-288
-1519
-1346
-222
1362
2074
3100
3276
3021
2353
3249
4490
4582
4417
4657
5309
4600
3996
3956
4675
4782
4304
3562
3225
3314
2891
2377
2163
2759
2690
2300
2022
1799
1385
1326
2085
2728
2839
2411
1868
615
-1014
-1722
-85
2639
3151
817
-2045
-2982
-2738
-2420
-1381
500
1219
-990
-4003
-4560
-2425
-267
234
-159
-402
-734
-1528
-1800
-764
729
1081
402
-69
89
58
-658
-1271
-1022
-302
-187
-1002
-2166
-2975
-3613
-4008
-4074
-3876
-4235
-5391
-6149
-6225
-5724
-5362
-4826
-4484
-4754
-5077
-4557
-2955
-1634
-1218
-1324
-817
184
1015
1423
1967
2772
3230
3414
3722
4404
4780
4715
4386
4077
3899
3940
4137
4076
3627
2941
2426
2102
1876
1466
1106
1040
1097
1011
843
874
833
622
531
1052
1866
2205
1836
1463
1203
342
-675
-251
1941
3218
1924
-356
-1170
-851
-948
-959
270
1743
967
-1709
-3367
-2240
-203
418
-148
-426
-401
-1049
-1669
-998
482
1096
533
2
-129
-98
-60
204
471
347
107
-346
-696
-1411
-2133
-2791
-2690
-2551
-3361
-4294
-4479
-3873
-4528
-5114
-4826
-3813
-3984
-4635
-4172
-3058
-2071
-2172
-1764
-1044
158
423
636
1642
3012
3537
3185
3979
4900
5226
4722
5065
5405
5206
4847
4778
4762
4192
3797
3225
2825
2323
1991
1499
1094
858
496
202
-127
-444
-784
-530
-98
-222
-704
-1035
-1666
-2850
-3051
-1382
383
148
-1637
-2882
-3001
-2670
-2176
-1014
419
386
-1524
-3314
-2686
-591
753
705
345
-69
-768
-949
31
1497
1925
1388
648
529
765
1107
1153
927
640
269
24
-388
-780
-1600
-2358
-3174
-3555
-3459
-3156
-3354
-4524
-5418
-5665
-5014
-4609
-4096
-3730
-3532
-3682
-3747
-2946
-1765
-466
14
441
861
1643
2255
2929
3827
4526
5028
5193
5572
5701
5908
6011
6125
5912
5634
5694
5677
5279
4433
4007
3996
4059
3603
2855
2247
1798
1496
1305
1263
1047
664
241
-427
-1436
-2211
-1819
-863
-788
-1827
-2787
-3001
-3334
-3833
-3592
-2267
-1598
-2590
-4057
-4217
-3192
-2480
-2128
-1662
-1117
-1472
-2163
-2106
-904
236
419
184
166
367
173
153
401
880
760
181
-511
-898
-1188
-1810
-2377
-2690
-2449
-2671
-3455
-4569
-4971
-4906
-4721
-4421
-4095
-3986
-4423
-4524
-4053
-2901
-1974
-1346
-1091
-824
-410
426
1734
2834
3316
3191
3405
4012
4879
5590
6199
6204
5718
5431
5860
6499
6565
6197
5831
5749
5584
5344
4998
4867
4718
4388
3772
3361
3321
3312
2641
1208
89
99
897
919
-95
-1369
-2005
-2633
-3336
-3343
-2445
-1985
-3060
-4577
-5016
-4237
-3735
-3636
-3386
-2850
-2901
-3465
-3579
-2679
-1558
-1257
-1296
-1104
-734
-742
-719
-386
167
275
-228
-753
-917
-979
-1402
-1856
-2104
-2094
-2351
-3061
-3920
-4409
-4512
-4509
-4384
-4253
-4271
-4577
-4798
-4685
-4145
-3395
-2673
-2196
-2087
-1964
-1361
-242
706
1163
1376
1800
2398
2977
3640
4293
4596
4462
4463
4842
5345
5587
5588
5488
5328
5220
5138
5137
5164
5149
4835
4370
4132
4236
4311
3775
2792
2078
2233
2660
2615
1945
1211
625
-56
-543
-343
299
241
-718
-1725
-1838
-1438
-1295
-1433
-1402
-1245
-1342
-1597
-1687
-1392
-1161
-1188
-1194
-963
-861
-1056
-1298
-1334
-1165
-1076
-1293
-1723
-2081
-2303
-2400
-2490
-2622
-2773
-3030
-3575
-4150
-4286
-4000
-3794
-3884
-4049
-4096
-4066
-3986
-3775
-3423
-2988
-2534
-2119
-1839
-1590
-1206
-679
-194
203
606
1042
1359
1529
1713
1990
2270
2445
2532
2531
2532
2587
2688
2677
2558
2446
2397
2395
2456
2505
2387
2170
2065
2181
2290
2153
1870
1775
1898
1954
1851
1765
1726
1525
1149
945
1131
1351
1218
846
564
501
520
520
501
471
383
297
243
163
53
-53
-102
-102
-89
-200
-456
-804
-1071
-1113
-1007
-1021
-1275
-1612
-1882
-2013
-2062
-2043
-2016
-2101
-2352
-2573
-2577
-2416
-2288
-2267
-2289
-2291
-2201
-2014
-1769
-1586
-1418
-1186
-902
-627
-377
-145
33
187
398
699
994
1176
1218
1206
1252
1414
1616
1726
1697
1638
1638
1685
1726
1730
1702
1652
1629
1647
1644
1553
1392
1264
1233
1225
1169
1077
978
818
601
438
402
421
349
205
58
-53
-145
-207
-247
-305
-380
-449
-497
-565
-654
-737
-780
-814
-861
-922
-1017
-1152
-1277
-1323
-1301
-1297
-1372
-1481
-1574
-1632
-1674
-1704
-1716
-1730
-1776
-1837
-1878
-1886
-1880
-1880
-1883
-1879
-1840
-1742
-1615
-1517
-1439
-1316
-1122
-902
-706
-519
-331
-133
81
320
575
808
1006
1189
1377
1579
1778
1956
2106
2239
2383
2538
2669
2744
2772
2797
2849
2920
2956
2917
2824
2737
2670
2615
2551
2467
2356
2207
2034
1876
1741
1611
1482
1348
1201
1035
851
665
484
327
194
68
-73
-236
-418
-611
-770
-866
-931
-1017
-1143
-1289
-1429
-1530
-1570
-1578
-1617
-1699
-1774
-1832
-1901
-1988
-2034
-2049
-2092
-2168
-2232
-2277
-2346
-2429
-2493
-2527
-2543
-2546
-2526
-2520
-2543
-2544
-2481
-2385
-2297
-2203
-2095
-1972
-1863
-1745
-1587
-1412
-1235
-1047
-852
-662
-477
-275
-45
195
417
640
873
1090
1285
1479
1704
1949
2168
2324
2440
2547
2676
2827
2969
3072
3135
3162
3145
3098
3048
3025
3011
2950
2838
2696
2523
2318
2117
1969
1866
1742
1563
1353
1143
949
796
692
616
532
425
294
147
31
-30
-46
-89
-158
-226
-294
-404
-521
-591
-620
-664
-762
-877
-990
-1102
-1214
-1308
-1398
-1496
-1612
-1737
-1867
-2002
-2118
-2206
-2272
-2350
-2441
-2541
-2634
-2711
-2753
-2756
-2724
-2683
-2658
-2644
-2624
-2568
-2456
-2289
-2114
-1947
-1784
-1606
-1421
-1242
-1051
-813
-537
-270
-31
183
404
632
837
1035
1231
1437
1637
1795
1916
2029
2132
2192
2212
2231
2274
2305
2288
2239
2196
2139
2035
1903
1786
1718
1670
1597
1489
1369
1252
1135
1018
943
933
940
905
824
746
716
718
705
706
744
792
796
741
683
681
698
694
665
632
588
495
341
203
122
54
-56
-222
-394
-556
-725
-915
-1088
-1212
-1314
-1445
-1607
-1764
-1888
-1978
-2055
-2105
-2117
-2113
-2139
-2183
-2199
-2149
-2054
-1951
-1862
-1769
-1659
-1560
-1460
-1337
-1179
-1000
-837
-697
-561
-431
-311
-201
-80
76
239
380
492
577
667
770
867
962
1075
1188
1297
1377
1426
1461
1493
1519
1534
1553
1572
1571
1523
1432
1331
1238
1134
1015
897
795
695
562
401
236
99
-14
-117
-197
-251
-310
-386
-477
-534
-549
-542
-524
-497
-459
-419
-392
-373
-338
-277
-194
-122
-68
-28
5
17
10
9
32
50
33
-18
-81
-138
-212
-293
-370
-432
-495
-594
-712
-818
-890
-946
-1015
-1083
-1127
-1157
-1182
-1196
-1176
-1122
-1053
-995
-924
-809
-667
-525
-385
-228
-33
173
360
532
710
896
1078
1250
1413
1576
1723
1827
1897
1968
2048
2108
2121
2107
2093
2070
2023
1933
1831
1726
1609
1464
1319
1180
1035
863
661
466
296
130
-49
-226
-397
-550
-709
-871
-1013
-1137
-1240
-1331
-1421
-1499
-1559
-1611
-1651
-1667
-1662
-1649
-1639
-1631
-1602
-1547
-1488
-1437
-1393
-1344
-1288
-1234
-1181
-1132
-1086
-1057
-1041
-1030
-1013
-999
-997
-1006
-1023
-1033
-1048
-1059
-1068
-1074
-1080
-1075
-1049
-1016
-979
-946
-897
-817
-711
-592
-468
-347
-217
-72
97
289
488
678
851
1021
1208
1408
1614
1799
1954
2104
2249
2387
2509
2616
2706
2773
2814
2844
2869
2869
2837
2780
2723
2667
2593
2482
2348
2205
2061
1922
1773
1609
1439
1255
1061
883
725
577
414
242
72
-74
-202
-323
-442
-554
-652
-750
-842
-922
-980
-1037
-1099
-1161
-1214
-1266
-1314
-1367
-1422
-1467
-1516
-1573
-1635
-1698
-1753
-1811
-1877
-1940
-1997
-2051
-2104
-2155
-2193
-2224
-2251
-2276
-2287
-2275
-2252
-2221
-2182
-2131
-2062
-1982
-1891
-1778
-1661
-1542
-1421
-1278
-1123
-964
-803
-643
-482
-328
-168
-2
170
334
488
628
769
911
1050
1181
1294
1397
1493
1586
1681
1767
1829
1873
1908
1945
1982
2012
2019
2011
1986
1963
1940
1917
1883
1826
1766
1702
1636
1570
1504
1440
1367
1286
1211
1134
1059
980
898
824
759
688
614
541
457
378
303
232
172
105
31
-61
-153
-228
-300
-369
-441
-518
-602
-685
-760
-821
-865
-919
-981
-1049
-1101
-1135
-1161
-1176
-1202
-1228
-1254
-1272
-1270
-1258
-1244
-1241
-1248
-1238
-1214
-1184
-1154
-1137
-1119
-1106
-1077
-1029
-978
-938
-916
-897
-865
-806
-733
-657
-592
-545
-502
-444
-368
-272
-177
-105
-46
9
80
161
247
325
385
430
466
503
552
603
633
649
645
637
633
640
645
631
608
573
544
518
503
500
492
470
444
429
429
443
452
460
464
470
487
515
555
591
606
615
623
646
682
709
717
700
679
660
654
654
637
597
535
472
423
387
351
296
228
153
88
36
-6
-50
-111
-179
-236
-267
-281
-292
-317
-355
-391
-399
-379
-347
-322
-322
-329
-325
-294
-244
-189
-148
-134
-121
-102
-52
13
66
95
97
99
120
155
187
193
175
147
116
87
66
34
-15
-82
-152
-213
-272
-338
-424
-518
-615
-699
-760
-813
-870
-946
-1028
-1096
-1129
-1131
-1115
-1111
-1112
-1106
-1093
-1043
-974
-887
-809
-736
-669
-589
-479
-362
-253
-157
-66
3
75
171
265
344
402
437
460
491
543
574
588
599
581
557
556
561
558
559
538
503
478
472
472
476
467
443
427
428
437
455
473
474
468
468
479
507
537
544
543
551
557
574
607
623
616
609
601
599
619
628
615
588
571
555
530
516
487
432
381
335
283
240
201
133
55
-12
-74
-135
-180
-238
-311
-375
-428
-472
-505
-535
-569
-603
-629
-659
-669
-664
-657
-649
-652
-657
-649
-637
-623
-603
-592
-582
-574
-581
-582
-573
-566
-569
-580
-584
-587
-600
-619
-637
-648
-660
-669
-676
-686
-688
-693
-709
-701
-674
-640
-608
-580
-557
-515
-459
-408
-337
-253
-183
-116
-40
37
129
232
307
377
460
531
600
665
724
775
823
866
897
925
951
955
941
929
921
900
874
851
811
764
722
669
626
593
540
492
455
409
370
346
318
294
291
279
271
282
282
279
291
306
322
345
369
384
400
423
428
423
430
433
421
411
396
360
320
292
240
184
138
71
-4
-63
-131
-209
-267
-332
-399
-447
-501
-561
-606
-646
-689
-712
-734
-751
-754
-756
-764
-767
-746
-738
-734
-715
-694
-687
-665
-644
-639
-616
-591
-580
-571
-543
-519
-503
-489
-472
-458
-439
-422
-422
-403
-371
-352
-340
-318
-321
-314
-287
-302
-289
-240
-258
-278
-242
-249
-250
-197
-193
-231
-185
-147
-178
-142
-65
-72
-44
47
65
109
207
274
295
390
504
543
597
708
757
796
917
987
1010
1081
1130
1106
1129
1186
1164
1126
1132
1094
1027
1025
985
902
850
783
719
663
597
556
464
382
374
306
243
256
227
129
182
136
75
80
0
-51
-86
-12
-4
-4
-55
-118
-231
-302
-289
-318
-330
-329
-370
-540
-493
-545
-662
-652
-729
-823
-830
-792
-905
-823
-872
-923
-924
-1017
-961
-976
-958
-986
-917
-900
-889
-841
-860
-881
-846
-790
-827
-785
-645
-636
-706
-576
-573
-607
-500
-394
-449
-354
-110
-233
-188
15
51
75
212
438
328
442
599
501
523
829
974
713
977
963
678
674
1019
829
785
1201
808
510
700
760
321
655
873
439
510
740
374
236
700
429
267
716
667
509
632
599
411
458
607
622
646
647
695
462
375
480
488
298
308
462
146
209
371
33
-146
97
-201
-334
22
-58
-252
-251
-301
-593
-470
-399
-413
-542
-361
-405
-673
-467
-527
-618
-655
-515
-700
-638
-516
-548
-612
-583
-511
-725
-815
-536
-815
-742
-379
-610
-611
-463
-560
-865
-364
-629
-517
-377
-443
-248
-472
-125
-210
-290
-190
-123
-277
-178
175
-186
-10
155
-44
33
36
140
-189
-22
93
-136
145
252
224
16
173
112
-184
120
75
124
274
624
459
216
419
47
-84
176
676
469
753
983
117
232
513
159
294
888
618
430
741
561
408
458
653
164
246
718
403
442
752
481
127
355
101
182
204
271
264
60
223
233
106
-177
176
-288
-365
70
163
-2
188
384
-582
-288
-91
-327
-176
425
103
-177
137
-255
-362
-430
224
-467
-140
273
-253
-329
-340
-385
-760
-156
-428
-132
-286
-514
-429
-900
-549
-412
-475
-528
-193
-606
-634
-441
-633
-356
-564
-477
-168
-384
-407
-19
-349
-554
54
-318
-357
91
93
-253
-19
366
-216
8
96
12
-106
115
557
-84
336
422
-203
-68
213
117
-6
695
139
185
219
-120
-53
21
374
62
558
116
124
165
-158
175
155
366
284
307
229
169
285
58
304
499
212
469
443
283
263
426
137
534
469
488
512
157
544
277
-21
724
462
33
770
140
224
189
211
41
184
359
48
303
-2
56
-230
-193
-49
17
-251
-101
145
-390
-352
-70
-498
-522
-92
-445
-313
132
-476
-518
-192
-313
-625
-210
-22
-442
-21
-343
-83
-317
4
-544
-155
78
-247
74
-418
453
-614
-59
-227
43
-341
-78
13
-863
805
-860
-157
54
-673
-157
-567
-94
-333
-131
-282
-408
-299
-406
-309
-575
28
-230
-321
265
-495
-15
-210
-248
-83
1
376
-183
441
-118
240
150
-42
448
133
339
303
370
366
131
477
160
63
766
251
87
481
688
-533
671
511
-224
500
464
175
-6
741
-153
241
246
345
278
161
647
12
85
425
120
321
334
441
383
50
359
197
2
303
414
138
499
211
79
74
-116
110
-61
111
421
-122
-32
108
-456
-456
22
-302
-346
299
-311
-416
-89
-657
-678
-293
-538
-278
-196
-345
-180
-665
-573
-450
-761
-272
-344
-246
-219
-299
-440
-478
-545
-374
-267
-429
320
-461
-30
-192
-485
-298
-320
-69
-282
258
-121
8
-280
-181
-73
-577
345
-84
31
22
344
-357
-178
473
-582
267
193
250
-146
511
227
-385
694
14
120
439
430
198
437
521
105
698
227
370
678
185
684
500
453
551
499
522
205
666
342
330
575
384
431
285
314
275
193
243
127
377
10
161
295
-191
105
-49
46
-332
197
-7
-269
2
-30
-295
-291
18
-351
-128
-193
-71
-292
-154
-320
-168
-335
-349
-24
-354
-220
-241
-102
-547
-251
-144
-459
-391
-13
-408
-488
-17
-522
-314
-403
-151
-443
-405
-55
-441
-453
-122
-233
-592
-15
-175
-562
3
-211
-379
-2
-236
-42
-123
-152
49
-115
-132
89
178
-207
314
187
-110
266
106
123
154
277
285
226
230
338
169
71
438
76
309
338
321
227
240
310
13
287
223
161
314
305
188
202
210
102
148
144
214
329
34
407
248
-201
499
-45
4
397
118
114
331
152
-128
449
-256
106
335
-126
66
323
62
-628
880
-689
-229
607
-636
118
5
-40
-551
301
-538
-202
63
-490
-6
-118
-436
-219
-12
-718
-51
-91
-576
-7
-130
-560
37
-453
-213
-212
-248
-85
-229
-134
-219
-115
-252
-216
17
-181
-112
45
-124
-119
-66
-11
-260
193
-109
15
63
30
-112
66
-7
-107
237
-87
209
-87
229
-13
-146
223
152
-252
400
213
-296
462
4
-176
265
246
-264
436
221
-38
207
172
215
-61
332
268
87
342
245
33
470
11
115
546
-28
267
464
-19
243
354
-64
172
368
35
0
366
141
-259
246
136
-311
163
12
-61
-88
46
-144
-135
-82
-118
-113
-184
48
-196
-244
11
-166
-398
43
-127
-356
130
-252
-182
-2
-311
-159
-37
-252
-186
83
-247
-273
85
-268
-388
136
-278
-209
-93
10
-322
-201
25
-274
-258
13
29
-360
80
119
-348
-83
176
-172
-213
244
94
-227
127
295
-345
126
310
-319
343
119
3
188
74
86
157
-100
280
296
-296
580
108
-20
299
74
228
97
176
279
182
166
204
189
108
267
55
223
195
253
-39
212
249
-181
211
36
61
72
-19
-29
171
-285
24
-88
-55
-113
-203
99
-290
-46
-200
-92
-181
18
-345
-6
11
-390
-13
-123
-156
-144
-79
-137
10
-214
19
-266
118
-180
-202
57
5
-219
-143
197
-358
-24
23
-265
72
-18
-208
-91
210
-270
-323
550
-616
283
-107
-3
33
42
30
-197
537
-393
240
5
339
-246
229
239
-43
137
106
240
-132
514
-271
340
135
103
-110
305
131
-251
500
-289
582
-390
329
84
-124
235
-298
494
-288
130
138
-51
-44
171
-178
-63
346
-396
151
104
-148
-95
-51
101
-279
17
110
-166
-27
25
-140
-122
84
-239
-65
178
-218
-86
240
-297
-19
148
-394
279
-111
-266
317
-230
-158
84
-134
-35
-188
194
-137
-161
283
-364
49
79
-247
10
84
-93
37
-98
173
-10
-246
335
-3
-170
331
80
-267
552
-196
-127
540
-206
78
272
93
-14
231
-81
239
-91
106
224
-232
373
-34
-149
168
185
-387
212
105
-258
121
-30
-158
148
-235
-38
109
-258
118
-194
66
-168
-58
45
-343
175
-76
-234
11
165
-241
-129
306
-245
29
-121
193
-199
-113
321
-267
49
119
96
-372
305
92
-401
227
195
-290
53
77
-97
-89
-159
359
-440
85
357
-488
114
168
-374
112
-61
2
154
-324
347
37
-506
580
-137
-285
557
-53
-115
302
53
-96
178
-97
394
-180
108
446
-290
85
391
-343
106
408
-343
323
-25
123
-55
-127
214
-89
-140
189
78
-297
303
-175
-63
-31
95
-178
-61
283
-346
28
80
-233
-26
44
-226
155
-76
-132
102
-60
-156
89
-95
-174
234
-272
-12
188
-263
66
29
-136
23
4
-120
-22
99
-161
-61
138
-204
-86
95
-174
-45
107
-154
12
19
-125
35
-162
70
-27
-110
99
5
-25
-85
135
-69
-137
329
-159
120
80
199
-308
317
38
-383
669
-489
387
46
-83
147
118
-236
327
-60
-17
289
-150
256
-243
289
-170
21
144
81
-76
239
56
-166
351
-340
316
-145
8
315
-309
217
129
-307
197
50
-200
193
7
-50
36
63
-170
109
-113
-30
113
-198
269
-260
169
-70
-126
65
-27
-260
217
-19
-501
689
-631
44
161
-284
-196
284
-352
-61
200
-449
317
-413
93
-5
-325
132
52
-369
205
72
-448
366
-191
-154
253
-234
147
80
-225
318
-83
-286
585
-420
121
286
-174
32
227
-40
-171
423
-353
266
19
-19
150
-9
16
2
165
-310
377
-112
-166
395
-244
-16
223
-142
-110
350
-270
106
202
-247
135
117
-316
274
37
-304
511
-245
7
243
-43
-245
408
-177
-205
524
-373
84
191
-142
-86
184
-72
-163
284
-204
19
98
-192
119
-150
9
21
-78
-32
136
-114
-129
304
-428
210
-64
-75
-22
59
-62
-53
35
-45
-33
-158
293
-506
443
-276
-55
195
-286
76
9
-81
-188
405
-518
237
187
-517
455
-175
-179
183
18
-231
237
74
-359
467
-215
-111
296
-85
-134
293
-16
-277
578
-441
153
219
-326
339
-101
-4
192
-171
104
50
-116
35
131
-190
111
99
-202
123
-39
-11
-64
111
-56
-80
254
-309
257
-183
-15
181
-239
184
8
-2
-103
322
-299
38
282
-399
232
56
-197
111
85
-262
263
-109
-154
292
-300
124
26
-170
1
154
-327
184
-11
-226
266
-95
-96
147
21
-310
401
-222
-113
337
-127
-104
319
-147
-146
385
-279
-52
339
-292
85
218
-289
87
81
-197
47
147
-272
229
-38
-76
96
-48
-106
97
-29
-215
396
-384
222
76
-247
219
-26
-191
183
37
-312
463
-417
200
109
-287
208
81
-231
82
353
-618
501
-105
-221
209
24
-173
96
149
-278
291
-218
176
-222
210
-151
49
15
-105
190
-203
157
-137
101
-118
120
-86
81
-66
-8
84
-68
-43
80
5
-184
298
-153
-128
253
-95
-101
147
10
-165
96
164
-298
68
225
-346
100
187
-349
114
214
-347
246
-18
-87
61
-42
84
-177
164
67
-81
15
176
-194
80
122
-137
-44
257
-203
51
93
-171
123
-200
252
-270
95
111
-175
118
35
-126
-16
261
-500
406
-77
-271
449
-256
-86
355
-203
-298
670
-628
120
382
-569
358
10
-207
93
171
-300
144
191
-442
425
-232
-15
131
-166
208
-291
336
-187
-61
279
-276
65
104
-25
-262
455
-312
-102
474
-526
300
-68
50
-163
182
37
-262
218
68
-231
55
303
-471
247
143
-291
128
122
-172
110
-73
157
-218
136
88
-224
127
71
-205
191
-99
-97
235
-291
169
83
-322
316
-31
-366
561
-496
175
162
-221
22
301
-451
308
67
-364
381
-197
157
-222
265
-104
-165
179
84
-373
286
140
-518
508
-192
-84
75
35
-24
-159
236
-61
-95
-22
367
-437
89
408
-550
209
237
-326
64
229
-209
17
85
68
-226
156
102
-289
261
-117
34
-61
71
-33
-19
-9
23
49
-264
445
-501
300
30
-345
400
-231
-53
161
-65
-115
136
32
-222
231
-54
-149
184
-74
24
-112
264
-314
193
37
-233
342
-302
174
-28
-55
68
-71
98
-80
68
-104
251
-330
208
156
-434
395
16
-373
392
19
-417
526
-304
42
147
-250
343
-279
14
294
-316
-51
465
-499
43
449
-533
73
371
-399
-78
479
-479
20
371
-422
83
231
-330
100
153
-253
108
40
-15
-172
324
-229
-51
329
-412
299
-67
-87
137
13
-175
248
-66
-218
408
-277
-48
260
-151
-100
195
-15
-152
117
73
-88
-124
300
-136
-302
597
-396
-172
656
-599
59
520
-654
261
314
-625
433
74
-519
546
-166
-313
499
-288
-145
421
-393
55
296
-396
158
232
-444
300
70
-370
352
-47
-263
316
-28
-376
509
-181
-376
678
-411
-189
637
-458
-85
518
-362
-182
616
-489
-20
474
-448
86
299
-372
71
321
-501
292
184
-528
477
-65
-344
418
-208
-145
301
-206
-2
189
-217
69
58
-164
58
62
-153
34
166
-272
130
12
-116
-12
2
124
-274
204
110
-380
277
121
-496
347
267
-873
948
-280
-534
871
-445
-284
641
-311
-245
507
-224
-153
191
66
-219
48
171
14
-431
630
-199
-472
676
-255
-361
475
36
-475
454
69
-507
434
-107
-177
100
14
-41
-72
155
-157
110
-141
86
18
-138
129
51
-133
89
210
-371
357
-148
-39
182
-192
227
-58
-135
326
-237
-34
296
-296
128
-23
190
-335
328
-4
-291
223
138
-431
244
343
-870
884
-261
-473
733
-406
-325
736
-513
-93
632
-608
144
320
-427
81
288
-426
269
87
-251
187
-20
-263
304
-230
-32
266
-332
102
286
-581
356
123
-759
803
-265
-438
702
-221
-569
846
-393
-497
927
-612
-108
657
-602
251
68
-182
151
-129
107
48
-176
189
43
-372
473
-292
-125
457
-432
228
80
-190
94
-20
-65
63
-74
155
-29
-156
363
-345
19
173
-177
-150
376
-298
34
122
-51
-113
0
238
-405
283
105
-285
205
185
-404
416
-69
-238
390
-213
-6
210
-122
-69
178
-113
33
1
98
-94
-124
422
-497
277
73
-280
132
93
-190
42
152
-249
194
-41
-13
-27
60
-122
102
-28
4
23
43
-51
39
50
-120
107
-63
82
-74
86
12
-179
171
-66
-126
146
-2
-226
277
-90
-251
404
-401
35
223
-315
170
79
-186
75
63
-129
23
34
17
-134
183
-19
-161
162
-56
-82
20
133
-155
29
143
-126
-109
309
-281
-70
481
-621
396
126
-486
415
10
-429
399
92
-550
647
-230
-225
369
-217
-42
57
-24
10
-36
5
172
-269
123
138
-265
106
162
-221
35
217
-203
55
94
20
-166
165
38
-211
133
122
-249
32
380
-563
334
163
-464
287
133
-388
227
173
-423
312
-50
-123
68
73
-92
52
39
-37
45
-90
126
-105
-9
101
-61
-38
148
-104
-10
128
-162
79
14
-75
57
-8
-29
12
13
-75
98
-130
118
-69
-24
122
-160
130
-68
-14
53
-46
-39
174
-232
160
105
-334
340
-69
-265
362
-143
-214
374
-187
-207
439
-373
5
352
-444
254
57
-221
160
-7
-117
72
8
-31
16
20
25
-67
67
-15
-43
69
-39
33
-8
11
-15
2
-26
-20
50
-66
42
66
-122
101
-19
-137
192
-215
88
108
-272
296
-96
-205
377
-313
35
257
-353
268
15
-216
286
-160
-98
201
-127
-51
176
-51
-93
159
-10
-194
176
12
-271
351
-195
-52
231
-260
122
17
-164
126
3
-171
235
-139
-11
83
-86
-18
17
6
-49
99
-81
109
-61
2
60
-42
-40
137
-43
-78
243
-163
46
86
-68
-6
29
41
-66
69
-20
57
-133
102
73
-293
350
-160
-106
236
-109
-112
235
-142
-92
343
-398
253
82
-302
277
1
-284
248
67
-373
349
4
-326
313
-7
-263
256
-22
-173
186
-18
-126
183
-142
29
126
-242
179
21
-255
246
14
-364
393
-124
-305
446
-255
-155
383
-305
2
236
-250
79
96
-102
-3
131
-111
32
22
27
-108
95
79
-246
304
-154
-23
61
38
-122
20
223
-370
241
50
-273
180
88
-302
204
72
-289
244
-29
-151
123
16
-155
158
-71
-37
91
-78
18
41
-66
-20
134
-227
158
-20
-141
152
-116
6
-16
-12
-42
34
-100
82
-42
-108
174
-157
2
58
-1
-145
151
7
-191
195
22
-180
132
159
-334
284
42
-228
229
-11
-53
12
147
-107
-26
159
-78
-76
162
-44
-144
212
-93
-85
166
-113
26
27
-34
88
-87
80
24
-64
40
69
-84
34
88
-121
69
-15
-5
7
-53
96
-87
-31
91
-64
-43
50
77
-174
105
131
-240
109
183
-270
62
235
-282
42
233
-189
-69
266
-154
-129
275
-128
-122
210
-74
-110
144
-40
-43
28
29
-15
-76
138
-87
6
87
-63
46
-11
12
0
12
-7
47
-49
27
5
-28
40
-92
111
-110
-54
173
-193
9
181
-222
21
205
-264
74
154
-221
87
69
-109
34
67
-19
-21
29
-5
-79
10
47
-92
41
15
-98
44
-57
18
-16
-38
27
-46
-44
37
0
-75
122
-31
-45
73
-39
-46
31
46
-81
35
75
-105
50
55
-80
-31
129
-125
-1
134
-148
57
50
-33
-15
61
-26
-15
-16
64
-81
-25
182
-152
61
147
-196
22
131
-172
68
145
-183
61
60
-115
50
49
-7
-100
135
-79
-133
190
-101
-80
232
-109
-107
213
-197
-10
143
-130
59
27
-34
45
-55
50
8
-93
101
24
-151
173
-25
-142
192
-19
-130
156
-10
-171
195
-74
-78
121
-40
-28
60
-14
-46
15
-14
32
-31
56
8
-96
118
-68
-8
88
-57
23
-7
-2
-54
21
8
1
-8
63
-59
-63
117
-149
46
89
-123
72
32
-74
34
41
-68
55
12
-44
60
-59
44
-13
-34
74
-39
-47
78
-53
-74
154
-129
-31
150
-162
34
115
-137
40
100
-121
81
52
-93
86
-7
-19
42
-1
-27
25
2
-46
49
-28
-48
41
-9
-67
69
-17
-94
118
-58
-45
88
-57
-8
56
-15
-1
25
-10
27
-32
28
20
-88
114
-62
-37
111
-127
30
66
-122
74
53
-166
148
-25
-151
201
-100
-57
163
-93
-21
98
-61
-25
95
-53
22
36
-42
26
-26
4
5
-7
-31
39
-31
-49
87
-69
-31
91
-83
-21
79
-76
-17
106
-79
23
75
-99
57
25
-69
63
-1
-66
87
-31
-47
82
-51
-24
64
-43
-10
23
-12
-18
0
40
-39
-15
75
-68
-10
97
-95
13
89
-94
29
73
-101
40
41
-79
53
9
-59
56
-12
-33
64
-47
-9
50
-73
25
31
-76
55
12
-53
58
-18
-32
42
-12
1
6
2
-2
-16
43
-27
-11
62
-70
18
49
-100
67
11
-91
105
-44
-54
111
-90
2
89
-107
47
49
-104
67
26
-88
75
8
-84
68
12
-78
63
17
-76
59
17
-74
41
16
-56
25
26
-34
-5
35
-15
-28
40
-4
-49
42
14
-55
28
37
-56
2
65
-60
-19
88
-72
-35
97
-62
-32
87
-44
-42
66
-1
-54
38
38
-82
25
77
-109
29
92
-124
39
82
-118
43
55
-90
36
38
-46
16
18
-10
-12
16
26
-45
13
47
-72
24
65
-98
34
71
-117
47
67
-123
62
53
-123
74
35
-102
78
6
-67
71
-18
-26
48
-41
14
15
-49
54
-18
-39
80
-51
-24
82
-68
-1
66
-75
11
45
-56
17
20
-36
10
5
-13
3
0
-5
-1
4
-7
8
9
-16
27
1
-26
46
-18
-33
62
-28
-30
68
-44
-16
63
-55
-3
43
-57
13
33
-48
29
15
-44
39
-3
-33
48
-18
-29
45
-32
-27
52
-30
-21
52
-31
-25
58
-30
-27
61
-33
-28
66
-35
-25
66
-42
-23
57
-40
-14
55
-35
-13
44
-31
-11
38
-24
-11
34
-18
-7
31
-16
-5
17
-16
-3
12
-4
1
6
3
-4
-1
7
-7
-5
9
-11
-11
11
2
-11
9
0
-24
10
11
-25
16
20
-29
24
27
-36
21
22
-46
19
24
-50
13
25
-52
13
35
-57
11
38
-58
17
47
-51
19
43
-54
13
39
-48
5
33
-43
-1
34
-30
-8
36
-19
-16
37
-13
-22
42
-10
-30
43
-11
-32
44
-11
-32
44
-15
-32
46
-15
-24
45
-21
-19
40
-24
-12
33
-27
-4
23
-27
4
14
-24
10
5
-19
17
0
-14
19
-6
-5
21
-15
-6
19
-20
2
19
-24
6
21
-19
15
20
-23
17
17
-21
18
6
-27
17
-1
-24
18
-10
-25
21
-19
-20
25
-24
-9
29
-24
4
34
-26
17
36
-31
18
28
-36
20
21
-43
19
16
-45
18
13
-40
20
8
-35
22
9
-27
16
4
-21
15
3
-17
6
0
-8
4
-3
-3
1
-3
8
-2
-6
11
-7
-6
21
-8
-10
24
-14
-10
29
-18
-14
30
-16
-11
35
-18
-14
35
-15
-15
33
-15
-17
31
-11
-17
28
-9
-15
28
-1
-13
24
-1
-18
14
-5
-20
13
0
-17
12
-3
-16
14
0
-13
8
-2
-10
6
-2
-5
11
3
-2
6
4
1
6
5
1
1
3
-4
-6
2
-6
-8
4
-8
-5
7
-5
2
13
-5
-2
12
-4
-2
6
-11
-7
4
-10
-8
4
-5
-3
9
-1
-3
9
2
-2
11
2
-6
4
3
-6
5
3
-11
1
4
-8
0
4
-6
6
10
-6
1
7
-5
2
8
-5
-2
6
-4
-1
5
-5
-1
2
-3
-2
2
-2
-3
3
-3
-5
1
-3
-3
1
-1
0
3
0
-1
0
1
1
2
2
2
4
2
-2
-4
-1
-1
-4
-3
-4
-2
-1
0
4
5
2
4
3
4
2
1
2
-2
-1
-2
-1
-3
-3
-5
-2
3
-3
-1
2
-2
1
2
-3
1
4
1
1
0
-3
-1
-1
-4
-3
-3
-1
1
0
0
0
1
2
4
4
-1
0
2
-1
1
-2
-2
-2
-2
-2
0
-1
0
3
3
2
3
-1
0
3
1
0
-2
-3
0
3
0
1
-1
-1
2
3
0
2
2
0
0
-4
-4
-1
-4
-1
2
-1
1
0
-2
-3
0
-1
1
1
0
0
0
-2
-3
-4
-3
-1
-4
-1
0
2
2
3
4
2
1
2
2
-3
-1
-1
-3
-1
-2
-2
-3
-4
-1
2
1
3
3
2
3
2
1
1
3
0
-1
-3
-2
-1
-2
-2
-4
-3
1
2
4
3
2
0
-2
0
1
