-1
1
1
1
1
1
-1
0
0
-1
0
2
1
0
0
-1
1
1
1
0
2
-1
-1
-1
-1
1
0
0
0
0
-1
0
0
0
1
0
2
1
0
-1
-3
-4
-1
1
1
1
-1
-2
-2
-2
-1
-1
0
-1
0
2
0
-2
-2
0
2
2
1
-1
1
-2
-4
-3
-2
-2
-3
-2
-2
-2
-2
-1
-1
-1
-1
0
0
1
0
-1
0
-1
0
2
0
2
2
0
0
0
1
0
2
2
1
0
0
-2
-4
-4
-4
-2
-3
-5
-5
-6
-8
-8
-8
-8
-8
-9
-7
-7
-8
-8
-6
-6
-6
-4
-2
-3
-3
-2
0
0
0
3
3
4
2
3
5
5
8
8
6
9
11
11
9
11
10
12
13
14
12
14
15
12
13
13
14
14
14
14
13
13
10
9
10
9
7
7
4
4
2
1
0
-2
-5
-4
-5
-8
-7
-11
-13
-14
-16
-19
-20
-22
-22
-25
-27
-29
-31
-33
-35
-37
-37
-38
-39
-40
-39
-40
-40
-39
-39
-37
-34
-30
-26
-22
-18
-11
-5
1
11
17
25
33
42
50
59
67
75
84
93
99
103
106
110
114
115
114
113
110
107
98
92
83
72
65
51
38
22
9
-5
-19
-33
-48
-63
-76
-89
-102
-112
-121
-128
-134
-140
-143
-149
-149
-147
-146
-144
-140
-136
-132
-128
-122
-116
-111
-104
-99
-95
-88
-84
-79
-73
-67
-62
-55
-48
-40
-31
-22
-12
2
17
34
50
68
88
111
135
158
183
207
230
255
276
296
312
327
339
346
352
350
346
337
320
300
276
247
214
174
132
89
45
-2
-51
-98
-145
-191
-236
-275
-312
-344
-371
-391
-406
-413
-417
-414
-406
-392
-370
-346
-317
-284
-245
-207
-169
-129
-90
-55
-18
17
47
74
96
116
131
142
145
143
137
128
114
96
78
56
35
16
-6
-27
-44
-60
-70
-78
-81
-79
-71
-58
-37
-18
3
32
62
95
133
169
207
245
281
316
347
372
391
407
415
420
417
409
392
369
340
299
257
207
151
98
38
-24
-86
-147
-206
-261
-317
-369
-416
-455
-487
-511
-525
-528
-522
-511
-491
-467
-435
-398
-355
-304
-252
-197
-142
-86
-36
9
52
89
125
155
181
201
210
211
210
201
183
164
141
119
96
73
46
20
1
-16
-34
-50
-60
-64
-59
-49
-35
-18
6
30
56
87
118
151
188
227
264
300
326
352
371
382
391
390
388
379
365
344
318
276
235
191
142
98
45
-6
-56
-107
-159
-206
-254
-292
-324
-352
-374
-391
-405
-409
-408
-398
-378
-360
-330
-295
-269
-238
-210
-181
-144
-109
-80
-47
-19
2
20
18
20
22
17
20
16
4
-9
-25
-44
-61
-82
-101
-111
-122
-128
-134
-145
-154
-162
-167
-157
-145
-132
-110
-88
-58
-26
-2
28
62
105
158
207
250
295
332
372
405
431
456
478
502
526
539
545
545
533
514
486
446
402
349
304
258
198
141
70
-6
-83
-157
-217
-272
-327
-370
-407
-434
-456
-482
-503
-514
-514
-495
-462
-432
-391
-352
-310
-256
-209
-162
-109
-62
-10
43
76
107
127
141
159
163
162
158
143
122
99
66
32
1
-32
-55
-78
-103
-138
-185
-221
-249
-279
-308
-327
-333
-326
-322
-330
-336
-341
-331
-303
-276
-244
-211
-172
-122
-73
-33
7
48
91
144
194
238
274
301
339
377
406
431
449
469
486
489
486
485
485
496
516
529
527
510
495
472
443
413
382
363
355
349
335
310
270
217
172
131
89
38
-10
-45
-86
-131
-191
-259
-335
-404
-450
-488
-525
-574
-615
-628
-631
-636
-654
-663
-658
-628
-577
-523
-479
-439
-392
-325
-245
-172
-111
-48
19
97
159
191
196
176
156
143
133
110
74
22
-30
-89
-165
-244
-315
-370
-403
-430
-456
-503
-558
-605
-632
-639
-638
-616
-582
-536
-491
-442
-379
-302
-213
-115
-5
112
230
351
475
596
696
800
910
1027
1131
1202
1229
1238
1270
1326
1413
1479
1495
1450
1377
1312
1259
1225
1191
1155
1111
1070
1032
960
832
611
360
162
56
31
0
-78
-262
-493
-735
-923
-1068
-1199
-1300
-1375
-1382
-1376
-1397
-1474
-1597
-1698
-1704
-1578
-1374
-1173
-1023
-917
-827
-729
-603
-472
-322
-132
104
345
512
572
547
501
485
523
589
630
622
560
476
361
211
39
-122
-211
-243
-259
-298
-386
-516
-640
-713
-717
-680
-619
-534
-441
-355
-303
-283
-270
-215
-92
74
244
372
442
485
533
597
657
721
801
891
964
1000
982
904
790
706
679
680
656
591
497
371
234
81
-53
-166
-257
-319
-368
-417
-503
-616
-723
-796
-801
-788
-774
-763
-744
-710
-687
-656
-619
-555
-492
-417
-329
-239
-178
-161
-158
-142
-104
-75
-28
25
43
19
-13
-40
-50
-59
-47
-33
-12
-4
4
30
28
14
14
70
150
226
322
398
456
482
518
580
638
705
753
818
878
909
899
892
902
921
939
961
965
937
906
868
826
802
785
780
768
736
685
619
561
509
483
481
449
379
297
223
152
45
-64
-160
-246
-328
-420
-527
-637
-776
-896
-1024
-1146
-1248
-1337
-1399
-1484
-1556
-1625
-1680
-1737
-1770
-1757
-1726
-1730
-1726
-1692
-1656
-1617
-1567
-1464
-1352
-1269
-1194
-1107
-983
-850
-749
-630
-537
-425
-300
-168
-35
42
108
160
252
369
453
500
534
586
636
665
700
751
802
834
865
951
1044
1115
1175
1214
1237
1264
1329
1450
1548
1643
1722
1818
1907
2004
2051
1882
1531
1284
1408
1656
1747
1633
1490
1243
825
474
375
345
106
-109
-13
134
-150
-742
-1161
-1283
-1331
-1303
-1049
-832
-918
-1203
-1282
-1190
-1237
-1317
-1169
-744
-369
-199
-180
-256
-405
-452
-279
40
266
311
298
301
297
199
30
-111
-125
-19
128
208
144
-68
-342
-487
-476
-427
-421
-417
-364
-325
-357
-458
-598
-760
-820
-694
-434
-288
-327
-437
-519
-546
-557
-486
-372
-285
-239
-163
-41
-22
-158
-265
-237
-112
-67
-101
-70
-26
-51
-152
-191
-197
-314
-451
-397
-245
-199
-339
-436
-411
-444
-503
-507
-401
-363
-372
-277
-168
-227
-357
-336
-187
-91
-51
37
109
94
48
136
250
232
240
364
544
622
571
578
621
660
707
812
920
963
967
1002
1033
996
997
1065
1166
1237
1295
1337
1327
1243
1160
1225
1325
1317
1284
1298
1218
895
566
565
739
721
552
452
355
17
-405
-565
-525
-615
-801
-765
-604
-729
-1140
-1412
-1426
-1440
-1459
-1239
-928
-851
-992
-1043
-944
-899
-879
-696
-352
-70
78
165
196
147
60
97
292
490
535
478
446
371
195
0
-156
-243
-259
-279
-297
-407
-711
-1097
-1362
-1395
-1348
-1361
-1369
-1382
-1494
-1676
-1833
-1930
-1951
-1914
-1794
-1516
-1292
-1250
-1252
-1252
-1193
-1041
-755
-341
28
316
533
635
723
899
1137
1407
1701
1989
2202
2285
2201
2115
2077
2038
2058
2114
2060
1888
1702
1601
1482
1213
1104
1100
983
949
887
762
883
1036
954
1090
1211
728
305
500
872
1203
1375
1174
1015
977
542
98
312
566
306
197
530
579
30
-703
-1123
-1121
-1064
-1121
-979
-703
-873
-1461
-1768
-1671
-1701
-1867
-1698
-1220
-912
-940
-1122
-1284
-1331
-1274
-1090
-718
-377
-320
-400
-356
-270
-342
-525
-588
-364
-4
205
229
169
-17
-279
-332
-129
33
-8
-46
69
112
-78
-359
-534
-576
-587
-546
-407
-420
-716
-1038
-1176
-1244
-1430
-1542
-1382
-1203
-1224
-1296
-1365
-1533
-1735
-1737
-1454
-1133
-979
-928
-816
-730
-810
-792
-492
-139
94
382
669
846
852
828
1030
1272
1493
1762
2082
2280
2250
2111
2087
2109
2068
2165
2336
2335
2194
1973
1723
1586
1369
1068
1229
1347
1013
1079
1137
713
630
681
418
672
994
716
794
1034
714
677
943
761
743
917
726
653
898
842
591
454
375
267
66
-66
-126
-259
-515
-711
-795
-928
-1181
-1450
-1513
-1551
-1667
-1749
-1735
-1796
-1899
-1915
-1847
-1747
-1762
-1727
-1588
-1438
-1345
-1214
-1130
-1048
-961
-878
-766
-735
-707
-662
-574
-517
-446
-414
-427
-473
-551
-579
-560
-591
-645
-616
-610
-631
-689
-832
-898
-885
-956
-1003
-956
-888
-916
-984
-984
-998
-998
-871
-732
-539
-373
-311
-187
8
170
323
494
725
897
1130
1359
1475
1637
1593
1707
1852
1644
1700
2193
1671
1654
2248
1670
1532
1829
1671
1608
1815
1582
1733
1846
1696
1754
1732
2034
2202
2080
2475
2624
1794
1461
1760
1682
1883
2403
2161
1905
1816
1199
479
439
347
-47
58
307
129
-449
-1082
-1761
-2137
-2167
-2077
-1893
-1728
-1720
-2086
-2379
-2486
-2590
-2582
-2317
-1889
-1481
-1151
-1268
-1461
-1498
-1502
-1369
-1050
-592
-382
-307
-310
-256
-287
-473
-513
-373
26
197
272
282
108
-174
-353
-307
-252
-159
-182
-189
-321
-517
-768
-1203
-1405
-1363
-1294
-1357
-1357
-1473
-1798
-2104
-2274
-2260
-2173
-2020
-1995
-1827
-1754
-1922
-1978
-1766
-1500
-1311
-845
-380
-185
-154
-1
179
388
730
1147
1655
1901
1981
1947
1914
1884
1788
1926
2220
2316
2228
2112
1822
1556
1234
973
1123
1224
1243
1010
841
715
281
281
441
353
609
1011
786
899
1218
864
1039
1310
1439
1776
2144
2178
2218
2496
2486
2560
2569
2575
2387
2361
2387
2273
2091
1967
1816
1269
848
611
226
-212
-462
-720
-898
-1143
-1686
-2090
-2351
-2688
-2963
-2951
-2832
-2811
-2871
-2997
-2961
-2898
-2954
-2815
-2457
-2105
-1789
-1604
-1413
-1228
-1208
-1058
-743
-424
-106
65
98
202
263
165
140
265
397
443
449
404
168
-245
-580
-657
-463
-416
-642
-747
-983
-1337
-1757
-1975
-1944
-1988
-2063
-2003
-1852
-2071
-2403
-2585
-2553
-2359
-2101
-1697
-1335
-1083
-1020
-894
-666
-300
58
566
1148
1548
1792
1888
2016
1998
2241
2422
2861
2824
3018
2748
2597
2369
2161
2159
1839
2446
1545
2189
1559
1380
1113
893
1170
804
1252
992
1456
667
1243
1074
672
1591
1287
1259
2189
1995
1517
2301
2234
1652
2470
2612
2236
2826
2824
2450
2558
2468
2024
1949
2066
1772
1630
1640
1277
737
298
27
-500
-826
-1004
-1300
-1631
-1877
-2249
-2762
-3066
-3374
-3679
-3659
-3571
-3571
-3553
-3573
-3686
-3714
-3630
-3436
-3138
-2856
-2538
-2218
-2063
-1867
-1701
-1587
-1366
-1109
-829
-547
-408
-400
-452
-419
-419
-409
-340
-258
-362
-569
-674
-677
-783
-945
-959
-1082
-1162
-1320
-1537
-1566
-1559
-1755
-1816
-1603
-1664
-1831
-1801
-1719
-1648
-1501
-1221
-987
-670
-476
-381
-86
187
396
664
1060
1565
1554
1923
2144
2011
2438
2282
2229
2980
2198
2717
2730
2143
2952
1561
2956
1182
2692
1684
1649
2482
867
2354
880
1873
1272
1687
1284
1822
1668
872
2452
1105
1109
2464
1210
1270
2449
1693
973
2628
1573
843
2511
1493
863
1985
1491
765
1493
1556
680
928
1019
67
85
282
-3
-255
47
-388
-933
-860
-1223
-1757
-1806
-1654
-1945
-2079
-1848
-2257
-2638
-2726
-3055
-3143
-2737
-2666
-2718
-2510
-2553
-2654
-2659
-2520
-2385
-2187
-1804
-1638
-1420
-1251
-1263
-1349
-1238
-1046
-859
-712
-592
-544
-599
-465
-618
-678
-535
-693
-798
-682
-540
-552
-547
-649
-775
-774
-1102
-1034
-1056
-1001
-851
-984
-869
-895
-1184
-1379
-1154
-1173
-998
-687
-705
-327
-308
-591
-61
86
23
639
945
993
1671
1131
1620
1946
1045
2787
1555
2480
2807
2073
2036
2685
2494
496
4149
1496
1486
3878
1398
1394
3126
1792
88
4030
1332
768
3481
1423
989
2326
1658
610
2294
1409
1183
1645
1339
1263
756
1108
1367
713
1000
1657
769
635
1392
692
420
1432
1004
742
1613
1238
558
1036
1050
368
586
974
686
505
457
110
-119
-423
-750
-1006
-1074
-944
-1438
-1777
-1658
-2122
-2767
-2739
-2799
-2923
-2817
-2938
-3144
-3094
-3124
-3322
-3279
-2966
-2852
-2807
-2475
-2222
-2151
-1945
-1886
-1851
-1517
-1125
-1010
-896
-460
-407
-426
-261
-155
-269
-190
-254
-457
-61
103
-164
-306
-166
-715
-962
-975
-1080
-1001
-1081
-1166
-1339
-1281
-1762
-1911
-1884
-1926
-1630
-1621
-1445
-1111
-1087
-1414
-1004
-573
-548
-242
646
616
1196
591
1633
1717
544
3446
1539
2197
3678
2948
554
4888
2373
606
5154
1648
2997
2486
3940
481
3483
2452
735
3028
1723
2517
882
2558
1357
967
1322
1335
1080
907
1721
436
1163
835
443
1104
363
1150
906
898
733
1434
584
660
1640
593
882
1869
1058
731
1855
1067
473
1445
906
364
1039
783
232
395
259
-578
-562
-669
-1230
-1200
-1108
-1740
-2137
-1974
-2624
-2914
-2797
-3115
-3207
-3021
-3233
-3271
-3241
-3253
-3408
-3343
-2906
-2664
-2508
-2329
-1891
-2084
-1811
-1284
-1368
-939
-332
-418
-251
372
228
324
615
684
851
929
1114
852
665
707
451
369
418
359
130
70
-233
-753
-696
-825
-1408
-1197
-879
-1579
-1455
-1225
-2192
-1820
-1259
-2030
-1648
-542
-973
-1784
-56
-275
-1683
615
495
-273
572
2425
-58
299
3563
-200
461
4127
839
-46
4437
1388
-1479
4948
701
-1068
4262
877
-817
2844
1919
-2234
2888
1515
-1820
2159
1733
-1480
1443
1870
-1631
1176
2043
-1443
1173
2186
-1035
1065
1926
-397
735
2194
42
900
2424
433
969
1993
1346
427
2028
2002
376
1978
2187
559
1343
2613
350
952
2725
460
474
2385
616
-87
1811
542
-658
1170
277
-980
195
-26
-1254
-717
-507
-1435
-1398
-1121
-1639
-2037
-1461
-1675
-2329
-1740
-1773
-2334
-2094
-1582
-2057
-2009
-1357
-1769
-1654
-1241
-1256
-1275
-825
-686
-816
-364
-232
-397
-117
30
-34
54
47
-83
-220
-300
-382
-416
-564
-477
-700
-953
-1137
-1277
-1562
-1701
-1455
-2056
-1685
-1657
-2340
-2095
-1760
-2573
-2113
-1312
-2216
-1605
-661
-1849
-1200
42
-1635
-5
469
-308
271
1602
-176
1181
1044
705
1878
538
2306
785
1565
1624
972
344
2936
126
276
3091
-459
488
2335
-551
51
2491
-421
-589
2975
-1195
200
1546
-567
548
791
591
-82
1101
297
690
288
677
1549
-103
1101
2039
-167
1465
1816
865
691
2789
1076
1038
2600
1668
1154
1977
2557
711
2207
2740
1256
1567
2770
1492
1114
2467
1474
1343
2191
1474
1075
1544
919
597
483
652
935
326
123
405
-239
-902
-515
-904
-1195
-771
-1085
-1608
-1375
-1353
-2389
-2340
-1740
-2249
-2187
-1616
-1762
-2165
-1762
-1711
-2330
-1516
-1235
-1682
-1052
-631
-1110
-1058
-573
-1058
-924
-520
-618
-770
-804
-637
-1088
-1173
-1018
-1288
-1402
-1478
-1420
-1781
-1879
-1443
-2416
-1760
-1957
-2217
-1801
-2080
-1907
-1927
-1314
-2394
-1098
-1320
-1540
-1054
-482
-1034
-663
686
-1235
118
1237
-210
42
1685
1136
-142
1516
2234
-851
2647
1456
-253
2503
1393
182
866
2748
-1265
1544
1665
-767
1191
1204
-900
947
1133
-1174
1204
697
-920
1105
974
-1322
1843
620
-280
859
1846
-542
1598
1642
55
2043
1624
1017
1187
2797
1148
1284
2725
1846
1506
1963
2968
801
2139
3261
727
1666
3139
1590
369
3758
1115
517
3213
1146
266
2726
1884
-265
2410
1695
-125
1102
930
-120
528
1033
44
156
469
-541
-753
-774
-876
-1053
-1186
-1073
-1350
-1597
-1764
-2250
-2603
-2023
-2285
-2388
-1613
-1899
-2207
-1912
-2106
-2117
-1633
-1633
-1511
-763
-1078
-1185
-852
-1090
-1223
-877
-754
-838
-728
-899
-1095
-1338
-1301
-1442
-1437
-1697
-1324
-1478
-2213
-1330
-2029
-2198
-1699
-1897
-1740
-1888
-1335
-1571
-2020
-1229
-1269
-1810
-918
-829
-967
-1100
-239
-314
-1791
436
353
-2102
1123
922
-1885
1001
1438
-2049
932
1902
-1781
829
2550
-2138
1771
1142
-973
1486
666
340
795
1573
-160
1704
582
811
1459
538
2078
805
1425
2218
719
1831
2277
1022
1721
3270
754
1690
3674
851
1522
3581
1158
1859
3051
1663
1581
2979
1480
1568
2592
1245
2256
1392
1653
2067
1251
1316
1967
1077
1245
1703
1096
1209
1527
1021
1322
1003
1107
1623
616
1225
1294
457
521
640
227
432
441
84
217
-326
-543
-707
-1178
-993
-1144
-1500
-1497
-1500
-1967
-2194
-2470
-2262
-2387
-2567
-2065
-1935
-2289
-2065
-1960
-2220
-1825
-1586
-1693
-1348
-962
-1238
-1321
-833
-1148
-1192
-834
-1070
-947
-998
-1192
-1533
-1325
-1309
-2272
-1425
-1249
-2738
-1307
-1806
-2693
-1800
-1820
-2662
-2059
-869
-2855
-1659
-987
-2206
-1857
-924
-1041
-2032
223
-1285
-600
-456
-341
-114
-1014
1504
-867
556
797
341
322
551
1539
-869
2325
721
426
1057
2329
-510
866
2833
-772
1515
2252
375
719
2719
129
724
2199
1276
335
2393
1633
658
1966
1268
1579
1016
2109
1607
1242
2104
1404
1481
1441
1599
1775
1267
1787
1732
1471
1140
1883
1269
936
2150
1147
820
2266
1039
481
2282
979
791
1886
1228
705
2063
912
881
2019
1102
938
1597
1743
606
1750
1667
397
1413
1221
191
651
1565
-110
434
955
-565
-260
-84
-978
-1085
-509
-1352
-1759
-897
-1967
-2192
-2078
-2331
-2459
-2386
-2189
-2263
-2323
-2315
-2451
-2455
-2275
-2261
-2187
-1758
-1946
-1948
-1600
-1918
-2013
-1692
-1623
-2094
-1109
-2091
-1768
-1565
-2377
-2030
-1751
-2025
-2499
-923
-2516
-2576
-1011
-2502
-2785
-882
-1520
-2907
-248
-1286
-3218
498
-1573
-2599
629
-313
-2535
1087
218
-2186
1073
319
-920
880
1238
-377
1299
1004
156
1264
1021
1305
843
1629
1853
740
1412
2171
834
1378
2605
861
1691
3077
15
2271
2428
438
2312
2183
791
2219
2049
444
2198
1737
1133
1231
2052
1189
1170
1665
1022
1509
1039
1535
1255
778
2480
315
967
2213
689
616
2455
812
764
2449
337
1389
1908
641
1511
1721
1033
1525
1873
1036
1423
1872
218
1862
1441
688
1740
1324
741
729
1211
-25
387
630
-140
-294
315
-195
-1344
-257
-1299
-1713
-1244
-1544
-1618
-1893
-1497
-2448
-2611
-1628
-2870
-2972
-1670
-2590
-2873
-2120
-2287
-2835
-2417
-2201
-2612
-2352
-1330
-2650
-2315
-961
-2327
-2493
-901
-1434
-2505
-569
-1123
-2790
-214
-1003
-2976
-49
-640
-2398
-822
-369
-2080
-1312
-489
-1394
-1727
-197
-779
-2400
-177
70
-3246
-29
1018
-3207
-41
1642
-2645
-957
2637
-2840
-629
3234
-2519
-34
2779
-1100
-797
3165
-572
-405
3390
-485
756
2499
507
682
2240
1129
1175
2036
975
2337
1119
1421
2233
1114
2004
1466
1795
1674
1434
1666
1754
810
2347
1387
789
2304
1577
273
2331
1589
133
2402
1653
423
1785
2016
418
1267
2358
611
1255
2558
765
1290
2482
739
1265
2416
794
1673
2145
1024
1663
1988
635
1627
1883
555
1509
1423
571
1007
913
145
766
358
-191
17
-231
-394
-1061
-732
-963
-1371
-1263
-1582
-1792
-2000
-1983
-2306
-2581
-1999
-2376
-2696
-2434
-2553
-2774
-2435
-2831
-2531
-1867
-2549
-2305
-1708
-2333
-1944
-1587
-1977
-1566
-682
-2115
-1244
-199
-2680
-406
-430
-2221
-473
99
-2338
-771
406
-2816
-354
-135
-2126
-908
-104
-1835
-1592
54
-1893
-808
-1292
-340
-1159
-1760
373
-1040
-1935
984
-670
-2047
1704
-701
-1549
1497
478
-1804
2215
403
-636
1653
848
145
1234
1428
943
906
1619
1812
327
2084
1635
800
2059
1665
1115
1417
2648
128
1618
2721
-51
1792
2099
585
1259
2007
598
1227
1911
523
1495
1531
701
1406
1168
1180
1012
1464
1072
1321
848
1831
540
1245
1309
1091
1224
286
1992
727
513
933
1663
213
974
1387
-189
1912
346
144
1365
931
66
777
1235
-524
1278
343
-409
763
542
-407
-122
646
-993
-80
-373
-1399
-324
-399
-1637
-1186
-471
-1811
-2034
-1156
-2078
-1884
-1416
-2239
-1853
-1719
-2164
-2363
-1801
-2073
-1632
-1628
-1945
-979
-1790
-1754
-1151
-1460
-1065
-1013
-530
-1216
-656
-655
-1177
-852
-391
-500
-1155
9
-776
-1327
-587
-795
-1321
-896
-242
-1280
-1497
-387
-1133
-2158
-461
-868
-1391
-1137
-393
-1004
-2162
459
-1395
-1536
581
-307
-1709
539
445
-1993
767
532
-182
-418
2028
-12
-583
2275
170
-154
1913
1775
-1265
3051
1662
-1657
2988
2339
-1982
2885
2915
-1919
2352
2517
-1228
1684
2682
-984
1728
2349
-381
354
3039
-387
-132
3311
102
137
2320
1078
-366
2273
861
268
2232
589
590
2473
92
997
2438
187
1294
1734
1058
763
2098
666
1425
1627
592
1802
1128
944
1204
1810
303
1614
1158
596
1451
616
679
1204
598
-20
1313
131
82
680
-166
-95
-23
-861
-155
-583
-1170
-229
-1137
-1681
-870
-1367
-2241
-1332
-1329
-2095
-1696
-1571
-1830
-2216
-1646
-1720
-1909
-1284
-1256
-1715
-1096
-1220
-1514
-933
-1156
-507
-954
-885
-478
-822
-995
-747
-505
-1033
-662
-551
-1437
-625
-966
-1752
-834
-782
-1943
-972
-952
-2058
-1107
-1387
-1690
-1330
-951
-1697
-1309
-753
-1656
-1171
-672
-885
-1025
-610
122
-1389
-491
965
-875
-1052
2236
-473
-1168
2546
-46
-979
2691
-121
-516
2935
56
-393
2367
947
-766
1933
1340
-253
1213
1491
-20
767
1353
716
-186
1878
1092
-426
1288
2232
-1112
1313
2780
-1480
2243
2076
-446
1545
2621
-322
1605
2623
-115
2206
1850
916
1784
2100
1232
1472
1881
1710
1490
1234
2580
1094
1283
2574
900
1312
2279
1100
914
2337
1229
548
2023
1254
521
1079
1559
359
494
1371
379
73
765
277
-638
301
-327
-558
-463
-190
-1194
-1058
-751
-1765
-1383
-1190
-1761
-1561
-1186
-2431
-1581
-1743
-2270
-1879
-1511
-1570
-1836
-1336
-1690
-1872
-1260
-1725
-1592
-585
-1335
-1575
-760
-1297
-1961
-785
-1213
-1722
-863
-832
-2422
-1159
-1221
-2604
-1446
-1191
-2240
-1756
-1143
-2746
-1880
-1551
-2348
-2194
-776
-2217
-2109
-937
-1917
-1840
-1339
-862
-1153
-1146
-595
-741
-1103
-144
-458
-434
566
99
-474
1215
138
-64
1286
1099
-5
1241
1954
-274
1392
1678
695
1168
1655
1270
1037
1880
683
1476
1611
1510
846
2034
1921
384
2288
1281
1393
1842
1668
1603
2228
1149
1898
2129
1277
1764
2424
1786
1349
2379
2057
1411
1751
2489
1445
1656
2601
1291
1656
2666
916
1541
2630
951
1566
2254
1261
1256
1774
1436
1109
1565
1273
1432
953
931
1283
427
857
719
417
225
340
-325
-438
97
-982
-778
-309
-1349
-1604
-1031
-1838
-1992
-1474
-2038
-2061
-1920
-2240
-2564
-2225
-2142
-2685
-1938
-1929
-2557
-1825
-2143
-2225
-2004
-1818
-1552
-1721
-1571
-1529
-1451
-1888
-1545
-1406
-1188
-1519
-1248
-1503
-1279
-1850
-1644
-1571
-1745
-915
-2532
-1410
-1173
-2540
-1976
-1443
-2010
-2002
-833
-2457
-1659
-722
-2567
-1296
-1101
-1180
-995
-871
-963
-643
-404
-623
-150
-191
671
-118
113
1036
355
619
1263
907
807
2198
353
1587
2173
560
1974
2109
694
2423
1598
724
2659
1816
393
2803
1704
583
3149
280
1888
2636
658
1503
2528
1127
1478
2188
893
2338
1709
1244
2421
1564
1565
1893
1914
1458
2022
1811
1683
1936
1889
1445
2039
2082
1288
2153
1606
1788
1906
1657
1549
1839
1670
1457
1232
1299
2003
736
852
1446
641
673
794
189
406
460
-617
-525
-299
-571
-1081
-1062
-1420
-1638
-1753
-2242
-2259
-2060
-2286
-2755
-2726
-2762
-2727
-2837
-3212
-2866
-2471
-2923
-2817
-2529
-2574
-2632
-2282
-2031
-1998
-1783
-1682
-1612
-1803
-1265
-1342
-1399
-1003
-1112
-1167
-1186
-1050
-1586
-1373
-1023
-1269
-1514
-922
-1716
-1768
-1295
-1574
-1559
-1376
-1237
-1884
-1110
-1456
-1288
-1210
-1003
-872
-1078
-200
-767
-557
-185
-388
-296
405
387
392
187
714
793
273
1353
788
1321
645
1582
1072
810
2369
492
1486
2200
1698
622
2625
1538
1167
1633
1936
1322
1970
1832
1075
1676
2208
1535
658
2842
985
1656
1666
1458
868
2524
1077
756
3103
648
2041
1789
1316
1361
2784
1342
1187
2958
1543
1668
2052
2390
891
2716
2190
1196
2266
2350
1328
1585
2482
1385
1460
1893
1235
527
1512
784
205
596
434
-308
-759
-147
-947
-1307
-1329
-1322
-1987
-1810
-1741
-2668
-2261
-2522
-2706
-2667
-2278
-2604
-2925
-2288
-2382
-2513
-2248
-1853
-1905
-2016
-1384
-1591
-1556
-860
-1524
-1343
-575
-727
-2030
-530
-898
-1936
-513
-1071
-2038
-1284
-895
-2992
-1310
-765
-2803
-2157
-1195
-2589
-2708
-928
-2655
-2553
-811
-2258
-2520
-921
-1662
-2460
-633
-1063
-1802
-138
-695
-1369
-497
549
-808
15
893
-143
-38
1179
348
429
2087
158
330
2407
1446
-273
2568
1111
749
1933
881
1296
1812
1070
399
2570
301
1600
1663
498
1524
1517
559
1213
2160
-159
1838
1871
827
1574
1871
1141
1566
2131
1534
1844
1774
2246
1509
2114
2915
1708
1574
3046
1738
2006
2805
2084
2052
2845
2036
2177
2705
2027
2097
1885
1632
1315
1432
1294
1419
619
307
536
-269
-589
-296
-843
-1218
-679
-1486
-2118
-1787
-1988
-2415
-2310
-2081
-2222
-2168
-2405
-2198
-2069
-1962
-1941
-1405
-887
-1017
-1168
-794
-445
-374
-185
-81
-26
266
190
-97
233
-103
-517
-341
-376
-573
-357
-1225
-1577
-1268
-2042
-1760
-1930
-2320
-2288
-2412
-2917
-2693
-2789
-3097
-2933
-2895
-2529
-2698
-2525
-2861
-2641
-2192
-2142
-1693
-1615
-1305
-1759
-1457
-394
-1062
-313
118
-589
551
-168
514
588
754
378
1227
1166
275
841
1284
895
97
1667
1065
373
923
871
393
1133
916
-198
1513
1060
-140
1489
809
1180
1195
1626
1001
1741
1748
1479
2159
2201
3040
1935
2292
2954
2997
2724
3341
2919
3331
3523
2891
3611
4037
3062
3306
4026
2976
3648
3341
1751
1340
2087
2594
3135
1967
8
-24
-235
-341
-150
204
-259
-1162
-2526
-2538
-1876
-1707
-2426
-2749
-1980
-1900
-2384
-2877
-2490
-1943
-1547
-1355
-736
-471
-957
-1260
-619
529
945
712
479
627
808
786
652
728
981
642
236
453
299
-474
-896
-891
-801
-1016
-1517
-1992
-2118
-2594
-3282
-2918
-2784
-3168
-3600
-3653
-3762
-3903
-3729
-3848
-3824
-3405
-3215
-3627
-3452
-2954
-2614
-2358
-1960
-1680
-1426
-1319
-1319
-299
364
208
201
880
774
856
1139
1388
1803
1614
1490
1052
1496
1738
1102
1316
1314
857
605
367
633
633
197
206
708
45
-135
244
120
828
395
630
1027
1287
633
1579
2217
2009
2267
2256
2764
2887
3446
3323
3787
3664
3677
4069
4222
4270
4702
4338
3633
3227
2106
1592
2678
4302
3503
778
-1031
-510
-75
-1108
-1397
-277
-282
-2871
-5107
-4441
-2685
-2819
-4106
-4052
-2782
-3102
-4574
-4599
-2902
-1877
-2156
-2050
-817
-176
-1137
-1458
15
1988
2214
1368
1450
2108
2289
1754
2011
2766
3026
2580
1848
1657
1627
1127
580
797
1116
768
-561
-1818
-2273
-1947
-1895
-2025
-2554
-3515
-4456
-4589
-4175
-4415
-4546
-4555
-4640
-5151
-5306
-4776
-4309
-4131
-3939
-3384
-2936
-2807
-2715
-2056
-1101
-415
56
416
786
1153
1269
1833
2627
3177
3069
2579
2724
3042
3086
2763
2755
2607
2180
1691
1472
1398
978
554
621
469
292
-309
-433
-215
-355
1
208
438
143
575
726
1249
1825
1999
2217
2545
3067
3304
3676
3790
4308
4563
4517
4752
5154
5297
5052
4960
4056
2456
1907
3197
5069
4097
1117
-885
-868
-573
-1355
-1374
-545
-1026
-4059
-6185
-5194
-3413
-3729
-5334
-5140
-4098
-4207
-5277
-5246
-3878
-3143
-2998
-2328
-1155
-896
-1606
-1637
-78
1828
2256
1799
1612
2087
2561
2665
2775
3064
3324
3089
2683
2639
2305
1556
1081
1371
1846
1343
77
-994
-1333
-1681
-2013
-2059
-1990
-2608
-3956
-4756
-4494
-3873
-4242
-5075
-5093
-4510
-4574
-5130
-4917
-4025
-3682
-3786
-3287
-2337
-1908
-2181
-1844
-501
545
786
954
1401
2015
2316
2657
3345
3764
3697
3220
3281
3793
4102
3432
2619
2455
2447
2152
1578
1336
1172
579
-151
-254
27
-223
-904
-1025
-556
-325
-332
-484
-240
264
618
796
1270
1930
1959
2289
2915
3730
3637
3344
3647
4483
5002
5222
5239
5132
4376
1878
619
1889
5391
5880
2196
-1746
-2737
-1528
-1838
-2321
-1319
-435
-3569
-8170
-8426
-5326
-3834
-5658
-6738
-5629
-5163
-6722
-7638
-5590
-3342
-3285
-3653
-2470
-990
-1583
-2508
-1318
1591
3503
2854
1776
1975
2972
3047
3129
4192
4960
4369
2910
2393
2974
3072
2112
1583
1897
1608
573
-772
-1149
-1267
-1638
-2465
-3380
-3815
-4094
-4370
-4636
-4822
-5221
-5618
-5956
-5711
-5205
-4767
-4575
-4564
-4281
-3781
-3008
-2288
-1664
-1093
-490
132
902
1814
2404
2807
3234
4045
4449
4400
4608
5057
5315
5097
4891
4537
4078
3761
3702
3513
3023
2171
1271
857
1046
1135
661
127
-397
-533
-332
184
726
757
571
714
1378
2064
2442
2681
2928
3608
4440
4689
4473
4404
4541
5082
5693
6381
5981
5319
2714
140
280
3571
6388
3772
-1158
-4097
-3411
-3019
-3815
-3174
-1670
-2816
-7864
-10626
-8393
-5360
-5930
-7909
-7050
-5524
-6300
-8216
-7676
-4878
-3240
-3292
-2870
-997
-599
-2305
-2425
278
3550
4097
2703
1823
2548
3090
2485
3130
4292
4317
2878
1764
2106
2390
1305
-430
-103
945
700
-914
-2384
-2801
-3247
-3180
-3183
-3637
-4374
-5423
-5469
-4786
-4042
-4167
-5059
-5445
-4953
-3893
-3048
-2437
-2368
-2466
-2012
-942
369
911
1152
1129
1604
2904
3859
4043
3819
4033
4317
4755
5108
5098
4943
4415
4146
4006
3856
3536
3293
2932
2124
1687
1262
754
610
1008
980
528
156
-23
364
895
1487
2168
2626
2488
2351
3005
3740
4431
5058
5224
5070
4924
4870
5231
5616
5614
5750
5886
5385
2421
-824
-1463
1193
4471
3151
-1614
-5204
-5665
-5878
-6676
-5345
-2980
-3674
-8862
-12390
-10428
-6958
-6785
-8640
-8016
-5977
-5814
-7331
-7264
-4901
-3518
-3346
-2050
807
1798
-379
-2218
-686
3120
5112
4350
3136
3119
2904
1708
1688
2719
3291
2333
820
546
566
-741
-2736
-2988
-2019
-1474
-2035
-3681
-4986
-5896
-6400
-6026
-5141
-4744
-5718
-6691
-6599
-5558
-4914
-4986
-4719
-4081
-3186
-2531
-1845
-1227
-908
-149
905
2220
3071
3034
2650
3176
4612
5392
5405
5284
5229
4982
4996
5548
5698
5172
4262
3708
3623
3648
3521
2953
2262
1582
1210
980
728
952
1137
1019
1028
1147
1298
1615
2306
3317
4300
4897
5015
5299
5760
6313
7147
8034
8382
8059
7564
7567
7675
7374
7383
7392
7141
5348
1488
-1240
-973
2055
3286
245
-3993
-6199
-7129
-8917
-9076
-6439
-4242
-6833
-11933
-13283
-10841
-8628
-9153
-9255
-7207
-5703
-6238
-7122
-5632
-3542
-2904
-2168
576
3503
3282
967
41
2097
4795
5755
5474
5202
4836
3011
1388
1456
2137
2154
1108
75
-658
-1719
-3540
-5133
-5427
-5072
-4361
-4359
-5352
-6800
-8357
-9001
-8594
-7387
-6654
-6277
-5878
-6037
-6309
-6452
-5537
-4148
-2733
-1377
-473
37
-304
-307
819
2777
4261
4694
4624
4154
4104
4446
5014
5533
5553
5027
4265
4149
4137
3893
3175
2343
2024
1925
2038
1682
1288
737
0
-223
7
735
1219
1346
1185
1425
2098
2562
3294
4466
5761
6271
6279
6517
7180
7780
8381
9082
9287
8996
7968
7943
8453
8456
7869
6810
6289
3712
-32
-2290
-675
2852
2122
-2198
-6060
-6993
-8314
-10241
-9197
-5611
-4168
-8470
-12877
-12313
-8996
-8328
-9561
-8013
-5069
-4210
-5383
-5278
-3374
-2183
-2117
-938
2700
5502
4633
1990
1256
2772
4029
4759
5398
5963
4963
2058
-366
-869
-88
-197
-963
-1308
-2042
-3881
-6363
-8065
-7978
-6842
-6213
-6380
-6706
-7665
-9245
-10360
-10216
-8364
-6574
-5446
-4795
-4671
-5029
-5648
-5176
-3356
-713
745
1239
1510
1442
1347
1528
2851
4353
5016
4593
4423
4722
4476
3711
3114
3520
4064
4089
3862
3377
2308
769
-18
559
1859
2643
1845
647
-232
-729
-427
835
2499
3083
3004
2782
2949
3622
4660
6236
7587
8432
8513
8406
8502
8934
9659
9955
10140
9702
9413
9187
8500
8038
7396
7126
4593
425
-2524
-1586
2301
2428
-989
-4988
-6923
-8689
-10678
-9383
-5727
-3735
-7094
-11231
-11288
-8511
-7532
-8633
-7590
-5200
-3598
-3094
-2281
-1002
-1132
-2189
-1479
2735
6685
7116
5255
3565
3192
2880
3529
5162
6703
6151
3393
778
-753
-869
-1853
-2842
-2435
-2403
-3422
-5330
-7337
-8799
-9267
-9025
-8157
-6766
-6585
-7576
-9158
-10425
-10049
-8726
-6448
-4136
-2837
-2861
-3869
-4615
-3983
-1655
25
1400
2796
3162
2968
2308
2046
2425
3323
3624
3950
4678
4637
3718
1976
959
990
1679
2500
2711
2142
807
-674
-1644
-1042
388
767
626
366
-161
-467
-174
683
1498
2179
2583
3333
4320
4889
5414
6001
6972
7723
8165
8410
8989
9603
9315
8910
8508
8793
8761
8100
7533
6986
6462
4117
761
-2377
-2479
321
1638
246
-3825
-7041
-8774
-9681
-9354
-7712
-5301
-5354
-7905
-10437
-9693
-7262
-6344
-6646
-6859
-4919
-1970
-165
106
-357
-915
-945
948
3709
6182
7125
6107
4331
2696
2383
3123
4549
4764
3459
1817
259
-488
-1583
-3117
-4299
-4424
-4413
-4825
-5315
-6439
-7544
-8479
-8881
-8524
-7510
-6468
-6407
-6834
-7448
-7441
-6321
-4572
-3003
-2146
-1841
-1834
-1371
-559
240
956
1861
2871
3447
3479
3102
2778
2633
2605
2759
3181
3624
3414
2338
1323
941
964
1068
989
726
525
177
-325
-375
-112
-98
-437
-430
-17
623
1195
1565
1713
1805
2030
2472
3719
4894
5628
5941
6140
6267
6673
7001
7257
7785
7913
7743
7459
7185
6778
6349
5680
5390
5197
4403
2654
473
-1605
-1724
-520
365
-35
-2180
-4693
-6977
-7627
-6949
-5079
-4077
-4827
-6543
-7434
-6619
-5292
-4619
-5063
-5317
-4638
-2925
-951
549
686
-202
-882
-386
1387
3510
4550
4117
2850
1771
1574
2096
2583
2187
1065
-115
-739
-883
-971
-1424
-2421
-3716
-4872
-5166
-4696
-4069
-3911
-4426
-5264
-5877
-5693
-4984
-4084
-3295
-3125
-3294
-3025
-2152
-1031
61
698
639
491
696
1360
2369
3462
3949
3626
2935
2475
2514
2744
3019
2877
2503
2197
1899
1458
1136
856
365
-191
-606
-582
-511
-797
-1149
-1348
-1650
-1983
-2032
-1894
-1514
-783
-256
-300
-390
-241
-148
646
1893
2841
3599
3857
3409
3347
3867
4278
4863
5245
5036
4745
4549
4174
3989
3640
2956
2481
2209
1872
1463
773
-157
-642
-791
-769
-852
-1328
-2099
-2486
-2468
-2318
-2141
-2227
-2411
-2555
-2500
-1891
-1081
-938
-1255
-1526
-1592
-1204
-554
-181
-16
-2
-308
-544
-398
-174
-248
-677
-1032
-1073
-1136
-1333
-1441
-1770
-2297
-2701
-3037
-3203
-3104
-3151
-3595
-4068
-4262
-4196
-4094
-3912
-3634
-3541
-3630
-3539
-3195
-2660
-1952
-1361
-1059
-876
-637
-331
-10
411
966
1484
1994
2313
2316
2115
1802
1474
1455
1651
1975
2161
1816
1195
612
137
32
58
-31
-20
-245
-481
-392
-361
-284
-122
-417
-474
36
577
1265
1723
1748
1888
1987
2164
3059
3982
4422
4332
3931
4017
4407
4759
5416
5719
5361
5081
4513
4126
4436
4400
3950
3735
3170
2524
2134
1712
1597
1572
1072
508
32
-402
-497
-665
-886
-828
-815
-774
-529
-416
-239
-80
-361
-580
-769
-1417
-1952
-2025
-1565
-568
131
-78
-1023
-2460
-3577
-3659
-3191
-2350
-1808
-2199
-2869
-3161
-3328
-3237
-3165
-3482
-3915
-4150
-3997
-3331
-2582
-2167
-2172
-2736
-3335
-3589
-3464
-3069
-2534
-2247
-2206
-2217
-2269
-2313
-2343
-2346
-2414
-2616
-2833
-2795
-2349
-1665
-1260
-1429
-1979
-2565
-2824
-2487
-1560
-530
195
186
-166
-243
205
931
1667
2135
2230
2245
2241
2387
2652
2891
2842
2665
2503
2445
2514
2564
2469
2379
2326
2183
2138
2226
2449
2535
2370
2272
2535
2826
3155
3449
3254
3034
3037
3151
3850
4883
5275
5248
4930
4391
4269
4428
4310
4462
4755
4915
5088
4928
4279
3653
2971
2293
2077
2072
1866
1499
1057
925
1211
1038
327
-1308
-3496
-6036
-7452
-7370
-5389
-3146
-2482
-3506
-5948
-7933
-9063
-8287
-6997
-5227
-4795
-4996
-4757
-3216
-1240
-203
-562
-1779
-2460
-2247
-822
1214
2958
3391
2893
2065
1602
973
134
-846
-1419
-1675
-1965
-2416
-2997
-3456
-4194
-5263
-6651
-8077
-8956
-9182
-8533
-7680
-7063
-7133
-7642
-7799
-7465
-6462
-5586
-4576
-3435
-1896
-166
1251
2542
3259
3833
4029
4390
4787
5225
5774
6358
6994
6998
6197
4966
3921
3474
3272
3150
2765
2189
1647
1284
1265
1245
1044
628
289
382
653
1116
1393
1733
2376
3282
4213
4739
5022
5080
5364
5846
6473
7218
7900
8459
8766
8779
8555
8299
8054
7772
7383
7049
6354
5551
4555
3916
3492
3055
2268
619
-1862
-5146
-8174
-9358
-8701
-6442
-5337
-5280
-7351
-9144
-10441
-9987
-8222
-6676
-5862
-6568
-5990
-4353
-923
1558
2866
2556
1727
1334
2036
3941
5759
6762
6596
6176
5646
5213
4360
3411
2092
648
-1200
-3041
-4367
-5249
-5600
-6358
-7501
-9489
-11246
-12468
-12592
-12092
-11744
-11847
-12362
-12528
-11875
-10323
-8378
-6642
-5223
-4147
-3055
-1729
-251
1425
2655
3761
4465
5124
5496
5809
6218
6244
5852
4507
3298
2365
2107
2077
1992
1762
947
20
-949
-1295
-1364
-1336
-1263
-1154
-798
-542
-255
128
875
1876
2691
3209
3429
3841
4531
5660
6953
8171
8841
8995
8889
9047
9341
9703
9973
10264
10263
9960
9032
8040
7095
6468
6047
5285
4274
1794
-876
-4736
-7050
-8452
-7593
-6655
-6553
-7422
-9274
-9753
-10230
-9020
-8325
-7034
-6765
-6671
-6016
-4185
-1078
1416
3218
3836
4316
4450
4812
5537
6723
7536
7625
7014
6418
6121
5808
5300
4086
2374
-136
-2516
-4299
-4989
-5255
-5990
-7430
-9252
-10398
-10637
-10098
-9673
-9744
-10368
-11037
-11149
-10360
-8674
-6682
-5011
-3887
-3017
-1997
-896
321
1283
2039
2215
2055
1957
2094
2509
2609
2622
2188
1583
725
-5
-331
-634
-952
-1561
-1940
-2076
-1940
-1549
-1109
-592
-455
-587
-697
-392
430
1219
1879
2212
2493
2835
3402
4321
5247
5905
6138
6237
6675
7221
7861
8251
8599
8868
8796
8793
8424
8513
8061
7803
7147
6406
5349
2814
-134
-4115
-5654
-6099
-4423
-3944
-4243
-5372
-6641
-6803
-6967
-5476
-4735
-3975
-4970
-5277
-4384
-1882
942
2870
4229
4570
4666
4253
4694
5511
6402
6201
5227
4251
3658
3666
3430
3228
2165
578
-1712
-3564
-4448
-4652
-4864
-5938
-7181
-8029
-7913
-7217
-6512
-5997
-5970
-6215
-6577
-6330
-5260
-3750
-2476
-1745
-1139
-529
230
946
1855
2572
2762
1983
966
172
-105
-173
-386
-745
-1593
-2475
-3340
-3386
-3052
-2703
-2905
-3553
-4030
-4176
-3683
-2971
-2073
-1429
-1080
-904
-450
466
1577
2426
2803
2718
2534
2604
3175
4144
5113
5689
5889
5947
6212
6682
7243
7709
7648
7231
6195
5836
5642
6246
6378
5941
4722
2216
-342
-3959
-5514
-6436
-5211
-4950
-5253
-6031
-6403
-5302
-4432
-2777
-2099
-1573
-2504
-3261
-2853
-642
2116
3806
4568
4907
5537
6137
6840
7504
7723
6736
4802
2940
2058
1898
1534
675
-608
-2004
-3517
-4652
-5255
-5249
-5733
-6862
-8515
-9374
-9065
-8093
-6925
-6278
-5740
-5553
-5240
-4463
-2953
-967
180
526
265
660
1663
2969
4159
4684
4607
3658
2606
2058
2134
2200
1352
-79
-1766
-2824
-2967
-2315
-1390
-1168
-1710
-2759
-3252
-3063
-2338
-1579
-1273
-1473
-2103
-2205
-1485
-13
1189
1699
1572
1348
1343
1659
2455
3346
3878
3596
3005
2971
3716
5063
5945
6227
5422
4416
3986
4269
5497
5749
5440
3165
504
-2800
-5229
-5599
-5084
-3879
-4913
-5761
-6790
-5716
-4184
-2601
-1331
-1045
-1199
-2294
-2024
-466
2463
4362
4845
4655
4877
6126
7428
8713
9081
8459
6588
4489
3335
3262
3389
2211
24
-2474
-4266
-4928
-4880
-4409
-4693
-5950
-7937
-9294
-9033
-7792
-6543
-6151
-6482
-6744
-6478
-4970
-2724
-432
719
575
308
647
2050
3283
4119
4002
3281
2390
1921
2354
2928
3038
1899
276
-1102
-1702
-1425
-804
-311
-673
-1449
-2052
-1692
-524
516
971
527
-201
-891
-911
-271
490
898
607
343
287
913
1721
2607
3160
3044
2536
1877
2061
2689
3309
3091
2290
1947
2129
3027
3427
3436
2851
1200
-1276
-4674
-6290
-6625
-5517
-5624
-6495
-7161
-6726
-5057
-3847
-2113
-932
248
-91
-502
-176
1478
3306
3958
4102
4074
4912
5803
6971
7925
8298
7734
6296
5088
4309
3810
2659
900
-998
-2586
-3516
-4087
-4117
-3897
-3893
-4420
-5430
-5935
-5845
-5235
-4954
-4964
-4846
-4254
-3192
-1932
-679
417
1130
1635
2095
2563
2849
2651
2299
1698
1176
486
18
-207
-445
-968
-1880
-2354
-2441
-2097
-2083
-2297
-2382
-2099
-1387
-800
-219
71
417
744
1117
1612
2061
2549
2800
3005
3051
3127
3281
3539
3769
3722
3599
3509
3745
4012
3984
3555
2810
2323
1988
1915
1653
1077
204
-1610
-3729
-6382
-7397
-7459
-6804
-7486
-8908
-9433
-8601
-6672
-5655
-4333
-3129
-1563
-1287
-1256
-276
1848
3672
3640
3033
3025
4417
5966
7057
7466
7257
6622
5748
5263
5016
4447
3042
878
-1199
-2783
-3658
-4156
-4499
-4801
-5363
-6004
-6455
-6010
-4926
-4153
-4267
-4757
-4278
-2703
-797
561
1379
2243
3036
3930
4759
5849
6742
6913
6342
5228
4490
3988
3856
3248
2094
662
-346
-404
-223
-151
-628
-918
-983
-911
-1001
-1143
-1047
-935
-1050
-1373
-1446
-992
-389
-87
-217
-321
-39
530
1149
1485
1743
1890
2251
2398
2523
2307
2452
2625
2821
2525
1985
1687
797
-688
-3319
-4671
-5076
-4683
-5646
-7036
-7405
-6501
-5215
-4993
-4162
-2812
-1147
-1098
-1435
-803
928
1965
1202
251
402
1763
2744
3153
3368
3789
4001
3865
3773
3750
3334
1914
-173
-2182
-3551
-4362
-4907
-5377
-5945
-6661
-7290
-7213
-6216
-4962
-4507
-4821
-4934
-4076
-2736
-1682
-851
217
1447
2119
2493
3313
4868
6042
5953
5127
4663
4949
5102
4691
3799
3086
2669
2484
2480
2587
2885
3191
3444
3434
3362
3572
4096
4408
4001
3334
3170
3617
3839
3398
2816
2698
2847
2615
2094
1802
1953
1876
1276
532
308
481
273
-541
-1635
-2311
-3145
-4599
-6588
-7843
-7813
-7563
-7975
-8826
-8446
-7045
-5694
-5087
-4120
-2173
-548
-332
-756
160
1936
2720
1766
910
1586
2902
3327
2861
2806
3235
3327
2610
1939
1712
1415
328
-1336
-2728
-3656
-4275
-4995
-5734
-6555
-7330
-7835
-7864
-7417
-7005
-6677
-6347
-5570
-4487
-3324
-2147
-940
310
1179
1826
2508
3571
4516
4798
4527
4252
4423
4545
4318
3739
3262
2901
2449
1997
1788
1978
2195
2202
2067
2102
2418
2795
3059
3200
3398
3696
3932
4008
3977
4117
4490
4824
4874
4707
4786
5139
5485
5485
5311
5252
5060
4439
3358
2395
1378
-315
-2815
-5029
-5846
-5979
-6646
-7989
-8486
-7618
-6455
-5882
-5209
-3393
-1493
-859
-1179
-593
1072
1914
1026
-230
22
1099
1465
947
775
1358
1593
1137
637
793
843
-46
-1558
-2871
-3605
-4381
-5307
-6293
-7091
-7754
-8285
-8379
-8173
-7683
-7198
-6531
-5729
-4811
-3663
-2367
-987
-31
682
1337
2237
3124
3674
3983
4092
4224
4181
4216
4282
4326
4105
3573
3088
2724
2626
2487
2346
2115
1916
1834
1886
2180
2455
2667
2646
2627
2657
2692
2606
2357
2217
2164
2230
2258
2430
2784
3234
3649
3863
3956
3827
3608
3160
2198
517
-1462
-2890
-3738
-4653
-5995
-6877
-6590
-5695
-5149
-4732
-3421
-1495
-215
48
613
2154
3409
3143
1999
1668
2171
2374
1847
1401
1486
1441
1019
728
1019
1167
512
-693
-1796
-2579
-3379
-4213
-5223
-6479
-7842
-8674
-8640
-8344
-8253
-8172
-7464
-6365
-5338
-4260
-2683
-877
236
686
1317
2603
3712
3954
3779
3911
4234
4099
3674
3534
3664
3375
2516
1795
1640
1668
1343
877
701
834
977
1074
1366
1844
2336
2722
3057
3385
3707
4016
4176
4110
3938
4015
4371
4613
4517
4388
4564
4779
4712
4406
3956
2909
931
-1286
-2792
-3786
-5349
-7475
-8934
-9074
-8753
-8581
-7743
-5663
-3395
-2241
-1512
276
2777
4062
3627
3114
3612
4190
3765
2959
2765
2891
2487
1825
1758
2107
1927
976
-59
-860
-1756
-2941
-4307
-5903
-7813
-9536
-10462
-10835
-11344
-11832
-11497
-10245
-8837
-7520
-5699
-3311
-1300
-178
860
2533
4158
4736
4579
4726
5256
5396
5056
4972
5323
5364
4711
3997
3796
3781
3373
2672
2138
1814
1460
1125
1080
1331
1593
1705
1758
1861
1993
2088
2094
2037
2065
2269
2525
2648
2796
3218
3794
4181
4333
4370
3967
2657
819
-500
-1153
-2218
-4255
-6236
-7032
-7045
-7136
-6925
-5591
-3706
-2586
-2034
-548
2058
4034
4291
3939
4318
5037
5072
4593
4389
4336
3779
2955
2664
2852
2709
1972
1123
359
-568
-1668
-2768
-4079
-5896
-7791
-9024
-9725
-10574
-11462
-11551
-10725
-9779
-8965
-7609
-5523
-3622
-2505
-1474
166
1792
2459
2452
2733
3347
3584
3404
3512
4048
4296
3936
3609
3848
4251
4187
3703
3290
3103
2917
2643
2446
2384
2294
2062
1749
1516
1459
1510
1517
1421
1375
1595
2028
2390
2572
2758
3050
3236
2973
2215
1206
213
-707
-1710
-2855
-3976
-4818
-5290
-5487
-5442
-5018
-4263
-3519
-2948
-2221
-1034
284
1069
1229
1350
1781
2252
2448
2460
2484
2433
2185
1937
1916
1936
1625
929
112
-603
-1212
-1854
-2678
-3727
-4799
-5595
-6078
-6502
-6927
-7073
-6797
-6335
-5831
-5005
-3675
-2250
-1201
-317
911
2323
3232
3485
3666
4068
4260
3913
3425
3299
3365
3206
2958
3038
3382
3500
3292
3176
3343
3434
3103
2532
2123
1946
1795
1608
1501
1539
1661
1845
2175
2697
3293
3752
3963
3995
3957
3765
3177
2110
820
-386
-1528
-2818
-4204
-5315
-5944
-6250
-6377
-6204
-5615
-4817
-4035
-3143
-1930
-601
360
806
1096
1551
2059
2327
2284
2081
1827
1569
1381
1295
1182
843
224
-531
-1252
-1872
-2509
-3370
-4496
-5674
-6602
-7227
-7718
-8142
-8344
-8173
-7710
-7067
-6179
-4991
-3696
-2522
-1424
-201
1070
2061
2620
2968
3329
3618
3660
3522
3384
3322
3277
3272
3408
3624
3739
3669
3550
3537
3584
3495
3192
2813
2541
2420
2381
2396
2513
2717
2921
3138
3542
4185
4826
5174
5240
5239
5138
4686
3849
2924
2064
1036
-309
-1634
-2495
-2947
-3352
-3709
-3689
-3256
-2715
-2218
-1498
-449
479
892
966
1153
1528
1747
1616
1270
885
495
92
-260
-554
-897
-1411
-2076
-2751
-3293
-3676
-4092
-4763
-5645
-6419
-6902
-7237
-7620
-7944
-7947
-7643
-7251
-6772
-5972
-4854
-3750
-2841
-1903
-736
441
1279
1798
2302
2857
3229
3319
3315
3391
3465
3387
3263
3260
3327
3267
3009
2715
2508
2318
2030
1648
1293
1043
883
829
899
1058
1239
1442
1739
2152
2596
2985
3268
3371
3198
2799
2426
2129
1677
922
81
-509
-862
-1205
-1499
-1452
-1096
-768
-529
-26
890
1785
2242
2410
2700
3114
3309
3218
3081
2993
2770
2342
1938
1710
1464
993
365
-241
-745
-1213
-1746
-2394
-3150
-3895
-4548
-5130
-5723
-6274
-6633
-6790
-6874
-6872
-6571
-5948
-5268
-4714
-4095
-3202
-2216
-1513
-1079
-567
99
591
746
859
1206
1616
1787
1829
2075
2511
2755
2673
2549
2593
2635
2406
1979
1638
1461
1306
1117
1000
1001
1049
1104
1211
1386
1553
1639
1599
1338
820
240
-171
-517
-1108
-1944
-2598
-2793
-2760
-2793
-2720
-2236
-1493
-864
-312
555
1748
2736
3119
3196
3475
3918
4102
3875
3524
3301
3100
2735
2304
2032
1900
1613
1012
341
-71
-289
-706
-1467
-2277
-2840
-3243
-3725
-4249
-4522
-4482
-4402
-4425
-4304
-3796
-3108
-2581
-2217
-1744
-1098
-545
-261
-39
326
702
856
847
949
1217
1447
1545
1652
1880
2113
2211
2229
2287
2396
2417
2284
2116
2040
2062
2098
2088
2078
2119
2179
2190
2131
2072
1989
1745
1261
627
35
-492
-1076
-1766
-2428
-2940
-3311
-3588
-3717
-3613
-3328
-3015
-2677
-2180
-1510
-810
-199
303
702
1027
1257
1402
1456
1389
1220
1002
768
472
148
-134
-373
-667
-1018
-1304
-1490
-1707
-2036
-2352
-2554
-2708
-2927
-3160
-3268
-3213
-3111
-3010
-2794
-2434
-2040
-1674
-1260
-757
-255
143
445
740
1042
1279
1425
1536
1620
1643
1604
1564
1567
1568
1544
1512
1496
1508
1551
1621
1693
1776
1889
2030
2169
2274
2389
2558
2697
2732
2695
2685
2655
2475
2177
1907
1686
1379
939
553
360
219
0
-191
-178
-30
63
127
336
685
933
993
1067
1246
1341
1231
1046
930
805
536
234
85
24
-147
-415
-583
-622
-743
-1012
-1260
-1426
-1685
-2128
-2566
-2845
-3091
-3454
-3816
-3956
-3928
-3917
-3901
-3694
-3306
-2964
-2742
-2474
-2097
-1803
-1725
-1723
-1649
-1587
-1676
-1845
-1907
-1861
-1852
-1884
-1810
-1576
-1323
-1145
-935
-610
-282
-70
78
284
514
646
705
809
986
1143
1261
1459
1774
2120
2421
2736
3116
3480
3729
3858
3932
3925
3752
3415
3012
2580
2065
1473
921
490
126
-200
-418
-465
-390
-278
-116
139
432
652
803
941
1054
1069
977
864
773
654
497
390
373
392
405
460
597
754
860
932
1016
1070
1027
910
780
640
431
191
5
-129
-255
-367
-406
-353
-289
-250
-176
-62
14
5
-37
-75
-160
-360
-613
-837
-1076
-1387
-1737
-2034
-2303
-2622
-2970
-3255
-3462
-3677
-3917
-4083
-4110
-4088
-4061
-3927
-3636
-3247
-2837
-2370
-1780
-1115
-493
82
694
1315
1830
2214
2541
2827
2985
3003
2954
2883
2722
2442
2110
1792
1472
1088
684
336
27
-300
-619
-870
-1056
-1221
-1380
-1472
-1476
-1447
-1399
-1282
-1061
-773
-461
-97
366
885
1395
1890
2386
2854
3215
3441
3567
3605
3500
3249
2898
2479
1984
1417
856
380
-34
-423
-757
-1002
-1160
-1283
-1377
-1408
-1389
-1386
-1406
-1408
-1381
-1349
-1321
-1258
-1118
-940
-755
-525
-235
94
406
683
946
1173
1308
1344
1308
1199
996
709
385
60
-262
-576
-842
-1013
-1093
-1107
-1034
-877
-660
-435
-228
-39
124
227
266
247
178
62
-87
-227
-327
-387
-418
-415
-364
-287
-200
-107
-27
30
43
2
-81
-187
-315
-453
-571
-662
-723
-750
-740
-684
-596
-486
-371
-261
-171
-110
-84
-90
-112
-142
-175
-207
-243
-282
-312
-316
-296
-267
-244
-244
-270
-316
-389
-469
-553
-633
-704
-771
-824
-845
-819
-733
-600
-441
-272
-102
67
243
416
571
703
808
885
938
978
1012
1050
1084
1095
1075
1028
966
904
838
750
640
513
391
293
215
160
128
119
146
203
284
383
500
623
748
864
962
1061
1164
1262
1336
1367
1375
1402
1446
1491
1508
1465
1384
1310
1249
1208
1165
1070
901
689
432
177
-31
-203
-326
-494
-782
-1091
-1365
-1537
-1557
-1518
-1494
-1526
-1582
-1624
-1603
-1494
-1338
-1167
-1060
-1024
-1027
-1024
-982
-897
-799
-756
-779
-855
-921
-941
-918
-894
-905
-957
-1039
-1107
-1158
-1180
-1188
-1216
-1266
-1330
-1383
-1400
-1371
-1309
-1217
-1107
-978
-814
-609
-367
-114
125
329
490
614
695
740
740
700
640
575
520
495
506
562
650
760
889
1033
1176
1299
1391
1438
1437
1399
1340
1270
1201
1134
1077
1042
1036
1055
1103
1168
1228
1260
1260
1223
1150
1047
916
761
587
407
237
96
1
-41
-46
-12
51
129
216
302
377
426
445
428
381
310
221
127
40
-39
-102
-147
-172
-181
-181
-185
-198
-229
-279
-343
-421
-519
-633
-762
-895
-1010
-1116
-1200
-1257
-1295
-1307
-1306
-1300
-1287
-1273
-1255
-1232
-1212
-1198
-1184
-1162
-1133
-1094
-1046
-990
-916
-842
-772
-706
-649
-597
-542
-487
-434
-380
-329
-272
-211
-147
-86
-32
12
45
65
74
76
71
65
62
66
82
113
159
221
285
337
385
423
459
491
526
560
599
641
687
755
846
952
1075
1207
1334
1454
1564
1648
1716
1757
1767
1750
1703
1631
1537
1430
1316
1199
1082
962
841
720
595
469
342
214
86
-44
-175
-302
-414
-510
-583
-628
-643
-621
-583
-521
-452
-382
-310
-249
-199
-169
-162
-182
-219
-273
-338
-407
-470
-525
-564
-596
-618
-635
-645
-650
-650
-648
-655
-665
-689
-726
-775
-834
-881
-923
-957
-975
-986
-988
-976
-955
-922
-873
-822
-767
-710
-659
-611
-565
-517
-461
-403
-347
-285
-227
-170
-112
-47
15
81
147
220
297
371
438
497
549
582
600
599
579
549
511
464
421
386
353
336
335
349
372
403
435
464
484
496
503
506
507
515
520
534
569
612
671
742
823
912
995
1069
1131
1169
1186
1166
1118
1036
922
784
621
445
266
85
-95
-268
-432
-583
-722
-841
-939
-1029
-1098
-1150
-1183
-1199
-1186
-1147
-1076
-974
-852
-701
-535
-366
-196
-33
117
240
340
404
432
429
391
325
237
143
39
-69
-172
-263
-348
-407
-448
-461
-450
-424
-382
-335
-285
-241
-196
-154
-121
-96
-76
-63
-58
-60
-66
-68
-70
-74
-81
-98
-119
-149
-187
-224
-266
-306
-344
-382
-412
-438
-441
-433
-412
-370
-318
-256
-184
-113
-40
29
97
151
201
243
273
299
318
342
369
398
430
455
484
507
524
534
530
517
492
453
396
336
273
208
150
99
61
36
25
29
51
79
109
137
157
173
175
167
151
123
98
71
45
25
13
10
12
24
36
54
66
74
84
81
72
63
46
29
12
-12
-35
-51
-64
-64
-53
-22
24
85
163
242
332
419
499
568
616
647
643
615
562
489
395
289
174
49
-72
-192
-303
-404
-497
-582
-656
-713
-764
-807
-833
-852
-861
-849
-825
-791
-734
-666
-584
-490
-388
-287
-187
-88
6
87
161
227
270
305
322
323
313
285
241
184
113
30
-56
-155
-262
-355
-442
-532
-609
-666
-711
-737
-743
-737
-703
-658
-587
-505
-407
-306
-211
-98
-4
81
161
217
271
316
345
369
396
424
451
480
518
554
589
628
665
688
709
719
718
719
706
690
665
631
606
564
519
479
427
382
334
287
240
192
154
113
76
43
19
-5
-17
-17
-23
-8
23
43
73
113
142
167
192
211
203
199
189
150
117
75
15
-36
-89
-158
-206
-258
-311
-347
-386
-424
-450
-468
-491
-508
-514
-532
-533
-533
-540
-538
-536
-537
-541
-539
-537
-546
-553
-558
-570
-582
-588
-589
-596
-583
-573
-557
-526
-495
-449
-399
-336
-286
-217
-139
-73
-2
66
133
192
246
297
337
372
395
411
424
423
414
406
401
375
360
353
334
329
331
330
336
348
367
388
407
438
462
473
500
509
518
524
517
517
498
480
458
429
398
370
340
298
281
254
219
217
187
156
151
131
102
77
58
21
-22
-42
-89
-127
-147
-190
-206
-218
-231
-220
-211
-198
-178
-151
-127
-105
-82
-84
-81
-85
-113
-142
-183
-235
-284
-338
-392
-438
-475
-507
-524
-532
-535
-520
-505
-475
-440
-409
-374
-336
-290
-257
-220
-177
-147
-103
-63
-35
1
38
60
84
111
121
128
132
121
105
88
67
27
3
-22
-54
-64
-75
-80
-63
-49
-25
12
44
77
107
142
167
177
187
194
189
195
182
171
178
174
177
180
188
200
217
218
223
234
230
243
251
236
240
243
230
235
232
224
212
207
194
168
164
139
110
91
61
37
15
-8
-33
-49
-63
-82
-84
-102
-112
-109
-128
-135
-147
-164
-175
-189
-207
-223
-226
-237
-245
-240
-237
-223
-214
-194
-168
-148
-120
-103
-75
-57
-42
-19
-11
1
15
21
28
39
40
39
48
42
37
34
17
2
-22
-45
-81
-118
-150
-197
-231
-266
-304
-322
-331
-332
-321
-298
-265
-229
-179
-120
-65
-4
61
115
168
221
259
292
323
340
344
348
341
320
298
268
231
189
143
102
60
25
-9
-40
-52
-62
-62
-54
-35
-7
21
60
100
142
181
210
236
258
264
262
254
236
204
167
126
71
23
-29
-81
-120
-160
-193
-213
-222
-223
-211
-185
-151
-109
-59
-2
56
115
179
238
281
321
355
369
376
365
341
301
250
192
116
38
-46
-134
-224
-307
-389
-459
-518
-567
-599
-617
-620
-609
-585
-545
-493
-433
-355
-276
-198
-113
-32
47
119
184
242
290
326
348
365
366
355
338
315
279
240
195
148
105
61
11
-27
-64
-102
-125
-148
-166
-176
-183
-190
-191
-187
-186
-180
-172
-173
-164
-150
-144
-131
-118
-111
-94
-72
-57
-32
-9
15
41
75
105
140
171
192
218
235
244
253
255
242
231
214
187
159
123
86
48
8
-25
-56
-83
-107
-120
-128
-127
-116
-92
-63
-35
5
47
90
141
179
223
260
278
300
320
316
314
307
267
230
194
145
92
46
-8
-64
-103
-151
-193
-211
-234
-247
-240
-245
-231
-195
-170
-140
-97
-60
-27
15
42
64
96
109
110
118
108
92
85
50
7
-26
-73
-109
-142
-190
-223
-248
-278
-293
-305
-312
-300
-284
-271
-238
-209
-179
-121
-86
-48
14
45
80
119
121
136
157
145
130
115
93
54
20
-31
-81
-105
-156
-197
-217
-261
-276
-262
-274
-259
-218
-194
-142
-91
-46
26
98
155
227
289
329
378
414
425
437
446
431
408
373
327
282
228
180
128
70
21
-28
-58
-79
-111
-108
-95
-101
-80
-48
-29
15
52
90
135
158
178
211
221
217
223
208
177
151
119
70
30
-10
-58
-93
-136
-182
-205
-229
-248
-245
-243
-239
-213
-190
-165
-132
-99
-64
-29
-2
19
47
63
68
76
76
60
54
30
-6
-27
-64
-100
-119
-157
-191
-196
-221
-241
-236
-255
-256
-234
-231
-214
-183
-174
-142
-107
-96
-61
-27
-5
28
40
43
66
75
80
90
104
103
104
106
90
88
89
89
104
91
80
100
86
79
98
88
99
110
89
91
89
75
88
91
68
66
59
36
31
23
15
13
4
-6
-10
-24
-27
-15
-18
-12
-7
-11
2
5
10
33
36
35
52
51
46
53
58
65
64
55
55
51
39
34
29
22
10
3
-5
-20
-32
-31
-38
-43
-45
-56
-61
-59
-61
-66
-66
-71
-68
-57
-62
-65
-55
-56
-53
-50
-55
-51
-45
-43
-40
-39
-32
-21
-18
-15
-9
-10
3
6
4
18
30
34
47
49
40
51
48
37
39
30
23
24
10
-6
-11
-25
-34
-48
-62
-74
-84
-87
-97
-94
-91
-91
-79
-73
-68
-54
-38
-19
-3
13
34
45
59
87
93
99
113
117
120
125
109
108
110
90
80
67
50
40
26
11
-2
-15
-27
-32
-38
-50
-51
-45
-50
-46
-43
-35
-27
-24
-13
-1
5
14
26
29
34
43
49
53
55
53
56
54
50
42
41
32
22
17
7
2
2
-4
-18
-22
-28
-36
-39
-43
-44
-46
-42
-43
-42
-39
-39
-34
-28
-26
-21
-14
-14
-11
-5
-6
-2
1
-6
-4
-8
-4
-4
-9
-6
-7
-10
-14
-18
-20
-22
-25
-26
-25
-24
-23
-19
-21
-25
-24
-23
-21
-24
-21
-18
-19
-13
-13
-11
-10
-8
-3
1
3
4
8
14
20
26
28
28
34
38
38
40
37
37
38
37
35
33
29
26
21
20
14
12
10
4
1
0
0
0
0
-3
-5
-4
-2
2
0
6
6
2
9
10
6
3
8
12
7
7
5
2
3
2
