1
1
0
1
1
1
1
0
1
2
2
4
1
0
0
0
0
-1
0
0
0
-1
-1
1
2
1
-1
-2
0
0
0
0
1
2
0
0
-1
-1
0
0
-1
0
1
0
-1
-1
0
1
1
0
-1
-1
0
1
1
1
-1
-2
-1
0
0
0
0
0
0
0
1
0
-2
-1
1
1
2
2
0
1
0
0
0
1
-1
1
1
1
1
-1
-1
0
0
-3
-2
0
0
-1
-1
1
-2
0
-1
-1
-1
-1
0
0
-1
0
-1
-1
-1
-2
0
1
0
1
2
2
2
-1
0
1
1
1
1
1
0
-1
1
0
0
0
-1
-1
0
-1
0
2
0
1
-1
0
-1
-1
-1
0
0
0
-1
0
0
1
0
1
0
-1
-1
0
-1
1
2
0
0
-1
1
0
1
0
-2
0
-1
1
0
0
0
1
-1
-2
-2
-1
0
0
0
1
0
1
1
-1
0
-1
0
1
1
0
-1
0
1
0
0
-1
-2
-1
0
1
0
0
0
0
0
1
1
1
0
-2
-2
-2
0
0
0
0
-1
-1
0
0
1
1
-1
-1
-1
-1
-1
1
0
0
0
1
1
1
2
1
-1
0
0
-1
0
0
-1
0
0
0
1
-1
-1
0
0
0
0
0
1
2
0
-1
-1
1
0
1
0
0
1
-1
-1
0
1
1
1
0
0
0
0
1
2
3
2
0
1
2
0
-2
-1
0
1
-1
0
0
-1
-1
0
0
-1
-2
0
-1
0
-1
-1
-2
-1
0
1
2
1
0
0
0
1
0
1
2
2
0
0
-2
0
1
0
0
0
1
0
-1
1
0
0
0
-1
0
1
0
0
0
1
2
-1
1
-1
0
-1
0
1
-1
-1
0
1
-1
-2
0
-1
-1
2
0
1
0
0
1
0
0
0
0
1
0
-1
1
-1
1
1
1
-1
-1
0
0
1
0
-1
-1
0
0
1
1
-1
1
0
-1
-1
0
-3
-3
0
1
0
1
0
-1
0
1
2
1
0
0
2
0
0
0
0
1
-1
-1
0
0
-1
-1
0
0
-1
0
0
-1
-2
-1
0
-1
-1
-1
-2
-1
0
1
0
-1
0
0
-1
-1
-1
2
1
0
1
-1
-3
-2
0
1
-1
-1
1
1
0
1
1
1
0
0
-1
-1
0
1
-1
0
0
-1
0
-1
0
0
0
-1
0
1
1
1
2
0
1
1
-1
-1
-2
0
1
0
0
0
0
0
-1
0
0
1
3
0
0
-2
0
1
0
1
-1
-1
1
1
0
0
2
-2
-2
3
2
-2
2
4
1
0
2
-1
-2
4
1
-3
1
2
-3
-1
4
-1
0
2
-1
-2
-1
-1
-1
-1
-5
-1
3
-1
-1
5
-1
-3
4
-1
-4
4
4
-6
2
5
-5
-3
3
-2
-3
2
0
-3
1
0
-2
-1
-1
3
3
-1
1
2
-2
-2
5
0
-4
4
0
-3
3
4
-2
-3
1
-1
-5
1
4
-2
-2
4
1
-5
2
2
-3
-1
6
1
-5
5
5
-2
-1
1
-1
-4
2
3
-5
0
4
-5
-4
6
4
-5
4
7
-8
1
8
-6
-4
7
-5
-10
7
2
-7
7
6
-9
3
6
-6
-1
7
-7
-4
8
-5
-3
7
0
-4
1
0
-8
4
4
-6
0
5
-3
-5
5
6
-8
-1
8
-6
-6
11
3
-15
10
12
-22
1
21
-15
-8
20
-7
-17
21
3
-20
16
7
-23
8
13
-16
2
15
-14
-10
16
-4
-10
11
2
-10
2
8
-4
-7
10
4
-11
0
10
-5
-10
14
7
-19
3
15
-14
-9
17
2
-20
11
16
-24
-3
24
-9
-20
19
11
-29
7
24
-22
-12
26
-3
-24
14
19
-23
-3
25
-13
-17
18
11
-22
3
24
-16
-16
21
3
-21
7
20
-14
-17
22
5
-25
7
26
-19
-23
39
-2
-39
25
25
-44
-5
58
-41
-27
60
-17
-46
44
18
-61
37
23
-48
14
22
-20
-14
32
-10
-15
22
-4
-8
6
4
-4
-1
5
5
-12
6
11
-13
-1
9
4
-29
21
21
-57
37
22
-50
12
43
-28
-53
107
-42
-83
127
-36
-88
78
48
-118
34
107
-124
-8
125
-74
-70
120
-23
-84
58
50
-87
-1
96
-68
-28
58
4
-57
27
42
-61
15
24
-24
12
-2
-11
29
-6
-48
55
22
-113
73
91
-181
52
182
-229
-11
261
-194
-119
281
-76
-261
291
63
-369
240
167
-353
112
258
-300
-21
288
-198
-92
209
-43
-156
143
21
-119
98
-43
-2
48
-85
44
79
-111
-40
189
-92
-174
262
-18
-279
226
116
-295
78
211
-167
-148
263
5
-290
213
93
-181
-9
133
27
-198
73
195
-185
-112
258
-24
-244
114
230
-250
-168
469
-208
-311
418
-48
-201
-26
302
-64
-458
554
-27
-422
208
268
-199
-417
731
-213
-553
629
-21
-389
78
414
-342
-210
462
-89
-295
101
355
-336
-198
494
-83
-477
369
300
-620
161
462
-440
-164
524
-201
-309
334
58
-253
-26
325
-152
-291
389
1
-358
239
122
-186
-95
251
-2
-311
243
119
-266
-21
331
-180
-290
449
-66
-363
229
297
-428
-142
703
-431
-433
780
-127
-712
596
393
-985
333
796
-939
-116
980
-465
-787
1104
22
-1160
839
496
-1012
27
1089
-746
-689
1344
-342
-1026
919
528
-1372
395
1244
-1488
44
1243
-818
-612
1086
70
-1314
968
613
-1510
650
799
-1054
-98
1039
-493
-908
1354
-254
-1121
1125
156
-1088
506
868
-1230
27
1393
-1274
-275
1444
-865
-682
1288
-172
-1257
1162
432
-1613
889
904
-1604
336
1308
-1290
-406
1655
-877
-1047
1845
-542
-1317
1564
51
-1458
950
873
-1701
509
1239
-1430
-80
1294
-766
-860
1552
-495
-1235
1635
-286
-1359
1411
218
-1706
1356
511
-1780
1122
737
-1673
659
1215
-1786
339
1565
-1750
-9
1647
-1249
-636
1677
-587
-1354
1887
-352
-1566
1802
-259
-1295
1126
429
-1463
753
944
-1723
889
672
-1283
478
865
-1275
275
1184
-1573
457
808
-923
-163
972
-641
-562
1347
-1002
-158
960
-553
-509
947
-86
-1055
1211
-205
-781
756
120
-853
682
71
-607
516
-130
-176
247
26
-527
857
-574
-344
1143
-1055
-27
1137
-1258
218
1125
-1373
280
1199
-1446
318
1081
-1226
-81
1555
-1435
-304
1980
-2054
508
929
-1148
84
917
-781
-514
1813
-1679
68
1480
-1486
169
896
-669
-372
1045
-678
-299
832
-754
286
147
-484
559
-262
-243
637
-453
-246
696
-274
-714
1187
-578
-590
1197
-641
-384
1004
-632
-265
1043
-905
-56
921
-756
-118
840
-735
143
261
-343
303
-466
399
188
-883
866
160
-1188
944
232
-948
293
786
-949
103
775
-914
413
-90
-85
314
-614
586
-107
-325
293
171
-519
299
318
-778
766
-323
-264
637
-309
-471
981
-464
-517
929
-389
-266
263
174
-305
123
21
92
-110
-165
441
-376
0
173
31
-236
39
191
-87
-297
135
531
-923
454
331
-463
0
131
501
-1193
827
435
-1229
767
203
-460
-62
409
-162
-341
470
-322
291
-236
-178
849
-740
-112
554
394
-1567
1192
604
-1883
1368
-218
32
-626
423
958
-1941
1267
232
-770
143
298
309
-997
547
563
-1028
202
537
-205
-568
358
803
-1294
279
1047
-1076
80
481
24
-603
344
286
-434
-71
525
-206
-724
1110
-257
-978
1228
-107
-941
820
73
-663
464
223
-910
1123
-715
-50
635
-694
332
175
-163
-469
1051
-832
-192
992
-1026
571
-40
-399
516
-239
13
-269
647
-447
-164
536
-484
364
-224
-66
237
-225
560
-1199
953
525
-1723
1237
230
-795
56
809
-685
-135
887
-950
427
96
-283
239
-359
325
3
-391
405
-238
117
89
-131
27
156
41
-497
548
80
-889
1011
-360
-575
729
207
-1427
1400
386
-2055
1656
447
-1705
683
1367
-1902
198
1601
-1466
-604
2270
-1524
-998
2675
-1808
-449
1641
-685
-1011
1482
15
-2064
2350
-522
-1541
1607
320
-1970
1715
-194
-829
537
459
-583
-739
2256
-2275
520
1098
-953
-447
1169
-266
-1167
1453
-121
-1409
1304
573
-2013
1148
938
-1667
-75
2308
-2499
404
1915
-2441
1252
107
-243
-501
818
-65
-1023
1303
-760
271
-416
551
78
-976
1247
-816
315
-30
-89
97
44
135
-851
1340
-638
-732
1197
-306
-789
787
213
-1298
1491
-565
-777
1355
-717
-365
615
391
-1412
1234
-20
-1046
1185
-635
106
80
-126
216
-509
803
-753
171
547
-730
531
-596
903
-709
-37
623
-589
191
-148
592
-1111
1116
-198
-1053
1402
-445
-550
339
766
-1179
194
1215
-1797
914
680
-1553
891
555
-1009
-184
1632
-1519
91
1037
-902
184
-172
989
-1729
1354
205
-1682
1572
-88
-791
-295
2159
-2340
271
2162
-2837
1431
502
-1212
365
802
-746
-692
1738
-1049
-707
1822
-1498
587
-25
-173
462
-979
1295
-1144
601
-35
-339
714
-1073
1198
-729
-96
426
134
-898
416
1455
-2961
2161
575
-2580
1993
309
-1737
969
776
-1383
44
1847
-2094
283
1875
-2352
1130
126
-283
-290
382
464
-1570
1937
-1073
-404
1425
-1379
576
72
-102
-219
288
136
-746
1152
-1070
467
327
-926
1047
-934
807
-571
219
100
-260
606
-1205
1430
-784
-323
936
-672
-18
427
-54
-864
1399
-741
-703
1588
-1179
123
456
-113
-721
1237
-853
-319
1321
-1422
674
232
-678
408
524
-1505
1699
-761
-759
1708
-1453
283
677
-441
-706
1507
-882
-766
1924
-1513
-157
1544
-1337
-187
1625
-1704
637
397
-604
19
391
59
-1194
1986
-1507
225
729
-752
326
-263
622
-957
699
183
-986
1069
-470
-7
-91
343
-339
3
311
-384
332
-353
700
-1109
1051
-376
-307
360
-29
-49
-281
631
-716
611
-381
238
-336
477
-186
-377
600
-377
404
-929
1163
-477
-701
1313
-808
-444
1448
-1271
103
843
-737
139
-203
982
-1677
1719
-1156
251
864
-1837
2348
-2063
993
291
-970
698
-257
471
-1019
896
94
-1047
1107
-455
-157
247
-150
339
-755
734
159
-1156
1114
-5
-872
515
431
-617
-331
1323
-1202
51
1080
-1252
659
-351
732
-1024
200
1375
-2200
1460
-18
-682
234
517
-672
163
388
-343
-160
312
308
-1203
1532
-1019
192
419
-774
1022
-1068
705
-64
-422
421
-123
-169
353
-407
193
273
-648
599
-165
-206
74
566
-1154
864
535
-1917
1828
-72
-1756
2029
-670
-926
1400
-644
-451
953
-593
-116
447
-238
-47
-16
297
-430
322
-176
8
223
-254
-66
471
-496
12
586
-713
79
1065
-1961
1921
-910
-273
847
-703
366
-272
396
-589
814
-988
800
-169
-639
1240
-1343
741
330
-1030
651
285
-648
145
566
-852
602
-12
-541
463
238
-727
305
626
-1095
713
55
-634
646
2
-811
936
-163
-657
724
-294
177
-546
829
-572
26
351
-429
445
-712
1249
-1627
1145
188
-1354
1519
-980
771
-1164
1466
-1026
-87
1314
-1950
1594
-590
-205
270
94
-277
102
257
-524
464
-146
-51
-222
667
-680
115
679
-1235
1297
-938
433
34
-456
868
-1043
836
-448
20
460
-921
1107
-882
508
-171
-204
810
-1446
1641
-1164
185
686
-1011
839
-611
507
-261
-374
951
-767
-13
421
-55
-304
-152
951
-993
-21
1306
-1839
1225
212
-1413
1459
-434
-569
715
-87
-733
1097
-491
-753
1425
-536
-1007
1391
-199
-1094
1005
197
-1067
536
909
-1755
968
647
-1497
935
84
-351
-231
824
-635
-262
1006
-1029
534
-349
566
-521
-227
1145
-1265
397
610
-568
-522
1312
-404
-1547
2339
-863
-1374
1989
-511
-1259
1354
368
-1910
1427
779
-2275
1522
472
-1496
772
510
-873
-1
1077
-1087
-148
1246
-1053
-168
721
-52
-824
774
103
-855
999
-684
79
557
-889
588
130
-404
-54
614
-441
-417
993
-430
-706
1316
-561
-830
1487
-944
-88
390
46
-214
-347
1030
-841
-30
577
-338
-66
-153
802
-811
-258
1277
-980
-444
1283
-591
-822
1371
-480
-884
1329
-435
-820
1011
-10
-1032
718
491
-1172
642
283
-605
199
236
-55
-536
797
-201
-556
614
12
-285
-223
901
-852
162
537
-655
222
261
-129
-587
1222
-858
-290
1056
-842
40
358
-152
-168
138
144
-473
460
-282
44
115
-126
344
-607
537
-31
-556
551
-77
-283
324
72
-521
647
-236
-479
738
-132
-760
1167
-434
-1068
1974
-1436
-439
1850
-1472
-166
1245
-600
-696
971
-7
-1025
1032
-175
-584
705
-272
-100
36
107
160
-520
359
361
-680
233
279
-232
-34
-112
507
-578
3
627
-766
214
276
-104
-639
915
-63
-1283
1835
-976
-513
1365
-925
-87
545
191
-1259
1372
-228
-1080
1402
-604
-338
639
62
-816
550
473
-973
132
874
-779
-117
392
-4
-323
56
236
-91
53
-235
503
-470
-147
860
-1014
48
1355
-1174
-563
1829
-895
-1238
1777
-77
-1735
1794
-74
-1320
1079
-15
-526
-336
1094
-489
-753
1169
-313
-385
-154
834
-484
-645
1218
-515
-508
690
-4
-713
596
132
-500
234
463
-639
85
572
-791
405
129
-275
144
55
-218
81
252
-568
219
551
-710
-61
891
-648
-505
1004
-286
-907
1327
-399
-774
1128
-246
-818
666
502
-1415
869
747
-1482
891
250
-679
8
497
-152
-737
1086
-408
-531
660
99
-752
225
826
-988
-57
1277
-991
-451
1293
-847
-460
1233
-568
-594
1008
-188
-860
735
277
-958
722
-56
-288
457
-372
-82
336
-323
0
113
252
-353
184
145
-540
555
-259
-274
482
-39
-273
62
369
-375
-265
672
-411
-238
688
-402
-196
463
-197
-285
359
21
-352
378
-90
-246
246
-3
-179
260
-134
68
-96
-76
263
-297
61
246
-183
-141
534
-450
-223
628
-634
61
520
-298
-28
197
-49
-345
262
8
-229
315
-274
386
-198
-155
585
-858
401
53
-214
161
215
-29
-412
638
-645
363
-175
-15
233
-294
222
-99
235
-518
478
-311
-19
286
-254
68
193
-234
-55
176
-114
215
-346
507
-214
-138
123
-16
-232
338
-57
-248
659
-406
-283
392
-167
-498
626
-57
-335
785
-427
-298
523
-498
-127
209
135
-168
248
21
-207
115
-419
110
10
-76
335
-7
-57
244
-185
-389
277
-81
-402
512
59
-92
332
-154
-150
-134
-52
-80
88
271
61
106
-59
-41
30
-329
74
216
-257
294
135
-72
-162
116
-209
-492
703
-381
-53
606
-297
-304
303
-218
-365
457
115
-351
444
145
-599
461
-23
-144
176
231
-192
46
241
-373
204
-78
-88
25
-76
32
33
-100
-106
140
-284
-123
180
-133
43
88
56
-179
55
75
-222
372
-2
66
124
-121
54
-186
148
-33
56
154
-115
3
-102
2
-264
153
30
-244
397
-175
-90
133
-118
-205
130
99
-187
435
-62
3
55
-166
-20
-19
109
43
147
49
-122
-34
-75
-201
253
-132
145
92
-169
83
-247
112
-63
108
86
22
73
-237
95
-133
-72
173
39
-8
48
51
-291
25
106
-282
199
108
-177
132
28
-88
-83
191
-222
-148
282
-304
67
230
-62
10
44
-85
-194
85
50
-18
280
98
-179
60
-113
-139
113
214
14
84
72
-413
-123
-15
-177
112
324
-57
-122
73
-397
-194
216
-123
257
347
-106
21
-71
-265
10
25
54
331
-109
58
-66
-355
19
-49
-24
253
153
-88
93
-122
-224
18
-74
14
148
23
-34
5
42
-318
127
120
-302
379
-16
-142
178
42
-119
140
286
-217
183
12
-205
59
-30
51
87
66
-82
-54
-174
-148
-12
-80
118
49
-64
50
-145
-97
33
-5
75
264
77
79
187
-68
26
70
55
135
192
54
86
-32
-181
-64
-73
-51
134
68
-48
-1
-196
-259
-175
-63
-95
142
65
-31
-24
-191
-138
-156
46
36
156
168
10
37
-181
-118
-44
-122
205
126
70
198
-132
-146
-46
-124
-20
298
38
121
143
-273
-53
-68
-76
130
220
-5
96
-67
-274
-25
-86
-1
163
145
34
-12
-25
-127
-33
155
64
274
124
110
36
-64
90
-36
221
128
173
72
21
-84
-130
-4
-105
73
-76
13
-137
-216
-198
-220
-171
-191
-2
-169
-71
-106
-205
-111
-151
-68
-16
53
106
50
172
26
46
119
-19
182
103
235
167
199
131
-26
88
-129
40
32
61
95
84
-21
-112
-112
-217
-113
-71
26
34
94
-41
-58
-119
-174
-72
-31
107
103
165
35
-13
-98
-125
-100
-17
91
89
134
35
-41
-146
-144
-155
-15
36
100
162
48
-27
-95
-124
-169
23
30
102
217
35
-26
-51
-174
-163
32
31
64
267
12
-26
51
-225
-38
72
48
160
256
36
35
80
-167
82
67
69
220
141
50
58
-44
-72
48
-4
75
101
35
-57
-31
-114
-99
-77
-54
-24
-112
-30
-214
-200
-170
-262
-185
-126
-234
-193
-188
-385
-224
-248
-355
-203
-139
-258
-141
-188
-317
-158
-227
-192
-77
-32
-38
-58
-67
-155
-146
-78
-47
59
131
73
64
99
-34
16
201
184
341
492
445
458
449
313
379
383
422
599
562
637
562
423
385
372
311
360
498
337
369
366
290
294
143
223
287
225
285
395
364
258
345
241
209
267
132
128
94
41
-86
-112
-166
-345
-413
-501
-571
-761
-839
-862
-914
-940
-1022
-986
-1059
-1136
-1086
-995
-968
-944
-813
-812
-767
-729
-763
-730
-690
-670
-617
-499
-436
-403
-394
-401
-438
-475
-361
-223
-105
42
84
-5
-107
-196
-205
-48
62
193
252
175
148
161
251
271
422
624
830
999
1070
1196
1168
1195
1220
1315
1527
1653
1788
1819
1847
1803
1882
2016
1914
2004
2094
2263
2514
2599
2555
2553
2558
2402
2572
2708
2710
2913
3095
3088
2451
1098
-685
-2255
-2878
-2335
-1217
-768
-1313
-2692
-4169
-5190
-5881
-5928
-5272
-4224
-3248
-2447
-2013
-2179
-2891
-3591
-3182
-1850
-314
1108
1908
1862
1384
909
514
447
584
811
1209
1330
761
-430
-1648
-2558
-3082
-3030
-2641
-2467
-2731
-3235
-3831
-4221
-4350
-4238
-3566
-2647
-1838
-1212
-1026
-1270
-1447
-1264
-756
140
1049
1685
2145
2251
2036
1797
1653
1725
2116
2696
3133
3191
2858
2373
1970
1853
2129
2448
2663
2811
2786
2637
2299
1848
1621
1672
1920
2235
2430
2279
1915
1482
1135
1130
1287
1600
1906
1962
1768
1480
1215
985
1076
1496
2053
2438
2497
2638
2682
2078
565
-1324
-2396
-1986
-573
467
441
-584
-2001
-3285
-4355
-4733
-4219
-3198
-2338
-1744
-1170
-904
-1375
-2496
-3154
-2477
-833
768
1627
1800
1338
457
-308
-560
-387
-155
103
422
680
381
-647
-1884
-2832
-3122
-2647
-1772
-1057
-813
-1211
-2088
-2886
-3237
-3070
-2524
-1811
-1070
-519
-500
-1197
-2134
-2527
-2236
-1593
-803
-47
390
310
-271
-975
-1310
-1156
-659
95
859
1273
1160
553
-190
-525
-259
296
911
1394
1589
1462
1002
440
102
100
319
695
1084
1178
870
322
-124
-274
-121
260
672
981
1126
1191
1272
1452
1754
2150
2680
3223
3650
3937
4203
4549
4788
4715
4421
4343
4579
4671
4294
3746
3499
3425
3159
2813
2770
2782
1735
-878
-3811
-5025
-3924
-2084
-1444
-2187
-3167
-3938
-4990
-6190
-6355
-4965
-3135
-2014
-1287
-245
490
-137
-1504
-1725
-58
2245
3656
3903
3547
2898
2008
1228
992
1234
1465
1403
1195
878
114
-1344
-2998
-3924
-3666
-2692
-1865
-1694
-2178
-2997
-3704
-3882
-3440
-2596
-1611
-706
-229
-536
-1479
-2336
-2508
-2088
-1541
-1040
-601
-450
-892
-1764
-2463
-2589
-2251
-1732
-1099
-408
22
-187
-899
-1452
-1334
-659
70
539
690
522
43
-554
-980
-1119
-1027
-768
-405
-164
-296
-846
-1539
-1981
-1893
-1304
-553
-15
164
110
-34
-152
-89
387
1325
2451
3357
3822
3951
3937
3913
3958
4197
4646
5081
5284
5274
5128
4715
3970
3227
2906
2972
3065
3083
3229
3419
3250
2684
2286
2379
2241
769
-1871
-3702
-3010
-678
590
-426
-2164
-2980
-3423
-4506
-5198
-3823
-1255
9
-355
-231
1094
1592
89
-1323
-208
2579
4285
4070
3307
2792
1912
532
-276
106
768
628
-128
-722
-1152
-2066
-3622
-4975
-5159
-4192
-3046
-2665
-3094
-3735
-4165
-4279
-3893
-2866
-1574
-693
-496
-800
-1521
-2545
-3252
-3045
-2167
-1479
-1350
-1530
-1957
-2858
-3868
-4158
-3552
-2648
-1905
-1206
-549
-331
-806
-1495
-1614
-944
99
974
1375
1242
758
127
-399
-560
-317
41
275
436
514
346
-161
-665
-668
-68
704
1317
1771
1978
1871
1696
1839
2356
3051
3774
4545
5269
5625
5501
5275
5354
5608
5733
5668
5603
5658
5658
5291
4594
3952
3512
3131
2695
2342
2316
2694
3145
3147
2632
2029
1673
981
-968
-3631
-4572
-2496
361
731
-1542
-3680
-4294
-4767
-5958
-5945
-3349
-386
106
-1103
-1166
92
225
-1396
-2081
93
3275
4488
3526
2239
1372
350
-827
-1115
-211
695
393
-836
-1967
-2822
-3895
-5235
-6017
-5484
-4038
-2986
-3184
-4142
-4841
-4979
-4810
-4192
-2741
-903
55
-289
-904
-1068
-1559
-2985
-4014
-3009
-809
164
-834
-2250
-2924
-3541
-4574
-4874
-3482
-1542
-681
-790
-743
-495
-903
-1833
-1950
-566
1260
2156
1924
1221
443
-353
-926
-933
-331
423
826
821
595
138
-546
-1086
-936
75
1482
2458
2644
2377
2083
1920
1977
2478
3514
4818
5778
6080
5961
5717
5331
4819
4547
4778
5387
5877
5888
5300
4256
3043
2125
1844
1891
1970
2152
2717
3302
3172
2237
1369
1200
789
-827
-2935
-3244
-1142
1137
1010
-1293
-3338
-4158
-4586
-5169
-4580
-2316
-65
204
-1009
-1397
-509
50
-749
-1222
248
2875
4258
3417
1729
582
58
-486
-703
-243
383
52
-1300
-2650
-3352
-3817
-4786
-5702
-5538
-4199
-3019
-2994
-3801
-4408
-4402
-4018
-3274
-2024
-499
440
422
-56
-171
-127
-738
-2092
-2913
-2121
-508
178
-805
-2321
-3416
-4054
-4589
-4402
-3090
-1523
-794
-944
-981
-861
-1021
-1657
-1843
-924
636
1666
1469
593
-380
-1031
-1500
-1435
-725
303
928
817
539
364
274
28
280
1401
2992
4082
4211
3900
3600
3595
3711
4336
5515
6748
7283
7109
6932
6693
6012
4848
4317
5001
6321
6954
6239
4817
3410
2490
1899
1802
2156
2820
3317
3164
2595
2064
2003
1537
-117
-2724
-4347
-3305
-468
1327
140
-2496
-4575
-5628
-6487
-6572
-4776
-1950
-428
-1268
-2361
-1990
-881
-1171
-2431
-2302
88
2924
3668
2328
419
-722
-1503
-2060
-1852
-803
-59
-935
-2725
-4116
-4433
-4783
-5803
-6684
-6128
-4295
-3007
-3148
-4278
-5011
-5054
-4481
-3371
-1744
-129
428
-8
-689
-664
-371
-544
-1515
-2589
-2701
-1798
-648
-614
-1727
-3230
-4157
-4416
-4106
-3068
-1617
-292
237
296
247
336
330
201
432
1349
2712
3446
3141
2013
874
135
-77
278
1072
1954
2198
1882
1396
1103
843
724
1176
2275
3620
4392
4338
3755
3323
3239
3587
4406
5449
6277
6506
6376
5916
5071
3929
3195
3456
4329
4905
4542
3564
2367
1235
386
129
545
1229
1636
1522
1305
1396
1509
535
-1930
-4623
-5311
-3070
283
1847
460
-2312
-4613
-5936
-6407
-5497
-3035
-619
-103
-1219
-1806
-1030
-432
-1444
-2863
-2320
451
3261
3953
2578
591
-987
-2000
-2273
-1509
-174
447
-401
-1989
-3137
-3639
-4266
-5357
-6037
-5290
-3408
-1912
-1931
-3099
-4202
-4434
-3836
-2654
-1075
455
1191
861
177
-29
284
396
-293
-1616
-2543
-2146
-826
-101
-918
-2537
-3728
-4135
-4100
-3543
-2215
-690
33
-208
-496
-157
438
506
88
128
1283
2822
3378
2501
1051
159
67
510
1333
2321
2873
2652
2015
1602
1581
1689
1819
2242
3277
4509
5110
4760
4049
3701
3806
4267
5192
6439
7251
7003
6010
5031
4382
4050
3932
3986
4077
4015
3673
2880
1819
981
721
866
1023
1113
1305
1743
2024
1121
-1492
-4524
-5441
-3289
-121
1304
550
-1051
-2828
-4817
-6150
-5420
-2975
-1070
-1048
-1780
-1534
-546
-496
-2027
-3656
-3384
-1125
1296
2189
1483
149
-1199
-2433
-3210
-3010
-2035
-1312
-1652
-2735
-3564
-3813
-4285
-5528
-6647
-6351
-4696
-3133
-2755
-3312
-3947
-4220
-4074
-3396
-2154
-764
55
38
-248
-113
318
392
-10
-541
-1288
-2331
-2959
-2330
-1088
-824
-1913
-3235
-3777
-3733
-3391
-2594
-1332
-142
399
400
457
923
1393
1237
801
1228
2775
4120
3902
2559
1538
1412
1751
2234
2850
3338
3304
2804
2380
2431
2775
2848
2602
2718
3706
4979
5366
4694
3878
3662
4004
4669
5598
6345
6241
5223
3999
3422
3540
3704
3347
2616
2178
2210
2212
1815
1295
907
412
-189
-291
492
1482
1400
-394
-3214
-5236
-4792
-2224
53
225
-1116
-2543
-3819
-5076
-5375
-4005
-2187
-1705
-2336
-2362
-1260
-338
-859
-2424
-3402
-2658
-666
1009
1377
778
-112
-1089
-2005
-2408
-2138
-1687
-1623
-2044
-2637
-2932
-2920
-3298
-4480
-5592
-5345
-3857
-2517
-2175
-2441
-2692
-2779
-2621
-2037
-1140
-357
-9
45
243
815
1434
1517
831
-599
-2409
-3520
-2761
-606
740
61
-1508
-2411
-2695
-2972
-2816
-1625
108
1298
1670
1845
2284
2603
2083
960
695
2234
4416
5160
4082
2736
2224
2075
1718
1578
2093
2758
2850
2401
2070
2127
2085
1522
1006
1591
3251
4608
4621
3826
3339
3427
3695
4058
4675
5255
5204
4455
3717
3600
3781
3416
2363
1532
1682
2360
2550
1999
1288
734
105
-569
-650
224
1118
408
-2261
-5013
-5467
-3518
-1488
-1215
-2090
-2768
-3418
-4733
-5822
-5149
-3247
-2325
-3038
-3559
-2421
-677
-294
-1558
-2908
-2888
-1502
132
1051
1215
1016
518
-382
-1292
-1544
-1125
-774
-1100
-1811
-2134
-1888
-1881
-2914
-4497
-5244
-4555
-3309
-2606
-2533
-2575
-2567
-2628
-2561
-2049
-1237
-615
-373
-153
440
1294
1863
1646
488
-1309
-2814
-2871
-1370
268
587
-351
-1506
-2376
-3018
-3187
-2554
-1329
-148
655
1223
1744
2086
1809
862
116
673
2434
3953
4106
3230
2358
1865
1505
1244
1296
1636
1865
1769
1610
1670
1728
1309
558
358
1267
2679
3519
3522
3215
3051
3062
3242
3711
4330
4634
4299
3658
3403
3654
3722
3062
2057
1530
1720
2088
2099
1743
1234
607
-106
-564
-308
551
1018
-2
-2371
-4439
-4535
-2841
-1207
-955
-1648
-2308
-2963
-3990
-4748
-4258
-2945
-2302
-2711
-2840
-1686
-135
200
-918
-2132
-2153
-1023
292
1100
1445
1551
1311
589
-275
-729
-692
-630
-928
-1345
-1365
-1069
-1220
-2321
-3789
-4545
-4221
-3425
-2857
-2582
-2363
-2160
-2055
-1939
-1665
-1262
-868
-490
16
743
1554
1977
1466
-24
-1728
-2515
-1911
-623
217
149
-501
-1378
-2358
-3102
-3072
-2196
-1052
-239
289
925
1676
1955
1319
286
-38
845
2292
3325
3586
3342
2840
2134
1395
1018
1170
1486
1548
1457
1611
1976
1966
1273
444
303
1003
1994
2741
3166
3364
3365
3284
3397
3802
4164
4112
3791
3738
4158
4627
4607
4046
3286
2642
2284
2283
2476
2494
2099
1440
869
621
768
1154
1245
298
-1741
-3697
-4100
-2797
-1197
-599
-986
-1718
-2699
-4021
-5039
-4876
-3733
-2794
-2652
-2609
-1864
-780
-465
-1302
-2433
-2768
-2064
-911
51
706
1185
1303
710
-472
-1485
-1700
-1348
-1143
-1323
-1497
-1468
-1701
-2632
-3845
-4482
-4358
-4157
-4309
-4404
-3909
-3033
-2494
-2516
-2664
-2546
-2218
-1854
-1315
-454
313
268
-653
-1554
-1625
-1060
-606
-563
-644
-698
-995
-1642
-2181
-2088
-1434
-735
-249
218
796
1221
1229
951
784
986
1483
2109
2763
3320
3543
3230
2534
1886
1648
1814
2064
2119
1992
1881
1831
1668
1317
988
925
1128
1414
1752
2211
2655
2831
2775
2859
3300
3787
3844
3491
3270
3508
3945
4152
4041
3797
3472
2978
2487
2274
2269
2092
1610
1126
947
1046
1206
1283
980
-175
-2111
-3757
-3948
-2731
-1313
-725
-962
-1669
-2808
-4168
-4983
-4676
-3679
-2966
-2782
-2456
-1523
-502
-258
-932
-1840
-2218
-1876
-1100
-158
816
1554
1612
872
-202
-900
-1022
-1004
-1218
-1541
-1672
-1637
-1748
-2171
-2714
-3179
-3689
-4350
-4868
-4810
-4113
-3215
-2585
-2289
-2115
-1990
-1954
-1981
-1929
-1694
-1348
-1044
-694
-135
435
580
127
-514
-779
-635
-497
-538
-500
-122
443
843
962
959
928
786
639
751
1249
1901
2323
2460
2538
2685
2736
2482
2027
1700
1719
1996
2306
2459
2389
2136
1771
1391
1165
1204
1453
1781
2091
2378
2650
2797
2778
2738
2832
3051
3260
3369
3449
3625
3835
3923
3882
3748
3582
3425
3253
3132
3039
2822
2440
2056
1855
1831
1883
1919
1842
1312
-40
-1885
-3179
-3200
-2261
-1333
-1044
-1361
-2172
-3455
-4810
-5483
-5159
-4363
-3818
-3570
-3077
-2140
-1316
-1190
-1712
-2313
-2480
-2134
-1454
-537
500
1286
1399
783
-101
-722
-969
-1147
-1440
-1711
-1842
-1934
-2130
-2439
-2787
-3235
-3974
-4892
-5541
-5565
-4993
-4161
-3430
-2971
-2782
-2824
-2939
-2981
-3002
-3046
-2963
-2520
-1608
-528
162
170
-329
-884
-1119
-1036
-833
-603
-279
195
736
1209
1468
1463
1176
738
491
712
1365
2101
2563
2688
2659
2628
2507
2183
1743
1432
1436
1719
2085
2319
2294
2015
1555
1074
796
856
1206
1670
2107
2469
2719
2797
2753
2760
2893
3092
3301
3512
3781
4095
4322
4413
4390
4268
4059
3861
3768
3726
3572
3202
2809
2672
2746
2770
2648
2451
2139
1342
-163
-1787
-2541
-2158
-1342
-946
-1157
-1701
-2568
-3808
-4984
-5394
-4951
-4325
-4064
-3947
-3410
-2496
-1842
-1879
-2315
-2571
-2396
-1933
-1348
-590
294
963
1062
616
19
-401
-686
-1050
-1478
-1811
-2034
-2252
-2471
-2594
-2719
-3161
-4073
-5125
-5774
-5757
-5196
-4403
-3678
-3259
-3236
-3359
-3257
-2915
-2786
-3160
-3628
-3471
-2405
-960
87
418
213
-213
-624
-771
-510
34
543
860
1183
1767
2503
2942
2732
2041
1450
1362
1741
2322
2893
3330
3523
3435
3143
2775
2415
2071
1778
1673
1894
2360
2744
2775
2435
1911
1450
1235
1359
1764
2288
2748
3008
3079
3142
3355
3637
3785
3749
3713
3877
4253
4649
4900
4979
4904
4689
4391
4165
4051
3858
3406
2846
2548
2627
2827
2875
2728
2367
1497
-86
-1909
-2993
-2868
-2100
-1591
-1674
-2153
-2963
-4157
-5413
-6082
-5929
-5449
-5205
-5090
-4553
-3529
-2612
-2357
-2628
-2876
-2820
-2537
-2119
-1465
-578
249
640
512
145
-182
-482
-952
-1628
-2306
-2762
-2913
-2838
-2700
-2733
-3140
-3967
-5005
-5884
-6235
-5915
-5168
-4405
-3945
-3771
-3625
-3386
-3215
-3351
-3704
-3844
-3460
-2599
-1560
-633
1
241
142
-68
-122
54
296
470
722
1293
2131
2885
3219
3070
2622
2131
1799
1750
2026
2521
2991
3233
3235
3080
2781
2305
1757
1364
1296
1524
1847
2089
2174
2093
1837
1477
1213
1218
1496
1872
2225
2554
2867
3162
3391
3508
3529
3514
3527
3646
3910
4296
4677
4886
4848
4614
4309
4014
3747
3452
3117
2839
2731
2754
2784
2718
2551
2229
1489
140
-1481
-2595
-2723
-2212
-1746
-1698
-2035
-2735
-3852
-5077
-5817
-5805
-5427
-5215
-5166
-4802
-3937
-2998
-2491
-2490
-2668
-2751
-2688
-2456
-1937
-1078
-125
528
684
480
195
-75
-454
-1040
-1738
-2294
-2514
-2420
-2208
-2126
-2328
-2874
-3713
-4640
-5321
-5452
-5035
-4393
-3864
-3509
-3157
-2761
-2543
-2753
-3263
-3606
-3413
-2720
-1788
-766
213
908
1093
871
610
565
678
807
1022
1556
2442
3338
3829
3762
3285
2650
2067
1735
1791
2200
2727
3084
3153
3020
2746
2296
1681
1080
757
850
1229
1648
1949
2062
1947
1644
1303
1119
1212
1495
1847
2279
2823
3398
3786
3876
3756
3634
3638
3755
3966
4293
4692
5041
5181
5063
4782
4436
4049
3636
3246
2951
2786
2698
2599
2498
2427
2282
1781
659
-946
-2393
-3030
-2817
-2293
-2005
-2121
-2562
-3330
-4335
-5176
-5476
-5336
-5180
-5164
-4945
-4166
-3050
-2195
-1950
-2123
-2341
-2403
-2297
-2004
-1433
-636
105
518
563
403
167
-198
-804
-1585
-2290
-2681
-2709
-2546
-2421
-2465
-2748
-3309
-4103
-4948
-5536
-5655
-5337
-4839
-4341
-3834
-3281
-2809
-2739
-3262
-4070
-4534
-4240
-3294
-2077
-860
195
835
839
383
-70
-192
-23
228
621
1397
2540
3571
3932
3519
2691
1892
1377
1216
1449
2010
2645
3019
2988
2695
2343
1939
1401
831
499
616
1068
1559
1909
2064
2031
1812
1472
1209
1204
1448
1826
2322
2913
3518
3965
4128
4064
3903
3739
3629
3670
3910
4324
4758
5014
4997
4746
4330
3769
3129
2535
2170
2100
2173
2253
2314
2365
2197
1424
-38
-1731
-2866
-3095
-2753
-2386
-2240
-2288
-2629
-3395
-4402
-5141
-5353
-5326
-5391
-5413
-4941
-3885
-2745
-2117
-2086
-2298
-2444
-2494
-2484
-2288
-1730
-887
-108
324
414
321
75
-446
-1253
-2070
-2516
-2519
-2311
-2129
-2015
-1968
-2122
-2658
-3512
-4323
-4718
-4590
-4107
-3487
-2842
-2276
-1956
-1993
-2327
-2718
-2893
-2694
-2140
-1362
-470
441
1177
1562
1550
1310
1102
1080
1298
1738
2368
3093
3717
4018
3898
3473
2959
2517
2245
2165
2247
2434
2630
2734
2637
2337
1907
1449
1032
710
578
674
950
1271
1450
1410
1237
1094
1035
1085
1247
1535
1967
2469
2931
3279
3519
3649
3654
3561
3474
3531
3765
4030
4229
4352
4406
4369
4182
3795
3231
2602
2064
1775
1769
1907
2035
2099
2024
1591
554
-988
-2477
-3291
-3331
-2983
-2640
-2468
-2561
-3104
-4107
-5199
-5865
-5984
-5875
-5766
-5493
-4786
-3764
-2907
-2571
-2647
-2791
-2829
-2798
-2706
-2366
-1625
-672
102
448
434
237
-108
-661
-1365
-1945
-2150
-2051
-1884
-1766
-1670
-1648
-1915
-2610
-3558
-4320
-4548
-4239
-3652
-3035
-2508
-2165
-2115
-2370
-2755
-2989
-2892
-2484
-1885
-1189
-408
377
953
1168
1094
969
976
1153
1473
1943
2533
3105
3458
3487
3270
2980
2691
2395
2145
2042
2103
2244
2339
2336
2239
2054
1763
1397
1043
825
799
919
1124
1352
1507
1503
1393
1305
1345
1518
1752
2000
2323
2728
3101
3381
3547
3635
3671
3644
3590
3630
3782
3922
3940
3838
3730
3637
3439
3013
2411
1842
1498
1383
1360
1324
1283
1254
1080
480
-632
-1964
-3012
-3471
-3430
-3170
-2911
-2801
-3062
-3833
-4895
-5756
-6098
-6045
-5877
-5638
-5145
-4394
-3650
-3188
-3013
-2944
-2892
-2886
-2896
-2710
-2133
-1225
-310
279
409
195
-172
-593
-1020
-1387
-1602
-1632
-1562
-1482
-1402
-1322
-1389
-1804
-2546
-3308
-3681
-3492
-2923
-2289
-1785
-1487
-1443
-1655
-1996
-2203
-2104
-1742
-1253
-692
-8
744
1354
1633
1615
1512
1490
1604
1868
2332
2954
3520
3812
3784
3590
3348
3066
2732
2438
2326
2394
2492
2497
2432
2335
2165
1853
1428
1058
867
805
831
947
1139
1342
1390
1285
1199
1267
1461
1672
1869
2156
2595
3073
3465
3730
3893
3971
3962
3880
3836
3908
4058
4178
4214
4167
4050
3814
3373
2746
2138
1751
1590
1518
1439
1380
1315
1008
131
-1285
-2763
-3738
-4033
-3887
-3628
-3432
-3452
-3914
-4800
-5747
-6313
-6400
-6257
-6077
-5755
-5089
-4173
-3321
-2764
-2486
-2379
-2386
-2437
-2373
-1956
-1119
-106
690
1003
867
501
57
-457
-1005
-1469
-1739
-1832
-1848
-1843
-1791
-1786
-2042
-2688
-3533
-4156
-4274
-3929
-3358
-2753
-2234
-1931
-1970
-2297
-2645
-2736
-2525
-2141
-1639
-975
-168
576
1032
1153
1088
989
926
995
1321
1935
2644
3160
3350
3298
3116
2836
2486
2174
2022
2064
2204
2324
2390
2396
2302
2063
1686
1279
976
824
805
911
1127
1368
1508
1458
1318
1230
1250
1361
1517
1754
2112
2554
3003
3380
3632
3722
3663
3538
3452
3476
3593
3773
3936
4008
3941
3703
3314
2782
2201
1723
1465
1412
1429
1401
1302
1050
363
-930
-2580
-3911
-4416
-4192
-3724
-3397
-3318
-3644
-4449
-5497
-6252
-6384
-6093
-5709
-5302
-4642
-3703
-2782
-2182
-1936
-1894
-1931
-1928
-1777
-1295
-441
596
1435
1734
1462
871
251
-304
-806
-1234
-1522
-1670
-1744
-1805
-1865
-1988
-2355
-3050
-3926
-4567
-4641
-4088
-3162
-2239
-1593
-1339
-1435
-1744
-2051
-2133
-1881
-1314
-502
463
1457
2241
2587
2439
1971
1493
1293
1491
2056
2805
3448
3759
3682
3336
2878
2378
1900
1584
1554
1814
2186
2466
2531
2356
1961
1446
996
775
806
990
1225
1468
1732
1947
1978
1818
1611
1508
1551
1737
2116
2686
3302
3755
3967
4051
4079
4022
3857
3749
3844
4105
4361
4467
4390
4098
3616
3018
2411
1873
1470
1234
1067
910
717
406
-414
-2091
-4246
-5822
-6053
-5265
-4307
-3757
-3680
-4212
-5430
-6819
-7471
-6962
-5925
-5111
-4573
-3841
-2798
-1840
-1332
-1270
-1407
-1606
-1704
-1478
-745
420
1583
2176
1882
923
-154
-909
-1348
-1735
-2181
-2507
-2589
-2582
-2645
-2802
-3051
-3559
-4419
-5378
-5828
-5335
-4068
-2638
-1587
-1044
-904
-1071
-1477
-1902
-2011
-1598
-709
444
1635
2636
3218
3139
2396
1381
670
602
1088
1821
2515
3037
3266
3084
2478
1642
898
492
501
853
1428
2013
2404
2417
2041
1525
1146
1002
992
1088
1344
1765
2211
2475
2477
2308
2102
1903
1701
1627
1867
2400
3000
3448
3724
3907
3970
3845
3588
3404
3481
3792
4107
4214
4162
4020
3733
3241
2579
1880
1329
1032
860
726
662
596
41
-1626
-4256
-6510
-6970
-5805
-4304
-3459
-3245
-3612
-4876
-6688
-7762
-7136
-5478
-4060
-3292
-2502
-1372
-375
-68
-413
-855
-1045
-843
-344
506
1673
2722
3006
2196
611
-1010
-1950
-2231
-2241
-2305
-2415
-2614
-3046
-3688
-4357
-4832
-5226
-5636
-5970
-5840
-5039
-3727
-2352
-1379
-960
-1053
-1318
-1407
-1158
-711
-120
635
1520
2372
2921
3056
2773
2241
1596
1120
1077
1499
2101
2505
2533
2218
1824
1449
1079
694
514
715
1110
1409
1515
1557
1547
1486
1375
1349
1495
1718
1824
1725
1667
1800
2108
2436
2686
2801
2795
2748
2724
2868
3193
3636
4071
4503
4960
5405
5720
5665
5332
5035
4967
4940
4957
5081
5109
4738
3796
2650
1750
1282
882
300
-265
-531
-790
-2038
-4643
-7419
-8281
-6942
-5037
-4045
-3906
-4104
-5121
-7000
-8338
-7347
-4490
-1933
-1002
-923
-452
347
780
518
233
462
1148
1699
1987
2403
2870
2703
1338
-740
-2524
-3120
-2808
-2469
-2704
-3443
-4352
-5384
-6343
-6955
-6916
-6535
-6238
-6200
-6109
-5617
-4728
-3667
-2870
-2369
-2114
-1793
-1234
-523
-51
35
73
411
1111
1746
2118
2181
2031
1531
842
448
566
1009
1271
1167
797
640
712
632
139
-417
-507
-218
119
279
490
776
974
870
669
760
1126
1401
1272
1138
1436
2195
2951
3354
3433
3376
3323
3237
3367
3913
4848
5814
6484
6834
6937
6967
6769
6388
6071
6096
6325
6490
6492
6068
5194
3863
2567
1583
994
586
173
-174
-605
-1343
-3239
-6206
-8911
-9242
-7108
-4576
-3425
-3695
-4492
-6055
-7926
-8602
-6440
-2598
286
960
561
746
1285
1536
1154
1162
1943
3218
4129
4369
4206
3425
1869
-519
-2556
-3436
-2756
-1633
-1345
-2435
-4473
-6440
-8004
-8685
-8553
-7511
-6334
-5504
-5294
-5453
-5552
-5495
-5053
-4472
-3382
-2043
-589
335
482
-156
-1161
-1605
-1147
159
1275
1979
2073
1798
1079
298
8
164
590
871
1306
1654
1912
1598
744
-293
-852
-498
242
913
1023
938
641
298
-47
-34
467
1030
1283
1114
1219
1707
2346
2506
2453
2748
3572
4535
5111
5481
5826
6391
6965
7604
8296
8998
9426
9409
9100
8626
8117
7534
6973
6234
5317
4450
3932
3441
2437
935
-480
-1301
-1766
-2657
-4908
-8041
-10078
-9193
-6295
-3910
-3426
-4285
-5825
-7932
-9395
-8339
-4311
187
2502
2201
1134
840
1257
1636
1769
2380
3613
4894
5281
4769
3680
2215
323
-1723
-3032
-2940
-1641
-750
-1660
-4335
-7107
-8647
-8943
-8519
-7638
-6438
-5645
-5860
-6912
-7745
-7537
-6432
-5186
-4234
-3311
-2291
-1622
-1737
-2440
-3212
-3833
-3898
-2923
-941
1012
1855
1360
-59
-1504
-2181
-1453
304
2294
3621
3821
2937
1534
444
-125
-151
206
1047
1861
2098
1442
106
-1403
-2483
-2440
-1322
277
1307
1314
386
-624
-920
-215
1163
2753
4232
5111
5211
4846
4849
5532
6814
8299
9774
10885
11468
11383
10639
9526
8604
8421
8562
8504
7815
6810
5451
3904
2285
905
-61
-657
-1321
-3418
-6864
-9683
-9125
-6149
-3888
-4179
-5723
-7091
-8608
-9745
-8955
-5205
-1079
717
-276
-1577
-1380
-160
840
1102
1778
3020
4391
4727
4258
3381
2352
1170
-19
-448
-5
1140
1434
0
-2937
-5382
-5966
-5096
-3940
-3398
-3317
-4007
-5162
-6459
-7043
-6616
-5435
-4226
-3741
-3641
-3662
-3830
-4850
-6208
-6975
-6668
-5347
-3233
-950
-158
-1238
-3013
-3793
-3336
-1874
369
2559
3767
3611
2745
1551
714
784
1588
2260
2468
2720
2735
1961
369
-882
-1052
-197
1034
1760
1666
832
-72
-823
-830
164
1783
3103
3627
3706
3342
2975
3063
4188
5751
7283
8616
9529
9810
9283
8625
8065
8252
8933
9494
9099
8118
7405
6665
5555
4048
3163
2745
2481
1279
-1499
-5099
-7119
-5666
-2742
-1277
-2483
-4534
-6524
-8354
-9293
-7761
-3733
-325
35
-2246
-3771
-3139
-1494
-718
-650
123
1594
2856
2798
1946
793
-34
-536
-540
151
1220
1946
1042
-1285
-3883
-4877
-4101
-2539
-1559
-1586
-2223
-3337
-4567
-5687
-5844
-5136
-3948
-3109
-2840
-3198
-4258
-5905
-7809
-8789
-8163
-5919
-3622
-2501
-3067
-4579
-5939
-6145
-4714
-2358
-66
1148
1311
631
-31
-270
-85
213
680
1532
2152
2010
984
-165
-1040
-1178
-478
804
1859
1988
1249
47
-720
-668
321
1595
2691
3240
3192
2858
2571
2562
2647
3340
4791
6646
7791
7882
7418
6923
6827
7062
7730
8347
8662
8280
7438
6657
6382
6473
6154
5460
4677
4296
3391
1032
-2266
-4017
-2429
651
1980
327
-2195
-4249
-5924
-6998
-5881
-2424
477
410
-1975
-3602
-3420
-2524
-2266
-2211
-1300
267
1495
1354
179
-1387
-2378
-2420
-1472
-11
1250
1682
584
-1573
-3665
-4173
-3062
-1297
-267
-451
-1326
-2299
-3033
-3741
-3973
-3543
-2425
-1493
-1430
-2640
-4756
-6609
-7221
-6426
-5154
-3883
-3289
-3730
-5233
-6460
-6240
-4642
-2711
-1384
-746
-707
-767
-1003
-1354
-1743
-1621
-935
-127
304
90
-672
-1711
-2278
-1971
-788
584
1407
1233
424
-255
-165
728
2019
3114
3540
3283
2725
2274
2128
2556
3559
4886
5902
6476
6555
6375
6135
6146
6397
6844
7465
7848
7763
7136
6631
6179
5737
5202
5099
5349
5412
4319
1427
-1832
-2861
-217
3136
3897
1616
-1062
-2947
-4214
-4319
-2219
1230
2806
1457
-992
-1646
-822
-307
-838
-991
348
2078
2601
1399
-393
-2040
-2880
-2581
-1193
402
993
73
-2080
-4226
-5167
-4444
-2876
-1681
-1462
-2149
-3018
-3804
-4394
-4884
-4831
-3916
-2602
-1802
-2391
-4133
-6215
-7170
-6667
-5167
-3638
-2528
-2311
-3416
-4952
-5482
-4194
-2330
-881
-275
-180
-599
-1343
-1953
-2194
-1912
-1504
-1113
-1117
-1431
-2196
-3157
-3776
-3496
-2366
-1188
-453
-316
-505
-894
-982
-366
845
1992
2578
2546
2114
1572
1414
1945
2893
3765
4335
4840
5234
5419
5306
5352
5554
5962
6328
6537
6567
6284
5871
5242
4784
4441
4674
5050
5204
4002
1022
-2277
-3211
-412
3067
4096
2026
-264
-1773
-2726
-2967
-1158
2297
4181
3165
837
466
1488
1943
965
526
1958
3974
4555
3030
926
-763
-1426
-1219
-118
1087
1457
413
-1562
-3442
-4333
-3916
-2889
-2023
-1876
-2192
-2826
-3511
-4422
-5223
-5438
-4626
-3125
-2241
-2839
-4912
-6814
-7245
-6053
-4559
-3479
-2757
-2540
-3101
-4069
-3987
-2565
-749
158
218
36
-101
-427
-1063
-1464
-1339
-855
-719
-1081
-1819
-2645
-3420
-3760
-3343
-2406
-1448
-943
-848
-1088
-1325
-1306
-586
663
1865
2433
2210
1597
1018
1017
1585
2538
3242
3597
3715
3913
4215
4505
4748
4887
5059
5284
5776
6066
5936
5305
4799
4505
4407
4460
4671
4252
1782
-1931
-4000
-1909
1816
3187
962
-1710
-2705
-2850
-2756
-1554
1417
3507
3019
1062
826
2409
3408
2680
1763
2825
5054
6171
4955
2661
1027
692
1319
2355
3104
2963
1645
-127
-1726
-2414
-2142
-1556
-1180
-1342
-1638
-2339
-3310
-4615
-5498
-5435
-4451
-3165
-3028
-4291
-6519
-7916
-7694
-6291
-4949
-4334
-4003
-3917
-3920
-4003
-3462
-2312
-1035
-186
115
209
19
-444
-1169
-1465
-1099
-497
-541
-1450
-2620
-3472
-3753
-3585
-3033
-2385
-1881
-1760
-1859
-2017
-2018
-1622
-699
493
1298
1455
1182
896
765
971
1621
2501
3093
3113
2979
3162
3688
4051
3960
3860
4104
4769
5146
4836
4093
3743
4031
4250
4134
3715
3390
1964
-910
-3765
-3776
-780
1601
829
-2137
-3766
-3849
-3601
-3378
-1765
963
2362
1737
675
1295
2537
2873
2365
2694
4538
6305
6411
4874
3155
2456
2815
3804
4695
4929
4252
2939
1699
669
261
321
665
820
545
-74
-1190
-2471
-3701
-4160
-3800
-3006
-2616
-3412
-4987
-6553
-6962
-6359
-5481
-4947
-4722
-4370
-4059
-3824
-3695
-3185
-2154
-847
68
126
-353
-831
-976
-922
-649
-212
21
-516
-1721
-2817
-3113
-2712
-2200
-1958
-1833
-1547
-1306
-1468
-2066
-2325
-1608
-168
979
1097
524
-13
-73
199
847
1729
2492
2740
2634
2643
2798
2970
3059
3424
3964
4471
4500
4087
3290
2661
2645
3153
3712
3735
2968
727
-2276
-4142
-2892
-136
1023
-582
-2795
-3739
-3966
-4078
-3540
-1600
124
479
-73
136
873
1052
540
677
2289
4321
5228
4380
2963
2074
2258
2961
3909
4641
4986
4672
3756
2703
1917
1783
2053
2569
2935
2955
2204
816
-639
-1438
-1319
-708
-520
-1574
-3349
-4509
-4443
-4115
-4247
-4476
-4179
-3671
-3509
-3547
-3369
-2743
-1934
-1204
-813
-644
-601
-853
-1371
-1732
-1413
-893
-929
-1674
-2449
-2731
-2662
-2510
-2418
-2183
-1789
-1425
-1487
-1962
-2367
-2063
-1052
-42
121
-475
-999
-995
-690
-468
-39
568
1220
1529
1699
1682
1632
1797
2337
3019
3334
3397
3146
2709
2165
2149
2629
3171
3183
2391
329
-2305
-3547
-1957
605
1025
-972
-2978
-3387
-3600
-4062
-3862
-2081
-550
-546
-1185
-999
-334
-565
-1186
-742
1295
3338
3813
2671
1325
816
1276
2017
2869
3534
3909
3687
2961
2178
1604
1592
1880
2509
3068
3369
3057
2127
1064
341
342
721
709
-159
-1303
-1763
-1650
-1808
-2347
-2616
-2191
-1677
-1427
-1457
-1418
-1059
-405
381
790
892
738
371
-248
-647
-388
32
-129
-880
-1455
-1530
-1527
-1784
-1998
-1742
-1139
-771
-930
-1498
-1854
-1529
-645
-70
-273
-800
-945
-794
-715
-679
-419
-12
362
774
1003
1013
847
1019
1259
1677
2137
2482
2104
1359
1155
1541
1924
1837
1535
159
-1914
-3180
-1812
179
451
-1189
-2429
-2690
-3145
-3705
-3434
-1850
-963
-1099
-1586
-1051
-633
-1172
-2079
-1581
411
2031
2162
1236
680
495
669
850
1436
1930
2286
2278
2028
1519
806
475
612
1308
1897
2232
1960
1222
425
94
191
-42
-626
-943
-576
-463
-1244
-2248
-2409
-1742
-1018
-460
-64
185
173
236
551
1177
1887
2326
2259
1871
1643
1461
1103
529
300
432
616
522
172
-212
-477
-540
-586
-572
-504
-357
-261
-192
-222
-499
-917
-1095
-933
-736
-754
-827
-804
-577
-250
0
15
127
685
1310
1541
1344
1324
1383
1448
1467
1760
1948
1596
273
-1791
-3313
-2943
-953
65
-957
-2735
-3265
-3328
-3769
-3968
-2774
-1235
-1033
-1698
-1827
-1187
-1248
-1915
-2069
-638
1123
1851
1197
364
99
243
568
1010
1756
2205
2398
2140
1770
1051
533
436
819
1301
1585
1578
918
33
-774
-973
-1266
-1514
-1669
-1358
-1311
-1850
-2660
-3091
-2757
-2102
-1126
-458
3
-62
87
458
1152
1737
2175
2550
2756
2918
2752
2475
1922
1679
1678
1990
2124
2085
1800
1269
775
542
759
880
822
610
634
640
414
46
-210
-236
-291
-328
-415
-389
-228
-2
-17
-299
-329
60
675
905
885
748
796
954
1201
1418
1466
1140
-120
-1867
-2851
-1963
-668
-634
-1910
-2881
-3258
-3730
-4209
-3977
-3089
-2658
-2619
-2447
-1996
-2202
-2907
-3228
-2399
-958
134
480
297
34
-219
-186
139
775
1301
1801
2298
2620
2278
1460
1013
1236
1766
2081
2261
2162
1599
474
-658
-1368
-1541
-1369
-1128
-1175
-1671
-2257
-2680
-2867
-2922
-2526
-1640
-639
-10
218
210
96
171
670
1591
2436
2814
2700
2432
2226
2170
2235
2362
2582
2847
3030
2923
2599
2179
1762
1443
1424
1709
1853
1596
1075
560
38
-320
-290
94
437
425
109
-258
-376
-254
87
391
586
660
741
783
761
795
885
733
-216
-1546
-2034
-1034
-9
-331
-1569
-2313
-2375
-2500
-2714
-2587
-2214
-2340
-2627
-2393
-1835
-2065
-2981
-3433
-2735
-1522
-851
-854
-1108
-1243
-1382
-1386
-1234
-900
-604
-258
256
655
476
-150
-377
31
680
1045
1264
1331
996
79
-904
-1359
-1203
-735
-396
-411
-889
-1470
-1867
-1930
-1820
-1458
-800
-19
612
827
600
189
179
742
1647
2386
2710
2662
2482
2316
2256
2317
2455
2796
3289
3648
3557
3136
2705
2445
2291
2254
2423
2587
2388
1811
1113
523
217
291
586
782
657
301
-9
-146
-149
-56
101
224
347
446
422
253
85
-173
-797
-1727
-2342
-2004
-1154
-867
-1527
-2330
-2717
-2758
-2691
-2535
-2343
-2346
-2477
-2393
-1986
-1905
-2421
-2931
-2690
-1853
-1067
-790
-886
-1014
-1079
-1048
-976
-859
-765
-578
-307
-39
-43
-371
-684
-649
-323
-31
160
261
241
-100
-658
-1115
-1184
-969
-702
-538
-607
-895
-1246
-1381
-1282
-1070
-853
-567
-161
314
625
556
377
579
1242
1921
2297
2445
2638
2891
3030
3001
2947
3040
3332
3701
3869
3760
3558
3450
3435
3389
3243
3093
3022
2973
2850
2594
2266
2010
1905
1883
1815
1658
1480
1355
1231
1035
823
678
544
369
152
-33
-153
-420
-1082
-2019
-2683
-2703
-2379
-2342
-2830
-3484
-3859
-3937
-3935
-3995
-4195
-4410
-4387
-4015
-3606
-3567
-3888
-4065
-3727
-3079
-2565
-2309
-2107
-1854
-1581
-1384
-1255
-1155
-998
-669
-163
250
301
71
-105
-23
120
76
-168
-406
-527
-593
-727
-966
-1253
-1481
-1559
-1479
-1316
-1164
-1069
-1074
-1140
-1172
-1125
-988
-741
-347
125
529
765
917
1172
1569
1977
2366
2796
3208
3472
3568
3637
3806
4056
4282
4466
4674
4874
4936
4795
4561
4378
4279
4227
4197
4174
4085
3837
3487
3197
3079
3081
3059
2939
2759
2595
2447
2216
1914
1675
1516
1201
460
-566
-1307
-1425
-1229
-1356
-2024
-2885
-3487
-3698
-3748
-3962
-4424
-4820
-4821
-4462
-4260
-4609
-5246
-5497
-5073
-4324
-3749
-3515
-3435
-3294
-2994
-2618
-2295
-2063
-1779
-1284
-677
-293
-338
-628
-852
-857
-718
-602
-668
-954
-1334
-1609
-1698
-1751
-1935
-2201
-2355
-2293
-2081
-1928
-2005
-2301
-2590
-2629
-2411
-2124
-1918
-1740
-1464
-1085
-715
-382
-15
429
945
1510
2058
2498
2806
3086
3448
3850
4169
4413
4728
5118
5387
5411
5313
5248
5178
4995
4776
4698
4734
4672
4407
4060
3778
3572
3406
3292
3225
3161
3050
2843
2506
2108
1806
1590
1185
411
-384
-633
-353
-207
-692
-1571
-2210
-2321
-2163
-2116
-2356
-2746
-2987
-2918
-2774
-2957
-3499
-3885
-3671
-3052
-2592
-2551
-2710
-2756
-2587
-2297
-1980
-1727
-1527
-1273
-944
-697
-727
-974
-1177
-1189
-1116
-1130
-1266
-1464
-1663
-1842
-2035
-2261
-2490
-2610
-2565
-2470
-2478
-2589
-2651
-2629
-2657
-2825
-3005
-2943
-2588
-2158
-1887
-1799
-1711
-1427
-946
-453
-104
188
632
1308
1974
2336
2416
2529
2898
3421
3872
4188
4455
4646
4657
4481
4268
4169
4201
4329
4470
4475
4249
3888
3625
3548
3526
3454
3352
3225
2996
2622
2193
1702
1024
238
-271
-262
-47
-215
-918
-1740
-2192
-2156
-1886
-1723
-1861
-2151
-2254
-2032
-1799
-1925
-2267
-2301
-1832
-1243
-974
-1009
-1048
-948
-746
-491
-201
58
269
496
714
749
510
193
20
-49
-214
-485
-694
-796
-917
-1145
-1415
-1648
-1815
-1858
-1753
-1603
-1567
-1704
-1883
-2014
-2153
-2296
-2334
-2190
-1935
-1712
-1537
-1371
-1224
-1098
-910
-603
-199
217
578
857
991
981
977
1104
1352
1633
1909
2166
2275
2144
1896
1774
1862
2034
2179
2287
2327
2238
2055
1911
1852
1807
1756
1740
1709
1527
1182
777
318
-280
-880
-1132
-949
-779
-1086
-1781
-2390
-2568
-2392
-2170
-2157
-2381
-2580
-2458
-2070
-1861
-2072
-2314
-2059
-1352
-740
-586
-693
-682
-410
-13
314
479
569
766
1093
1297
1128
730
506
584
673
493
146
-119
-232
-302
-450
-657
-822
-858
-753
-617
-566
-596
-599
-516
-421
-373
-278
-35
298
566
725
887
1166
1542
1875
2074
2176
2319
2587
2879
3018
2928
2759
2739
2919
3112
3080
2807
2494
2336
2303
2201
1948
1642
1429
1333
1230
1008
722
510
444
456
351
59
-271
-453
-556
-885
-1551
-2234
-2495
-2313
-2160
-2434
-3059
-3588
-3673
-3395
-3146
-3234
-3545
-3690
-3451
-3065
-2958
-3206
-3408
-3207
-2690
-2250
-2114
-2170
-2163
-1981
-1726
-1538
-1435
-1303
-1046
-750
-594
-647
-762
-743
-617
-517
-534
-600
-608
-559
-539
-619
-748
-784
-668
-472
-339
-324
-330
-240
-52
122
216
312
537
936
1405
1809
2127
2450
2868
3369
3827
4150
4395
4664
4968
5192
5258
5225
5223
5295
5352
5304
5180
5066
4993
4896
4698
4400
4066
3771
3526
3279
2963
2565
2143
1740
1344
933
546
221
-135
-671
-1382
-2028
-2353
-2429
-2581
-2990
-3518
-3875
-3936
-3846
-3855
-4049
-4273
-4300
-4055
-3742
-3613
-3709
-3795
-3666
-3344
-3012
-2801
-2695
-2619
-2532
-2453
-2393
-2364
-2346
-2305
-2238
-2166
-2130
-2183
-2331
-2514
-2646
-2662
-2604
-2581
-2648
-2782
-2902
-2963
-2982
-2981
-2954
-2877
-2730
-2542
-2352
-2196
-2061
-1891
-1633
-1283
-843
-345
165
638
1071
1518
2037
2604
3142
3602
4018
4441
4874
5259
5538
5732
5905
6118
6370
6592
6722
6753
6727
6688
6623
6475
6220
5905
5602
5330
5020
4584
4029
3430
2896
2481
2094
1594
923
185
-411
-774
-1049
-1435
-1990
-2546
-2908
-3061
-3146
-3317
-3596
-3822
-3874
-3754
-3580
-3476
-3420
-3319
-3116
-2832
-2546
-2302
-2092
-1905
-1731
-1578
-1458
-1373
-1317
-1267
-1233
-1216
-1210
-1241
-1328
-1472
-1634
-1758
-1842
-1934
-2078
-2294
-2554
-2793
-2977
-3092
-3162
-3239
-3317
-3345
-3296
-3163
-2993
-2816
-2617
-2363
-2006
-1575
-1139
-743
-382
-14
393
822
1238
1638
2022
2394
2740
3042
3318
3608
3922
4230
4467
4604
4696
4810
4937
5024
5007
4883
4697
4494
4279
4034
3732
3390
3060
2742
2379
1923
1399
938
625
385
81
-326
-755
-1103
-1346
-1554
-1796
-2052
-2236
-2289
-2257
-2258
-2341
-2429
-2385
-2167
-1898
-1687
-1523
-1349
-1125
-917
-781
-694
-599
-455
-310
-235
-247
-311
-387
-463
-539
-613
-664
-680
-698
-772
-915
-1079
-1214
-1302
-1367
-1427
-1490
-1543
-1616
-1726
-1830
-1881
-1858
-1762
-1637
-1499
-1324
-1132
-935
-753
-566
-317
21
388
712
961
1168
1385
1607
1822
2021
2227
2463
2687
2835
2899
2928
3007
3134
3213
3192
3101
3027
3026
3018
2883
2618
2309
2059
1888
1703
1427
1066
696
380
88
-257
-647
-1015
-1277
-1449
-1656
-1938
-2249
-2492
-2628
-2719
-2841
-2997
-3132
-3165
-3123
-3097
-3137
-3209
-3190
-3032
-2823
-2652
-2526
-2376
-2147
-1887
-1679
-1517
-1353
-1124
-847
-613
-470
-393
-319
-214
-120
-83
-65
6
140
257
283
231
209
294
456
619
741
845
973
1116
1245
1344
1449
1613
1824
2021
2149
2216
2271
2349
2429
2495
2561
2645
2728
2780
2779
2741
2729
2755
2797
2811
2780
2731
2658
2554
2393
2198
2024
1859
1647
1345
990
667
437
230
-42
-394
-735
-973
-1107
-1226
-1416
-1661
-1842
-1914
-1929
-1993
-2134
-2260
-2271
-2203
-2164
-2206
-2280
-2294
-2232
-2154
-2161
-2235
-2288
-2256
-2188
-2185
-2294
-2429
-2467
-2418
-2391
-2459
-2561
-2591
-2523
-2422
-2382
-2415
-2414
-2302
-2116
-1962
-1887
-1823
-1679
-1454
-1247
-1116
-1006
-802
-501
-191
39
208
418
732
1101
1416
1656
1883
2176
2519
2821
3024
3175
3357
3601
3825
3947
3972
3986
4041
4099
4101
4023
3909
3805
3708
3582
3394
3176
2982
2809
2624
2379
2089
1810
1559
1338
1112
853
592
343
108
-125
-352
-554
-712
-832
-954
-1092
-1229
-1356
-1449
-1518
-1567
-1594
-1616
-1647
-1689
-1750
-1810
-1852
-1873
-1872
-1868
-1887
-1930
-1993
-2068
-2142
-2197
-2234
-2258
-2285
-2337
-2405
-2482
-2547
-2589
-2608
-2592
-2550
-2505
-2468
-2433
-2379
-2288
-2157
-1992
-1804
-1608
-1399
-1185
-969
-735
-478
-198
105
408
689
958
1222
1491
1761
2023
2265
2502
2719
2900
3043
3153
3251
3347
3426
3460
3436
3368
3273
3178
3063
2920
2748
2552
2338
2107
1847
1558
1274
1016
780
544
281
3
-267
-506
-713
-889
-1042
-1174
-1272
-1365
-1458
-1548
-1610
-1614
-1573
-1506
-1453
-1413
-1368
-1314
-1252
-1198
-1143
-1072
-988
-915
-889
-904
-942
-962
-956
-949
-973
-1022
-1070
-1112
-1157
-1222
-1289
-1328
-1318
-1281
-1254
-1248
-1243
-1202
-1111
-994
-875
-744
-595
-417
-232
-65
93
274
489
727
951
1143
1315
1488
1674
1853
2019
2172
2324
2471
2594
2684
2729
2760
2791
2815
2822
2790
2726
2632
2501
2343
2164
1968
1771
1565
1341
1083
800
507
220
-47
-303
-546
-775
-989
-1194
-1397
-1589
-1756
-1897
-1988
-2044
-2095
-2141
-2185
-2227
-2247
-2236
-2208
-2171
-2123
-2060
-2000
-1949
-1913
-1889
-1853
-1796
-1730
-1670
-1628
-1597
-1578
-1559
-1537
-1511
-1472
-1419
-1357
-1288
-1221
-1161
-1097
-1021
-926
-809
-690
-563
-429
-292
-147
-3
145
307
495
698
899
1101
1304
1521
1742
1964
2176
2387
2606
2817
3010
3185
3337
3472
3584
3674
3734
3763
3770
3745
3691
3603
3486
3342
3167
2971
2755
2505
2239
1959
1655
1331
996
652
302
-42
-375
-707
-1026
-1312
-1596
-1852
-2071
-2259
-2438
-2560
-2647
-2727
-2763
-2760
-2749
-2724
-2665
-2607
-2534
-2439
-2339
-2246
-2153
-2064
-1996
-1935
-1872
-1825
-1797
-1758
-1728
-1717
-1721
-1727
-1745
-1756
-1755
-1748
-1732
-1713
-1676
-1644
-1605
-1559
-1500
-1421
-1316
-1206
-1092
-966
-831
-698
-548
-382
-206
-6
201
407
622
835
1055
1273
1489
1712
1930
2140
2341
2520
2683
2830
2968
3090
3180
3259
3313
3341
3350
3339
3297
3246
3180
3093
2987
2854
2710
2545
2369
2181
1969
1742
1516
1289
1041
793
541
293
66
-161
-376
-586
-780
-952
-1106
-1243
-1361
-1461
-1540
-1593
-1645
-1686
-1713
-1727
-1722
-1699
-1683
-1665
-1640
-1613
-1589
-1560
-1537
-1508
-1474
-1443
-1414
-1400
-1390
-1366
-1345
-1327
-1300
-1283
-1267
-1242
-1224
-1209
-1194
-1174
-1149
-1124
-1096
-1070
-1046
-1021
-987
-945
-903
-848
-786
-716
-636
-558
-465
-355
-242
-119
5
136
275
414
553
696
837
971
1108
1229
1342
1448
1537
1621
1692
1755
1818
1863
1888
1910
1915
1908
1902
1873
1841
1794
1739
1679
1602
1517
1427
1329
1215
1108
986
856
724
585
447
300
154
23
-115
-251
-378
-514
-627
-729
-822
-893
-961
-1008
-1039
-1053
-1065
-1049
-1021
-987
-924
-865
-800
-717
-636
-550
-459
-382
-301
-222
-158
-93
-38
-9
20
41
33
29
9
-32
-59
-111
-165
-214
-284
-349
-408
-475
-537
-585
-639
-676
-700
-733
-742
-740
-733
-702
-669
-630
-568
-505
-430
-347
-269
-178
-78
9
100
191
270
346
418
476
532
582
614
648
663
667
671
661
643
622
592
559
522
479
430
384
333
277
227
172
120
67
11
-41
-92
-133
-180
-221
-251
-295
-323
-355
-385
-404
-420
-428
-436
-438
-435
-427
-417
-406
-384
-362
-338
-310
-285
-250
-215
-189
-156
-124
-99
-67
-42
-21
9
28
43
64
84
93
115
127
138
164
168
186
203
213
228
236
247
257
274
273
287
303
306
324
329
348
370
380
397
424
449
471
499
520
550
583
602
626
647
662
674
676
665
663
646
609
580
531
477
421
353
278
200
124
35
-53
-141
-229
-307
-399
-475
-541
-605
-661
-716
-754
-790
-814
-825
-842
-835
-834
-817
-797
-778
-746
-712
-669
-632
-597
-553
-505
-468
-436
-398
-366
-337
-314
-304
-283
-270
-269
-271
-270
-272
-273
-279
-289
-296
-296
-293
-293
-281
-268
-247
-230
-204
-169
-139
-107
-65
-27
11
52
90
135
181
223
263
308
349
395
441
485
532
581
630
673
724
771
818
869
904
937
967
991
1007
1010
1019
1009
988
965
936
894
846
798
731
665
602
531
451
376
308
231
157
80
11
-55
-127
-188
-252
-309
-363
-416
-462
-508
-546
-586
-622
-648
-673
-686
-703
-711
-720
-723
-714
-709
-699
-683
-667
-649
-634
-616
-595
-577
-562
-547
-530
-519
-508
-502
-502
-498
-494
-488
-477
-473
-466
-464
-452
-437
-428
-414
-393
-367
-341
-316
-288
-253
-215
-173
-134
-92
-38
8
56
107
163
224
283
338
393
454
513
572
626
678
731
782
828
866
898
926
948
965
967
965
955
936
909
871
827
777
728
666
593
524
452
373
295
214
146
69
-6
-73
-129
-185
-236
-278
-318
-343
-369
-388
-398
-404
-405
-394
-387
-383
-367
-351
-334
-316
-304
-285
-265
-247
-236
-222
-213
-211
-205
-206
-200
-198
-204
-206
-206
-213
-220
-230
-238
-245
-252
-258
-263
-270
-272
-273
-276
-280
-279
-276
-273
-267
-265
-250
-234
-216
-199
-182
-158
-134
-105
-77
-47
-16
14
50
81
109
143
172
196
217
239
257
270
279
287
290
288
283
271
260
248
228
210
190
168
147
126
106
91
72
55
42
32
27
25
21
23
27
35
39
45
61
76
90
99
110
119
136
149
152
160
159
158
164
162
159
157
153
147
138
127
124
119
115
106
102
105
105
106
110
107
109
112
119
118
113
117
120
127
121
121
116
109
98
93
82
68
55
41
22
8
-16
-40
-59
-88
-119
-143
-172
-200
-227
-267
-297
-329
-359
-394
-429
-462
-488
-520
-546
-563
-585
-601
-616
-620
-625
-618
-610
-598
-586
-558
-530
-498
-464
-427
-381
-332
-286
-235
-183
-132
-78
-29
26
68
116
154
199
239
272
309
340
355
380
396
406
419
420
429
432
437
436
434
430
432
427
426
422
418
413
416
415
418
412
410
406
404
407
405
405
392
383
366
359
344
333
317
308
280
265
245
221
202
177
151
125
103
75
43
12
-12
-45
-76
-113
-144
-184
-217
-260
-292
-333
-376
-418
-455
-493
-529
-562
-596
-622
-650
-663
-687
-698
-706
-704
-702
-694
-682
-658
-636
-609
-572
-535
-494
-443
-393
-343
-292
-240
-183
-132
-74
-21
31
78
135
177
220
264
298
327
359
384
406
422
440
456
465
470
473
478
479
483
478
476
472
476
466
464
458
454
446
442
433
427
418
409
406
394
382
373
364
352
342
320
310
286
268
243
222
197
170
142
111
86
49
17
-15
-47
-90
-129
-170
-212
-255
-298
-346
-394
-440
-486
-526
-568
-610
-648
-682
-711
-737
-757
-774
-788
-792
-793
-788
-784
-761
-742
-719
-683
-644
-598
-552
-501
-447
-386
-323
-266
-209
-147
-83
-22
39
99
151
207
265
316
360
401
439
463
486
513
532
549
559
572
576
580
577
573
571
565
555
544
533
522
511
500
486
469
465
456
447
435
424
417
412
401
382
369
352
328
306
281
256
227
195
161
126
91
47
4
-32
-75
-126
-165
-210
-264
-315
-369
-422
-469
-514
-561
-606
-641
-674
-707
-733
-748
-769
-781
-776
-780
-780
-761
-743
-727
-701
-669
-638
-596
-544
-501
-454
-398
-343
-292
-235
-178
-126
-70
-14
29
81
133
172
212
253
290
321
346
369
386
407
425
438
447
458
470
475
481
485
485
485
488
486
483
479
479
474
479
480
480
480
481
490
484
481
483
476
472
460
447
429
403
388
357
326
299
270
232
193
152
104
62
20
-27
-73
-121
-173
-224
-279
-330
-376
-425
-471
-510
-552
-584
-612
-644
-664
-676
-690
-701
-696
-696
-692
-675
-661
-649
-623
-592
-567
-531
-493
-459
-417
-375
-333
-294
-248
-203
-166
-121
-74
-37
4
41
67
99
130
158
184
207
229
242
259
274
278
291
302
313
316
320
328
332
335
335
333
331
336
336
330
333
338
341
338
337
342
336
334
338
335
321
314
305
286
277
259
245
226
209
189
168
147
125
99
70
49
25
-5
-36
-68
-98
-127
-155
-181
-204
-235
-253
-269
-286
-299
-316
-322
-330
-330
-335
-342
-340
-334
-324
-316
-305
-297
-281
-264
-239
-217
-197
-176
-160
-140
-120
-99
-79
-64
-48
-32
-14
2
17
32
45
60
69
78
86
88
95
103
107
107
107
108
113
109
111
110
103
109
104
96
90
85
84
85
82
81
85
82
85
81
77
79
76
72
71
68
65
69
66
68
68
65
69
68
64
68
60
56
58
47
44
33
25
23
14
2
-4
-16
-23
-23
-36
-48
-53
-61
-69
-76
-79
-88
-99
-103
-100
-104
-108
-104
-107
-103
-100
-97
-91
-90
-87
-82
-73
-63
-65
-60
-53
-45
-40
-33
-27
-21
-15
-9
-4
-4
-2
1
5
11
19
20
18
19
27
24
22
23
20
17
21
18
14
11
5
2
4
3
0
-4
-1
0
-8
-14
-12
-13
-16
-9
-15
-13
-11
-5
4
0
6
15
15
23
27
25
39
42
43
46
50
56
57
59
68
71
64
74
77
78
86
81
82
83
81
82
77
77
79
77
74
79
72
73
74
64
61
56
54
57
47
46
48
37
27
22
15
8
3
-3
-12
-12
-19
-27
-33
-41
-50
-53
-54
-61
-65
-76
-81
-83
-90
-93
-97
-103
-100
-104
-103
-105
-106
-103
-109
-113
-110
-106
-106
-107
-109
-108
-104
-100
-98
-93
-89
-81
-77
-69
-61
-56
-51
-46
-38
-31
-28
-21
-14
-13
-3
6
11
17
25
36
41
49
47
55
64
62
63
65
72
76
79
79
81
81
82
78
74
79
78
77
78
81
75
69
66
64
64
61
55
56
49
52
50
41
35
31
28
23
15
15
12
12
5
-1
-5
-7
-16
-10
-16
-20
-19
-18
-22
-27
-30
-31
-32
-34
-35
-36
-35
-34
-36
-39
-39
-38
-34
-32
-33
-30
-27
-25
-24
-20
-17
-18
-16
-17
-13
-11
-10
-6
-2
-1
2
4
10
10
6
11
11
10
9
12
8
5
14
10
13
15
12
11
11
8
7
5
6
6
6
6
0
-1
-5
-1
-5
-8
-5
-6
-1
-6
-10
-5
-10
-12
-13
-15
-14
-13
-12
-14
-15
-14
-12
-14
-11
-17
-15
-13
-8
-16
-9
-8
-13
-12
-15
-8
-8
-9
-7
-11
-10
-6
0
3
-3
-1
-1
4
7
4
3
7
5
7
3
7
10
11
10
13
16
18
12
13
16
16
16
10
14
12
11
14
17
12
14
9
16
19
12
7
6
12
10
8
7
1
8
2
5
1
-4
-2
-8
-2
-1
-3
-4
-9
-12
-11
-17
-9
-17
-17
-11
-18
-4
-11
-12
-16
-20
-6
-11
-4
-3
-7
2
-2
4
3
0
3
4
4
10
4
9
9
7
11
11
7
4
4
12
5
5
5
0
8
4
6
5
4
8
3
3
6
3
10
2
7
1
3
7
5
11
7
-1
4
-3
10
4
-4
1
-13
2
2
-5
-1
-8
-7
-8
-14
-3
-14
-11
-10
-17
-2
-11
-12
-8
-16
-5
-9
-1
4
-10
1
-5
-1
6
1
0
0
-1
7
4
9
8
3
6
5
7
4
2
3
0
3
7
-1
1
3
5
5
6
8
2
2
0
2
2
2
4
-2
4
3
1
7
0
0
3
-3
4
-4
-4
-3
-8
2
6
-1
0
-7
-4
2
-8
-2
-14
-7
-5
-10
1
-6
-7
-2
-11
5
0
-2
5
-9
1
-2
0
1
-3
-3
0
0
8
5
5
4
-5
2
1
0
0
-6
-4
1
2
8
-1
1
4
1
4
3
4
5
4
3
5
2
2
-2
2
5
3
7
5
3
5
3
4
3
-3
-5
-4
1
4
8
3
2
-3
-5
3
-1
3
-4
-5
-5
-2
2
3
-1
