0
1
0
0
-1
1
2
1
0
0
1
-2
-3
-2
1
3
2
0
0
0
-1
-1
-1
-1
0
0
1
3
1
-1
0
0
0
-2
-2
-1
2
0
0
1
1
1
0
-1
-3
-4
-6
-3
-1
-3
-5
-2
-1
-5
-7
-6
-2
-2
-5
-6
-1
3
2
0
1
4
4
0
2
7
11
7
6
10
13
8
1
2
5
8
4
4
10
13
9
5
6
9
8
5
6
12
15
12
11
14
14
9
3
4
7
6
5
6
11
13
6
4
5
9
9
5
6
13
14
9
8
10
10
4
-2
-2
-2
-4
-9
-10
-8
-8
-13
-16
-14
-12
-11
-11
-8
-8
-5
-7
-6
-6
-6
-7
-10
-9
-8
-9
-10
-12
-12
-12
-13
-13
-12
-9
-12
-13
-13
-9
-7
-9
-8
-5
-4
-8
-6
-7
-7
-11
-15
-15
-19
-25
-27
-28
-31
-30
-35
-34
-30
-29
-26
-25
-19
-10
-4
1
5
9
15
20
25
28
32
32
35
36
40
38
39
38
40
40
37
35
37
39
37
34
31
27
26
21
16
10
7
6
2
-3
-7
-8
-3
2
4
12
28
40
50
60
72
86
97
105
116
126
134
135
130
127
122
112
102
89
74
59
42
23
3
-19
-42
-59
-75
-93
-111
-130
-143
-154
-166
-179
-192
-198
-202
-206
-209
-212
-208
-200
-189
-179
-168
-153
-133
-117
-101
-85
-69
-52
-41
-33
-29
-26
-25
-25
-32
-41
-52
-63
-74
-84
-97
-109
-119
-128
-131
-133
-134
-130
-119
-100
-81
-61
-36
-4
28
64
99
137
180
223
265
304
341
377
413
450
484
520
552
580
604
622
633
634
625
611
586
556
513
458
395
323
244
156
71
-16
-100
-188
-271
-346
-416
-473
-519
-557
-580
-595
-599
-592
-576
-546
-512
-478
-437
-389
-342
-290
-240
-194
-149
-110
-68
-35
-8
14
20
20
13
0
-21
-53
-88
-123
-157
-192
-226
-261
-290
-315
-330
-341
-347
-338
-316
-296
-269
-242
-205
-151
-103
-53
-3
59
130
196
260
321
384
442
488
527
566
602
632
649
653
662
681
698
716
728
742
762
783
807
814
814
798
763
714
636
549
451
330
177
-8
-196
-372
-536
-711
-883
-1042
-1174
-1270
-1337
-1384
-1404
-1405
-1383
-1341
-1268
-1167
-1047
-907
-764
-624
-474
-321
-168
-27
90
200
295
365
422
455
463
454
427
384
315
232
150
56
-52
-159
-268
-369
-455
-534
-587
-616
-626
-623
-611
-578
-518
-437
-345
-249
-142
-9
132
270
402
523
650
775
879
972
1050
1138
1218
1275
1314
1342
1378
1401
1395
1366
1343
1333
1331
1300
1247
1205
1185
1169
1142
1094
1048
1009
974
919
828
704
556
377
143
-125
-404
-672
-941
-1237
-1542
-1817
-2023
-2167
-2275
-2355
-2395
-2359
-2252
-2099
-1933
-1762
-1565
-1365
-1164
-957
-762
-553
-344
-150
20
166
313
444
535
583
602
598
566
506
411
287
150
4
-145
-319
-497
-655
-793
-905
-1006
-1086
-1129
-1152
-1130
-1079
-1009
-908
-803
-679
-540
-380
-198
-18
166
353
542
727
904
1066
1211
1339
1439
1517
1567
1593
1611
1598
1563
1507
1444
1391
1330
1262
1195
1129
1091
1063
1031
1001
982
987
1003
1015
1016
1021
1032
1044
1054
1032
985
908
797
642
438
210
-32
-295
-574
-876
-1166
-1420
-1631
-1794
-1944
-2047
-2089
-2069
-1985
-1882
-1751
-1610
-1451
-1267
-1082
-897
-716
-527
-344
-178
-33
97
216
304
364
384
375
348
286
205
88
-50
-190
-341
-499
-669
-837
-975
-1089
-1184
-1254
-1306
-1328
-1309
-1264
-1186
-1096
-992
-855
-707
-542
-362
-181
14
205
379
553
731
899
1052
1176
1274
1363
1430
1474
1506
1503
1477
1438
1399
1349
1295
1234
1161
1094
1023
959
904
838
785
729
669
622
573
539
504
479
457
447
454
469
502
527
557
614
661
704
750
775
766
736
676
575
445
277
90
-124
-370
-610
-860
-1116
-1345
-1544
-1729
-1877
-1972
-2034
-2045
-2015
-1952
-1853
-1729
-1582
-1401
-1228
-1053
-859
-681
-517
-359
-214
-95
4
81
134
159
151
122
77
-6
-110
-216
-335
-463
-583
-697
-802
-894
-964
-1012
-1033
-1034
-1018
-991
-940
-885
-814
-722
-609
-493
-375
-240
-103
38
183
334
488
628
757
883
1001
1101
1182
1259
1314
1341
1354
1363
1353
1318
1284
1232
1171
1109
1043
975
913
862
806
754
697
654
613
570
544
513
478
450
434
422
418
434
452
478
509
556
626
701
780
860
945
1021
1094
1155
1195
1215
1196
1147
1066
934
761
565
325
49
-252
-563
-873
-1174
-1461
-1715
-1945
-2127
-2246
-2305
-2328
-2285
-2190
-2051
-1880
-1692
-1465
-1227
-979
-732
-488
-259
-54
137
319
481
610
707
778
816
811
793
738
660
548
402
241
61
-127
-315
-501
-699
-875
-1032
-1181
-1292
-1366
-1420
-1442
-1437
-1396
-1328
-1248
-1125
-985
-833
-681
-510
-333
-172
-7
149
294
416
526
613
680
730
769
792
774
749
726
679
623
581
521
458
411
358
302
252
198
151
109
51
20
-8
-43
-68
-64
-51
-11
50
112
194
278
380
483
597
696
800
889
958
1040
1120
1212
1306
1403
1489
1572
1639
1721
1789
1855
1864
1816
1713
1581
1410
1195
947
610
260
-113
-465
-798
-1119
-1427
-1673
-1871
-1993
-2055
-2063
-2012
-1920
-1774
-1603
-1384
-1171
-940
-695
-463
-245
-46
121
277
411
520
602
631
625
593
548
483
387
255
84
-87
-280
-484
-683
-899
-1104
-1308
-1500
-1673
-1813
-1922
-1996
-2025
-2030
-2005
-1934
-1834
-1712
-1550
-1380
-1202
-1017
-835
-641
-446
-260
-100
55
196
303
397
472
527
561
578
571
554
531
499
472
451
428
405
392
383
396
419
445
479
510
531
574
619
664
715
764
816
871
926
981
1045
1104
1168
1239
1304
1369
1421
1471
1537
1621
1699
1786
1863
1935
2012
2099
2201
2272
2327
2334
2307
2228
2090
1909
1668
1382
1034
612
158
-307
-773
-1173
-1563
-1907
-2231
-2476
-2635
-2685
-2650
-2594
-2467
-2318
-2087
-1809
-1513
-1231
-942
-668
-377
-101
143
359
531
689
799
901
927
920
866
761
641
455
224
-49
-337
-646
-953
-1276
-1604
-1911
-2177
-2391
-2556
-2670
-2751
-2758
-2723
-2619
-2456
-2267
-2045
-1799
-1522
-1238
-935
-646
-357
-73
194
432
647
826
966
1083
1144
1183
1178
1138
1074
989
898
792
683
573
474
382
309
233
174
132
88
68
48
40
33
42
53
71
91
125
181
253
345
450
564
683
810
937
1065
1186
1296
1401
1488
1553
1605
1651
1691
1722
1745
1764
1803
1848
1903
1957
2002
2048
2091
2111
2102
2054
1949
1803
1594
1344
1039
680
273
-179
-628
-1087
-1520
-1940
-2331
-2684
-2973
-3183
-3304
-3350
-3317
-3198
-3015
-2771
-2460
-2106
-1734
-1341
-953
-553
-168
183
487
749
955
1114
1207
1229
1187
1081
926
717
470
176
-132
-461
-807
-1135
-1466
-1773
-2059
-2307
-2511
-2668
-2782
-2844
-2852
-2806
-2710
-2563
-2374
-2145
-1879
-1595
-1285
-968
-651
-339
-35
255
520
758
955
1121
1247
1347
1415
1446
1443
1420
1388
1341
1279
1206
1138
1066
1007
943
879
829
775
722
672
626
591
562
552
556
577
608
655
711
786
870
971
1080
1193
1315
1439
1562
1671
1778
1883
1977
2074
2168
2253
2342
2425
2503
2571
2622
2652
2645
2612
2535
2404
2203
1953
1635
1262
837
366
-128
-642
-1131
-1619
-2068
-2479
-2813
-3068
-3241
-3320
-3329
-3230
-3067
-2832
-2541
-2215
-1861
-1495
-1108
-738
-375
-47
238
485
688
846
924
950
902
816
687
497
255
-42
-362
-697
-1050
-1431
-1801
-2166
-2508
-2803
-3069
-3280
-3445
-3536
-3563
-3525
-3422
-3250
-3006
-2715
-2390
-2032
-1650
-1254
-850
-463
-95
249
572
860
1095
1282
1423
1534
1597
1604
1564
1502
1431
1335
1211
1068
939
824
731
632
545
473
416
387
364
365
388
433
499
566
652
756
878
1002
1115
1230
1353
1485
1617
1734
1844
1953
2051
2134
2206
2274
2354
2415
2458
2503
2556
2608
2648
2666
2666
2661
2660
2622
2561
2452
2302
2089
1823
1504
1121
673
169
-364
-921
-1482
-2044
-2564
-3038
-3454
-3789
-4041
-4172
-4202
-4140
-3995
-3757
-3418
-3017
-2568
-2110
-1637
-1165
-697
-256
139
492
776
993
1140
1231
1248
1191
1050
848
594
285
-63
-464
-887
-1322
-1761
-2190
-2616
-2997
-3325
-3589
-3797
-3941
-3999
-3984
-3888
-3726
-3501
-3221
-2896
-2525
-2125
-1703
-1264
-827
-399
-10
348
678
979
1241
1441
1577
1670
1743
1786
1770
1708
1633
1548
1461
1362
1246
1138
1064
1003
925
841
783
756
729
710
690
673
678
699
725
769
833
919
1033
1150
1282
1447
1640
1829
2001
2162
2323
2505
2678
2811
2919
3005
3075
3114
3123
3127
3123
3087
3018
2943
2874
2807
2729
2607
2449
2291
2131
1953
1731
1461
1131
739
294
-180
-680
-1229
-1799
-2368
-2884
-3331
-3703
-3978
-4162
-4237
-4199
-4047
-3764
-3374
-2911
-2419
-1908
-1368
-811
-282
172
541
827
1058
1224
1313
1314
1242
1115
936
703
424
116
-240
-627
-1052
-1493
-1933
-2369
-2794
-3219
-3619
-3967
-4232
-4419
-4528
-4559
-4497
-4326
-4040
-3668
-3255
-2793
-2287
-1760
-1239
-744
-286
131
497
801
1040
1204
1324
1407
1447
1431
1380
1310
1237
1166
1069
935
776
638
519
413
295
158
50
-8
-4
12
35
83
179
333
528
736
928
1117
1311
1503
1680
1844
1968
2058
2137
2217
2308
2395
2458
2497
2534
2581
2651
2722
2773
2817
2860
2907
2942
2969
2977
2955
2902
2828
2751
2658
2537
2367
2179
1984
1783
1544
1245
909
551
164
-283
-792
-1336
-1882
-2432
-2989
-3512
-3945
-4280
-4508
-4632
-4613
-4442
-4137
-3715
-3195
-2586
-1921
-1243
-577
68
665
1160
1543
1804
1965
2024
1967
1796
1532
1191
792
344
-142
-639
-1157
-1691
-2214
-2685
-3097
-3466
-3813
-4106
-4306
-4405
-4419
-4364
-4236
-4011
-3686
-3281
-2816
-2298
-1726
-1115
-500
98
683
1209
1644
1968
2170
2260
2191
1953
1564
1095
603
108
-433
-972
-1430
-1718
-1829
-1844
-1788
-1657
-1402
-1042
-633
-247
100
395
652
892
1108
1322
1477
1569
1650
1762
1939
2132
2262
2344
2411
2505
2612
2665
2627
2522
2406
2287
2159
2012
1852
1706
1592
1530
1509
1524
1570
1647
1747
1862
1989
2119
2259
2384
2471
2505
2512
2505
2492
2443
2334
2173
2003
1857
1717
1532
1250
902
518
126
-312
-840
-1480
-2187
-2865
-3420
-3848
-4213
-4547
-4771
-4759
-4486
-4024
-3507
-2957
-2352
-1642
-838
-43
629
1114
1454
1707
1903
1993
1892
1585
1163
732
348
-29
-481
-1000
-1519
-1943
-2265
-2515
-2752
-3002
-3220
-3364
-3404
-3364
-3277
-3194
-3111
-2942
-2638
-2223
-1752
-1259
-755
-218
363
979
1570
2071
2472
2770
2965
3000
2854
2543
2088
1509
748
-167
-1126
-1933
-2560
-3071
-3541
-3889
-3923
-3610
-3060
-2458
-1830
-1150
-363
456
1233
1927
2478
2837
3029
3190
3366
3520
3489
3239
2912
2736
2704
2596
2262
1794
1415
1168
980
689
312
-47
-275
-381
-420
-422
-399
-310
-171
25
275
587
869
1079
1270
1526
1843
2124
2283
2321
2349
2434
2528
2519
2374
2131
1908
1734
1556
1300
957
559
107
-351
-834
-1370
-2055
-2853
-3595
-4121
-4426
-4664
-4855
-4940
-4752
-4282
-3613
-2904
-2207
-1471
-675
173
941
1582
1995
2199
2255
2235
2135
1878
1475
950
455
46
-258
-571
-944
-1314
-1583
-1695
-1767
-1864
-2017
-2131
-2191
-2146
-2040
-1948
-1857
-1725
-1490
-1212
-834
-394
66
474
859
1280
1694
2067
2297
2410
2363
2186
1860
1442
944
328
-445
-1423
-2348
-3054
-3458
-3752
-4012
-4175
-3987
-3382
-2564
-1693
-904
-96
725
1615
2422
3087
3497
3590
3478
3315
3224
3035
2637
1967
1311
903
721
489
57
-415
-736
-809
-778
-783
-893
-963
-934
-781
-536
-266
-23
178
396
652
1027
1417
1699
1826
1958
2219
2550
2812
2875
2854
2884
3001
3065
3004
2797
2510
2230
2002
1763
1436
1044
571
103
-345
-780
-1379
-2176
-3039
-3698
-4048
-4259
-4476
-4666
-4570
-4123
-3388
-2602
-1835
-1074
-239
665
1526
2292
2814
3039
3023
2956
2879
2699
2287
1693
1080
609
335
97
-239
-669
-1030
-1215
-1277
-1396
-1627
-1909
-2138
-2254
-2251
-2212
-2191
-2173
-2047
-1779
-1374
-877
-393
70
476
923
1344
1717
1904
1908
1787
1556
1244
735
145
-547
-1209
-1981
-2801
-3567
-4097
-4335
-4434
-4394
-4216
-3637
-2852
-1912
-1037
-148
722
1536
2247
2733
3110
3193
3104
2750
2340
1871
1390
837
170
-380
-758
-886
-1042
-1215
-1403
-1377
-1177
-939
-773
-637
-401
-146
175
430
759
1058
1363
1586
1781
2057
2365
2616
2681
2820
3016
3311
3442
3452
3400
3387
3396
3317
3112
2734
2414
1990
1595
1047
593
89
-526
-1259
-1823
-2086
-2647
-3490
-4407
-4493
-4200
-3979
-4143
-4028
-3282
-2267
-1271
-516
459
1251
2081
2591
3127
3507
3622
3356
2702
2201
1762
1576
919
74
-805
-1075
-960
-1009
-1347
-1857
-1932
-1871
-1622
-1733
-1920
-2192
-2231
-2042
-1889
-1747
-1752
-1430
-1077
-584
-205
331
859
1202
1340
1367
1573
1633
1535
1023
563
104
-243
-725
-1363
-2027
-2690
-3149
-3660
-3992
-4251
-4118
-3845
-3454
-2939
-2179
-1183
-256
555
1146
1827
2378
2729
2658
2383
1974
1486
927
237
-398
-969
-1312
-1598
-1711
-1677
-1435
-1089
-757
-415
-84
375
784
1077
1180
1262
1394
1558
1660
1661
1686
1738
1940
2179
2456
2756
3079
3362
3611
3879
4066
4097
3943
3786
3593
3304
2889
2388
1811
1180
578
63
-545
-1420
-2265
-2698
-2941
-3559
-4474
-4968
-4671
-4211
-4040
-3925
-3251
-2110
-1002
-86
885
1993
2883
3435
3656
3900
4053
3917
3243
2265
1434
942
563
-239
-1262
-2066
-2144
-1964
-1966
-2264
-2465
-2285
-1929
-1605
-1567
-1544
-1552
-1319
-1046
-774
-590
-386
-24
293
631
934
1410
1683
1718
1466
1337
1309
1149
696
21
-463
-858
-1073
-1463
-1830
-2333
-2704
-2984
-3175
-3292
-3424
-3326
-3163
-2697
-2183
-1438
-711
8
548
1019
1546
1951
2168
1891
1428
829
405
-83
-639
-1285
-1804
-1964
-1865
-1529
-1237
-824
-364
264
846
1330
1714
1973
2152
2116
2041
1947
1865
1631
1271
985
973
1293
1617
1890
2172
2671
3321
3896
4248
4299
4240
4052
3854
3545
3160
2602
1931
1362
855
321
-661
-1936
-3265
-4147
-4670
-5117
-5658
-6204
-6306
-5946
-5025
-3922
-2717
-1592
-365
1085
2670
4166
5066
5404
5204
4941
4614
4168
3248
1830
363
-767
-1295
-1758
-2340
-3170
-3694
-3716
-3323
-2929
-2859
-2896
-2876
-2434
-1920
-1460
-1338
-1275
-1068
-611
39
606
1092
1302
1482
1577
1768
1766
1478
852
117
-452
-895
-1233
-1751
-2210
-2593
-2599
-2469
-2339
-2413
-2569
-2599
-2529
-2319
-2218
-2010
-1780
-1361
-942
-432
98
622
1049
1250
1403
1429
1459
1158
653
-28
-545
-891
-1180
-1450
-1652
-1463
-1023
-362
170
755
1352
2055
2671
3069
3307
3343
3370
3201
3040
2713
2427
2065
1723
1451
1318
1490
1681
1981
2232
2831
3472
3978
4034
3912
4001
4109
4095
3629
3309
3047
3036
2887
2717
2097
454
-1876
-4063
-4930
-5441
-6311
-7968
-8869
-8375
-6935
-5487
-4365
-2802
-1004
1149
2966
4878
6276
6899
6428
5416
4685
4001
3093
1156
-945
-2608
-2975
-2821
-2988
-3825
-4727
-4668
-3919
-3032
-3029
-3451
-3824
-3484
-2747
-2128
-1881
-1909
-1600
-957
69
977
1741
2161
2341
2353
2331
2303
1875
901
-519
-1636
-2207
-2398
-2790
-3374
-3668
-3300
-2615
-2259
-2341
-2422
-2153
-1741
-1545
-1557
-1384
-976
-496
-125
372
1046
1763
2182
2364
2539
2760
2731
2202
1430
762
375
-85
-741
-1378
-1533
-1177
-660
-192
278
986
1800
2574
3116
3537
3779
3902
3909
3861
3800
3578
3296
2856
2558
2349
2414
2495
2601
2782
3052
3480
3661
3815
3587
3384
2987
2911
2855
2728
2584
2423
2277
652
-2029
-5008
-6141
-6458
-7232
-9082
-10318
-9387
-7371
-5302
-4145
-2376
-366
1943
3615
5135
6398
6759
6067
4347
3172
2289
1581
-288
-2649
-4421
-4583
-3590
-3244
-3827
-4904
-4651
-3527
-2316
-2427
-3425
-4173
-3992
-2926
-2229
-1969
-2228
-1821
-914
350
1287
1843
2162
2090
1965
1654
1556
957
-174
-1718
-2686
-2791
-2637
-2811
-3427
-3541
-3028
-2168
-1857
-2011
-2139
-1924
-1554
-1506
-1513
-1385
-900
-499
-173
301
1076
1882
2200
2220
2192
2406
2419
2066
1497
1082
882
626
314
59
87
224
319
370
512
872
1287
1748
2129
2565
3008
3512
4011
4458
4826
4995
5059
4952
4894
4822
4833
4742
4701
4663
4739
4703
4547
4191
3735
3356
3057
2883
2550
2454
2332
1826
-514
-3976
-6914
-7579
-7309
-8120
-9920
-10598
-8472
-5473
-3102
-1955
-155
2059
4140
5314
6156
6888
6526
4932
2512
1200
608
-37
-2115
-4557
-5699
-4863
-3152
-2819
-3749
-4872
-4264
-2741
-1636
-2255
-3720
-4410
-3810
-2397
-1723
-1725
-2165
-1785
-824
361
1008
988
611
7
-272
-468
-447
-1020
-1987
-2895
-2760
-1719
-822
-675
-1155
-1142
-715
-250
-631
-1558
-2505
-2889
-2799
-2701
-2630
-2546
-2047
-1305
-342
547
1351
1914
2155
2260
2293
2226
1803
1228
727
472
372
259
175
138
223
312
462
624
756
887
1124
1583
2190
2892
3506
4043
4587
5204
5656
5760
5599
5353
5149
4932
4765
4588
4545
4545
4745
5022
5331
5493
5608
5639
5258
4747
4301
3681
939
-3868
-8719
-10679
-10457
-10880
-12892
-14036
-11473
-6892
-2929
-959
1162
3912
6572
7765
7919
7936
7131
5085
1856
-238
-1070
-1340
-2856
-5021
-6030
-4861
-2486
-1599
-2421
-3944
-3769
-2403
-1221
-1849
-3486
-4304
-3644
-1967
-1063
-1016
-1678
-1637
-1146
-554
-616
-1351
-2334
-3401
-3980
-4270
-3858
-3555
-3322
-3135
-2054
-146
1699
2673
2525
2260
1955
1594
219
-1747
-3748
-4917
-5320
-5366
-5106
-4552
-3300
-1876
-307
999
2218
2970
3248
3222
3071
2856
2258
1539
780
435
237
78
-220
-494
-597
-558
-337
-157
136
502
1120
1850
2786
3822
4775
5515
6008
6365
6359
6021
5353
4819
4498
4397
4286
4274
4673
5443
6320
6741
6928
7103
7646
7734
7008
5758
4520
2413
-1978
-7441
-11344
-11943
-11743
-12724
-14247
-12810
-8146
-3273
-463
1069
3622
6415
8236
7995
7453
6799
5667
3255
683
-596
-1028
-1502
-3210
-4422
-4296
-2414
-1216
-1722
-3312
-3995
-2894
-1626
-1452
-2840
-3464
-2676
-662
465
175
-917
-1505
-1253
-1414
-2378
-4145
-5450
-6328
-6623
-6759
-6349
-5410
-4230
-2886
-1202
1086
3156
4329
4150
3413
2729
2114
718
-1594
-3975
-5236
-5214
-4799
-4630
-4317
-3144
-1387
195
1061
1702
2350
2895
2808
2380
1995
1793
1425
669
-59
-387
-289
-546
-1145
-1674
-1545
-1047
-513
73
1038
2471
3754
4780
5676
6606
6940
6543
5598
4551
3582
2643
1799
1369
1807
2740
4025
5421
6965
8233
9222
9750
10005
9839
8699
6783
4698
2403
-2018
-7946
-12824
-13723
-12352
-11863
-13001
-12287
-7494
-1702
1834
2743
4083
5901
7260
6593
5441
4668
3562
1295
-1252
-1844
-1264
-701
-2043
-3555
-3650
-1610
18
-689
-2840
-4251
-3189
-1469
-763
-1912
-2466
-1510
483
1564
846
-892
-2548
-3361
-4424
-5935
-7892
-9171
-9533
-9034
-8094
-6718
-4729
-2732
-838
930
2782
3878
3588
2126
588
-334
-1405
-3209
-5344
-6253
-5418
-3743
-2587
-2167
-1355
229
2036
2789
2599
2205
2331
2693
2739
2525
2064
1684
1185
983
747
278
-782
-1866
-2250
-1983
-1480
-1267
-595
718
2689
4411
5781
6748
7318
7379
6803
5965
4766
3401
1838
1001
1337
2621
4042
5297
6897
8931
10981
12135
12433
12134
11069
9125
6836
4642
930
-5402
-12255
-15391
-13958
-12024
-12642
-13589
-10179
-3314
2128
3683
4151
5987
7889
7781
5862
4561
3652
1736
-1318
-2871
-2097
-873
-1389
-3439
-4059
-2088
726
997
-1047
-2903
-2250
12
1304
599
-753
-603
703
1902
1450
-411
-2844
-4718
-6057
-7344
-8656
-9846
-10262
-9699
-8020
-5918
-3667
-1922
-617
605
2060
2986
2458
464
-1926
-3241
-3819
-4589
-6034
-6806
-6140
-4119
-2298
-1346
-697
359
1620
2249
2321
2006
2030
1908
1776
1659
1775
1506
741
87
-66
106
-404
-1301
-1992
-1710
-1042
-289
408
1295
2326
3364
4529
5461
5772
5280
4549
3816
3122
2249
1515
1493
2278
3332
4523
6030
8065
9992
11225
11666
11604
11005
9680
8002
6274
3877
-1462
-8527
-13140
-12522
-10016
-10071
-12198
-11163
-4783
1709
4030
3450
4342
6491
7374
5708
3983
3335
1988
-765
-3022
-2515
-1037
-1004
-3092
-4099
-2372
608
1679
130
-1558
-1120
1251
2728
2190
536
258
1465
2379
1501
-678
-2879
-4660
-6061
-7665
-8907
-9555
-9375
-8418
-6578
-4296
-2097
-331
699
1643
2447
2627
1150
-1421
-3737
-4977
-5987
-7433
-8529
-8366
-6699
-4754
-3205
-2057
-616
735
1837
2345
2287
2065
1872
1526
999
665
166
-585
-1677
-2347
-2262
-1742
-1675
-1740
-1239
-95
1192
2151
2870
3328
3548
3512
3577
3611
3397
2880
2277
1945
1852
1854
1998
2549
3472
4483
5425
6416
8048
9516
10394
10581
10632
10498
9954
8841
7483
5139
-643
-7718
-11629
-10233
-8039
-8855
-11184
-8969
-1915
3582
4450
3616
5146
7129
6959
4443
3343
3391
2013
-1158
-2957
-1584
161
-453
-3242
-4077
-2059
727
1092
-624
-1815
-657
1825
3044
2489
1232
1246
1957
1963
563
-1430
-3528
-5644
-7483
-8820
-9083
-8835
-8220
-6908
-4600
-2099
13
1432
2090
2592
2812
2250
331
-2227
-4301
-5244
-6000
-7065
-7554
-6813
-5291
-4055
-3334
-2665
-1489
-372
434
942
1314
1634
1783
1523
957
332
-748
-2263
-3692
-4225
-3834
-3302
-3022
-2273
-475
1550
2975
3805
4515
4860
4383
3296
2393
2040
1695
1028
396
326
647
1147
1784
2733
3638
4161
4432
5448
6942
7804
7897
8056
8839
9312
9033
8198
7678
4375
-2480
-9214
-10472
-7863
-7135
-9857
-10625
-4705
2313
4990
3851
4926
7620
8423
5659
3727
4727
4825
1878
-1665
-1223
1085
1532
-1911
-4550
-3665
-877
117
-1220
-2178
-954
1959
3742
4106
3344
2913
2606
1735
-350
-2817
-5171
-7591
-9460
-10295
-9574
-8365
-7177
-5602
-2656
270
1646
1608
1262
1388
1248
177
-1696
-3055
-3823
-4041
-4331
-4747
-4933
-4730
-4366
-3863
-2977
-2604
-2649
-2450
-1019
803
1696
1232
854
1331
1494
446
-1626
-3387
-4333
-4540
-4825
-4914
-4230
-2650
-797
674
1869
3025
4095
4262
3883
3529
3270
2635
1926
1729
2087
2339
1853
1826
2739
4052
4423
4481
4736
5784
6595
6633
6753
7255
7727
6891
6116
5592
5334
912
-6765
-12382
-10604
-5734
-4649
-6902
-5731
1593
6750
5924
2657
3422
4968
3744
626
1198
5056
6436
4331
2588
4622
6335
4348
-1194
-4318
-3353
-1076
-793
-1902
-1590
977
4452
5843
5174
3045
1141
-421
-1988
-4107
-6168
-7778
-9051
-9120
-7932
-6190
-5318
-4940
-3969
-1955
-409
-286
-665
-505
280
833
163
-1526
-3063
-3668
-4196
-4997
-5688
-5353
-4472
-3854
-2957
-1416
-36
-220
-645
-304
892
1137
448
104
1005
1876
1152
-559
-1879
-2082
-2741
-4281
-5473
-4761
-3080
-1826
-1003
385
2267
3347
3555
3568
3784
3530
2843
2229
2305
2602
2557
2560
2974
3589
3911
4012
4306
5314
6280
6538
6403
6545
6681
6158
5059
4426
3512
-1588
-9843
-14786
-11511
-6020
-4983
-7365
-4692
2879
6950
4640
1720
2758
3374
1336
-760
2422
7051
7697
4925
4319
6962
7605
3390
-2851
-4724
-2684
-456
-300
-160
1351
3885
5842
6304
5387
2856
-231
-2552
-3070
-2888
-3241
-5252
-7380
-7640
-6435
-6091
-7484
-8304
-7248
-5110
-3706
-2411
-564
1064
1612
1259
768
-572
-2645
-4536
-5200
-4904
-4496
-4119
-3559
-2024
-311
537
-354
-1909
-2404
-1638
-1108
-1494
-1389
-183
1541
2297
1633
221
-1057
-2114
-2769
-2833
-2469
-1735
-809
185
1354
2148
1829
985
625
961
1617
1997
2254
2928
3909
4694
5002
4464
3483
3311
3681
4297
5007
6000
6545
6582
6287
6263
6471
5788
4344
-290
-7764
-13957
-12584
-7373
-5339
-7336
-6246
699
5005
2692
-1340
80
2110
670
-2003
905
7655
10094
6840
4019
6000
7421
4052
-1863
-3386
-80
3036
3368
3313
4444
5471
4999
3393
1694
-178
-2136
-3387
-2711
-855
683
137
-1687
-2519
-2407
-3471
-6616
-8832
-8570
-6980
-6201
-5544
-3586
-1442
-335
-723
-1165
-1872
-2661
-3594
-3765
-2887
-1663
-780
-804
-641
-357
-341
-1630
-3064
-3446
-2430
-1178
-432
158
812
1155
595
-390
-1452
-2320
-3204
-3344
-2468
-1245
-918
-1098
-834
-442
-732
-1453
-1304
-254
650
1141
2093
3689
4833
5289
5331
5499
5934
6229
6160
5725
5659
5680
5189
3845
2864
2881
3124
2898
2143
-1053
-6791
-11466
-10026
-5276
-3081
-4461
-3482
1467
3771
1039
-2811
-2394
-1170
-1697
-2796
-9
4724
6242
4286
2672
3847
4143
1583
-1421
-413
3379
6086
6620
6897
7215
6276
3710
1168
-419
-1601
-2655
-2845
-1410
507
1403
360
-1332
-2283
-2872
-3915
-5178
-5047
-3566
-2067
-1806
-2228
-2030
-1819
-2387
-3655
-4198
-3697
-2776
-1855
-846
361
712
79
-727
-936
-888
-1242
-1626
-1347
-256
737
826
191
-609
-1148
-1409
-1524
-1494
-1220
-712
-471
-655
-1297
-1935
-2261
-2455
-2439
-2194
-1342
-437
73
14
-230
-175
92
789
1658
2789
3850
4850
5778
6384
6851
6374
5182
3905
3371
3595
3399
3309
2153
-1981
-8439
-11811
-8503
-4365
-3764
-5289
-2377
1742
1467
-2309
-4029
-1793
-1205
-1882
-911
3890
7016
5505
2534
1970
2867
1069
-1919
-1803
2225
6040
7075
7157
7541
6607
3833
869
-108
-235
-482
-693
237
2023
2348
630
-2326
-3954
-4350
-4632
-5071
-4486
-1954
389
1202
306
-601
-1547
-2758
-3569
-3392
-2177
-1115
-36
853
1482
956
-217
-1006
-877
-291
315
1053
1922
2488
2373
1700
563
-732
-1862
-1950
-1222
-294
184
309
85
-688
-1842
-3011
-3535
-3450
-2713
-1760
-962
-611
-634
-706
-898
-995
-892
-186
831
1992
3028
3735
4179
4199
4252
3718
2958
2392
2400
2983
3122
3385
1993
-2654
-9249
-12192
-8541
-4567
-3797
-5100
-2164
1061
208
-3760
-5346
-3046
-2121
-1865
-332
4429
6917
5169
1988
1012
1286
-446
-2601
-1720
2304
5814
6712
6649
6519
5014
2426
186
234
600
891
934
1707
2392
1331
-882
-3549
-4671
-5088
-5008
-4620
-3219
-730
913
1057
-271
-1461
-2264
-2657
-2149
-933
797
1764
2180
1969
1236
64
-1088
-1318
-831
374
1814
3203
3789
3476
2712
1939
1088
365
291
1157
2219
2805
2705
1914
383
-1560
-2827
-2982
-2347
-1674
-940
-340
-303
-749
-943
-718
-417
-146
623
1678
2498
2805
2850
2809
2475
2078
1541
1100
929
1082
1531
1786
2119
873
-3191
-8798
-11401
-8518
-5035
-3857
-4735
-3123
-1604
-2591
-5618
-7016
-5494
-4219
-2399
-36
3602
4683
3151
840
-119
-248
-975
-1113
662
3852
6073
6232
5205
3992
2262
801
110
1197
2130
2774
2916
2909
2085
-119
-2142
-3901
-4603
-5243
-4933
-3729
-2063
-794
-979
-1715
-2705
-3008
-2924
-2086
-406
1602
3258
3784
3540
2755
1870
985
507
728
1780
3170
4339
4499
3746
2548
1659
1335
1297
1695
2357
3388
3847
3421
2071
386
-1097
-2174
-2304
-1789
-928
-531
-538
-868
-1232
-1326
-1254
-841
-167
993
2074
2651
2864
2939
3148
3085
2977
2748
2373
2008
1738
1959
2144
2216
1196
-2444
-7180
-9971
-7734
-4654
-3583
-4526
-4135
-2716
-3810
-6291
-8494
-7318
-5795
-3883
-1935
536
1990
896
-769
-1849
-1349
-1144
-699
866
3732
5757
5700
4194
2915
1702
757
422
1263
2502
2940
2995
2343
1465
-359
-1958
-3294
-4093
-4418
-4047
-2895
-1949
-1764
-2673
-3692
-4360
-4392
-4097
-3010
-1324
573
1751
2203
2241
1946
1604
1252
1607
2373
3474
4448
5172
5355
4888
4203
3617
3363
3352
3610
4018
4380
4326
3625
2184
768
-146
-333
-343
-308
-184
-155
-170
-623
-1119
-1608
-1608
-1259
-698
1
623
1093
1329
1548
1883
2033
2086
1992
2022
2059
1945
2172
2096
2072
386
-2457
-5785
-6532
-4585
-2772
-2576
-3679
-3057
-2685
-3183
-5539
-6859
-6352
-4704
-3041
-2411
-1814
-1971
-2231
-2949
-3127
-3003
-2477
-1397
612
2673
3570
2804
1542
785
466
517
613
1393
1882
2396
2138
1624
532
-711
-1510
-2032
-1928
-1984
-1422
-982
-806
-1725
-3064
-3989
-4283
-3960
-3158
-1689
-548
-65
-47
329
529
294
-51
505
1834
3161
4016
4408
4820
5067
5240
4992
4808
5020
5797
6481
6378
5644
4730
4091
3552
3034
2437
1947
1760
1816
1664
1088
266
-226
-261
-86
-109
-342
-383
-190
132
222
241
284
403
562
617
831
1120
1516
1687
1467
826
-559
-2336
-3894
-3882
-2844
-2126
-2518
-3164
-2946
-2693
-3020
-4294
-5017
-4629
-3359
-2414
-2424
-2802
-3373
-3805
-4269
-4397
-4423
-4264
-3480
-1947
-520
-341
-1209
-1861
-1732
-1303
-1121
-917
-319
474
1178
1284
857
2
-543
-558
-263
-119
-308
-282
42
365
-185
-1359
-2340
-2504
-2176
-1931
-1773
-1668
-1414
-1089
-767
-875
-1370
-1586
-1014
-39
509
706
1138
2030
2751
2894
2797
3073
3883
4744
5231
5311
5376
5608
5746
5547
5108
4814
4786
4917
4973
4765
4370
4084
4149
4256
4052
3599
3300
3272
3248
3032
2604
2198
1978
1911
1710
1279
884
724
759
657
4
-1399
-2914
-3493
-3083
-2817
-3638
-4827
-5152
-4576
-4272
-4971
-5944
-6146
-5306
-4233
-3759
-3930
-4121
-3742
-3107
-2851
-3216
-3597
-3225
-2160
-1178
-974
-1203
-1213
-823
-478
-610
-1081
-1379
-998
-225
207
-98
-593
-563
-103
-18
-743
-1670
-1916
-1457
-1093
-1374
-2046
-2404
-2258
-1998
-2159
-2618
-2888
-2694
-2204
-1780
-1562
-1464
-1170
-689
-294
-200
-198
99
793
1577
2035
2196
2513
3167
3797
4058
4141
4476
5101
5683
5861
5722
5575
5689
5997
6160
5989
5629
5434
5445
5353
4935
4380
4082
4149
4326
4195
3781
3556
3760
3943
3526
2713
1982
1221
-15
-1290
-1590
-1084
-1149
-2428
-3879
-4441
-4494
-5074
-6286
-7110
-6857
-5988
-5382
-5303
-5480
-5680
-5611
-5099
-4450
-4181
-4150
-3539
-2114
-753
-410
-790
-850
-273
283
267
-7
21
438
858
930
616
221
57
34
-310
-1150
-1935
-2045
-1704
-1764
-2597
-3620
-4066
-3991
-3976
-4216
-4356
-4169
-3781
-3317
-2872
-2609
-2531
-2306
-1756
-1154
-798
-556
-27
821
1537
1822
1954
2370
3071
3692
4105
4524
5111
5679
5926
5826
5647
5672
5963
6330
6500
6404
6243
6159
6014
5638
5116
4685
4508
4516
4475
4228
3895
3687
3511
3097
2420
1645
654
-660
-1707
-1737
-1115
-1075
-2063
-3222
-3696
-3658
-3872
-4550
-5074
-4883
-4171
-3579
-3435
-3701
-4132
-4261
-3823
-3211
-3051
-3230
-2963
-1931
-907
-757
-1226
-1360
-832
-191
63
62
123
305
511
647
634
417
138
-23
-163
-523
-1002
-1250
-1277
-1507
-2217
-3146
-3815
-4083
-4152
-4181
-4144
-4077
-4017
-3823
-3446
-3143
-3077
-2940
-2407
-1649
-1032
-583
-38
701
1342
1605
1652
1888
2464
3151
3720
4132
4422
4617
4681
4572
4282
3974
3938
4285
4751
4949
4832
4694
4666
4554
4197
3735
3466
3485
3640
3683
3471
3066
2595
2155
1717
1089
91
-943
-1292
-850
-558
-1210
-2379
-3079
-3083
-2985
-3291
-3774
-3838
-3301
-2602
-2336
-2687
-3294
-3541
-3181
-2642
-2494
-2595
-2317
-1515
-839
-845
-1295
-1426
-914
-154
344
458
450
647
1062
1289
966
398
264
647
943
706
208
-16
29
-234
-1096
-2089
-2574
-2507
-2261
-2135
-2205
-2324
-2271
-2057
-1981
-2179
-2331
-2003
-1213
-431
-34
155
499
947
1117
892
674
924
1716
2613
3095
3128
3104
3255
3319
3018
2578
2493
2951
3609
3954
3872
3644
3538
3481
3246
2775
2257
2051
2261
2516
2305
1545
715
232
9
-354
-1078
-1887
-2239
-2007
-1759
-2208
-3305
-4271
-4498
-4213
-4126
-4467
-4725
-4358
-3594
-3172
-3437
-3948
-4025
-3471
-2727
-2318
-2217
-1937
-1242
-526
-325
-599
-783
-412
327
904
990
794
789
1074
1220
834
209
16
474
1075
1194
795
425
411
430
57
-548
-851
-586
3
414
377
136
89
246
291
150
113
495
1199
1784
1993
1979
2041
2184
2177
1995
1927
2276
2997
3651
3840
3668
3561
3647
3635
3370
3125
3232
3620
3936
3976
3778
3504
3203
2895
2604
2295
1973
1758
1736
1682
1253
454
-318
-815
-1159
-1578
-2111
-2671
-3143
-3377
-3448
-3704
-4425
-5287
-5676
-5464
-5185
-5305
-5567
-5486
-5054
-4764
-4839
-5000
-4919
-4551
-4047
-3599
-3333
-3145
-2810
-2332
-2002
-1920
-1823
-1438
-879
-445
-195
-38
36
-10
-93
-150
-179
-131
31
316
595
630
337
34
-62
-151
-320
-316
-19
318
529
633
713
816
893
992
1265
1770
2342
2826
3242
3550
3657
3591
3512
3544
3752
4118
4550
4895
5016
4932
4760
4594
4431
4249
4073
4028
4097
4126
4018
3798
3543
3244
2939
2674
2467
2308
2216
2172
2040
1709
1256
854
496
64
-406
-754
-1092
-1727
-2492
-2922
-3075
-3554
-4386
-4924
-4936
-4849
-5065
-5428
-5651
-5633
-5543
-5514
-5512
-5505
-5387
-5018
-4566
-4371
-4389
-4217
-3781
-3462
-3376
-3264
-3005
-2674
-2313
-1959
-1782
-1825
-1863
-1754
-1567
-1443
-1460
-1415
-994
-484
-480
-873
-1046
-959
-936
-945
-844
-669
-444
-170
-5
22
42
173
538
1127
1711
2168
2674
3214
3524
3565
3617
3864
4253
4711
5166
5563
5864
6055
6113
6047
5912
5779
5717
5696
5639
5463
5242
5068
4900
4610
4222
3918
3733
3517
3203
2927
2744
2493
2097
1666
1265
805
302
-41
-299
-830
-1678
-2278
-2333
-2396
-2959
-3621
-3806
-3657
-3658
-3940
-4255
-4381
-4325
-4252
-4255
-4356
-4446
-4315
-3989
-3772
-3820
-3861
-3621
-3251
-3034
-3041
-3168
-3174
-2896
-2553
-2495
-2678
-2755
-2618
-2447
-2398
-2519
-2593
-2255
-1688
-1532
-1847
-2078
-2001
-1890
-1904
-2008
-2059
-1860
-1490
-1290
-1339
-1377
-1252
-934
-509
-136
204
707
1324
1716
1850
2000
2330
2766
3192
3547
3825
4125
4466
4719
4805
4800
4827
4982
5197
5246
5120
5012
5041
5076
4949
4717
4533
4420
4255
3941
3560
3239
2949
2606
2215
1779
1326
940
720
532
97
-569
-1089
-1168
-1150
-1532
-2186
-2537
-2459
-2424
-2756
-3248
-3486
-3400
-3240
-3211
-3307
-3350
-3169
-2798
-2490
-2404
-2413
-2235
-1828
-1429
-1341
-1602
-1742
-1408
-991
-1031
-1357
-1469
-1319
-1182
-1229
-1473
-1694
-1575
-1238
-1125
-1343
-1610
-1738
-1704
-1653
-1825
-2098
-2059
-1752
-1570
-1612
-1668
-1566
-1298
-1019
-844
-644
-236
258
569
771
1046
1401
1750
2026
2195
2337
2547
2725
2833
2964
3107
3203
3309
3463
3543
3497
3446
3496
3586
3600
3517
3359
3231
3158
2969
2651
2329
2076
1827
1490
1107
784
541
289
-83
-562
-958
-1193
-1408
-1770
-2246
-2585
-2724
-2862
-3138
-3455
-3609
-3597
-3581
-3580
-3539
-3455
-3264
-2932
-2550
-2294
-2187
-1984
-1614
-1251
-1113
-1223
-1247
-870
-353
-177
-293
-300
-93
121
187
72
-85
20
366
521
367
144
23
48
108
-29
-311
-371
-160
6
-24
-122
-151
-18
233
397
428
568
896
1198
1384
1531
1720
1988
2262
2401
2429
2499
2578
2580
2635
2774
2847
2859
2923
3032
3090
3068
3027
3020
3040
3029
2910
2765
2688
2577
2375
2146
1897
1582
1199
829
512
180
-196
-601
-998
-1308
-1569
-1897
-2324
-2768
-3090
-3326
-3590
-3918
-4214
-4336
-4379
-4527
-4734
-4849
-4831
-4730
-4582
-4410
-4258
-4098
-3855
-3582
-3387
-3296
-3276
-3173
-2832
-2411
-2166
-2032
-1792
-1421
-1062
-802
-657
-517
-167
343
646
687
752
978
1281
1487
1511
1503
1696
1977
2076
2021
1976
2000
2096
2248
2334
2329
2356
2485
2598
2565
2423
2323
2430
2638
2700
2607
2602
2729
2793
2706
2580
2530
2589
2706
2773
2793
2836
2938
3031
3021
2899
2724
2639
2658
2628
2466
2272
2144
2018
1788
1419
976
573
254
-17
-344
-721
-1065
-1328
-1553
-1862
-2298
-2760
-3089
-3267
-3444
-3695
-3960
-4158
-4250
-4330
-4499
-4711
-4850
-4855
-4771
-4690
-4630
-4592
-4505
-4328
-4151
-4068
-4018
-3879
-3563
-3162
-2849
-2663
-2416
-1998
-1579
-1306
-1137
-893
-529
-172
65
241
448
691
921
1129
1315
1472
1592
1720
1907
2060
2114
2149
2282
2474
2624
2664
2678
2764
2854
2853
2798
2808
2872
2921
2946
2988
3061
3114
3096
3065
3090
3148
3169
3160
3176
3223
3275
3267
3176
3032
2863
2737
2618
2433
2167
1888
1710
1550
1264
850
441
146
-117
-416
-755
-1074
-1307
-1500
-1684
-1896
-2171
-2451
-2625
-2678
-2757
-2941
-3119
-3167
-3109
-3130
-3299
-3447
-3466
-3400
-3367
-3369
-3324
-3251
-3155
-3058
-2967
-2896
-2857
-2786
-2589
-2313
-2101
-1986
-1814
-1528
-1251
-1077
-974
-799
-530
-251
-49
136
339
522
681
842
1004
1127
1216
1332
1525
1700
1765
1750
1800
1920
2008
1998
1948
1987
2069
2106
2068
2014
1981
1980
1978
1963
1939
1920
1915
1947
1982
1960
1893
1836
1824
1780
1682
1546
1430
1331
1191
1026
862
695
484
259
82
-74
-272
-503
-693
-805
-936
-1111
-1268
-1372
-1459
-1594
-1723
-1788
-1843
-1961
-2082
-2104
-2073
-2113
-2212
-2254
-2176
-2120
-2182
-2239
-2185
-2063
-1977
-1914
-1794
-1636
-1492
-1383
-1268
-1129
-1028
-941
-773
-522
-305
-174
-18
202
410
531
595
722
918
1107
1231
1364
1525
1651
1723
1765
1821
1876
1916
1959
2045
2137
2184
2189
2190
2194
2182
2138
2065
2011
1989
1964
1908
1818
1719
1633
1529
1384
1216
1051
897
748
605
452
283
112
-39
-191
-366
-578
-785
-951
-1110
-1269
-1426
-1564
-1671
-1757
-1837
-1939
-2063
-2169
-2243
-2297
-2354
-2415
-2429
-2388
-2358
-2380
-2405
-2393
-2367
-2378
-2395
-2348
-2248
-2133
-2028
-1910
-1773
-1665
-1587
-1501
-1395
-1284
-1156
-976
-736
-497
-306
-132
68
266
424
558
739
976
1230
1451
1645
1839
2009
2137
2217
2300
2403
2517
2642
2761
2878
2968
3025
3043
3034
3014
2975
2933
2897
2867
2828
2764
2670
2569
2466
2329
2158
1984
1820
1653
1475
1291
1111
931
734
550
368
173
-53
-275
-482
-693
-902
-1099
-1268
-1408
-1536
-1674
-1811
-1956
-2112
-2265
-2398
-2504
-2600
-2663
-2692
-2708
-2748
-2820
-2887
-2935
-2976
-3021
-3034
-2994
-2902
-2802
-2723
-2650
-2596
-2549
-2497
-2445
-2365
-2248
-2088
-1889
-1682
-1509
-1364
-1212
-1049
-883
-720
-528
-275
10
288
521
723
919
1092
1241
1393
1560
1765
1996
2213
2413
2592
2740
2848
2939
3018
3098
3178
3267
3351
3417
3443
3432
3401
3357
3278
3181
3084
2986
2890
2768
2629
2473
2313
2123
1937
1745
1541
1316
1089
863
624
376
123
-111
-324
-528
-745
-943
-1136
-1335
-1543
-1730
-1891
-2033
-2157
-2266
-2359
-2444
-2543
-2650
-2731
-2797
-2852
-2882
-2878
-2837
-2786
-2737
-2692
-2658
-2618
-2584
-2541
-2479
-2386
-2285
-2181
-2068
-1968
-1893
-1820
-1742
-1647
-1539
-1412
-1254
-1070
-885
-722
-583
-447
-319
-184
-42
112
295
487
675
852
1019
1166
1304
1439
1585
1745
1921
2097
2272
2442
2587
2707
2808
2893
2958
3020
3065
3102
3118
3110
3069
2999
2912
2808
2685
2546
2404
2256
2107
1927
1740
1546
1347
1135
917
702
494
282
66
-152
-378
-592
-806
-1003
-1193
-1367
-1523
-1661
-1793
-1916
-2030
-2131
-2200
-2263
-2310
-2336
-2347
-2347
-2345
-2341
-2330
-2299
-2252
-2199
-2128
-2048
-1954
-1856
-1760
-1668
-1570
-1479
-1385
-1279
-1180
-1071
-962
-849
-746
-651
-554
-458
-364
-263
-158
-46
68
180
291
395
488
584
676
767
858
948
1047
1141
1237
1333
1426
1518
1609
1696
1783
1883
1976
2062
2140
2199
2253
2287
2302
2305
2293
2267
2221
2154
2073
1975
1858
1728
1585
1434
1268
1103
932
754
569
380
189
-1
-192
-381
-573
-757
-933
-1100
-1265
-1423
-1570
-1709
-1827
-1933
-2021
-2095
-2150
-2196
-2228
-2252
-2258
-2252
-2231
-2200
-2161
-2109
-2049
-1980
-1907
-1835
-1753
-1649
-1547
-1434
-1320
-1197
-1077
-948
-823
-700
-576
-460
-341
-219
-98
18
136
244
353
453
558
654
750
843
931
1015
1094
1175
1244
1305
1358
1417
1465
1513
1560
1600
1638
1671
1705
1728
1746
1761
1767
1773
1776
1772
1761
1736
1699
1658
1605
1547
1479
1400
1316
1222
1123
1012
891
765
634
498
357
219
79
-72
-212
-357
-500
-640
-778
-913
-1043
-1160
-1269
-1380
-1481
-1572
-1658
-1729
-1791
-1845
-1890
-1923
-1947
-1955
-1956
-1945
-1928
-1902
-1867
-1818
-1758
-1697
-1627
-1548
-1461
-1379
-1287
-1189
-1087
-986
-878
-770
-669
-562
-456
-354
-253
-150
-53
41
130
217
304
385
474
550
618
694
766
833
893
964
1025
1080
1133
1187
1239
1282
1332
1376
1418
1456
1494
1520
1544
1567
1586
1596
1600
1608
1603
1592
1570
1538
1499
1456
1404
1345
1271
1193
1113
1016
915
812
696
576
459
331
205
77
-50
-174
-303
-417
-532
-650
-759
-853
-941
-1030
-1105
-1172
-1235
-1285
-1328
-1369
-1399
-1413
-1418
-1420
-1418
-1407
-1392
-1376
-1350
-1315
-1287
-1253
-1209
-1171
-1134
-1090
-1044
-1006
-965
-915
-870
-827
-789
-739
-691
-648
-592
-547
-497
-441
-382
-330
-269
-205
-146
-84
-17
52
123
188
259
325
396
471
539
611
674
743
807
865
924
979
1032
1079
1129
1169
1200
1233
1252
1268
1281
1282
1276
1259
1242
1213
1179
1135
1084
1029
964
896
824
747
665
581
497
411
327
238
152
69
-8
-82
-152
-213
-268
-319
-375
-418
-453
-482
-504
-523
-541
-552
-558
-560
-568
-565
-550
-549
-538
-533
-517
-507
-498
-490
-484
-486
-484
-480
-484
-490
-493
-484
-494
-496
-508
-516
-528
-525
-523
-523
-521
-516
-512
-507
-499
-483
-467
-441
-408
-387
-355
-331
-292
-259
-221
-175
-134
-91
-39
5
50
91
134
179
225
268
309
348
387
426
454
482
509
531
550
565
575
582
594
597
585
572
560
546
530
518
499
480
456
434
409
380
355
330
307
277
253
235
213
187
173
158
143
126
114
98
87
71
55
35
18
5
-7
-15
-30
-41
-60
-66
-77
-84
-98
-108
-123
-144
-167
-184
-196
-215
-220
-232
-242
-262
-285
-309
-321
-328
-335
-343
-354
-370
-386
-405
-413
-411
-411
-403
-401
-400
-408
-403
-396
-381
-365
-356
-339
-322
-301
-285
-266
-242
-215
-192
-167
-146
-111
-83
-47
-18
7
33
56
85
115
143
163
191
208
227
243
256
275
294
312
328
336
339
353
362
364
368
369
372
378
373
371
368
364
364
359
353
343
330
321
308
290
272
242
223
202
180
159
142
119
87
64
39
17
-5
-22
-41
-64
-92
-118
-137
-154
-160
-176
-181
-194
-213
-230
-242
-246
-247
-250
-258
-262
-271
-280
-288
-284
-278
-271
-271
-277
-283
-287
-280
-274
-271
-266
-260
-256
-251
-246
-233
-223
-212
-203
-197
-177
-160
-136
-117
-103
-81
-62
-41
-21
-4
22
48
72
91
111
131
149
170
190
214
232
253
272
277
285
293
303
312
320
323
330
335
335
337
332
328
325
317
306
300
284
269
242
213
195
171
151
137
116
90
68
37
9
-12
-35
-52
-65
-89
-116
-137
-160
-173
-186
-198
-205
-217
-229
-237
-248
-256
-254
-253
-251
-250
-247
-242
-242
-244
-234
-221
-215
-207
-207
-215
-216
-211
-204
-195
-191
-179
-168
-166
-162
-158
-150
-141
-124
-109
-97
-82
-67
-47
-38
-30
-9
11
27
46
61
84
108
125
147
163
183
209
231
251
271
289
308
314
318
320
333
343
353
366
374
382
381
374
371
364
355
350
339
331
319
298
265
234
202
182
162
134
110
82
59
32
-4
-37
-59
-79
-96
-120
-157
-189
-210
-237
-263
-288
-307
-308
-321
-346
-361
-374
-379
-377
-384
-387
-373
-367
-374
-374
-378
-362
-345
-343
-341
-342
-342
-327
-317
-326
-313
-297
-285
-276
-279
-278
-258
-238
-217
-205
-188
-154
-128
-115
-93
-67
-37
-6
18
44
65
101
133
169
198
222
257
291
311
336
362
390
420
431
442
451
462
478
488
496
507
514
516
511
502
489
480
470
459
446
431
416
389
356
321
291
265
235
209
186
159
132
99
63
34
6
-22
-52
-89
-123
-156
-188
-224
-259
-290
-310
-329
-363
-384
-397
-408
-420
-433
-448
-450
-448
-455
-463
-467
-464
-456
-455
-455
-458
-451
-435
-428
-426
-422
-404
-387
-371
-362
-351
-329
-305
-286
-264
-237
-204
-167
-136
-107
-74
-42
-7
29
60
92
126
167
199
230
258
284
310
339
355
370
399
419
433
441
452
461
465
475
477
476
480
480
475
464
454
439
420
408
394
374
358
342
321
296
268
243
219
195
177
158
133
114
92
63
44
20
-10
-32
-57
-90
-118
-143
-172
-192
-219
-240
-262
-283
-297
-312
-331
-344
-354
-370
-375
-384
-389
-396
-401
-410
-408
-415
-416
-412
-407
-398
-398
-393
-384
-375
-360
-337
-324
-311
-291
-273
-256
-234
-211
-184
-157
-128
-102
-80
-48
-23
5
38
69
96
117
152
178
193
218
239
258
273
289
303
313
326
339
347
352
357
367
369
371
376
375
370
365
358
353
342
325
312
297
281
268
254
234
218
201
178
165
150
127
116
109
87
69
55
41
27
13
-7
-30
-48
-63
-86
-98
-109
-127
-146
-159
-173
-192
-198
-210
-222
-233
-238
-244
-261
-268
-281
-289
-296
-304
-317
-323
-312
-316
-320
-322
-312
-304
-297
-288
-283
-263
-249
-233
-222
-205
-193
-179
-159
-141
-124
-107
-83
-63
-46
-28
0
20
40
61
89
104
125
140
155
174
190
199
211
229
235
244
248
258
260
263
266
270
271
270
266
262
259
252
248
235
231
217
211
203
192
184
170
153
141
133
116
112
103
87
82
68
56
52
40
30
16
5
-5
-21
-32
-36
-53
-58
-75
-92
-96
-112
-120
-131
-144
-154
-168
-181
-191
-204
-217
-220
-224
-240
-235
-251
-250
-246
-242
-234
-237
-230
-222
-208
-206
-199
-191
-173
-159
-155
-144
-132
-122
-108
-93
-84
-71
-64
-47
-34
-13
-7
16
23
37
48
55
74
84
97
111
125
132
143
143
158
153
158
159
156
166
163
160
164
166
166
171
162
164
160
157
155
144
139
131
119
116
110
100
100
93
87
91
84
86
87
74
72
58
59
48
40
36
26
25
20
0
-6
-9
-12
-6
-25
-32
-38
-55
-66
-71
-86
-91
-102
-111
-120
-124
-135
-130
-130
-132
-127
-131
-123
-123
-121
-120
-106
-115
-114
-113
-117
-101
-101
-96
-88
-81
-78
-63
-59
-50
-41
-35
-30
-16
-11
-2
5
9
18
24
33
45
51
51
62
67
80
79
77
83
79
80
83
88
89
92
95
92
91
87
86
80
79
67
59
48
41
38
29
27
19
13
12
10
7
9
0
-5
-9
-23
-27
-35
-35
-51
-56
-61
-64
-63
-64
-76
-76
-65
-70
-70
-84
-89
-91
-90
-97
-100
-106
-107
-110
-112
-108
-97
-90
-86
-78
-76
-69
-65
-55
-56
-48
-45
-43
-40
-37
-28
-25
-16
-11
-6
2
13
16
30
36
49
60
65
77
80
88
96
102
112
117
121
124
133
138
143
152
153
154
153
153
163
166
171
167
170
171
161
169
159
154
145
138
127
122
108
104
96
84
78
62
49
42
31
20
10
-7
-17
-34
-54
-67
-80
-95
-109
-119
-132
-138
-148
-156
-164
-173
-179
-183
-193
-203
-205
-215
-217
-219
-219
-221
-224
-223
-225
-215
-207
-198
-194
-185
-180
-177
-166
-154
-152
-141
-134
-122
-115
-108
-95
-87
-68
-60
-44
-40
-27
-18
1
15
29
43
49
66
71
82
94
103
109
119
132
145
150
153
164
176
190
194
197
196
201
210
221
229
228
224
227
231
240
242
237
232
226
228
231
227
220
214
205
199
195
184
170
156
144
129
120
106
88
68
50
33
16
0
-14
-34
-53
-61
-72
-86
-102
-119
-132
-142
-153
-163
-178
-187
-191
-188
-190
-197
-204
-213
-211
-212
-210
-212
-218
-221
-220
-215
-215
-218
-219
-216
-207
-204
-202
-198
-193
-181
-172
-160
-158
-156
-148
-137
-125
-115
-109
-100
-90
-81
-72
-67
-62
-54
-52
-41
-27
-12
-4
3
13
31
42
51
54
63
73
88
98
108
113
121
130
143
152
159
162
159
165
177
194
197
196
200
206
212
210
206
204
212
207
199
202
203
196
179
169
165
160
149
132
118
112
107
100
83
68
68
58
48
32
25
23
18
12
8
8
5
-8
-19
-30
-37
-41
-55
-63
-68
-71
-79
-92
-103
-109
-116
-122
-128
-136
-137
-140
-140
-142
-141
-140
-148
-149
-150
-147
-146
-147
-143
-135
-131
-135
-143
-138
-134
-137
-145
-141
-130
-131
-137
-137
-125
-112
-116
-119
-116
-101
-89
-84
-84
-75
-56
-53
-53
-45
-32
-21
-18
-9
6
27
29
30
44
56
66
70
75
87
101
106
111
114
119
121
126
127
135
134
132
134
140
148
156
151
161
166
163
164
167
172
176
174
169
178
181
174
171
168
171
164
150
144
142
140
122
115
106
106
91
73
61
61
56
36
11
6
8
-4
-25
-44
-43
-44
-62
-85
-91
-84
-87
-112
-122
-119
-114
-128
-148
-151
-142
-143
-160
-172
-162
-152
-160
-177
-181
-169
-162
-177
-198
-190
-173
-176
-190
-195
-187
-172
-177
-193
-187
-165
-147
-149
-159
-137
-108
-106
-111
-112
-89
-67
-70
-76
-65
-44
-28
-25
-24
-6
19
28
32
41
66
84
92
98
112
133
144
146
142
150
161
166
164
166
178
185
189
181
181
187
191
188
178
178
185
182
176
170
165
168
159
144
140
139
131
126
118
120
111
98
90
89
83
68
52
44
39
26
13
0
-3
-15
-35
-48
-48
-49
-61
-79
-90
-82
-80
-99
-117
-118
-115
-117
-124
-132
-130
-127
-137
-146
-148
-147
-147
-152
-149
-145
-142
-144
-147
-147
-140
-131
-131
-128
-116
-115
-111
-109
-99
-91
-76
-68
-58
-49
-45
-40
-36
-25
-12
-6
3
16
24
30
31
35
40
40
47
58
57
56
58
63
67
66
65
65
71
76
72
70
71
66
62
56
56
55
56
53
48
46
46
46
47
43
45
44
46
47
42
41
42
33
31
30
31
32
32
25
20
23
18
9
6
6
8
5
-2
-3
-1
2
-3
-11
-13
-11
-9
-14
-21
-23
-21
-20
-27
-33
-30
-28
-30
-26
-24
-18
-11
-11
-8
-9
-9
-9
-5
-8
-4
4
5
2
7
12
19
27
27
33
38
41
43
40
36
33
34
26
22
23
24
23
24
26
23
23
23
21
22
21
17
8
4
-3
-9
-10
-13
-19
-20
-21
-23
-20
-21
-24
-23
-28
-30
-29
-30
-31
-33
-37
-40
-41
-42
-42
-36
-36
-35
-35
-32
-27
-32
-35
-36
-37
-36
-37
-35
-31
-26
-23
-24
-24
-25
-25
-25
-23
-21
-24
-24
-16
-17
-22
-24
-21
-12
-11
-7
-8
-2
4
6
0
-5
1
-1
9
8
6
7
14
20
20
27
35
42
42
42
42
47
48
44
37
33
32
33
30
26
25
29
35
38
37
35
34
39
39
31
22
20
23
23
16
10
8
3
-2
-4
-1
7
6
2
0
-4
-3
-6
-11
-10
-13
-13
-11
-17
-17
-17
-16
-12
-6
-10
-5
-3
-9
-15
-14
-16
-16
-18
-19
-15
-7
-7
-7
-6
-4
3
1
0
-3
0
-1
-3
-5
-6
0
5
3
3
6
6
3
2
3
3
4
3
2
2
0
-4
-11
-11
-10
-7
-6
-7
-4
3
7
8
-1
-5
-4
-5
-5
-12
-9
-1
3
1
-7
-8
-4
2
3
-3
-4
2
3
2
-3
-4
0
-1
-1
-6
-5
2
-2
-1
1
4
7
9
10
7
