0
0
1
0
1
0
1
2
0
0
-1
0
0
0
-1
-1
1
2
0
-1
-2
0
1
0
0
-1
-2
-1
1
1
0
-1
0
0
-1
-1
-2
0
0
0
1
0
0
1
1
0
-1
-1
0
-1
-1
0
2
1
-1
-1
0
1
0
0
0
0
2
1
-1
-2
0
0
1
1
0
0
-1
0
1
1
0
0
2
1
1
0
0
-1
1
0
-1
0
0
-1
1
3
0
0
0
-1
-1
0
0
0
2
2
0
0
0
1
1
1
1
-1
1
0
-1
2
0
-1
0
0
-2
0
1
-1
0
0
-1
-1
1
0
1
2
0
-1
1
2
1
1
-2
0
2
2
-2
-2
-1
0
1
2
0
0
1
-2
-3
0
1
-1
2
0
-3
1
4
-1
-2
3
1
2
1
1
-1
2
0
-4
1
3
0
-1
1
-1
0
1
-2
-1
2
0
-3
1
0
-1
1
2
-1
0
2
1
1
0
-1
2
3
0
0
2
0
-2
1
1
-3
1
1
-1
2
2
-2
-1
0
-3
-2
4
-1
-4
2
0
-3
2
3
-4
1
2
-4
0
5
-3
-3
5
-2
-5
3
0
-7
2
3
-4
0
5
-3
-2
4
-2
-5
4
3
-5
-1
2
-4
0
4
-2
-1
4
-1
-5
2
2
-4
1
4
-2
-2
5
1
-4
4
4
-4
2
2
-5
-1
4
-4
-3
5
-2
-4
4
1
-5
2
4
-5
0
6
-4
-3
7
-2
-4
6
-1
-5
6
2
-8
3
3
-7
-1
7
-5
-3
6
-3
-3
5
-3
-7
6
4
-7
1
4
-5
0
6
-5
-3
8
0
-6
4
1
-6
5
5
-8
-1
8
-6
-5
8
-1
-8
6
3
-6
6
8
-6
-1
7
-6
-4
5
-3
-4
8
2
-5
4
1
-7
-1
3
-6
1
6
-3
1
6
-6
-4
4
-6
-2
9
-3
-2
10
-2
-9
7
-2
-11
8
8
-9
5
11
-12
-4
10
-9
-6
18
1
-10
15
2
-16
8
5
-19
8
13
-17
1
14
-16
-7
14
-11
-4
21
-5
-7
16
-7
-15
11
-3
-11
17
3
-16
14
3
-26
10
12
-22
11
24
-20
1
26
-25
-19
31
-11
-21
35
7
-31
19
12
-39
-1
27
-19
-8
36
-2
-27
21
6
-42
7
31
-27
-2
45
-16
-25
33
-11
-39
28
13
-31
21
28
-26
-3
21
-20
-17
20
4
-14
14
21
-15
-13
19
-9
-31
21
15
-30
18
39
-33
-12
38
-34
-35
48
-3
-44
52
26
-59
22
41
-69
-12
63
-42
-26
83
-12
-58
60
8
-85
29
44
-71
12
79
-47
-25
75
-36
-62
64
-8
-65
66
28
-62
48
28
-78
22
29
-70
28
46
-53
32
48
-64
10
38
-68
2
56
-46
0
67
-32
-30
49
-22
-51
39
18
-47
23
53
-43
-22
65
-33
-65
71
6
-89
71
56
-106
36
90
-113
-12
118
-91
-53
138
-48
-90
128
-10
-124
103
26
-136
81
62
-128
60
83
-126
31
94
-128
12
111
-117
1
133
-109
-27
142
-101
-65
148
-72
-93
151
-30
-115
126
9
-124
79
45
-111
34
70
-74
-5
66
-32
-35
42
7
-48
13
38
-35
-8
51
-22
-31
41
-20
-33
46
-16
-22
58
-27
-26
62
-50
-38
82
-44
-40
109
-37
-65
97
-42
-79
92
-22
-56
95
-11
-42
71
-47
-47
63
-68
-15
114
-59
-14
129
-86
-82
109
-66
-101
135
32
-84
84
55
-106
-51
49
-28
-79
95
117
-83
-1
124
-138
-154
153
-21
-136
225
102
-175
77
57
-240
-31
150
-80
39
210
-42
-80
23
-106
-118
40
65
50
109
54
-39
-74
-113
-56
-20
26
148
94
10
32
-90
-185
-24
-8
-39
196
153
-66
64
-23
-290
-32
91
-127
167
287
-115
-15
90
-292
-176
181
-54
1
362
9
-167
103
-161
-283
101
99
-34
220
174
-151
-58
-56
-221
-29
106
82
151
100
-23
-77
-152
-151
2
45
73
213
79
-87
-19
-139
-196
29
77
47
185
115
-105
-57
-83
-201
7
129
43
130
132
-82
-130
-58
-119
-55
128
108
74
80
-42
-129
-90
-67
-27
113
129
31
60
-13
-168
-89
15
-26
42
182
56
-68
10
-78
-148
-2
63
51
77
76
-10
-80
-77
-62
-4
18
74
111
-9
-17
-14
-119
-47
42
-7
52
125
-32
-57
53
-114
-91
124
-6
-39
146
6
-123
44
-20
-111
76
44
-29
81
3
-86
34
-23
-106
121
47
-124
136
49
-195
75
78
-184
60
175
-158
-2
184
-177
-57
186
-145
-54
213
-107
-80
185
-91
-127
188
-62
-152
219
-22
-169
187
-7
-187
122
63
-186
80
156
-160
6
143
-131
-71
113
-20
-96
127
56
-117
74
2
-128
41
40
-77
86
124
-165
42
129
-308
38
235
-234
25
325
-180
-164
270
-138
-255
267
20
-179
196
41
-142
71
-37
-46
73
-108
74
119
-180
60
149
-189
-56
206
-125
-120
231
-50
-104
125
1
-57
-68
52
18
-98
112
85
-64
-18
80
-104
-144
150
-44
-38
194
-35
-28
14
-84
-55
5
2
32
142
-57
0
54
-196
26
41
-75
142
15
-30
93
-91
-158
156
-6
-212
272
118
-356
199
208
-469
93
352
-368
2
376
-243
-156
324
-118
-289
329
21
-304
287
70
-308
103
191
-240
-59
315
-77
-235
230
70
-347
103
272
-259
5
259
-102
-173
47
99
-155
-2
223
-33
-105
46
98
-251
-15
285
-234
75
256
-276
-27
192
-223
-93
402
-129
-221
432
-211
-380
283
66
-247
152
384
-222
-206
287
-185
-349
215
259
-206
25
433
-278
-317
351
-192
-295
410
70
-217
227
70
-318
35
114
-243
133
232
-206
94
101
-248
30
95
-127
22
223
-116
-110
249
-200
-153
285
-82
-178
238
98
-311
110
221
-323
-17
263
-92
-217
226
182
-393
118
271
-351
-109
372
-71
-289
431
43
-496
364
-3
-478
328
212
-354
248
365
-510
-50
428
-550
-194
677
-241
-268
636
-66
-545
324
85
-567
183
428
-300
-14
541
-336
-383
478
-200
-487
625
171
-587
461
323
-831
50
667
-730
-135
1053
-491
-469
933
-337
-778
694
110
-694
444
546
-697
78
544
-598
-217
567
-200
-353
562
126
-607
381
256
-740
253
462
-625
64
654
-537
-174
673
-380
-401
652
-75
-644
585
203
-781
414
448
-698
95
708
-606
-304
880
-498
-505
859
-165
-665
727
177
-913
560
409
-1006
427
593
-855
142
726
-673
-213
776
-401
-459
785
-138
-621
683
-44
-588
435
154
-528
302
346
-582
235
336
-546
76
424
-423
-74
540
-352
-181
390
-96
-384
342
157
-420
277
214
-351
-14
381
-425
-39
434
-402
87
240
-185
-106
209
-78
-261
348
-111
-142
274
-106
-69
112
-80
38
-54
27
142
-199
93
106
-232
39
140
-168
32
133
-33
-101
60
92
-275
122
144
-182
82
193
-132
-129
222
-104
-231
247
90
-320
283
113
-329
97
183
-294
-34
395
-326
84
272
-284
24
107
-155
-103
210
-12
-177
327
-81
-239
280
-195
-124
166
-106
59
104
-56
-7
146
-173
-178
295
-114
-326
474
78
-594
545
184
-772
433
345
-751
303
512
-686
103
675
-817
13
795
-886
125
711
-606
-116
704
-426
-390
726
-343
-341
632
-280
-204
477
-361
3
189
-141
-111
261
-80
-205
358
-153
-202
311
-191
-34
170
-140
47
81
-96
10
102
-206
145
72
-267
138
235
-419
167
318
-448
70
395
-396
-119
554
-384
-156
483
-262
-267
510
-204
-306
477
-140
-297
406
-9
-560
595
-55
-563
593
21
-570
570
89
-655
401
287
-715
312
425
-663
265
421
-570
86
417
-466
118
193
-165
-33
179
-70
-232
350
-181
-155
215
9
-132
-19
266
-255
-39
254
-181
-47
142
-53
-15
26
-34
32
53
-115
23
158
-217
-19
264
-236
-20
127
26
-76
-114
325
-272
-50
268
-201
-56
148
4
-139
127
22
-232
340
-293
-30
319
-282
-30
319
-201
-236
565
-378
-222
620
-352
-277
554
-128
-376
361
124
-396
26
365
-259
-224
371
-70
-135
-64
266
-95
-317
469
-252
-123
377
-322
24
319
-362
-15
402
-263
-281
580
-177
-448
578
-90
-500
517
-19
-466
434
64
-488
386
125
-573
398
192
-567
334
274
-470
224
167
-300
36
144
-48
-53
88
-51
133
-53
-234
291
-56
-326
430
-32
-388
435
6
-352
158
91
-143
-93
285
-207
13
246
-248
44
147
-198
68
93
-31
-53
130
60
-280
243
-39
-123
-29
89
87
-298
260
48
-341
272
40
-326
226
160
-353
202
282
-581
387
234
-675
474
155
-508
298
89
-103
-133
217
20
-331
405
-222
-155
424
-418
19
356
-403
91
114
-53
-157
119
123
-292
239
32
-191
175
-19
-69
114
-114
67
121
-223
146
86
-240
168
122
-332
191
175
-407
195
221
-423
142
255
-363
-50
366
-285
-205
441
-214
-269
449
-266
3
138
-205
286
-199
-46
191
-14
-164
188
74
-215
211
-36
-158
165
8
-72
-131
371
-41
-487
538
52
-630
367
382
-624
-46
899
-729
-474
1161
-527
-794
1038
-26
-916
708
391
-979
372
688
-1054
261
734
-779
-4
755
-551
-279
755
-458
-306
637
-251
-221
339
-16
-189
89
-5
-42
163
-216
94
282
-338
50
320
-457
197
213
-455
240
157
-283
35
82
-23
-87
-118
253
-157
-233
509
-211
-264
422
16
-383
139
319
-294
-9
295
-187
-22
134
-181
-36
196
-193
-1
306
-435
266
140
-568
509
-185
-126
320
-306
119
138
-135
-68
70
138
-98
-121
188
50
-87
-24
-68
314
-238
-213
525
-457
47
287
-432
100
264
-256
-223
494
-192
-374
677
-409
-218
777
-580
-130
616
-241
-425
498
87
-591
409
208
-531
266
351
-504
-67
735
-636
-272
968
-655
-243
729
-297
-560
752
-134
-780
767
139
-903
594
420
-1005
552
488
-1153
752
446
-1099
570
495
-591
-187
691
-194
-536
589
-100
-418
473
-155
-251
381
-101
-99
16
77
77
-243
104
181
-115
-193
423
-225
-319
542
-281
-347
431
251
-789
380
723
-1205
346
948
-1380
483
826
-1038
18
1087
-803
-712
1587
-817
-894
1593
-576
-919
1353
-307
-959
1023
91
-1158
946
275
-1006
581
562
-947
173
877
-1029
26
905
-708
-301
923
-371
-683
893
-151
-853
838
42
-685
491
293
-601
19
607
-653
-24
673
-467
-61
433
-185
-294
317
38
-416
428
133
-534
432
105
-613
255
342
-645
322
431
-676
349
306
-753
269
426
-762
279
722
-957
475
463
-1026
614
88
-652
460
290
-550
372
334
-733
322
275
-874
485
374
-672
315
566
-589
-245
810
-632
-505
1069
-438
-489
948
-93
-778
576
266
-957
339
739
-935
280
768
-859
149
390
-393
-171
281
145
-477
406
153
-464
253
-24
-64
-147
143
155
-341
302
45
-240
187
-65
-50
-33
-51
241
-318
268
124
-282
236
5
-352
295
-51
-247
383
4
-245
263
-6
-324
114
65
-143
-19
193
108
-391
282
155
-608
351
280
-529
244
503
-628
78
554
-675
-8
607
-619
-4
638
-672
77
521
-693
274
368
-676
541
138
-708
649
95
-834
712
119
-752
546
288
-899
607
204
-874
767
11
-559
477
120
-546
320
283
-735
539
211
-573
238
331
-523
-44
436
-259
-196
486
-15
-493
359
208
-752
200
677
-783
60
999
-910
-138
967
-946
-186
1092
-963
34
1067
-1090
127
745
-929
81
666
-536
-33
658
-381
-430
849
-624
-294
877
-634
96
527
-476
58
317
-579
242
341
-764
659
247
-856
811
-127
-617
535
20
-640
513
447
-904
617
251
-715
343
-2
-329
282
-35
-41
339
-267
72
213
-591
94
560
-768
110
987
-944
34
765
-884
124
442
-559
114
710
-770
52
746
-757
-159
717
-442
-329
819
-550
-273
677
-385
-243
559
-131
-245
376
-173
-328
549
-378
-9
459
-262
95
-55
-6
-165
-74
253
-437
582
-85
-370
499
-204
-252
217
61
-264
404
-122
-173
192
-75
194
-604
623
152
-826
539
22
-291
-9
155
252
-342
210
104
-451
280
-133
-289
541
-193
-72
332
-259
-115
52
11
-144
48
424
-224
-307
548
-179
-569
489
6
-259
357
-180
-280
570
-481
-356
840
-388
-116
483
-175
-257
176
236
-655
446
439
-691
569
-152
-384
568
-607
79
364
-206
158
-245
347
-245
-177
423
-521
506
67
-556
626
-236
-223
42
313
-428
118
704
-1087
588
293
-943
598
-32
-184
0
432
-273
-273
642
-654
117
101
-261
542
-485
263
358
-571
101
349
-566
-93
782
-764
210
602
-659
136
401
-674
-104
732
-616
-269
1151
-584
-308
937
-753
-132
508
-488
23
510
-172
-74
462
-568
-67
535
-878
160
852
-464
-324
984
-648
-422
684
-805
277
634
-685
550
243
-588
116
-76
-317
135
377
-312
346
404
-755
295
17
-673
374
177
-153
106
485
-384
-249
380
-657
373
-115
-128
869
-697
17
737
-866
-226
813
-708
-164
1279
-1227
211
1449
-2063
628
1161
-1803
469
1196
-1182
-63
1455
-1097
-647
1750
-1398
-407
1569
-1228
265
864
-802
77
557
-622
-574
1141
-535
-529
1394
-915
258
232
-637
334
-356
494
-398
181
683
-968
697
-397
-385
677
-665
499
-130
367
-115
-425
762
-1121
596
221
-1059
1210
-79
-742
626
137
-802
343
536
-1170
875
378
-999
576
300
-727
142
577
-948
498
743
-1341
659
880
-1519
485
968
-1443
343
1045
-1248
142
899
-580
-518
897
-116
-900
1128
-446
-597
1159
-684
-293
856
-396
-353
516
-83
-606
777
-235
-499
919
-552
67
130
-133
-4
-161
334
-380
227
209
-315
133
-58
128
-300
68
366
-414
176
274
-385
71
135
-122
-132
112
134
-243
149
83
-179
82
222
-255
-163
661
-584
-158
736
-617
-50
618
-427
-261
856
-632
-235
796
-546
-328
894
-564
-373
821
-397
-456
863
-461
-201
613
-468
-93
290
-54
-295
291
87
-339
423
-60
-566
748
-268
-403
471
-102
-67
124
-122
-178
415
-276
-334
565
-167
-219
484
-535
185
460
-892
361
426
-738
623
36
-558
716
-287
-257
57
358
-368
-100
792
-815
360
321
-760
433
-104
-64
-18
132
246
-412
374
-168
32
-224
-119
652
-772
432
293
-575
648
-478
-110
393
-283
-234
493
93
-739
952
-121
-1148
1226
-139
-1074
1092
53
-698
439
296
-718
72
683
-846
41
925
-849
37
812
-962
20
858
-775
-314
1119
-496
-710
1203
-571
-625
1158
-610
-598
1048
-215
-766
856
149
-1113
1103
-20
-1286
1258
60
-1157
747
654
-1069
182
985
-1073
-144
1041
-779
-392
1065
-178
-916
1082
283
-1622
1071
450
-1576
943
856
-1310
528
950
-1337
-64
1004
-857
-380
1363
-437
-755
1257
-347
-1268
976
403
-1472
1127
873
-1666
615
1093
-1810
-79
1944
-1498
-582
2189
-1085
-1117
1761
-657
-1233
1474
49
-1328
1131
500
-1488
621
631
-918
-75
924
-518
-611
1152
-428
-649
827
-77
-696
454
310
-643
193
642
-687
-150
865
-646
-361
745
-83
-698
724
335
-1148
585
621
-1031
20
1120
-781
-439
1117
-538
-611
920
52
-1071
853
458
-1169
469
679
-876
96
751
-690
-9
532
-362
-107
229
-14
-113
70
-9
112
-255
227
261
-589
217
352
-517
-20
444
-206
-94
516
-534
-161
670
-763
39
560
-307
142
158
-287
-70
222
-368
-136
618
-103
-236
207
-61
-143
-150
-26
206
56
-79
138
42
-519
392
-29
-650
881
47
-532
448
-49
-343
59
86
-223
468
59
-404
403
-116
-319
94
-60
103
128
-72
136
-21
-202
-30
112
-257
106
360
-282
31
127
-118
-121
64
162
-225
99
287
-352
-1
266
-277
120
248
-222
31
147
-233
-54
203
-163
28
442
-279
-241
425
-427
-231
457
-177
-379
739
103
-960
560
163
-879
498
79
-460
624
0
-638
519
-81
-565
309
101
-205
-50
603
-498
-259
742
-589
-332
642
-106
-513
588
100
-635
498
106
-615
336
398
-669
162
709
-750
79
678
-645
63
410
-299
22
274
-59
-65
261
-209
-48
253
-188
67
344
-279
64
362
-450
-68
354
-139
83
43
-66
235
-70
-412
286
218
-532
533
168
-625
429
-5
-240
98
-66
332
-309
272
-133
-198
212
12
63
-152
217
-181
188
-51
-479
372
483
-585
38
397
-520
107
135
-422
233
188
9
-390
-7
119
-388
146
-77
-187
396
-243
-289
89
-149
-138
-29
173
-245
88
113
-320
145
-89
-304
361
-174
-117
204
-19
-112
87
207
-445
88
231
-235
217
-24
144
156
-196
144
-108
-175
367
255
-334
311
355
-403
182
111
-175
280
293
-44
61
175
-43
192
-154
-161
546
51
-288
349
28
-316
233
221
-477
11
493
-495
-49
424
-344
-72
221
-231
-337
117
-110
-227
232
-279
-159
295
-376
-401
-106
46
-307
126
228
-741
298
106
-921
277
189
-406
65
129
-280
-131
354
-287
-279
466
-143
-1
437
-393
110
205
-314
161
180
239
96
32
289
-125
89
154
35
188
46
398
95
-90
146
48
88
147
176
70
162
131
-190
202
-34
11
514
-171
-86
339
-105
3
168
-250
174
435
-263
90
243
-216
191
71
-376
108
517
41
7
256
147
-32
125
111
-35
348
371
-57
71
178
-231
4
335
-160
-90
347
-161
-304
0
-243
-199
-63
-257
-144
-126
-313
-339
-493
-334
-232
-611
-325
-14
-415
-221
-36
-491
-359
-21
-420
-343
101
-155
-250
-40
-250
-146
20
-222
-27
111
-141
157
76
-320
25
-83
-248
76
83
-96
81
245
-332
-292
216
-277
-172
355
-108
-101
343
-15
-325
-57
-91
-6
368
177
145
433
112
-29
82
50
116
235
506
605
646
705
294
9
290
633
646
637
871
898
577
528
650
460
479
739
817
939
1023
876
454
420
570
322
464
807
504
428
542
124
-160
-128
-358
-523
-334
-316
-565
-777
-943
-1291
-1637
-1552
-1467
-1570
-1319
-1367
-1595
-1624
-1742
-1765
-1696
-1454
-1164
-1071
-827
-710
-718
-583
-543
-538
-228
51
42
130
159
9
-101
-288
-300
-168
-43
-61
-103
24
-283
-519
-302
-525
-450
79
89
40
419
490
186
278
497
621
949
1146
1228
1270
1308
1551
1396
1169
1593
1903
1851
2057
2060
1899
2136
2243
2095
2424
2766
2852
2889
2797
2803
2782
2913
2782
1408
-572
-1570
-766
715
1218
169
-1221
-1652
-2308
-3919
-5028
-4401
-3110
-2631
-2729
-2809
-2533
-2373
-3393
-4833
-4090
-1678
4
991
1066
687
979
931
111
138
1506
2786
3305
2999
2296
1974
1472
38
-1260
-970
-141
133
-147
-1274
-2786
-3630
-3941
-4605
-4593
-3558
-2971
-2936
-3045
-3502
-4043
-3948
-3497
-2852
-1594
-250
441
370
100
-75
54
635
1306
2043
2833
3173
2927
2521
1940
1536
1625
1917
2378
2657
2670
2367
1624
911
739
970
1042
1199
1494
1744
1838
1377
764
605
861
1416
2110
2257
2073
2316
2362
2179
2264
2398
2686
3351
3787
3715
3928
4009
3227
1499
-922
-1970
-497
1870
2546
1195
-508
-1785
-3015
-4822
-5924
-5063
-3077
-1748
-2125
-2796
-2989
-3522
-4770
-5792
-4988
-2222
753
1703
973
-10
-799
-1136
-1202
-663
1063
3100
3603
2496
1320
650
-183
-1424
-1923
-949
735
1646
939
-810
-2429
-4004
-6056
-7007
-5468
-2666
-1244
-2002
-3386
-4357
-5357
-6397
-5562
-2943
-848
282
1084
905
-390
-1155
-1004
-28
2116
4264
5102
4728
3638
1991
976
1484
2849
4047
4573
4347
3302
1706
95
-434
531
1695
2200
2570
2627
1496
136
-413
-254
673
2059
2978
3164
2907
2307
1911
2204
3002
3972
4920
4951
3622
1862
246
-830
-631
1150
2720
2727
1487
-701
-2824
-4464
-5363
-5149
-3570
-1730
-1249
-1891
-3329
-4579
-5191
-5393
-4519
-2160
509
1496
1092
-22
-1218
-1654
-1313
-224
1537
3377
3962
3180
1440
-495
-1553
-1687
-1088
-215
957
1598
652
-1621
-3745
-4493
-4331
-3404
-2112
-941
-435
-1658
-4021
-5802
-5621
-3976
-2087
-567
349
502
-476
-1743
-1994
-1121
413
1978
3148
3541
3102
2250
1404
1155
1752
2813
3657
3749
3192
2198
1266
734
550
615
954
1521
1729
1142
150
-672
-743
-79
709
1200
1286
1127
901
1031
1376
1859
2557
3162
3499
3639
3953
4017
4235
4000
2530
140
-1525
-604
1840
3752
2591
-224
-2383
-3746
-4761
-5974
-5447
-3703
-2010
-2369
-4282
-5091
-5029
-4947
-5475
-4498
-1719
1241
2443
841
-909
-1234
-209
931
2164
3788
5238
5389
3259
810
-93
299
629
560
874
1620
1613
-259
-3002
-4573
-4160
-3113
-2327
-1923
-1926
-2855
-4489
-5806
-6023
-4426
-2507
-1057
-564
-956
-1524
-2043
-1691
-749
1027
2402
2906
2941
2434
2125
1992
2450
2903
3313
3703
3508
2878
2063
1671
1345
1069
859
940
1247
1064
262
-661
-966
-551
253
616
257
-92
-77
465
1148
1775
2070
2166
2545
2913
3322
3499
4110
4857
4108
1668
-1435
-2018
404
3634
3991
1216
-1092
-2371
-3354
-5569
-6640
-4723
-1844
-1180
-3694
-5442
-5183
-4404
-5125
-5752
-3384
416
2788
1461
-1044
-1675
-249
1201
1833
3013
4758
5783
4356
1430
-42
738
1664
1174
538
1052
1677
311
-2487
-4508
-4030
-2628
-1972
-2084
-2369
-2684
-4074
-5811
-6432
-4323
-1474
-706
-1118
-1501
-1468
-2021
-1870
-220
1878
3011
2679
2204
1710
1679
2219
2988
3771
4159
4035
3087
1997
1410
1399
1702
1975
2055
1604
840
184
-429
-1044
-1028
-9
1100
1265
425
-538
-925
-300
969
2230
2904
2761
2657
2612
2824
2864
3417
4347
4126
2248
-927
-2047
-371
2679
3342
738
-1634
-2773
-3102
-4856
-5969
-4837
-2313
-1532
-4200
-6277
-6020
-4457
-4500
-5187
-3787
-488
1932
625
-1795
-2354
-508
1324
2106
3004
4540
5367
3586
672
-551
964
2862
2928
1754
1052
793
-597
-2627
-3646
-2659
-1111
-707
-1813
-3315
-4122
-4579
-5089
-5018
-3091
-1018
-1035
-2301
-2685
-2088
-1626
-748
753
2195
2392
1662
1214
1503
2488
3459
4124
4311
4369
3924
2902
2328
2533
3121
3278
2964
2274
1370
762
471
414
328
541
983
934
66
-1013
-1259
-329
1122
2217
2547
2213
1923
2009
2449
2885
3337
4192
4125
2503
-689
-2688
-1181
2433
4281
1764
-1577
-3135
-3167
-4044
-5863
-5247
-2365
-694
-3645
-7498
-7815
-5500
-4178
-5233
-5097
-2114
818
-83
-3296
-4380
-2072
1050
2251
2143
2875
4116
3016
-80
-1758
257
3623
4411
2373
284
-101
-504
-1966
-3006
-2044
86
503
-1752
-4437
-5305
-4500
-4004
-3904
-2744
-1278
-1350
-3065
-3737
-2757
-1309
84
1053
1768
1616
1110
852
1244
2329
3336
4114
4195
3982
3577
3097
3103
3485
3765
3486
3073
2761
2402
2089
1919
1801
1677
1578
1470
1231
706
231
228
1179
2410
3026
2684
1889
2006
2968
4072
4182
3997
4114
3439
1198
-1881
-2206
973
4658
4294
111
-3131
-3760
-3215
-4055
-4676
-3205
-804
-1281
-5551
-8581
-7571
-4609
-3753
-4668
-4233
-1982
-834
-2953
-5354
-4617
-1217
1396
1724
1141
1292
1463
51
-1858
-1469
1708
4248
3375
384
-1506
-1244
-940
-1412
-1316
29
912
-817
-3792
-5460
-4750
-2990
-2165
-2025
-2143
-2145
-3117
-4386
-3960
-2020
173
923
769
114
-424
-228
479
1784
2771
3284
3152
2743
2448
2531
3324
4193
4399
3631
2579
2093
2576
3227
3421
3061
2537
2040
1359
1153
1223
1649
1829
1962
2300
2508
2626
1956
1949
3003
4638
5379
4655
3892
2979
1851
-542
-1861
337
4386
5744
1913
-2692
-4541
-3504
-2789
-3301
-2575
-659
-434
-4308
-8312
-8329
-5029
-2583
-3074
-3834
-3040
-2095
-3497
-5506
-4898
-1530
1470
1783
429
-380
-42
-434
-1476
-1070
1678
3908
2851
-503
-2868
-2158
-520
74
-131
251
275
-1553
-4186
-5486
-3906
-1373
-401
-1653
-3026
-3302
-3621
-3807
-3038
-1088
303
246
-622
-1212
-902
-127
1018
2010
2340
1999
1674
1778
2126
2729
3550
4223
4081
3047
1788
1533
2593
3878
4202
3390
2166
1247
872
1086
1638
2280
2468
1814
1192
1254
1928
2211
2511
3379
4224
4632
3949
3319
2857
2236
505
-1227
78
3464
5479
2658
-2111
-4294
-3093
-1626
-2232
-2154
-800
-458
-3636
-7583
-7850
-4428
-1392
-2058
-3910
-4051
-2896
-3192
-4520
-4171
-1335
1380
1167
-689
-1451
-304
304
-256
-332
1232
2765
1789
-1013
-2674
-1366
667
1127
203
-264
-426
-1373
-3066
-3814
-2321
-445
-181
-1918
-3131
-3100
-2543
-2056
-1746
-1089
-830
-838
-1236
-1181
-526
348
1079
1069
719
523
1085
1810
2332
2593
2873
3094
2982
2493
1922
2078
2812
3649
3700
3011
1891
1021
861
1246
1988
2365
2181
1262
559
584
1321
2124
2576
3039
3305
3477
2979
2640
2626
2321
872
-934
-265
2542
4680
2653
-1517
-3618
-2529
-984
-1475
-1809
-1115
-828
-3311
-6420
-6519
-3641
-1245
-2130
-3967
-4316
-3137
-2854
-3523
-3302
-1459
376
7
-1434
-1806
-343
723
346
-310
202
1286
753
-1164
-2130
-649
1121
1023
-317
-1062
-844
-945
-1795
-2220
-1161
50
-437
-2036
-2691
-1946
-1106
-889
-847
-801
-1090
-1484
-1136
-315
86
224
605
794
279
-41
626
1854
2472
2133
1739
2109
2695
2520
2063
2255
2819
2834
2494
2475
2664
2232
1319
948
1394
1833
1685
1452
1276
1203
1207
1533
2057
2593
3062
3215
3292
3177
3195
3030
2196
406
-804
735
3766
4806
1904
-1740
-2868
-1872
-1464
-1914
-1149
-47
-1186
-5007
-7451
-6079
-2901
-1797
-3413
-4764
-4504
-3831
-4279
-4438
-3134
-1118
-433
-1482
-2479
-2026
-569
74
-137
-241
453
714
-364
-1834
-1605
342
1587
1071
-263
-768
-873
-978
-1258
-872
220
808
137
-1369
-1825
-1176
-70
232
12
-271
-548
-590
-457
46
288
683
896
615
2
52
1065
1922
2064
1590
1532
1898
2228
2088
2036
2413
2633
2327
1906
2057
2319
2019
1245
935
1176
1373
1125
817
672
694
960
1363
1745
1919
2163
2274
2243
2139
2425
2855
2301
441
-1038
275
3224
4343
2058
-879
-1736
-1254
-1455
-1980
-860
647
-576
-4585
-7154
-5738
-2713
-1859
-3443
-4708
-4614
-4450
-4953
-4639
-2874
-1145
-1219
-2698
-3434
-2392
-683
-46
-317
-428
-150
-305
-1065
-1301
-236
1273
1530
550
-253
-153
186
116
95
584
1190
1050
303
-108
144
629
868
780
386
-35
-172
49
405
572
503
342
149
-130
-162
384
1169
1448
1091
779
985
1482
1778
1937
2221
2436
2208
1771
1763
2227
2574
2316
1702
1299
1254
1326
1370
1381
1199
849
647
850
1293
1550
1483
1289
1248
1336
1467
1784
2206
2102
951
-478
-588
1047
2744
2704
1217
-275
-1166
-1811
-2050
-1277
41
44
-2240
-5112
-6071
-4815
-3311
-3006
-3558
-4164
-4912
-5773
-5747
-4227
-2329
-1782
-2761
-3841
-3769
-2726
-1633
-923
-485
-437
-1074
-1915
-1825
-461
1018
1371
767
272
317
515
643
1024
1753
2219
1883
1140
972
1537
1984
1749
1274
1156
1185
920
508
434
709
858
564
21
-322
-208
170
425
468
495
603
676
688
833
1235
1698
1883
1710
1480
1528
1809
1982
1937
1870
1815
1576
1212
1115
1362
1513
1245
829
661
741
875
973
1026
938
685
453
509
911
1372
1484
1033
210
-393
-216
707
1650
1762
833
-483
-1378
-1605
-1349
-843
-483
-927
-2344
-3899
-4411
-3672
-2675
-2420
-2957
-3694
-4171
-4242
-3857
-3010
-2053
-1696
-2229
-2941
-2871
-1941
-950
-498
-486
-613
-785
-854
-463
425
1273
1510
1176
811
876
1339
1849
2191
2333
2283
2086
1916
1924
2030
2064
1911
1586
1195
894
797
791
642
303
-66
-347
-549
-637
-586
-490
-443
-492
-598
-653
-565
-340
-60
162
252
254
252
319
471
659
835
991
1053
938
787
827
1002
1088
1016
902
805
689
584
578
651
631
430
167
53
156
359
483
444
293
87
-67
-25
211
414
318
-19
-299
-394
-435
-527
-620
-708
-884
-1187
-1457
-1492
-1347
-1311
-1532
-1836
-1959
-1878
-1756
-1662
-1558
-1484
-1560
-1727
-1745
-1494
-1123
-852
-742
-710
-647
-497
-234
102
425
654
778
862
970
1139
1350
1531
1601
1550
1467
1446
1456
1406
1275
1117
962
786
609
468
359
215
10
-184
-306
-371
-432
-505
-555
-591
-646
-702
-708
-646
-568
-519
-479
-436
-367
-277
-171
-37
105
236
361
469
551
634
732
847
943
994
1013
1012
1003
987
956
897
818
736
679
648
609
523
396
276
174
90
27
-13
-53
-136
-249
-349
-408
-435
-442
-435
-429
-436
-452
-437
-402
-376
-380
-400
-420
-441
-445
-447
-481
-568
-686
-793
-856
-882
-870
-834
-815
-833
-852
-802
-668
-494
-308
-135
17
130
232
373
559
729
820
853
859
845
806
763
728
680
586
451
312
188
79
-5
-64
-121
-200
-286
-337
-356
-365
-382
-402
-422
-443
-452
-432
-391
-379
-392
-401
-380
-325
-252
-153
-44
43
86
109
169
278
403
502
566
590
584
577
583
609
629
635
625
590
542
487
445
411
355
278
196
110
22
-66
-156
-261
-395
-527
-622
-668
-693
-720
-758
-796
-819
-821
-774
-679
-577
-505
-457
-402
-340
-276
-203
-121
-55
-22
1
44
101
151
172
188
216
253
306
376
441
471
471
472
503
540
568
586
587
563
507
452
422
406
386
349
301
244
186
144
121
115
97
68
47
25
-2
-36
-66
-97
-142
-182
-214
-239
-269
-313
-355
-376
-380
-360
-312
-245
-175
-131
-95
-45
24
106
176
230
268
273
261
243
231
213
186
154
127
99
62
33
12
-12
-41
-72
-100
-125
-153
-190
-237
-308
-382
-450
-509
-555
-601
-645
-691
-753
-805
-832
-834
-829
-827
-833
-833
-820
-800
-771
-741
-707
-666
-620
-562
-486
-395
-302
-214
-122
-14
118
267
408
541
656
765
878
986
1086
1161
1212
1241
1249
1236
1209
1168
1113
1047
968
888
815
740
663
582
515
456
408
376
347
323
289
244
195
158
136
116
86
36
-19
-68
-124
-164
-182
-192
-204
-230
-236
-210
-171
-138
-113
-87
-46
-8
30
72
114
143
142
119
106
120
134
124
92
55
11
-45
-122
-196
-252
-305
-387
-488
-579
-654
-733
-824
-908
-963
-987
-1005
-1033
-1042
-1027
-1017
-1025
-1023
-976
-901
-842
-823
-823
-812
-768
-714
-652
-596
-553
-523
-499
-449
-350
-217
-106
-56
-25
51
171
299
421
530
612
651
651
692
805
913
946
913
883
890
889
885
899
940
957
916
871
881
931
951
935
925
939
927
858
779
737
718
665
559
442
349
255
150
69
30
-14
-102
-201
-249
-226
-196
-202
-228
-246
-249
-257
-236
-167
-69
-21
-47
-77
-42
43
117
175
225
253
215
130
100
152
196
123
-46
-196
-287
-366
-481
-597
-682
-781
-926
-1040
-1058
-1022
-1042
-1151
-1233
-1209
-1127
-1090
-1116
-1149
-1143
-1101
-1042
-972
-906
-874
-882
-888
-818
-648
-456
-362
-374
-385
-293
-107
68
192
286
357
367
341
393
569
731
737
626
566
618
676
675
674
716
753
727
693
750
871
925
886
852
916
1017
1034
963
886
867
856
795
723
677
631
521
386
315
305
285
201
101
42
25
-5
-56
-90
-112
-149
-200
-212
-167
-112
-103
-121
-117
-68
3
86
184
265
283
258
280
378
466
447
340
228
162
103
18
-72
-168
-314
-498
-615
-617
-588
-656
-820
-952
-968
-922
-906
-945
-990
-1018
-1029
-1004
-938
-865
-848
-902
-938
-873
-711
-548
-497
-535
-567
-500
-338
-163
-21
69
92
44
3
89
304
478
468
328
231
240
290
332
370
399
363
262
211
305
468
552
519
465
500
596
665
680
677
670
637
583
564
598
615
550
434
363
371
375
324
227
138
67
-2
-60
-90
-108
-176
-289
-376
-379
-328
-285
-277
-287
-296
-285
-235
-122
16
115
163
197
259
328
379
401
418
428
392
316
238
167
86
-10
-74
-100
-144
-256
-414
-521
-547
-538
-555
-602
-651
-689
-719
-725
-691
-650
-657
-705
-721
-647
-514
-410
-388
-425
-449
-404
-289
-136
11
107
115
55
35
154
367
531
549
453
358
323
361
449
550
586
487
316
218
286
445
552
546
474
421
400
403
454
532
567
506
374
279
278
316
332
328
325
312
238
115
21
-3
5
-18
-91
-181
-273
-381
-489
-532
-497
-449
-465
-542
-603
-610
-576
-523
-440
-330
-240
-205
-208
-181
-101
6
82
133
167
168
126
64
40
73
116
111
43
-52
-153
-240
-286
-289
-264
-260
-309
-370
-409
-415
-402
-398
-395
-386
-376
-355
-312
-245
-176
-142
-135
-117
-71
2
80
171
251
300
314
330
396
502
597
632
612
581
565
577
613
655
666
607
495
414
427
492
534
524
485
435
379
329
319
344
356
297
176
65
7
-6
-6
9
29
13
-79
-208
-284
-268
-217
-205
-256
-350
-448
-542
-598
-593
-552
-538
-597
-684
-723
-689
-634
-593
-554
-509
-468
-450
-432
-385
-306
-235
-190
-150
-96
-51
-52
-71
-49
27
112
134
90
15
-52
-100
-108
-77
-39
-35
-88
-145
-166
-134
-102
-90
-104
-108
-90
-57
-9
51
105
137
153
179
243
323
394
445
486
521
552
577
617
673
721
735
724
700
693
693
691
674
649
607
545
495
467
463
450
424
381
338
282
224
162
122
94
49
-15
-95
-157
-197
-217
-222
-227
-250
-305
-369
-401
-382
-338
-321
-346
-406
-460
-497
-508
-516
-531
-573
-621
-650
-630
-584
-552
-560
-594
-609
-598
-550
-510
-462
-444
-436
-425
-383
-310
-246
-218
-228
-215
-165
-96
-49
-47
-80
-115
-133
-131
-105
-86
-96
-135
-162
-144
-92
-34
-40
-87
-125
-117
-61
18
75
81
49
15
47
148
278
360
353
295
260
292
395
525
610
622
573
519
532
612
719
776
759
687
637
635
686
752
787
773
714
661
621
608
588
559
500
438
376
325
272
225
183
154
125
92
46
-15
-67
-105
-103
-95
-87
-121
-177
-246
-289
-311
-331
-367
-424
-478
-512
-516
-508
-510
-542
-581
-626
-647
-645
-615
-596
-591
-591
-583
-559
-525
-486
-482
-478
-475
-451
-414
-375
-341
-326
-331
-354
-361
-361
-337
-321
-302
-282
-266
-247
-235
-232
-237
-225
-203
-163
-140
-130
-145
-161
-146
-94
-10
55
79
42
1
-2
66
190
302
363
348
310
307
374
496
611
662
646
607
599
673
780
880
919
895
844
810
814
830
834
791
734
661
611
570
529
481
431
386
352
335
301
259
196
154
138
148
148
127
73
-2
-66
-107
-128
-163
-209
-270
-324
-356
-371
-393
-426
-481
-542
-597
-631
-640
-647
-659
-674
-686
-693
-688
-686
-672
-657
-627
-588
-547
-502
-476
-470
-497
-523
-540
-519
-469
-407
-354
-331
-331
-337
-322
-275
-206
-148
-117
-136
-173
-192
-171
-106
-23
37
46
3
-69
-124
-130
-72
34
143
235
278
285
285
306
360
421
478
512
530
556
602
667
741
788
801
786
763
745
732
725
713
700
689
680
664
632
571
498
432
395
395
406
412
370
296
215
146
105
77
46
-1
-59
-113
-164
-209
-251
-298
-345
-387
-405
-394
-377
-384
-436
-548
-680
-772
-781
-682
-502
-290
-118
-42
-89
-223
-385
-506
-540
-486
-379
-274
-213
-216
-268
-328
-362
-353
-306
-257
-238
-262
-308
-352
-361
-314
-228
-138
-84
-105
-182
-293
-400
-429
-382
-247
-77
89
209
259
254
202
149
108
102
124
171
244
321
381
415
408
370
313
270
255
264
297
330
348
347
342
323
295
261
230
208
209
236
272
309
321
313
284
274
275
277
274
241
204
160
138
131
138
139
126
90
24
-24
-47
-58
-68
-90
-137
-182
-201
-185
-149
-107
-73
-85
-124
-188
-256
-276
-256
-219
-198
-195
-222
-260
-283
-299
-265
-229
-187
-139
-121
-112
-96
-59
-25
19
50
42
62
87
89
91
104
86
72
71
54
61
102
146
136
124
93
33
-13
-46
-79
-102
-83
-72
-53
-64
-68
-98
-144
-119
-151
-139
-98
-85
-91
-98
-137
-138
-122
-136
-73
-55
-23
-53
-58
-97
-104
-63
-40
41
92
177
85
93
35
-83
-27
7
23
95
157
36
83
10
-96
-14
-24
-31
13
16
1
-28
-13
-19
-11
18
-16
23
-17
33
0
-74
-6
20
-65
10
120
-26
13
89
-108
-55
57
7
189
144
175
190
93
140
164
42
168
338
189
258
313
251
123
267
201
89
220
335
204
178
291
116
114
136
143
6
81
192
-7
76
215
-68
131
1
-90
-6
-153
0
-174
33
-220
-139
-53
-415
-103
-315
-254
-231
-448
-67
-445
-231
-210
-381
-241
-419
-12
-617
-99
-73
-509
-36
-223
-283
-326
-100
-224
-246
-142
31
-242
-176
11
-329
-244
-62
-77
-285
269
60
-238
189
-118
-182
-46
-15
35
107
246
145
92
152
-64
61
61
12
390
163
389
334
146
181
20
374
-36
334
519
157
460
288
178
203
314
223
264
381
328
294
320
222
228
270
243
333
160
245
127
62
240
40
317
351
-3
247
50
-267
0
-17
-108
139
106
-29
-122
-173
-358
-443
-301
-212
-305
-164
113
-476
-278
-303
-708
-381
-240
-342
-103
56
-278
-144
-366
-529
-162
-534
-75
294
-584
509
-109
-657
48
-480
-417
-169
186
-310
135
72
-279
-288
-223
-341
-296
34
-149
246
6
121
-70
-188
-256
-171
-106
-12
284
298
295
20
324
-469
-126
231
-190
325
481
470
11
262
-48
-243
97
206
211
428
569
270
131
42
240
-235
346
475
164
542
413
139
49
310
69
248
487
331
434
438
250
176
246
323
-21
381
385
100
360
203
42
-168
158
-342
-23
194
-156
155
-227
-80
-361
-411
-275
-49
-397
-87
249
-656
-94
-267
-404
-453
-130
-134
-255
152
-410
-72
-283
-502
-193
-268
-316
-49
-10
-426
9
-168
-636
-12
-112
-559
80
177
-427
55
11
-281
-393
104
-75
-561
773
-208
-234
434
-223
-550
193
137
-730
841
-232
-148
378
-560
16
-185
-32
-220
331
146
-240
522
-300
-249
226
-309
106
261
257
200
313
118
-82
343
-105
438
300
414
591
254
597
85
328
256
254
250
460
499
219
369
157
85
0
195
-104
426
45
-50
365
-272
-44
76
-36
-90
118
-71
8
-12
-197
-16
223
-348
150
153
-400
129
-127
-182
-159
316
-401
21
153
-778
265
-492
-375
157
-302
-48
-232
21
-751
-116
-137
-863
257
-91
-234
-131
75
-433
-367
-23
-474
125
-104
107
37
4
-203
-228
89
-536
97
196
-214
56
346
-497
-47
237
-584
-8
143
-133
-216
344
-98
-216
388
-242
-211
366
-101
-15
553
96
246
405
105
280
86
392
368
107
696
483
33
618
209
-50
416
248
71
308
604
-360
410
-24
-205
150
-251
462
-387
341
0
-279
124
-263
-104
-138
225
-380
118
268
-603
161
23
-437
137
-204
106
-302
-70
177
-611
375
-467
50
-115
-359
162
-575
230
-361
-71
55
-143
-186
55
-318
-256
271
-574
382
99
-291
312
-95
-375
112
57
-335
370
172
-12
-109
105
-29
-579
417
-170
-48
293
-127
-220
248
-582
-110
332
-547
333
25
-91
-195
247
-395
97
198
-168
449
-182
297
72
86
60
277
434
-177
477
222
-25
404
-301
766
-40
-210
827
-467
62
129
-138
-109
318
-77
-164
246
-236
-356
24
-87
-392
526
-396
98
233
-579
139
-187
-165
184
-100
182
115
-308
394
-765
395
-90
-454
642
-353
221
-356
189
-311
-207
290
-337
251
-55
21
-259
8
72
-556
547
-134
-214
569
-495
217
-123
-38
299
-390
885
-524
370
222
-373
370
2
30
181
249
-185
314
-246
85
-13
-36
145
-154
177
-214
-18
-140
52
-252
210
-60
-222
104
-5
-427
219
304
-598
797
-273
-14
181
-172
171
-51
414
83
-52
661
-607
145
296
-617
580
48
-80
219
319
-999
605
-463
-497
694
-721
736
-367
-73
-138
-268
-363
-294
335
-395
300
6
75
-776
418
-611
-611
787
-613
386
55
106
-420
-18
-190
-609
736
-699
656
338
-691
696
-380
-474
121
342
-461
671
300
-136
394
-267
174
-52
126
201
550
69
152
740
-702
607
-228
255
65
16
733
-550
496
-112
-2
-342
254
9
-635
835
-499
-34
144
-230
-2
-497
359
-308
-304
498
-305
29
193
-286
179
-183
-114
325
-210
140
206
274
-602
700
-152
-616
803
-437
65
206
-52
-18
89
-333
63
0
-445
180
154
-550
441
-268
-169
38
-373
253
-503
300
-80
-32
-11
-7
124
-485
299
131
-552
489
112
-415
306
-169
197
-707
623
-320
-263
339
-529
552
-1053
743
-351
-458
603
-531
300
-398
413
-313
104
194
10
243
-91
515
-268
184
466
-376
698
77
-96
924
-777
626
121
-422
446
177
-163
150
334
-502
234
-111
-324
237
-103
-225
356
-147
-448
518
-439
-283
632
-630
365
286
-659
727
-226
-404
563
107
-601
873
-27
-646
963
-639
8
397
-381
265
25
-57
-325
360
-612
-112
425
-690
351
-47
-250
-16
-357
127
-433
-21
389
-613
716
-538
199
14
-517
486
-315
158
135
178
-87
0
210
-484
247
-56
-143
249
-104
182
-368
419
-544
47
289
-748
775
-338
-169
581
-479
-35
530
-771
535
151
-587
787
-223
-199
492
-226
22
136
-208
482
-721
722
-124
-494
878
-640
124
99
0
-389
441
29
-545
915
-558
-44
494
-617
334
-6
-91
249
-81
264
-310
391
-311
-21
358
-515
739
-588
581
-190
-266
506
-639
394
-295
295
-124
-42
215
-144
-297
225
-49
-540
673
-247
-195
453
-235
-210
206
-205
-47
26
192
-180
200
2
-172
138
-339
190
24
-226
278
276
-645
517
30
-735
643
-203
-247
481
-312
141
171
-524
411
-33
-482
493
22
-443
471
-73
-329
421
-323
59
278
-551
494
6
-613
870
-503
-103
621
-609
176
249
-284
-126
651
-591
128
590
-847
552
-162
-221
234
-140
47
43
101
-260
151
10
-331
109
225
-285
41
460
-446
59
289
-466
197
110
-284
420
0
-365
561
-203
-572
760
-337
-422
973
-655
182
451
-876
777
-446
-348
800
-611
167
314
-273
8
24
-317
424
-493
45
919
-1326
1011
-122
-587
431
-239
265
-531
725
-268
-123
290
-202
25
-142
195
-37
-87
211
-55
-121
144
-127
-111
246
-143
-295
885
-1015
454
448
-1160
1204
-795
323
84
-300
416
-366
318
-397
647
-653
388
132
-445
410
-286
254
-362
332
-75
-66
-151
522
-675
97
544
-792
301
332
-277
-311
821
-694
125
82
135
-280
125
393
-426
180
62
-10
-284
393
-304
381
-350
307
115
-532
511
-259
-162
164
202
-490
475
59
-735
917
-692
-61
539
-709
579
-190
-95
135
124
-586
375
372
-1260
1302
-233
-864
1145
-414
-504
658
-194
-482
737
-432
-105
651
-716
312
186
-434
135
172
-205
-80
344
-253
4
154
-150
35
-64
116
-126
157
-134
247
-251
147
131
-560
845
-828
423
177
-470
333
58
-243
-144
719
-1200
1024
-294
-581
1071
-810
70
476
-432
-216
706
-554
-109
777
-802
304
445
-928
781
-73
-740
984
-302
-700
1259
-670
-486
1386
-1281
284
872
-1362
879
188
-950
887
-64
-715
884
-413
-280
746
-831
451
240
-833
848
-192
-561
718
-200
-468
616
-184
-342
577
-347
-33
250
-140
-170
279
-25
-343
499
-111
-285
360
-45
-346
354
-80
-286
512
-340
45
416
-614
434
-100
-195
137
72
-99
-26
351
-419
260
12
-258
268
-172
-4
202
-242
198
38
-191
55
262
-530
338
225
-798
935
-466
-299
826
-777
138
429
-514
39
413
-342
-205
680
-720
287
186
-526
552
-342
13
134
73
-507
583
-105
-750
1189
-906
103
543
-648
294
77
-173
-97
418
-525
287
122
-418
460
-381
288
-223
-9
306
-501
393
-136
-57
94
-169
337
-451
301
58
-353
372
-263
165
-176
163
-93
52
-21
-47
236
-460
483
-221
-269
703
-824
561
56
-657
930
-674
90
329
-233
-215
549
-300
-299
818
-750
310
46
-4
-283
371
-73
-362
643
-439
143
58
109
-401
413
-41
-509
789
-547
108
179
45
-484
638
-184
-700
1284
-1027
67
826
-843
-9
947
-1116
277
890
-1505
1073
137
-1207
1332
-447
-733
1178
-636
-340
817
-353
-469
933
-615
-178
725
-740
256
162
-125
-204
468
-164
-489
948
-827
146
492
-698
458
-50
-60
-141
450
-574
265
284
-802
957
-662
188
202
-249
30
97
75
-550
928
-854
321
297
-585
476
-272
222
-408
570
-480
87
447
-783
741
-350
-17
44
219
-424
236
224
-603
587
-234
-105
213
-24
-305
500
-392
20
314
-273
1
200
40
-593
917
-699
3
635
-711
273
394
-722
522
19
-572
719
-533
210
-13
60
-95
31
185
-383
349
-243
132
-120
61
203
-503
639
-401
-87
400
-463
203
64
-185
138
48
-138
94
65
-230
156
-1
-126
82
13
38
-187
257
-87
-213
283
-150
-39
-17
240
-282
-51
627
-922
648
27
-649
738
-390
-46
127
171
-446
330
229
-720
683
-58
-609
740
-316
-150
181
205
-447
213
341
-679
532
-85
-228
160
192
-434
373
-9
-299
353
-74
-286
405
-175
-247
558
-530
226
162
-308
204
60
-231
172
57
-258
345
-272
120
51
-206
249
-202
89
19
-40
53
-133
222
-234
92
85
-153
86
7
16
-184
334
-359
176
6
-134
185
-280
449
-575
539
-194
-316
686
-757
460
-122
-42
-50
255
-307
172
35
-222
318
-447
509
-383
8
425
-595
340
200
-641
637
-204
-304
486
-285
-118
362
-304
3
344
-483
441
-329
309
-380
357
-69
-451
862
-759
186
487
-690
365
159
-494
427
-76
-235
403
-355
191
42
-291
418
-339
35
347
-509
277
295
-740
611
55
-740
802
-151
-703
1078
-625
-282
967
-976
365
376
-775
607
1
-594
931
-914
623
-144
-541
1105
-1188
575
375
-828
327
798
-1571
1224
-50
-1102
1423
-874
-7
608
-504
-182
927
-1168
617
314
-888
573
307
-877
620
236
-995
1163
-798
196
237
-253
-84
467
-383
-274
1055
-1232
454
681
-1211
855
-106
-320
345
-434
735
-937
580
285
-994
961
-225
-526
618
14
-845
1177
-554
-803
2011
-2134
874
975
-2143
1940
-774
-230
333
138
-355
-181
1074
-1494
1069
-129
-456
322
130
-191
-439
1303
-1554
869
302
-1033
804
-58
-407
84
661
-1028
615
244
-778
465
388
-1020
843
-65
-597
616
-175
-155
-82
674
-1060
974
-609
360
-282
16
610
-1297
1518
-1099
394
122
-303
343
-505
709
-707
463
-138
-57
181
-270
182
219
-700
780
-223
-526
798
-299
-361
362
414
-1212
1146
-174
-930
1351
-993
301
226
-493
573
-653
656
-516
211
226
-689
1019
-1044
621
71
-686
1040
-1040
866
-556
193
196
-539
802
-957
1016
-842
432
169
-734
1010
-885
502
-55
-273
443
-469
362
-205
49
53
-162
323
-515
627
-518
144
352
-657
681
-541
498
-536
445
-108
-310
485
-320
79
-122
468
-705
469
78
-545
663
-612
569
-524
211
293
-699
571
-61
-379
226
345
-855
811
-291
-363
744
-696
293
227
-631
699
-466
104
203
-293
188
27
-169
100
221
-648
956
-887
551
-110
-176
348
-507
637
-616
377
-77
-21
-177
429
-413
15
522
-814
718
-314
-25
215
-154
74
-45
258
-494
604
-328
-122
451
-275
-200
581
-423
-162
649
-609
50
460
-473
-44
551
-662
254
232
-470
281
-11
-145
51
31
-25
-167
308
-285
-29
387
-588
388
73
-468
411
89
-667
805
-327
-465
1004
-854
158
640
-915
527
311
-971
1048
-446
-341
828
-704
229
245
-409
310
-70
-184
423
-568
420
83
-734
1052
-786
37
638
-816
352
343
-830
730
-167
-592
1034
-976
388
344
-850
740
-99
-704
1079
-703
-243
1098
-1193
495
504
-945
573
322
-939
883
-167
-559
837
-463
-157
558
-358
-228
706
-634
100
405
-440
57
335
-343
3
327
-357
150
117
-253
297
-300
314
-229
37
234
-445
476
-267
-12
141
-7
-262
371
-135
-319
620
-566
185
198
-383
299
-107
-137
263
-237
-5
221
-263
26
192
-158
-161
370
-157
-417
783
-584
-129
778
-847
318
334
-573
244
322
-597
339
279
-713
628
-67
-503
676
-344
-194
515
-466
159
171
-292
174
26
-126
8
264
-463
347
54
-453
522
-132
-268
313
121
-548
428
313
-967
847
124
-1104
1169
-172
-928
1085
-188
-891
1021
-91
-960
1099
-220
-790
918
-85
-816
905
-175
-660
707
24
-783
808
-59
-861
1145
-646
-97
436
-145
-395
524
16
-804
1215
-872
-3
715
-745
236
309
-352
-84
529
-497
22
493
-578
200
301
-507
332
50
-281
221
21
-254
286
-102
-176
354
-287
-36
373
-436
60
462
-662
247
437
-767
305
562
-1006
518
436
-973
518
464
-975
495
486
-1024
621
240
-689
306
419
-747
313
501
-930
669
2
-500
413
108
-472
336
215
-642
531
113
-657
668
-101
-530
737
-398
-63
284
-99
-254
422
-189
-326
816
-946
547
91
-567
532
-173
-107
-133
578
-754
298
407
-748
366
193
-331
-76
451
-247
-389
711
-228
-607
951
-395
-492
807
-246
-487
628
3
-698
761
-152
-433
481
-44
-297
170
233
-372
47
420
-487
41
490
-486
-61
583
-465
-297
945
-815
-4
713
-647
-84
676
-539
-175
771
-755
212
286
-403
161
121
-211
86
41
-86
57
10
-27
53
-59
16
113
-258
328
-234
-23
263
-364
289
-41
-165
223
-60
-175
318
-160
-183
434
-341
-85
460
-446
-4
470
-572
182
306
-461
206
179
-365
259
-33
-180
305
-346
141
233
-500
300
298
-717
462
343
-837
548
298
-768
429
326
-712
428
87
-315
166
14
11
-124
146
-68
56
-162
204
-83
-187
348
-314
106
76
-111
-25
154
-111
-149
439
-432
78
316
-343
-49
436
-382
-134
548
-459
-103
579
-509
-24
521
-546
125
316
-381
12
441
-583
261
251
-516
359
56
-258
117
235
-367
171
158
-276
128
108
-138
4
187
-203
113
73
-175
165
31
-267
340
-93
-317
552
-334
-156
486
-331
-106
399
-282
-116
399
-400
171
37
-139
117
-60
-47
95
-76
-87
216
-249
120
9
-82
48
-29
11
-17
-19
-21
74
-162
98
-4
-93
46
17
-4
-85
128
-63
-61
76
13
-133
135
-31
-120
197
-115
-76
250
-184
-69
326
-260
-49
324
-208
-109
312
-122
-184
310
-94
-115
153
33
-125
62
134
-228
206
-19
-120
173
8
-234
312
-40
-362
488
-155
-366
515
-143
-417
600
-239
-288
500
-254
-167
402
-299
-61
365
-441
177
168
-414
282
40
-334
291
4
-317
394
-166
-160
369
-299
19
225
-280
43
237
-331
131
201
-338
224
75
-195
118
128
-220
100
140
-259
156
62
-167
55
160
-229
67
207
-305
152
126
-242
70
160
-279
73
186
-333
189
71
-242
138
87
-267
158
108
-310
244
6
-209
162
12
-140
81
42
-77
63
-18
32
17
-92
154
-48
-100
183
-63
-73
93
21
-91
80
-11
-10
-3
-57
139
-128
-39
169
-114
-133
261
-125
-165
265
-69
-207
227
11
-281
244
7
-221
160
86
-263
165
82
-271
203
40
-226
181
63
-281
263
-1
-259
251
-15
-247
226
63
-327
306
-9
-248
213
61
-226
116
222
-357
215
120
-249
90
185
-191
-6
336
-304
74
225
-211
9
213
-117
-89
271
-128
-105
213
-88
-118
145
42
-189
119
63
-230
105
34
-142
4
115
-157
-5
110
-175
38
48
-83
-8
122
-126
9
135
-165
40
125
-118
-12
176
-110
-72
181
-75
-123
186
-48
-111
95
17
-111
10
75
-92
-25
41
20
-114
41
82
-133
-6
154
-135
-49
186
-120
-85
181
-53
-172
246
-90
-143
200
-64
-160
171
-4
-221
226
-47
-171
168
14
-197
148
43
-191
150
24
-140
62
75
-153
104
19
-76
59
4
-39
20
56
-98
104
-15
-28
47
12
-23
13
72
-47
50
37
1
0
32
30
-7
21
70
-27
6
55
-27
-14
47
2
-34
87
-34
-32
37
-47
-36
52
-30
-60
77
-41
-66
98
-33
-78
112
-13
-74
88
13
-104
89
52
-84
59
28
-70
10
62
-56
-13
44
-48
-22
13
-17
-46
-10
11
-57
0
8
-38
-30
-7
-4
-39
51
-1
-29
18
-5
-5
-9
29
-28
-9
26
-26
2
-13
11
-24
5
20
-25
9
-8
7
-32
12
-13
-30
16
-7
3
-5
14
-13
12
-3
-9
13
-23
12
19
-8
10
43
-18
-4
52
-29
-8
50
-31
-26
46
-16
-22
67
-5
-36
43
-7
-28
46
7
-41
41
21
-13
56
35
-15
41
38
-15
33
24
-8
34
45
-7
3
-7
-33
1
18
-1
-12
-14
-35
-24
-14
-14
-32
-30
-16
-16
-7
-1
-21
-44
-5
3
0
18
0
-23
3
6
-15
2
-1
-10
0
8
-8
-13
-1
-2
3
6
8
6
4
9
5
-9
-8
-1
-12
-7
6
-1
-1
11
-1
-14
-6
-4
-17
1
7
-2
9
21
16
10
19
15
1
11
6
-12
-1
0
-6
2
10
4
-3
0
-8
-8
1
-7
-14
-10
-2
14
20
25
20
7
15
13
10
19
15
17
19
11
-3
-17
-7
8
5
2
-14
-34
-30
-13
-11
-17
-23
-32
-19
-1
0
-8
-16
-14
2
12
10
1
-5
0
8
11
-4
-7
0
2
13
-1
-13
-5
-6
5
8
2
10
7
16
8
5
1
-8
1
-5
-11
-2
-6
0
10
2
1
-10
-8
-5
-1
17
6
12
13
0
17
8
10
10
-13
-3
-7
-8
4
-4
-1
-3
-4
1
-16
-11
-10
-19
0
-8
-17
-2
3
19
16
10
9
-14
11
17
-5
11
4
-5
13
4
0
1
3
22
-9
-8
-5
-31
10
-6
-27
-4
-32
-9
1
-23
15
-10
4
36
-5
24
23
9
35
4
9
3
-5
17
-16
-11
-10
-26
9
-3
-10
5
-9
11
9
-3
-7
-18
-1
1
2
0
-14
6
4
12
12
-7
2
-2
6
6
-4
2
-5
10
13
8
9
-1
9
4
1
1
-15
-2
-12
-15
-9
-29
-9
-19
-19
6
-20
14
7
-8
33
4
22
28
-9
24
-2
-1
20
-25
3
-9
-22
18
-24
-2
0
-25
27
-7
-7
10
-33
12
5
-7
19
-23
10
17
-10
22
-15
-5
17
-12
14
-7
-9
13
-12
20
2
-8
22
-11
15
10
-15
16
-13
-1
1
-26
6
-22
-7
4
-27
13
-12
-9
16
-14
17
8
9
23
-11
22
0
-9
22
-27
2
4
-21
13
-21
-3
4
-16
26
-16
-1
17
-26
25
4
-17
17
-14
15
9
-11
11
-18
12
8
-17
20
-9
-1
25
-12
10
5
-4
24
0
15
7
-14
20
-17
-5
17
-26
17
12
-20
18
-10
-10
12
-8
6
3
5
10
-8
10
-4
-3
15
-9
1
4
-6
1
-8
-5
-16
-7
8
-20
10
0
-22
21
-10
-11
12
-20
5
5
-14
5
-19
-11
-3
-23
7
-9
-24
8
-16
-13
18
-19
-1
