-1
-1
-1
0
0
0
0
1
0
0
0
0
0
0
0
0
0
0
1
0
0
1
2
1
0
1
1
0
0
0
0
1
0
1
0
0
0
0
0
0
0
-1
-1
0
-1
0
-1
-1
-1
0
-1
-1
-1
-1
-1
-1
1
1
0
0
0
0
0
0
0
1
2
2
0
1
0
-1
-3
-2
0
-1
0
2
0
1
2
-1
-3
1
-2
-3
2
0
-2
3
1
-2
1
0
-2
2
0
-2
0
2
-1
-1
0
-3
-2
1
0
0
3
1
-1
3
2
-6
-2
-4
-6
0
3
3
8
7
-1
-1
-5
-12
-6
-2
-2
6
10
7
8
5
-6
-9
-9
-12
-7
0
9
12
11
10
2
-4
-9
-14
-12
-6
3
6
15
17
6
3
-6
-14
-13
-13
-7
5
11
11
13
4
-2
-7
-15
-12
-2
-5
1
13
7
4
9
-4
-8
-4
-9
-12
-3
0
0
13
11
9
10
-1
-7
-14
-17
-10
-7
1
26
25
17
23
1
-30
-27
-30
-40
1
26
25
50
44
6
-18
-29
-52
-52
-15
12
31
53
55
20
-17
-23
-50
-61
-13
10
16
55
55
3
-14
-22
-55
-48
1
30
29
53
59
-17
-46
-28
-79
-67
37
43
39
127
65
-42
-11
-86
-152
-49
-10
4
119
137
68
68
-12
-115
-102
-123
-94
13
58
107
146
86
31
-14
-109
-116
-87
-89
4
71
67
116
98
6
-3
-41
-124
-69
-41
-52
39
73
51
80
60
-7
-18
-48
-87
-53
-44
-14
51
52
61
81
20
-20
-14
-77
-86
-25
-23
4
75
77
43
43
13
-58
-74
-50
-43
-33
35
74
27
58
59
-54
-46
-1
-84
-48
62
13
10
92
19
-48
19
-41
-81
11
14
-5
40
58
8
-20
7
-48
-54
-3
-11
8
44
57
21
21
8
-47
-42
-55
-44
4
10
44
91
51
11
18
-61
-95
-44
-39
-28
52
97
32
44
45
-55
-64
-30
-35
-31
30
47
-16
33
23
-35
11
43
6
-20
5
-48
-78
-43
3
50
53
130
72
-53
13
-118
-178
-11
-12
11
128
183
23
15
12
-209
-55
-66
-104
137
116
57
78
25
-70
-120
-75
-46
22
98
71
52
29
10
-160
-180
123
-39
-54
251
104
-18
-3
-70
-232
-37
15
-85
161
212
107
-139
-7
53
-284
-100
135
-3
18
252
-71
-52
203
-257
-192
107
12
-106
171
194
-30
156
-166
-153
-68
-183
-28
-9
320
201
84
129
-71
-235
-277
-211
-96
111
247
179
236
217
-220
-106
-202
-266
38
-92
125
176
113
37
7
115
-236
122
-89
-208
170
-150
-78
111
139
-153
172
166
-196
147
49
-232
-81
119
-315
-134
418
-99
70
439
25
-184
-3
-215
-464
-4
146
-68
357
534
-54
-43
-114
-299
-386
-130
122
92
369
228
38
39
-172
-221
-183
-84
68
94
25
111
119
-74
11
1
15
-30
-84
-43
-49
-66
-30
98
87
20
160
88
-182
61
-65
-266
36
6
-128
113
195
75
82
97
106
-207
-195
-139
-137
-132
32
412
-2
334
328
-398
-64
-60
-415
-334
294
64
-4
480
86
-19
41
-37
-379
-153
127
-280
-23
206
241
18
196
192
-245
55
-294
-313
-4
-5
182
57
276
244
-61
-233
-154
-18
-289
99
115
49
303
-39
-91
-64
9
-48
-159
127
167
-70
-114
133
-77
-89
194
-34
-42
219
-56
-352
115
58
-248
223
137
66
78
-118
-109
-223
-31
32
-56
241
258
82
-134
-77
-82
-374
54
32
74
344
105
60
-180
-32
-226
-271
116
60
226
147
190
-41
-131
-85
-332
29
23
93
224
-3
128
-149
-167
-61
-52
185
103
211
-22
-195
-201
-374
-88
132
357
455
354
80
-257
-546
-488
-388
-162
482
488
586
404
-4
-325
-549
-468
-461
22
391
367
421
252
-48
-204
-330
-294
-183
204
169
226
155
-56
-48
-264
-223
-42
196
178
258
139
-102
-83
-180
-366
-34
102
53
278
92
40
47
-169
-96
-106
38
125
68
-6
-93
-18
-273
-32
107
56
406
279
-46
-64
-303
-450
-262
-47
159
429
419
223
-50
-231
-256
-337
-101
43
214
200
78
-20
-193
-63
-70
20
262
145
131
-112
-249
-263
-181
-37
226
316
182
251
-126
-209
-254
-161
-60
104
174
16
98
16
-238
-9
33
59
214
6
66
-210
-60
-152
-64
176
48
218
-7
-42
-57
-178
75
-123
12
99
-30
68
-42
134
-6
139
-63
-212
6
-241
-121
189
193
328
182
121
-193
-318
-192
-346
46
152
302
235
261
1
-259
-136
-202
-222
85
208
166
137
-51
-134
-173
-95
-151
165
160
188
43
-43
-60
-290
-43
-33
84
234
116
149
14
-182
-179
-133
53
-75
164
117
-65
50
-203
-117
-119
-25
236
109
210
60
-150
-30
-248
-329
-185
236
141
101
337
66
-11
-54
-294
-283
-102
42
83
29
203
157
22
169
-118
-260
106
-71
-191
-112
118
143
84
103
-35
135
-15
-121
-215
-250
-34
-140
-38
111
174
355
230
135
-35
-176
-131
-233
-311
-170
236
228
107
290
128
-69
-20
-218
-331
12
132
-51
157
212
-80
-7
33
-184
-93
171
128
38
150
47
-53
-7
-66
-182
87
95
-114
70
12
-121
-58
100
-25
175
48
-56
-62
-313
-199
-243
24
179
226
399
116
114
-228
-290
-149
-430
79
186
327
271
267
141
-134
4
-378
-195
6
-163
183
134
105
110
123
57
-171
-117
-229
-1
-119
-14
72
131
353
-13
30
38
-241
-86
-74
-86
-55
157
275
105
110
-40
29
-98
-142
-249
-202
231
56
-4
316
117
85
87
-121
-292
-320
48
-227
-19
269
2
426
273
-150
-145
-75
-171
-473
-77
-138
-76
356
89
169
116
193
-96
-219
-66
-449
-79
-24
-141
-4
142
391
44
158
77
-198
15
-299
-319
-170
-33
20
78
249
80
224
135
-185
-45
-177
-125
46
-22
-45
108
134
-182
-82
-62
-117
59
59
99
198
211
66
-67
-78
-158
-103
-57
84
166
261
302
148
117
-123
-30
-134
-220
-42
6
65
-19
54
-149
-158
-85
-274
-70
42
-2
75
-46
-40
-216
-162
-71
-40
152
203
312
163
155
3
-153
-62
-71
13
149
160
205
84
60
-88
-166
-139
-92
-33
-65
142
68
77
68
0
-39
42
47
21
148
234
160
173
214
44
37
101
-25
14
166
85
110
119
49
-94
17
-114
-156
-2
-34
-31
-53
39
-104
-69
16
-101
26
100
30
69
63
55
-63
42
24
-78
115
29
-27
2
-62
-99
-110
-106
-137
-138
-79
-202
-209
-178
-245
-195
-172
-113
-120
-74
-87
-203
-150
-229
-209
-115
-99
-22
-34
21
-98
-138
-124
-223
-102
-64
32
120
148
176
62
105
11
-38
83
40
134
142
158
114
25
34
-122
-70
-77
-102
20
10
81
78
108
132
60
163
97
122
167
134
227
210
290
279
274
306
196
202
128
95
112
78
165
137
165
180
103
117
56
73
60
79
132
97
143
112
59
51
9
-20
-39
-37
-45
-98
-80
-139
-181
-173
-230
-241
-263
-273
-307
-303
-297
-299
-252
-198
-174
-135
-115
-141
-148
-175
-187
-169
-121
-81
-22
15
20
-6
-47
-96
-150
-142
-160
-115
-80
-55
-48
-75
-99
-154
-175
-188
-184
-147
-90
-56
-5
-4
10
-11
-16
-16
-27
14
32
62
92
114
123
121
109
111
73
85
59
36
54
40
55
58
73
88
82
124
116
126
180
175
221
239
285
302
332
373
358
392
408
392
420
427
420
416
414
405
358
362
315
276
265
234
200
198
196
182
184
188
161
131
137
72
63
48
39
26
30
37
7
2
-26
-78
-122
-164
-228
-269
-309
-339
-377
-389
-419
-449
-455
-476
-494
-503
-508
-514
-519
-516
-517
-540
-525
-549
-560
-566
-577
-570
-566
-538
-529
-506
-468
-467
-444
-418
-394
-358
-316
-256
-216
-139
-85
-39
11
57
89
130
159
190
213
240
260
263
295
300
321
342
363
396
420
450
477
502
542
564
602
640
681
727
761
803
826
856
875
875
870
850
815
769
715
659
593
544
486
430
387
342
302
261
234
197
169
154
136
120
101
81
52
19
-12
-72
-130
-213
-307
-413
-528
-641
-763
-865
-957
-1018
-1057
-1066
-1041
-985
-899
-798
-685
-567
-456
-357
-283
-224
-197
-188
-201
-230
-276
-339
-397
-463
-520
-583
-635
-686
-733
-774
-820
-859
-895
-925
-955
-976
-991
-992
-977
-939
-900
-842
-769
-685
-596
-503
-412
-315
-226
-136
-63
12
79
134
187
231
285
331
388
435
491
558
629
700
759
825
895
965
1038
1099
1165
1231
1311
1387
1456
1533
1607
1691
1754
1810
1855
1882
1895
1868
1834
1787
1746
1703
1654
1631
1612
1627
1629
1628
1620
1582
1519
1384
1172
893
552
152
-334
-849
-1368
-1856
-2283
-2669
-2933
-3092
-3096
-2983
-2767
-2447
-2059
-1593
-1131
-667
-243
150
488
750
944
1040
1109
1113
1055
946
789
632
427
193
-103
-418
-739
-1094
-1466
-1888
-2285
-2660
-2987
-3265
-3526
-3662
-3714
-3632
-3488
-3269
-2945
-2570
-2092
-1673
-1197
-780
-337
43
320
578
711
905
933
960
877
807
757
617
521
305
222
50
-73
-264
-459
-573
-755
-845
-1037
-1077
-1129
-1075
-1020
-955
-760
-584
-274
-70
234
500
829
1131
1360
1616
1799
2046
2172
2320
2426
2579
2747
2889
3058
3238
3478
3716
3939
4115
4288
4414
4523
4512
4504
4399
4320
4174
3983
3829
3583
3457
3129
2899
2479
2086
1612
933
287
-645
-1373
-2327
-3078
-3891
-4587
-5036
-5476
-5466
-5528
-5134
-4762
-4119
-3368
-2627
-1649
-920
16
604
1304
1810
2247
2646
2744
2957
2868
2959
2789
2624
2337
1936
1595
1017
525
-239
-896
-1700
-2470
-3256
-4056
-4672
-5311
-5686
-6052
-6090
-6027
-5727
-5330
-4833
-4154
-3497
-2693
-2112
-1446
-978
-476
-140
46
183
134
205
14
-43
-291
-413
-567
-788
-924
-1222
-1292
-1585
-1717
-1996
-2166
-2268
-2422
-2410
-2530
-2359
-2287
-2008
-1782
-1473
-1052
-696
-195
114
592
925
1316
1594
1801
2065
2206
2429
2469
2606
2667
2803
2908
2969
3145
3298
3596
3787
4065
4325
4640
4956
5163
5396
5526
5727
5788
5815
5771
5681
5606
5372
5132
4717
4290
3648
2793
1817
739
-227
-1368
-2450
-3553
-4387
-4972
-5406
-5562
-5589
-5181
-4626
-3788
-2882
-1874
-737
278
1290
2031
2814
3412
3872
4087
4074
4100
3990
3866
3429
2931
2372
1816
1215
411
-416
-1359
-2198
-3085
-3967
-4842
-5670
-6338
-6934
-7333
-7594
-7601
-7404
-7017
-6417
-5647
-4672
-3670
-2662
-1715
-855
-103
416
771
879
863
700
411
35
-467
-929
-1436
-1857
-2288
-2637
-2895
-3095
-3182
-3282
-3260
-3260
-3176
-3100
-2976
-2786
-2591
-2291
-2021
-1633
-1235
-744
-248
234
715
1146
1614
1987
2338
2560
2761
2915
3051
3157
3219
3291
3353
3507
3655
3866
4078
4414
4804
5256
5707
6127
6578
6938
7318
7549
7782
7859
7868
7749
7488
7222
6779
6376
5768
5230
4599
3961
3124
1914
641
-776
-1904
-3199
-4458
-5758
-6799
-7424
-7915
-8015
-8064
-7565
-6865
-5793
-4547
-3226
-1655
-273
1172
2233
3328
4226
4903
5256
5141
5072
4793
4533
3827
2939
1996
1077
238
-868
-1968
-3211
-4248
-5263
-6240
-7183
-8104
-8765
-9312
-9583
-9736
-9590
-9185
-8509
-7555
-6397
-4985
-3539
-2034
-633
700
1775
2531
2974
3140
3109
2773
2249
1502
743
-87
-906
-1709
-2462
-3046
-3554
-3869
-4154
-4275
-4330
-4296
-4210
-4141
-3924
-3687
-3305
-2953
-2490
-1903
-1217
-440
258
1031
1718
2431
2996
3418
3744
3897
4012
3933
3826
3613
3430
3272
3095
3054
3046
3202
3399
3749
4206
4690
5242
5712
6221
6616
6988
7254
7402
7491
7385
7244
6933
6595
6154
5678
5209
4600
4078
3485
2896
1936
713
-552
-1729
-2714
-3929
-5103
-6212
-6848
-7224
-7430
-7342
-7040
-6231
-5280
-3983
-2657
-1178
339
1670
2893
3777
4716
5321
5692
5568
5196
4888
4431
3858
2770
1747
704
-202
-1200
-2383
-3485
-4620
-5431
-6336
-7097
-7855
-8453
-8787
-9043
-9010
-8959
-8507
-7889
-7036
-5967
-4749
-3259
-1904
-470
752
1923
2829
3296
3550
3482
3364
2785
2105
1308
461
-322
-1267
-2014
-2812
-3278
-3738
-4074
-4264
-4424
-4301
-4276
-4061
-4008
-3689
-3269
-2880
-2396
-1921
-1089
-374
503
1193
1934
2722
3351
3862
4033
4291
4318
4346
4172
3902
3641
3422
3378
3242
3310
3413
3694
4085
4612
5121
5560
6088
6526
6886
7105
7312
7387
7402
7270
7044
6770
6520
6222
5846
5554
5153
4751
4295
3907
3146
2028
734
-622
-1876
-3345
-4828
-6378
-7437
-8221
-8781
-8980
-8813
-8139
-7315
-5975
-4539
-2863
-1141
448
1865
2949
4068
4782
5305
5318
5007
4605
4164
3637
2605
1577
471
-509
-1550
-2673
-3852
-5081
-6029
-7003
-7839
-8656
-9315
-9803
-10066
-10058
-9976
-9529
-8798
-7865
-6767
-5409
-3829
-2259
-735
646
1884
2946
3588
3839
3810
3569
2969
2076
1204
202
-775
-1808
-2748
-3575
-4195
-4584
-5012
-5163
-5246
-5066
-4822
-4498
-4167
-3810
-3121
-2562
-1909
-1266
-377
525
1418
2323
3024
3881
4549
5090
5279
5419
5495
5374
5247
4871
4551
4230
4108
3970
3900
4044
4190
4544
4969
5463
5822
6220
6629
6862
7047
7110
7137
7031
6880
6605
6242
5973
5648
5316
4975
4665
4256
3846
3514
2954
2070
904
-322
-1577
-2838
-4239
-5688
-6855
-7689
-8287
-8668
-8607
-8205
-7485
-6496
-5255
-3882
-2388
-864
411
1525
2449
3283
3855
4160
4085
3780
3556
3219
2657
1786
964
114
-720
-1619
-2692
-3757
-4779
-5621
-6503
-7263
-7977
-8546
-8910
-9112
-9134
-9001
-8500
-7862
-7020
-5998
-4690
-3296
-1922
-547
719
1907
2740
3360
3620
3694
3412
2908
2340
1637
953
101
-596
-1321
-1810
-2288
-2671
-2925
-3150
-3124
-3163
-3040
-3091
-2915
-2701
-2463
-2148
-1822
-1206
-631
205
913
1749
2594
3427
4157
4621
5099
5303
5540
5534
5454
5211
5017
4910
4726
4699
4656
4804
4960
5302
5594
5862
6179
6456
6716
6811
6874
6767
6667
6486
6186
5809
5391
5004
4572
4169
3740
3291
2912
2496
1974
1163
147
-974
-2150
-3268
-4563
-5763
-6870
-7562
-8069
-8347
-8229
-7862
-7001
-6115
-4886
-3665
-2163
-692
556
1707
2473
3349
3789
4172
4026
3754
3478
3052
2579
1636
871
-118
-927
-1972
-3136
-4273
-5452
-6354
-7421
-8215
-9081
-9663
-10051
-10255
-10168
-9990
-9368
-8646
-7596
-6423
-5029
-3512
-2065
-526
765
1999
2850
3434
3708
3634
3386
2744
2106
1236
430
-461
-1325
-2016
-2731
-3156
-3639
-3829
-4058
-4058
-3990
-3934
-3722
-3603
-3205
-2968
-2473
-2019
-1361
-601
216
1194
2048
3130
3964
4846
5456
6008
6375
6587
6733
6586
6493
6229
6114
5863
5722
5632
5613
5715
5797
6001
6089
6317
6466
6589
6619
6515
6388
6169
5990
5619
5181
4717
4244
3862
3372
2999
2561
2234
1856
1376
769
-204
-1129
-2229
-3083
-4153
-5195
-6096
-6727
-6979
-7274
-7061
-6755
-5922
-5154
-4173
-3023
-1813
-504
382
1340
1853
2489
2791
2945
2767
2323
2076
1669
1322
515
-149
-858
-1474
-2232
-3160
-3951
-4826
-5529
-6352
-6972
-7597
-8053
-8349
-8490
-8411
-8174
-7626
-6934
-6045
-5042
-3784
-2430
-1066
185
1387
2475
3328
3806
3959
3945
3652
3175
2420
1672
818
12
-815
-1569
-2176
-2714
-3041
-3393
-3517
-3622
-3520
-3424
-3318
-3175
-2961
-2546
-2192
-1709
-1193
-405
472
1429
2364
3310
4312
5196
5971
6475
6868
7096
7233
7157
6939
6644
6356
6066
5748
5504
5318
5219
5125
5185
5238
5359
5419
5494
5506
5394
5316
5135
5009
4608
4261
3893
3565
3168
2686
2452
2111
1892
1422
1032
217
-875
-1911
-2823
-3563
-4891
-6033
-7023
-7366
-7758
-8008
-7842
-7375
-6500
-5756
-4445
-3237
-1845
-768
315
1282
1906
2548
2796
3010
2600
2333
2052
1822
1197
280
-383
-1041
-1628
-2637
-3501
-4452
-5292
-6173
-6993
-7682
-8427
-8908
-9266
-9247
-9179
-8793
-8156
-7272
-6184
-4970
-3438
-1997
-524
743
2014
3012
3619
4003
4031
3968
3436
2886
2091
1310
458
-426
-1089
-1854
-2260
-2793
-2966
-3245
-3270
-3181
-3143
-2997
-3043
-2663
-2504
-2106
-1874
-1301
-607
112
996
1769
2871
3707
4717
5405
6090
6530
6889
7169
7120
7049
6757
6652
6295
6037
5745
5598
5466
5344
5386
5424
5563
5542
5637
5583
5546
5372
5219
4951
4543
4180
3722
3353
2795
2442
2064
1784
1391
948
363
-688
-1709
-2677
-3253
-4282
-5453
-6479
-6998
-7193
-7546
-7484
-7209
-6400
-5675
-4582
-3304
-1978
-715
287
1396
2062
2791
3199
3522
3354
2928
2737
2569
2291
1409
691
128
-246
-950
-1869
-2723
-3591
-4328
-5229
-6000
-6856
-7572
-8082
-8379
-8467
-8456
-8047
-7424
-6558
-5562
-4254
-2740
-1349
-44
1113
2365
3217
3719
3809
3754
3579
3094
2531
1651
935
106
-460
-1119
-1675
-2122
-2487
-2598
-2848
-2756
-2882
-2750
-2854
-2769
-2669
-2558
-2307
-2173
-1654
-1235
-402
269
1178
2000
2934
3912
4654
5381
5779
6322
6491
6663
6543
6442
6271
6046
5879
5644
5600
5466
5525
5507
5614
5696
5841
5877
5803
5699
5513
5263
4853
4421
3918
3469
2946
2458
1944
1538
1084
526
-488
-1697
-2645
-3282
-4040
-5273
-6367
-7052
-7249
-7578
-7735
-7615
-7068
-6408
-5554
-4326
-3018
-1636
-508
664
1547
2495
3297
3889
3959
3651
3597
3618
3477
2637
1852
1273
940
289
-661
-1588
-2495
-3249
-4212
-5114
-6142
-6998
-7730
-8284
-8683
-8938
-8796
-8467
-7904
-7175
-5984
-4524
-3117
-1812
-507
957
2149
2883
3210
3362
3422
3148
2661
1883
1116
365
-298
-954
-1661
-2160
-2624
-2858
-3185
-3275
-3327
-3336
-3409
-3508
-3353
-3274
-3079
-3048
-2734
-2333
-1671
-960
-225
637
1518
2643
3549
4397
4981
5677
6202
6529
6608
6612
6657
6565
6440
6250
6240
6142
6157
6116
6240
6313
6501
6564
6566
6463
6282
6115
5683
5247
4549
4131
3463
2921
2213
1726
1226
563
-357
-1618
-2403
-3166
-3761
-4964
-5875
-6571
-6807
-7100
-7346
-7123
-6754
-6050
-5436
-4203
-3004
-1624
-505
630
1666
2589
3593
4171
4461
4165
4181
4199
4027
3237
2324
1755
1217
589
-435
-1289
-2216
-2977
-3816
-4590
-5383
-6218
-6827
-7344
-7634
-7910
-7892
-7725
-7387
-6812
-5906
-4665
-3501
-2332
-1099
331
1645
2497
3103
3384
3672
3548
3285
2644
1897
1147
354
-278
-1164
-1700
-2394
-2687
-3148
-3268
-3331
-3359
-3337
-3448
-3147
-3116
-2831
-2868
-2570
-2339
-1882
-1345
-821
-144
455
1452
2261
3104
3657
4350
4997
5445
5733
5857
6080
6075
6084
5961
5973
5953
5967
6074
6131
6375
6554
6889
6908
6993
6955
7007
6780
6322
5837
5226
4769
3951
3349
2387
1735
789
-178
-1523
-2734
-3484
-4310
-5217
-6497
-6977
-7303
-7321
-7625
-7396
-6836
-6191
-5433
-4549
-3256
-2212
-1083
-135
887
1698
2525
3271
3564
3528
3475
3783
3774
3157
2317
1800
1463
730
-307
-1333
-2189
-3036
-3942
-4762
-5601
-6336
-6954
-7303
-7566
-7769
-7677
-7376
-6919
-6402
-5552
-4426
-3359
-2397
-1454
-282
673
1281
1633
1813
2040
1828
1692
1080
666
49
-375
-874
-1538
-1900
-2411
-2423
-2984
-2967
-3237
-3104
-3271
-3319
-3192
-3171
-2860
-2880
-2405
-2271
-1647
-1209
-490
80
738
1596
2323
3071
3494
4185
4641
5116
5289
5570
5781
5869
5919
5911
6084
6092
6286
6362
6669
6816
7048
7292
7485
7679
7562
7649
7389
7205
6586
6107
5464
4646
3808
2752
1874
207
-1162
-2541
-3279
-4486
-5858
-6746
-7228
-7212
-7755
-7481
-7191
-6314
-5905
-5025
-3903
-2850
-1771
-1040
70
597
1534
2253
3025
3059
3015
3467
3952
3965
3206
2860
2656
2364
1477
503
-356
-1307
-2258
-3249
-4083
-5006
-5756
-6231
-6518
-6736
-6755
-6382
-5924
-5479
-4880
-3879
-2778
-1964
-1320
-541
285
839
1015
1067
1061
992
772
488
134
-231
-498
-750
-976
-1320
-1487
-1653
-1837
-2174
-2421
-2557
-2732
-3003
-3297
-3344
-3354
-3279
-3262
-3009
-2629
-2109
-1556
-961
-304
370
1067
1642
2101
2444
2872
3242
3487
3560
3748
4033
4247
4339
4492
4885
5222
5525
5779
6252
6601
6968
7211
7511
7628
7649
7679
7499
7247
6746
6441
5776
5084
4123
3195
1705
158
-1139
-2190
-3523
-5158
-6087
-6569
-6824
-7427
-7276
-6710
-5908
-5447
-4522
-3309
-2183
-1322
-553
329
846
1466
2014
2486
2317
2296
2687
3153
2855
2250
2114
2224
1849
881
67
-563
-1402
-2549
-3574
-4390
-5250
-6079
-6553
-6709
-6785
-6650
-6086
-5299
-4540
-3646
-2359
-1105
-290
264
973
1607
1658
1270
888
627
92
-579
-1174
-1510
-1884
-2094
-2158
-2066
-2092
-2080
-1950
-1882
-2014
-2263
-2373
-2581
-2920
-3306
-3426
-3492
-3553
-3539
-3186
-2667
-2132
-1584
-842
-73
574
1069
1533
1907
2123
2286
2356
2405
2311
2356
2437
2594
2758
3056
3501
3947
4502
5057
5681
6208
6685
7142
7425
7712
7727
7792
7596
7463
7140
6626
6127
5313
4568
2942
1859
521
-233
-1946
-3287
-4270
-4687
-5148
-5972
-5694
-5486
-4559
-4549
-3393
-2629
-1389
-820
11
699
1109
1721
2079
2500
2088
2168
2424
2797
2377
1854
1895
2043
1733
872
284
-147
-917
-1960
-3010
-3709
-4623
-5419
-6063
-6311
-6455
-6373
-5818
-5164
-4355
-3529
-2156
-938
-81
393
1063
1681
1734
1288
830
572
107
-587
-1182
-1491
-1692
-1895
-1929
-1859
-1820
-1788
-1710
-1598
-1802
-2057
-2274
-2331
-2648
-3017
-3220
-3109
-2977
-2887
-2594
-2047
-1409
-911
-333
287
847
1159
1412
1661
1797
1735
1670
1667
1606
1454
1432
1623
1807
1953
2184
2724
3171
3628
4005
4656
5098
5469
5777
6117
6414
6420
6596
6447
6407
5971
5782
5049
3894
2679
1724
1148
-357
-1555
-2773
-2873
-3595
-3982
-4183
-3726
-3212
-3051
-2164
-1520
-374
-153
663
922
1414
1613
1960
2082
1562
1456
1572
2017
1448
874
704
912
648
-241
-817
-1381
-2028
-3079
-3845
-4452
-5251
-5938
-6351
-6204
-6198
-5870
-5263
-4361
-3575
-2683
-1421
-413
43
154
637
1127
925
307
-170
-161
-428
-810
-1084
-988
-880
-977
-789
-670
-480
-808
-926
-1239
-1469
-1964
-2345
-2722
-3135
-3304
-3233
-2855
-2712
-2401
-1870
-997
-356
55
455
956
1372
1521
1570
1560
1546
1417
1325
1254
1234
1195
1221
1375
1610
1883
2106
2414
2742
3133
3430
3734
4008
4205
4397
4613
4911
4960
4790
4697
4603
4267
3111
2194
1444
1076
-79
-1205
-1893
-2097
-2231
-2722
-2327
-2022
-1201
-1157
-206
497
1415
1684
2009
2407
2548
2848
2797
2888
2318
2129
2189
2456
2056
1334
1055
1120
883
50
-841
-1374
-2076
-2907
-3873
-4373
-4976
-5475
-5847
-5699
-5375
-5050
-4511
-3775
-2870
-2148
-1301
-648
-182
-206
-46
49
91
-503
-897
-1135
-1058
-1271
-1402
-1282
-1057
-829
-819
-473
-428
-432
-869
-973
-1179
-1405
-1832
-2112
-2187
-2203
-2053
-1820
-1434
-1118
-742
-213
293
635
752
961
1212
1349
1342
1267
1349
1280
1288
1218
1360
1329
1294
1303
1479
1723
1760
1924
2007
2344
2418
2693
2773
3035
3141
3312
3428
3356
3410
3105
2780
1510
608
-417
-774
-1812
-2715
-3377
-3360
-3026
-2975
-2235
-1539
-233
255
1317
2081
3110
3425
3531
3605
3629
3747
3578
3508
3119
2895
2911
3094
3031
2409
1932
1593
1196
210
-1056
-2015
-3003
-3895
-5041
-5439
-5745
-5734
-5838
-5325
-4455
-3610
-2872
-2263
-1405
-973
-657
-622
-544
-761
-1123
-1270
-1280
-1260
-1473
-1338
-948
-528
-332
-218
80
62
-128
-634
-937
-1506
-2148
-2725
-2932
-2944
-3034
-2865
-2469
-1829
-1381
-868
-292
246
505
594
835
1044
1096
1049
1209
1557
1738
1876
2025
2400
2564
2548
2445
2423
2408
2217
2107
1941
1844
1690
1718
1932
2072
2286
2440
2884
3043
3094
3034
2810
2137
535
-717
-1829
-2362
-3718
-4837
-5519
-5348
-4968
-4778
-3816
-2851
-1423
-803
445
1461
2528
2909
3091
3437
3585
3936
3986
4274
4078
4068
4338
4807
4823
4099
3522
3097
2574
1301
-224
-1402
-2473
-3493
-4611
-4976
-5094
-4961
-4868
-4281
-3308
-2447
-1761
-1368
-840
-678
-576
-687
-789
-1096
-1433
-1413
-1162
-873
-873
-646
-137
422
637
569
594
479
121
-583
-1210
-1773
-2402
-2985
-3326
-3266
-3168
-2963
-2625
-2054
-1481
-1034
-552
-121
211
300
468
751
997
1122
1275
1693
2129
2418
2597
2864
3178
3225
3146
3022
3032
2904
2655
2411
2219
2168
2040
2069
2079
2272
2424
2558
2554
2459
2321
1692
485
-1027
-2118
-2865
-3782
-4927
-5753
-5827
-5600
-5299
-4754
-3854
-2924
-2330
-1522
-537
386
734
953
1354
1830
2297
2744
3390
3663
3768
4058
4755
5028
4363
3449
2809
2331
1198
-252
-1500
-2381
-3174
-3864
-3894
-3638
-3268
-3052
-2392
-1500
-723
-319
-186
-42
-138
-137
-230
-200
-422
-494
-292
140
428
414
527
689
859
637
349
16
-316
-791
-1349
-1697
-2006
-2231
-2531
-2531
-2373
-2144
-1980
-1856
-1513
-1202
-776
-582
-278
-53
312
658
935
1217
1335
1597
1649
1800
1699
1642
1500
1478
1545
1590
1779
1968
2326
2575
2888
3272
3639
3891
3941
4115
4091
3782
3255
2617
1787
117
-1438
-2664
-3055
-3940
-4902
-5477
-5217
-4757
-4722
-4144
-3427
-2558
-2693
-2378
-1741
-856
-733
-852
-393
383
1266
1820
2702
3257
3567
3737
4182
4356
3545
2298
1229
600
-449
-1831
-2967
-3560
-3869
-4244
-4046
-3520
-2808
-2575
-2112
-1394
-553
-250
-378
-334
-94
340
477
823
1054
1494
1699
2051
2223
2198
1863
1444
1225
873
498
-73
-362
-687
-866
-1048
-1066
-1113
-1288
-1409
-1437
-1316
-1440
-1601
-1699
-1511
-1262
-1029
-775
-486
-37
402
924
1255
1514
1596
1661
1630
1468
1274
1007
844
646
707
876
1145
1339
1592
2099
2594
3116
3410
3844
3991
3964
3771
3528
2939
1409
-149
-1423
-1803
-2557
-3368
-4082
-4051
-3723
-3515
-2911
-2263
-1492
-1575
-1386
-1019
-232
10
-142
-97
278
1074
1634
2349
2675
2911
2922
3111
3224
2740
1747
471
-402
-1232
-2062
-3063
-3816
-4238
-4375
-4208
-3865
-3338
-2965
-2626
-2255
-1754
-1361
-1247
-1293
-1219
-876
-355
155
675
1099
1539
1847
2102
2161
2008
1608
1110
743
441
206
-176
-485
-728
-746
-747
-777
-882
-1003
-1052
-1056
-966
-915
-834
-767
-587
-305
-20
217
363
587
836
1136
1337
1440
1495
1532
1641
1732
1792
1766
1750
1764
1769
1778
1738
1780
1798
1893
2022
2222
2446
2545
2716
2612
2254
1122
-205
-1494
-2391
-3096
-3856
-4409
-4814
-4641
-4296
-3414
-2592
-1716
-1176
-636
50
764
1509
1834
2181
2340
2835
3355
3976
4292
4254
4101
3862
3710
3171
2390
1217
123
-931
-1772
-2502
-3196
-3696
-4100
-4143
-4121
-3895
-3734
-3478
-3289
-3227
-3215
-3227
-2950
-2587
-2053
-1584
-955
-257
515
1164
1521
1701
1651
1648
1467
1295
979
751
542
375
212
-40
-267
-596
-840
-1181
-1440
-1723
-1837
-1816
-1638
-1364
-1100
-777
-472
-114
143
343
406
452
474
492
519
545
737
1026
1445
1828
2217
2574
2890
3114
3207
3258
3186
3095
2877
2761
2622
2573
2430
2164
1531
427
-740
-1758
-2217
-2662
-3139
-3831
-4232
-4283
-3936
-3425
-2988
-2624
-2466
-2074
-1571
-732
-37
620
1194
1890
2694
3447
4166
4597
4874
4765
4471
3898
3224
2377
1478
574
-308
-1067
-1727
-2059
-2188
-2091
-2063
-2023
-2045
-1992
-1877
-1751
-1686
-1818
-1924
-1893
-1459
-901
-319
58
368
626
824
917
805
599
257
30
-153
-153
-143
-53
46
99
31
-243
-549
-893
-1139
-1423
-1610
-1685
-1527
-1142
-580
41
563
956
1154
1226
1104
823
403
-55
-472
-832
-1077
-1127
-926
-501
1
494
894
1275
1638
2011
2312
2489
2553
2530
2515
2373
1980
1117
-26
-1234
-2101
-2532
-2617
-2600
-2738
-2982
-3204
-3135
-2844
-2455
-2228
-2125
-2069
-1880
-1455
-821
1
896
1831
2703
3436
3923
4198
4314
4313
4120
3592
2725
1648
628
-162
-691
-1087
-1445
-1786
-2019
-2077
-1990
-1851
-1765
-1759
-1836
-1966
-2070
-2026
-1708
-1077
-241
642
1401
1986
2385
2627
2725
2691
2529
2288
2025
1785
1620
1541
1545
1584
1582
1454
1144
657
80
-474
-890
-1081
-1045
-834
-538
-230
71
378
690
951
1109
1105
966
723
441
166
-85
-285
-412
-454
-410
-306
-188
-106
-93
-133
-215
-292
-333
-320
-251
-179
-189
-377
-824
-1495
-2285
-3002
-3495
-3703
-3680
-3555
-3450
-3438
-3521
-3649
-3722
-3680
-3460
-3089
-2633
-2176
-1774
-1385
-933
-341
377
1116
1738
2136
2284
2223
2014
1726
1399
1086
831
637
490
333
144
-73
-290
-477
-624
-751
-896
-1060
-1223
-1338
-1344
-1167
-753
-92
746
1644
2436
2997
3297
3356
3238
3029
2794
2586
2431
2350
2358
2452
2604
2773
2911
2955
2854
2568
2110
1566
1067
794
852
1195
1684
2134
2377
2339
2110
1792
1478
1200
948
730
545
362
166
-59
-328
-570
-683
-627
-430
-189
-46
-107
-361
-710
-1050
-1308
-1464
-1507
-1473
-1409
-1315
-1224
-1176
-1209
-1343
-1541
-1766
-1968
-2128
-2275
-2455
-2704
-3010
-3335
-3618
-3806
-3880
-3847
-3727
-3524
-3260
-2949
-2609
-2269
-1959
-1686
-1449
-1252
-1103
-1000
-945
-924
-917
-910
-903
-914
-943
-968
-952
-841
-625
-337
-63
117
181
151
104
130
292
588
967
1356
1699
1975
2173
2338
2526
2749
2980
3177
3297
3294
3160
2956
2745
2564
2448
2393
2365
2323
2253
2170
2067
1953
1869
1820
1772
1709
1647
1587
1536
1542
1634
1802
2002
2228
2450
2590
2635
2592
2446
2200
1889
1570
1246
923
638
390
140
-94
-287
-434
-532
-566
-537
-503
-504
-531
-607
-750
-938
-1156
-1422
-1731
-2055
-2375
-2672
-2928
-3112
-3236
-3317
-3357
-3379
-3410
-3442
-3463
-3475
-3465
-3412
-3334
-3235
-3114
-2981
-2837
-2678
-2483
-2251
-2009
-1763
-1545
-1384
-1288
-1257
-1266
-1316
-1386
-1453
-1511
-1540
-1505
-1411
-1280
-1146
-1036
-973
-942
-897
-790
-596
-334
-54
203
393
529
683
884
1186
1562
1945
2278
2501
2604
2626
2622
2638
2703
2804
2914
3002
3058
3072
3029
2934
2803
2628
2434
2258
2133
2065
2055
2091
2132
2153
2163
2172
2183
2209
2238
2239
2188
2082
1923
1719
1506
1320
1160
1032
946
888
840
781
706
602
457
283
109
-67
-242
-432
-650
-896
-1147
-1351
-1471
-1508
-1471
-1393
-1354
-1394
-1499
-1651
-1821
-1967
-2051
-2087
-2096
-2062
-1996
-1930
-1878
-1831
-1792
-1753
-1674
-1547
-1403
-1265
-1175
-1157
-1207
-1306
-1398
-1504
-1625
-1752
-1869
-1952
-1935
-1803
-1626
-1490
-1457
-1530
-1657
-1694
-1585
-1345
-1060
-868
-840
-960
-1100
-1087
-848
-427
45
406
565
543
458
458
615
884
1185
1400
1442
1373
1266
1215
1270
1408
1574
1716
1788
1784
1730
1637
1515
1388
1302
1314
1467
1725
2003
2174
2165
1973
1694
1483
1455
1596
1788
1878
1752
1418
1012
719
655
827
1124
1355
1368
1124
726
341
126
149
346
570
665
560
302
30
-107
-47
161
380
472
381
151
-92
-251
-282
-222
-158
-139
-166
-190
-169
-117
-69
-80
-149
-233
-285
-284
-278
-348
-545
-841
-1138
-1307
-1298
-1168
-1064
-1092
-1283
-1576
-1821
-1900
-1797
-1619
-1508
-1528
-1676
-1863
-1988
-1995
-1900
-1766
-1657
-1585
-1530
-1452
-1335
-1209
-1119
-1091
-1120
-1182
-1216
-1196
-1142
-1098
-1105
-1158
-1210
-1195
-1078
-882
-684
-563
-587
-734
-913
-1012
-975
-822
-626
-479
-427
-445
-449
-353
-121
199
508
709
779
764
750
816
981
1204
1397
1503
1521
1499
1514
1603
1755
1904
1977
1948
1851
1742
1681
1690
1732
1767
1768
1732
1690
1685
1722
1813
1927
2025
2072
2038
1914
1726
1557
1504
1662
2029
2495
2849
2925
2653
2167
1716
1526
1676
2035
2321
2287
1895
1297
776
558
675
913
985
694
88
-600
-1077
-1180
-978
-743
-741
-1085
-1670
-2219
-2502
-2417
-2123
-1861
-1852
-2144
-2580
-2938
-3037
-2864
-2554
-2325
-2316
-2536
-2840
-3052
-3045
-2818
-2503
-2250
-2167
-2258
-2422
-2523
-2482
-2313
-2112
-1990
-2018
-2164
-2326
-2386
-2295
-2086
-1846
-1676
-1603
-1593
-1564
-1452
-1255
-1032
-870
-815
-840
-854
-754
-495
-102
331
706
977
1153
1294
1461
1678
1911
2087
2169
2162
2126
2141
2273
2531
2852
3151
3353
3420
3384
3307
3255
3269
3332
3409
3441
3395
3282
3141
3031
2985
3015
3071
3086
3003
2793
2478
2118
1788
1535
1368
1255
1135
960
709
403
96
-153
-315
-384
-406
-436
-534
-712
-932
-1125
-1225
-1211
-1105
-995
-952
-1018
-1181
-1380
-1530
-1585
-1561
-1506
-1490
-1561
-1710
-1891
-2044
-2127
-2128
-2085
-2044
-2038
-2074
-2128
-2176
-2191
-2174
-2139
-2110
-2109
-2132
-2152
-2144
-2095
-2012
-1913
-1836
-1797
-1789
-1791
-1765
-1700
-1604
-1504
-1433
-1402
-1387
-1346
-1247
-1085
-874
-654
-475
-349
-252
-154
-38
97
243
365
427
440
430
438
488
578
701
825
916
968
988
1000
1027
1081
1170
1282
1408
1519
1617
1703
1786
1873
1972
2090
2206
2303
2368
2392
2384
2344
2286
2242
2208
2190
2168
2107
2005
1856
1665
1463
1289
1171
1100
1047
967
838
669
495
372
346
404
490
536
490
351
169
18
-42
-5
79
149
149
68
-54
-167
-224
-214
-170
-146
-177
-267
-396
-521
-618
-674
-708
-754
-815
-891
-964
-1023
-1070
-1115
-1169
-1237
-1324
-1417
-1493
-1544
-1561
-1563
-1562
-1560
-1570
-1567
-1555
-1528
-1478
-1422
-1370
-1323
-1278
-1238
-1204
-1177
-1157
-1129
-1091
-1043
-982
-925
-874
-847
-847
-855
-858
-845
-813
-769
-728
-701
-679
-659
-629
-577
-500
-411
-315
-213
-117
-28
61
145
230
317
414
532
665
812
958
1089
1207
1307
1406
1508
1608
1690
1749
1779
1785
1781
1781
1788
1801
1812
1808
1781
1746
1711
1677
1647
1607
1544
1456
1352
1241
1147
1081
1039
1018
1005
987
950
907
861
818
795
786
786
789
773
732
678
612
547
494
449
388
301
187
49
-95
-231
-346
-449
-558
-682
-827
-972
-1104
-1204
-1265
-1301
-1332
-1383
-1452
-1527
-1592
-1633
-1640
-1631
-1628
-1642
-1672
-1718
-1758
-1773
-1762
-1739
-1716
-1699
-1695
-1691
-1687
-1679
-1670
-1660
-1651
-1630
-1584
-1518
-1443
-1377
-1331
-1305
-1294
-1280
-1238
-1165
-1077
-987
-919
-868
-818
-755
-670
-570
-455
-345
-258
-180
-92
16
152
300
445
572
667
745
826
942
1086
1244
1404
1529
1607
1651
1670
1700
1757
1849
1960
2060
2142
2184
2190
2177
2173
2187
2214
2233
2239
2213
2139
2067
2006
1979
1974
1974
1949
1858
1718
1549
1401
1296
1225
1172
1087
938
739
512
311
191
144
128
87
-14
-178
-378
-552
-641
-634
-575
-532
-546
-652
-808
-963
-1064
-1071
-1035
-1009
-1051
-1172
-1331
-1480
-1563
-1565
-1519
-1474
-1488
-1570
-1682
-1769
-1794
-1732
-1614
-1493
-1396
-1362
-1374
-1382
-1376
-1330
-1250
-1165
-1088
-1045
-1030
-1024
-1026
-1013
-978
-932
-879
-816
-752
-703
-680
-686
-697
-684
-619
-499
-333
-159
-33
33
58
82
120
196
307
425
525
596
640
648
649
643
651
696
772
861
946
1016
1052
1045
1024
1020
1035
1077
1153
1246
1346
1430
1487
1492
1456
1384
1290
1195
1138
1137
1157
1167
1136
1064
964
865
795
743
696
599
444
279
152
103
143
238
307
298
182
18
-119
-165
-83
75
232
296
226
40
-170
-313
-327
-186
6
138
136
-17
-255
-475
-584
-543
-392
-253
-206
-283
-457
-628
-700
-644
-504
-368
-326
-401
-552
-712
-811
-817
-768
-726
-755
-843
-963
-1082
-1164
-1193
-1154
-1092
-1045
-1025
-1019
-1008
-995
-942
-870
-819
-799
-808
-828
-836
-812
-758
-676
-583
-520
-500
-483
-473
-491
-502
-481
-467
-501
-525
-467
-306
-100
68
95
-117
-518
-935
-1081
-768
-105
625
1105
1117
631
-99
-630
-627
-80
766
1516
1869
1718
1191
625
350
504
953
1422
1685
1628
1282
849
566
614
949
1385
1713
1760
1493
1034
616
461
657
1083
1500
1693
1561
1158
685
403
453
789
1204
1458
1418
1096
665
358
325
562
901
1137
1131
869
473
120
-40
19
179
281
209
-54
-425
-763
-944
-924
-766
-606
-548
-628
-814
-1026
-1166
-1185
-1107
-1006
-937
-924
-985
-1081
-1164
-1212
-1222
-1203
-1149
-1082
-1040
-1049
-1102
-1164
-1213
-1213
-1139
-1037
-968
-980
-1064
-1178
-1265
-1256
-1137
-946
-779
-720
-759
-856
-928
-915
-776
-538
-321
-213
-228
-300
-359
-343
-209
-7
162
219
172
101
80
126
250
428
574
615
566
496
469
510
613
777
930
1011
1008
960
934
953
1035
1160
1274
1330
1297
1211
1146
1144
1209
1319
1425
1448
1368
1221
1064
970
958
1008
1059
1050
968
830
689
593
554
555
540
474
362
228
112
44
13
0
-26
-84
-167
-238
-294
-323
-325
-343
-384
-452
-540
-609
-648
-657
-658
-674
-727
-803
-875
-921
-922
-896
-868
-867
-918
-1007
-1085
-1127
-1094
-1021
-944
-902
-925
-988
-1049
-1067
-1023
-936
-834
-771
-770
-801
-830
-825
-766
-653
-535
-444
-409
-414
-426
-417
-358
-256
-140
-42
8
19
10
17
61
135
228
299
337
342
335
341
371
424
495
558
597
608
602
603
626
670
715
758
779
783
778
773
785
809
846
872
875
864
840
823
815
811
810
803
784
738
678
621
569
536
499
469
429
378
323
260
211
169
146
122
94
66
22
-23
-67
-94
-113
-125
-130
-130
-142
-166
-199
-234
-262
-287
-301
-317
-327
-346
-383
-428
-468
-502
-521
-522
-517
-516
-531
-551
-580
-610
-622
-618
-593
-557
-526
-513
-522
-539
-559
-556
-533
-495
-453
-424
-409
-418
-429
-434
-419
-372
-316
-263
-229
-220
-219
-225
-212
-172
-113
-50
2
34
47
48
50
64
101
151
202
237
259
261
248
232
227
235
262
297
318
327
315
294
274
269
297
332
367
395
402
376
332
295
280
297
332
366
382
367
329
293
272
282
313
351
373
372
335
287
249
231
237
257
282
291
275
241
194
167
157
161
179
178
165
146
117
85
59
45
44
48
54
43
20
-13
-54
-82
-99
-107
-112
-111
-121
-139
-171
-211
-250
-276
-276
-264
-253
-263
-292
-330
-365
-388
-394
-387
-373
-361
-360
-382
-427
-459
-465
-449
-412
-388
-385
-405
-422
-429
-435
-425
-398
-363
-330
-318
-323
-334
-334
-308
-269
-229
-202
-192
-193
-183
-163
-141
-121
-101
-72
-47
-30
-23
-21
-10
18
40
58
72
74
88
103
122
141
160
170
186
208
219
227
237
261
278
293
303
314
327
333
341
353
360
368
374
380
383
382
380
381
387
384
386
384
377
373
360
354
349
342
339
333
317
296
279
265
256
252
235
214
191
171
165
143
124
103
88
73
52
23
-5
-17
-29
-31
-53
-88
-116
-129
-137
-146
-157
-175
-194
-210
-225
-244
-262
-275
-270
-263
-273
-296
-325
-344
-339
-319
-306
-313
-319
-321
-325
-330
-337
-329
-309
-288
-268
-271
-287
-297
-287
-262
-240
-227
-223
-216
-209
-204
-201
-195
-181
-161
-140
-130
-138
-143
-133
-113
-95
-83
-75
-67
-57
-46
-34
-26
-6
13
37
56
61
66
79
102
125
137
146
159
168
178
186
190
199
212
218
225
227
232
234
242
249
251
257
265
271
270
272
270
270
275
275
274
268
261
255
247
243
230
219
203
193
186
174
162
144
128
119
108
88
73
59
48
40
30
14
-12
-28
-34
-45
-57
-70
-85
-102
-117
-130
-143
-148
-155
-156
-160
-171
-183
-203
-209
-205
-201
-202
-206
-212
-223
-232
-235
-239
-241
-231
-227
-231
-241
-245
-246
-245
-234
-222
-215
-219
-213
-215
-210
-195
-186
-181
-169
-150
-141
-136
-129
-117
-103
-87
-67
-58
-51
-34
-20
-10
7
20
32
37
55
69
70
82
95
106
121
133
138
149
161
176
182
189
197
205
212
215
218
218
219
221
225
225
227
225
222
223
229
230
227
226
222
224
218
211
210
204
196
186
177
166
157
150
136
127
112
101
90
80
71
54
42
30
20
4
-8
-19
-39
-52
-62
-73
-89
-103
-112
-119
-130
-136
-144
-153
-156
-161
-168
-171
-172
-178
-183
-181
-184
-189
-190
-192
-197
-198
-198
-199
-194
-194
-191
-189
-185
-176
-172
-164
-151
-142
-138
-127
-111
-104
-94
-85
-72
-66
-59
-46
-39
-30
-26
-20
-12
-5
6
12
17
25
31
37
47
54
60
64
68
80
83
92
99
100
106
111
109
107
109
113
114
114
120
116
121
126
121
123
119
117
117
115
113
113
111
105
103
94
90
86
83
71
66
65
56
50
44
44
37
34
29
21
16
16
17
7
6
-1
-1
-6
-13
-17
-19
-20
-25
-26
-37
-32
-35
-41
-37
-42
-43
-52
-52
-53
-55
-59
-63
-60
-64
-65
-74
-70
-62
-66
-66
-69
-65
-60
-57
-64
-61
-60
-60
-61
-65
-58
-61
-60
-61
-56
-51
-50
-48
-48
-39
-37
-37
-36
-30
-22
-25
-21
-15
-14
-15
-13
-5
0
1
1
3
8
11
7
7
6
11
12
12
13
7
11
10
9
9
5
8
7
8
7
7
18
13
19
19
22
26
22
23
28
31
25
27
26
25
25
25
23
22
24
27
26
22
26
23
20
29
29
28
24
28
25
23
23
20
17
16
16
12
10
9
7
9
7
10
12
8
6
5
10
7
8
2
6
9
3
6
3
8
1
3
6
1
1
1
7
4
6
2
2
3
3
8
3
7
3
7
6
8
7
8
12
5
8
5
7
5
7
10
7
9
3
5
1
3
1
5
2
-5
-2
-6
-1
-4
0
-5
-3
-2
-5
-6
-10
-6
-10
-8
-11
-12
-17
-14
-9
-11
-9
-18
-16
-16
-16
-18
-16
-16
-19
-17
-19
-15
-20
-19
-24
-21
-18
-24
-26
-31
-27
-29
-25
-27
-31
-31
-31
-25
-29
-29
-30
-27
-23
-17
-23
-22
-20
-22
-19
-19
-23
-21
-17
-14
-12
-13
-15
-8
-2
1
1
-5
-2
1
3
7
5
13
16
17
13
13
14
16
22
20
14
20
32
31
