1
1
1
1
1
0
0
-1
0
0
0
0
0
1
0
-1
-1
0
-1
0
0
-1
1
0
-1
-1
0
1
0
0
1
0
2
1
1
1
0
0
0
-1
-1
-1
-1
-1
0
0
1
1
-1
-2
-1
0
2
1
-1
-1
1
1
-1
0
-1
-1
0
1
1
0
0
-1
-1
0
1
-1
-1
0
0
-1
0
1
0
0
1
1
0
1
1
-1
0
0
0
0
1
-1
-1
-1
-2
0
0
0
-1
-1
2
0
0
0
1
1
0
-2
1
1
0
-1
-1
0
0
1
0
1
0
1
1
1
0
-1
-1
0
1
0
1
0
-1
0
0
0
1
1
-1
-1
0
1
0
-1
-2
-1
-1
-1
-2
0
1
0
-1
1
0
0
0
1
1
-1
-1
0
1
-2
-1
0
-1
-1
-1
-1
0
1
-1
-1
1
1
0
0
0
0
1
1
0
0
1
1
0
-2
-1
0
1
1
1
-1
-1
-1
0
1
1
-1
0
0
0
1
1
0
1
1
0
-1
-1
-2
-2
-1
1
2
1
2
1
1
1
0
1
0
0
1
1
1
1
2
2
3
4
2
3
3
4
2
2
4
4
3
3
3
3
3
4
2
3
2
4
2
1
1
1
1
1
1
1
-1
-1
0
0
1
-3
-3
-3
-1
-4
-4
-4
-2
-3
-5
-5
-7
-6
-7
-8
-9
-7
-7
-7
-8
-9
-9
-10
-9
-10
-10
-10
-9
-10
-10
-10
-10
-10
-10
-10
-8
-8
-8
-8
-7
-4
-6
-6
-5
-4
-3
-3
-1
0
0
1
-2
1
4
5
7
5
5
7
8
11
11
10
12
11
13
14
14
14
16
18
18
18
18
18
18
20
19
19
19
18
18
18
18
16
17
16
16
15
15
13
13
12
11
9
8
6
4
4
3
2
1
-1
-2
-2
-6
-6
-8
-9
-9
-11
-14
-15
-15
-16
-18
-20
-21
-20
-23
-23
-23
-25
-23
-24
-26
-27
-26
-28
-28
-27
-27
-26
-26
-26
-26
-27
-22
-21
-22
-21
-18
-17
-15
-15
-13
-11
-9
-6
-6
-5
-3
0
0
2
5
6
9
9
11
14
16
16
16
18
20
22
24
25
26
26
27
28
28
30
29
30
31
30
28
29
30
30
28
29
27
27
26
23
24
22
21
19
19
16
13
13
11
9
8
5
5
2
-1
-2
-5
-8
-10
-11
-12
-15
-18
-20
-20
-21
-24
-25
-27
-30
-33
-32
-33
-36
-35
-35
-35
-37
-38
-38
-39
-40
-38
-36
-34
-34
-33
-32
-34
-34
-34
-31
-29
-26
-24
-24
-22
-21
-21
-21
-18
-18
-14
-12
-10
-7
-9
-7
-6
-5
-7
-6
-2
3
10
11
9
4
1
0
3
8
13
18
17
11
4
-2
-5
-4
-1
3
5
2
-3
-6
-8
-9
-12
-12
-8
-2
-2
-5
-8
-9
-6
-6
-4
-3
1
0
-2
-3
-3
-3
-3
-3
-1
-2
-5
-9
-12
-9
-12
-17
-20
-23
-26
-26
-28
-30
-34
-37
-35
-37
-39
-37
-39
-41
-36
-37
-35
-32
-26
-22
-20
-21
-22
-17
-12
-7
1
4
9
14
11
13
18
25
33
35
39
42
43
40
42
47
50
54
59
63
65
64
62
62
63
61
63
68
76
87
92
89
81
69
61
56
60
72
80
82
77
64
45
28
18
15
18
20
20
17
6
-8
-20
-28
-36
-38
-36
-36
-35
-34
-39
-45
-47
-46
-42
-40
-40
-40
-41
-44
-41
-35
-30
-23
-18
-14
-13
-16
-17
-13
-5
2
9
15
22
30
32
31
30
30
35
41
47
53
53
51
52
52
49
48
53
58
59
56
50
44
42
42
47
49
47
46
43
38
35
33
27
25
29
31
31
24
22
27
33
35
33
34
38
45
51
51
52
54
55
58
57
52
47
42
37
34
22
2
-16
-27
-40
-60
-87
-110
-123
-139
-164
-193
-224
-246
-267
-291
-314
-333
-347
-355
-364
-376
-391
-406
-421
-421
-413
-411
-406
-393
-372
-354
-349
-351
-350
-336
-311
-286
-269
-247
-218
-186
-166
-161
-167
-164
-137
-98
-60
-35
-16
12
44
58
56
59
78
116
151
173
187
212
246
267
274
273
288
324
366
409
446
489
540
589
621
650
683
736
816
895
956
1007
1052
1092
1113
1111
1113
1129
1159
1176
1154
1093
1013
919
800
671
564
486
425
345
202
3
-192
-340
-453
-562
-671
-766
-823
-865
-939
-1050
-1156
-1200
-1173
-1110
-1060
-1028
-985
-917
-847
-798
-764
-699
-578
-430
-316
-258
-226
-179
-97
-26
5
17
55
108
122
66
-32
-104
-133
-129
-165
-263
-369
-447
-520
-635
-801
-953
-1016
-998
-979
-1026
-1132
-1218
-1231
-1213
-1219
-1231
-1188
-1073
-918
-799
-761
-744
-661
-509
-343
-199
-66
65
224
365
450
502
579
709
853
964
1022
1038
1049
1066
1065
1044
1019
1013
1023
1013
956
859
758
696
692
705
698
678
690
735
770
767
738
753
860
1025
1133
1145
1150
1235
1387
1498
1488
1410
1396
1499
1620
1618
1506
1407
1380
1333
1147
834
564
481
499
416
134
-226
-477
-610
-751
-992
-1272
-1412
-1381
-1334
-1421
-1643
-1816
-1831
-1728
-1647
-1626
-1583
-1437
-1227
-1086
-1035
-1015
-901
-688
-462
-306
-217
-120
14
144
202
203
205
253
317
337
277
150
28
-55
-127
-216
-345
-496
-638
-753
-875
-1040
-1233
-1406
-1511
-1542
-1554
-1602
-1670
-1707
-1691
-1641
-1592
-1560
-1486
-1343
-1168
-1002
-877
-774
-639
-454
-273
-126
21
197
393
574
708
786
857
953
1061
1153
1214
1270
1322
1349
1332
1296
1267
1263
1223
1129
1026
995
1060
1138
1128
1045
1016
1125
1282
1315
1198
1118
1303
1697
1990
1970
1756
1647
1737
1803
1566
1067
736
897
1316
1376
821
40
-433
-463
-394
-598
-1005
-1207
-1045
-852
-1054
-1626
-2103
-2071
-1668
-1373
-1418
-1560
-1431
-1061
-825
-929
-1135
-1038
-561
-55
118
-21
-118
86
470
691
615
495
589
837
929
711
383
255
408
610
587
329
79
14
16
-148
-520
-863
-904
-699
-581
-801
-1253
-1581
-1602
-1503
-1570
-1825
-2016
-1921
-1645
-1526
-1757
-2103
-2195
-1953
-1655
-1561
-1606
-1524
-1200
-856
-770
-918
-1005
-830
-478
-232
-213
-239
-99
155
297
218
78
120
370
595
605
468
413
556
760
816
731
726
941
1274
1472
1440
1349
1415
1678
1938
2039
2066
2208
2511
2780
2854
2820
2893
3146
3407
3530
3574
3723
4003
4198
4074
3672
3299
3143
2973
2499
1802
1334
1335
1429
1047
92
-936
-1469
-1464
-1408
-1721
-2263
-2558
-2447
-2303
-2535
-3051
-3351
-3109
-2556
-2172
-2135
-2174
-1977
-1578
-1285
-1250
-1260
-1022
-528
-83
34
-94
-133
113
464
593
443
240
216
309
255
-62
-454
-623
-515
-405
-557
-942
-1287
-1403
-1441
-1692
-2155
-2481
-2402
-2098
-2011
-2330
-2777
-2959
-2819
-2641
-2688
-2880
-2849
-2447
-1988
-1878
-2118
-2296
-2105
-1690
-1381
-1268
-1157
-849
-423
-166
-200
-309
-170
257
693
882
881
930
1137
1353
1393
1268
1188
1300
1511
1613
1535
1405
1355
1426
1518
1558
1586
1684
1847
1962
1953
1920
2032
2290
2558
2710
2769
2819
2912
3014
3085
3167
3280
3458
3665
3847
3913
3808
3514
3141
2826
2648
2556
2275
1587
742
324
409
413
-131
-976
-1635
-1834
-1727
-1757
-2175
-2663
-2683
-2360
-2244
-2588
-2987
-2975
-2550
-2160
-2081
-2126
-1917
-1389
-936
-915
-1166
-1086
-506
146
312
81
-52
249
700
785
415
-1
-59
108
136
-220
-685
-860
-717
-754
-1100
-1433
-1478
-1441
-1594
-1952
-2292
-2338
-2159
-2084
-2355
-2711
-2806
-2600
-2444
-2568
-2816
-2750
-2293
-1916
-1981
-2151
-2071
-1800
-1546
-1384
-1376
-1293
-898
-440
-441
-748
-786
-427
132
439
412
313
579
976
1322
1539
1650
1660
1856
2219
2321
2074
1885
2056
2339
2480
2373
2232
2167
2321
2417
2253
1937
1959
2325
2656
2746
2697
2766
2977
3246
3273
3171
3206
3531
3954
4221
4212
4035
3976
3861
3434
2719
2048
1475
1316
1200
253
-1212
-1730
-1247
-1241
-1768
-1979
-1971
-2496
-2763
-2321
-2011
-2558
-2758
-1880
-1015
-1202
-1728
-1498
-965
-835
-1029
-817
-536
-434
-336
74
27
-548
-647
125
554
-20
-499
-212
201
-126
-621
-953
-1217
-1684
-1721
-1682
-2097
-2671
-2589
-2367
-2707
-3188
-3281
-3001
-2919
-2877
-2838
-2471
-2220
-1764
-1806
-2819
-3887
-2912
-1257
-1028
-1212
-606
-526
-1368
-1196
-646
-585
-857
-426
82
811
629
-365
-886
-322
-250
-660
-281
141
47
-53
320
-129
-654
-388
750
1160
902
809
1485
2087
2071
1903
1862
2085
2441
3009
3042
2856
2831
3251
3492
3485
3164
2955
3179
3563
3619
3488
3748
3998
3998
3832
3823
3505
3208
3372
3840
3823
3480
3068
2229
905
-333
-1122
-1698
-1986
-2446
-3238
-3751
-3366
-3130
-3563
-3849
-3566
-3503
-3636
-3045
-1890
-1202
-1303
-1200
-411
408
221
-223
252
1270
1472
1124
1160
1221
784
388
414
146
-352
-321
212
165
-540
-1209
-1516
-1731
-2110
-2634
-3057
-2973
-2748
-2884
-3299
-3537
-3642
-3786
-3752
-3604
-3383
-3129
-2641
-2072
-1609
-1330
-993
-533
-786
-1404
-1507
-770
-585
-263
600
1324
883
321
82
-185
-228
-199
96
617
1207
488
-298
-448
-608
-1429
-1439
-723
-368
-154
136
-64
-724
-716
-346
13
398
1112
1932
2666
2951
2766
2525
2524
2775
3233
3617
3853
4142
4458
4440
4123
3779
3578
3706
3984
4114
3956
3769
3607
3515
3360
2921
2664
2839
3222
3230
3224
3020
2767
2471
1915
626
-721
-1165
-1206
-1290
-2136
-3381
-4510
-4004
-3241
-3277
-3674
-2766
-1789
-2067
-2600
-2078
-911
-629
-653
-277
969
1434
953
287
597
880
484
-60
-70
118
0
-332
-897
-1303
-1359
-1220
-1360
-1625
-1873
-2107
-2272
-2313
-2602
-3254
-3702
-3538
-3284
-3458
-3732
-3614
-3319
-3303
-3513
-3522
-3132
-2564
-2193
-1794
-1294
-638
-155
430
225
-637
-1459
-1207
-974
-891
-348
580
1050
496
-104
-739
-588
-777
-681
-391
871
1154
618
-291
-699
-959
-998
-691
-357
449
1029
1126
414
155
116
414
787
1611
2389
3054
3446
3491
3157
2750
2641
2813
3139
3454
3734
3880
3888
3561
2945
2346
2123
2106
2160
2360
2617
2583
2254
1855
1454
1122
1204
1841
2696
3166
3018
2653
2508
2300
1522
579
-83
-476
-933
-1155
-1713
-2994
-4277
-3972
-2734
-2151
-2342
-2028
-1119
-1045
-1701
-2015
-1089
-312
-113
-135
611
1006
431
-667
-917
-568
-524
-906
-1188
-942
-747
-910
-1690
-2340
-2392
-1789
-1444
-1489
-1650
-1600
-1681
-2016
-2393
-2723
-2925
-2930
-2710
-2519
-2503
-2405
-2363
-2343
-2352
-2103
-1786
-1345
-896
-475
44
444
698
638
969
405
-826
-2129
-1757
-1061
-569
-269
189
411
-240
-890
-1461
-856
-667
-222
75
1370
1514
906
-89
-390
-389
-91
488
877
1519
1976
1983
1118
792
1006
1626
2076
2758
3464
4115
4376
4110
3504
3103
2873
2720
2782
3196
3414
3100
2565
2172
1795
1376
1054
919
910
1034
1199
1167
1022
905
863
954
1479
2242
2585
2536
2623
2899
2750
2440
2185
1948
1083
21
-811
-1017
-1306
-2432
-3818
-3977
-2493
-1430
-1410
-1845
-1366
-1193
-1557
-2252
-1746
-581
120
-259
-553
-169
-273
-1285
-2302
-2094
-1632
-1462
-1824
-1917
-1771
-1529
-1933
-2679
-2820
-1951
-1150
-1000
-1135
-1153
-1275
-1547
-1845
-2136
-2326
-2322
-2263
-2160
-1959
-1870
-2070
-2366
-2350
-2051
-1537
-1083
-600
-113
283
341
455
334
-460
-1443
-1437
-874
-919
-967
-434
433
337
-178
-801
-370
299
625
383
1026
1892
1815
1049
628
598
366
413
515
921
1397
1708
1202
790
849
957
828
1189
1902
2530
2914
3128
2873
2404
2002
1633
1275
1134
1318
1679
2093
2000
1327
582
407
561
645
724
925
1238
1186
708
243
407
861
1082
1459
2286
3065
3104
2979
3059
3374
3514
3243
2476
1602
873
-48
-986
-1637
-2574
-3938
-4396
-3044
-1739
-1564
-1899
-1459
-1274
-1758
-2486
-2134
-954
-232
-545
-881
-264
-157
-1226
-2538
-2389
-1674
-1402
-1786
-1870
-1372
-901
-1213
-2042
-2074
-1076
-221
-308
-694
-492
-269
-638
-1461
-1789
-1701
-1652
-1828
-1920
-1740
-1645
-1741
-2126
-2124
-1707
-1225
-1022
-837
-414
-162
132
-149
-1100
-2223
-1907
-687
-283
-742
-1062
-68
605
788
16
450
1132
1578
970
1189
1928
1980
1096
335
588
762
632
-101
-186
293
795
428
-43
217
741
884
689
831
1319
1804
2020
1833
1669
1388
1199
783
739
1036
1657
1945
1882
1768
1795
1907
1754
1618
1654
2085
2380
2406
2298
2360
2365
2201
2157
2424
2987
3577
4165
4481
4531
4225
3837
3151
2169
847
-232
-788
-1028
-1939
-3782
-5033
-4260
-2534
-2100
-2437
-1951
-922
-1337
-2511
-2649
-1203
-308
-633
-1179
-341
568
-8
-1724
-2324
-1601
-939
-1087
-1391
-1079
-524
-422
-1280
-1983
-1819
-1090
-856
-866
-695
-514
-819
-1465
-2041
-2313
-2448
-2603
-2811
-2598
-2130
-1805
-2129
-2499
-2628
-2352
-1952
-1609
-1228
-760
35
11
-861
-2074
-2074
-1555
-1009
-643
117
1101
1403
1078
313
472
633
866
857
1930
2652
2389
1070
164
-143
-243
-422
-732
-458
152
509
-154
-779
-851
-586
-440
-72
658
1317
1600
1458
1243
1063
788
452
338
671
1146
1749
2049
1976
1701
1793
1948
1894
1954
2343
2802
2847
2652
2468
2688
2957
2883
2838
3096
3502
3521
3637
3551
3481
3493
3626
2970
1604
307
-916
-1957
-3338
-4753
-5691
-4494
-2579
-1898
-2370
-2144
-1650
-2383
-3218
-2790
-912
305
397
-110
424
929
-67
-1925
-2332
-1245
-512
-426
-380
-69
-20
-412
-1342
-1990
-1693
-995
-715
-491
153
350
-399
-1398
-1999
-2502
-2919
-2884
-2493
-2096
-1791
-1585
-1793
-2120
-2424
-2386
-2150
-1590
-961
-152
658
521
-418
-1464
-1654
-1881
-1247
-93
1409
1749
1506
767
70
-200
-227
314
968
2120
2254
2073
1096
167
-1010
-1418
-1510
-1386
-971
-478
-374
-888
-1260
-1475
-1371
-964
-152
848
1770
2304
2272
2079
1959
1730
1304
1184
1850
2632
2880
2639
2572
2591
2458
2425
2763
3298
3543
3484
3492
3822
4201
4101
3920
3877
3991
3864
3910
4007
4162
4149
3799
2649
981
-398
-1193
-2275
-4360
-6035
-5137
-2347
-989
-1623
-2145
-1782
-2609
-4068
-4122
-1809
240
780
393
1028
1752
786
-1566
-2677
-1698
-482
-19
-107
-75
-246
-880
-2305
-3481
-3451
-2574
-1860
-1192
-492
-474
-1294
-1960
-2361
-2971
-3583
-3358
-2662
-2132
-1818
-1614
-1613
-2056
-2464
-2684
-2298
-1881
-1519
-1109
-319
665
1193
1358
163
-1241
-1641
-67
915
957
686
857
749
-253
-1196
-1642
-427
337
663
477
1344
1370
477
-757
-1186
-1022
-801
-578
-587
-71
209
-283
-1353
-1572
-1072
-481
224
914
1578
2178
2792
2858
2427
2009
1751
1821
2163
2598
2801
3075
3196
2812
2119
1804
1912
1972
1939
1991
2534
3317
3735
3584
3387
3476
3410
3240
3333
4081
4834
4826
3397
1220
-613
-1734
-2908
-4752
-5953
-4856
-1892
-294
-909
-2064
-2091
-2573
-3800
-4018
-1794
1113
2156
1512
1066
1328
395
-1646
-2830
-1763
-275
440
251
-42
-559
-1463
-2981
-4264
-4250
-2974
-1654
-1035
-862
-952
-1446
-2368
-3385
-3951
-3720
-3050
-2504
-1964
-1355
-1047
-1386
-2221
-2905
-2882
-2151
-1576
-1129
-647
201
602
775
-174
-2077
-2889
-1032
1463
2229
1994
1510
1033
-343
-1711
-2473
-1037
597
979
401
903
1226
61
-1533
-1971
-1255
-557
-161
-169
316
693
93
-1329
-1602
-796
85
750
1621
2263
2580
2738
2880
2905
3109
3370
3477
3641
3852
4128
4223
4232
3878
3644
3679
3923
3603
2964
2659
3012
3621
3678
3425
3009
3207
3572
3925
4060
4855
5711
5262
3303
1007
-423
-1418
-2230
-3807
-5159
-4905
-2634
-1182
-1514
-2224
-2183
-2432
-3453
-3461
-1659
1038
1911
1106
401
997
564
-1248
-2648
-2020
-845
-154
-143
-627
-1247
-1854
-2738
-4031
-4511
-3883
-2670
-1976
-1670
-1878
-2364
-3156
-3922
-4496
-4510
-3978
-3340
-2805
-2379
-2008
-1918
-2284
-2957
-3188
-2499
-1615
-1125
-987
-501
9
349
-20
-1514
-2578
-1639
437
991
648
116
110
-566
-1144
-1708
-977
-15
212
-144
240
886
293
-502
-902
-567
-488
-185
-351
-88
424
769
137
-216
41
434
801
1348
1695
1961
2666
3501
3796
3706
3729
3717
3629
3411
3463
3823
4405
4504
4400
4357
4429
3880
3060
2636
2889
3232
3170
2889
2796
2938
2817
2620
3082
4418
5291
4486
2411
565
-632
-1574
-2705
-3836
-4393
-3499
-1747
-1067
-1724
-2406
-2622
-3388
-4047
-3255
-856
1108
1380
532
157
257
-406
-1556
-1863
-891
76
482
8
-1024
-1993
-2443
-3075
-3872
-3848
-2830
-1880
-1675
-1971
-2475
-3121
-3732
-4092
-4088
-3816
-3429
-3138
-3162
-3174
-2898
-2591
-2922
-3346
-3057
-2081
-1248
-1093
-1250
-1103
-229
-135
-1120
-2196
-2033
-1063
80
1171
1362
1055
24
-715
-1618
-1271
-873
-267
164
1033
1211
585
-17
-651
-855
-850
-51
305
798
875
884
584
577
526
621
1305
2400
3165
3342
3346
3509
3745
3949
3832
3748
3785
4026
4167
4271
4429
4562
4578
4329
4399
4756
5004
4462
4039
4053
4309
4139
3846
3071
2259
2207
3326
4791
5755
5335
3047
295
-1797
-2825
-3991
-4877
-4899
-2594
84
596
-1259
-2722
-3229
-4183
-4553
-2824
734
2853
2670
899
-149
-780
-1751
-2756
-2146
-75
1604
1884
469
-1682
-3440
-4126
-4582
-4532
-3265
-1429
-622
-1227
-2604
-4170
-5271
-5547
-5193
-4378
-3278
-2500
-2701
-3505
-4274
-4496
-4439
-4254
-3868
-2772
-1392
-711
-984
-1823
-2378
-2216
-1178
-1088
-1945
-2135
-330
1209
1306
537
-214
-696
-1224
-1607
-1678
-368
326
-158
-945
-343
-184
-943
-1636
-1346
-390
629
1075
433
105
303
343
-29
406
1300
2022
2605
3242
3485
3504
3607
3900
4275
4675
4612
4441
4607
4884
4698
4410
4362
4241
4187
4305
4491
4254
4132
3960
3884
3800
3921
3713
3248
2926
2957
3728
4592
4755
3074
962
-948
-1856
-2959
-4365
-5474
-3961
-719
503
-1140
-3057
-3346
-3768
-3918
-3054
-234
2286
2920
1148
-330
-517
-715
-1608
-1653
-86
1696
2542
1441
-1097
-3310
-3784
-3732
-3777
-3154
-1733
-973
-1387
-2678
-4117
-5086
-5163
-4935
-4460
-3668
-2956
-3319
-4492
-5461
-5599
-5088
-4404
-3677
-2829
-1863
-1372
-1755
-2592
-3069
-2945
-2366
-1260
70
681
229
-528
-785
-673
-344
-195
28
408
805
387
-436
-958
-1069
-1147
-1114
-686
-99
326
36
-597
-807
-213
243
372
742
1565
2007
1776
1427
1727
2654
3513
3925
4368
5122
5545
5267
4745
4640
4977
5519
5870
6155
6477
6632
6178
5273
4618
4624
5158
5418
5187
4723
4434
4133
3883
3811
3954
4255
4487
4012
2279
-20
-1869
-3329
-5235
-6507
-4966
-1020
1252
-228
-3348
-4966
-5171
-4723
-3483
-616
2400
3190
1393
-631
-1127
-1153
-1319
-1153
473
2598
3937
2710
-220
-2747
-3473
-3422
-3092
-1901
-492
-198
-1556
-3400
-4914
-5394
-5225
-4856
-4391
-3446
-2796
-3562
-5366
-6587
-6511
-5752
-5054
-4325
-3322
-2151
-1916
-2987
-4221
-4249
-3309
-2103
-831
-278
-389
-422
-266
-1316
-2318
-1876
-526
80
301
342
172
-277
-1517
-2836
-2537
-626
221
-215
-767
-947
-1298
-1465
-1737
-1636
-378
1314
1758
1288
1074
924
803
1234
2187
3130
4263
5085
5177
4874
4802
4550
4184
4361
5293
6428
6936
6610
5825
5582
5667
5639
5251
5065
5161
5231
4957
4321
4065
3892
3576
3185
4129
5099
3998
150
-3171
-4003
-3853
-4454
-4244
-1429
669
-839
-4550
-5828
-4982
-3809
-3223
-1174
1796
3269
1424
-1511
-2457
-1466
-170
528
1630
2930
3703
2161
-996
-3404
-3011
-1575
-772
-375
313
190
-1527
-3951
-5370
-4991
-3699
-2994
-3099
-3122
-3051
-3846
-5607
-6881
-6484
-4859
-3568
-3228
-3347
-3146
-3177
-3808
-4494
-3939
-2620
-1558
-1403
-1327
-745
186
-51
-1813
-3008
-1889
257
1186
1033
428
-186
-1142
-1984
-2387
-1383
8
454
-183
-448
-485
-1025
-1890
-2207
-1396
153
1436
1414
918
676
730
809
1577
2688
3763
4586
5152
5153
5037
4992
4711
4541
5372
6757
7437
7060
6472
6551
7186
7343
6613
6061
6446
6997
6603
5585
4525
3995
3700
3890
4550
5705
5262
1985
-2802
-5093
-4388
-3439
-3674
-2994
-730
-245
-3083
-6772
-7332
-5560
-3385
-2030
222
2171
1888
-1335
-4004
-3857
-1330
1259
2489
2633
2472
2059
1
-2639
-3593
-1799
201
1040
633
-133
-1555
-3290
-4716
-4657
-3217
-1713
-1599
-2723
-3986
-4794
-5428
-6203
-6304
-5096
-3420
-3179
-4260
-5137
-4842
-4227
-3839
-3613
-3143
-2557
-2235
-2307
-2385
-1789
-983
-680
-1117
-1179
-618
154
151
-271
-412
-24
28
-649
-1311
-1256
-638
-347
-491
-880
-906
-914
-1221
-1739
-1495
-631
87
175
146
311
578
829
1050
1592
2587
3695
4266
4288
4008
3890
4135
4706
5063
5294
5701
6295
6768
7062
7081
6917
6762
6612
6517
6522
6447
5877
5340
4998
4708
4552
4975
4663
2284
-1152
-2825
-2151
-1612
-2524
-3098
-1766
-1180
-3264
-5870
-5579
-3663
-2526
-2416
-1490
-212
-253
-2049
-3396
-2484
-77
1678
1739
1061
757
982
495
-637
-1024
210
1222
827
-284
-880
-1423
-2130
-2555
-2126
-1307
-936
-1711
-3246
-4278
-4216
-3751
-3818
-4204
-4282
-3972
-4180
-5079
-5644
-4968
-4092
-3996
-4052
-3331
-2643
-2984
-3822
-3825
-2627
-1223
-578
-631
-680
-816
-1253
-1612
-1246
-347
445
458
-259
-1051
-1417
-1495
-1420
-1069
-487
-45
-186
-969
-1691
-1467
-646
54
441
744
1033
1141
1010
1124
1880
2900
3612
3994
4189
4044
4019
4357
4621
4634
5118
6199
7198
7490
7135
6711
6840
7329
7608
7911
8296
8113
7063
6019
5741
6104
6007
4330
1362
-1014
-1410
-694
-529
-1403
-2185
-2396
-2854
-4072
-4467
-3117
-1590
-1735
-2519
-2141
-1103
-1268
-2653
-3260
-2008
-19
849
301
-644
-877
-622
-532
-667
-140
894
1059
-307
-1642
-1612
-978
-1156
-1899
-2175
-1937
-1970
-2725
-3785
-4342
-4081
-3751
-4000
-4598
-4790
-4662
-4883
-5832
-6466
-5731
-4132
-3497
-4031
-4578
-4452
-4135
-3543
-2338
-704
293
-32
-1152
-1630
-932
11
394
325
235
109
-95
-575
-1097
-1338
-1126
-881
-631
-515
-719
-1264
-1489
-1185
-692
-391
-183
-9
128
350
737
1235
1563
1659
1681
2182
3106
3843
3772
3411
3449
4161
5056
5778
6230
6619
6889
6940
7011
7347
7833
8015
7960
7611
7176
6736
6576
5754
3748
1259
245
266
-258
-1504
-1598
-883
-1513
-3676
-4648
-3173
-1351
-985
-1333
-970
-831
-1690
-2755
-2384
-1160
-63
166
-207
-924
-1069
-744
-553
-588
-30
924
999
10
-885
-700
-143
-33
-585
-1018
-1312
-1719
-2594
-3356
-3498
-2969
-2686
-3284
-4341
-4846
-4846
-5287
-5895
-5483
-4102
-3672
-4807
-5927
-5401
-3937
-2989
-2784
-2352
-1570
-1227
-1515
-1413
-415
577
607
-68
-429
-72
420
175
-593
-895
-462
-280
-798
-1323
-1156
-706
-575
-733
-679
-385
-296
-537
-615
-134
546
839
579
350
624
1301
1700
1706
1792
2365
3129
3646
3922
4163
4486
4853
5559
6538
7331
7271
6816
6823
7619
8241
8064
7341
6274
4566
2701
2189
2773
2537
655
-762
-650
-254
-1059
-1881
-1504
-530
-289
-393
8
327
-273
-1174
-943
104
895
683
4
-650
-662
-268
33
-68
-64
209
287
-26
-332
-215
-118
-260
-535
-550
-711
-1268
-2129
-2688
-2865
-2959
-3304
-3803
-4288
-4961
-5684
-6099
-5832
-5376
-5057
-5122
-5348
-5601
-5378
-4551
-3384
-2585
-2425
-2482
-2332
-1918
-1402
-685
-139
6
-242
-412
-493
-357
-116
72
-81
-363
-639
-894
-1010
-835
-433
-239
-323
-540
-607
-562
-289
68
168
-123
-304
-34
323
533
651
818
791
840
1201
2027
2801
3068
2958
3117
3775
4428
4982
5225
5259
5094
5372
5760
6273
6251
5219
3070
1735
1996
2331
1611
893
1021
432
-1112
-2057
-721
833
884
-161
118
978
938
69
284
1342
1820
1367
725
449
512
987
999
629
407
820
671
92
-47
713
1067
621
-29
-220
-283
-439
-649
-836
-990
-1185
-1674
-2710
-3792
-4205
-3949
-3879
-4298
-4769
-4929
-5104
-5339
-5162
-4152
-3048
-2756
-3159
-3160
-2538
-1846
-1404
-971
-673
-737
-1085
-1320
-1037
-215
467
311
-337
-698
-544
-263
-20
90
35
-223
-592
-926
-823
-200
409
325
-259
-631
-460
-147
21
149
349
450
321
153
202
615
1082
1352
1535
2081
2813
3313
3381
3450
3825
4506
5024
5061
4658
3803
2579
1520
1226
1004
415
-38
197
-235
-1742
-2897
-2087
-541
173
114
415
599
47
-362
657
2342
2974
2415
1621
1364
1651
2370
2731
2504
2096
2151
2149
1812
1559
2072
2759
2724
2007
1384
1163
1089
1077
1052
1076
911
130
-1613
-3167
-3417
-2784
-2771
-3613
-4708
-5500
-5871
-5777
-5224
-4293
-3562
-3625
-3993
-3690
-2665
-1588
-781
-562
-970
-1419
-1339
-1034
-595
-27
136
-651
-1577
-1729
-1169
-623
-376
-504
-842
-1182
-1307
-1050
-429
121
5
-592
-950
-673
-290
-193
-334
-360
-289
-125
-63
-203
-270
178
951
1410
1572
1780
2180
2576
3127
3714
4203
4336
4278
3914
3196
2278
1820
1858
1400
167
-623
-176
-240
-1884
-3424
-2686
-1033
-611
-1372
-1523
-1119
-1073
-1350
-822
456
1270
947
194
124
827
1728
1991
1714
1407
1658
1933
1917
1902
2492
3160
3221
2711
2322
2353
2542
2632
2592
2562
2135
1229
215
-228
-467
-861
-1472
-1978
-2619
-3284
-3716
-3695
-3536
-3598
-3939
-4124
-3776
-3153
-2542
-2022
-1516
-1320
-1321
-1310
-940
-286
404
538
193
-122
-127
-74
14
129
48
-213
-411
-462
-435
-222
-78
-229
-492
-493
-473
-597
-706
-707
-706
-619
-471
-546
-799
-818
-426
89
457
561
641
975
1562
2160
2617
2926
3073
3152
3096
2581
1725
1205
1012
650
321
534
353
-1186
-2885
-2840
-1370
-561
-1003
-1589
-1731
-2003
-2304
-1691
-398
46
-623
-1267
-1194
-787
-220
467
696
382
189
460
716
850
1344
2122
2432
2162
1904
2063
2375
2667
2872
2689
2128
1583
1238
878
568
583
603
-48
-1143
-1790
-1563
-1090
-1045
-1333
-1530
-1627
-1764
-1664
-1052
-267
144
39
-265
-246
323
1109
1493
1417
1203
987
787
835
1133
1299
1093
625
84
-307
-321
-178
-231
-401
-397
-458
-829
-1175
-1108
-880
-868
-978
-992
-967
-1096
-1218
-1077
-706
-508
-588
-620
-307
251
738
1031
1222
1459
1500
948
86
-261
-83
-108
-477
-606
-798
-1751
-2874
-2861
-1846
-1307
-1623
-1971
-2088
-2404
-2530
-1670
-456
-243
-806
-1028
-787
-600
-197
622
990
506
-29
-19
127
143
439
962
1084
809
721
1021
1346
1585
1715
1498
1106
967
1012
841
589
575
462
-176
-924
-1129
-868
-773
-979
-1088
-947
-813
-792
-634
-202
353
891
1302
1510
1701
2080
2494
2635
2593
2622
2653
2520
2346
2252
2170
1998
1748
1465
1200
1058
1028
967
753
490
290
172
-8
-269
-455
-458
-444
-644
-932
-1029
-902
-752
-604
-447
-365
-399
-358
-117
218
481
580
323
-310
-982
-1335
-1344
-1246
-1292
-1825
-2761
-3490
-3432
-2870
-2511
-2451
-2411
-2452
-2669
-2638
-1964
-1162
-904
-1041
-1017
-734
-412
-59
293
416
272
132
75
-16
-46
276
702
771
551
533
751
839
769
902
1155
1098
599
196
188
299
113
-272
-632
-934
-1234
-1420
-1360
-1094
-934
-1129
-1512
-1573
-1027
-252
235
416
629
1012
1419
1786
2253
2732
2944
2813
2647
2705
2921
3053
2954
2674
2425
2322
2287
2223
2146
2072
1933
1707
1452
1220
1043
940
798
532
260
162
179
133
81
164
298
315
284
353
526
711
705
264
-574
-1271
-1448
-1364
-1430
-1711
-2264
-3132
-3862
-3774
-3046
-2553
-2660
-2938
-3125
-3231
-3000
-2251
-1518
-1445
-1786
-1821
-1470
-1096
-801
-484
-362
-552
-783
-779
-678
-551
-296
32
108
2
17
182
144
52
243
570
400
-155
-424
-244
-205
-501
-748
-746
-836
-1084
-1125
-793
-423
-394
-673
-942
-838
-314
271
562
612
734
1012
1319
1661
2081
2469
2612
2510
2401
2528
2881
3154
3056
2743
2592
2671
2700
2592
2537
2563
2472
2204
1905
1728
1631
1537
1365
1154
985
871
775
723
762
827
847
901
998
1066
1112
1161
935
249
-483
-743
-708
-933
-1419
-1917
-2506
-3215
-3571
-3335
-3055
-3215
-3502
-3576
-3612
-3643
-3302
-2639
-2271
-2335
-2303
-1884
-1436
-1131
-741
-305
-169
-355
-505
-451
-346
-246
-135
-124
-346
-664
-833
-830
-839
-952
-1113
-1275
-1409
-1529
-1636
-1723
-1791
-1847
-1890
-1847
-1687
-1489
-1341
-1241
-1089
-930
-847
-788
-582
-179
285
694
998
1294
1641
2089
2562
2967
3305
3606
3810
3851
3889
4054
4223
4182
3970
3817
3732
3609
3443
3341
3270
3076
2728
2319
2028
1896
1866
1751
1522
1356
1344
1401
1367
1376
1531
1726
1828
1841
1769
1422
825
294
43
-124
-507
-1070
-1670
-2206
-2593
-2776
-2870
-3125
-3505
-3762
-3851
-3944
-4037
-4004
-3923
-3982
-4077
-3906
-3470
-3065
-2811
-2602
-2384
-2177
-1974
-1731
-1499
-1290
-1054
-838
-778
-833
-778
-588
-492
-615
-778
-787
-762
-863
-1045
-1127
-1114
-1197
-1403
-1564
-1509
-1336
-1241
-1288
-1356
-1346
-1329
-1351
-1337
-1123
-738
-361
-133
44
379
817
1226
1521
1830
2243
2637
2903
3088
3357
3672
3899
3992
4085
4271
4438
4532
4567
4591
4536
4354
4137
3992
3952
3896
3776
3582
3386
3253
3174
3115
3011
2917
2844
2748
2559
2226
1756
1184
679
319
29
-363
-884
-1388
-1795
-2117
-2434
-2745
-3023
-3259
-3459
-3660
-3872
-4052
-4156
-4214
-4270
-4260
-4110
-3862
-3651
-3516
-3389
-3232
-3033
-2816
-2583
-2355
-2132
-1917
-1767
-1678
-1597
-1444
-1273
-1226
-1275
-1296
-1222
-1142
-1154
-1234
-1279
-1214
-1144
-1153
-1207
-1178
-1042
-953
-1003
-1111
-1121
-1081
-1087
-1138
-1108
-909
-644
-448
-351
-219
30
354
666
910
1167
1479
1804
2088
2332
2590
2855
3103
3317
3508
3676
3841
4011
4147
4203
4174
4153
4186
4203
4140
4044
3978
3895
3722
3477
3231
3016
2798
2565
2297
1942
1487
994
543
160
-144
-402
-690
-1017
-1362
-1651
-1911
-2193
-2424
-2555
-2604
-2672
-2781
-2835
-2797
-2694
-2570
-2412
-2195
-1944
-1706
-1526
-1386
-1251
-1105
-955
-861
-798
-730
-667
-651
-743
-858
-914
-913
-957
-1106
-1291
-1424
-1484
-1536
-1621
-1721
-1779
-1766
-1720
-1699
-1685
-1613
-1485
-1394
-1410
-1444
-1402
-1297
-1195
-1122
-1002
-809
-603
-447
-316
-115
187
520
777
956
1129
1321
1489
1605
1701
1817
1934
2004
2042
2094
2176
2240
2245
2229
2250
2332
2421
2488
2545
2597
2643
2654
2633
2613
2588
2510
2311
2021
1678
1300
918
560
266
13
-277
-605
-941
-1247
-1522
-1786
-2021
-2214
-2358
-2489
-2619
-2714
-2723
-2614
-2454
-2271
-2057
-1790
-1493
-1244
-1033
-797
-512
-220
-9
138
285
418
505
506
456
428
402
322
156
-9
-124
-214
-330
-491
-603
-639
-641
-663
-682
-648
-554
-470
-461
-479
-448
-359
-260
-196
-129
-8
140
272
379
541
784
1058
1283
1435
1574
1715
1814
1848
1842
1850
1863
1843
1790
1725
1683
1637
1551
1431
1316
1242
1174
1117
1069
1043
1018
966
909
865
846
791
647
396
64
-317
-724
-1095
-1390
-1611
-1786
-1987
-2200
-2396
-2539
-2635
-2716
-2768
-2808
-2823
-2830
-2827
-2791
-2693
-2504
-2266
-2010
-1761
-1543
-1317
-1088
-857
-646
-465
-284
-111
55
179
259
326
369
359
276
132
12
-65
-127
-236
-396
-537
-622
-643
-646
-640
-605
-519
-395
-280
-192
-113
2
167
358
559
773
1014
1271
1519
1743
1969
2253
2606
2958
3226
3395
3515
3646
3761
3810
3787
3743
3727
3718
3627
3448
3252
3093
2939
2705
2390
2080
1849
1657
1414
1108
816
610
459
273
21
-260
-544
-883
-1333
-1846
-2287
-2558
-2740
-2936
-3173
-3382
-3508
-3584
-3656
-3715
-3724
-3668
-3605
-3577
-3564
-3508
-3371
-3172
-2943
-2714
-2487
-2257
-2047
-1860
-1676
-1485
-1306
-1166
-1056
-958
-851
-758
-701
-684
-718
-816
-978
-1147
-1248
-1282
-1321
-1433
-1595
-1711
-1713
-1631
-1539
-1462
-1342
-1150
-930
-755
-638
-498
-271
16
301
578
889
1276
1680
2023
2325
2664
3117
3621
4054
4342
4554
4793
5052
5253
5348
5397
5483
5591
5622
5522
5347
5202
5091
4929
4649
4307
4011
3786
3539
3195
2801
2464
2211
1968
1628
1189
733
284
-204
-789
-1393
-1876
-2207
-2471
-2783
-3138
-3439
-3626
-3753
-3878
-3994
-4050
-4027
-3971
-3943
-3939
-3880
-3699
-3427
-3158
-2943
-2749
-2538
-2312
-2104
-1948
-1811
-1669
-1529
-1429
-1389
-1382
-1383
-1391
-1459
-1617
-1852
-2098
-2276
-2392
-2512
-2686
-2882
-3037
-3096
-3087
-3055
-2998
-2899
-2735
-2544
-2380
-2251
-2098
-1875
-1600
-1313
-1013
-669
-244
227
663
1063
1481
1981
2547
3089
3525
3879
4227
4583
4907
5145
5319
5481
5655
5780
5800
5736
5647
5578
5482
5312
5065
4803
4579
4359
4087
3764
3438
3157
2903
2585
2168
1700
1230
761
257
-277
-784
-1196
-1510
-1802
-2107
-2407
-2635
-2791
-2904
-3009
-3092
-3116
-3090
-3037
-2994
-2934
-2813
-2627
-2408
-2201
-2033
-1881
-1723
-1563
-1417
-1303
-1202
-1100
-998
-927
-908
-927
-981
-1042
-1131
-1281
-1487
-1706
-1888
-2040
-2198
-2396
-2581
-2705
-2764
-2772
-2773
-2766
-2726
-2638
-2527
-2433
-2339
-2219
-2044
-1821
-1599
-1358
-1068
-714
-318
63
426
808
1235
1692
2107
2453
2759
3062
3373
3645
3853
4008
4144
4272
4359
4391
4370
4333
4305
4257
4165
4018
3861
3710
3553
3351
3102
2833
2573
2297
1958
1547
1091
640
201
-237
-686
-1110
-1472
-1767
-2024
-2265
-2472
-2624
-2709
-2745
-2756
-2741
-2677
-2566
-2412
-2249
-2094
-1925
-1743
-1555
-1387
-1250
-1135
-1014
-897
-787
-700
-632
-552
-469
-400
-355
-344
-351
-358
-386
-449
-543
-656
-762
-856
-952
-1052
-1133
-1180
-1187
-1180
-1165
-1139
-1098
-1027
-942
-855
-768
-664
-529
-372
-215
-46
145
377
626
869
1102
1335
1576
1817
2039
2229
2403
2569
2740
2877
2980
3053
3106
3150
3168
3147
3098
3041
2974
2885
2758
2595
2411
2210
1989
1732
1435
1115
776
420
33
-388
-828
-1260
-1674
-2075
-2468
-2830
-3133
-3389
-3601
-3777
-3910
-3985
-3999
-3962
-3884
-3766
-3605
-3400
-3158
-2900
-2648
-2396
-2129
-1872
-1638
-1421
-1217
-1021
-830
-649
-487
-341
-198
-57
73
176
262
325
379
413
425
408
382
360
333
310
286
270
272
288
319
349
385
441
514
599
691
791
906
1040
1182
1333
1480
1641
1814
1992
2170
2341
2507
2672
2833
2987
3124
3238
3342
3432
3503
3538
3543
3521
3469
3386
3260
3107
2925
2718
2481
2209
1912
1589
1246
883
502
121
-271
-661
-1046
-1434
-1816
-2180
-2521
-2836
-3122
-3387
-3614
-3802
-3949
-4066
-4142
-4180
-4169
-4118
-4032
-3911
-3768
-3600
-3414
-3212
-3010
-2805
-2603
-2410
-2221
-2050
-1889
-1745
-1610
-1473
-1351
-1242
-1147
-1052
-959
-878
-809
-742
-672
-603
-528
-447
-360
-261
-158
-40
89
224
376
538
710
884
1068
1255
1449
1649
1845
2039
2225
2405
2579
2742
2888
3020
3148
3266
3375
3471
3552
3626
3691
3742
3774
3787
3778
3746
3696
3616
3502
3366
3200
3007
2784
2542
2275
1981
1669
1337
1003
658
309
-39
-384
-721
-1055
-1373
-1679
-1966
-2235
-2486
-2709
-2906
-3078
-3224
-3328
-3410
-3450
-3463
-3449
-3401
-3332
-3236
-3130
-3006
-2872
-2724
-2575
-2430
-2280
-2135
-1992
-1865
-1754
-1638
-1535
-1443
-1359
-1286
-1221
-1160
-1103
-1061
-1014
-965
-911
-855
-791
-713
-629
-540
-440
-326
-205
-76
71
221
376
547
722
895
1074
1245
1421
1592
1749
1903
2054
2196
2316
2435
2552
2665
2767
2864
2955
3036
3110
3160
3192
3209
3199
3169
3108
3020
2903
2750
2569
2354
2119
1855
1560
1261
954
637
321
8
-298
-589
-874
-1139
-1387
-1617
-1821
-2006
-2169
-2309
-2429
-2523
-2590
-2635
-2666
-2676
-2666
-2635
-2594
-2552
-2490
-2420
-2336
-2246
-2154
-2055
-1958
-1854
-1753
-1659
-1563
-1459
-1363
-1265
-1171
-1082
-993
-902
-814
-728
-638
-551
-460
-360
-262
-152
-37
76
201
331
471
614
757
907
1061
1214
1362
1503
1635
1758
1871
1977
2065
2135
2193
2231
2259
2276
2284
2294
2295
2298
2298
2298
2293
2283
2263
2230
2192
2139
2069
1973
1862
1721
1557
1368
1151
913
652
387
116
-158
-436
-710
-970
-1219
-1458
-1673
-1869
-2045
-2200
-2332
-2437
-2526
-2590
-2633
-2659
-2666
-2656
-2635
-2594
-2544
-2483
-2417
-2340
-2255
-2158
-2058
-1952
-1838
-1724
-1610
-1491
-1378
-1262
-1141
-1023
-911
-807
-698
-596
-494
-403
-304
-211
-116
-12
92
209
318
452
586
724
884
1047
1217
1399
1574
1755
1946
2109
2267
2428
2567
2689
2789
2865
2919
2953
2958
2948
2930
2897
2850
2791
2736
2662
2584
2499
2402
2294
2180
2048
1901
1741
1562
1364
1147
912
659
385
106
-173
-455
-741
-1017
-1282
-1532
-1767
-1984
-2172
-2343
-2488
-2616
-2718
-2795
-2856
-2896
-2915
-2921
-2906
-2888
-2859
-2820
-2778
-2724
-2678
-2629
-2565
-2502
-2432
-2362
-2297
-2216
-2141
-2065
-1989
-1914
-1826
-1745
-1661
-1574
-1483
-1390
-1289
-1186
-1074
-960
-831
-688
-533
-364
-185
15
221
439
674
920
1175
1437
1702
1966
2225
2471
2714
2940
3146
3332
3495
3641
3756
3843
3899
3931
3947
3934
3896
3840
3765
3673
3565
3428
3283
3119
2937
2745
2525
2306
2066
1810
1543
1269
982
686
395
104
-182
-470
-740
-998
-1242
-1476
-1677
-1861
-2029
-2173
-2299
-2402
-2495
-2572
-2630
-2662
-2688
-2702
-2701
-2692
-2680
-2672
-2647
-2631
-2613
-2598
-2566
-2535
-2510
-2481
-2453
-2419
-2392
-2367
-2332
-2293
-2259
-2217
-2172
-2102
-2044
-1978
-1893
-1797
-1691
-1579
-1440
-1290
-1124
-955
-759
-558
-345
-116
120
373
619
882
1146
1418
1672
1927
2181
2422
2648
2858
3060
3238
3408
3545
3674
3779
3865
3921
3953
3964
3947
3914
3842
3746
3630
3488
3320
3122
2909
2666
2410
2141
1862
1562
1257
951
647
348
39
-250
-523
-785
-1037
-1259
-1456
-1645
-1807
-1944
-2055
-2148
-2221
-2276
-2303
-2321
-2321
-2310
-2282
-2243
-2214
-2169
-2125
-2084
-2043
-1997
-1966
-1923
-1902
-1877
-1857
-1842
-1837
-1831
-1821
-1828
-1826
-1828
-1810
-1810
-1796
-1774
-1742
-1692
-1626
-1552
-1464
-1354
-1235
-1092
-937
-772
-598
-407
-193
25
254
486
720
957
1196
1423
1654
1873
2081
2282
2463
2641
2792
2933
3047
3156
3239
3296
3341
3354
3353
3310
3254
3184
3084
2946
2793
2629
2436
2221
1985
1749
1486
1213
944
677
404
122
-146
-399
-633
-871
-1084
-1273
-1449
-1606
-1748
-1853
-1944
-2020
-2081
-2114
-2131
-2145
-2146
-2125
-2099
-2079
-2045
-2005
-1964
-1927
-1885
-1842
-1809
-1770
-1741
-1701
-1664
-1641
-1607
-1577
-1542
-1515
-1478
-1439
-1400
-1359
-1320
-1259
-1193
-1121
-1045
-949
-841
-727
-607
-472
-327
-174
-9
165
349
532
721
917
1119
1317
1513
1703
1887
2067
2233
2394
2543
2675
2795
2897
2986
3051
3097
3129
3130
3108
3063
2990
2904
2792
2651
2495
2317
2106
1880
1644
1410
1157
887
621
358
97
-159
-397
-633
-853
-1066
-1248
-1413
-1561
-1687
-1803
-1877
-1942
-1992
-2029
-2038
-2038
-2030
-2005
-1976
-1947
-1919
-1871
-1829
-1790
-1749
-1712
-1668
-1639
-1612
-1584
-1553
-1533
-1514
-1492
-1474
-1452
-1434
-1403
-1374
-1346
-1317
-1276
-1220
-1170
-1111
-1043
-965
-880
-790
-681
-558
-437
-304
-160
0
168
342
525
711
900
1090
1292
1493
1682
1866
2030
2196
2355
2495
2622
2726
2810
2873
2924
2952
2950
2924
2876
2802
2718
2616
2483
2329
2162
1978
1791
1590
1382
1168
949
739
525
313
107
-82
-265
-435
-597
-750
-885
-1011
-1120
-1223
-1317
-1397
-1470
-1527
-1572
-1607
-1647
-1676
-1706
-1718
-1721
-1727
-1732
-1737
-1729
-1719
-1710
-1694
-1679
-1667
-1653
-1627
-1598
-1568
-1546
-1524
-1487
-1447
-1406
-1370
-1328
-1283
-1232
-1180
-1117
-1051
-989
-918
-836
-743
-643
-542
-434
-316
-188
-52
95
245
396
553
710
878
1044
1206
1354
1497
1639
1767
1894
1997
2084
2158
2209
2241
2263
2268
2248
2209
2150
2081
2004
1914
1813
1698
1569
1442
1306
1176
1046
906
765
630
504
386
275
163
54
-47
-137
-214
-288
-369
-438
-503
-554
-597
-643
-686
-733
-776
-815
-848
-877
-905
-933
-965
-990
-1012
-1027
-1043
-1066
-1072
-1080
-1080
-1076
-1074
-1068
-1064
-1042
-1026
-1010
-975
-954
-920
-885
-852
-810
-775
-727
-680
-634
-580
-526
-469
-414
-352
-281
-221
-156
-93
-25
44
112
180
246
311
375
436
498
551
592
632
663
705
740
765
779
781
790
799
806
799
789
769
752
745
721
698
662
639
619
589
565
524
496
455
428
401
357
321
274
241
201
161
114
66
34
-2
-47
-96
-139
-165
-209
-250
-282
-320
-341
-384
-404
-431
-459
-478
-500
-500
-515
-519
-534
-530
-519
-528
-511
-508
-491
-470
-453
-429
-413
-382
-357
-328
-297
-267
-227
-194
-165
-131
-91
-49
-16
20
56
96
131
161
185
217
245
275
296
311
329
342
363
375
384
382
380
390
386
394
383
378
373
361
363
337
332
313
308
300
274
266
229
223
198
181
170
136
122
84
64
41
3
-21
-49
-70
-105
-148
-172
-207
-225
-265
-302
-311
-343
-359
-399
-406
-422
-444
-446
-462
-450
-472
-471
-465
-458
-444
-451
-427
-406
-386
-377
-367
-338
-320
-296
-275
-246
-223
-202
-179
-152
-125
-108
-78
-55
-29
-9
7
40
57
90
109
135
165
187
215
229
260
289
309
340
367
391
408
430
447
471
481
491
502
516
528
523
523
516
530
511
499
482
453
449
411
397
363
325
293
249
222
177
141
101
71
37
-6
-42
-78
-112
-135
-168
-192
-207
-242
-252
-283
-287
-298
-313
-307
-320
-311
-333
-328
-323
-318
-310
-315
-299
-303
-292
-295
-291
-276
-271
-262
-266
-253
-248
-237
-223
-206
-195
-196
-182
-167
-148
-138
-141
-118
-110
-87
-77
-73
-53
-48
-27
-18
0
8
9
34
41
59
69
76
87
93
110
114
118
127
135
152
159
163
168
171
190
189
197
202
196
207
205
210
206
201
205
196
198
185
178
177
170
160
138
123
110
94
82
66
47
29
10
4
-5
-18
-22
-30
-38
-54
-57
-51
-51
-53
-55
-57
-61
-55
-52
-48
-43
-39
-36
-39
-44
-38
-28
-23
-22
-29
-38
-34
-39
-43
-46
-58
-67
-77
-79
-88
-96
-103
-112
-117
-125
-134
-137
-141
-140
-142
-145
-144
-144
-136
-131
-120
-111
-104
-92
-78
-64
-54
-38
-22
-6
4
12
23
38
49
59
64
73
76
73
76
78
81
76
74
71
67
61
50
45
47
45
37
34
24
22
21
19
19
17
14
17
15
9
8
7
10
14
11
15
16
20
24
30
34
32
41
43
45
46
47
47
43
36
35
34
30
22
14
10
6
2
-2
-4
-5
-12
-18
-16
-22
-31
-35
-39
-40
-43
-47
-49
-51
-43
-41
-46
-46
-50
-48
-45
-44
-41
-41
-39
-38
-31
-24
-26
-23
-18
-6
1
4
12
17
22
32
38
37
35
39
44
48
52
54
52
46
40
36
31
26
22
23
16
11
6
2
-7
-11
-9
-12
-11
-13
-14
-13
-13
-15
-15
-8
-7
-6
-1
2
3
4
2
1
3
4
7
10
8
12
12
6
2
-5
-5
-4
-6
-12
-19
-23
-26
-31
-31
-37
-41
-40
-42
-41
-36
-32
-30
-30
-30
-26
-22
-23
-21
-17
-7
-6
-2
2
7
9
10
19
20
24
20
26
32
27
28
29
30
31
30
23
23
31
34
29
23
15
18
16
15
14
15
18
16
12
6
1
-6
-7
-9
-9
-4
-6
-10
-13
-19
-19
-23
-19
-12
-4
5
8
5
2
5
4
5
14
21
23
15
14
8
-1
0
0
-4
-1
1
-2
2
-2
-15
-19
-18
-22
-18
-13
-10
-7
-11
-13
-18
-21
-17
-11
-8
-9
-8
-1
-3
-8
-8
-1
0
-3
6
9
9
6
8
8
13
9
7
13
6
5
5
6
3
7
8
5
-1
-5
2
0
1
1
11
11
2
-1
-7
-11
-12
-11
-3
5
2
-1
-4
-11
-13
-12
-12
-3
7
10
6
7
2
-1
-2
-1
6
10
10
5
2
-1
-5
-5
-7
-7
-6
-4
-3
-4
-8
-14
-15
-12
-11
-5
1
3
2
-3
-2
0
-2
-6
-2
6
6
4
3
3
-2
-1
-4
-4
1
3
8
4
2
3
1
4
0
1
1
4
2
6
8
8
6
0
0
1
2
5
8
9
9
5
2
-2
-1
-2
-5
-3
-5
1
-1
-4
-3
-3
-3
-4
-3
-4
0
2
5
3
0
0
-1
0
2
5
2
0
0
-3
-3
-4
-4
-2
-3
-5
-4
-6
-8
-10
-11
-9
-6
-2
0
5
4
-1
0
0
1
3
2
4
5
1
4
1
-1
-2
-2
3
3
1
0
1
-1
0
-3
-1
3
3
2
1
2
1
2
0
1
6
7
4
4
4
6
5
1
3
2
2
0
1
4
4
1
0
-2
0
-1
-2
2
-1
-1
-5
-5
-2
-4
-5
-3
-1
-1
-1
-3
0
-2
0
-1
-4
0
0
3
-3
-4
0
2
-1
-1
-2
