-1
0
-1
1
0
-1
0
1
2
-2
-2
-1
-1
-1
-1
0
-2
-2
0
0
2
1
1
1
-1
-2
0
1
1
-1
1
0
-1
-1
-1
0
-1
0
0
1
0
0
1
-1
1
0
-1
0
-1
0
0
1
0
1
0
0
3
2
-2
-1
1
1
0
0
0
1
1
1
0
-2
-1
0
-1
-1
1
1
0
0
-1
-1
-2
-1
0
0
0
0
-1
0
0
0
-1
-1
0
-1
-2
0
-1
0
0
-1
1
0
0
0
0
-1
0
1
0
2
0
1
1
-1
-1
0
1
1
1
0
0
1
0
-1
1
1
0
0
0
0
1
-1
1
0
-1
-1
-1
0
-1
-2
0
0
0
0
-1
1
1
1
0
0
1
1
2
-1
-1
0
-1
0
0
0
1
1
1
-1
-1
-1
-1
1
1
0
0
0
0
0
-1
1
0
0
-1
0
2
1
-1
-1
1
0
0
0
-1
0
0
-1
2
1
-1
-2
-2
-1
-1
0
1
0
0
1
0
-1
-1
1
0
-1
0
1
2
1
-1
0
-1
0
1
1
0
0
0
0
-1
1
-1
-2
1
1
0
-1
-1
-1
0
2
2
0
0
-1
0
-1
-1
0
-1
-1
-1
-1
0
1
1
0
0
1
1
1
-1
0
-1
0
0
0
1
2
0
-1
-1
0
1
-1
-1
1
0
0
-2
-1
1
0
0
-1
-1
1
0
1
1
1
0
0
0
0
-1
1
1
0
-1
0
0
2
1
0
0
-1
0
0
-1
0
1
1
0
0
0
0
0
0
1
2
-1
1
0
0
1
-1
0
-2
0
0
0
0
-1
0
1
0
0
0
0
0
0
0
0
0
-1
0
0
-1
0
-1
1
0
0
0
1
0
0
1
1
1
0
1
-1
-1
0
0
1
-1
0
-1
1
1
-2
0
0
-1
0
-1
0
0
-1
-1
-1
0
-1
-1
-1
-3
-2
0
0
0
0
0
0
1
-1
0
1
0
0
1
0
0
0
0
3
2
0
-1
-1
-2
-1
0
0
0
1
1
1
-1
0
0
1
0
0
1
1
-1
2
1
0
0
0
-1
-1
-1
0
-1
-1
1
0
0
0
1
-1
-1
1
0
-1
0
1
0
1
0
0
0
0
0
-2
0
0
0
0
0
-1
-1
0
0
0
1
0
-1
0
0
1
0
-1
0
-1
-1
1
0
0
1
0
0
0
-2
1
1
1
-1
0
0
0
1
1
0
0
0
-2
-2
-1
1
1
0
-1
-1
-1
1
0
0
0
1
1
2
1
0
1
1
1
2
1
0
-1
0
2
0
0
0
2
1
-1
-1
0
0
0
1
1
-1
-2
-1
0
-1
1
1
0
0
-1
0
0
1
0
0
0
0
-1
1
-1
0
0
-2
1
0
0
1
-1
1
0
1
-1
0
2
2
0
1
1
1
0
0
3
2
1
0
1
0
1
0
1
0
1
1
1
1
0
0
1
0
-1
-2
-2
-2
-2
-4
-4
-3
-5
-7
-8
-7
-8
-9
-10
-11
-12
-12
-12
-13
-13
-14
-13
-13
-13
-14
-15
-12
-10
-11
-9
-6
-5
-3
-3
-1
1
2
3
4
6
9
10
10
10
13
14
15
15
17
18
20
18
16
16
18
17
14
11
11
10
4
0
-4
-4
-6
-11
-13
-13
-15
-18
-18
-20
-19
-18
-17
-15
-13
-9
-6
-8
-6
-1
4
6
6
5
9
12
12
7
5
7
11
7
-1
-4
-4
1
2
-1
-1
-1
1
1
0
3
9
20
23
23
24
31
41
46
52
55
58
61
61
59
56
59
60
52
41
31
26
21
11
-1
-10
-17
-26
-40
-50
-55
-54
-59
-70
-78
-79
-76
-75
-82
-84
-81
-78
-80
-85
-83
-80
-77
-83
-91
-94
-89
-86
-86
-90
-90
-87
-85
-83
-81
-72
-56
-44
-33
-26
-13
8
34
59
76
94
115
138
158
170
189
213
233
237
234
232
238
245
240
225
206
193
172
146
118
94
72
41
4
-31
-62
-89
-114
-139
-161
-181
-198
-210
-217
-220
-222
-219
-207
-188
-175
-165
-149
-125
-101
-87
-72
-49
-24
-7
-10
-12
1
17
19
8
1
1
-2
-13
-27
-29
-23
-22
-29
-34
-32
-23
-11
8
38
63
78
90
114
148
186
220
256
289
309
308
305
315
338
350
338
308
267
210
145
90
57
23
-44
-142
-239
-309
-366
-418
-453
-456
-458
-497
-560
-582
-532
-440
-367
-336
-311
-259
-197
-136
-65
27
124
189
204
190
192
222
271
304
289
239
192
168
152
125
93
75
68
40
-13
-57
-57
-29
-12
-24
-51
-70
-68
-46
-19
8
25
45
50
40
27
62
153
261
322
309
276
285
351
431
487
531
579
591
476
246
78
133
312
325
33
-331
-480
-447
-496
-701
-817
-685
-529
-666
-992
-1097
-817
-452
-333
-417
-420
-253
-58
62
173
358
545
642
637
622
634
688
775
853
809
620
397
296
321
317
199
41
-50
-96
-190
-328
-393
-333
-242
-243
-345
-439
-433
-349
-266
-251
-276
-284
-239
-179
-169
-199
-178
-86
-16
-48
-120
-87
51
153
121
70
112
202
201
134
126
212
256
176
87
89
103
14
-121
-163
-113
-120
-238
-348
-345
-327
-378
-445
-410
-312
-263
-301
-321
-244
-142
-80
-34
50
140
201
221
263
326
363
355
357
379
374
319
231
195
204
179
68
-54
-110
-105
-101
-147
-202
-220
-192
-178
-186
-198
-140
-21
87
107
67
76
164
261
258
215
219
278
281
214
186
255
304
225
141
227
408
432
280
210
363
539
472
278
271
443
449
132
-191
-194
21
36
-262
-583
-655
-592
-646
-817
-877
-737
-592
-622
-780
-821
-661
-395
-198
-124
-112
-48
89
224
283
321
448
615
655
493
309
299
395
369
204
70
38
-46
-254
-437
-414
-297
-326
-484
-575
-513
-449
-471
-443
-267
-119
-128
-184
-95
102
246
267
255
281
294
272
275
364
455
477
423
335
219
184
328
521
527
331
233
440
740
766
571
515
753
995
904
624
639
1056
1355
951
-78
-814
-500
411
648
-289
-1462
-1712
-1187
-1121
-1876
-2320
-1638
-717
-931
-2055
-2551
-1678
-430
-27
-340
-442
-55
368
590
782
1065
1291
1372
1383
1365
1182
958
1017
1262
1142
488
-141
-249
-10
-57
-520
-868
-815
-783
-1102
-1456
-1392
-973
-673
-740
-919
-911
-768
-601
-365
-77
81
78
75
172
306
374
413
548
670
551
344
389
595
617
410
262
408
623
552
313
306
548
711
542
226
151
306
413
367
249
142
156
214
134
-108
-303
-191
129
293
206
-8
-180
-93
243
540
665
659
680
968
1371
1403
886
123
-275
143
999
1256
428
-732
-1133
-751
-710
-1548
-2174
-1550
-557
-855
-2333
-3178
-2326
-852
-411
-1039
-1442
-1018
-337
38
144
282
589
909
1016
851
578
617
1133
1562
1218
230
-449
-143
531
446
-366
-876
-709
-517
-857
-1406
-1362
-710
-375
-786
-1271
-1233
-887
-632
-523
-434
-308
-228
-228
-174
-38
86
259
507
582
351
183
500
1077
1235
801
481
821
1324
1311
939
808
1091
1340
1096
683
742
1040
966
660
479
361
173
-76
-155
139
317
-168
-720
-475
205
433
161
29
347
843
997
868
1189
2047
2851
3465
3007
76
-3291
-2425
3058
6910
3516
-4087
-6709
-1505
2949
-544
-6518
-5515
1120
3116
-3449
-9907
-7058
1510
4803
-37
-5282
-4414
368
2909
1322
-719
50
2405
3257
1688
-478
-616
1754
3861
2861
-429
-2476
-1347
993
1230
-886
-2509
-2000
-908
-1176
-2420
-2853
-1846
-636
-559
-1428
-2143
-1970
-930
263
652
64
-597
-416
447
1005
799
521
798
1093
691
14
88
984
1493
767
-347
-405
585
1175
598
-236
-135
737
1148
507
-273
26
1127
1569
670
-543
-527
851
1830
1044
-404
-532
568
1081
262
-549
54
1317
1298
-34
-525
718
1946
1707
994
1428
2652
2829
1613
1037
2432
4110
3723
1892
1286
2721
4017
2682
-1026
-3526
-1673
2670
3905
-517
-6196
-6622
-1652
1372
-2382
-7600
-6262
57
2143
-3358
-8777
-6108
1626
4729
420
-4265
-3168
1508
3955
2596
702
1076
2817
3565
2721
1428
991
1823
2880
2638
936
-933
-1693
-1160
-262
-233
-1454
-3156
-4103
-3516
-2223
-2343
-4162
-4998
-3242
-1223
-1924
-4531
-5204
-2266
932
333
-2861
-3872
-1296
1400
1337
-371
-961
256
1353
851
-126
91
1103
1504
931
-1
-529
-297
237
338
-26
-482
-829
-954
-888
-824
-704
-564
-804
-1268
-1176
-397
241
69
-576
-659
244
1126
1026
584
831
1627
2220
2123
1571
1601
2566
3435
3498
3109
2677
2660
3218
3525
3344
3597
4191
4164
3505
2529
1685
2129
3477
3706
2628
1576
1042
1007
1167
730
224
518
249
-1360
-2458
-1932
-899
-630
-1550
-2732
-2678
-2007
-2176
-2427
-1636
-658
-453
-892
-1397
-1037
223
1210
1512
1613
1445
1140
1261
1595
1796
2033
2072
1539
713
-51
-436
-211
-17
-663
-1773
-2503
-2820
-3126
-3519
-3696
-3469
-3310
-3815
-4728
-5041
-4266
-3397
-3606
-4105
-3521
-2434
-2198
-2802
-3086
-2056
-407
-187
-1325
-1437
-119
697
356
-211
-231
453
909
402
-56
245
394
103
-23
-160
-420
-395
-306
-448
-588
-700
-766
-565
-543
-852
-569
252
325
-445
-764
64
1383
1823
1022
563
1556
2701
2573
1901
2102
3253
4183
3937
3200
3326
4205
4588
4203
3891
4088
4495
4581
4242
4005
4194
4265
3864
3411
3177
3112
3127
2843
2029
1464
1684
1894
1298
95
-717
-275
431
-917
-3788
-4469
-1819
487
-1014
-4830
-6216
-3435
-721
-2106
-4870
-4037
-453
813
-1737
-4082
-2366
1654
3124
1121
-618
205
1910
2419
1848
1404
1526
1598
1049
209
-392
-695
-807
-982
-1697
-2968
-4087
-4473
-4182
-3852
-4139
-4982
-5748
-5874
-5153
-4254
-4486
-5347
-4896
-3317
-2619
-3172
-3634
-2901
-1097
-260
-1383
-2010
-530
801
495
-36
11
407
780
500
79
580
1054
452
-23
142
67
-132
-80
-114
-204
-279
-527
-470
-146
-310
-485
4
245
-281
-521
157
1261
1784
1122
383
1055
2286
2425
2035
2445
3406
3957
3593
2770
2855
4112
5043
4850
4305
3957
3867
4184
4534
4488
4259
4087
3946
3804
3491
3103
3124
3281
2938
2332
1916
1766
1932
2131
2056
1887
728
-2089
-3735
-1426
2229
2463
-1421
-5564
-5528
-2022
-751
-3443
-5002
-2548
-114
-1663
-5497
-6453
-2414
2087
1851
-1604
-3075
-1337
979
1651
1079
1173
2028
1922
605
-105
453
1283
1320
278
-993
-1782
-2368
-3025
-3056
-2533
-2685
-3908
-5294
-5597
-4831
-4128
-4268
-4547
-4149
-3568
-3430
-3532
-2962
-1928
-1351
-1238
-984
-474
-186
-27
227
739
1003
464
-86
158
755
734
381
100
-226
-657
-950
-661
-288
-657
-1643
-1784
-867
-464
-1204
-1896
-1225
-76
-110
-1196
-1317
177
1299
849
27
483
1765
2260
1726
1595
2567
3341
3051
2575
3008
3908
4093
3669
3682
4374
4664
4022
3442
3870
4853
4935
3952
3203
3504
4222
4208
3451
2666
2742
3611
4121
3303
1765
1563
2967
4042
2665
74
90
3294
4678
337
-4731
-3578
2249
4077
-1493
-6931
-4799
970
292
-6488
-9012
-3263
2150
-883
-7611
-8357
-2408
1329
-1308
-4537
-3086
523
1046
-1111
-1967
8
1986
1801
731
101
49
181
551
517
-340
-1386
-1980
-2094
-2621
-3399
-3585
-3152
-3415
-4698
-5338
-4922
-4390
-4536
-4513
-3621
-2921
-3446
-4367
-3572
-1420
-158
-983
-2183
-1832
-797
-159
-161
-223
-37
245
-161
-1156
-1262
-735
-110
173
-417
-1600
-1788
-777
-277
-344
-581
-555
-152
166
-61
-37
1002
1664
1458
975
940
1536
2375
2647
2222
2161
2314
2393
2393
2448
2706
3109
3149
2493
2200
2783
3602
3648
3059
2918
3569
4039
3474
2854
3371
4578
4683
3481
2723
3502
4777
4876
3766
2742
2996
3882
4131
3438
2628
2794
3847
3744
582
-3237
-3170
1051
3844
838
-4813
-6302
-2788
-958
-4445
-8096
-5862
-782
-612
-6070
-9682
-6349
-683
358
-3003
-4688
-2253
482
245
-1298
-723
1685
3052
1996
317
157
1252
2105
1893
985
-91
-799
-1188
-1605
-2084
-2390
-2482
-2887
-3816
-4801
-5042
-4597
-4120
-3988
-3828
-3418
-3322
-3790
-3942
-2428
-319
354
-456
-931
-231
808
1058
100
152
1760
2309
713
-637
-169
843
1163
-225
-1479
-535
665
-335
-1874
-1350
100
859
23
-1341
-884
1028
1742
840
502
955
1684
2195
1970
1681
2139
2709
2535
2304
2097
2083
2593
2859
2280
1707
2087
2705
2835
2307
1921
2428
3119
2941
2372
2671
3487
3655
2924
2638
3515
4364
3708
2768
3103
4103
4651
3695
2702
2963
4068
3361
231
-2256
-2474
246
2338
780
-3598
-6270
-4723
-3023
-3855
-6742
-7004
-3983
-2246
-4828
-8652
-7657
-3242
-231
-1599
-3936
-3427
-859
869
413
371
1240
2485
2701
2075
1526
1411
2140
2609
2460
845
-964
-1604
-1116
-794
-1821
-3092
-4000
-4154
-4486
-4972
-5064
-4671
-4133
-4306
-4671
-4902
-4360
-3261
-2140
-1374
-1198
-1097
-972
-786
-712
-33
1222
1642
928
54
-43
651
1343
785
-312
-140
505
-35
-1009
-1061
-333
423
253
-912
-1366
-336
636
701
417
237
462
1125
1450
1314
1486
1956
2321
2339
2000
1756
2380
3114
2939
2399
2265
2719
2976
2848
2654
3095
3687
3343
2967
3393
4310
4227
3379
3185
4059
5070
4520
3441
3460
4376
4748
3948
3186
3342
4112
3906
1600
-1419
-2885
-1312
1809
2120
-1818
-6190
-6009
-2914
-2555
-5996
-8398
-5454
-1404
-2552
-7861
-9589
-4877
-26
-348
-3882
-4453
-1301
1357
861
-508
266
2139
3166
2527
1511
1057
1514
2460
2619
1405
-684
-1606
-987
-421
-1408
-3110
-3769
-3512
-3518
-4390
-5109
-4884
-4119
-3790
-4067
-4349
-4252
-3622
-2582
-1541
-1094
-1159
-962
-370
-116
198
1037
1511
1290
1197
1271
1159
1460
1371
587
624
1200
613
-232
133
217
-283
-342
-241
-195
74
-33
-516
-37
560
266
200
883
1407
1400
1241
1118
1709
2550
2497
2094
2190
2533
2801
3156
3111
2696
2953
3820
4239
3699
3015
3447
5017
5771
4336
2873
3608
5423
5900
4594
3368
3760
4843
4226
2464
2121
3214
3830
2605
-781
-4541
-4682
-859
1938
-186
-5380
-8143
-5982
-3158
-5086
-8754
-7263
-2105
-1139
-6351
-10412
-7134
-242
1744
-1969
-4104
-1616
1215
963
-133
1019
3468
3878
1769
523
1322
2104
1815
1382
995
-169
-1813
-3103
-2991
-2081
-2236
-3679
-5120
-5670
-5793
-5255
-4504
-4352
-4580
-4683
-4057
-3433
-3274
-3220
-2080
-184
662
-68
-2063
-2217
902
3704
2589
39
-94
1018
2026
1420
-459
-223
2370
2291
-1302
-2430
-544
1029
923
-562
-1866
-1185
176
-428
-652
484
804
57
-228
177
957
2075
2103
1815
1887
1579
1435
2615
3819
3430
3040
3096
3351
3563
3624
4080
5381
6167
4781
3620
4218
5428
5973
5923
5655
5267
4895
3943
3618
4508
5138
4574
3445
1346
-2276
-4134
-1455
2876
2667
-3172
-8279
-6799
-2250
-2801
-7885
-8889
-3241
312
-4553
-11493
-10080
-1366
3314
-809
-6015
-4336
988
2801
551
-439
2348
5084
4353
1843
1414
2942
4068
4010
3129
1750
84
-916
-959
-514
-703
-2199
-3974
-4987
-5160
-5080
-5094
-5407
-5856
-5686
-5064
-4930
-5463
-5556
-4048
-1939
-1267
-2437
-3414
-2562
-525
1256
880
-672
-522
1232
1925
1037
444
323
1195
1963
541
-1385
-601
1552
1291
-333
-1524
-1482
-232
476
-413
-1087
-53
293
-441
-723
-48
1072
1717
1378
776
1391
2221
2325
2358
2853
3571
3943
3602
3192
3867
5173
5984
5916
5125
4566
5646
7110
7041
5936
5431
6237
7566
7399
4407
2215
4047
6855
5422
-368
-4794
-2972
2594
3282
-3072
-8479
-6707
-1990
-2384
-8076
-10974
-6262
-701
-2709
-9139
-10296
-4578
507
-341
-3830
-3616
274
2385
1114
643
2844
4752
4082
2482
2604
3969
4113
2531
1474
1885
1859
-58
-2540
-3226
-2243
-1846
-3541
-6106
-7169
-6263
-5144
-5833
-7419
-7644
-6090
-4623
-5082
-6313
-6201
-4094
-1936
-1880
-3925
-5075
-2329
1148
1173
-1089
-1840
-352
1624
1880
-626
-1406
1847
3705
801
-2032
-1158
1001
2057
762
-1531
-1530
339
288
-1101
-843
18
77
-215
-244
-8
603
875
948
1761
1984
1424
1631
2991
3862
3767
3873
4443
5446
5707
5406
6161
7495
7957
7349
7341
7985
8407
8263
7452
7461
7657
6908
5329
3486
1509
21
1432
3418
2175
-2545
-6368
-5313
-2274
-2587
-7168
-8982
-5283
-2228
-4890
-9683
-9104
-3608
262
-1852
-5196
-3967
100
2173
1236
747
1973
3719
4043
3483
3518
3925
3962
3597
3658
3058
1472
-149
-623
-195
-422
-1871
-4010
-5108
-4910
-4523
-5289
-6805
-7178
-5995
-4922
-5842
-7463
-7181
-4569
-2457
-3728
-6559
-5987
-1857
241
-1646
-3383
-2022
680
1617
-482
-2357
-182
3231
2602
-635
-1536
-67
1497
1722
78
-1717
-1189
454
317
-1049
-1913
-1389
119
781
-861
-2668
-1714
906
2056
508
-955
2
2113
2409
1268
1631
3715
5318
4483
3077
3825
6666
8079
6754
5828
6791
8573
8704
7266
6131
7131
9028
8060
3921
-107
464
4690
6823
2635
-3919
-5295
-1693
196
-3908
-8347
-6472
-1001
-1009
-7767
-11428
-6572
578
991
-3941
-6012
-2207
1887
1471
-71
1376
4290
4478
2561
1955
3663
5300
4816
3622
3046
2516
966
-307
-27
747
102
-2249
-4487
-5161
-4194
-3529
-4488
-6174
-6554
-5367
-4563
-5287
-6612
-6536
-4686
-3016
-3856
-5440
-4474
-1935
-880
-1416
-1983
-2297
-1441
81
473
97
292
154
-580
-13
688
-28
-682
-86
140
-653
-1370
-1797
-1248
-146
-139
-1614
-2640
-2212
-1272
-534
-639
-1036
-1236
-1033
-586
-26
792
1493
2146
2332
2462
3130
4196
5038
5431
5995
6451
6880
6756
6360
6742
7841
8460
6548
2607
-60
2096
6732
7064
1323
-4267
-3523
608
697
-4665
-7582
-3053
2036
-988
-8788
-9985
-2603
3732
1548
-4180
-4369
778
3793
1989
668
3018
5839
5271
2842
2460
4470
5814
4972
3921
3495
2565
687
-391
392
1359
468
-2258
-4363
-4400
-3250
-3076
-4455
-5708
-5366
-3939
-3798
-5429
-6870
-6022
-3418
-1939
-3173
-5052
-4409
-1835
-7
-315
-1722
-1953
-120
1567
945
-160
259
1558
2128
1411
0
-394
854
1594
610
-787
-1180
-890
-500
-603
-1316
-2049
-2430
-2335
-2184
-2081
-2233
-2224
-2097
-2040
-1886
-1699
-945
49
1079
1258
1101
1518
2426
3735
4337
4609
4586
5031
5467
5521
5808
5834
5743
3402
248
-146
3272
5955
2696
-2874
-5065
-2053
53
-3102
-6965
-5336
-155
-366
-6244
-9698
-5312
1230
2094
-1544
-3094
-8
2691
2684
2253
4044
6413
6503
5178
4649
5695
6269
6231
6384
6298
4718
2181
998
1595
2642
1897
-411
-2462
-3074
-3024
-3412
-4057
-4469
-4120
-4023
-5150
-7096
-7334
-5044
-2852
-3037
-4852
-5222
-3580
-1788
-1740
-2061
-636
1312
1366
-471
-1010
868
3346
3836
2186
661
674
1679
2099
1771
1092
739
848
699
-344
-1696
-1801
-594
255
-868
-3000
-3722
-2429
-1181
-1607
-2574
-2234
-965
-439
-1013
-1187
20
1672
2491
1981
1756
2402
3295
3824
4369
5307
5409
4300
706
-2376
-566
4833
6809
1212
-5326
-6213
-1661
84
-4762
-8538
-4930
716
-2094
-10390
-12751
-5409
2234
1105
-4851
-6536
-2313
1014
982
819
2864
4740
4140
3058
3661
5407
5916
6040
6933
7128
4841
1805
1676
4332
6312
4519
689
-1435
-842
277
-112
-1424
-2121
-1657
-1628
-3542
-5831
-5389
-2394
-428
-1692
-4154
-4693
-2768
-808
-699
-881
234
1407
480
-1023
-345
2166
3977
3415
1544
321
932
2171
2664
2341
1687
1186
907
727
-93
-819
-265
1067
1105
-1073
-3146
-2801
-569
414
-883
-2086
-1502
-295
-341
-926
-404
1285
2450
1832
903
1420
2664
3061
3053
3983
4957
4587
1985
-2047
-3011
1271
6058
4471
-2406
-6832
-4823
-341
-1186
-6660
-8051
-2697
524
-4997
-12084
-10895
-2454
2502
-1133
-6740
-6639
-2259
260
274
448
1600
1957
1356
1574
2745
3412
3083
3834
5414
4827
1532
-891
721
4285
5321
2224
-1677
-2537
-751
817
137
-1808
-2609
-1594
-1013
-2993
-4920
-3818
-775
534
-1216
-3282
-3041
-496
1031
621
683
1942
2287
1026
1100
3116
4864
4519
2897
1958
2604
4011
4201
3264
2339
2135
2105
1839
1102
-14
-279
532
1133
-384
-2835
-3421
-1549
85
-722
-2304
-2675
-1465
-450
-475
-746
-73
1365
1795
1477
1119
1305
2092
3531
4842
4512
2106
-1839
-3331
211
5238
4929
-1190
-5764
-4379
-403
-1278
-6432
-7600
-2033
1775
-3673
-11573
-11153
-2572
2921
-692
-6416
-6073
-1426
411
-798
-807
1520
2950
1716
366
1088
2648
2830
2964
4009
3852
1080
-1563
-656
2488
3783
1243
-2122
-2987
-1537
-473
-1371
-2862
-3070
-1845
-1699
-3303
-4855
-4495
-2246
-345
-755
-3032
-3598
-1667
267
859
840
860
791
1328
2208
3164
3934
4109
3706
3412
3858
4285
4565
4602
4429
4096
3675
3237
2558
2056
2058
2706
2714
1047
-1110
-1508
23
1043
360
-1159
-1684
-1059
-384
-403
-576
-24
720
1055
666
219
384
1547
3028
3569
2502
-589
-3398
-2606
1867
4742
1974
-3402
-5484
-2606
-257
-2789
-6617
-5132
-33
256
-5960
-10562
-6862
280
1932
-2626
-5757
-3429
6
398
-684
276
2364
2631
1058
519
1831
2698
2518
2696
3395
2511
-97
-1818
-622
1904
2193
-306
-2896
-3088
-1890
-1383
-2337
-3538
-3332
-2165
-1798
-3279
-4870
-4464
-1935
-72
-1248
-3603
-3678
-951
1243
1015
-574
-1011
590
2258
2354
1534
1983
3333
3916
3120
2143
2635
4187
5099
4042
2556
2311
3111
3523
2887
2485
2728
2856
1668
298
447
1640
2317
1539
456
-37
526
1353
1605
1415
1023
1126
1504
1948
1752
1388
1940
2784
1865
-1653
-3805
-1278
3309
3493
-1640
-5686
-4306
-808
-1639
-5845
-6769
-2499
103
-3868
-9002
-8094
-2378
436
-2014
-4666
-3293
-415
-76
-965
5
2247
2657
1363
1075
2449
3207
2271
1674
2610
3059
1130
-1342
-1504
333
980
-761
-2874
-3360
-2837
-2861
-3688
-4527
-4086
-2892
-2544
-3686
-4613
-4021
-2658
-1613
-1743
-1976
-1062
571
718
-356
-23
1876
3280
2788
1916
2189
3670
4611
3984
3172
3380
4246
4333
3697
2960
2757
3095
3338
3039
2060
1231
1145
1718
1792
1019
360
458
796
627
507
884
1503
1546
1077
939
1485
2213
2358
2296
2453
2520
1275
-1200
-2414
-261
3406
3715
-539
-4857
-4418
-960
-503
-4365
-6802
-3691
6
-2392
-8623
-9928
-4129
991
-826
-5718
-6163
-2175
440
-478
-1364
144
1926
1769
916
1433
2486
2489
2235
3108
3544
1577
-1160
-1282
1091
2164
109
-2834
-3685
-2862
-2555
-3649
-4851
-4701
-3744
-3401
-4294
-5306
-5442
-4269
-2538
-1896
-2550
-2829
-1512
-36
468
489
1077
2261
3025
2858
2604
3672
5301
5833
5063
4449
4818
5473
5489
4788
4410
4651
4893
4383
3298
2451
2538
3166
2912
1674
624
640
1228
1684
1460
603
82
372
1172
1752
1797
1255
890
1517
2163
963
-1927
-3093
-275
3676
3425
-1465
-5141
-3562
-69
-525
-4391
-5603
-2180
206
-3118
-8123
-8076
-3313
-228
-1902
-4689
-4654
-2856
-2182
-2212
-1019
736
976
-76
-288
889
1912
1911
1909
2577
2689
1281
-371
-513
608
1296
573
-1197
-3103
-4415
-4604
-3611
-2602
-3071
-4758
-5837
-5654
-5264
-5252
-4942
-3795
-2490
-2194
-3054
-3575
-2343
48
1694
1721
1076
1063
2003
3213
4108
4646
4916
4886
4676
4642
4793
4852
4789
4883
5015
4582
3491
2681
3133
4129
3795
1870
605
1565
3110
3003
1677
1206
2120
2923
2381
1420
1920
3683
4417
2615
-771
-3014
-1566
2805
5263
2317
-2958
-4396
-1213
800
-2154
-5616
-3402
1784
1438
-5443
-9881
-5883
905
1760
-2905
-5556
-3402
-1052
-1681
-2579
-995
1127
879
-861
-1266
-187
387
297
1039
2068
1067
-1780
-3302
-1779
603
794
-1411
-3819
-4821
-4593
-3762
-2875
-2748
-3560
-4167
-3936
-3936
-4694
-4747
-2858
-411
55
-1746
-3271
-2212
591
2379
2031
1041
961
1598
2211
2786
3379
3547
3292
3275
3505
3152
2280
2320
3686
4507
3213
1108
767
2447
3639
2539
702
714
2217
2734
1811
1361
2201
3106
3114
2610
2361
2655
3187
3345
2430
261
-1607
-629
2774
4182
962
-3271
-3453
-412
519
-2383
-4479
-2079
1231
-129
-4730
-6089
-2432
1177
697
-1682
-2051
-745
-437
-993
-332
1242
1552
428
-107
576
801
-207
-751
361
1364
105
-2499
-3693
-2727
-1424
-1570
-3301
-5422
-6233
-5144
-3664
-3660
-4844
-5176
-3953
-2806
-3391
-4611
-3774
-843
980
-3
-1332
-612
1140
2030
2236
2689
3106
2878
2414
2716
3648
4031
3525
3091
3190
2957
2048
1646
2632
3579
2674
673
-109
823
1660
1308
705
875
1215
871
336
641
1766
2669
2795
2467
2206
2100
2117
1908
830
-538
-195
2293
3789
1545
-2257
-2931
-155
1233
-1377
-3948
-1996
1599
750
-3972
-5805
-2120
1819
1150
-1870
-2289
-218
527
-714
-862
1005
2175
1176
-158
-33
694
572
9
300
916
69
-2099
-3352
-2501
-1244
-1972
-4527
-6035
-5042
-3696
-4185
-5557
-5772
-4682
-3552
-3693
-4763
-4560
-2175
-2
-72
-900
-511
895
2259
3211
3621
3587
3690
4317
5107
5265
4933
5053
5716
5632
4222
2944
3421
5005
5132
2986
966
1229
2238
1400
-437
-571
849
981
-864
-2251
-1378
402
802
-146
-666
-62
450
-182
-1793
-3217
-2810
-139
2342
1370
-2402
-4469
-2383
375
-661
-3765
-3274
956
2332
-1935
-5814
-3532
1562
2501
-723
-2143
131
1502
-392
-1573
920
3509
2195
-773
-895
1358
1901
-83
-1213
190
1269
-561
-3447
-4007
-2333
-1645
-3597
-5971
-6006
-4394
-3919
-5344
-6782
-6517
-4735
-3329
-3893
-5246
-4688
-2122
-331
-517
-916
96
1938
3169
3438
3622
4484
5668
6468
6697
6720
7014
7636
8020
7640
6927
6731
7192
7404
6582
5346
4925
5095
4380
2773
1935
2479
2862
1750
4
-619
206
997
500
-825
-1518
-1078
-853
-2401
-4788
-4742
-1392
1132
-1112
-5606
-6464
-3054
-903
-3246
-5852
-3791
190
-300
-4666
-5933
-1992
1354
18
-2413
-1525
737
282
-1661
-837
2147
2630
-10
-1329
411
1571
-200
-1976
-847
876
-439
-3621
-4736
-3575
-3408
-5094
-6035
-5167
-4744
-6173
-7622
-7272
-6210
-6113
-6258
-5150
-3649
-3756
-4986
-4703
-2141
377
818
217
720
2388
3653
4014
4450
5538
6683
7170
7048
6873
7036
7514
8078
8335
7893
6845
5994
6060
6601
6412
5273
4314
4234
4313
3575
2313
1777
2490
3357
2968
1422
274
622
1525
928
-1379
-2665
-819
1875
1268
-2449
-4452
-2258
359
-1031
-4493
-4532
-846
899
-2091
-5273
-3967
-424
274
-1832
-2553
-812
183
-983
-1626
-107
1142
108
-1098
-121
1195
-22
-2395
-2288
73
588
-2276
-5099
-4874
-3348
-3632
-5350
-5998
-5310
-5193
-6327
-7412
-7460
-6822
-5988
-5045
-4466
-4973
-5968
-5681
-3580
-1445
-945
-1398
-1060
291
1436
1779
2070
3080
4430
5129
4867
4357
4419
5156
5991
6257
5823
5089
4380
3933
4084
4682
4902
4181
3004
2489
2916
3204
2561
1880
2335
3344
3249
1808
797
1545
2846
2514
688
-190
1048
2529
2049
228
-495
513
1269
243
-1300
-1190
327
871
-551
-2116
-1981
-859
-589
-1282
-1582
-1117
-957
-1552
-1885
-1283
-619
-750
-1096
-846
-546
-1046
-1726
-1355
-350
-439
-1870
-2850
-2281
-1413
-1701
-2597
-2729
-2229
-2304
-3093
-3447
-2830
-2070
-1957
-2206
-2276
-2271
-2332
-2069
-1267
-531
-514
-999
-1121
-542
133
315
232
418
807
922
663
477
706
1259
1565
1279
868
804
853
947
1249
1630
1746
1383
973
1169
1850
2163
1903
1754
2103
2460
2235
1760
1835
2448
2721
2210
1529
1415
1768
1955
1748
1437
1276
1190
979
614
319
289
382
233
-271
-799
-1036
-1085
-1215
-1414
-1533
-1644
-1927
-2210
-2137
-1794
-1660
-1863
-1965
-1692
-1373
-1397
-1531
-1315
-895
-827
-1135
-1256
-944
-642
-711
-912
-950
-913
-956
-966
-809
-630
-656
-789
-755
-564
-483
-501
-340
0
190
86
-24
144
488
705
726
739
815
855
862
949
1132
1261
1228
1139
1143
1239
1304
1307
1364
1536
1665
1585
1425
1466
1718
1895
1839
1682
1619
1664
1688
1578
1441
1410
1364
1176
978
867
785
675
533
414
329
195
-10
-149
-166
-194
-360
-617
-813
-901
-990
-1166
-1368
-1516
-1618
-1763
-1972
-2139
-2207
-2231
-2273
-2344
-2418
-2480
-2530
-2541
-2502
-2459
-2460
-2493
-2496
-2468
-2460
-2452
-2394
-2277
-2155
-2079
-2004
-1864
-1660
-1437
-1203
-949
-695
-461
-218
67
374
647
880
1116
1344
1527
1671
1815
1970
2105
2189
2240
2290
2322
2331
2337
2353
2350
2314
2275
2249
2214
2169
2126
2091
2051
1985
1902
1846
1810
1761
1688
1610
1554
1491
1422
1378
1339
1273
1199
1145
1122
1101
1056
994
967
962
919
830
737
654
556
447
334
188
2
-206
-431
-648
-853
-1077
-1303
-1515
-1742
-1970
-2155
-2305
-2461
-2611
-2730
-2806
-2850
-2911
-2987
-3029
-3027
-2992
-2934
-2874
-2825
-2792
-2745
-2635
-2474
-2305
-2154
-2013
-1866
-1704
-1506
-1271
-1036
-841
-687
-523
-296
-60
125
257
373
510
669
820
945
1021
1061
1117
1205
1302
1366
1384
1393
1425
1459
1495
1545
1606
1642
1657
1687
1749
1827
1882
1925
1969
2021
2074
2113
2142
2160
2148
2118
2098
2083
2045
1974
1861
1727
1605
1518
1445
1341
1158
923
726
594
490
349
142
-92
-310
-492
-634
-769
-931
-1120
-1306
-1458
-1572
-1658
-1729
-1795
-1881
-1974
-2037
-2036
-1997
-1974
-1978
-1966
-1925
-1857
-1781
-1706
-1622
-1530
-1424
-1277
-1117
-1002
-923
-837
-676
-466
-281
-180
-152
-127
-35
131
297
361
310
229
223
306
379
389
320
216
132
94
96
96
54
-22
-99
-141
-161
-167
-158
-132
-107
-89
-52
16
101
188
298
439
582
695
779
871
1009
1168
1298
1374
1406
1422
1453
1501
1526
1502
1422
1322
1232
1146
1033
899
752
604
445
277
115
-47
-197
-347
-484
-619
-761
-899
-1007
-1078
-1119
-1157
-1209
-1270
-1311
-1290
-1212
-1120
-1068
-1054
-1040
-965
-841
-708
-592
-524
-481
-438
-364
-257
-148
-76
-39
-15
23
86
162
233
275
296
328
384
445
485
511
539
581
631
666
681
675
664
666
692
706
673
595
531
505
497
460
380
283
205
172
152
119
56
-14
-57
-58
-36
-17
-7
-2
-12
-10
37
118
200
237
235
237
267
323
361
376
386
373
339
292
235
182
141
101
49
-60
-214
-373
-477
-521
-567
-671
-830
-1006
-1146
-1231
-1265
-1285
-1340
-1446
-1577
-1664
-1668
-1598
-1523
-1500
-1527
-1543
-1478
-1349
-1195
-1057
-941
-829
-708
-579
-425
-235
-12
202
370
492
600
750
958
1187
1365
1469
1523
1580
1670
1781
1877
1949
1980
1957
1882
1786
1727
1719
1721
1651
1487
1277
1093
979
908
834
721
563
393
236
115
50
33
23
-12
-85
-175
-216
-187
-112
-35
16
39
43
41
60
129
232
326
345
287
217
189
216
245
229
146
16
-113
-211
-294
-392
-518
-659
-809
-969
-1133
-1276
-1385
-1485
-1616
-1773
-1910
-1987
-2022
-2071
-2148
-2219
-2253
-2223
-2162
-2099
-2056
-2010
-1934
-1819
-1674
-1519
-1359
-1197
-1047
-915
-772
-588
-359
-145
10
110
203
340
524
698
822
892
941
1005
1087
1170
1254
1331
1389
1403
1376
1364
1410
1492
1548
1548
1495
1439
1420
1437
1471
1498
1493
1448
1379
1317
1291
1305
1338
1346
1296
1199
1097
1046
1050
1073
1062
1003
891
760
655
611
620
617
544
404
248
138
91
76
53
-10
-118
-246
-358
-428
-452
-460
-483
-550
-663
-779
-847
-855
-853
-878
-951
-1039
-1109
-1172
-1218
-1234
-1246
-1276
-1331
-1374
-1396
-1420
-1445
-1430
-1362
-1299
-1305
-1341
-1314
-1198
-1081
-1019
-964
-872
-764
-698
-647
-556
-416
-299
-226
-172
-118
-67
-21
65
181
256
250
216
239
318
384
402
416
440
451
435
430
479
550
588
594
595
603
614
641
717
809
835
791
760
801
882
917
901
902
918
897
815
753
785
835
773
615
497
487
494
411
294
239
231
166
37
-39
-10
9
-64
-134
-116
-84
-141
-220
-171
-43
-31
-165
-266
-188
-70
-107
-237
-280
-228
-238
-344
-412
-376
-344
-430
-542
-553
-505
-520
-587
-579
-486
-445
-513
-559
-457
-295
-239
-290
-292
-166
-47
-49
-102
-30
150
244
144
11
66
239
308
194
80
118
196
133
-13
-35
70
83
-79
-221
-180
-93
-161
-321
-329
-185
-147
-313
-450
-343
-145
-116
-233
-244
-96
14
-29
-60
83
279
310
204
180
319
472
479
398
383
459
496
423
301
263
317
346
245
59
-60
-58
-34
-95
-228
-308
-326
-385
-483
-523
-461
-420
-497
-590
-564
-450
-417
-485
-468
-311
-188
-243
-344
-266
-39
88
35
-23
75
233
269
220
254
412
511
445
361
418
558
613
542
489
549
609
559
454
440
519
538
434
315
288
308
269
187
149
159
107
-13
-83
-27
42
-9
-121
-144
-51
12
-42
-107
-52
78
141
93
27
59
181
267
257
199
178
206
229
218
180
171
155
108
31
-21
-26
-53
-116
-183
-213
-254
-346
-436
-439
-392
-407
-522
-613
-603
-559
-578
-634
-629
-567
-552
-623
-667
-606
-501
-455
-473
-488
-461
-421
-375
-314
-258
-226
-221
-205
-160
-121
-93
-50
9
53
49
29
43
103
160
183
178
167
167
179
201
221
248
273
279
261
228
237
303
360
348
309
299
328
348
338
353
396
417
384
360
372
398
392
378
405
431
400
319
295
352
407
376
293
251
262
260
210
163
157
156
111
32
-18
-26
-25
-56
-112
-156
-172
-194
-227
-250
-242
-223
-230
-276
-299
-277
-232
-221
-233
-235
-211
-202
-207
-189
-143
-118
-140
-182
-169
-128
-127
-175
-205
-198
-191
-223
-264
-272
-253
-261
-301
-336
-335
-312
-300
-301
-302
-292
-273
-248
-216
-182
-150
-131
-112
-98
-64
-24
15
34
47
53
61
74
94
123
147
154
147
138
158
189
216
226
228
228
227
232
246
260
271
267
252
234
220
215
212
202
188
162
128
106
100
107
101
86
58
34
29
32
37
45
52
57
53
53
59
72
85
94
96
86
74
69
73
82
84
77
68
57
47
43
37
29
8
-13
-36
-61
-77
-82
-84
-94
-120
-152
-174
-183
-201
-232
-250
-256
-277
-313
-341
-335
-311
-311
-331
-341
-335
-310
-278
-256
-227
-195
-164
-123
-85
-32
18
64
109
143
163
185
223
274
308
310
304
296
292
295
301
289
257
211
171
148
125
98
75
51
33
-21
-72
-77
-51
-30
-50
-96
-110
-81
-44
-28
-32
-31
4
28
21
11
39
105
131
99
65
70
105
118
107
102
108
74
37
28
56
68
20
-30
-22
-10
-46
-96
-92
-50
-46
-111
-150
-124
-78
-69
-112
-125
-87
-64
-71
-83
-67
-26
-22
-44
-52
-49
-38
-32
-48
-58
-72
-81
-84
-101
-103
-98
-118
-136
-132
-101
-80
-96
-106
-53
20
41
20
39
127
206
192
150
188
289
323
259
221
265
301
250
165
156
195
155
28
-49
-19
-3
-89
-201
-207
-162
-188
-277
-292
-211
-164
-224
-283
-206
-77
-47
-119
-122
8
122
72
-11
42
186
230
114
31
95
177
135
20
-7
54
41
-73
-142
-104
-64
-139
-245
-225
-146
-170
-265
-273
-160
-102
-179
-239
-157
-22
6
-74
-95
22
113
88
41
83
186
204
146
118
168
223
206
158
157
169
158
129
104
110
115
82
46
41
45
42
12
-4
10
28
16
-12
-12
23
49
41
6
-12
34
70
56
23
15
47
53
15
-5
19
34
3
-44
-44
-2
1
-48
-81
-49
-7
-24
-74
-73
-21
4
-27
-59
-23
8
-2
-31
-21
30
23
-30
-41
2
38
-10
-85
-70
-3
2
-64
-112
-79
-30
-51
-105
-112
-73
-53
-80
-96
-76
-70
-86
-86
-59
-50
-82
-103
-75
-42
-47
-91
-96
-58
-35
-60
-81
-65
-22
-4
-21
-17
2
34
47
52
72
90
103
115
133
143
143
148
162
179
162
138
133
148
151
116
70
68
91
89
43
4
15
16
-5
-38
-37
-18
-25
-53
-61
-45
-35
-41
-45
-14
5
-2
-18
-1
30
32
23
33
68
63
31
1
21
51
36
4
-18
-19
-18
-35
-52
-63
-71
-75
-69
-62
-79
-116
-126
-81
-44
-49
-81
-84
-42
-21
-33
-51
-43
-14
10
2
-24
-41
-45
-22
-18
-27
-53
-56
-45
-37
-59
-94
-94
-60
-21
-24
-34
-48
-31
-6
8
23
29
56
79
100
103
85
84
98
138
148
138
115
115
115
96
65
45
54
66
61
14
-24
-47
-44
-49
-63
-72
-78
-70
-62
-67
-84
-83
-59
-14
10
14
12
33
68
98
109
109
127
141
158
146
140
133
131
132
111
76
41
24
18
5
-35
-73
-82
-85
-109
-152
-175
-157
-122
-118
-141
-162
-146
-126
-107
-101
-95
-75
-47
-27
-27
-39
-49
-18
16
46
26
10
11
32
39
13
5
18
59
68
49
19
7
17
27
37
28
26
26
38
36
5
-16
-25
13
26
16
-13
-29
-22
-24
-40
-56
-47
-35
-15
-26
-39
-57
-59
-46
-33
-28
-30
-27
-12
4
-5
-6
-4
20
42
52
51
56
64
72
79
73
78
76
87
89
89
83
63
52
53
47
27
13
3
9
-4
-28
-37
-34
-33
-51
-64
-55
-35
-32
-45
-61
-53
-33
-27
-26
-23
-19
-4
-3
0
0
2
14
14
14
14
16
16
20
18
19
19
25
31
21
23
23
23
19
14
16
23
23
17
8
6
3
-5
-14
-17
-17
-13
-22
-36
-43
-47
-43
-46
-49
-47
-42
-39
-41
-48
-37
-29
-22
-19
-17
-2
10
11
10
11
18
31
23
21
23
25
31
20
11
7
6
12
9
0
0
-5
-4
-4
-11
-10
-8
-8
3
-1
-1
0
-1
10
12
13
8
6
16
19
19
17
6
9
16
13
8
-7
-10
0
5
-2
-15
-18
-3
0
-7
-13
-17
-5
4
0
-6
-14
-11
2
2
-3
-15
-15
-2
4
0
-12
-15
-1
4
3
-4
-11
0
9
6
5
-2
-1
12
16
21
12
10
21
30
35
25
16
24
31
29
17
3
3
10
10
6
-10
-15
-8
-6
-9
-23
-34
-28
-22
-21
-27
-41
-41
-32
-21
-24
-37
-36
-22
-8
-5
-16
-23
-12
5
11
6
-2
10
25
29
24
10
17
33
36
28
18
23
34
42
35
19
17
25
29
22
8
-1
0
2
-4
-17
-24
-22
-19
-23
-34
-39
-42
-40
-37
-39
-40
-43
-45
-33
-31
-32
-33
-32
-20
-15
-14
-13
-15
-12
-5
-2
-8
-12
-3
10
12
5
1
9
25
24
16
19
30
47
50
46
42
53
66
63
56
47
53
58
50
35
28
28
30
22
3
-6
-3
-4
-15
-29
-30
-21
-21
-30
-34
-31
-25
-19
-14
-14
-9
3
15
21
19
25
30
36
42
42
45
50
51
50
46
37
38
36
33
24
13
11
5
-6
-16
-28
-39
-43
-50
-58
-70
-81
-81
-84
-84
-87
-95
-97
-88
-80
-77
-78
-72
-58
-49
-41
-40
-31
-19
-10
-4
-5
-4
3
12
18
12
7
13
18
19
15
9
10
16
19
18
13
15
25
32
29
28
30
36
39
33
31
30
32
33
26
18
15
14
12
3
-5
-10
-14
-10
-16
-19
-23
-24
-15
-11
-12
-11
-7
4
9
11
20
25
32
40
41
48
54
63
68
64
62
67
70
67
63
59
57
53
48
40
36
28
25
21
10
-1
-6
-5
-10
-19
-29
-32
-34
-33
-32
-34
-35
-29
-23
-25
-28
-25
-16
-9
-9
-9
-7
-5
-2
-5
-8
-12
-19
-20
-21
-24
-31
-41
-43
-45
-47
-56
-63
-66
-67
-73
-79
-75
-75
-77
-80
-83
-84
-85
-78
-75
-78
-75
-64
-58
-53
-52
-49
-39
-31
-21
-12
-7
1
13
27
30
36
44
57
62
68
76
79
84
88
95
95
92
93
97
100
100
99
98
94
87
85
85
79
70
64
59
59
59
58
53
46
47
46
38
30
26
25
24
21
20
19
16
12
10
4
-6
-10
-13
-15
-18
-22
-29
-31
-35
-42
-46
-55
-65
-70
-73
-75
-77
-80
-84
-92
-97
-101
-105
-110
-110
-109
-107
-105
-104
-102
-100
-96
-94
-89
-82
-77
-70
-62
-50
-38
-26
-17
-6
7
17
25
30
37
50
64
74
77
78
86
96
104
107
105
105
104
101
102
97
91
84
74
72
73
68
65
60
56
54
49
40
32
28
24
24
22
24
25
18
14
11
9
6
1
-5
-6
-4
-6
-8
-10
-12
-13
-16
-23
-28
-31
-30
-26
-25
-26
-29
-35
-42
-45
-51
-57
-55
-57
-58
-59
-66
-71
-76
-79
-79
-85
-91
-95
-96
-96
-91
-85
-85
-80
-73
-65
-60
-60
-55
-47
-37
-25
-10
0
8
18
29
42
54
59
64
69
73
80
84
84
83
83
82
88
92
90
91
89
87
85
76
71
67
62
63
64
64
59
51
46
43
38
36
30
27
24
21
20
20
16
11
8
3
-2
-9
-13
-12
-10
-9
-9
-14
-20
-25
-31
-37
-39
-39
-41
-44
-49
-56
-66
-72
-78
-83
-88
-95
-97
-100
-101
-104
-100
-99
-103
-102
-99
-95
-91
-93
-86
-74
-66
-59
-50
-42
-31
-22
-11
-1
4
13
20
28
35
41
44
47
52
55
63
69
74
79
78
77
78
77
73
72
74
77
80
78
75
76
75
72
67
64
60
58
53
52
52
51
48
43
39
31
24
19
14
12
11
12
11
7
-2
-4
-9
-13
-16
-19
-21
-25
-27
-30
-34
-38
-38
-45
-45
-46
-47
-45
-46
-45
-44
-41
-40
-40
-41
-42
-35
-33
-33
-33
-31
-27
-22
-20
-20
-18
-16
-15
-14
-12
-11
-13
-15
-12
-7
-8
-8
-5
-5
-3
-2
-2
-5
-6
-5
-3
-4
-6
-3
-3
-4
-3
-6
-1
1
-3
-3
-3
-3
-2
-3
-4
-3
-1
0
-3
-1
-1
-2
-4
-2
1
2
4
6
10
11
10
9
16
19
20
21
26
25
23
27
33
31
30
32
31
33
34
35
32
36
35
34
31
31
31
31
29
23
19
18
18
15
14
12
6
0
-3
-6
-9
-15
-15
-17
-16
-20
-24
-28
-25
-21
-19
-24
-25
-21
-20
-23
-29
-28
-21
-14
-20
-23
-23
-18
-18
-21
-26
-27
-23
-18
-17
-20
-27
-23
-11
-15
-18
-21
-18
-15
-9
-13
-12
-7
3
13
17
12
12
22
27
28
25
28
38
47
41
32
34
42
43
34
27
30
34
31
23
16
17
19
21
14
10
7
6
6
1
-3
-2
-4
-7
-4
0
-3
-4
-1
3
4
-4
-14
-9
-1
-3
-3
-8
-7
-8
-17
-27
-36
-39
-35
-34
-49
-64
-70
-72
-67
-62
-62
-53
-45
-46
-48
-45
-31
-9
7
15
26
42
51
66
79
87
95
105
110
113
119
119
124
130
131
135
136
133
126
110
101
97
96
100
96
90
80
72
61
40
34
27
20
14
-1
-9
-12
-6
-2
-14
-33
-45
-47
-44
-59
-71
-66
-57
-60
-94
-127
-143
-139
-147
-181
-204
-214
-224
-249
-277
-287
-280
-274
-289
-306
-314
-306
-295
-283
-270
-244
-224
-216
-200
-174
-138
-112
-95
-84
-55
-30
-25
-22
0
39
52
50
48
61
88
96
93
107
132
161
177
176
173
191
220
239
247
247
252
262
260
258
268
273
251
200
153
128
135
131
121
141
154
126
71
56
95
134
138
108
114
152
173
174
194
251
284
255
213
185
197
215
209
204
193
174
140
115
106
81
58
37
19
8
-33
-68
-76
-80
-96
-133
-158
-160
-164
-186
-221
-233
-237
-242
-253
-272
-278
-283
-288
-291
-305
-324
-325
-309
-305
-318
-339
-339
-321
-311
-318
-311
-288
-268
-247
-238
-228
-202
-169
-143
-104
-76
-62
-36
-4
30
49
68
91
114
127
115
112
132
167
218
244
237
209
178
174
201
233
214
167
156
156
112
20
17
163
268
133
-188
-370
-270
-94
-98
-216
-112
187
237
-136
-438
-176
361
542
234
-13
214
560
518
215
264
740
995
647
82
-38
311
522
314
29
41
183
33
-389
-637
-469
-160
-151
-415
-606
-601
-544
-575
-599
-451
-207
-90
-180
-331
-360
-235
-65
56
148
217
222
135
15
-18
77
213
273
244
148
39
-45
-98
-99
-26
46
44
-63
-217
-293
-265
-207
-171
-156
-141
-144
-209
-322
-358
-237
-85
-53
-126
-149
-104
-74
-102
-111
0
166
250
186
99
138
240
269
229
258
366
424
367
286
289
350
388
375
351
346
307
215
135
127
185
228
221
174
122
69
-8
-49
-22
33
66
48
1
-61
-116
-134
-108
-60
-38
-45
-49
-45
-67
-122
-139
-81
14
55
42
31
46
71
52
17
31
103
152
123
52
9
-15
-50
-94
-122
-111
-103
-129
-180
-238
-271
-282
-284
-260
-240
-227
-220
-209
-189
-180
-183
-166
-107
-67
-79
-97
-75
-38
-59
-110
-114
-59
-3
-10
-59
-65
-15
15
-47
-110
-65
42
82
23
-19
26
94
85
24
12
77
144
126
68
48
73
87
33
-13
7
65
68
-3
-50
-33
-6
-24
-52
-41
13
46
17
-36
-39
18
65
53
23
35
77
90
52
24
32
63
55
9
-11
12
48
51
24
11
26
39
26
13
34
69
77
45
22
27
50
56
45
43
60
71
53
28
23
54
86
83
59
58
75
75
57
38
36
52
58
40
11
-15
-11
-5
-16
-20
-18
-6
0
-14
-28
-39
-36
-16
-13
-13
-17
-14
-6
-18
-27
-30
-29
-19
-27
-36
-33
-29
-24
-39
-47
-41
-36
-36
-49
-50
-30
-12
-20
-31
-26
-12
-6
-18
-21
-17
-15
-27
-49
-52
-45
-28
-25
-36
-33
-24
-18
-33
-51
-42
-16
1
-10
-19
-19
-10
-6
-16
-21
-13
8
16
10
-4
2
20
29
33
15
15
29
35
30
9
7
22
29
22
-2
-9
3
15
9
-4
-2
15
26
13
-2
-2
18
29
27
20
19
31
38
31
21
19
34
34
27
17
12
23
19
10
6
3
7
3
-8
-8
-4
2
0
-4
-11
-5
-8
-18
-28
-30
-24
-28
-34
-44
-39
-34
-32
-40
-43
-35
-23
-27
-35
-35
-28
-19
-13
-17
-21
-18
-12
-12
-24
-22
-12
7
3
-9
-11
-1
15
10
5
4
9
17
10
0
-8
0
12
10
1
-9
2
6
5
-4
1
14
16
16
-5
-3
12
22
20
13
14
23
32
28
17
24
34
42
34
26
25
30
37
27
22
16
22
20
13
9
9
14
14
5
2
0
0
-4
-9
-10
-12
-4
-10
-16
-23
-21
-16
-21
-21
-17
-18
-16
-22
-23
-26
-19
-9
-10
-12
-14
-10
-11
-12
-22
-11
-1
2
-4
-14
-7
-2
0
-3
-8
-6
-5
-5
-7
-12
-7
-2
1
-6
-15
-17
-4
-4
-3
-7
-5
3
1
-2
-8
-7
1
9
5
-1
1
8
17
13
10
16
18
24
15
11
12
15
20
8
10
5
10
11
1
4
6
10
8
5
4
2
5
4
5
-1
3
6
-3
0
-10
-4
-4
-6
-4
-10
-4
-2
-7
-3
-7
-5
-1
0
0
0
-2
1
1
-7
1
-7
-1
-1
-3
0
-5
-2
-1
-1
0
-1
-1
-3
-1
-4
0
-1
-2
3
-2
6
2
4
2
-4
6
-4
-3
-1
-3
0
-2
-1
-4
0
0
-2
2
1
3
4
5
3
0
2
2
1
-1
-3
-2
-2
-1
-3
-1
0
0
4
-2
0
4
3
5
0
1
2
2
1
-6
-1
-5
-6
-5
-4
2
-1
0
-4
-3
0
-4
-3
-6
-3
-4
-2
1
1
2
0
0
2
1
0
-2
-1
-2
-2
-2
-2
-2
-6
-5
-2
-2
2
-2
-1
2
0
-2
-3
2
4
-4
0
3
0
9
3
-2
-3
0
2
-2
3
2
0
-5
2
2
1
1
-1
4
2
7
6
0
6
1
2
-1
3
6
-5
3
5
-1
-3
-2
1
-2
3
3
1
0
-2
-5
-3
5
-3
0
1
-6
2
-1
2
3
1
1
-3
0
4
