1
0
0
0
-1
0
1
0
0
0
-1
0
0
0
-1
2
2
1
1
-1
-1
1
0
0
-1
-1
0
0
0
0
0
1
0
1
0
0
-1
0
1
1
0
0
0
0
-1
0
-1
0
1
1
0
0
2
2
1
0
1
2
-1
2
1
0
0
0
0
-1
1
0
1
1
0
2
1
-1
-1
-1
-2
-1
-1
1
0
-2
1
0
1
1
1
1
1
-1
0
2
0
0
0
-1
0
1
0
0
-1
0
1
-1
1
1
0
1
0
0
0
0
0
-1
1
0
-1
1
0
1
-1
-2
0
2
0
0
-1
0
0
-1
0
1
0
0
2
0
-1
0
0
0
2
0
-1
0
0
0
-1
0
0
1
1
0
0
0
0
-1
-1
0
0
0
1
0
0
0
-1
0
0
1
0
0
-1
1
0
0
1
1
-1
1
0
-1
0
0
0
1
1
-1
1
-1
-1
-1
0
2
1
2
-2
-1
-1
-1
1
1
1
-1
-1
-1
1
0
-2
0
-1
-1
1
0
0
1
-1
0
0
0
0
0
-1
-1
-1
1
0
-1
-1
0
1
-2
-1
0
0
1
1
0
-1
1
2
0
-1
1
-1
-1
-1
0
1
1
-2
-2
1
-1
0
1
0
1
1
-1
0
1
0
0
1
1
1
1
1
2
1
0
1
2
3
3
1
0
1
2
1
0
2
0
3
2
1
1
1
0
0
1
1
0
0
-2
-1
0
-1
-1
-1
-2
-1
1
-1
-2
-1
-2
-3
-1
-2
-3
-2
-1
0
0
0
-1
1
1
0
1
0
2
2
2
2
3
3
4
3
3
4
4
3
2
2
2
1
2
3
2
2
3
2
1
0
1
2
0
-1
0
-1
-1
-3
-3
-3
-3
-4
-5
-3
-5
-3
-4
-5
-6
-6
-6
-6
-5
-7
-5
-6
-7
-5
-5
-4
-7
-4
-3
-1
-1
-3
-2
-1
0
0
1
2
4
3
4
4
5
6
7
7
6
7
6
8
7
7
6
7
7
2
3
4
3
1
3
2
-1
0
-1
-1
-2
-4
-5
-2
-5
-4
-2
-6
-4
-3
-4
-4
-4
-3
-4
-3
-4
-4
-3
-2
-2
-2
-2
0
1
1
0
2
1
2
4
2
3
4
4
4
5
4
5
4
4
5
5
5
5
4
5
4
4
5
6
4
4
3
3
3
3
3
2
2
2
1
1
0
-2
-1
-1
-3
-2
-2
-4
-4
-5
-5
-6
-6
-6
-9
-7
-6
-7
-8
-8
-8
-8
-9
-8
-7
-6
-5
-4
-4
-4
-2
0
0
1
2
3
5
6
5
7
9
8
8
10
9
11
13
12
12
11
12
11
11
10
11
8
6
3
2
1
-2
-4
-7
-8
-12
-16
-19
-21
-22
-24
-26
-29
-27
-29
-30
-29
-27
-24
-22
-20
-20
-19
-17
-14
-12
-6
-5
-3
-2
2
4
6
11
13
16
15
15
18
20
24
27
33
36
39
38
37
37
40
43
42
34
32
29
26
24
21
19
18
13
7
2
-4
-7
-7
-6
-6
-9
-15
-16
-15
-13
-14
-18
-17
-16
-20
-22
-21
-18
-12
-10
-13
-13
-17
-20
-19
-14
-12
-17
-23
-22
-18
-21
-23
-21
-13
-15
-25
-32
-27
-20
-21
-21
-17
-7
-5
-9
-1
13
21
17
12
18
26
27
22
26
36
37
28
15
15
20
19
12
1
-8
-14
-19
-22
-30
-38
-43
-48
-51
-59
-64
-65
-60
-55
-57
-62
-64
-55
-41
-35
-43
-48
-47
-39
-34
-27
-17
-7
2
5
10
12
24
34
40
42
48
61
67
61
71
108
158
174
157
160
199
234
227
209
229
274
290
263
238
242
261
270
261
230
177
120
96
84
35
-54
-112
-107
-115
-202
-319
-356
-314
-300
-374
-463
-469
-417
-387
-404
-422
-395
-337
-288
-259
-247
-211
-141
-53
-4
-9
-16
33
119
161
122
73
79
113
100
33
-19
-18
-12
-58
-124
-147
-134
-137
-179
-212
-204
-179
-167
-157
-128
-93
-74
-55
-3
95
195
261
291
304
322
358
436
559
678
704
624
581
689
860
874
737
697
854
910
576
119
103
520
676
157
-494
-560
-202
-202
-745
-1155
-955
-607
-783
-1344
-1578
-1236
-810
-748
-931
-982
-798
-545
-343
-180
-49
68
234
446
578
570
572
722
922
949
761
549
494
560
553
365
88
-112
-177
-207
-325
-526
-687
-715
-688
-727
-832
-872
-787
-651
-572
-578
-571
-440
-220
-70
-46
-13
127
297
382
396
451
577
681
681
641
686
795
836
756
662
648
689
682
578
457
407
415
356
202
39
-37
-58
-101
-215
-380
-494
-530
-537
-563
-621
-690
-732
-694
-613
-587
-601
-560
-440
-335
-286
-224
-111
-13
22
91
260
401
364
275
370
556
566
377
302
476
626
490
196
104
259
364
220
-16
-96
-32
29
-12
-129
-257
-305
-211
-114
-168
-303
-284
-87
20
-48
-66
113
291
269
206
342
639
837
866
889
964
1025
1066
1155
1239
1203
1159
1203
1116
692
259
311
638
518
-183
-759
-732
-602
-976
-1575
-1688
-1367
-1352
-1853
-2252
-2080
-1689
-1565
-1642
-1614
-1425
-1212
-979
-699
-454
-297
-128
156
418
487
478
642
911
979
778
589
593
642
530
284
57
-103
-247
-425
-578
-706
-877
-1046
-1139
-1167
-1217
-1266
-1201
-1066
-979
-979
-950
-806
-594
-417
-315
-202
-52
127
291
436
575
699
838
958
1031
1075
1181
1399
1529
1441
1273
1306
1517
1589
1478
1380
1399
1361
1203
1167
1285
1276
1023
848
941
1011
870
699
710
796
916
1083
782
-261
-1093
-423
1095
1227
-513
-1827
-958
419
-188
-2000
-2157
-304
706
-707
-2481
-2208
-537
256
-336
-992
-877
-409
-99
64
104
13
81
462
694
302
-267
-114
643
845
-15
-951
-910
-267
-165
-814
-1375
-1354
-1175
-1329
-1635
-1699
-1526
-1400
-1424
-1433
-1338
-1213
-1050
-788
-507
-373
-378
-266
44
338
380
291
408
692
778
551
391
624
929
790
303
120
475
763
495
31
-44
218
307
71
-156
-124
69
185
98
-93
-158
50
392
512
304
69
177
541
703
545
403
557
839
922
838
825
954
1088
1112
1115
1211
1351
1406
1398
1420
1435
1332
1166
1074
963
699
310
-8
-159
-270
-424
-681
-1092
-1613
-1969
-1910
-1677
-1752
-2173
-2442
-2242
-1894
-1818
-1878
-1712
-1292
-958
-940
-983
-717
-165
286
363
237
248
473
700
727
641
646
720
633
288
-41
-24
217
191
-334
-957
-1068
-698
-444
-693
-1181
-1365
-1099
-790
-805
-964
-809
-312
-1
-221
-511
-182
689
1286
1103
643
780
1572
2085
1799
1523
2055
2786
2629
1865
1822
2775
3454
2967
2065
1956
2677
3162
2782
2209
2507
3438
3137
394
-2975
-3170
772
4241
2130
-3915
-6748
-3393
442
-1342
-6016
-6139
-1225
1077
-3303
-8268
-6377
262
3193
-292
-4250
-3353
498
2553
1995
1357
1743
2085
1933
2094
2690
2805
2357
2292
2515
1667
-371
-1485
-301
1308
581
-2232
-4249
-3816
-2303
-1900
-2956
-4001
-3852
-3002
-2658
-3005
-3177
-2528
-1413
-746
-1030
-1603
-1177
254
966
197
-331
752
2090
1872
779
682
1670
2098
1155
207
805
2183
2167
494
-657
-27
955
794
-31
-511
-477
-244
-186
-643
-1281
-1251
-533
-169
-730
-1419
-1233
-397
-12
-457
-898
-510
255
496
362
584
1153
1531
1709
1997
2315
2369
2401
2870
3607
3909
3496
3065
3393
4179
4378
3769
3231
3459
4124
4036
1755
-2050
-3430
69
4294
2607
-4164
-7618
-3789
513
-2026
-7709
-7658
-1724
843
-4488
-10173
-7633
-67
2633
-1572
-5377
-3688
390
2078
1574
1656
2518
2709
2435
2945
4048
4401
3975
3962
4325
3504
1322
46
1214
2992
2354
-795
-3533
-3615
-2010
-1310
-2567
-4337
-4784
-3915
-3208
-3641
-4402
-3901
-2161
-1157
-2024
-3263
-2576
34
1991
1536
12
-176
1256
2469
1907
538
770
2489
2783
549
-1526
-740
1629
1841
-862
-3024
-2225
-373
-372
-2042
-2876
-1974
-1268
-2111
-3093
-2599
-1209
-542
-1280
-2400
-2326
-1075
-116
-208
-632
-430
221
388
76
239
1152
1972
2004
1462
1241
1801
2606
3071
3269
3460
3500
3240
3022
3488
4336
4445
3568
2881
3304
4176
4264
3457
2995
3905
5235
3627
-2217
-6892
-3216
6095
8674
-962
-11534
-9169
1845
4599
-5099
-11992
-4983
5342
2566
-9983
-13492
-2026
8943
5666
-4956
-7648
-186
6614
6062
2530
1838
3472
4287
4155
4470
4892
4424
3893
4132
3596
908
-1717
-959
2031
2342
-1966
-6710
-7113
-3887
-1745
-3246
-6266
-7395
-5985
-4254
-4145
-5087
-4955
-3084
-1368
-1611
-2875
-2677
-363
2092
2662
1391
-106
-332
953
2480
2695
1569
445
99
-105
-754
-1205
-741
-306
-1366
-3445
-4383
-3225
-1548
-1427
-2905
-4155
-3972
-2931
-2198
-2013
-1832
-1399
-1163
-1355
-1472
-988
110
1256
1620
851
-193
-70
1579
3209
3074
1722
1326
2415
3288
2976
2669
3625
5084
4960
3169
2405
4089
6185
6147
4068
2355
3210
5458
6030
4406
3000
3758
5830
4896
-1709
-7352
-3342
7154
9942
-1222
-13478
-10585
2888
6311
-5269
-14085
-6700
5560
3582
-10279
-15005
-2814
9130
5636
-5787
-8420
-256
6797
5807
2151
1699
3116
3709
3837
4660
5112
4166
3018
3095
2949
786
-1562
-1175
1095
1114
-2548
-6510
-6971
-4680
-3069
-3758
-5724
-7081
-6850
-5329
-4018
-4031
-4721
-4269
-2408
-1128
-1603
-2237
-894
1586
2684
1450
-108
251
1980
3002
2403
1387
988
1023
502
-552
-801
-29
225
-1261
-3203
-3638
-2383
-1440
-2052
-3072
-3149
-2684
-2799
-3157
-2629
-1015
12
-744
-2188
-2094
-41
1847
1705
353
209
1456
2410
2031
1489
2206
3628
3889
2758
2189
3007
4264
4591
4234
4032
4481
4686
4114
3925
4672
5450
4905
3597
2801
3704
5014
4776
3167
1964
2325
3430
2886
-1662
-5733
-3349
3614
5401
-2437
-10984
-9032
720
3170
-5256
-11690
-6098
3179
2031
-7873
-11150
-1831
7099
4550
-3624
-4926
1567
6807
5846
2983
2736
3939
4618
4753
4863
4282
3148
2697
3088
2287
-520
-2595
-1652
170
-1051
-5131
-7760
-6442
-3996
-4160
-6378
-7582
-6743
-5388
-5059
-5390
-5099
-3761
-2333
-1778
-2067
-2071
-633
1442
2016
758
-119
676
2384
2893
1613
382
695
1398
609
-1137
-2107
-1020
382
-637
-3529
-4829
-3210
-1155
-1306
-3444
-4486
-3302
-1902
-1991
-2613
-2317
-1036
-114
-750
-1706
-1122
886
2275
1767
293
173
1770
3074
2923
2186
2192
2963
3557
3358
3200
3687
4256
4337
4306
4475
4571
4380
4106
4396
5018
5038
4142
3420
3616
4331
4536
3650
2478
2082
2437
2693
2037
-690
-3615
-2921
1146
2956
-1202
-6887
-6859
-1220
1098
-3721
-8264
-5365
923
1336
-4679
-7883
-2850
3627
3436
-1278
-2773
662
4043
3909
2422
2409
3122
3140
2861
2915
2659
1770
1091
1185
863
-976
-3030
-3246
-2182
-2377
-4513
-6466
-6263
-4949
-4852
-6127
-6715
-5721
-4479
-4319
-4907
-4720
-3097
-1298
-853
-1349
-1342
-184
1341
1476
248
119
1768
2861
1948
118
-572
604
1501
0
-2130
-2334
-1006
-227
-1498
-3655
-3811
-1970
-1111
-2077
-3201
-3110
-1739
-558
-773
-1412
-1131
-48
1027
1149
539
902
2500
3473
2848
1793
2043
3787
4965
4070
2679
2950
4425
5217
4753
4082
4298
5081
5343
5029
4883
4954
4961
5039
5077
4777
4423
4280
4049
3698
3510
3417
3092
2277
1264
977
1552
996
-1930
-4524
-3277
370
867
-3687
-7884
-6145
-1400
-1128
-5693
-7819
-3868
633
-753
-5596
-6163
-997
3249
2036
-1232
-1327
1589
3632
3362
2597
2492
2502
2482
2711
2604
1528
233
13
487
-291
-2670
-4454
-4139
-3100
-3599
-5726
-7367
-7006
-5708
-5408
-6237
-6745
-5946
-4593
-4138
-4552
-4276
-2600
-791
-309
-939
-1134
-119
1133
1565
1343
1254
1519
1602
1142
492
183
172
63
-525
-1442
-1916
-1662
-1327
-1691
-2614
-3086
-2572
-1823
-1774
-2097
-1902
-1115
-472
-492
-653
-91
1049
1798
1795
1681
2145
3004
3415
3137
2902
3350
4174
4396
3671
3011
3535
4741
5167
4388
3549
3899
4947
5156
4345
3800
4177
4752
4577
3815
3530
3936
3994
3239
2465
2334
2487
2167
1369
757
605
526
-184
-1972
-3504
-2788
-664
-414
-3174
-5841
-4952
-1896
-1458
-4226
-5403
-2663
158
-922
-3969
-3833
56
2711
1368
-720
-97
2076
2921
2219
1876
2370
2371
1598
1170
1175
663
-312
-855
-945
-1628
-3266
-4531
-4363
-3835
-4453
-5867
-6611
-6190
-5522
-5554
-5820
-5402
-4708
-4447
-4213
-3507
-2534
-1672
-1210
-979
-570
-341
-327
404
1614
1942
1210
364
173
698
796
-182
-851
-515
-415
-1245
-2301
-2519
-1657
-1191
-2182
-3095
-2595
-1654
-1321
-1436
-1335
-664
-7
138
335
928
1600
2284
2860
3099
3176
3333
3677
4174
4472
4441
4402
4527
4699
4676
4458
4566
5140
5446
5091
4620
4638
5036
5180
4949
4805
4777
4625
4427
4244
4099
3978
3765
3525
3149
2285
1419
1284
1435
957
-227
-1206
-1106
-1096
-2806
-4606
-3835
-1744
-1902
-4743
-6591
-4661
-1905
-2647
-5073
-4468
-1344
-244
-2335
-3622
-1110
2203
1966
-338
-354
1840
2855
1819
1062
1885
2395
1023
-455
-303
145
-682
-1998
-2567
-2800
-3795
-5164
-5419
-4698
-4774
-5944
-6625
-6130
-5474
-5499
-5595
-4929
-4050
-3807
-3742
-2992
-1823
-1198
-1210
-1043
-590
-383
-33
835
1418
1064
245
-138
283
548
-270
-953
-508
-167
-843
-1901
-2359
-1680
-774
-1129
-2144
-2198
-1313
-437
-260
-743
-664
486
1388
1333
1168
1664
2712
3420
3201
2913
3433
4144
4278
4022
3800
3897
4240
4436
4394
4185
3832
3795
4447
4984
4528
3744
3836
4644
4753
3774
3261
4226
5161
4329
2648
2268
3335
3920
3030
1905
1722
1738
859
-369
-824
-657
-758
-1389
-2322
-3541
-4689
-4693
-3340
-2553
-4037
-6132
-5803
-3333
-2174
-3643
-4775
-3007
-337
-261
-2164
-2167
733
3067
2183
-6
-104
1917
3200
2383
992
545
598
165
-713
-1408
-1727
-2065
-2811
-3892
-4932
-5495
-5337
-4854
-4875
-5603
-6329
-6287
-5439
-4512
-4037
-3784
-3504
-3174
-2492
-1499
-734
-368
-324
-264
386
1141
1064
854
1338
1729
1332
338
-531
-51
1349
1295
-457
-1711
-1379
-177
348
-717
-1739
-901
462
367
-680
-881
608
2399
2250
686
438
2233
4034
3931
2472
2066
3542
4822
4312
3026
2811
4119
5305
4621
3041
2919
4439
5740
5380
3811
3083
4290
5841
5711
4221
3266
4030
5620
5731
3597
1660
2449
4648
4797
2215
78
1020
2931
1170
-3975
-6126
-2181
2156
210
-6175
-9176
-5621
-1600
-3444
-7776
-7296
-2677
-975
-4493
-7628
-5072
421
2105
-805
-2890
-1169
1850
3073
2576
2256
2555
2497
2109
2109
2146
1797
1511
1299
327
-1732
-3487
-3210
-1720
-1892
-4473
-6868
-6894
-5516
-5086
-6014
-6680
-6304
-5728
-5521
-5421
-4906
-3934
-3105
-2738
-2676
-2996
-2901
-1145
1016
1179
-371
-1217
-24
2011
2090
172
-317
1359
1912
144
-1355
-464
1673
1733
-910
-2471
-832
1127
803
-650
-941
206
970
395
-4
807
1778
2065
1894
1679
1773
2190
2754
3359
3395
2725
2541
3325
4003
3964
3652
3693
4241
4650
4549
4686
5257
5358
4985
4890
5242
5562
5110
4130
4020
4846
5017
3927
2878
2738
2456
227
-3062
-3406
-101
2057
-974
-6374
-8025
-4880
-2507
-4887
-7876
-6428
-2895
-3155
-7070
-8478
-4289
532
191
-3193
-3657
-420
2375
2662
2312
3070
3797
3239
2802
3845
4976
4597
3464
2715
1908
500
-568
-344
80
-1241
-3764
-5231
-5252
-5203
-5643
-5925
-6056
-6643
-7499
-7349
-5936
-4843
-5013
-5276
-4684
-4345
-4789
-4360
-1836
428
120
-1655
-1888
62
1720
1581
818
1479
2329
1647
375
432
1710
2517
1809
63
-933
-331
966
1271
369
-702
-721
-75
122
-162
157
1312
1680
681
-165
787
2531
3315
2830
2257
2483
3128
3680
4190
4757
4767
4529
4900
5767
6116
6005
6281
6864
7132
6472
5719
5838
6724
7067
6247
5213
4312
3910
3704
2728
-261
-2989
-1926
1340
1282
-4081
-8822
-7532
-2894
-3107
-8439
-10573
-6131
-2270
-5309
-10301
-9321
-3058
259
-2190
-5050
-3549
207
2268
2257
2207
2913
3507
4077
4848
5104
4393
4243
4804
4444
2290
312
319
1223
598
-2031
-4271
-4931
-4769
-5212
-5982
-6799
-7268
-7729
-7988
-7583
-7089
-6791
-6543
-6261
-7261
-6997
-4600
-2367
-2157
-2849
-2617
-1293
538
163
-279
1731
3702
2517
716
924
2289
3325
2653
1311
986
1354
704
293
533
495
-158
-922
-1157
-967
-757
-750
-357
-306
-865
-1080
-378
683
1429
1389
1161
1619
2426
3196
3926
4329
4394
5029
6001
6623
6923
7173
7827
8724
8505
7121
6744
8224
9415
8662
6570
5195
5626
6273
4377
25
-2224
13
3255
1507
-4918
-9078
-6482
-1802
-3298
-9357
-11143
-6132
-2583
-6207
-11367
-9924
-3402
-412
-3525
-6536
-4506
-355
1452
908
973
2155
2991
3384
4207
4865
4537
4331
4936
5029
3371
1583
1586
2752
2311
-347
-2622
-3018
-2930
-3695
-4628
-4988
-5579
-6829
-7639
-7027
-6273
-7426
-8311
-7300
-5682
-5593
-6491
-6021
-4144
-2447
-3038
-3578
-1737
465
682
-99
187
1372
2314
2232
1716
1857
2389
2245
1876
1623
1605
1616
1264
606
-74
-217
130
331
-418
-1526
-1573
-777
-469
-761
-1064
-690
89
302
69
377
1648
2665
2992
3328
4034
5155
6017
6625
7173
7790
8698
9129
8880
8559
9076
10111
10247
9093
7501
7106
6901
4147
925
1346
4685
4894
-773
-6843
-6719
-1698
-889
-6386
-10211
-7380
-3246
-4882
-10167
-11134
-5637
-1006
-2719
-6642
-6474
-2685
304
511
38
732
1769
2089
2436
3385
3991
3874
3675
3795
3305
2036
1156
1568
2058
988
-1042
-2659
-3254
-3281
-3468
-3757
-4335
-5340
-6778
-7633
-6643
-5469
-5484
-6543
-6920
-6083
-4956
-4319
-4796
-4405
-2585
-1215
-1574
-2262
-1592
59
1372
1217
178
8
984
1673
1698
1448
1392
1263
865
486
381
646
831
625
-44
-809
-1176
-1166
-962
-433
-218
-627
-1233
-1371
-978
-419
294
666
903
1215
1493
1923
2905
4313
5210
5370
5394
5469
5938
7050
8076
8377
7764
7174
7198
7703
6790
3531
1807
4007
7132
5493
-448
-4154
-1740
2404
696
-4916
-6581
-2608
-24
-3352
-7928
-7255
-2388
-147
-2566
-5031
-4062
-1517
-113
-2
152
470
434
700
1775
2532
2174
1752
2279
2737
1814
303
-8
1126
1304
-150
-1611
-2005
-2050
-2974
-3917
-3917
-3084
-3371
-5362
-6357
-5167
-3395
-3403
-4779
-5376
-4284
-2531
-2343
-3101
-2654
-1012
-57
-725
-1385
-688
1014
1936
1040
-146
-141
775
1256
1093
815
484
62
-204
-78
77
-52
-369
-555
-713
-1128
-1612
-1394
-426
-82
-831
-1593
-1275
-271
405
408
173
523
1051
1424
1884
2586
3317
3783
4044
3851
4102
4914
5639
5746
5164
4837
5096
5262
3052
142
451
4011
5820
2001
-3528
-4496
-249
1945
-1630
-5409
-3716
361
-69
-4385
-6048
-2127
2189
1781
-1332
-2125
155
2454
3287
3382
3349
2962
2716
3532
4615
4384
3165
2770
3419
3151
1302
-418
-153
1134
877
-1332
-3773
-4709
-4350
-3728
-3899
-5157
-6300
-6420
-5585
-5122
-5709
-6232
-5414
-3811
-3613
-4609
-4430
-2304
-298
-387
-1405
-1199
387
1492
1253
1057
1750
2422
1950
1065
1058
1869
2434
1994
976
279
361
671
436
-372
-1074
-1138
-858
-922
-1576
-2109
-1946
-1459
-1386
-1647
-1517
-805
-187
-242
-275
465
1628
2157
1959
2136
3209
4413
4460
3900
3947
4816
5532
4832
2457
-222
130
3562
5803
2815
-3062
-5161
-1869
1085
-1738
-6141
-5398
-1024
-597
-5557
-8563
-5008
532
986
-2689
-4231
-1557
1432
2034
1899
2710
3573
3448
3503
4614
5644
5337
4613
4705
4948
4129
2865
2697
3295
3043
1465
-220
-1242
-1773
-2074
-2138
-2291
-3224
-4408
-4779
-4234
-4094
-4719
-4841
-4072
-3376
-3669
-4021
-3353
-2021
-1252
-1302
-1250
-848
-362
217
1003
1411
1004
441
639
1493
1929
1494
947
1109
1597
1583
939
326
345
842
1081
529
-305
-580
-200
118
-205
-673
-543
225
490
-152
-647
-83
1169
1550
869
142
851
2488
3197
2511
1511
2003
3295
3479
850
-2120
-1337
2748
4982
1229
-4322
-5178
-711
1703
-2027
-6227
-4739
-92
-63
-4816
-7511
-4099
497
485
-2606
-3765
-1960
-168
600
1201
1762
1288
608
1499
3461
3927
2519
1764
2895
3824
2641
890
832
2231
2676
1520
-376
-1748
-1927
-917
261
-318
-2487
-4064
-2873
-770
-868
-2777
-3144
-1085
243
-852
-2305
-1222
1218
1904
446
-384
785
2152
2232
1560
1413
1641
1595
1236
1199
1617
1957
1757
999
143
-153
425
1133
938
-189
-950
-711
-159
-344
-910
-821
-15
297
-697
-1468
-759
894
1369
337
-650
-238
1356
2265
2192
1558
1521
2012
2101
483
-2081
-1799
1924
4903
1930
-4248
-6111
-1550
2301
-954
-6284
-5814
-563
552
-4535
-8249
-4928
695
925
-3207
-5128
-2509
416
888
363
621
865
538
1001
2672
3548
2395
1120
1631
2832
2273
493
-175
1003
1870
872
-1439
-3219
-2926
-1135
110
-1220
-3910
-4962
-2832
-320
-790
-3115
-3480
-1102
534
-325
-1636
-563
1848
2700
1534
738
1673
3074
3752
3587
3233
2846
2785
3191
3770
3713
2961
2492
2602
2557
1762
1145
1372
1864
1404
236
-299
165
560
7
-648
-559
-35
-27
-332
-162
309
225
-507
-605
446
1542
1297
265
178
1158
1416
-582
-3072
-2798
516
2690
201
-4345
-5569
-2449
-198
-2409
-5739
-5132
-1695
-1137
-4537
-6943
-4691
-868
-179
-2263
-3283
-1883
-279
264
654
1499
1804
1296
1386
2625
3417
2553
1482
1935
3022
2476
339
-894
-22
1019
0
-2504
-3941
-3216
-1936
-2066
-3572
-4666
-4242
-3023
-2484
-2893
-3057
-2257
-1177
-842
-977
-436
1031
2217
2164
1670
1980
3113
3966
4002
3755
3818
3954
3705
3494
3807
4258
4002
3054
2257
2173
2452
2412
2128
1980
1880
1488
1002
891
1194
1544
1567
1333
1146
1260
1709
2209
2240
1627
1257
1861
2626
2264
1135
817
1358
756
-1894
-3757
-1946
1381
1133
-3380
-6941
-5741
-2574
-2685
-5758
-6739
-4170
-2585
-5078
-8162
-7108
-2855
-656
-2443
-4577
-3779
-1507
-445
-293
453
1525
1511
676
823
2271
3047
2190
1351
1671
2013
1004
-586
-1042
-355
-483
-2227
-3699
-3426
-2463
-2672
-3998
-4843
-4204
-3023
-2714
-3048
-3006
-2311
-1467
-796
-348
123
801
1531
2209
2716
2962
3169
3726
4307
4361
4012
3876
4327
4877
4739
3912
3309
3202
3014
2547
2343
2702
2912
2156
892
589
1427
1965
1423
754
1047
1897
2181
1725
1536
2025
2513
2600
2532
2440
2234
2219
2502
2282
548
-1722
-1841
761
2720
812
-3179
-4785
-2962
-1419
-2837
-4777
-3871
-1578
-2122
-5583
-7431
-4991
-1316
-766
-3084
-4556
-3613
-2138
-1617
-1402
-620
59
-281
-1069
-1103
-331
414
815
789
92
-1123
-1850
-1420
-735
-1206
-2588
-3167
-2588
-2434
-3570
-4487
-3671
-2166
-2197
-3754
-4301
-2666
-793
-788
-1912
-1936
-390
1011
1011
563
1084
2395
3180
2886
2340
2614
3713
4584
4506
3878
3609
3976
4363
4129
3532
3353
3717
3973
3595
2859
2509
2747
2957
2616
2051
1961
2439
2768
2405
1790
1711
2215
2627
2465
1962
1644
1709
1760
1053
-605
-1932
-1274
816
1408
-1057
-3977
-3864
-1512
-947
-3170
-4521
-2620
-423
-1568
-4481
-4816
-2147
-217
-963
-2232
-1962
-1170
-1277
-1414
-473
447
-90
-1228
-1211
-324
-249
-1099
-1434
-978
-1053
-2182
-3194
-3265
-3249
-3954
-4601
-4356
-3972
-4585
-5527
-5227
-3846
-3180
-3869
-4254
-3014
-1258
-862
-1522
-1279
430
1996
2136
1701
2125
3265
3848
3617
3508
3980
4384
4229
3991
4086
4051
3390
2695
2782
3313
3223
2363
1683
1707
1918
1762
1440
1310
1322
1389
1668
2056
2143
1972
2084
2675
3217
3288
3107
2984
2954
2843
2221
827
-344
410
2783
3528
579
-3114
-3147
-242
650
-1856
-3501
-1608
343
-1414
-4503
-4234
-1051
521
-925
-2364
-1897
-1107
-1206
-923
368
899
-367
-1586
-969
311
219
-862
-1217
-865
-1184
-2375
-3306
-3582
-3905
-4368
-4424
-4388
-5087
-6086
-5969
-4765
-4256
-5167
-5746
-4466
-2466
-1861
-2549
-2523
-989
698
1300
1330
1846
2842
3522
3618
3633
3934
4382
4715
4831
4675
4189
3556
3193
3271
3431
3187
2509
1829
1444
1246
1029
784
569
336
148
196
408
451
322
485
1114
1646
1541
1154
1244
1840
2074
1169
-386
-958
479
2612
2697
103
-2308
-1837
110
185
-1562
-1839
162
1064
-1141
-3478
-2521
330
1380
261
-523
-177
-112
-450
299
1959
2333
793
-548
-133
893
909
267
31
-37
-854
-2345
-3602
-3962
-3404
-2554
-2613
-4316
-6456
-6894
-5379
-4061
-4365
-5086
-4600
-3512
-3397
-3897
-3256
-1296
208
273
50
755
1896
2538
2916
3672
4466
4545
4139
4210
4916
5392
5028
4296
3955
4100
4183
3808
3115
2591
2484
2418
1883
1074
726
1045
1310
864
102
-118
341
773
611
53
-235
92
518
-123
-1992
-3149
-1646
1165
1530
-1454
-4014
-3039
-738
-950
-2857
-2562
70
896
-1628
-3766
-2372
528
1411
437
11
452
298
-261
351
1920
2373
1127
-18
155
629
241
-460
-526
-467
-1480
-3343
-4452
-4021
-3119
-3305
-4633
-5834
-6039
-5657
-5460
-5374
-4867
-4043
-3661
-3894
-3896
-2924
-1438
-478
-173
291
1320
2292
2674
2900
3639
4688
5300
5282
5179
5410
5707
5704
5497
5454
5583
5497
4961
4253
3846
3864
3873
3453
2754
2311
2341
2382
1937
1256
1055
1433
1593
931
23
-76
686
963
-555
-3045
-3805
-1539
1237
789
-2643
-4811
-3440
-1459
-2199
-3982
-3060
-188
237
-2691
-4785
-3171
-255
574
-230
-372
72
-416
-1295
-653
1268
2098
949
-466
-637
-208
-361
-936
-1191
-1320
-2061
-3319
-4237
-4426
-4331
-4425
-4744
-5214
-5849
-6412
-6370
-5555
-4563
-4124
-4257
-4309
-3787
-2862
-1985
-1283
-555
333
1181
1719
1984
2335
3096
4171
5023
5191
4831
4510
4656
5171
5669
5814
5442
4770
4323
4370
4506
4189
3631
3527
3902
3941
3248
2508
2512
3120
3506
3173
2406
1968
2335
2947
2437
439
-1221
-395
2164
3048
676
-2237
-2409
-649
-323
-1976
-2637
-936
419
-1113
-3770
-4098
-1977
-280
-442
-1184
-1391
-1562
-1996
-1783
-602
297
-60
-1034
-1558
-1564
-1500
-1375
-1264
-1687
-2701
-3502
-3648
-3790
-4436
-4895
-4512
-4161
-5040
-6543
-6832
-5485
-4145
-4150
-4831
-4820
-3991
-3217
-2820
-2314
-1462
-610
-11
494
1009
1450
1916
2669
3546
3993
3789
3425
3530
4126
4702
4790
4369
3874
3757
3963
3971
3524
3116
3265
3676
3601
2987
2581
2842
3343
3418
2951
2474
2548
3067
3055
1692
-134
-272
1787
3496
2297
-634
-1843
-589
350
-739
-1865
-886
740
242
-2004
-3084
-1882
-199
385
275
161
-256
-973
-944
249
1363
1178
226
-247
-153
-238
-610
-839
-955
-1398
-2075
-2551
-2988
-3775
-4512
-4460
-3985
-4336
-5687
-6584
-6014
-4881
-4639
-5227
-5398
-4709
-3905
-3535
-3225
-2521
-1638
-939
-308
432
1069
1469
1963
2794
3515
3606
3365
3526
4155
4571
4381
3971
3842
3931
3878
3569
3181
2864
2630
2445
2290
2129
1921
1677
1451
1287
1151
983
863
949
988
410
-719
-1246
-287
1196
1330
-111
-1314
-1033
-230
-261
-672
-220
807
938
-90
-902
-521
492
1219
1504
1469
1023
374
209
767
1344
1243
683
243
-32
-420
-923
-1286
-1508
-1801
-2204
-2649
-3164
-3773
-4278
-4422
-4341
-4423
-4775
-5081
-5000
-4639
-4373
-4292
-4103
-3584
-2890
-2333
-1934
-1446
-775
-66
576
1230
1907
2436
2738
2993
3337
3667
3875
4046
4208
4184
3870
3505
3386
3483
3481
3221
2823
2428
2036
1659
1422
1430
1570
1549
1217
710
330
270
462
663
673
454
116
-126
-105
89
233
255
230
172
17
-180
-237
-91
91
116
-10
-165
-288
-350
-322
-252
-261
-415
-620
-740
-769
-820
-981
-1222
-1429
-1530
-1596
-1759
-2043
-2321
-2488
-2585
-2698
-2812
-2891
-2956
-3058
-3176
-3243
-3226
-3104
-2883
-2629
-2470
-2439
-2372
-2141
-1790
-1385
-967
-587
-331
-161
91
470
841
1155
1516
1869
2071
2101
2154
2403
2689
2832
2891
2993
3064
3017
2949
2962
3027
3017
2951
2904
2827
2683
2545
2479
2430
2306
2142
2025
1928
1786
1613
1468
1377
1310
1230
1121
978
837
744
696
638
558
472
383
272
145
29
-68
-152
-240
-353
-514
-710
-882
-1017
-1155
-1301
-1432
-1558
-1736
-1956
-2144
-2279
-2401
-2523
-2612
-2689
-2818
-2987
-3113
-3162
-3188
-3216
-3203
-3173
-3190
-3231
-3201
-3091
-2973
-2859
-2693
-2496
-2351
-2246
-2061
-1782
-1508
-1272
-1019
-755
-533
-332
-64
256
524
731
946
1170
1341
1475
1660
1882
2051
2148
2234
2312
2348
2385
2480
2588
2623
2594
2570
2549
2495
2443
2449
2478
2449
2372
2280
2181
2070
1992
1978
1971
1903
1792
1680
1570
1453
1366
1332
1297
1203
1078
959
835
699
575
485
406
291
147
5
-138
-288
-429
-557
-682
-812
-941
-1074
-1204
-1331
-1462
-1597
-1714
-1801
-1876
-1955
-2037
-2117
-2190
-2256
-2296
-2298
-2288
-2284
-2271
-2239
-2215
-2196
-2138
-2027
-1912
-1828
-1744
-1635
-1520
-1408
-1271
-1104
-943
-818
-687
-532
-385
-243
-75
114
281
418
557
713
866
1002
1144
1289
1402
1489
1576
1665
1724
1760
1799
1816
1801
1763
1727
1688
1618
1524
1423
1322
1207
1088
974
854
731
624
533
421
313
239
198
168
129
100
93
110
133
164
210
251
297
358
417
447
461
485
512
511
488
451
395
321
229
123
3
-134
-280
-413
-561
-730
-898
-1061
-1206
-1332
-1443
-1552
-1651
-1732
-1785
-1819
-1841
-1842
-1811
-1757
-1686
-1604
-1512
-1408
-1292
-1153
-982
-802
-639
-484
-319
-143
30
199
371
546
705
832
954
1077
1191
1294
1384
1464
1522
1553
1573
1593
1614
1617
1595
1557
1512
1463
1415
1355
1278
1190
1092
995
906
817
704
585
470
358
259
153
37
-63
-152
-244
-331
-412
-485
-544
-592
-632
-668
-715
-759
-774
-760
-763
-796
-828
-843
-837
-844
-874
-901
-927
-965
-1025
-1074
-1108
-1150
-1208
-1276
-1329
-1375
-1426
-1474
-1503
-1518
-1528
-1548
-1549
-1523
-1473
-1421
-1378
-1317
-1222
-1107
-1006
-909
-785
-628
-483
-374
-234
-44
141
269
377
548
762
928
1035
1154
1328
1490
1588
1690
1843
1980
2046
2081
2160
2268
2317
2324
2351
2401
2402
2336
2276
2282
2294
2225
2103
2007
1945
1865
1756
1644
1549
1438
1288
1133
1027
938
818
672
527
418
298
152
16
-66
-130
-257
-424
-557
-623
-688
-812
-942
-1023
-1091
-1209
-1341
-1423
-1462
-1546
-1689
-1801
-1844
-1900
-2016
-2121
-2161
-2189
-2279
-2390
-2428
-2404
-2428
-2522
-2572
-2524
-2475
-2511
-2551
-2471
-2342
-2305
-2338
-2276
-2089
-1944
-1902
-1837
-1646
-1430
-1324
-1254
-1052
-763
-585
-508
-334
-40
206
318
451
730
1007
1134
1202
1401
1692
1869
1913
2003
2188
2340
2373
2398
2530
2669
2681
2619
2625
2694
2720
2660
2617
2633
2619
2530
2417
2380
2397
2353
2227
2106
2043
1996
1894
1778
1724
1690
1584
1411
1274
1225
1182
1065
917
817
742
602
423
306
258
177
-22
-236
-347
-415
-560
-779
-929
-984
-1110
-1350
-1547
-1588
-1605
-1779
-2009
-2090
-2049
-2118
-2309
-2382
-2274
-2237
-2400
-2523
-2399
-2210
-2224
-2346
-2280
-2068
-2001
-2097
-2064
-1808
-1620
-1666
-1712
-1539
-1298
-1235
-1282
-1161
-908
-789
-819
-768
-535
-321
-295
-305
-170
50
168
183
253
413
529
536
528
611
751
814
796
764
780
833
837
802
803
839
853
793
712
731
812
839
780
742
799
870
855
822
905
1064
1118
1045
1027
1165
1318
1318
1251
1315
1452
1448
1310
1261
1388
1458
1283
1075
1055
1114
980
707
588
625
515
185
-62
-39
-14
-258
-565
-636
-568
-680
-935
-1000
-853
-827
-1025
-1153
-1008
-826
-852
-932
-820
-621
-580
-647
-561
-321
-180
-204
-205
-71
74
97
94
173
262
271
232
246
312
329
289
249
231
213
177
141
119
78
23
-29
-95
-157
-198
-207
-232
-324
-426
-458
-443
-473
-550
-584
-567
-583
-650
-690
-641
-592
-622
-666
-643
-584
-580
-608
-562
-467
-429
-461
-466
-389
-311
-306
-301
-242
-180
-169
-179
-139
-75
-48
-38
-11
7
18
43
96
135
115
108
170
217
201
188
263
351
328
254
304
422
444
370
371
495
550
451
398
517
641
593
474
508
648
663
556
554
683
743
653
604
699
802
771
709
758
849
849
789
805
888
905
845
817
844
843
790
759
755
710
614
538
500
449
346
253
185
97
-38
-155
-205
-273
-398
-522
-587
-642
-737
-854
-913
-917
-957
-1038
-1112
-1126
-1116
-1137
-1165
-1158
-1151
-1149
-1158
-1155
-1131
-1100
-1079
-1073
-1084
-1070
-1028
-1012
-1023
-1033
-989
-935
-958
-1013
-989
-895
-845
-888
-911
-828
-729
-728
-757
-680
-529
-461
-496
-452
-281
-139
-130
-122
26
219
275
252
331
526
664
657
650
785
938
960
921
973
1117
1178
1124
1100
1179
1251
1231
1167
1180
1250
1248
1170
1118
1140
1170
1127
1045
1006
1006
987
930
865
826
813
775
706
633
599
594
559
487
418
389
389
357
285
245
259
242
173
105
108
123
73
-16
-53
-38
-66
-155
-233
-236
-247
-325
-439
-501
-500
-535
-621
-703
-745
-778
-824
-874
-905
-944
-976
-986
-991
-1008
-1037
-1034
-981
-963
-982
-979
-926
-868
-861
-856
-786
-703
-685
-695
-644
-524
-473
-496
-482
-386
-293
-293
-322
-265
-165
-128
-158
-160
-91
-31
-43
-58
-28
20
24
-9
-7
40
62
39
27
47
83
90
73
88
129
165
178
178
211
263
308
345
374
413
466
511
548
591
637
681
712
744
784
814
833
850
874
899
895
878
876
879
877
844
803
782
764
735
694
648
620
582
537
497
461
421
375
340
310
278
230
186
167
148
122
78
50
34
21
-2
-35
-64
-86
-113
-137
-164
-198
-230
-259
-282
-307
-341
-375
-407
-428
-455
-493
-533
-564
-587
-612
-639
-680
-705
-722
-735
-758
-788
-808
-821
-826
-848
-879
-891
-881
-879
-892
-905
-893
-871
-852
-842
-828
-796
-757
-719
-686
-645
-593
-532
-471
-416
-356
-287
-215
-145
-78
-9
58
113
168
224
278
319
351
380
410
439
450
458
466
473
479
473
462
456
458
463
460
453
462
476
499
509
517
538
573
613
632
651
684
737
769
776
788
817
846
847
834
835
844
834
800
754
732
707
657
585
525
489
442
361
276
220
179
119
37
-28
-70
-115
-171
-239
-286
-314
-356
-398
-441
-465
-487
-527
-557
-572
-583
-597
-621
-643
-642
-645
-660
-666
-665
-652
-642
-639
-625
-613
-594
-573
-552
-532
-511
-491
-465
-432
-402
-384
-359
-324
-297
-276
-265
-241
-208
-196
-193
-176
-153
-138
-131
-120
-103
-82
-75
-65
-45
-21
-6
3
20
51
79
95
114
143
175
203
228
253
283
311
333
360
386
398
407
427
448
454
450
451
460
468
461
445
436
430
426
404
381
368
355
347
323
300
284
269
261
251
234
214
201
192
185
165
156
155
152
141
128
120
113
109
98
85
79
67
50
39
29
21
9
-13
-33
-42
-60
-77
-100
-118
-132
-150
-180
-202
-219
-242
-254
-277
-299
-311
-331
-346
-355
-369
-370
-377
-386
-387
-380
-379
-381
-367
-356
-341
-334
-329
-308
-290
-272
-254
-240
-215
-192
-184
-167
-145
-129
-124
-114
-99
-79
-72
-71
-61
-43
-30
-32
-31
-26
-10
-15
-22
-16
-11
0
2
6
13
26
30
35
44
54
62
62
70
86
95
101
108
121
143
158
158
163
175
187
193
195
199
208
215
216
220
225
232
234
235
239
236
232
229
225
226
226
214
208
214
214
202
188
181
179
166
144
131
125
122
101
74
56
49
37
16
5
-7
-20
-41
-58
-64
-72
-89
-107
-113
-113
-124
-136
-140
-135
-132
-137
-138
-136
-130
-134
-136
-128
-125
-124
-128
-120
-112
-109
-108
-106
-101
-96
-93
-94
-96
-95
-97
-97
-97
-95
-89
-87
-91
-89
-81
-89
-90
-86
-80
-77
-71
-63
-62
-62
-57
-52
-53
-57
-46
-36
-29
-27
-25
-17
-17
-9
-2
-1
6
16
16
21
31
30
33
39
43
46
50
60
62
59
60
63
69
74
70
77
81
79
82
94
97
95
102
106
105
104
105
100
98
108
111
108
104
113
112
104
106
99
91
92
99
96
86
81
83
78
71
67
63
58
56
58
43
33
36
28
9
0
-3
-10
-12
-22
-29
-44
-53
-62
-80
-88
-90
-98
-110
-116
-122
-128
-133
-138
-138
-137
-151
-159
-161
-157
-149
-155
-152
-139
-145
-146
-140
-138
-133
-129
-124
-116
-109
-107
-99
-94
-100
-88
-85
-87
-71
-60
-56
-52
-50
-46
-42
-38
-31
-24
-24
-10
3
-8
-4
12
15
20
26
33
41
46
51
59
65
72
91
95
100
115
118
120
136
149
155
156
163
173
170
170
182
177
178
181
182
178
171
179
174
162
161
154
142
135
133
127
115
110
107
93
78
71
65
58
51
44
27
11
8
-8
-20
-24
-29
-44
-49
-63
-76
-82
-101
-106
-114
-115
-121
-133
-137
-139
-144
-148
-152
-160
-161
-153
-164
-161
-154
-157
-145
-155
-151
-141
-147
-146
-134
-132
-125
-119
-117
-102
-98
-104
-96
-96
-94
-78
-73
-65
-52
-47
-47
-42
-37
-30
-32
-33
-10
-3
-5
7
12
18
22
23
29
34
41
50
51
57
64
72
71
78
82
83
89
92
92
94
103
113
117
118
112
115
109
110
113
108
111
109
112
102
101
110
94
91
87
80
79
65
73
69
59
67
59
56
50
48
44
33
34
25
18
13
9
16
2
6
5
-14
-17
-32
-37
-36
-42
-43
-45
-49
-51
-58
-64
-69
-76
-81
-80
-80
-82
-79
-83
-85
-88
-84
-87
-95
-91
-91
-88
-89
-83
-77
-74
-73
-74
-70
-69
-69
-60
-62
-61
-52
-51
-46
-45
-38
-35
-37
-31
-27
-24
-17
-15
-10
1
4
9
9
7
14
16
21
27
28
36
38
47
50
53
59
57
58
57
62
70
70
78
82
86
92
84
89
87
84
89
84
92
88
90
95
89
90
79
74
69
58
60
54
47
49
41
39
31
20
17
7
5
-4
-5
-6
-11
-13
-18
-26
-33
-44
-51
-50
-53
-54
-61
-61
-57
-61
-66
-65
-69
-70
-71
-76
-76
-78
-74
-75
-77
-77
-77
-78
-83
-82
-75
-77
-69
-64
-66
-59
-62
-57
-48
-45
-40
-39
-31
-26
-23
-16
-15
-12
-9
-7
5
3
11
13
13
20
17
21
26
27
35
37
43
45
47
50
48
59
54
60
64
66
74
72
67
66
60
62
57
55
55
55
54
56
60
56
49
46
37
35
34
28
34
26
25
22
11
11
4
-5
-1
-9
-12
-9
-13
-16
-20
-22
-26
-26
-32
-42
-41
-48
-42
-44
-49
-48
-57
-57
-50
-54
-53
-56
-55
-54
-54
-58
-60
-60
-61
-58
-60
-56
-55
-60
-57
-53
-49
-37
-33
-28
-23
-16
-11
-3
6
12
16
25
28
34
37
41
44
51
52
54
59
54
56
53
52
51
56
54
59
59
62
62
58
59
63
64
69
68
71
68
67
64
60
56
55
52
48
41
36
33
30
31
24
26
21
15
12
8
3
1
-5
-9
-14
-19
-31
-37
-42
-43
-49
-54
-59
-65
-68
-69
-74
-70
-71
-76
-79
-80
-84
-80
-82
-85
-86
-86
-90
-85
-83
-82
-84
-82
-81
-82
-78
-75
-72
-69
-66
-65
-59
-56
-49
-46
-41
-37
-29
-19
-9
-3
2
10
20
28
38
43
54
61
66
73
77
84
87
95
100
103
106
108
103
101
97
101
98
102
101
103
101
99
97
95
91
89
85
87
83
80
78
73
64
56
50
43
36
27
21
14
14
6
1
-6
-10
-12
-17
-25
-33
-38
-44
-49
-55
-62
-65
-69
-74
-78
-81
-85
-93
-98
-101
-101
-96
-99
-104
-105
-105
-106
-105
-105
-104
-107
-103
-106
-105
-100
-95
-89
-81
-79
-77
-73
-69
-63
-55
-43
-31
-20
-13
-8
-7
-1
10
22
33
41
48
52
55
60
65
72
82
90
94
100
100
103
107
107
110
117
123
124
122
116
112
108
105
96
100
102
101
91
85
75
74
68
58
52
56
51
42
34
25
21
19
9
1
0
-7
-13
-22
-35
-41
-40
-44
-49
-53
-57
-65
-73
-86
-97
-98
-95
-99
-108
-111
-112
-115
-120
-126
-122
-122
-123
-128
-129
-121
-111
-101
-93
-91
-87
-87
-87
-86
-80
-64
-45
-33
-25
-22
-17
-7
8
19
34
45
57
58
58
62
72
87
95
98
104
108
114
112
105
106
112
119
117
112
114
114
113
108
107
109
113
112
104
98
94
91
86
78
73
76
76
66
54
50
44
35
23
12
10
9
4
-7
-16
-22
-25
-35
-49
-57
-57
-63
-76
-90
-100
-105
-108
-119
-134
-138
-143
-151
-161
-171
-172
-170
-178
-187
-187
-187
-189
-184
-177
-170
-161
-154
-148
-144
-140
-136
-125
-106
-87
-70
-61
-51
-31
-16
-11
2
22
40
50
48
54
71
86
95
102
114
135
154
148
140
147
164
175
171
173
187
197
197
193
201
213
225
225
214
210
213
211
204
199
200
206
202
192
198
201
186
160
135
126
123
117
103
101
95
81
58
39
26
7
-21
-47
-53
-54
-73
-96
-115
-130
-152
-182
-199
-206
-218
-236
-257
-270
-271
-282
-299
-303
-306
-319
-327
-322
-309
-301
-318
-336
-324
-298
-278
-261
-231
-202
-189
-195
-196
-168
-140
-117
-100
-83
-67
-51
-46
-47
-25
15
51
62
53
44
54
76
103
135
150
151
160
169
177
183
197
226
262
284
275
270
271
272
280
279
282
298
307
305
296
292
281
279
293
294
274
233
193
197
225
222
195
182
190
191
141
80
64
97
120
94
41
11
21
19
-13
-45
-80
-120
-135
-143
-188
-234
-244
-239
-225
-237
-292
-332
-357
-416
-461
-434
-414
-433
-431
-390
-345
-344
-372
-355
-287
-246
-254
-253
-222
-187
-179
-181
-136
-78
-48
-39
-46
-58
-71
-73
-63
-46
-33
-31
-19
-2
-4
-22
-39
-43
-15
38
74
83
62
46
72
124
158
159
163
180
200
212
217
243
277
276
250
239
260
278
285
277
264
272
282
284
267
236
224
252
278
261
212
182
214
271
285
242
202
200
234
237
160
84
77
87
89
96
43
-73
-113
-42
3
-79
-150
-32
124
-156
-886
-1179
-504
365
443
-213
-628
-393
-159
-405
-636
-202
498
511
-255
-870
-645
2
316
195
53
144
191
-65
-398
-470
-232
58
193
128
-47
-253
-426
-481
-393
-180
20
73
-69
-294
-455
-495
-377
-159
56
125
9
-170
-245
-209
-146
-18
159
273
199
-19
-151
-111
-4
102
221
361
391
176
-142
-302
-163
141
340
341
206
19
-147
-229
-132
124
332
301
81
-90
-96
-53
-41
15
120
212
202
88
9
16
42
62
118
200
236
174
1
-141
-80
154
351
345
217
107
91
101
86
125
228
335
332
217
110
77
118
166
210
282
329
310
188
19
-49
30
181
273
248
198
180
142
44
-93
-96
54
209
272
199
112
10
-115
-188
-185
-42
120
184
161
42
-80
-199
-258
-189
-52
118
200
144
-35
-265
-408
-397
-213
28
157
121
-53
-241
-371
-432
-396
-259
-74
39
-34
-249
-458
-558
-524
-422
-257
-75
-40
-204
-488
-675
-615
-431
-250
-125
-55
-82
-281
-520
-578
-376
-112
1
-9
-34
-94
-261
-439
-383
-60
264
329
151
-43
-182
-289
-278
-50
313
507
367
62
-151
-187
-110
70
347
576
548
269
-22
-141
-76
65
283
547
661
517
171
-104
-134
11
253
485
635
583
294
-23
-167
-67
155
369
519
546
409
136
-106
-165
-24
204
389
475
412
221
-32
-194
-158
10
209
316
288
171
-4
-164
-231
-194
-58
88
170
159
30
-137
-275
-317
-231
-109
6
57
11
-89
-226
-303
-291
-218
-117
-39
16
14
-52
-160
-248
-231
-150
-57
8
41
41
-22
-115
-178
-160
-72
-3
43
67
70
42
-53
-145
-157
-90
12
86
100
77
8
-80
-140
-141
-59
33
78
69
14
-49
-98
-117
-80
-13
57
99
86
32
-39
-77
-65
-22
41
80
86
59
7
-32
-27
11
50
68
70
63
47
12
-18
-21
3
34
38
31
25
18
9
-8
1
15
28
19
-14
-39
-63
-57
-38
-15
8
6
-7
-35
-49
-35
-14
17
33
27
5
-23
-38
-28
8
46
75
84
68
34
0
-22
-11
26
57
71
60
28
-13
-47
-57
-34
9
41
38
6
-36
-77
-95
-86
-55
-12
3
-8
-39
-86
-109
-109
-79
-38
-17
-14
-33
-65
-91
-101
-87
-51
-21
-4
-14
-44
-67
-81
-80
-60
-29
-6
-1
-17
-36
-57
-61
-50
-31
-8
3
-4
-21
-38
-47
-38
-18
-2
11
16
12
-1
-10
-11
-3
17
35
47
52
49
41
35
39
48
64
82
94
94
80
76
68
69
79
90
108
111
106
93
75
64
61
66
83
96
97
86
67
43
29
29
43
56
67
66
58
40
19
11
16
29
44
50
45
29
3
-20
-29
-23
-8
0
3
-7
-30
-49
-57
-57
-56
-49
-43
-42
-51
-71
-86
-91
-90
-87
-81
-78
-84
-90
-94
-96
-97
-95
-86
-78
-67
-63
-64
-55
-55
-56
-56
-54
-50
-41
-33
-31
-24
-22
-13
-7
-6
1
6
14
19
20
14
6
0
-4
-1
5
13
26
28
23
17
9
6
11
21
29
34
41
34
27
19
18
28
41
55
61
60
46
28
17
13
24
39
53
56
47
29
9
-3
2
15
35
51
53
36
19
-1
-8
-4
10
34
44
43
20
-4
-14
-19
-5
10
25
30
18
-1
-17
-21
-16
6
26
37
36
20
-3
-22
-28
-26
-11
2
0
-12
-24
-28
-29
-23
-9
0
11
5
-5
-21
-30
-32
-30
-22
-19
-21
-34
-40
-47
-49
-40
-32
-19
-8
-2
-2
-7
-12
-19
-17
-19
-18
-21
-26
-26
-30
-24
-18
-5
13
18
22
23
18
11
4
0
-2
-4
-2
-7
-2
1
-5
-3
4
10
6
5
1
-2
-2
-4
-3
2
7
7
12
10
14
19
19
25
23
13
7
1
1
4
15
24
22
20
7
-2
-6
-6
5
19
29
30
23
12
-2
-7
-2
9
26
31
26
17
5
-4
-2
5
11
17
15
11
2
-4
-7
-2
11
22
26
24
7
-4
-10
-12
-9
-3
2
0
-7
-14
-15
-11
-5
-2
2
2
0
-8
-18
-25
-23
-16
-12
-13
-21
-29
-36
-38
-33
-24
-13
-4
-1
3
-5
-14
-18
-22
-22
-20
-14
-18
-20
-23
-21
-16
-9
4
14
21
20
11
7
-2
-8
-5
-3
6
9
9
7
1
-6
-6
2
4
7
4
2
-7
-10
-7
-9
3
8
10
11
9
7
5
7
7
8
13
7
5
1
1
6
8
13
10
8
5
3
0
1
9
17
20
16
7
3
-4
