0
1
1
0
0
1
0
1
0
1
1
1
0
0
-1
-1
1
0
1
0
1
1
1
2
1
0
1
0
-2
0
0
-2
0
0
2
0
0
1
0
0
0
1
0
-1
0
0
0
-1
-1
0
-1
0
0
0
0
-1
0
1
1
1
2
2
1
0
0
1
-1
0
0
-1
-1
0
0
0
0
0
2
0
-1
-1
1
0
0
0
-1
0
0
-1
0
0
0
0
0
-1
1
0
0
0
1
1
0
0
-2
0
-1
-1
-1
-2
0
-1
0
-1
-1
0
1
1
-1
0
0
0
0
1
1
-1
0
0
-1
1
1
1
0
-1
0
1
0
1
1
2
1
1
0
0
0
-1
-1
0
0
0
-1
-1
-1
0
0
0
0
0
0
0
-1
0
0
0
-1
0
-1
0
1
-2
0
0
1
2
1
1
0
1
-1
-1
2
-2
0
1
-1
-1
1
2
1
0
0
-1
1
-1
0
0
-1
2
0
-1
0
-1
0
0
1
0
3
2
-1
0
1
-1
1
-1
-2
0
1
0
1
0
-2
2
1
-3
-1
1
-3
0
1
-4
1
3
-3
-2
0
2
-3
-1
4
-4
1
5
-3
0
1
0
-1
1
-1
0
2
0
-2
-2
4
-1
-4
2
-1
-1
4
-3
-2
1
0
0
0
-1
-1
2
1
-2
1
-1
-6
3
1
-9
3
5
-2
-1
3
-3
-3
7
-1
-10
6
5
-4
5
1
-7
4
9
-11
-3
-2
-1
3
8
-6
-6
22
-8
-10
17
-24
4
27
-20
-6
12
3
-6
8
-4
-16
12
11
-8
-9
8
6
-8
14
-12
-4
9
-7
15
-13
-14
27
-6
-16
21
-10
-23
30
2
-26
14
4
3
-6
8
4
-38
40
5
-42
36
-10
-9
22
-13
2
-11
10
14
-32
21
5
-20
21
-13
-3
3
2
7
-19
14
10
-16
13
-8
-8
13
-6
5
-6
-4
10
2
-4
-6
-9
-1
18
-5
-11
17
-14
-4
51
-48
-40
62
-3
-34
23
27
-69
15
143
-150
-70
195
-120
-53
160
-93
-87
148
34
-156
43
91
-111
19
84
-85
-22
83
22
-88
10
84
-98
14
75
-97
30
41
-33
27
-44
61
-40
-43
88
-107
66
23
-114
134
-28
-86
135
-92
-56
136
-81
-25
73
-52
49
-10
-24
23
-53
94
-84
6
98
-163
157
1
-178
178
-16
-122
101
19
-116
51
109
-120
-33
122
-35
-91
91
16
-156
153
15
-135
80
47
-64
-32
105
-77
-87
210
-119
-84
190
-123
-48
185
-130
-93
218
-88
-91
138
-58
-52
74
34
-114
-6
200
-223
28
187
-203
10
188
-156
-79
217
-143
-93
270
-179
-53
156
-75
16
-103
141
-86
-45
244
-276
59
156
-203
139
-57
-78
178
-117
36
13
-99
148
-129
75
45
-173
227
-167
23
107
-169
148
-105
34
100
-116
-8
19
45
-50
46
-40
-40
111
-93
70
20
-259
336
-56
-133
34
-67
232
-256
173
29
-321
408
-22
-393
364
-276
82
386
-595
451
-193
-15
218
-337
85
-34
127
125
-205
48
125
-195
176
-214
-94
192
118
80
-166
-142
226
-52
-224
192
-228
244
267
-218
-167
172
-6
-419
329
64
-16
107
-126
128
-317
453
-477
-330
850
-357
357
-151
-692
801
-234
-177
-5
-262
830
-335
26
-138
-368
611
-383
-78
543
-492
267
49
-59
-7
-398
144
357
32
-249
-136
357
87
-574
540
-511
1
1074
-1174
196
617
-637
224
93
-310
406
-365
-67
661
-523
101
-152
176
145
-314
350
-737
402
948
-1272
332
418
-687
644
-163
-630
680
-80
-13
-90
3
273
-902
952
41
-1092
1146
-112
-804
850
-185
-412
127
229
30
-148
250
-388
-110
777
-478
-454
570
5
-215
341
-323
-46
188
-124
141
-229
273
-73
-77
44
-51
139
-293
101
277
-210
85
194
-381
-114
220
111
-321
236
122
-277
492
-89
-776
69
329
299
36
-516
203
157
216
-377
-464
254
249
297
172
-353
-457
505
209
-800
502
295
-705
1072
-336
-581
542
-650
30
649
-81
-22
-394
377
-97
-172
-84
-429
524
459
-364
-205
343
-500
267
-291
-181
679
-76
-26
-176
7
203
-490
252
245
-232
334
-55
-17
-372
149
149
-278
302
224
106
-260
-362
-11
275
-41
-40
344
-219
-41
309
-604
-379
790
-174
-157
605
-120
-593
349
-223
-532
840
275
-886
442
862
-1341
421
-99
-383
600
288
-70
-839
753
-50
-716
678
-166
-202
481
120
-620
172
446
-720
56
550
-25
-24
-31
-111
-140
119
278
-350
219
-354
118
467
-547
39
23
189
333
-255
149
-614
-314
988
-1082
384
571
-487
773
-359
-329
-31
-46
19
-147
486
-39
-234
742
-766
-204
242
-28
275
-103
497
-403
129
-497
-187
377
-12
146
404
-153
-272
415
-696
-638
661
317
-226
536
1
-142
-242
-381
-617
796
838
-744
145
428
-150
-588
-218
-81
93
788
-192
339
31
-777
244
-191
-539
995
75
-488
209
213
67
-790
20
407
23
73
446
-585
366
-414
-459
789
-197
186
-65
-617
429
316
-452
44
-166
725
-289
206
168
-661
-306
-57
-78
331
338
-206
635
-406
107
142
-593
-348
277
92
318
80
-149
24
315
-175
-815
541
23
195
412
-227
-408
-57
-178
260
251
-446
515
168
-370
207
96
-504
-646
510
731
-176
322
-220
-341
140
-700
350
75
90
911
-906
424
-114
-572
188
-799
754
300
66
583
-504
-239
-709
4
698
-836
532
1042
-495
-290
96
-81
-116
-248
-3
-55
523
240
329
-574
-589
533
-129
-30
-194
12
122
287
-214
-550
775
-18
-1155
692
534
-861
543
185
-456
-42
662
-370
-552
762
106
33
118
-310
-25
326
-369
-371
343
39
127
743
-182
-331
-484
-418
339
-165
382
760
-277
-467
598
-360
-901
573
-534
585
953
-74
-254
-638
22
-446
271
583
-416
618
102
-282
-80
-746
51
-49
134
615
929
-777
-970
97
-175
560
-251
-298
496
1327
81
-1130
-892
-593
776
724
-281
617
174
150
-311
-1370
-116
-87
1237
386
-1194
850
59
-278
-590
-937
806
14
492
809
-369
8
-299
-744
-363
79
707
1036
212
-472
-151
-260
-200
130
-1006
28
978
1266
333
-745
-845
-1142
339
698
-386
491
477
629
165
-1427
-730
176
109
767
115
-122
826
305
-633
-1282
-520
364
964
582
4
-221
506
-456
-768
-901
-24
715
626
1157
-522
-430
-225
-831
-79
-794
1013
1013
213
773
-749
-981
-348
-282
-498
1170
529
1185
-148
-1275
-35
-925
418
-351
-101
1425
283
324
-663
-1725
455
370
-514
337
849
648
376
-1206
-1061
150
65
468
-261
749
933
-363
-441
-445
-90
-486
154
-137
430
1608
-272
-1033
-538
571
54
-1023
189
-137
838
1580
-700
-740
-500
-196
407
-393
-71
420
984
1128
-890
-1168
-235
-582
466
215
75
535
1012
324
-1817
-463
-138
-328
43
204
951
475
1305
-718
-1916
-69
-375
629
-14
458
769
476
1096
-1281
-1955
-429
539
1121
-115
-3
554
195
686
-930
-2241
-467
831
606
1708
-216
-871
1016
-102
-644
-2223
-416
2338
501
1359
-1133
-1510
1790
-508
-458
-1005
-1075
2237
625
543
-791
-861
990
-959
-280
-132
-346
1154
1362
327
-1038
-493
-909
131
296
-773
499
163
1507
79
-396
39
-2535
119
-108
-533
2145
746
546
147
-553
-561
-1138
-608
79
631
1510
1773
132
-1315
-923
-1525
868
-554
-903
2326
1197
731
-1839
-1497
-746
-841
779
299
752
1630
215
-539
-549
-1511
-1252
422
865
2104
715
-206
1085
-1126
-1929
-1029
406
474
1366
1129
-361
1070
-950
-1283
-1499
-1683
1149
1415
1902
38
-735
31
-424
-1041
-2159
-247
1816
1033
1607
1220
-2009
-299
-204
-2603
248
374
1929
1467
182
1121
-2162
-595
-1585
-541
1140
23
2618
333
295
-628
-1778
-576
-672
-22
133
1709
828
341
865
-1917
-1241
-1820
-550
2037
765
1936
-1298
-131
505
-1392
399
-2306
2
1582
1607
1518
-1096
-329
-1348
-497
1382
-382
-268
526
864
595
227
-1235
-2502
655
1622
1194
-869
-1586
727
-328
589
13
-1972
521
1081
1168
-516
-855
-279
-2098
1751
1501
-35
1282
-2854
-250
2113
46
-749
-1787
1370
327
960
1004
-2323
-504
628
541
801
-850
-273
24
97
1060
-1165
-653
276
995
884
-493
-781
-1707
314
1504
-633
213
139
-918
1050
325
-1609
-310
1027
123
302
186
-1084
23
1454
-81
-974
1043
1139
-979
-1320
392
-55
243
1536
-685
-333
810
525
-1155
-1859
-956
-195
2509
1306
-287
239
-589
-1301
-1443
-779
-439
1543
2069
367
694
186
-890
-2143
-2416
843
1791
1532
1861
261
-72
-321
-1782
-2489
-2
2101
1427
1408
-673
-522
192
-949
-518
-1855
-826
555
2272
1778
-1903
-1072
-365
-178
9
-1347
-203
1308
1994
-244
-958
-549
330
1394
-908
4
333
649
257
-1055
107
289
998
533
-1032
-196
-457
-762
55
-115
141
458
564
-84
-258
41
-358
-381
-637
-140
460
914
1045
83
-139
166
12
-406
-491
-1242
-934
1328
1845
1372
-793
-1262
81
-525
-315
-1829
-971
1408
1423
1753
-874
-639
535
496
-267
-3555
-1273
1551
3141
2329
-183
-186
-663
-783
-1650
-1536
-549
1707
3176
1235
-711
-1549
-868
-677
-934
-1183
-571
1278
2487
1697
-537
-1389
-1337
-820
-76
-222
63
1409
1596
1788
-196
-1347
-1396
-705
220
-629
324
650
1617
1048
114
-371
-2013
-1243
-423
-393
365
1604
1311
390
-70
-385
-751
-1263
-437
-78
348
832
694
322
-51
70
-359
-330
-204
-869
-295
-291
1150
1504
-14
-84
-730
355
755
-39
-840
-1657
431
1518
868
1196
67
-778
-570
-625
-1123
-620
978
663
333
371
-24
-729
-877
-670
-438
1087
256
-711
17
-26
579
745
-442
-1131
-80
1171
167
-399
241
-910
-156
1077
519
-433
-63
368
-307
493
-73
-1302
-556
811
1312
1063
-471
-1243
-869
432
1292
-152
-1003
-1111
151
866
545
-283
-751
-25
56
-120
-981
-710
82
1011
927
68
-179
-501
-90
-307
9
-176
193
475
46
1083
361
-330
-369
-323
223
-362
-45
-359
-669
869
1398
989
-747
-1889
-1508
-328
634
454
380
125
376
184
-353
-80
-887
-295
-158
14
692
607
1757
517
-132
-486
-1611
-753
-37
815
1523
983
991
-478
-1317
-913
-945
-28
-118
221
419
605
1068
159
-233
-1064
-1308
-1075
-489
832
688
1455
1456
813
-287
-1624
-1495
-1050
6
847
741
1242
743
27
147
-687
-595
-1419
-1049
-70
697
1788
866
524
-390
-1108
-748
-833
-43
-42
541
1304
514
337
-836
-1107
-195
420
285
-381
4
-124
357
239
-32
-338
-152
-60
-332
335
-177
-115
-61
245
270
248
178
-700
-208
122
133
177
544
443
735
362
-430
-172
62
317
502
758
868
422
-112
-143
-505
393
298
-38
-204
-25
966
464
621
-524
-1273
-836
-565
-82
456
1335
1219
222
-1131
-1744
-1310
-471
441
1026
1022
696
564
-153
-1012
-1193
-1555
-116
687
1053
1423
995
602
-838
-1281
-1966
-1588
488
896
1170
1098
-169
-751
-1358
-1262
-1088
-592
238
-84
268
-144
-613
-419
-615
-635
-451
-512
-634
-333
-99
63
506
362
-211
-698
-781
-248
-63
111
20
528
572
348
-6
-764
-330
305
197
-31
-156
-7
661
939
259
-447
-89
-347
-331
101
-233
283
855
1064
437
190
-138
-818
-262
-279
-162
639
1520
1945
1412
496
-575
-779
224
415
880
1231
2056
2325
1442
788
-658
-665
-57
811
1429
1183
1722
961
739
127
-616
-206
-52
766
657
521
288
-52
72
-122
254
267
9
99
-547
-554
-312
-326
-323
-521
-144
-216
-576
-940
-1325
-1128
-768
-892
-843
-943
-981
-993
-1340
-1452
-1602
-1462
-1294
-1059
-988
-1121
-1391
-1720
-1683
-1485
-1591
-1755
-1540
-1259
-1062
-945
-1163
-1492
-1567
-1427
-1454
-1221
-958
-827
-553
-53
22
-196
-373
-473
-281
-21
165
-5
216
762
983
1060
1033
844
645
326
310
359
789
981
1263
1714
2029
1777
1006
882
531
1261
1847
2046
1949
2276
2733
1855
1702
1338
1320
2257
2902
2877
2577
2428
1855
1232
1398
1394
1573
2502
2956
3059
2612
1982
1368
1342
1484
1440
1614
2066
2564
2668
2408
1703
1117
610
120
-303
-201
124
251
322
-177
-1125
-2231
-3118
-3485
-3544
-3200
-3072
-3150
-3289
-3753
-4225
-4598
-4879
-4932
-4794
-4454
-4235
-3758
-3186
-3220
-3056
-2958
-3173
-3101
-2891
-2495
-1963
-1198
-629
-690
-799
-1148
-1334
-1222
-1070
-864
-609
-342
-473
-628
-828
-1096
-1212
-1101
-952
-802
-521
-292
-125
13
-9
-249
-298
-78
241
1010
1747
2064
2164
2171
2061
1795
1959
2170
2520
3069
3175
3499
3707
3722
3917
3518
2950
2393
2355
2727
3190
4005
4289
4333
3850
2760
2016
1744
2142
2940
3665
4095
3990
3647
3022
2348
1868
1489
1333
1488
2110
2894
3310
3036
1910
166
-1808
-3513
-4164
-3338
-1512
176
764
-402
-2845
-5494
-7314
-7640
-6658
-4863
-3162
-2215
-2067
-2747
-3744
-4594
-4921
-4590
-3864
-2626
-1309
-115
879
1082
695
-143
-1302
-1985
-1838
-914
496
1738
2075
1298
-224
-2241
-3898
-4521
-4105
-2805
-1597
-1118
-1456
-2594
-3907
-5033
-5612
-5347
-4475
-3156
-1872
-922
-633
-981
-1583
-2313
-2391
-1652
-299
1492
2969
3805
3764
2921
1823
1144
1316
2005
3070
4140
4727
4653
3939
3003
2052
1506
1241
1290
1922
2468
3009
3203
2630
1847
1032
589
570
1052
1912
2633
3203
3086
2545
2102
1726
1867
2388
3115
3927
4518
4744
4471
3958
3332
2887
2891
3339
4190
4917
5165
4759
3556
1812
-111
-1613
-2033
-1225
280
1483
1400
-232
-2909
-5623
-7266
-7369
-6138
-4388
-3051
-2702
-3426
-4738
-5958
-6460
-6049
-5042
-3791
-2550
-1454
-566
-37
68
-108
-467
-689
-427
330
1438
2512
3133
3091
2451
1342
147
-694
-1206
-1374
-1475
-1742
-1877
-1964
-2071
-2458
-3544
-5097
-6528
-7128
-6579
-5114
-3468
-2541
-2643
-3595
-4766
-5326
-4874
-3480
-1665
-85
882
1135
876
591
573
893
1464
2118
2877
3510
3855
3899
3502
2779
1866
1044
793
1089
1722
2289
2337
1866
1106
408
-31
-81
278
774
1252
1583
1778
2098
2493
2838
3018
2997
3028
3296
3870
4615
5389
5960
6144
5938
5293
4592
4215
4413
5117
5821
6086
5452
3818
1477
-717
-1686
-1101
425
1613
1520
-62
-2543
-4988
-6659
-7011
-6128
-4613
-3299
-2821
-3357
-4571
-5757
-6367
-6126
-5137
-3715
-2209
-922
-61
233
17
-397
-586
-290
573
1776
2901
3619
3712
3213
2347
1497
958
847
1093
1260
972
14
-1509
-3015
-4100
-4589
-4613
-4619
-4884
-5505
-6215
-6740
-7018
-7013
-6893
-6799
-6685
-6418
-5889
-5074
-4099
-3212
-2674
-2520
-2467
-2102
-1106
367
1901
2986
3291
3048
2695
2714
3176
3813
4248
4211
3824
3319
2821
2371
2036
1879
1792
1672
1437
1098
779
613
595
578
585
749
1242
2033
2833
3276
3210
2934
2894
3380
4381
5629
6794
7519
7639
7133
6270
5583
5595
6390
7512
8383
8460
7397
5070
2057
-313
-724
879
3024
3903
2699
-60
-3249
-5831
-7087
-6791
-5306
-3610
-2728
-3183
-4692
-6428
-7517
-7491
-6554
-5205
-3859
-2645
-1638
-1046
-1057
-1516
-1885
-1662
-701
733
2186
3201
3487
3103
2286
1398
808
762
1257
1906
2101
1423
-59
-1777
-3187
-4103
-4628
-5012
-5324
-5598
-5787
-5971
-6350
-7012
-7875
-8626
-8959
-8666
-7791
-6572
-5362
-4490
-4125
-4276
-4580
-4520
-3628
-1897
144
1842
2672
2705
2410
2355
2800
3573
4331
4744
4757
4501
4101
3602
3082
2746
2637
2582
2384
2013
1543
1091
751
532
453
587
994
1578
2170
2522
2473
2174
2106
2601
3592
4825
6014
6934
7384
7230
6615
5964
5957
6834
8151
9176
9397
8825
7412
5143
2421
493
683
2759
4837
4950
2695
-835
-4238
-6565
-7327
-6499
-4634
-2933
-2581
-4008
-6571
-8941
-9902
-9056
-7125
-5208
-3893
-3095
-2649
-2643
-3077
-3486
-3214
-1978
-80
1837
3193
3691
3382
2614
1856
1440
1568
2307
3368
4013
3518
1856
-105
-1411
-1878
-2063
-2629
-3640
-4678
-5410
-5920
-6484
-7173
-7810
-8246
-8566
-8928
-9234
-9174
-8580
-7701
-6978
-6591
-6340
-5918
-5153
-4167
-3120
-2036
-890
255
1186
1848
2391
3055
3866
4578
4942
4884
4654
4517
4528
4552
4379
4009
3617
3312
3008
2513
1886
1333
1058
1071
1235
1537
1868
2177
2354
2305
2149
2116
2603
3636
4848
5834
6394
6686
6815
6770
6635
6703
7427
8639
9633
9840
9294
8533
7476
5702
3346
1782
2484
4853
6525
5568
2259
-1581
-4532
-6052
-6042
-4560
-2325
-998
-1897
-4935
-8429
-10349
-9726
-7198
-4535
-3111
-2971
-3303
-3605
-3941
-4257
-3937
-2498
-281
1736
2858
3022
2539
1800
1139
942
1396
2447
3761
4632
4236
2304
-327
-2157
-2314
-1306
-499
-929
-2614
-4764
-6577
-7746
-8324
-8431
-8134
-7692
-7686
-8525
-9896
-10912
-10902
-10019
-8904
-7965
-7146
-6304
-5598
-5286
-5248
-4907
-3761
-1909
11
1385
2135
2593
3015
3375
3556
3685
4055
4784
5515
5746
5260
4362
3604
3210
3066
2894
2688
2513
2362
2123
1684
1267
1110
1333
1755
2054
2194
2336
2731
3310
3766
4070
4383
5017
5866
6456
6613
6532
6833
7625
8407
8752
8644
8566
8158
6710
4322
2538
3230
5707
7466
6459
3204
-227
-2695
-3911
-3957
-2579
-475
529
-954
-4676
-8257
-9605
-8117
-5219
-3042
-2579
-3393
-4217
-4756
-5125
-5136
-4126
-1944
239
1292
1029
375
45
35
142
448
1341
2647
3707
3642
2183
34
-1597
-1824
-893
341
796
-112
-2420
-5338
-7510
-8059
-7135
-6034
-5738
-6497
-7840
-9270
-10483
-10939
-10461
-9246
-8092
-7491
-7349
-7348
-7119
-6787
-6231
-5400
-4111
-2460
-911
204
616
832
1247
2100
3159
4010
4691
5059
5201
4930
4471
4216
4265
4629
4744
4531
3945
3257
2798
2526
2567
2683
2988
3292
3294
3033
2622
2716
3346
4286
5111
5535
5814
5923
6167
6476
6779
7179
7655
8524
9337
9648
9368
8841
8547
7653
5851
3907
3758
5962
7995
7579
4380
811
-1552
-2774
-2975
-2109
-20
1178
-309
-4271
-8178
-9238
-7554
-4628
-2842
-2866
-4068
-5379
-5911
-6013
-5332
-3900
-1880
-338
-317
-1205
-1981
-1650
-854
-208
254
808
1626
1915
1425
153
-1083
-1527
-1131
-277
179
23
-1111
-3172
-5584
-7188
-6936
-5514
-4520
-5303
-7352
-9246
-10157
-10182
-9850
-9171
-8404
-7959
-8191
-8854
-9142
-8646
-7433
-6234
-5419
-4770
-3868
-2700
-1805
-1346
-968
-61
1354
2676
3421
3676
3860
4037
4104
4109
4341
4820
5181
5062
4473
3856
3541
3578
3625
3503
3329
3310
3467
3432
3168
2951
3190
3859
4472
4745
4768
4905
5237
5677
6153
6529
6780
6952
7286
7881
8323
8377
8223
8258
8090
6678
4398
3092
4441
6993
7612
5364
2023
-51
-1189
-2050
-2112
-567
1453
876
-2691
-6873
-8263
-6483
-3851
-2339
-2775
-3938
-5184
-5867
-5915
-5179
-3270
-1258
-175
-1017
-2577
-3122
-2220
-713
19
457
892
1309
962
-174
-980
-1063
-352
171
346
138
-437
-1466
-3282
-4936
-5679
-4863
-3526
-3219
-4681
-7354
-9320
-9774
-8782
-7648
-7026
-6987
-7641
-8677
-9786
-9724
-8258
-6268
-5124
-5376
-5846
-5639
-4504
-3262
-2232
-1259
-284
638
1097
1394
1772
2545
3448
4020
4278
4364
4543
4543
4384
4229
4337
4590
4640
4533
4220
4071
3995
4057
4178
4144
4269
4408
4856
5214
5436
5637
5656
5926
6182
6894
7403
7305
7050
7077
8204
8887
8861
8399
8246
8243
6356
4000
3130
5587
8558
8068
4707
938
-136
-556
-1112
-824
919
2798
673
-3857
-7582
-7166
-3976
-1789
-1318
-2948
-4309
-5478
-5863
-5260
-4092
-1854
-654
-775
-2688
-4180
-3529
-1809
-228
-342
-407
-252
-238
-854
-1840
-1646
-1051
-472
-651
-1087
-1334
-1805
-2415
-3609
-4793
-5526
-5217
-4185
-4062
-5527
-7822
-8960
-8677
-8176
-8112
-8064
-7559
-7598
-8680
-9861
-9650
-8028
-6519
-6131
-6473
-6404
-5605
-4554
-3842
-3257
-2270
-986
-24
191
395
1221
2342
2935
2858
3015
3623
4208
4203
3957
4039
4307
4461
4162
3949
4068
4350
4551
4304
4162
4316
4657
4944
4988
5330
5791
6088
6040
6012
6561
7036
7009
6501
6648
7851
8808
8802
7842
7456
7486
6404
4581
3707
5808
8343
7860
4487
1343
959
1123
618
327
1681
3097
1264
-2562
-5340
-4594
-2151
-714
-706
-1965
-3182
-4414
-4826
-4280
-3004
-1234
-573
-1223
-3101
-4138
-3458
-2184
-1206
-1140
-799
-849
-1739
-2867
-3223
-2072
-1219
-1278
-2180
-2665
-2401
-2544
-2969
-3789
-3733
-3864
-5140
-6451
-6613
-4843
-4367
-6028
-8132
-8538
-7548
-7669
-7928
-7555
-6276
-6364
-8116
-9031
-8309
-5989
-4759
-4690
-5069
-5049
-4168
-3600
-2788
-1880
-233
1032
944
563
748
2128
2815
2814
3024
3887
4814
4490
3983
3834
4204
4477
4589
4943
5233
5415
5098
4902
4968
5588
6510
6887
6916
6544
6684
7099
7456
7614
7482
7601
7754
8336
8495
8401
8181
7906
7770
6135
4464
4023
5853
8068
6999
3815
932
754
1183
647
422
1337
2538
405
-3324
-5386
-3923
-878
-113
-946
-2615
-3535
-4068
-4311
-3451
-2062
-362
-253
-1430
-3001
-3413
-2286
-1467
-980
-956
-369
-199
-1412
-2698
-3056
-1864
-1008
-1311
-2328
-3022
-2854
-2918
-3327
-4035
-4056
-3925
-5100
-6849
-7499
-6092
-5042
-6257
-8232
-8676
-7856
-8041
-8838
-8576
-7180
-6723
-8097
-9211
-8653
-6858
-5499
-5275
-5464
-5314
-4669
-4121
-3646
-2697
-928
695
872
259
210
1028
1728
1890
2600
3882
4565
4081
3188
3104
3568
3885
3961
4191
4733
5034
4793
4233
4225
5193
6347
6723
6319
6109
6453
6895
7038
7032
7269
7539
7682
7907
7928
7747
7507
7309
7197
5967
4372
3888
5236
7181
6431
3350
594
337
1141
949
564
1104
2047
191
-3383
-5043
-3263
64
821
-516
-2258
-3079
-3079
-2902
-1957
-703
535
424
-746
-1836
-1822
-529
77
-4
-280
183
651
-336
-1611
-2021
-1103
-410
-882
-1955
-2701
-2734
-2983
-3353
-3794
-3884
-3911
-4739
-5981
-6801
-6515
-6030
-6256
-6974
-7343
-7370
-7796
-8172
-7932
-7161
-6867
-7279
-7531
-7193
-6500
-5968
-5470
-4888
-4255
-3837
-3677
-3290
-2457
-1193
-27
619
799
825
962
1195
1660
2516
3484
3953
3716
3250
3127
3290
3298
3144
3432
4174
4677
4508
4047
4029
4625
5426
5907
6206
6382
6570
6831
6979
7097
7122
7432
7953
8440
8520
8039
7668
7342
7169
6059
4775
4507
5705
7386
6148
2901
345
344
1125
624
286
927
1500
-1025
-4675
-5669
-3384
-265
-66
-1498
-3067
-3680
-3529
-3232
-1982
-578
615
265
-1076
-1841
-1264
329
860
753
666
1213
1285
-137
-1159
-890
460
908
-239
-1798
-2635
-2571
-2809
-3246
-3647
-3803
-4358
-5768
-7016
-7310
-6729
-6675
-7504
-8410
-8640
-8479
-8708
-8934
-8748
-8285
-8229
-8490
-8318
-7497
-6549
-6207
-6128
-5757
-4910
-4018
-3370
-2679
-1886
-1083
-481
15
522
927
1271
1647
2179
2790
3150
3029
2675
2619
3075
3497
3315
2763
2627
3012
3317
3414
3598
4044
4431
4526
4648
5130
5735
6265
6639
6819
6807
6662
6945
7658
8461
8710
8285
7867
7515
7229
6001
4911
4986
6631
8152
6314
2915
772
1283
1977
1237
892
1539
1771
-1130
-4385
-4611
-1983
509
-202
-1893
-3084
-3025
-2610
-2387
-1306
-87
959
405
-826
-1236
-372
1054
1234
1209
1492
2269
2085
419
-511
-36
1413
1689
523
-898
-1661
-1688
-2148
-2577
-2964
-3329
-4279
-5698
-6378
-6265
-5884
-6571
-7790
-8529
-8505
-8175
-8382
-8623
-8716
-8632
-8788
-8891
-8301
-7325
-6517
-6604
-6756
-6348
-5467
-4448
-3593
-2574
-1837
-1445
-1200
-763
3
564
1116
1751
2512
3071
2947
2521
2188
2565
3392
3872
3699
3072
2979
3201
3306
3380
3564
4138
4433
4421
4461
4822
5446
6000
6310
6131
5922
6040
6657
7496
7878
7815
7615
7395
7112
6434
5280
4858
5617
7275
7483
4976
2237
1418
2258
2240
1421
1222
1744
850
-2309
-4097
-3064
-523
121
-1610
-2969
-3241
-2725
-2607
-2200
-1075
59
259
-772
-1271
-818
338
871
748
1155
1989
2482
1593
268
157
1272
2080
1467
67
-747
-699
-809
-1481
-2171
-2560
-3641
-5269
-6394
-5957
-4983
-5606
-7344
-8887
-9208
-9226
-9224
-8945
-8782
-8813
-9796
-10431
-10155
-8923
-7619
-7453
-7625
-7618
-6792
-6072
-5340
-3980
-2498
-1622
-1973
-1924
-1090
93
840
1263
2203
2932
3056
2454
2117
2540
3337
3971
3742
3248
3073
3421
3619
3420
3494
3823
4191
4084
3972
4613
5319
5873
5992
5826
5829
5864
6356
6976
7687
7954
7840
7638
7150
7058
6123
5249
5353
6627
8112
6641
3782
1876
2285
2948
2266
1766
1853
2023
-379
-3015
-3211
-1320
536
-647
-2339
-3148
-2713
-2218
-2274
-1515
-549
265
-375
-1089
-852
-1
1018
893
1082
1531
2217
2346
1315
801
1137
2223
2361
1184
15
-228
298
-45
-785
-1614
-2535
-3663
-4921
-5066
-4740
-4799
-5692
-6984
-8013
-9011
-9188
-8604
-7950
-8107
-9120
-9911
-10102
-9433
-8556
-7921
-7615
-7490
-7133
-6962
-6538
-5350
-3577
-2339
-2402
-2623
-2170
-1112
-147
661
1625
2289
2330
1933
1940
2505
3218
3657
3577
3323
3208
3339
3471
3477
3629
3885
3984
3897
3843
4049
4478
4835
5335
5668
5600
5326
5216
5723
6514
7305
7477
7212
6799
6493
6368
5445
4967
5623
7168
7606
5275
2726
1979
3156
3469
2427
1713
1812
1512
-1005
-2785
-2115
-29
576
-1647
-3222
-3124
-1942
-1788
-2284
-1778
-712
-87
-947
-1500
-1061
156
1075
777
839
1164
1817
1625
693
666
1736
2839
2165
372
-663
-38
799
260
-855
-1940
-2589
-3612
-4906
-5223
-4624
-4291
-5409
-7605
-9240
-9289
-8444
-8025
-8365
-9106
-9685
-10139
-10334
-9799
-8711
-7869
-7791
-8106
-7969
-7163
-5915
-4634
-3663
-3174
-2970
-2698
-1940
-759
359
1135
1434
1487
1646
1959
2406
2923
3376
3410
3174
2922
2993
3301
3429
3578
3797
3979
3972
3717
3749
4104
4760
5428
5748
5548
5002
4959
5502
6600
7441
7485
7197
6576
6338
5712
4916
5233
6752
8383
7067
3730
1700
2829
4520
3828
2298
1855
2593
1270
-1668
-2329
-428
1693
502
-2000
-2866
-1965
-1243
-1805
-1720
-581
558
86
-1231
-1333
-301
1228
1484
1335
1584
1845
1820
1128
1132
2280
3507
3248
1361
-44
225
1550
1743
671
-348
-847
-1790
-4040
-5213
-3936
-2019
-2500
-6007
-8749
-8597
-7287
-7296
-8160
-8242
-7851
-8625
-10699
-11198
-9314
-7120
-6846
-8342
-8966
-8073
-6710
-5920
-5144
-3672
-2733
-3218
-3955
-2913
-554
937
553
-102
772
1845
1893
1414
1781
3190
3806
2958
1811
1853
2921
3632
3539
3293
3533
3586
3349
3008
3552
4854
5384
5080
4269
3993
4593
5529
6140
6201
6319
6355
6145
4512
3298
4335
6825
8267
5867
2679
2028
3569
4221
2944
2183
2901
3368
876
-1709
-1316
936
2078
31
-1744
-1604
-837
-1178
-2076
-1350
258
798
-465
-1568
-1100
267
1295
1086
1154
1522
1702
1499
1010
1607
3066
3758
2706
792
249
1359
2454
2050
1004
501
-62
-1780
-3807
-3717
-1812
-1067
-3210
-6554
-7619
-6777
-6540
-7487
-8095
-7527
-7598
-9506
-11389
-10783
-8478
-7268
-8108
-9522
-9469
-8420
-7460
-6699
-5584
-4343
-4242
-4924
-4795
-3025
-916
-236
-724
-773
178
917
986
1057
1948
2974
2795
1737
1176
1951
2999
3215
2874
2809
2936
2790
2521
2686
3761
4442
4347
3841
3581
4013
4672
5316
5646
5881
6047
6114
5366
3923
4153
6005
8417
7947
4673
2541
3287
5078
5019
3908
3697
4288
3172
247
-502
1230
3376
2448
-105
-995
-395
141
-568
-675
468
1349
691
-754
-871
148
1648
1927
1679
1769
1791
1931
1604
1884
3034
4228
4036
2297
931
1281
2872
3410
2643
1556
877
149
-1472
-2313
-1813
-752
-1302
-3608
-5727
-6258
-5902
-6203
-6767
-7141
-7347
-8361
-9970
-10313
-9392
-8178
-8258
-9110
-9625
-9302
-8483
-7732
-6853
-6095
-5636
-5674
-5558
-4578
-3204
-2025
-1714
-1646
-1292
-750
-205
232
862
1509
1703
1352
928
1096
1673
2140
2214
2251
2288
1955
1687
1665
2393
3189
3326
2991
2485
2538
3061
3925
4508
4615
4537
4484
4447
3416
3117
4316
6519
7378
5072
2434
2281
4262
5115
4221
3529
4044
4192
1832
66
928
3362
3955
1689
-5
62
888
665
207
924
1925
1722
155
-405
345
1723
2301
1817
1760
1852
1985
1714
1700
2634
3898
4188
2836
1353
1217
2650
3745
3406
2419
1603
1043
130
-699
-1055
-531
-425
-1237
-2834
-4807
-5752
-5518
-5054
-5534
-6564
-7673
-8326
-8637
-9213
-8995
-8727
-8531
-8764
-9323
-9293
-8652
-7518
-6995
-6925
-6684
-5980
-5340
-4940
-3965
-2935
-2124
-2170
-2192
-1304
-591
-153
265
808
1131
1103
971
985
1244
1659
2289
2418
1997
1558
1566
2232
2690
2794
2611
2260
2272
2797
3306
3575
3830
3978
3827
2720
1882
2921
5066
6412
4934
2403
1919
3424
4303
3588
3044
4030
4880
2943
576
956
3268
4500
2926
1318
1462
2096
1726
1207
1849
3037
3111
1899
1150
1385
2179
2785
2794
3035
3152
2810
2246
2009
2802
4084
4513
3683
2437
2055
2859
3789
3716
3252
2647
2030
1427
595
723
1161
957
-100
-1635
-2652
-2954
-2890
-3374
-3958
-4700
-5507
-6162
-7080
-7231
-7121
-7107
-7532
-8206
-8419
-8439
-7935
-7380
-7151
-7304
-7240
-6709
-6222
-5675
-5248
-4474
-3923
-3880
-3450
-2843
-2244
-1956
-1533
-961
-682
-633
-429
0
336
521
657
851
1022
799
920
1185
1561
1869
1656
1261
1247
1660
2085
2160
2216
2432
2379
1207
586
1315
3228
4152
2576
721
680
2110
2647
1824
1521
2606
3253
1511
17
709
2906
3597
2051
1076
1523
2348
2065
1631
2309
3326
3451
2501
2037
2404
3225
3612
3482
3558
3531
3416
3033
3000
3690
4430
4461
3558
2706
2724
3464
3935
3763
3328
2909
2376
1644
1490
2066
2481
1547
-14
-784
-472
-333
-1153
-2012
-2292
-2328
-3223
-4490
-4887
-4479
-4210
-5130
-6157
-6455
-6158
-6141
-6479
-6368
-6008
-5843
-6275
-6431
-5929
-5319
-5006
-5042
-4637
-4160
-4013
-4125
-4035
-3206
-2419
-2179
-2557
-2677
-2154
-1445
-1030
-1037
-908
-614
-494
-463
-311
366
881
801
415
463
1061
1405
1367
1376
1698
1904
968
45
450
2284
3320
1900
-83
-221
1358
1807
749
332
1473
2312
790
-776
-139
1942
2688
1386
617
1238
2139
1894
1545
2388
3666
3904
2924
2481
3166
4284
4769
4428
4258
4394
4601
4442
4251
4701
5438
5495
4488
3546
3801
4794
5140
4430
3807
3697
3439
2833
2531
3159
3466
2422
933
470
992
979
159
-589
-609
-774
-1857
-2864
-2975
-2439
-2634
-3598
-4390
-4491
-4254
-4529
-4840
-4807
-4509
-4496
-4834
-5025
-4891
-4419
-4158
-4039
-4058
-4174
-4116
-4054
-3737
-3414
-3150
-3185
-3508
-3592
-3268
-2642
-2343
-2431
-2571
-2556
-2167
-1851
-1408
-1133
-1092
-1068
-901
-438
-241
-137
70
440
615
-260
-1016
-654
998
1924
621
-1245
-1515
-103
332
-628
-1243
-467
261
-1052
-2398
-1950
-203
415
-735
-1337
-691
233
68
-242
565
1832
2269
1529
1333
2144
3310
3828
3591
3678
4057
4401
4360
4256
4823
5533
5685
4881
4262
4594
5397
5613
4991
4687
4806
4505
3645
3148
4019
4719
3975
2234
1477
2039
2360
1808
1036
1021
963
23
-997
-1123
-389
-359
-1195
-2114
-2245
-1967
-2168
-2453
-2419
-2077
-2203
-2821
-3180
-2915
-2224
-2058
-2392
-2807
-2848
-2613
-2642
-2700
-2619
-2312
-2409
-3058
-3495
-3260
-2555
-2426
-2837
-3152
-3077
-2841
-2877
-2641
-2222
-1949
-2064
-2200
-1902
-1636
-1410
-1172
-761
-840
-1771
-2182
-1294
268
309
-1259
-2362
-1817
-839
-1207
-1960
-1802
-1049
-1494
-3118
-3515
-2327
-1138
-1675
-2743
-2679
-1870
-1510
-1871
-1623
-669
131
45
-269
247
1162
2013
2265
2531
3038
3477
3687
3718
4289
5183
5884
5702
5076
5108
5811
6543
6404
6157
6288
6422
5794
4754
4911
6005
6554
5354
3657
3235
3690
3789
3080
2792
2883
2383
938
-126
397
1259
1126
-143
-1071
-1039
-890
-1042
-1278
-940
-731
-1231
-2082
-2249
-1472
-818
-903
-1590
-1869
-1645
-1500
-1629
-1777
-1433
-1240
-1658
-2443
-2718
-2230
-1785
-1951
-2525
-2733
-2691
-2762
-2853
-2658
-2224
-2283
-2699
-2895
-2586
-2242
-2219
-2175
-2060
-2310
-3001
-3088
-2085
-1125
-1612
-3086
-3577
-2786
-2231
-2789
-3395
-3004
-2518
-3247
-4498
-4500
-3349
-2725
-3406
-4174
-3908
-3281
-3163
-3300
-2923
-2131
-1722
-1855
-1807
-1167
-345
214
497
891
1443
1841
2048
2349
3086
4034
4542
4341
4007
4318
5214
5860
5895
5810
5900
5864
5399
5083
5599
6417
6375
5239
4131
4005
4426
4443
4060
3754
3471
2744
1705
1322
1852
2353
1941
845
95
108
422
485
349
280
245
-32
-424
-428
37
509
449
-26
-294
-184
-47
-121
-139
64
127
-346
-993
-1183
-847
-538
-712
-1158
-1503
-1719
-1809
-1736
-1561
-1567
-1852
-2112
-2082
-1996
-2035
-2029
-1863
-1932
-2534
-3063
-2658
-1698
-1489
-2469
-3402
-3248
-2675
-2862
-3465
-3418
-2835
-3016
-4234
-5008
-4374
-3404
-3478
-4345
-4706
-4346
-4105
-4264
-4160
-3567
-3101
-3243
-3505
-3178
-2406
-1815
-1602
-1401
-930
-445
-243
-80
525
1525
2239
2190
1884
2195
3171
3999
4167
4142
4408
4698
4625
4539
5040
5792
5860
5115
4553
4790
5215
5055
4580
4503
4581
4076
3121
2708
3181
3590
3122
2198
1717
1766
1797
1633
1590
1698
1587
1157
862
1039
1405
1485
1320
1223
1286
1218
993
909
1185
1501
1400
890
467
437
602
579
394
230
115
-146
-471
-584
-453
-452
-694
-911
-884
-914
-1180
-1399
-1268
-1229
-1762
-2425
-2271
-1494
-1323
-2295
-3313
-3341
-2893
-3050
-3632
-3690
-3333
-3687
-4859
-5547
-4935
-4058
-4207
-5122
-5590
-5323
-5055
-5136
-5092
-4649
-4279
-4444
-4762
-4586
-3871
-3217
-3011
-3009
-2784
-2356
-2028
-1829
-1399
-656
-50
-2
-166
112
915
1626
1869
1897
2115
2470
2740
2947
3290
3648
3735
3602
3621
3898
4100
4002
3868
3965
4059
3769
3308
3206
3531
3710
3372
2876
2692
2770
2755
2624
2622
2741
2679
2380
2162
2285
2571
2674
2512
2328
2270
2282
2242
2226
2297
2366
2211
1875
1613
1621
1707
1615
1330
1121
1049
983
778
570
453
420
356
264
116
-56
-200
-247
-394
-760
-1140
-1084
-722
-707
-1375
-2098
-2235
-2033
-2195
-2689
-2890
-2733
-2956
-3793
-4477
-4277
-3686
-3667
-4327
-4894
-4900
-4667
-4594
-4578
-4414
-4249
-4323
-4512
-4458
-4068
-3621
-3373
-3310
-3243
-3083
-2892
-2668
-2352
-1959
-1652
-1543
-1503
-1335
-1023
-705
-429
-140
103
220
274
504
917
1246
1320
1369
1583
1858
1942
1935
2131
2500
2653
2466
2261
2433
2800
2972
2853
2768
2890
3022
2966
2903
3075
3379
3472
3305
3181
3303
3495
3560
3539
3586
3672
3612
3414
3280
3361
3514
3531
3343
3084
2851
2691
2623
2676
2706
2543
2153
1798
1647
1665
1636
1561
1484
1352
928
357
96
424
808
593
-222
-858
-913
-746
-916
-1278
-1448
-1531
-2002
-2745
-3130
-2867
-2570
-2837
-3490
-3903
-3936
-3931
-4015
-3982
-3788
-3772
-4073
-4369
-4258
-3889
-3648
-3670
-3681
-3568
-3434
-3465
-3472
-3257
-2857
-2662
-2754
-2918
-2788
-2485
-2294
-2312
-2190
-1901
-1699
-1871
-2004
-1732
-1165
-968
-1133
-1202
-875
-622
-701
-751
-295
223
199
-223
-219
329
785
703
615
938
1356
1312
1087
1329
2010
2413
2269
2084
2336
2754
2932
2939
3167
3511
3605
3376
3253
3488
3854
3978
3838
3645
3557
3503
3467
3478
3549
3515
3274
2928
2748
2792
2885
2805
2583
2359
2192
2016
1874
1845
1890
1790
1461
1088
925
954
951
783
487
201
-36
-238
-429
-555
-660
-830
-1122
-1459
-1689
-1754
-1782
-1892
-2080
-2232
-2367
-2528
-2672
-2675
-2576
-2583
-2786
-2987
-2969
-2817
-2788
-2916
-2983
-2894
-2837
-2935
-3034
-2930
-2718
-2680
-2839
-2947
-2828
-2619
-2519
-2532
-2528
-2455
-2373
-2294
-2176
-2022
-1864
-1774
-1727
-1673
-1520
-1253
-981
-837
-811
-725
-481
-185
56
256
506
746
878
984
1279
1741
2102
2194
2205
2381
2715
3033
3261
3418
3480
3464
3520
3684
3810
3791
3788
3875
3744
3232
2859
3115
3549
3281
2394
1886
2114
2215
1627
1062
1219
1515
993
0
-299
230
554
105
-467
-505
-313
-428
-682
-589
-233
-126
-429
-716
-608
-236
1
-45
-154
-110
-28
-70
-138
29
331
343
-41
-359
-241
46
25
-236
-364
-342
-482
-787
-910
-751
-652
-872
-1215
-1389
-1406
-1422
-1462
-1479
-1531
-1680
-1839
-1914
-1912
-1879
-1827
-1798
-1913
-2102
-2141
-1971
-1842
-1926
-2017
-1927
-1823
-1945
-2068
-1873
-1539
-1527
-1844
-1948
-1624
-1335
-1423
-1554
-1361
-1077
-1111
-1321
-1194
-743
-475
-595
-725
-540
-228
-86
-49
100
359
527
534
555
737
1039
1291
1372
1341
1394
1603
1808
1854
1855
2011
2237
2252
2068
2028
2254
2467
2413
2257
2255
2325
2257
2116
2139
2288
2290
2077
1892
1895
1936
1869
1777
1769
1762
1609
1388
1298
1376
1415
1277
1061
925
885
842
739
618
527
425
279
107
-11
-43
-88
-232
-450
-609
-643
-667
-778
-927
-1000
-1032
-1164
-1344
-1386
-1278
-1260
-1457
-1655
-1630
-1504
-1533
-1680
-1705
-1594
-1574
-1711
-1795
-1680
-1540
-1562
-1654
-1633
-1529
-1495
-1522
-1477
-1354
-1284
-1308
-1310
-1221
-1123
-1093
-1059
-953
-830
-798
-834
-823
-712
-541
-404
-345
-344
-343
-299
-190
-32
138
259
277
204
156
226
391
582
708
709
571
384
349
569
828
866
703
546
503
486
476
592
801
857
645
395
397
624
843
920
915
887
840
816
908
1136
1348
1397
1298
1205
1230
1361
1505
1592
1610
1571
1477
1379
1382
1497
1609
1571
1390
1221
1156
1157
1155
1128
1094
988
790
578
483
530
576
471
246
44
-93
-200
-279
-283
-256
-377
-677
-952
-1004
-898
-869
-994
-1138
-1232
-1359
-1535
-1565
-1418
-1268
-1371
-1654
-1823
-1753
-1616
-1580
-1586
-1569
-1596
-1747
-1896
-1826
-1580
-1427
-1524
-1713
-1767
-1689
-1621
-1581
-1465
-1323
-1344
-1528
-1615
-1451
-1186
-1069
-1114
-1144
-1099
-1056
-1031
-913
-687
-534
-570
-659
-597
-376
-169
-64
7
110
216
276
381
595
838
955
951
998
1167
1370
1517
1608
1701
1788
1825
1857
1965
2121
2213
2186
2130
2133
2187
2216
2213
2208
2190
2122
2020
1954
1951
1955
1890
1765
1655
1568
1487
1393
1315
1256
1167
1032
885
776
716
658
567
462
365
261
144
43
-9
-40
-109
-229
-360
-448
-505
-548
-600
-658
-735
-852
-978
-1051
-1053
-1049
-1114
-1230
-1335
-1401
-1444
-1472
-1465
-1451
-1501
-1613
-1707
-1693
-1613
-1576
-1603
-1632
-1629
-1629
-1653
-1618
-1504
-1395
-1406
-1482
-1471
-1350
-1225
-1185
-1161
-1077
-998
-1004
-1012
-893
-689
-567
-597
-619
-509
-336
-236
-188
-73
101
187
159
196
395
621
689
648
678
821
925
918
941
1070
1199
1159
1025
1026
1176
1271
1195
1080
1091
1151
1097
981
960
1048
1066
925
778
779
870
871
756
687
716
734
655
574
616
709
698
582
517
588
669
655
598
605
672
665
598
585
666
751
717
620
588
634
665
625
583
578
567
498
395
357
378
361
265
137
56
1
-82
-170
-245
-313
-411
-551
-680
-758
-805
-889
-1004
-1111
-1195
-1278
-1368
-1442
-1482
-1517
-1586
-1677
-1747
-1764
-1767
-1789
-1814
-1812
-1803
-1813
-1823
-1797
-1725
-1650
-1606
-1586
-1537
-1448
-1359
-1272
-1172
-1049
-942
-868
-790
-665
-500
-354
-251
-168
-55
78
200
303
431
560
645
681
734
835
954
1027
1041
1062
1103
1141
1142
1147
1188
1214
1183
1106
1063
1091
1101
1062
1000
964
950
898
836
813
845
859
796
717
705
746
771
750
741
777
803
779
751
806
912
963
928
890
926
995
1018
1004
1014
1067
1076
997
924
931
990
971
864
756
704
678
590
467
392
341
250
81
-81
-156
-200
-288
-452
-602
-686
-766
-881
-1013
-1087
-1121
-1197
-1326
-1436
-1468
-1458
-1497
-1576
-1617
-1612
-1600
-1638
-1667
-1630
-1566
-1534
-1566
-1560
-1489
-1399
-1363
-1358
-1305
-1210
-1131
-1112
-1081
-991
-871
-807
-793
-752
-651
-548
-500
-470
-400
-297
-224
-199
-161
-74
29
93
123
171
247
325
373
410
475
549
604
629
655
715
788
842
859
878
911
942
968
986
1012
1042
1053
1046
1029
1028
1050
1066
1068
1046
1024
1014
1004
994
981
977
972
951
906
865
856
868
857
823
783
747
718
676
636
614
605
575
496
409
360
335
301
236
156
90
27
-47
-130
-188
-221
-270
-354
-451
-512
-543
-579
-632
-685
-722
-755
-797
-843
-869
-873
-876
-911
-950
-967
-961
-966
-986
-1003
-1010
-1004
-1019
-1048
-1055
-1041
-1031
-1038
-1052
-1043
-1022
-1004
-999
-979
-944
-907
-872
-837
-786
-724
-661
-600
-533
-459
-378
-295
-212
-129
-43
42
130
207
283
364
447
525
582
639
694
747
785
808
834
861
875
870
856
859
858
834
797
762
746
715
670
629
603
576
532
489
461
440
413
383
366
355
346
328
316
323
336
342
344
355
371
375
379
385
404
420
414
410
408
408
397
381
370
358
332
296
258
228
201
168
127
81
40
-4
-53
-99
-134
-171
-219
-269
-310
-348
-390
-431
-464
-496
-530
-566
-600
-629
-648
-668
-695
-716
-731
-745
-766
-776
-774
-767
-769
-770
-758
-745
-726
-708
-685
-653
-620
-588
-555
-507
-458
-417
-377
-335
-292
-241
-188
-138
-86
-37
2
41
87
129
169
207
241
271
291
321
346
370
388
399
408
419
428
428
431
435
435
427
417
411
406
396
381
374
364
349
335
324
322
305
286
269
260
246
222
202
192
188
177
153
133
131
129
118
111
109
116
114
110
110
117
135
141
146
149
155
167
171
177
186
190
189
191
189
187
179
162
148
135
114
87
62
40
10
-24
-67
-102
-129
-166
-200
-232
-262
-294
-327
-354
-381
-398
-411
-428
-438
-442
-449
-448
-450
-448
-436
-432
-412
-399
-382
-358
-342
-319
-301
-280
-262
-244
-213
-192
-170
-155
-151
-127
-116
-107
-93
-81
-65
-54
-51
-46
-36
-26
-12
-13
4
7
16
33
37
50
53
65
67
68
85
90
101
108
110
115
127
135
143
149
155
163
163
170
169
170
171
166
169
166
173
173
175
171
173
171
179
183
182
188
194
199
204
208
209
213
211
213
215
214
211
204
204
201
193
182
164
154
144
132
115
93
74
56
39
14
-12
-32
-48
-71
-89
-109
-132
-144
-162
-178
-192
-204
-209
-217
-227
-231
-236
-233
-231
-232
-225
-218
-203
-191
-180
-169
-161
-152
-144
-135
-127
-116
-103
-90
-88
-82
-75
-65
-59
-60
-62
-59
-51
-51
-55
-56
-51
-50
-48
-48
-41
-32
-32
-16
-10
-2
7
12
21
23
35
44
52
64
73
77
87
90
95
105
111
119
127
132
133
133
132
127
126
124
122
119
112
108
103
98
96
93
84
80
79
75
75
67
60
53
49
41
34
30
28
24
18
12
1
-3
-10
-12
-14
-19
-24
-27
-30
-37
-39
-44
-49
-55
-58
-60
-58
-59
-61
-63
-71
-75
-81
-81
-84
-84
-83
-83
-86
-86
-84
-84
-81
-77
-79
-75
-69
-65
-61
-61
-57
-58
-55
-53
-47
-40
-38
-33
-31
-28
-21
-17
-17
-14
-8
-5
-7
-2
-1
0
4
6
6
13
20
20
24
26
33
35
37
34
40
38
40
38
39
39
39
43
37
39
34
32
27
27
29
24
24
22
21
26
21
24
20
21
17
14
16
11
12
11
8
5
6
2
2
2
5
3
2
2
3
2
-1
1
1
4
0
-3
1
1
2
2
-4
-5
-3
-1
-3
-5
-7
-2
-3
-4
-5
-3
-2
-5
0
-3
-1
-6
-4
-2
-4
-6
-8
-10
-11
-13
-13
-14
-10
-8
-9
-8
-5
-5
-12
-8
-2
0
-2
1
0
1
0
-2
1
6
12
18
18
19
22
25
26
24
25
27
32
33
32
25
28
26
28
26
24
