-17
-17
-16
-14
-13
-12
-12
-10
-8
-6
-4
-4
-2
1
4
5
7
9
10
12
14
16
17
18
20
21
22
23
23
25
26
26
27
28
26
25
24
24
23
23
22
20
17
19
18
15
13
9
8
7
4
3
1
-2
-3
-3
-6
-7
-8
-9
-10
-13
-16
-17
-21
-23
-23
-28
-29
-32
-32
-30
-29
-29
-30
-30
-30
-29
-27
-29
-29
-28
-30
-28
-25
-22
-19
-15
-9
-3
0
3
9
11
15
16
18
19
18
19
21
23
24
29
30
32
33
35
39
41
43
42
43
43
40
40
41
42
42
40
40
40
39
37
34
32
29
22
14
9
3
-2
-8
-16
-22
-27
-29
-34
-38
-41
-43
-44
-47
-47
-50
-50
-48
-46
-44
-44
-43
-40
-36
-33
-29
-25
-17
-11
-3
4
7
12
18
24
29
29
28
32
33
34
39
39
41
43
43
42
42
42
44
45
43
42
42
41
37
37
36
36
38
33
26
23
23
25
29
26
20
17
20
22
22
19
13
11
11
8
5
2
0
-2
-6
-11
-18
-24
-28
-38
-48
-59
-68
-76
-85
-96
-105
-112
-116
-121
-126
-131
-128
-124
-121
-122
-125
-120
-111
-103
-98
-94
-88
-81
-74
-66
-57
-44
-32
-22
-15
-9
-2
10
22
29
31
34
36
38
40
46
51
55
60
62
58
58
59
62
67
72
74
73
75
77
80
86
93
96
97
90
86
86
94
102
103
98
95
97
100
107
107
108
109
113
118
123
128
136
148
156
161
164
164
163
154
138
117
91
60
25
-21
-68
-116
-166
-214
-263
-304
-339
-367
-389
-413
-424
-428
-419
-407
-394
-378
-357
-330
-300
-264
-228
-182
-135
-88
-40
2
45
83
117
144
158
164
159
147
131
115
96
73
49
22
-7
-37
-66
-90
-108
-117
-124
-130
-134
-132
-122
-102
-74
-43
-10
18
49
83
121
165
209
250
285
323
361
398
429
459
495
528
563
593
620
645
672
698
727
749
766
778
775
759
731
692
643
577
484
362
220
63
-98
-262
-419
-564
-711
-852
-985
-1086
-1154
-1204
-1240
-1274
-1300
-1320
-1316
-1286
-1228
-1161
-1089
-995
-880
-735
-576
-415
-249
-91
54
186
298
381
440
471
491
500
486
453
397
339
277
209
128
29
-79
-192
-302
-404
-499
-585
-662
-721
-749
-753
-726
-679
-613
-527
-431
-335
-228
-92
59
209
341
461
590
735
891
1053
1200
1308
1393
1487
1596
1697
1755
1777
1805
1855
1907
1933
1921
1874
1806
1728
1634
1486
1225
852
454
118
-157
-460
-830
-1211
-1526
-1725
-1806
-1823
-1864
-1979
-2120
-2171
-2111
-2027
-2018
-2080
-2110
-2034
-1833
-1532
-1190
-862
-551
-184
270
753
1151
1404
1540
1630
1702
1748
1729
1624
1445
1248
1100
1003
901
730
507
285
77
-116
-322
-575
-872
-1184
-1442
-1622
-1746
-1846
-1930
-1972
-1940
-1812
-1621
-1407
-1208
-1038
-859
-650
-426
-225
-58
74
204
357
530
715
869
996
1108
1227
1351
1446
1487
1475
1440
1398
1354
1304
1222
1090
942
816
718
632
527
392
257
132
21
-65
-161
-263
-383
-493
-559
-602
-629
-654
-660
-633
-579
-497
-397
-295
-207
-125
-25
96
195
258
296
329
360
399
439
465
462
424
380
345
322
282
211
119
22
-61
-137
-206
-282
-372
-447
-506
-562
-628
-690
-731
-767
-797
-813
-804
-784
-769
-753
-713
-645
-564
-492
-423
-353
-280
-187
-93
-2
70
127
175
209
236
259
271
261
224
176
152
145
128
106
87
76
92
117
144
160
163
176
203
231
253
278
312
357
397
446
507
553
567
569
590
621
618
565
508
486
486
478
455
443
435
424
412
421
453
472
462
449
472
530
609
684
739
768
778
795
790
703
512
292
99
-111
-366
-635
-856
-1017
-1162
-1275
-1323
-1332
-1358
-1401
-1410
-1381
-1392
-1471
-1570
-1626
-1637
-1639
-1613
-1531
-1399
-1248
-1052
-790
-494
-228
-24
152
317
445
522
553
560
545
506
466
442
422
376
293
200
137
82
-11
-153
-310
-429
-503
-544
-596
-669
-714
-692
-598
-487
-385
-280
-155
3
174
359
533
680
806
938
1100
1268
1413
1501
1555
1623
1712
1791
1806
1777
1746
1720
1684
1633
1661
1779
1894
1936
1934
1934
1894
1841
1858
1866
1495
612
-305
-685
-675
-933
-1648
-2365
-2716
-2806
-2739
-2393
-1972
-2084
-2752
-3093
-2528
-1761
-1853
-2692
-3217
-2947
-2385
-2031
-1770
-1418
-1038
-622
75
1001
1729
2015
2087
2200
2319
2389
2441
2370
1954
1343
1063
1252
1405
1115
634
394
381
273
28
-226
-572
-1118
-1672
-1944
-2003
-2130
-2391
-2546
-2450
-2179
-1824
-1386
-970
-719
-565
-301
92
381
433
371
379
487
646
837
1022
1154
1243
1373
1602
1848
1950
1841
1613
1414
1308
1206
973
597
223
31
-5
-23
-104
-214
-292
-328
-332
-300
-300
-428
-676
-898
-947
-875
-865
-989
-1120
-1087
-862
-570
-334
-179
-55
78
232
395
537
591
542
422
349
388
481
525
477
427
463
605
764
848
822
728
648
619
607
517
311
50
-141
-224
-258
-313
-392
-469
-495
-459
-388
-335
-335
-399
-496
-552
-551
-531
-555
-629
-682
-637
-507
-366
-276
-217
-149
-67
14
78
110
104
66
35
20
8
2
4
14
-5
-23
10
84
113
47
-30
-31
11
-5
-94
-146
-142
-160
-229
-259
-205
-163
-221
-326
-369
-343
-343
-399
-465
-486
-466
-405
-307
-196
-76
63
236
387
479
554
674
791
804
708
656
746
864
892
880
943
1064
1135
1160
1269
1476
1640
1670
1689
1783
1883
1890
1849
1802
1627
1155
498
-31
-351
-645
-1110
-1681
-2169
-2476
-2593
-2492
-2263
-2149
-2297
-2481
-2369
-1960
-1677
-1784
-2085
-2201
-1979
-1601
-1271
-985
-657
-213
364
1040
1730
2281
2607
2743
2821
2905
2942
2815
2473
1989
1561
1295
1117
875
507
131
-159
-380
-635
-956
-1327
-1735
-2166
-2556
-2831
-2998
-3142
-3284
-3328
-3172
-2838
-2475
-2148
-1817
-1431
-1024
-645
-316
-23
225
422
630
892
1178
1409
1546
1652
1817
1996
2103
2075
1942
1760
1556
1349
1146
942
701
423
164
-4
-97
-207
-369
-549
-693
-776
-824
-876
-954
-1030
-1033
-933
-747
-516
-263
46
459
981
1578
2173
2670
3022
3317
3655
3957
3959
3471
2706
2048
1648
1296
737
3
-683
-1143
-1334
-1288
-1149
-1173
-1500
-1909
-2040
-1838
-1705
-2021
-2661
-3158
-3207
-2920
-2590
-2347
-2091
-1669
-1014
-192
655
1343
1780
2025
2201
2384
2531
2532
2332
1985
1645
1462
1414
1363
1201
940
706
536
394
188
-143
-600
-1144
-1682
-2152
-2532
-2861
-3164
-3412
-3529
-3443
-3163
-2788
-2406
-2042
-1672
-1263
-835
-476
-244
-107
-10
110
258
432
613
780
937
1127
1365
1612
1782
1793
1688
1556
1443
1279
972
557
139
-162
-372
-567
-779
-987
-1135
-1207
-1226
-1231
-1243
-1284
-1340
-1368
-1320
-1201
-1070
-950
-794
-516
-99
354
737
1032
1325
1686
2067
2379
2564
2658
2733
2830
2908
2930
2890
2808
2690
2564
2476
2435
2403
2310
2173
2055
1999
1938
1795
1564
1243
780
127
-618
-1268
-1782
-2274
-2825
-3350
-3706
-3841
-3781
-3547
-3193
-2870
-2648
-2402
-1959
-1387
-979
-897
-944
-828
-479
-56
266
512
809
1238
1760
2298
2763
3082
3207
3171
3054
2908
2697
2286
1642
917
305
-140
-544
-1014
-1482
-1834
-2050
-2188
-2301
-2391
-2483
-2613
-2759
-2850
-2869
-2879
-2932
-2982
-2938
-2760
-2474
-2164
-1862
-1515
-1101
-631
-185
175
436
619
750
827
849
815
733
616
495
420
424
459
457
384
278
200
164
87
-113
-413
-704
-911
-1062
-1181
-1281
-1317
-1255
-1112
-890
-600
-286
22
301
581
889
1195
1442
1608
1749
1927
2167
2409
2611
2777
2954
3198
3484
3759
4014
4225
4380
4482
4519
4465
4250
3838
3264
2596
1814
894
-64
-950
-1737
-2492
-3175
-3614
-3779
-3800
-3801
-3725
-3509
-3263
-3100
-2964
-2763
-2578
-2520
-2521
-2408
-2104
-1684
-1242
-704
-25
767
1659
2573
3400
4018
4423
4703
4842
4748
4350
3717
2965
2147
1301
484
-290
-1027
-1712
-2269
-2683
-3025
-3340
-3657
-3944
-4229
-4518
-4761
-4950
-5092
-5170
-5077
-4757
-4308
-3772
-3114
-2289
-1363
-489
320
1082
1767
2282
2596
2828
2966
2968
2846
2673
2519
2345
2156
1964
1764
1527
1219
899
563
143
-359
-890
-1377
-1839
-2298
-2673
-2906
-3009
-3050
-2993
-2814
-2538
-2219
-1870
-1464
-1063
-708
-357
17
435
877
1279
1702
2126
2532
2982
3449
3840
4081
4207
4301
4336
4271
4095
3822
3493
3097
2709
2392
2160
1911
1652
1517
1459
1387
1301
1313
1457
1489
1330
1101
918
767
496
232
-16
-471
-1183
-1826
-2019
-1999
-2204
-2642
-2979
-3004
-2870
-2638
-2259
-1896
-1823
-1932
-1737
-1130
-589
-459
-563
-509
-250
98
530
956
1188
1237
1406
1870
2400
2587
2421
2181
1973
1715
1354
910
306
-517
-1337
-1928
-2312
-2716
-3232
-3701
-3975
-4056
-4025
-3925
-3801
-3739
-3670
-3458
-3115
-2786
-2561
-2343
-2064
-1710
-1325
-935
-516
-160
144
456
814
1125
1271
1307
1285
1229
1121
941
708
403
74
-196
-380
-506
-667
-829
-916
-898
-780
-664
-568
-483
-398
-276
-100
118
286
392
520
714
986
1272
1529
1738
1932
2152
2348
2511
2618
2628
2580
2506
2430
2357
2252
2076
1876
1776
1738
1679
1590
1505
1476
1508
1667
1959
2281
2532
2678
2882
3250
3626
3784
3581
3103
2409
1530
625
-221
-1070
-2109
-3293
-4224
-4622
-4617
-4556
-4526
-4352
-4010
-3567
-3018
-2377
-1864
-1702
-1776
-1748
-1432
-1040
-801
-623
-321
218
943
1802
2635
3227
3585
3854
4089
4071
3640
2848
1836
735
-419
-1554
-2623
-3652
-4567
-5185
-5382
-5256
-5012
-4663
-4174
-3566
-2904
-2238
-1621
-1184
-949
-796
-559
-258
-11
176
408
729
1097
1488
1864
2113
2176
2059
1801
1438
898
197
-596
-1378
-2090
-2675
-3032
-3210
-3277
-3220
-2942
-2472
-1952
-1471
-1009
-550
-140
182
475
775
1048
1278
1517
1831
2172
2465
2694
2914
3112
3197
3140
2984
2745
2423
2030
1618
1241
888
574
363
257
218
195
199
318
512
673
728
715
755
861
956
1024
1111
1272
1425
1560
1855
2408
3107
3727
4186
4630
5114
5567
5944
6209
6134
5322
3715
1945
597
-430
-1731
-3534
-5404
-6835
-7624
-7793
-7473
-7026
-6792
-6660
-6013
-4627
-3065
-2127
-1944
-1895
-1511
-820
-172
225
364
466
880
1802
2946
3816
4239
4427
4679
4927
4935
4479
3503
2143
660
-712
-1964
-3244
-4589
-5751
-6498
-6757
-6613
-6153
-5484
-4761
-3978
-3043
-1977
-1034
-415
-50
256
560
769
870
908
948
1038
1212
1439
1598
1620
1520
1386
1212
892
390
-270
-1001
-1673
-2173
-2457
-2615
-2743
-2771
-2569
-2071
-1381
-688
-119
308
690
1107
1522
1802
1875
1787
1676
1630
1657
1695
1651
1509
1335
1227
1141
989
722
386
34
-287
-536
-691
-728
-707
-612
-408
-66
344
778
1221
1661
2020
2250
2442
2642
2807
2827
2800
2789
2786
2705
2671
2859
3235
3571
3744
3926
4197
4527
4784
4998
4883
3964
2151
184
-1275
-2442
-3994
-6055
-7958
-9239
-9845
-9859
-9197
-8168
-7214
-6303
-4806
-2521
-185
1331
2025
2574
3245
3888
4220
4204
3827
3298
3046
3320
3803
3946
3712
3409
3268
3075
2630
1813
596
-974
-2655
-4125
-5374
-6562
-7740
-8565
-8801
-8405
-7528
-6266
-4776
-3215
-1577
119
1796
3093
3885
4210
4303
4200
3911
3355
2552
1736
1087
712
332
-143
-652
-925
-1057
-1190
-1417
-1671
-1947
-2271
-2449
-2356
-1991
-1712
-1477
-1147
-500
306
1072
1605
1872
1990
2005
2016
1820
1396
748
143
-348
-691
-947
-1156
-1288
-1358
-1278
-1119
-914
-843
-818
-829
-793
-739
-667
-506
-275
106
569
1189
1839
2466
2991
3494
3926
4172
4191
4000
3785
3461
3079
2617
2261
1955
1730
1644
1743
1995
2229
2496
2815
3223
3464
3610
3486
2876
1515
-249
-1839
-3136
-4504
-6207
-7702
-8649
-8954
-8862
-8155
-6856
-5266
-3784
-2186
-91
2165
3921
4832
5336
5659
5842
5640
5162
4458
3609
2829
2390
2283
2180
1952
1669
1484
1227
813
180
-645
-1763
-3047
-4255
-5230
-6053
-6744
-7112
-6965
-6330
-5280
-3836
-2143
-400
1192
2686
3988
4948
5292
5127
4563
3722
2622
1348
-25
-1420
-2637
-3553
-4092
-4580
-4930
-5018
-4667
-4201
-3741
-3279
-2739
-2179
-1740
-1154
-414
357
835
1234
1672
2234
2619
2737
2578
2253
1781
1209
626
-101
-819
-1552
-2044
-2343
-2364
-2260
-2007
-1652
-1185
-607
-52
457
812
1080
1201
1261
1199
1142
1114
1190
1299
1461
1703
1982
2305
2655
2994
3183
3179
3037
2902
2740
2510
2159
1853
1643
1603
1737
2016
2314
2513
2776
3260
3856
4193
4182
3868
3064
1571
-309
-1977
-3392
-5075
-7062
-8553
-9079
-8981
-8651
-7811
-6196
-4233
-2349
-336
2060
4291
5706
6309
6665
6853
6574
5712
4540
3264
1933
808
90
-377
-899
-1379
-1524
-1381
-1304
-1413
-1619
-1855
-2249
-2739
-3180
-3449
-3714
-3952
-3920
-3374
-2433
-1427
-342
859
2103
3104
3837
4237
4257
3708
2774
1605
325
-1202
-2849
-4286
-5396
-6244
-6974
-7182
-6851
-6095
-5285
-4239
-3008
-1738
-664
258
1228
2052
2565
2731
2865
2919
2896
2609
2230
1715
1242
730
256
-291
-875
-1264
-1587
-1792
-2050
-2074
-1964
-1685
-1421
-1082
-701
-328
54
397
690
882
1050
1131
1223
1312
1523
1743
1966
2164
2443
2791
3170
3424
3514
3508
3490
3428
3258
3050
2796
2555
2288
2184
2255
2517
2741
2911
3097
3437
3839
4077
4061
3773
3020
1466
-649
-2634
-4116
-5614
-7437
-9096
-9816
-9693
-9121
-8018
-6067
-3738
-1633
397
2860
5448
7189
7787
7788
7638
7089
6057
4680
3200
1572
89
-869
-1310
-1668
-2086
-2241
-2082
-1817
-1716
-1750
-1935
-2274
-2739
-3144
-3402
-3580
-3724
-3712
-3258
-2338
-1205
-68
1081
2213
3200
3878
4173
4028
3385
2316
984
-426
-1942
-3460
-4750
-5659
-6329
-6886
-7026
-6570
-5694
-4787
-3793
-2635
-1421
-354
543
1410
2186
2710
2955
3103
3222
3261
3045
2603
2043
1550
998
339
-458
-1204
-1702
-2067
-2321
-2501
-2479
-2347
-2042
-1582
-1028
-524
-156
199
524
763
905
1006
1012
965
1001
1221
1501
1704
1879
2191
2653
3107
3374
3440
3429
3417
3305
3094
2907
2755
2473
2063
1914
2261
2806
3074
3124
3320
3704
3934
3895
3752
3345
2097
-109
-2495
-4325
-5762
-7361
-9027
-10071
-10121
-9415
-8136
-6172
-3649
-1169
990
3150
5496
7394
8121
7841
7205
6397
5186
3627
2011
508
-848
-1795
-2144
-2145
-2219
-2305
-2149
-1819
-1614
-1696
-1996
-2484
-3038
-3401
-3437
-3387
-3355
-3091
-2323
-1161
8
1034
1983
2817
3328
3392
3052
2384
1361
53
-1279
-2372
-3221
-3973
-4556
-4689
-4394
-4171
-4291
-4327
-3774
-2850
-2206
-1959
-1709
-1257
-681
-7
828
1628
2085
2303
2658
3189
3482
3211
2444
1578
901
386
-199
-1017
-1825
-2226
-2155
-1920
-1721
-1511
-1174
-702
-167
348
726
884
931
1019
1172
1345
1433
1387
1350
1528
1949
2384
2619
2769
3043
3459
3825
3955
3863
3703
3552
3359
3101
2865
2708
2525
2296
2265
2564
2905
2882
2590
2457
2525
2414
1888
1018
-258
-2073
-4053
-5521
-6402
-7195
-7997
-8242
-7580
-6290
-4621
-2549
-282
1648
3119
4484
5791
6495
6207
5227
4044
2799
1478
199
-903
-1821
-2486
-2718
-2507
-2101
-1763
-1538
-1355
-1211
-1198
-1447
-1988
-2609
-3067
-3260
-3216
-3003
-2642
-2096
-1302
-301
703
1471
1957
2158
2030
1647
1175
569
-313
-1309
-1930
-2045
-2061
-2121
-1984
-1783
-2019
-2591
-2756
-2348
-2127
-2390
-2534
-2211
-1760
-1335
-596
443
1228
1589
2072
2812
3265
3115
2608
2013
1399
854
416
-92
-764
-1200
-1124
-858
-786
-798
-678
-467
-328
-223
-19
194
307
362
478
733
1104
1388
1539
1764
2158
2511
2606
2641
2947
3329
3381
3248
3286
3381
3142
2672
2467
2584
2539
2207
1956
2020
2179
2115
1811
1517
1361
1188
864
465
83
-552
-1572
-2450
-2784
-3294
-4783
-6377
-6398
-5001
-4010
-4004
-3646
-2147
-480
695
1972
3344
3659
2804
2304
2856
3062
1715
-179
-1130
-1155
-1093
-1175
-1226
-1327
-1458
-1215
-524
-128
-531
-1361
-1965
-2219
-2468
-2843
-3212
-3450
-3444
-3006
-2194
-1330
-780
-393
264
1088
1549
1525
1417
1384
1145
672
459
478
258
-167
-305
-440
-1326
-2689
-3389
-3273
-3382
-3923
-4104
-3661
-3200
-2725
-1719
-393
319
464
1012
1984
2523
2316
1871
1511
1197
923
815
554
64
-153
139
464
441
274
199
204
144
141
123
-55
-167
3
203
258
338
604
956
1276
1743
2283
2539
2669
3229
4079
4525
4401
4267
4377
4337
3951
3599
3402
3035
2481
2164
2265
2363
2013
1341
859
797
912
728
118
-698
-1532
-2274
-2589
-2305
-2237
-3336
-4957
-5176
-3578
-1971
-1759
-2025
-1447
-353
485
1318
2330
2537
1445
401
741
1446
815
-842
-1835
-1607
-1060
-775
-526
-246
-188
-108
357
867
629
-403
-1400
-1873
-2159
-2719
-3410
-3858
-3937
-3728
-3229
-2533
-1950
-1611
-1202
-459
367
867
1035
1160
1332
1476
1597
1694
1565
1119
544
-94
-936
-1941
-2768
-3228
-3498
-3672
-3570
-3136
-2567
-1981
-1265
-468
159
575
963
1356
1592
1583
1416
1205
1009
878
722
431
112
35
176
280
259
244
324
412
483
604
701
630
454
295
167
8
-130
-107
100
406
784
1258
1847
2626
3534
4340
4797
4965
5054
5074
4825
4257
3567
2873
2208
1708
1541
1529
1316
827
376
215
317
469
351
-446
-2041
-3826
-4856
-4736
-4057
-3676
-3900
-4237
-3886
-2439
-336
1359
1900
1534
1169
1350
1815
1864
1113
-186
-1273
-1508
-970
-407
-448
-877
-953
-301
667
1274
1197
692
262
222
406
322
-353
-1408
-2290
-2744
-2985
-3406
-4066
-4646
-4763
-4308
-3520
-2704
-1986
-1204
-226
814
1596
1960
2058
2147
2269
2163
1560
488
-641
-1362
-1550
-1485
-1569
-1902
-2219
-2174
-1746
-1250
-1051
-1196
-1376
-1260
-795
-260
49
48
-95
-206
-280
-437
-723
-1021
-1175
-1108
-861
-488
3
629
1358
2048
2550
2788
2820
2760
2611
2263
1604
711
-136
-645
-696
-403
33
477
964
1624
2473
3329
3950
4264
4413
4610
4901
5157
5207
4968
4516
4071
3800
3612
3150
2111
636
-658
-1095
-549
286
307
-1127
-3599
-5856
-6760
-6253
-5319
-4963
-5208
-5117
-3805
-1376
1128
2596
2747
2260
2057
2448
2827
2362
985
-470
-1042
-637
-43
-32
-617
-1138
-1002
-268
428
522
90
-249
1
679
1169
1057
482
-120
-541
-975
-1758
-2975
-4260
-5080
-5168
-4715
-4089
-3408
-2477
-1168
230
1206
1455
1178
838
692
594
213
-570
-1421
-1836
-1598
-1016
-608
-610
-811
-881
-711
-471
-361
-412
-445
-236
278
878
1250
1216
840
216
-576
-1467
-2281
-2801
-2894
-2600
-2052
-1333
-406
736
1946
2923
3441
3508
3356
3217
3179
3052
2628
1898
1086
458
123
1
-13
23
162
481
1035
1732
2470
3170
3822
4396
4861
5169
5300
5204
4816
4140
3351
2709
2368
2147
1687
791
-219
-766
-595
-329
-1071
-3472
-6892
-9633
-10152
-8337
-5567
-3442
-2401
-1656
-313
1556
2993
3016
1588
-245
-1108
-529
649
1173
727
91
96
700
1091
617
-552
-1550
-1601
-711
371
938
924
800
893
1013
634
-474
-1994
-3301
-4024
-4257
-4296
-4210
-3810
-2861
-1504
-219
473
557
446
501
570
215
-781
-2090
-3103
-3356
-2933
-2312
-1950
-1804
-1570
-1067
-459
-7
146
94
30
186
600
1093
1357
1249
795
174
-466
-1017
-1491
-1916
-2300
-2533
-2507
-2099
-1308
-321
575
1211
1649
2077
2596
3152
3533
3587
3294
2852
2442
2129
1848
1585
1389
1326
1376
1554
1889
2459
3223
4014
4634
5029
5262
5475
5703
5865
5742
5233
4487
3871
3479
3052
2271
1285
544
314
192
-571
-2648
-5929
-9240
-10810
-9801
-7154
-4737
-3418
-2652
-1560
-66
1347
2005
1532
161
-985
-816
514
1660
1786
1287
989
987
897
469
-227
-1002
-1389
-935
222
1194
1373
1026
724
411
-313
-1470
-2637
-3523
-4105
-4320
-4064
-3495
-2938
-2426
-1770
-1023
-483
-200
160
750
1228
1190
608
-320
-1359
-2271
-2857
-3191
-3480
-3719
-3542
-2796
-1764
-860
-227
148
261
174
145
343
628
765
765
745
735
615
334
-114
-765
-1566
-2175
-2247
-1801
-1158
-518
123
736
1171
1498
1950
2495
2770
2719
2700
3006
3344
3405
3251
3100
2719
2062
1532
1743
2475
3184
3702
4476
5383
5966
5999
5965
5852
5373
4503
4071
4103
3759
2430
1144
869
1268
913
-631
-3137
-6241
-9350
-10688
-9134
-5820
-3392
-2700
-2550
-1916
-1410
-1502
-1768
-1822
-2060
-2195
-1180
970
2356
1752
227
-579
-783
-1281
-1762
-1272
13
1206
2295
3564
4196
3031
651
-1217
-2017
-2841
-4061
-4786
-4462
-3986
-4024
-4317
-4435
-4841
-5475
-5428
-3984
-1996
-438
673
1818
2463
1902
400
-932
-1773
-2346
-2630
-2182
-1291
-714
-697
-706
-608
-861
-1510
-1787
-1139
6
956
1615
2140
2274
1707
666
-304
-1020
-1539
-1693
-1202
-343
265
429
539
829
1031
925
901
1373
2194
2895
3381
3761
3901
3503
2822
2409
2348
2118
1762
1950
3063
4300
4946
5228
5861
6600
6944
6932
7088
7139
6749
6290
6430
6380
4903
2312
551
357
409
-773
-3076
-5849
-8583
-10089
-8813
-5119
-1872
-1147
-1964
-2170
-1631
-1364
-1546
-1373
-1035
-842
-275
1405
2883
2426
171
-1638
-2053
-1831
-1755
-1195
42
1286
1937
2371
2427
1287
-1150
-3299
-3914
-3469
-3141
-3107
-2956
-2874
-3384
-4381
-5327
-6064
-6596
-6398
-4941
-2694
-939
-470
-1031
-2014
-3055
-3866
-4083
-3604
-2711
-1665
-544
489
974
635
-243
-980
-1144
-680
200
1265
2170
2584
2381
1736
849
-204
-1228
-1810
-1632
-846
20
543
619
300
-289
-802
-869
-387
352
1114
1801
2350
2536
2374
2176
2193
2356
2473
2637
2938
3324
3595
3785
3935
4124
4395
4933
5676
6318
6528
6381
6160
6021
5940
5645
4863
3539
2363
2090
2673
2913
1777
-773
-3837
-6208
-6697
-4929
-2207
-604
-1071
-2476
-3435
-3535
-3232
-2570
-1733
-1113
-806
-65
1262
2039
1273
-324
-1166
-857
6
981
2119
2832
2594
1712
1088
625
-343
-1725
-2433
-2018
-1255
-991
-1393
-2312
-3875
-5689
-6891
-6932
-6346
-5755
-5231
-4576
-4111
-4175
-4623
-4985
-5089
-4995
-4511
-3490
-2170
-1143
-651
-556
-692
-1096
-1544
-1589
-1026
-179
485
811
832
585
165
-142
-193
-92
-35
70
409
902
1214
1208
1023
813
684
775
1163
1575
1599
1245
944
1041
1393
1720
1913
1987
1896
1811
2086
2788
3437
3661
3815
4355
5125
5537
5567
5505
5506
5408
5416
5701
5804
4980
3511
2686
3001
3455
2795
1079
-1115
-3192
-4475
-3841
-1503
567
476
-1291
-2826
-3291
-3164
-2704
-1507
23
994
1261
1765
2340
1864
105
-1243
-906
496
1705
2454
2995
2836
1785
626
319
340
-131
-773
-444
647
1150
360
-1118
-2600
-3929
-4689
-4388
-3323
-2797
-3326
-4288
-4859
-5183
-5555
-5772
-5506
-4956
-4478
-3996
-3435
-3120
-3430
-3934
-3977
-3363
-2545
-1774
-1057
-460
-227
-396
-642
-735
-654
-530
-217
306
763
729
310
-52
-155
-237
-424
-391
4
413
450
377
547
842
920
994
1416
1896
1861
1493
1571
2173
2565
2444
2449
2956
3471
3554
3596
3935
4089
3635
3230
3705
4541
4549
3664
3050
3219
3367
2854
2011
1063
-427
-2203
-2741
-1249
704
1006
-275
-1403
-1610
-1543
-1324
-328
1062
1441
717
488
1375
1904
977
-227
-244
498
911
1242
2077
2565
1590
-7
-445
359
861
476
183
515
785
442
-45
-387
-1040
-2073
-2589
-2077
-1420
-1800
-3127
-4317
-4738
-4637
-4392
-4074
-3790
-3764
-3987
-3978
-3398
-2557
-2110
-2199
-2275
-1846
-1037
-346
5
66
-114
-493
-747
-563
-187
-219
-701
-968
-611
-93
-35
-310
-432
-455
-803
-1365
-1562
-1242
-853
-647
-355
66
170
-142
-247
262
834
842
673
1138
2079
2568
2350
2115
2295
2527
2599
2899
3477
3566
2749
1883
1975
2696
2971
2618
2297
2102
1477
554
217
554
488
-465
-1277
-1071
-484
-462
-684
-377
82
-162
-759
-661
78
467
348
503
977
934
335
174
769
1183
912
757
1307
1879
1734
1222
940
758
419
269
581
879
692
320
190
96
-286
-686
-783
-849
-1251
-1824
-2236
-2494
-2723
-2836
-2835
-2904
-2954
-2654
-2107
-1897
-2173
-2351
-2011
-1446
-1048
-761
-524
-530
-744
-759
-441
-213
-314
-361
-87
194
156
39
235
650
943
1054
1161
1249
1126
804
549
541
700
864
1035
1321
1631
1668
1350
1028
1029
1161
1108
1063
1405
1854
1760
1222
1057
1464
1679
1287
813
613
151
-796
-1343
-869
-303
-781
-1778
-2040
-1736
-2029
-2880
-3075
-2439
-2139
-2602
-2846
-2412
-2227
-2710
-2836
-1940
-1069
-1238
-1637
-1024
133
545
293
447
1148
1600
1717
2140
2829
3058
2790
2827
3342
3530
2967
2317
2216
2376
2226
1765
1327
944
488
-29
-507
-906
-1164
-1221
-1236
-1471
-1964
-2465
-2712
-2651
-2470
-2443
-2623
-2735
-2496
-2108
-1987
-2120
-2034
-1501
-866
-412
-7
467
814
953
1203
1727
2217
2408
2494
2712
2909
2879
2756
2784
2933
3023
3086
3198
3207
2929
2487
2188
2094
2025
1907
1843
1814
1661
1332
1006
808
625
341
-64
-611
-1400
-2261
-2631
-2268
-1813
-2066
-2829
-3230
-3082
-3101
-3565
-3844
-3550
-3195
-3250
-3383
-3312
-3464
-4026
-4231
-3586
-2905
-3036
-3347
-2750
-1589
-1064
-1288
-1298
-746
-237
32
529
1308
1763
1695
1685
1943
1964
1557
1338
1757
2296
2275
1816
1464
1330
1108
643
149
-45
128
368
306
-88
-523
-730
-729
-664
-628
-634
-620
-440
-73
195
119
-45
227
899
1388
1477
1597
2031
2451
2550
2551
2751
3006
3073
3056
3111
3108
2932
2776
2842
2975
2914
2735
2633
2560
2366
2079
1827
1658
1548
1485
1405
1149
732
368
151
-54
-385
-783
-1195
-1760
-2443
-2869
-2802
-2569
-2697
-3159
-3466
-3455
-3423
-3576
-3688
-3547
-3321
-3226
-3191
-3139
-3256
-3558
-3645
-3240
-2715
-2638
-2784
-2510
-1768
-1119
-922
-903
-795
-647
-420
29
562
761
562
358
419
485
320
200
322
484
418
195
2
-243
-559
-758
-776
-742
-737
-693
-646
-752
-978
-1025
-795
-553
-402
-181
215
624
897
1173
1540
1961
2431
2979
3492
3775
3930
4189
4560
4747
4636
4511
4543
4606
4515
4309
4116
3958
3881
3868
3831
3642
3347
3116
2944
2740
2359
1887
1487
1185
939
632
250
-183
-596
-966
-1390
-1932
-2523
-3007
-3308
-3425
-3538
-3843
-4320
-4782
-5043
-5199
-5362
-5470
-5423
-5274
-5125
-4956
-4733
-4494
-4374
-4265
-4020
-3731
-3457
-3150
-2673
-2102
-1637
-1242
-800
-312
85
384
630
792
810
764
831
920
919
907
924
910
787
616
526
388
150
-60
-178
-272
-483
-718
-835
-852
-871
-829
-678
-578
-569
-533
-328
-7
340
771
1269
1773
2203
2594
2969
3268
3496
3692
4008
4378
4680
4920
5074
5138
5123
5190
5327
5419
5380
5254
5191
5141
5074
4833
4436
3988
3533
3192
2929
2653
2168
1547
980
470
-67
-724
-1383
-1958
-2361
-2593
-2748
-2968
-3444
-4076
-4672
-5060
-5316
-5544
-5639
-5545
-5381
-5284
-5191
-5094
-4970
-4810
-4586
-4279
-4078
-3965
-3772
-3361
-2844
-2471
-2252
-2040
-1765
-1445
-1116
-866
-818
-971
-1123
-1059
-854
-781
-871
-923
-871
-751
-669
-664
-759
-985
-1132
-1067
-885
-764
-756
-680
-471
-226
-17
197
409
542
689
1004
1485
1965
2358
2718
3048
3292
3480
3692
3901
4071
4199
4345
4536
4647
4639
4606
4613
4592
4545
4521
4515
4484
4343
4178
4000
3754
3438
3078
2785
2518
2240
1963
1712
1435
1045
636
231
-198
-693
-1134
-1329
-1402
-1593
-1953
-2282
-2512
-2762
-3073
-3334
-3468
-3561
-3627
-3555
-3416
-3451
-3660
-3741
-3543
-3297
-3240
-3219
-3055
-2855
-2759
-2660
-2442
-2210
-2099
-2027
-1847
-1657
-1583
-1554
-1434
-1299
-1312
-1351
-1253
-1135
-1192
-1304
-1231
-1016
-876
-938
-1051
-1082
-1039
-937
-779
-647
-612
-561
-378
-187
-172
-256
-196
90
447
746
1031
1379
1751
2067
2324
2523
2683
2905
3233
3577
3819
3967
4093
4232
4341
4360
4352
4392
4480
4544
4496
4322
4064
3782
3493
3167
2821
2500
2187
1811
1365
884
384
-154
-713
-1193
-1562
-1930
-2291
-2591
-2852
-3110
-3405
-3669
-3867
-4015
-4109
-4077
-3894
-3731
-3689
-3646
-3498
-3313
-3170
-3040
-2837
-2537
-2217
-1964
-1806
-1700
-1623
-1518
-1335
-1134
-988
-846
-676
-546
-535
-629
-730
-744
-646
-518
-414
-297
-158
-35
32
34
47
155
372
615
839
1071
1317
1588
1910
2224
2459
2641
2875
3157
3407
3587
3730
3908
4060
4105
4094
4110
4061
3896
3777
3776
3735
3502
3162
2872
2637
2337
1980
1680
1383
943
446
53
-360
-1004
-1682
-2029
-2076
-2231
-2643
-2990
-3058
-3088
-3317
-3582
-3674
-3672
-3669
-3559
-3355
-3300
-3429
-3419
-3088
-2741
-2703
-2759
-2510
-2047
-1796
-1846
-1888
-1753
-1555
-1379
-1199
-1051
-1016
-1009
-902
-808
-935
-1203
-1276
-1087
-904
-897
-934
-843
-684
-605
-613
-622
-578
-464
-242
43
268
436
651
945
1197
1345
1506
1790
2162
2466
2681
2882
3066
3187
3249
3331
3473
3644
3847
4053
4190
4193
4073
3922
3772
3612
3451
3363
3357
3337
3215
2993
2714
2416
2128
1868
1642
1444
1248
1042
820
553
230
-91
-387
-689
-1015
-1350
-1681
-2021
-2369
-2713
-3051
-3372
-3673
-3932
-4132
-4306
-4491
-4669
-4779
-4849
-4912
-4956
-4939
-4839
-4687
-4509
-4330
-4159
-4012
-3858
-3640
-3364
-3076
-2789
-2447
-2057
-1690
-1411
-1216
-1012
-755
-464
-171
115
403
690
986
1263
1478
1640
1819
2070
2347
2574
2696
2784
2889
3003
3122
3235
3368
3536
3730
3896
3950
3887
3758
3656
3620
3614
3608
3610
3636
3651
3600
3454
3269
3099
2985
2924
2875
2802
2684
2518
2290
1989
1637
1270
921
614
324
21
-326
-711
-1119
-1549
-1965
-2346
-2644
-2864
-3042
-3201
-3352
-3499
-3656
-3822
-3968
-4054
-4056
-4000
-3906
-3786
-3662
-3544
-3443
-3341
-3229
-3118
-2996
-2858
-2702
-2554
-2447
-2380
-2325
-2249
-2164
-2080
-1990
-1883
-1733
-1564
-1396
-1230
-1059
-869
-650
-431
-211
6
221
463
729
1010
1281
1541
1798
2058
2296
2478
2619
2750
2889
3048
3204
3335
3458
3573
3660
3708
3714
3696
3668
3644
3629
3612
3577
3497
3368
3192
2969
2700
2401
2093
1813
1556
1305
1058
799
516
206
-115
-413
-666
-883
-1061
-1185
-1260
-1314
-1372
-1453
-1540
-1603
-1640
-1654
-1657
-1635
-1606
-1574
-1535
-1511
-1515
-1527
-1549
-1568
-1596
-1649
-1740
-1847
-1933
-2001
-2058
-2125
-2192
-2249
-2278
-2311
-2361
-2405
-2420
-2382
-2300
-2186
-2061
-1931
-1792
-1636
-1468
-1307
-1138
-940
-699
-417
-132
131
364
588
811
1025
1231
1443
1672
1924
2181
2411
2598
2728
2815
2876
2921
2957
2987
3016
3036
3032
2982
2862
2684
2459
2224
1980
1753
1553
1349
1143
925
686
426
146
-139
-407
-635
-817
-964
-1093
-1212
-1319
-1424
-1518
-1603
-1701
-1776
-1813
-1822
-1800
-1761
-1712
-1649
-1578
-1504
-1434
-1371
-1321
-1260
-1183
-1087
-997
-904
-796
-678
-555
-454
-374
-307
-242
-173
-107
-41
29
115
216
319
411
479
524
561
586
612
636
664
708
766
823
863
883
882
868
851
836
830
839
856
880
911
934
945
948
942
944
957
980
1007
1042
1082
1113
1133
1132
1118
1100
1072
1042
1001
954
881
789
676
534
375
201
14
-174
-367
-570
-779
-999
-1225
-1448
-1668
-1879
-2070
-2243
-2392
-2520
-2634
-2725
-2798
-2842
-2859
-2856
-2816
-2749
-2663
-2562
-2443
-2312
-2173
-2021
-1844
-1651
-1445
-1238
-1033
-841
-658
-481
-313
-142
35
231
428
619
797
956
1075
1171
1253
1320
1392
1467
1555
1647
1730
1797
1827
1832
1817
1793
1776
1773
1787
1818
1854
1890
1916
1922
1920
1908
1897
1887
1897
1913
1929
1942
1944
1934
1906
1869
1814
1750
1677
1590
1495
1384
1260
1133
991
850
691
531
366
187
1
-191
-385
-582
-765
-942
-1102
-1250
-1395
-1541
-1690
-1840
-1982
-2115
-2235
-2334
-2410
-2464
-2505
-2538
-2565
-2597
-2621
-2629
-2623
-2605
-2567
-2502
-2417
-2325
-2224
-2123
-2017
-1908
-1793
-1666
-1528
-1381
-1226
-1067
-904
-743
-591
-445
-294
-145
-5
134
271
405
543
673
803
933
1048
1164
1265
1360
1442
1519
1599
1672
1743
1811
1863
1908
1940
1958
1963
1951
1930
1912
1890
1862
1833
1797
1740
1675
1606
1525
1436
1350
1270
1191
1120
1041
961
877
784
690
593
507
428
347
272
202
127
47
-32
-123
-213
-293
-375
-449
-518
-578
-643
-706
-771
-841
-915
-984
-1049
-1110
-1156
-1196
-1227
-1255
-1269
-1283
-1293
-1292
-1298
-1286
-1266
-1236
-1195
-1145
-1082
-1023
-947
-874
-806
-730
-656
-587
-519
-445
-379
-305
-235
-172
-112
-60
-21
7
28
48
53
69
85
90
99
107
109
106
105
92
88
89
87
100
124
154
182
210
241
263
284
304
334
364
401
431
458
490
511
516
515
515
504
493
486
465
449
432
404
364
322
280
222
166
116
58
10
-43
-98
-153
-208
-264
-327
-378
-425
-471
-506
-525
-546
-552
-549
-544
-523
-497
-464
-422
-360
-287
-211
-122
-20
82
182
290
390
495
591
686
780
872
957
1029
1093
1142
1173
1188
1183
1167
1136
1102
1050
997
937
862
787
697
604
501
393
281
181
83
-9
-87
-174
-251
-337
-422
-495
-572
-640
-691
-741
-786
-814
-842
-869
-889
-907
-921
-929
-922
-913
-893
-862
-834
-807
-775
-751
-733
-704
-675
-658
-619
-590
-569
-535
-518
-512
-502
-497
-505
-503
-499
-494
-484
-469
-454
-445
-420
-400
-377
-346
-305
-262
-207
-142
-75
-7
70
140
213
293
375
451
530
616
678
754
826
881
933
975
998
1019
1038
1041
1042
1045
1032
1008
990
960
920
882
831
776
731
674
620
577
531
483
439
399
352
303
271
216
173
146
97
64
33
-8
-46
-87
-128
-164
-195
-227
-264
-296
-324
-368
-404
-438
-486
-523
-558
-599
-617
-630
-654
-660
-677
-695
-699
-708
-708
-705
-690
-675
-655
-624
-595
-559
-516
-470
-435
-390
-344
-294
-242
-190
-138
-88
-46
-3
39
80
121
147
175
208
236
255
275
282
290
296
291
283
279
267
247
230
213
185
176
161
138
123
106
76
56
38
12
-4
-13
-29
-35
-37
-42
-38
-25
-31
-40
-28
-36
-33
-31
-42
-37
-35
-34
-34
-37
-39
-46
-52
-57
-81
-94
-107
-143
-156
-171
-198
-199
-209
-222
-214
-218
-220
-210
-206
-194
-178
-159
-129
-103
-63
-20
23
87
141
194
256
313
366
422
476
534
595
638
685
728
765
809
831
846
862
865
863
856
841
825
804
771
734
689
645
587
534
479
403
343
272
195
137
67
-10
-74
-138
-209
-279
-345
-409
-477
-537
-598
-660
-705
-754
-803
-835
-876
-913
-943
-976
-1005
-1035
-1053
-1059
-1067
-1073
-1073
-1068
-1049
-1039
-1026
-997
-977
-943
-907
-882
-839
-787
-745
-693
-643
-589
-529
-475
-415
-360
-296
-231
-173
-110
-47
14
84
156
217
285
343
404
466
527
583
647
703
758
820
869
925
969
1018
1059
1089
1126
1158
1181
1203
1222
1240
1254
1251
1253
1251
1236
1219
1197
1164
1132
1089
1041
994
937
883
815
747
680
608
534
453
371
292
206
121
41
-43
-121
-198
-273
-351
-425
-492
-564
-636
-696
-756
-824
-877
-926
-975
-1024
-1075
-1115
-1155
-1192
-1217
-1254
-1284
-1305
-1322
-1330
-1347
-1345
-1348
-1348
-1336
-1322
-1294
-1265
-1227
-1188
-1141
-1087
-1027
-959
-885
-809
-729
-647
-564
-475
-383
-289
-198
-102
-4
88
180
268
350
434
510
585
656
719
779
832
885
931
975
1012
1041
1068
1095
1117
1131
1138
1147
1146
1149
1145
1137
1130
1116
1099
1077
1057
1036
1009
975
943
907
870
832
790
742
696
647
592
543
494
437
378
317
262
204
143
82
19
-41
-105
-162
-223
-280
-341
-402
-463
-522
-573
-626
-674
-720
-766
-806
-850
-883
-910
-935
-956
-975
-985
-990
-997
-995
-987
-969
-950
-930
-905
-873
-832
-796
-753
-711
-662
-612
-563
-513
-461
-405
-362
-309
-254
-205
-148
-98
-52
-12
33
76
120
155
191
232
266
301
326
354
377
403
426
449
470
492
509
520
536
546
561
562
571
576
576
581
572
570
565
557
543
532
517
499
476
449
429
402
373
348
315
284
261
230
198
171
138
107
83
49
21
-7
-36
-60
-90
-113
-135
-161
-187
-211
-230
-248
-266
-281
-296
-319
-338
-348
-364
-368
-377
-385
-391
-396
-397
-390
-391
-385
-376
-369
-350
-336
-323
-302
-281
-262
-232
-206
-185
-159
-137
-105
-74
-46
-19
5
36
62
90
114
140
162
184
205
223
236
253
269
278
284
287
297
303
300
293
290
287
280
268
249
235
217
200
177
155
136
110
83
54
28
11
-8
-37
-64
-81
-104
-125
-147
-166
-182
-199
-218
-228
-241
-254
-262
-271
-269
-276
-276
-278
-284
-275
-276
-269
-269
-266
-259
-257
-249
-247
-241
-233
-229
-218
-207
-199
-190
-178
-171
-162
-151
-136
-126
-116
-97
-84
-71
-56
-35
-14
7
28
48
79
99
121
148
180
211
235
259
288
321
344
371
403
424
449
474
493
514
526
540
555
566
577
577
581
578
574
569
559
543
526
507
479
450
423
395
363
328
293
252
215
174
127
88
46
2
-42
-88
-132
-177
-217
-253
-292
-332
-368
-402
-437
-467
-497
-522
-544
-565
-584
-603
-619
-632
-641
-643
-648
-648
-650
-643
-632
-624
-612
-599
-581
-560
-540
-523
-500
-476
-450
-425
-395
-368
-333
-298
-266
-229
-192
-157
-126
-94
-64
-25
11
39
67
98
128
163
191
220
252
280
305
329
354
374
398
415
431
449
466
486
496
505
512
522
530
534
531
527
527
524
517
502
496
487
470
455
441
420
398
376
351
328
299
277
245
215
190
158
128
95
70
40
8
-18
-48
-74
-101
-134
-158
-179
-202
-226
-242
-257
-279
-297
-311
-322
-328
-336
-344
-347
-355
-361
-366
-367
-365
-367
-362
-354
-347
-338
-332
-325
-316
-304
-294
-286
-277
-266
-252
-242
-226
-209
-197
-181
-164
-153
-137
-129
-116
-98
-84
-65
-52
-37
-20
-9
4
18
35
49
59
70
80
93
107
117
129
143
148
156
167
172
176
180
186
192
194
201
203
202
202
207
205
197
196
194
192
194
188
182
175
172
169
166
162
152
145
140
133
127
117
106
100
93
88
80
70
58
52
42
35
26
17
10
6
-1
-9
-19
-23
-30
-38
-45
-53
-60
-64
-72
-78
-85
-89
-95
-101
-102
-100
-102
-107
-106
-114
-113
-115
-113
-111
-114
-110
-105
-104
-108
-112
-106
-100
-96
-94
-94
-86
-80
-70
-69
-67
-61
-60
-54
-53
-47
-39
-32
-31
-26
-20
-12
-11
-5
4
0
6
8
13
16
23
29
32
40
44
44
47
53
51
58
61
64
69
74
79
80
84
87
81
80
79
82
85
85
86
87
84
84
81
78
80
75
68
60
55
55
57
53
48
44
39
37
27
22
19
6
-2
-7
-13
-17
-25
-22
-26
-34
-41
-50
-52
-57
-61
-64
-74
-80
-80
-86
-87
-84
-81
-84
-86
-90
-93
-92
-87
-85
-84
-81
-80
-81
-76
-67
-57
-49
-50
-48
-45
-44
-32
-23
-18
-18
-22
-13
-12
0
12
18
23
21
21
24
32
35
39
39
36
36
41
38
46
48
43
36
24
23
26
30
32
30
29
27
25
28
34
34
25
23
18
20
22
22
23
21
22
22
18
14
12
14
13
5
-6
-4
-5
-6
-5
-7
-11
-14
-22
-25
-24
-26
-25
-29
-32
-37
-42
-40
-38
-32
-33
-35
-33
-34
-31
-28
-19
-11
-15
-13
-14
-8
-2
4
10
7
11
10
8
18
30
33
28
25
19
24
35
46
51
53
55
56
59
61
56
54
54
46
46
42
42
52
50
45
33
23
15
15
16
18
15
8
6
10
13
18
23
16
8
1
-1
3
1
5
3
-1
1
-4
-5
-4
-3
-8
-21
-27
-32
-32
-30
-32
-33
-36
-44
-49
-54
-56
-57
-60
-64
-66
-68
-68
-71
-72
-65
-64
-64
-68
-67
-63
-60
-52
-46
