5
7
9
9
8
10
10
11
10
9
9
10
9
6
5
4
3
4
5
3
2
0
1
1
1
3
3
3
4
3
5
9
11
12
10
9
9
9
9
11
11
10
8
6
5
5
3
1
4
1
0
0
1
1
0
-2
-2
1
3
5
3
0
1
3
5
3
2
1
1
3
2
1
1
2
2
1
-4
-8
-8
-10
-10
-13
-14
-13
-14
-17
-18
-20
-17
-14
-15
-16
-18
-15
-12
-11
-14
-16
-15
-13
-12
-13
-14
-14
-12
-10
-7
-9
-13
-10
-7
-5
-6
-6
-7
-6
0
4
4
-1
-6
-5
-3
0
-1
-3
-5
-5
-8
-11
-9
-10
-9
-12
-14
-15
-17
-14
-14
-17
-21
-26
-25
-23
-23
-26
-29
-30
-28
-27
-26
-27
-28
-25
-22
-19
-20
-21
-18
-15
-13
-11
-12
-11
-12
-10
-8
-5
1
5
8
9
10
11
14
18
22
25
26
27
24
20
17
17
19
18
15
14
13
13
14
18
19
22
23
23
22
23
23
21
20
18
18
20
18
14
11
12
13
12
10
6
5
3
2
-2
-8
-14
-18
-19
-19
-20
-22
-25
-30
-38
-42
-39
-30
-25
-23
-22
-20
-9
6
20
30
40
49
57
64
71
72
81
86
93
99
99
100
100
101
102
104
107
106
103
97
89
78
69
61
51
39
29
13
-6
-28
-51
-67
-82
-90
-99
-110
-117
-117
-112
-104
-92
-80
-71
-58
-39
-19
2
19
31
49
76
103
126
145
161
182
203
216
219
218
226
230
230
213
187
161
133
102
62
13
-39
-90
-148
-217
-292
-357
-401
-436
-473
-518
-560
-578
-573
-561
-551
-541
-519
-478
-429
-380
-333
-280
-210
-142
-73
-16
30
80
130
171
203
224
230
231
225
208
184
157
120
75
33
-12
-53
-89
-135
-185
-228
-254
-261
-265
-280
-296
-292
-253
-196
-147
-115
-77
-16
74
162
226
256
297
372
457
528
561
573
615
697
757
776
774
787
843
916
952
942
935
976
1046
1096
1069
1005
975
985
971
849
620
375
206
91
-80
-370
-706
-958
-1063
-1112
-1221
-1397
-1540
-1535
-1396
-1248
-1190
-1195
-1153
-978
-738
-557
-486
-460
-351
-132
116
288
367
434
566
773
975
1060
1037
988
953
956
915
751
500
225
-4
-178
-334
-540
-802
-1047
-1201
-1257
-1263
-1299
-1413
-1511
-1523
-1430
-1294
-1231
-1263
-1303
-1242
-1035
-795
-649
-604
-553
-375
-62
237
388
420
469
630
864
1039
1049
937
872
925
1018
1036
922
736
633
649
668
599
428
236
124
99
70
-44
-214
-356
-406
-390
-368
-396
-443
-430
-338
-185
-40
62
131
235
400
579
713
790
822
867
950
1025
1053
1009
936
892
891
896
862
780
698
659
655
650
609
523
442
393
351
290
199
96
-6
-89
-169
-245
-314
-372
-421
-463
-509
-528
-514
-502
-498
-512
-530
-511
-466
-432
-433
-465
-486
-473
-440
-418
-430
-453
-454
-421
-379
-359
-359
-363
-359
-346
-350
-376
-410
-436
-457
-473
-498
-525
-529
-515
-493
-481
-482
-484
-460
-421
-394
-390
-404
-406
-382
-343
-326
-343
-363
-357
-322
-287
-280
-293
-285
-256
-216
-175
-147
-115
-77
-16
55
121
188
246
304
375
451
534
603
656
714
772
835
890
937
986
1017
1047
1057
1035
1008
996
1001
1009
1005
989
994
1065
1201
1335
1411
1446
1523
1709
1930
1993
1799
1462
1188
1067
919
478
-238
-932
-1319
-1458
-1666
-2153
-2728
-2989
-2769
-2355
-2167
-2295
-2426
-2173
-1568
-1030
-879
-1025
-1036
-666
-100
290
366
353
548
1019
1552
1902
2023
2062
2174
2372
2516
2457
2174
1752
1326
981
671
265
-313
-960
-1484
-1766
-1917
-2153
-2533
-2896
-3034
-2935
-2802
-2834
-2982
-3043
-2874
-2568
-2325
-2225
-2139
-1888
-1477
-1037
-691
-426
-129
250
659
989
1190
1321
1452
1588
1677
1653
1540
1414
1322
1229
1076
855
602
389
216
47
-165
-404
-629
-805
-938
-1058
-1161
-1231
-1256
-1231
-1153
-1042
-891
-712
-498
-248
37
356
668
971
1253
1536
1839
2136
2403
2638
2830
2981
3106
3180
3199
3175
3143
3139
3144
3102
2969
2776
2616
2529
2445
2232
1867
1478
1198
992
637
-21
-848
-1520
-1864
-2060
-2449
-3123
-3783
-4047
-3852
-3533
-3460
-3598
-3578
-3093
-2273
-1543
-1179
-1042
-735
-99
650
1145
1268
1272
1466
1894
2289
2402
2243
2062
2059
2175
2173
1907
1444
990
665
388
6
-561
-1233
-1831
-2261
-2572
-2872
-3246
-3636
-3904
-3965
-3866
-3742
-3671
-3615
-3454
-3130
-2700
-2289
-1973
-1699
-1358
-914
-440
-33
261
506
791
1116
1411
1606
1701
1745
1787
1840
1840
1759
1624
1466
1302
1148
995
813
611
408
229
81
-54
-176
-300
-404
-462
-482
-488
-488
-462
-386
-246
-77
85
243
412
619
861
1119
1359
1554
1727
1919
2113
2303
2456
2572
2692
2860
3055
3205
3250
3215
3200
3270
3330
3240
2944
2556
2218
1865
1364
648
-159
-863
-1389
-1868
-2434
-3061
-3606
-3874
-3894
-3816
-3757
-3715
-3560
-3228
-2782
-2396
-2125
-1901
-1610
-1227
-864
-586
-351
-51
331
745
1152
1521
1848
2157
2472
2751
2905
2920
2804
2581
2264
1849
1346
761
118
-552
-1209
-1814
-2340
-2817
-3227
-3545
-3749
-3799
-3742
-3656
-3610
-3571
-3453
-3248
-3006
-2844
-2792
-2753
-2586
-2245
-1864
-1588
-1408
-1192
-804
-280
199
494
627
758
1021
1344
1525
1448
1213
1033
1006
1016
926
672
379
239
295
408
391
256
129
137
268
383
367
233
117
133
267
398
448
427
480
691
1006
1329
1551
1683
1853
2145
2475
2708
2778
2757
2741
2789
2864
2832
2696
2534
2453
2490
2537
2503
2415
2411
2533
2699
2792
2770
2711
2631
2498
2214
1736
1154
560
-19
-646
-1357
-2135
-2852
-3391
-3761
-3998
-4172
-4262
-4181
-3907
-3507
-3082
-2676
-2268
-1835
-1408
-1052
-768
-524
-301
-96
95
316
533
747
990
1269
1561
1826
2039
2172
2234
2208
2100
1873
1496
989
381
-252
-889
-1525
-2153
-2721
-3163
-3438
-3541
-3561
-3537
-3460
-3294
-3022
-2723
-2501
-2406
-2401
-2358
-2221
-2050
-1941
-1940
-1942
-1815
-1498
-1087
-720
-455
-213
124
573
998
1229
1249
1180
1154
1170
1128
936
640
396
302
345
401
376
337
367
520
771
952
1000
962
938
1022
1110
1112
1022
883
819
886
1015
1108
1138
1175
1320
1566
1831
2014
2074
2097
2153
2258
2338
2306
2169
1980
1845
1773
1707
1623
1510
1442
1469
1590
1765
1938
2075
2194
2311
2455
2579
2577
2399
2032
1578
1112
589
-31
-807
-1660
-2445
-3080
-3548
-3925
-4248
-4486
-4560
-4394
-4033
-3632
-3280
-2969
-2612
-2180
-1738
-1399
-1189
-1063
-933
-749
-518
-289
-101
86
331
661
1057
1430
1691
1856
1988
2087
2103
1943
1578
1069
517
-19
-577
-1189
-1834
-2428
-2854
-3068
-3163
-3225
-3255
-3201
-3022
-2721
-2458
-2374
-2390
-2373
-2249
-2102
-2032
-2062
-2109
-1997
-1671
-1271
-895
-557
-220
236
811
1349
1700
1848
1904
1993
2111
2119
1926
1606
1327
1204
1171
1128
1011
843
809
923
1091
1214
1186
1103
1049
1076
1133
1053
829
592
458
455
501
482
419
406
551
831
1106
1285
1368
1459
1633
1843
1968
1931
1779
1654
1614
1609
1544
1392
1258
1223
1310
1446
1556
1646
1750
1922
2153
2335
2426
2427
2369
2254
2019
1635
1140
573
-42
-712
-1467
-2246
-2940
-3493
-3922
-4282
-4568
-4721
-4673
-4410
-4019
-3624
-3252
-2852
-2354
-1788
-1271
-894
-641
-391
-93
231
516
717
880
1086
1356
1671
1969
2171
2298
2387
2463
2466
2309
1980
1508
976
409
-223
-907
-1606
-2257
-2800
-3174
-3427
-3586
-3655
-3627
-3493
-3241
-2953
-2761
-2648
-2529
-2329
-2126
-1980
-1923
-1891
-1752
-1446
-1072
-717
-349
48
529
1092
1660
2111
2405
2590
2749
2878
2903
2760
2471
2141
1852
1618
1384
1119
818
606
524
509
507
450
367
287
239
210
121
-63
-265
-427
-537
-573
-583
-548
-460
-275
23
392
759
1086
1398
1714
2020
2265
2405
2431
2396
2353
2328
2280
2148
1985
1867
1819
1829
1851
1832
1775
1751
1805
1886
1882
1745
1544
1356
1154
851
414
-145
-765
-1367
-1968
-2618
-3312
-3958
-4462
-4805
-5024
-5127
-5097
-4899
-4518
-3961
-3314
-2671
-2034
-1375
-693
-57
445
819
1119
1379
1604
1775
1876
1949
2046
2157
2265
2357
2406
2411
2363
2232
2011
1694
1248
678
40
-626
-1295
-1946
-2584
-3156
-3577
-3810
-3882
-3805
-3619
-3377
-3037
-2583
-2072
-1596
-1277
-1130
-1037
-883
-733
-681
-766
-923
-971
-795
-489
-209
39
297
644
1119
1621
1980
2122
2097
2018
1975
1871
1584
1119
602
178
-85
-245
-422
-617
-710
-629
-413
-152
38
171
296
408
506
565
536
420
285
187
165
205
266
335
443
628
889
1181
1425
1586
1689
1780
1843
1860
1826
1732
1622
1525
1479
1507
1582
1652
1722
1847
2040
2300
2555
2703
2738
2722
2718
2693
2506
2055
1406
714
43
-645
-1471
-2475
-3514
-4377
-4956
-5333
-5650
-5927
-6002
-5729
-5121
-4326
-3520
-2791
-2056
-1205
-266
584
1191
1556
1813
2096
2401
2637
2736
2720
2709
2810
2979
3103
3108
2986
2804
2576
2280
1860
1271
532
-289
-1115
-1909
-2634
-3272
-3822
-4232
-4437
-4410
-4157
-3727
-3180
-2571
-1931
-1287
-647
-37
435
670
643
448
212
12
-238
-622
-1071
-1439
-1598
-1508
-1280
-1061
-844
-601
-266
194
633
869
861
704
541
452
349
111
-263
-602
-717
-585
-351
-160
-17
201
577
1013
1376
1540
1508
1399
1269
1108
848
481
53
-325
-580
-676
-653
-581
-498
-335
-34
369
769
1057
1244
1400
1563
1701
1774
1797
1809
1851
1936
2073
2265
2515
2782
3028
3265
3505
3768
3976
4037
3960
3779
3536
3205
2750
2136
1355
440
-536
-1479
-2391
-3310
-4273
-5175
-5846
-6205
-6312
-6262
-6059
-5643
-4948
-4012
-2933
-1833
-819
100
981
1850
2618
3139
3373
3430
3453
3480
3449
3290
3022
2743
2518
2347
2169
1900
1521
1051
528
-1
-564
-1227
-1986
-2795
-3540
-4130
-4560
-4866
-5042
-5046
-4822
-4355
-3700
-2930
-2126
-1358
-642
28
634
1107
1350
1277
933
488
51
-359
-842
-1414
-1963
-2344
-2468
-2347
-2117
-1848
-1549
-1209
-764
-233
246
539
609
532
477
488
473
351
125
-51
-25
191
465
693
861
1071
1355
1632
1800
1768
1548
1232
892
541
155
-283
-734
-1121
-1343
-1349
-1191
-975
-743
-423
26
586
1111
1502
1780
2012
2251
2466
2627
2712
2749
2802
2910
3070
3274
3472
3630
3756
3865
3982
4058
4003
3784
3459
3090
2656
2100
1397
594
-248
-1130
-2035
-2923
-3764
-4517
-5159
-5623
-5862
-5872
-5674
-5257
-4589
-3697
-2665
-1572
-463
639
1691
2618
3360
3881
4173
4258
4177
3970
3636
3180
2649
2102
1599
1158
710
247
-218
-661
-1076
-1524
-2015
-2529
-3035
-3535
-4012
-4412
-4682
-4789
-4746
-4541
-4133
-3513
-2736
-1874
-977
-85
751
1444
1943
2251
2342
2189
1725
959
54
-857
-1731
-2598
-3431
-4123
-4536
-4623
-4403
-3949
-3320
-2552
-1700
-785
143
1018
1714
2166
2383
2451
2453
2369
2156
1820
1458
1183
1025
914
793
662
564
490
376
191
-69
-373
-717
-1094
-1460
-1728
-1878
-1921
-1860
-1648
-1225
-624
56
737
1429
2137
2792
3303
3651
3869
3995
3968
3804
3599
3433
3305
3147
2988
2899
2941
3038
3091
3095
3106
3115
3042
2853
2594
2312
1961
1486
908
325
-250
-869
-1565
-2268
-2863
-3389
-3904
-4377
-4662
-4695
-4562
-4362
-4058
-3510
-2699
-1745
-787
163
1095
1979
2743
3374
3860
4128
4107
3829
3441
3050
2606
2006
1271
546
-39
-507
-957
-1428
-1886
-2301
-2673
-3007
-3287
-3512
-3743
-3981
-4137
-4074
-3790
-3403
-2982
-2479
-1798
-974
-117
659
1337
1890
2233
2294
2129
1801
1285
465
-679
-1926
-3029
-3876
-4598
-5214
-5624
-5636
-5221
-4480
-3512
-2396
-1189
-49
981
1882
2696
3278
3475
3248
2797
2353
1926
1388
669
-46
-569
-811
-939
-1049
-1149
-1164
-1118
-1062
-1002
-938
-858
-867
-921
-930
-739
-417
-62
231
553
1030
1669
2331
2842
3217
3506
3783
3929
3937
3797
3584
3277
2898
2493
2171
1968
1846
1761
1712
1776
1968
2249
2498
2707
2807
2852
2754
2567
2268
1953
1591
1087
431
-293
-887
-1384
-1821
-2370
-2965
-3608
-4096
-4379
-4367
-4184
-3934
-3642
-3198
-2402
-1339
-144
856
1693
2333
2949
3478
3862
3908
3539
2864
2091
1439
812
185
-579
-1281
-1850
-2131
-2262
-2339
-2474
-2650
-2775
-2790
-2650
-2539
-2443
-2421
-2279
-2018
-1564
-1039
-502
-21
429
914
1400
1873
2137
2148
1824
1355
774
152
-699
-1893
-3340
-4682
-5587
-6132
-6407
-6495
-6181
-5449
-4272
-2811
-1147
512
1944
3019
3767
4380
4749
4659
3908
2800
1672
761
-65
-921
-1749
-2348
-2548
-2432
-2118
-1757
-1375
-1065
-805
-525
-190
116
232
184
138
279
602
949
1206
1358
1579
1903
2338
2653
2824
2843
2858
2869
2845
2841
2796
2771
2594
2472
2328
2386
2437
2517
2498
2520
2658
2812
3020
3081
3231
3203
3128
2711
2262
1781
1352
667
-387
-1528
-2547
-3201
-3790
-4223
-4724
-5035
-5243
-5044
-4473
-3545
-2574
-1793
-1084
-263
887
1995
2880
3252
3374
3326
3363
3374
3208
2672
1817
954
255
-190
-614
-1073
-1657
-2135
-2444
-2484
-2392
-2277
-2260
-2304
-2189
-1833
-1273
-762
-352
-93
191
578
1043
1367
1379
1173
865
637
440
233
-136
-656
-1293
-1876
-2251
-2555
-3058
-4070
-5156
-5843
-5890
-5711
-5473
-5131
-4436
-3267
-1824
-187
1398
2846
3740
4220
4427
4645
4514
3696
2229
620
-537
-1328
-2006
-2916
-3628
-3889
-3540
-2973
-2350
-1745
-1192
-706
-313
183
667
1085
1160
1067
1067
1396
1888
2162
2162
2037
2169
2461
2755
2742
2538
2323
2202
2200
2170
2217
2151
2100
1930
1922
2069
2354
2470
2323
2227
2392
2975
3430
3722
3670
3728
3714
3577
3092
2344
1352
-161
-1956
-3748
-4883
-5766
-6531
-7358
-7575
-7017
-5796
-4308
-2760
-1105
376
1680
2729
3865
4666
4873
4334
3648
3136
2784
2330
1674
968
237
-293
-642
-780
-1098
-1705
-2495
-3015
-3128
-3016
-2952
-2945
-2716
-2175
-1330
-359
617
1407
1939
2257
2484
2610
2481
1983
1101
95
-810
-1507
-2030
-2495
-2913
-3249
-3359
-3275
-3063
-2983
-3147
-3681
-4393
-4868
-4912
-4673
-4449
-4090
-3419
-2256
-867
577
1815
2758
3313
3491
3436
3197
2718
1804
615
-602
-1455
-1983
-2349
-2768
-3118
-3123
-2704
-2083
-1547
-1068
-579
-10
563
1168
1757
2214
2470
2612
2741
2830
2736
2460
2077
1729
1442
1315
1285
1340
1409
1524
1790
2124
2487
2696
2848
2784
2724
2656
2911
3197
3323
3308
3456
4039
4659
5131
5130
4990
4435
3741
2772
1815
347
-1925
-4522
-6400
-6958
-7014
-7089
-7342
-6760
-5440
-3483
-1542
316
1702
2426
2777
3314
4309
4889
4626
3543
2753
2510
2658
2464
1755
642
-515
-1358
-1886
-2224
-2886
-3738
-4475
-4480
-3839
-2850
-1897
-1032
-183
652
1538
2318
2904
2931
2454
1684
1097
747
420
-184
-1026
-1766
-2224
-2337
-2439
-2716
-3293
-3869
-4319
-4658
-5204
-5706
-5822
-5457
-4951
-4485
-3723
-2630
-1423
-544
169
825
1501
1725
1582
1440
1640
1886
1723
1168
595
343
32
-587
-1603
-2452
-2973
-3206
-3325
-3120
-2474
-1586
-726
96
1117
2185
2952
3125
2954
2750
2614
2336
1936
1616
1575
1758
1985
2183
2418
2596
2579
2327
2063
1923
1816
1615
1420
1481
1800
2238
2634
3075
3571
4172
4640
4804
4691
4492
4121
3401
2451
1583
641
-1112
-3565
-5563
-6173
-6026
-6127
-6463
-6127
-4930
-3454
-2013
-428
1129
1956
2012
2198
3102
4067
4199
3503
2751
2428
2469
2514
2205
1274
-96
-1247
-1768
-1935
-2337
-3044
-3565
-3424
-2693
-1784
-975
-330
132
369
480
623
859
964
704
210
-99
69
550
834
525
-208
-836
-1021
-1059
-1361
-2025
-2810
-3638
-4486
-4958
-4754
-4239
-4106
-4373
-4436
-3882
-3105
-2560
-2209
-1736
-1165
-619
-3
848
1721
2097
1795
1163
759
610
320
-469
-1416
-1876
-1642
-1228
-1097
-1100
-905
-593
-465
-524
-510
-373
-338
-312
57
898
1740
2204
2452
2954
3726
4213
4058
3578
3282
3173
2916
2520
2418
2648
2762
2534
2498
2967
3563
3709
3416
3098
2955
2981
3098
3324
3546
3532
3209
2769
2467
2074
594
-2406
-5726
-7343
-6825
-5715
-5355
-5234
-4162
-2207
-314
1129
2256
2687
2000
939
882
1921
2692
2237
1237
888
1406
2054
2038
1096
-463
-1878
-2515
-2433
-2294
-2466
-2616
-2213
-1225
-144
568
732
438
-212
-1042
-1711
-1942
-1804
-1678
-1683
-1383
-352
987
1692
1450
818
323
-72
-464
-783
-1147
-1909
-2795
-2819
-1749
-734
-828
-1631
-2172
-2319
-2624
-3102
-3265
-3118
-3072
-2953
-2006
-175
1432
1822
1313
983
1181
1170
293
-987
-1691
-1518
-998
-568
-146
378
671
475
85
-77
-165
-602
-1219
-1335
-667
162
458
385
657
1419
2068
2170
2040
2142
2379
2509
2751
3470
4303
4588
4342
4292
4667
4737
3926
2757
2285
2672
3066
2833
2311
2018
1829
1411
955
567
-652
-3653
-7350
-9144
-7917
-5531
-4252
-3934
-2868
-682
1349
2391
2783
2688
1720
331
45
1462
3071
3104
1762
668
617
869
347
-1222
-3196
-4582
-4562
-3211
-1497
-380
112
568
1219
1671
1474
603
-717
-2161
-3282
-3640
-3189
-2468
-2078
-2135
-2150
-1700
-990
-669
-1061
-1799
-2186
-1883
-1081
-281
124
189
383
982
1586
1516
682
-358
-1012
-1252
-1314
-1269
-1096
-939
-942
-945
-695
-307
-243
-684
-1147
-1039
-376
194
299
202
270
409
355
154
54
24
-67
-67
372
1144
1730
1870
1918
2245
2638
2640
2288
2020
2045
2137
2120
2081
2094
2024
1803
1568
1509
1663
2021
2523
3089
3665
4286
4883
5156
4985
4602
4213
3723
3048
2314
1532
562
-464
-1227
-2215
-4445
-7426
-8915
-7608
-5207
-4028
-3880
-2896
-985
171
65
107
815
888
-142
-511
1184
3493
4015
2609
1235
1023
1097
295
-1351
-2863
-3453
-2924
-1720
-572
45
264
455
482
-42
-1093
-2063
-2674
-3201
-3736
-3765
-2933
-1890
-1557
-1960
-2310
-2144
-1800
-1811
-2307
-2917
-3043
-2505
-1746
-1404
-1328
-1041
-612
-733
-1236
-1369
-870
-466
-430
-143
823
1810
1990
1511
1020
788
469
-84
-557
-511
54
645
857
766
745
711
345
-317
-733
-745
-716
-759
-402
491
1292
1560
1694
2115
2561
2732
2965
3543
4147
4354
4328
4241
4053
3647
3346
3294
3401
3438
3401
3356
3515
3956
4419
4525
4101
3355
2440
1592
966
502
-55
-695
-1403
-3000
-5803
-8313
-8247
-6137
-4700
-4975
-4797
-2730
-582
-191
-519
270
1272
958
78
752
2541
3001
1332
-653
-1156
-674
-533
-1351
-2252
-2202
-801
1069
2121
1925
1191
820
615
-151
-1584
-2747
-3123
-3225
-3693
-4095
-3906
-3480
-3732
-4447
-4775
-4060
-2913
-2028
-2143
-2634
-2363
-995
-100
-700
-1534
-1216
-316
-518
-948
-428
594
45
-1288
-1472
-280
31
-1087
-1740
-834
529
864
732
975
1669
1900
1646
1439
1646
1739
1264
767
1054
1706
1458
452
156
936
1299
571
98
902
2006
2274
2251
2847
3640
3857
3641
3638
3882
4110
4276
4627
5279
6015
6377
6196
5906
6008
6264
6065
5382
4683
3944
2916
1618
483
-414
-1463
-3384
-6337
-8944
-9284
-7142
-4959
-4396
-4516
-3425
-1941
-1517
-1705
-813
475
440
-456
76
2095
2934
1273
-1081
-1928
-1440
-1035
-1196
-1291
-756
303
1452
2091
1881
982
-8
-732
-1344
-1896
-2173
-1984
-1910
-2272
-2939
-3269
-3530
-4210
-5278
-5754
-5086
-3996
-3497
-4146
-4670
-4357
-3362
-3145
-3192
-2766
-1624
-1076
-1028
-378
774
1049
138
-146
466
889
126
-348
149
831
618
111
68
161
-118
-634
-625
-59
577
690
553
822
1513
1711
952
208
391
989
1021
820
1328
2286
2791
2599
2590
3001
3365
3201
3053
3485
4208
4586
4501
4862
5503
5711
5098
4874
5442
5810
5114
3949
3594
3476
3060
2316
2010
910
-2025
-5486
-6441
-4134
-1848
-1665
-2685
-2256
-1365
-1416
-2134
-1575
-484
-581
-1233
-378
1740
2304
704
-1223
-1804
-1660
-1452
-1227
-866
-415
558
1970
2663
1617
-221
-1239
-1337
-1559
-2060
-2030
-1529
-1370
-1846
-2301
-2623
-3505
-4820
-5657
-5009
-3797
-3214
-4357
-5518
-4944
-2816
-1979
-3110
-3628
-2254
-883
-1477
-1568
-151
895
-593
-1846
-985
410
-292
-1755
-1624
-480
-151
-614
-568
-100
134
-59
85
806
1742
2003
1588
1313
1801
2130
1518
706
811
1335
1331
1141
1584
2247
2170
1515
1258
1703
2246
2485
2657
3139
3967
4605
4842
4755
4730
4639
4584
4666
4781
4564
3853
3366
2917
2541
1799
1181
-475
-3258
-5512
-4605
-1447
42
-1145
-2472
-1360
-88
-283
-1099
-288
948
1106
1045
2378
4131
3714
1307
-592
-320
842
1102
287
-31
1169
2967
3255
1685
-236
-897
-840
-1082
-1703
-1867
-1510
-1450
-1826
-2408
-2791
-3687
-4760
-5374
-4942
-4869
-5611
-5883
-4688
-3390
-3758
-4544
-4297
-3061
-2592
-2329
-1782
-996
-836
-822
-811
-1076
-1668
-2163
-2244
-2173
-1852
-1551
-1422
-1532
-1160
-575
-281
-519
-474
84
937
1493
1541
1202
750
409
-5
-355
-401
3
390
615
950
1366
1458
1197
1176
1700
2377
2925
3514
4292
4818
4872
4875
5062
5104
4450
3642
3197
3238
3231
2953
2652
2218
1591
-373
-3043
-4919
-3889
-1898
-1497
-2583
-2200
-199
188
-1257
-1853
-43
1023
662
866
3249
4947
4190
2478
2147
2736
2700
1957
1442
1875
2872
3570
2991
1700
880
1028
837
-14
-698
-425
-339
-1000
-1752
-1856
-2182
-3379
-4367
-4193
-3543
-4005
-4768
-4463
-2969
-2469
-3227
-3977
-3580
-2949
-2715
-2157
-1098
-191
-206
-248
-309
-425
-874
-882
-641
-361
-146
174
303
20
-141
-125
-248
-764
-755
-30
649
255
-641
-1172
-1362
-1949
-2765
-2897
-2207
-1434
-1083
-902
-773
-812
-859
-461
370
1144
1817
2481
3141
3522
3709
3724
3475
2964
2616
2605
2567
2353
1975
1696
1224
553
-1007
-2954
-4118
-3212
-1801
-1682
-2412
-2049
-911
-948
-1629
-1448
-209
292
624
1551
2916
3101
2523
2176
2352
2587
2640
2679
2759
3464
4372
4472
3215
2155
2312
2687
1915
843
848
1386
1033
107
-396
-719
-1791
-2929
-3263
-3067
-3222
-3303
-2763
-2111
-2040
-2554
-2838
-2800
-2286
-1842
-1365
-829
105
775
667
90
-205
69
365
677
929
1393
1664
1838
1701
1448
1033
774
967
1511
1842
1479
986
752
652
-14
-835
-1233
-993
-744
-651
-587
-496
-585
-723
-547
-228
-164
-336
-153
248
477
437
553
546
131
-344
-453
-559
-1068
-1373
-1079
-842
-1714
-3182
-4005
-3685
-3131
-3083
-3297
-3280
-3006
-2862
-2697
-2540
-2369
-2165
-1425
-371
342
454
412
580
774
969
1034
1011
1066
1732
2668
3050
2596
2144
2210
2342
2083
1617
1522
1711
1906
1764
1367
671
-173
-880
-1071
-870
-704
-622
-466
-298
-484
-875
-1106
-991
-693
-271
114
306
475
872
1211
1057
734
827
1284
1614
1761
1900
1937
1835
1823
1982
2006
1908
1973
2241
2339
2148
1890
1738
1635
1505
1332
1064
797
672
695
597
328
157
309
528
443
128
56
400
756
709
305
-74
-216
-201
-258
-514
-870
-1075
-1164
-1484
-2216
-2909
-3060
-2756
-2591
-2828
-3187
-3307
-3180
-3123
-3335
-3686
-3726
-3307
-2714
-2370
-2282
-2206
-1975
-1692
-1533
-1587
-1659
-1381
-672
37
263
121
60
204
257
92
-158
-317
-372
-309
-302
-632
-1271
-1641
-1440
-1064
-955
-1049
-1066
-994
-918
-896
-1006
-1228
-1162
-659
-159
-19
122
652
1264
1566
1655
1829
2144
2628
3254
3683
3704
3711
4106
4592
4672
4485
4470
4661
4793
4708
4468
4207
4098
4082
3827
3212
2571
2240
2090
1846
1540
1341
1237
1096
843
543
337
313
351
242
-19
-229
-262
-267
-425
-703
-930
-1067
-1283
-1724
-2231
-2459
-2322
-2112
-2139
-2393
-2601
-2654
-2719
-2962
-3303
-3445
-3259
-2957
-2800
-2801
-2774
-2645
-2510
-2444
-2439
-2383
-2147
-1754
-1395
-1240
-1233
-1189
-1044
-899
-852
-879
-911
-919
-929
-964
-1025
-1099
-1099
-966
-806
-772
-867
-959
-976
-967
-967
-994
-1086
-1201
-1216
-1141
-1107
-1067
-843
-493
-292
-279
-195
69
356
621
958
1360
1739
2127
2519
2763
2837
2969
3287
3635
3845
3958
4111
4333
4544
4585
4398
4178
4142
4229
4183
3958
3781
3735
3648
3390
3063
2809
2628
2476
2295
2034
1717
1452
1289
1054
579
-26
-502
-840
-1263
-1790
-2173
-2319
-2481
-2843
-3240
-3477
-3633
-3852
-4066
-4153
-4142
-4156
-4208
-4202
-4105
-3982
-3858
-3692
-3462
-3232
-3068
-2919
-2730
-2595
-2557
-2427
-2049
-1644
-1502
-1497
-1316
-1013
-870
-889
-861
-744
-658
-604
-495
-353
-196
54
348
453
312
191
229
239
72
-108
-118
-17
79
184
312
407
519
743
1027
1240
1401
1630
1917
2125
2265
2441
2640
2801
2995
3282
3536
3633
3675
3797
3898
3819
3638
3576
3632
3635
3554
3494
3489
3422
3249
3068
2940
2803
2607
2407
2211
1906
1453
1012
653
195
-440
-972
-1116
-1131
-1485
-2150
-2659
-2811
-2935
-3276
-3634
-3765
-3713
-3674
-3670
-3664
-3706
-3738
-3598
-3299
-3128
-3237
-3347
-3176
-2910
-2832
-2828
-2617
-2283
-2135
-2168
-2099
-1865
-1633
-1488
-1383
-1317
-1296
-1234
-1087
-959
-873
-660
-314
-81
-132
-299
-388
-447
-579
-707
-761
-777
-753
-606
-377
-232
-178
-63
201
536
860
1136
1359
1575
1869
2198
2442
2636
2954
3409
3762
3887
3956
4144
4339
4346
4180
4056
4064
4130
4179
4180
4112
3980
3850
3754
3598
3305
2967
2711
2485
2104
1580
1149
836
347
-399
-985
-1088
-1042
-1420
-2158
-2657
-2680
-2662
-2967
-3391
-3543
-3401
-3223
-3171
-3237
-3294
-3217
-2937
-2592
-2455
-2570
-2624
-2398
-2082
-1955
-1965
-1895
-1770
-1807
-1959
-1948
-1718
-1510
-1517
-1614
-1624
-1542
-1474
-1486
-1546
-1521
-1308
-985
-795
-842
-953
-890
-713
-656
-774
-851
-715
-435
-194
-67
61
290
588
867
1095
1311
1561
1831
2112
2354
2542
2702
2884
3064
3128
3061
2999
3065
3190
3199
3052
2894
2849
2870
2851
2768
2680
2651
2687
2709
2638
2472
2273
2063
1801
1463
1140
903
670
297
-230
-688
-948
-1152
-1529
-2069
-2503
-2651
-2646
-2727
-2955
-3151
-3143
-2999
-2928
-3021
-3153
-3138
-2910
-2573
-2306
-2203
-2217
-2160
-1919
-1606
-1463
-1547
-1620
-1503
-1283
-1155
-1161
-1157
-1074
-966
-911
-906
-870
-743
-547
-396
-358
-386
-373
-289
-246
-309
-369
-276
-48
178
317
412
556
755
974
1178
1396
1664
1973
2290
2540
2719
2870
3038
3195
3295
3353
3432
3553
3665
3699
3659
3620
3637
3695
3731
3690
3566
3411
3263
3115
2911
2611
2261
1931
1645
1317
873
329
-236
-762
-1275
-1805
-2310
-2714
-3015
-3296
-3614
-3925
-4132
-4254
-4413
-4652
-4842
-4825
-4635
-4465
-4409
-4374
-4207
-3909
-3659
-3524
-3394
-3141
-2805
-2535
-2404
-2297
-2081
-1769
-1489
-1320
-1178
-956
-639
-328
-98
57
201
345
465
527
558
621
720
814
833
805
803
848
897
884
837
870
1055
1328
1525
1605
1677
1864
2150
2402
2559
2704
2950
3260
3508
3639
3706
3791
3888
3966
4032
4111
4197
4212
4114
3924
3715
3533
3360
3152
2890
2618
2387
2187
1903
1452
870
311
-86
-346
-627
-1027
-1457
-1757
-1912
-2109
-2484
-2950
-3281
-3371
-3380
-3498
-3719
-3863
-3815
-3707
-3735
-3896
-3977
-3836
-3574
-3439
-3493
-3553
-3430
-3171
-2996
-2968
-2941
-2734
-2405
-2158
-2082
-2044
-1845
-1535
-1335
-1327
-1343
-1163
-823
-578
-576
-675
-611
-370
-161
-144
-208
-100
224
555
707
739
871
1173
1508
1705
1788
1957
2303
2690
2907
2959
3016
3191
3416
3520
3493
3486
3608
3792
3862
3745
3569
3469
3442
3356
3158
2940
2812
2755
2625
2359
2022
1731
1507
1270
971
660
427
271
96
-165
-472
-738
-947
-1143
-1370
-1602
-1773
-1888
-1975
-2107
-2294
-2464
-2596
-2681
-2761
-2844
-2906
-2944
-2955
-2955
-2978
-3004
-3006
-2965
-2889
-2798
-2689
-2551
-2393
-2239
-2103
-1982
-1860
-1718
-1539
-1334
-1115
-905
-695
-502
-324
-168
-42
92
246
443
666
880
1070
1228
1380
1502
1591
1651
1701
1791
1906
2029
2113
2151
2164
2157
2138
2084
2014
1970
1967
2000
2014
1991
1936
1871
1805
1723
1620
1509
1430
1384
1334
1240
1098
947
799
648
461
251
61
-88
-206
-359
-545
-728
-882
-992
-1118
-1261
-1399
-1484
-1516
-1547
-1599
-1665
-1676
-1632
-1584
-1556
-1547
-1516
-1443
-1367
-1310
-1282
-1224
-1118
-993
-905
-872
-845
-812
-772
-756
-770
-770
-732
-656
-587
-568
-585
-606
-600
-592
-596
-589
-539
-430
-299
-185
-112
-60
7
96
193
289
415
578
774
966
1118
1230
1315
1411
1521
1618
1698
1785
1892
2001
2062
2060
2006
1939
1874
1798
1685
1553
1433
1327
1205
1035
831
618
434
266
91
-93
-256
-380
-473
-576
-698
-818
-913
-975
-1026
-1084
-1133
-1150
-1149
-1152
-1180
-1226
-1254
-1258
-1254
-1259
-1270
-1254
-1219
-1181
-1154
-1143
-1122
-1083
-1030
-969
-918
-853
-763
-663
-571
-480
-386
-287
-182
-82
7
93
178
265
339
396
453
506
556
596
614
624
630
641
644
641
642
659
690
716
750
783
821
859
889
921
957
998
1044
1082
1117
1141
1157
1166
1162
1145
1103
1060
1016
968
905
832
764
692
623
550
466
381
297
205
111
1
-112
-222
-350
-481
-619
-774
-933
-1101
-1264
-1412
-1558
-1690
-1808
-1907
-1975
-2031
-2071
-2092
-2100
-2085
-2042
-1991
-1927
-1845
-1751
-1647
-1538
-1424
-1302
-1171
-1032
-897
-766
-639
-517
-399
-281
-165
-44
81
207
326
439
548
649
741
826
904
983
1058
1125
1182
1237
1276
1302
1320
1328
1333
1326
1319
1304
1291
1267
1239
1210
1180
1142
1105
1072
1034
1010
990
971
957
953
949
941
938
941
949
963
980
1003
1023
1039
1049
1052
1048
1037
1014
978
918
842
749
631
501
355
201
42
-122
-286
-449
-620
-786
-952
-1111
-1261
-1404
-1518
-1613
-1686
-1742
-1777
-1793
-1803
-1803
-1791
-1773
-1746
-1709
-1665
-1613
-1561
-1499
-1436
-1372
-1305
-1241
-1176
-1113
-1051
-992
-927
-860
-802
-731
-652
-569
-494
-421
-351
-293
-234
-179
-126
-66
-9
49
109
163
212
255
297
336
376
416
452
497
541
576
613
647
687
725
763
809
848
894
932
961
985
1004
1019
1024
1024
1020
1009
992
976
953
933
909
888
868
848
835
810
787
758
731
699
659
615
560
514
457
398
330
266
206
145
87
25
-30
-79
-133
-180
-216
-238
-258
-272
-276
-285
-286
-287
-288
-296
-302
-308
-323
-337
-349
-366
-393
-417
-451
-485
-515
-556
-591
-626
-661
-693
-721
-743
-766
-788
-807
-822
-835
-839
-838
-831
-824
-811
-790
-768
-741
-703
-665
-623
-568
-508
-444
-376
-300
-224
-139
-51
33
118
205
290
370
439
506
563
615
654
690
723
741
752
755
741
717
683
643
599
550
499
447
389
330
278
219
170
113
63
24
-12
-40
-59
-68
-77
-78
-74
-67
-54
-38
-26
-20
-9
-3
0
3
-9
-20
-32
-51
-81
-110
-137
-167
-195
-223
-240
-259
-270
-274
-269
-257
-239
-215
-183
-148
-107
-60
-21
22
70
107
144
174
200
225
242
250
254
255
250
245
236
226
216
206
203
204
199
195
207
225
238
256
278
298
320
344
369
395
413
429
444
454
461
452
448
443
428
412
385
361
339
309
272
233
191
154
105
59
12
-40
-98
-156
-210
-272
-344
-411
-475
-541
-604
-671
-730
-792
-852
-892
-935
-973
-1001
-1027
-1037
-1040
-1038
-1029
-1013
-984
-949
-911
-876
-821
-767
-711
-646
-588
-530
-462
-398
-332
-268
-205
-141
-84
-22
34
93
141
186
238
282
322
359
388
420
449
471
496
509
527
538
552
559
562
576
583
591
598
609
623
636
648
666
683
703
723
740
764
786
808
821
833
846
855
860
850
841
831
813
781
747
702
657
608
545
483
414
342
269
197
124
46
-36
-116
-186
-250
-321
-389
-452
-511
-559
-612
-660
-701
-745
-779
-817
-847
-863
-886
-902
-925
-928
-931
-939
-941
-947
-932
-928
-917
-902
-892
-872
-850
-830
-802
-770
-735
-702
-668
-627
-590
-543
-501
-457
-402
-362
-305
-254
-205
-154
-107
-49
-3
47
98
144
197
240
275
322
363
399
428
458
495
513
541
560
577
600
608
623
637
647
658
658
665
666
666
677
670
665
667
665
665
651
643
638
626
614
596
579
564
536
518
493
464
446
411
391
362
327
299
266
240
204
166
140
107
80
53
21
-1
-29
-52
-82
-111
-136
-167
-194
-221
-252
-280
-311
-335
-366
-394
-417
-446
-469
-496
-525
-544
-571
-595
-609
-623
-637
-652
-656
-664
-671
-672
-669
-663
-656
-651
-638
-626
-606
-579
-562
-535
-512
-485
-454
-430
-397
-360
-324
-289
-255
-216
-183
-148
-110
-74
-42
-13
23
57
84
119
144
175
205
228
258
277
301
323
341
363
376
393
415
433
447
466
484
496
512
522
532
543
550
558
564
569
577
581
581
584
582
575
570
565
555
539
526
509
488
469
439
418
397
367
342
301
267
239
196
152
114
74
36
-7
-52
-91
-127
-164
-205
-239
-274
-300
-335
-368
-396
-427
-441
-466
-485
-494
-508
-515
-528
-542
-545
-555
-559
-558
-561
-557
-552
-548
-541
-535
-529
-528
-514
-501
-485
-470
-464
-451
-436
-417
-388
-369
-357
-330
-312
-289
-257
-237
-205
-170
-152
-125
-100
-74
-39
-12
18
49
75
101
125
145
168
201
231
254
277
295
315
340
356
379
405
422
444
462
474
487
502
519
535
548
556
568
571
568
577
569
570
573
554
546
533
504
494
466
439
419
381
352
323
279
237
203
159
128
82
39
6
-33
-75
-110
-146
-184
-208
-244
-261
-275
-305
-324
-344
-362
-367
-380
-383
-387
-393
-388
-398
-394
-400
-402
-395
-386
-381
-372
-371
-374
-369
-363
-359
-345
-334
-327
-313
-313
-306
-288
-278
-258
-239
-227
-205
-187
-181
-159
-137
-117
-85
-66
-48
-20
-9
7
35
47
78
102
113
134
137
145
162
175
194
210
214
215
223
226
226
239
241
249
258
250
251
246
238
243
243
236
240
235
219
214
198
187
191
176
164
163
138
128
118
96
92
81
66
56
39
16
5
-11
-26
-36
-52
-67
-81
-93
-110
-118
-133
-143
-146
-157
-164
-174
-179
-178
-182
-186
-187
-179
-174
-167
-162
-157
-149
-137
-129
-118
-105
-88
-71
-49
-42
-32
-8
0
15
36
49
67
83
87
102
116
123
139
152
159
169
169
169
173
168
174
173
157
157
148
133
122
101
96
90
73
53
33
16
0
-19
-40
-53
-70
-86
-98
-115
-131
-139
-152
-163
-168
-176
-179
-180
-187
-188
-185
-185
-180
-177
-172
-166
-162
-158
-151
-143
-137
-125
-123
-117
-105
-103
-99
-87
-77
-75
-71
-70
-64
-57
-52
-47
-37
-27
-20
-17
-12
-1
11
20
30
40
49
62
79
92
104
116
128
146
157
172
187
197
208
220
231
238
249
257
263
272
273
276
284
279
280
281
275
271
261
259
252
238
228
219
205
185
172
157
141
121
107
90
72
52
31
12
-12
-30
-52
-69
-86
-110
-124
-142
-160
-171
-193
-206
-216
-226
-238
-250
-253
-258
-264
-270
-273
-275
-278
-277
-278
-274
-274
-275
-265
-260
-258
-255
-253
-246
-234
-229
-218
-215
-205
-200
-193
-181
-170
-158
-150
-139
-127
-109
-101
-88
-76
-60
-43
-33
-16
5
21
37
54
67
90
105
115
129
139
151
166
177
191
204
215
226
235
243
247
254
262
268
274
273
271
274
277
277
272
266
258
251
243
235
224
214
202
187
178
159
148
137
122
107
88
76
62
49
36
15
3
-8
-19
-29
-46
-58
-67
-76
-88
-100
-108
-111
-117
-126
-134
-141
-138
-138
-140
-147
-152
-149
-145
-146
-146
-151
-151
-145
-145
-149
-153
-153
-150
-145
-148
-153
-149
-148
-138
-135
-135
-139
-138
-131
-128
-129
-130
-126
-121
-115
-106
-105
-99
-94
-78
-67
-64
-54
-42
-25
-15
-5
-1
2
14
25
33
32
39
51
61
67
70
75
84
98
111
109
116
121
132
140
139
140
135
138
141
143
139
132
129
131
129
122
121
118
113
108
101
102
96
90
89
84
86
85
86
79
78
82
73
71
64
56
50
49
45
37
35
24
19
19
15
10
4
-1
-10
-9
-13
-24
-34
-44
-49
-56
-59
-68
-77
-76
-78
-81
-85
-93
-95
-94
-88
-96
-106
-106
-104
-104
-105
-108
-114
-116
-112
-111
-106
-112
-109
-100
-98
-87
-90
-84
-73
-62
-62
-61
-53
-51
-41
-40
-35
-32
-27
-20
-14
-16
-5
6
11
22
27
34
41
52
61
67
66
69
73
76
78
73
68
69
72
67
68
68
71
67
61
63
59
59
56
58
58
55
54
56
54
54
50
42
38
36
32
24
20
24
22
14
7
3
0
0
-3
-1
-9
-17
-17
-19
-22
-27
-31
-37
-32
-35
-42
-44
-49
-45
-46
-43
-45
-46
-46
-45
-38
-38
-36
-35
-36
-33
-31
-29
-26
-24
-19
-16
-22
-21
-15
-11
-5
-5
-1
0
-1
6
5
6
3
3
7
9
14
15
12
11
13
19
24
24
24
32
34
35
39
39
38
40
39
40
38
36
37
34
28
18
14
12
15
18
15
13
7
2
-6
-10
-11
-10
-10
-13
-18
-22
-23
-25
-27
-29
-25
-26
-27
-29
-28
-30
-23
-19
-26
-27
-30
-25
-28
-28
-25
-27
-29
-32
-30
-31
-31
-23
-21
-15
-19
-17
-14
-11
-1
6
11
13
14
17
28
33
31
30
33
32
30
34
33
39
40
32
28
17
16
19
20
29
35
31
27
18
10
9
17
26
33
35
29
14
4
3
5
16
24
30
24
9
1
-4
-6
-1
5
7
4
-4
-11
-16
-17
-15
-10
-4
-1
-6
-15
-22
-24
-18
-9
-11
-12
-16
-26
-30
-40
-38
-36
-30
-30
-35
-38
-41
-44
-49
-44
-36
-26
-20
-18
-17
-17
-16
-17
-7
-2
11
20
21
20
12
7
8
12
20
30
29
20
12
3
-6
-5
7
16
24
25
17
7
-5
-8
4
15
25
31
29
16
6
2
7
17
28
37
31
24
14
9
4
11
21
25
24
19
14
5
2
6
11
16
16
13
6
0
-2
1
2
3
2
-3
-8
-18
-22
