-1
-3
3
-1
-2
3
2
-2
2
0
-1
1
-2
-1
0
-2
-1
-1
0
2
-1
0
4
-1
-2
1
-2
1
3
-1
1
2
-4
0
1
-3
2
2
-1
2
-1
-3
2
-2
-1
4
-3
0
4
-2
0
4
-5
-3
4
-7
-2
7
-7
2
10
-6
1
6
-8
-2
7
-7
-2
6
-7
-1
8
-6
-1
6
-9
-4
8
-3
-2
7
-3
-4
6
-1
-3
3
0
-4
3
3
-3
2
2
-4
1
5
-4
-2
7
-4
-2
10
-4
-4
10
-6
-7
11
-5
-6
14
-5
-6
16
-5
-7
13
-6
-8
15
-7
-6
16
-6
-8
15
-7
-7
13
-9
-7
15
-4
-6
15
-9
-6
11
-12
-4
16
-7
-1
16
-10
-3
13
-15
-1
13
-12
3
14
-12
0
13
-17
3
11
-18
8
10
-16
9
5
-17
10
3
-13
12
3
-12
16
-2
-12
14
-8
-7
14
-8
-4
17
-8
-5
15
-16
-2
18
-18
1
15
-18
4
14
-20
3
13
-19
7
13
-18
7
13
-15
4
9
-16
4
12
-12
6
10
-13
9
5
-10
3
-1
-3
1
9
-8
3
8
-14
12
-8
-2
8
-10
10
-5
3
-3
7
-8
-3
15
-24
18
-2
-12
12
1
-6
2
14
-27
24
-2
-17
22
-14
2
-1
8
-14
7
12
-22
18
0
-12
8
8
-23
14
11
-26
23
-2
-15
14
1
-21
19
-2
-19
24
-11
4
-1
11
-14
-2
30
-49
36
-3
-28
36
-17
-9
13
10
-34
39
-14
-24
47
-47
20
1
-7
4
-5
19
-34
34
-13
-19
36
-25
-1
21
-16
-11
30
-27
-2
35
-47
25
9
-38
40
-23
-1
13
-14
11
-12
18
-16
7
11
-22
21
-9
-5
5
7
-19
15
5
-30
38
-23
-3
23
-29
16
2
-11
9
-1
-4
4
1
-5
7
-6
2
-2
-3
6
-9
15
-19
14
-6
-10
21
-28
23
-14
5
-7
10
-6
-9
31
-50
51
-33
10
8
-17
22
-32
51
-63
56
-23
-15
44
-51
43
-33
37
-40
34
-8
-24
46
-47
37
-25
27
-31
30
-7
-28
48
-52
35
-18
8
-8
10
-2
-15
32
-30
22
-7
4
-6
11
-9
-1
9
-14
11
-10
14
-22
28
-20
6
13
-25
30
-28
25
-18
8
5
-17
28
-29
19
-8
-3
10
-13
15
-13
6
-2
-10
19
-19
15
-4
-12
17
-23
19
-15
8
3
-16
22
-25
19
-2
-4
13
-15
10
0
-4
3
0
-4
1
4
-3
-7
17
-18
6
12
-24
24
-15
5
-2
3
-2
-8
17
-21
27
-14
-2
17
-23
13
1
-3
-5
21
-24
7
17
-30
24
-3
-5
-1
15
-25
11
17
-47
54
-30
-8
33
-26
9
-2
20
-45
51
-20
-35
72
-68
30
5
-13
0
9
8
-44
74
-63
23
27
-52
43
-18
5
-14
30
-34
8
32
-58
55
-23
-8
14
-5
-6
2
14
-34
31
-12
-15
28
-26
8
14
-21
11
7
-10
-1
16
-14
-4
30
-43
29
0
-21
33
-26
20
-13
20
-25
22
3
-39
65
-61
30
5
-18
9
-6
22
-53
66
-51
11
29
-46
45
-34
20
-16
19
-14
-3
27
-48
42
-14
-11
14
-1
-15
11
3
-18
22
-20
16
-14
12
-12
9
0
-20
44
-52
39
-7
-21
33
-30
30
-33
28
-13
-15
41
-46
29
-7
-14
26
-39
46
-44
25
17
-57
79
-66
32
-3
-13
22
-48
90
-125
114
-48
-44
105
-110
76
-51
61
-85
63
23
-133
198
-171
80
11
-49
44
-34
57
-107
143
-120
26
87
-158
148
-65
-9
23
14
-43
-2
92
-153
121
-13
-87
115
-77
28
-6
12
-16
-4
53
-104
130
-103
21
69
-112
94
-60
59
-87
86
-17
-92
163
-153
97
-49
33
-10
-49
127
-174
157
-86
-4
80
-115
105
-68
38
-41
45
-11
-63
115
-76
-34
109
-65
-50
135
-115
30
32
-40
21
-16
25
-42
63
-84
67
13
-126
176
-116
5
39
11
-62
19
99
-177
145
-54
3
-12
18
25
-81
91
-52
37
-66
83
-33
-61
114
-91
39
-15
18
-12
-8
10
17
-21
-33
107
-114
43
23
-3
-58
34
119
-282
293
-119
-101
215
-207
168
-158
129
-14
-156
257
-220
98
-1
-41
80
-158
220
-171
11
133
-132
1
107
-66
-81
184
-154
54
1
22
-36
-22
107
-128
63
-8
37
-102
79
66
-214
217
-91
1
-57
174
-157
-75
360
-467
317
-63
-102
138
-140
191
-239
187
-21
-158
225
-157
23
94
-141
108
-12
-100
163
-152
99
-42
-24
135
-272
318
-176
-89
273
-227
41
56
41
-196
185
32
-251
243
-22
-182
155
57
-219
172
29
-192
182
-41
-88
82
41
-159
158
-18
-154
227
-132
-42
125
-45
-90
97
73
-255
260
-40
-207
251
-80
-104
99
72
-174
62
188
-336
222
57
-266
239
-45
-108
107
-10
-48
-19
134
-158
38
158
-269
217
-68
-58
71
-34
48
-125
211
-193
79
42
-117
146
-212
305
-320
192
36
-194
197
-152
187
-340
443
-317
-4
319
-428
331
-231
218
-270
242
-44
-228
464
-558
482
-291
12
219
-332
321
-243
236
-235
125
116
-378
405
-139
-249
448
-297
-20
245
-242
124
-105
157
-156
-36
336
-509
477
-237
-24
201
-335
392
-395
265
-53
-146
327
-445
486
-380
119
192
-420
482
-396
313
-240
142
38
-261
361
-383
324
-217
69
113
-262
341
-296
163
-97
108
-127
55
141
-321
394
-268
37
106
-69
-66
50
152
-338
300
11
-323
372
-117
-184
235
-81
-63
56
62
-111
34
138
-297
308
-173
-61
231
-236
102
82
-82
-86
240
-271
154
-32
-7
17
-7
36
-103
191
-322
338
-184
-110
356
-318
90
83
-6
-221
303
-118
-182
360
-296
145
-57
52
-82
45
19
-70
138
-207
259
-249
114
60
-164
124
32
-129
79
89
-232
154
86
-296
260
16
-241
251
-28
-164
107
143
-361
290
40
-377
539
-433
168
44
-150
134
-154
267
-398
398
-140
-288
556
-493
125
207
-270
89
96
-96
-94
244
-258
152
-59
61
-89
114
-50
-153
375
-458
301
38
-302
360
-156
-29
39
45
-44
-135
364
-471
434
-219
-17
263
-439
418
-291
125
-82
148
-120
1
154
-160
29
107
-122
64
15
-32
20
1
10
-39
78
-166
109
10
-198
188
-77
-2
-20
80
18
-208
349
-240
49
98
-19
-20
-13
137
-175
83
-46
71
-153
210
-198
129
41
-296
420
-345
13
212
-153
-83
202
-2
-220
226
34
-298
324
-142
-19
140
-191
226
-172
87
-55
112
-175
28
329
-576
511
-121
-233
324
-194
-4
9
-5
-41
-9
2
28
-139
154
-130
48
-24
-40
154
-215
206
-52
-139
277
-294
205
-62
-95
289
-312
237
-87
-49
103
-280
416
-513
258
146
-454
445
-264
113
-36
-10
258
-361
358
-59
-131
148
-134
156
-253
212
63
-301
297
-84
-182
147
-12
-127
41
202
-318
278
-57
-117
220
-137
104
-89
190
-195
104
108
-285
386
-232
27
324
-552
566
-352
26
267
-360
397
-340
336
-257
-48
258
-490
377
-242
32
120
-287
370
-370
63
144
-256
69
129
-89
-80
216
-123
-154
167
-47
-150
179
114
-211
222
-16
-189
93
-118
93
-198
272
-108
-75
112
-86
-50
-6
152
-57
30
184
-95
-135
132
-93
-162
204
17
-128
140
35
-218
60
99
-281
260
11
-97
102
119
-259
214
38
-154
190
22
-68
1
63
-78
-4
21
230
-326
345
-122
-40
58
-2
135
-349
608
-448
60
308
-457
133
43
-61
-254
512
-406
2
277
-231
-139
196
39
-536
704
-419
0
192
-166
61
-257
381
-409
237
65
-91
187
-227
248
-262
-16
181
-255
253
-108
75
-51
-49
18
-60
160
-228
352
-172
-50
122
-117
-155
54
145
-271
247
55
-151
47
86
-163
56
57
-52
133
-216
300
-259
-9
235
-331
246
-29
-18
37
54
-88
25
107
-99
-1
243
-336
251
77
-383
527
-349
128
110
-111
85
-167
270
-375
154
144
-376
323
-116
-65
118
-194
264
-290
128
204
-402
431
-267
88
-140
107
16
-338
716
-763
615
-229
-99
272
-505
699
-825
691
-278
-212
457
-580
436
-474
470
-259
-13
484
-681
632
-377
52
129
-207
323
-428
542
-496
139
150
-420
445
-341
441
-418
386
-137
-355
619
-818
773
-503
129
436
-754
711
-434
5
146
-59
136
-148
290
-195
-167
326
-391
-21
387
-476
357
54
-297
313
-285
178
-173
186
129
-296
546
-595
442
-340
-45
414
-779
980
-686
369
-7
-270
391
-753
933
-984
696
-30
-513
816
-816
571
-551
498
-389
-26
678
-829
664
-100
-245
103
128
-289
128
73
44
-111
186
145
-621
789
-745
254
147
-423
707
-764
787
-624
132
289
-745
896
-814
680
-240
-82
463
-800
791
-785
475
-71
-292
702
-759
640
-409
-25
233
-438
503
-318
348
-105
10
217
-581
567
-400
-64
416
-432
468
-520
615
-519
-107
645
-931
752
-388
322
-225
26
315
-718
739
-641
366
-23
-356
714
-657
395
-148
139
-229
60
369
-706
735
-429
305
-259
169
134
-474
507
-331
94
-1
35
169
-396
465
-273
-144
395
-433
297
-90
64
-10
-41
121
-371
444
-409
59
415
-701
717
-428
15
176
-351
365
-366
443
-326
214
43
-354
451
-546
300
-88
-58
182
-206
346
-395
306
-179
-38
102
-134
255
-258
246
-42
-122
164
-189
251
-309
282
86
-401
633
-533
294
-245
254
-310
238
83
-252
476
-416
279
-189
28
-21
-141
238
-260
136
82
-231
160
-48
-82
116
-36
-26
158
-266
182
-36
-356
472
-429
312
-200
232
-29
-352
736
-834
408
69
-403
517
-473
574
-588
406
-4
-428
692
-697
565
-177
-140
397
-339
54
30
193
-603
802
-463
41
339
-324
258
-404
596
-766
616
-355
94
188
-506
732
-801
548
-260
35
147
-370
640
-742
463
-82
-319
401
-433
483
-505
471
-260
52
79
-193
225
-213
10
268
-368
303
-90
-36
27
-45
147
-252
290
-154
117
-76
65
-12
-119
179
-158
100
7
-94
261
-343
306
-189
46
80
-194
362
-459
448
-328
126
80
-368
585
-666
561
-304
63
141
-406
627
-739
598
-380
240
-252
222
1
-379
718
-868
870
-756
529
-180
-221
598
-905
1049
-958
505
123
-619
700
-468
316
-408
559
-436
-27
457
-571
299
9
-116
17
123
-130
70
-43
152
-260
331
-196
51
136
-242
244
-217
120
-79
94
-84
49
193
-372
328
6
-330
319
-14
-234
169
80
-240
52
137
-263
146
-15
-23
50
-24
21
-44
113
-309
418
-337
55
228
-291
179
-47
54
-170
197
-107
-101
261
-219
31
131
-104
-102
225
-136
-116
317
-220
14
79
73
-358
447
-238
-42
265
-205
174
-181
236
-204
28
145
-211
267
-337
364
-250
-100
396
-498
282
56
-277
336
-264
202
-194
134
-26
-203
381
-392
225
-24
-14
-120
241
-172
4
172
-210
158
-156
137
-279
332
-397
328
-43
-251
567
-544
391
-160
74
-76
-15
218
-436
348
-58
-262
278
-125
60
-131
245
-96
-115
211
-136
13
-84
169
-150
-25
135
15
-169
184
5
-187
131
11
-109
28
97
-126
-7
161
-211
116
62
-108
53
45
47
-379
677
-664
305
108
-182
72
-123
517
-878
757
-189
-320
461
-446
568
-788
656
-137
-444
677
-537
294
-66
-238
570
-684
442
-30
-211
245
-268
357
-344
125
159
-168
-56
328
-329
168
2
-193
353
-606
723
-780
538
-186
-266
754
-1033
1125
-788
187
505
-954
941
-592
116
215
-423
507
-493
345
-34
-155
248
-177
113
-70
-25
72
-104
50
-51
106
-159
104
114
-379
515
-470
227
97
-392
535
-464
249
69
-333
474
-331
21
193
-151
49
-149
485
-688
455
76
-431
403
-147
46
-231
321
-194
-99
232
-171
40
-24
0
69
-80
-46
353
-502
287
141
-479
421
-81
-199
254
-66
-26
-30
180
-205
38
199
-309
237
-14
-211
235
-151
29
-45
163
-207
97
39
-298
326
-239
109
80
-67
60
-52
45
-58
-17
161
-259
131
139
-382
442
-321
185
-61
-110
395
-728
869
-664
184
306
-611
751
-727
598
-361
-27
375
-536
536
-414
312
-138
-145
353
-321
90
113
-127
-83
141
14
-236
262
124
-467
462
-265
-8
113
-204
524
-724
658
-249
-226
416
-317
185
-286
488
-564
411
-83
-219
349
-386
373
-380
349
-221
39
90
-82
39
49
-34
-103
223
-356
413
-311
222
-105
118
-206
3
416
-823
935
-593
121
1
115
-212
-141
922
-1319
1081
-385
-289
410
-258
297
-451
715
-654
207
254
-555
463
-205
13
81
-82
202
-403
370
-107
-358
710
-743
530
-110
-268
589
-601
380
-42
-166
33
186
-270
69
246
-349
179
30
-136
-81
356
-430
219
90
-269
188
-137
250
-350
490
-326
-5
266
-517
610
-484
364
-16
-214
242
-290
265
-461
535
-327
-80
472
-564
374
-251
212
-251
86
263
-561
702
-385
7
341
-387
226
-130
116
-164
57
251
-509
425
-94
-274
314
-208
182
-328
347
-83
-374
608
-506
283
-49
40
126
-364
498
-448
165
43
-52
120
-211
282
-264
-3
93
49
-265
385
-121
-195
420
-446
286
-276
227
-140
8
258
-411
405
-406
389
-324
183
213
-494
648
-631
383
-160
-119
408
-594
716
-514
4
361
-585
372
-157
179
-290
479
-207
-337
809
-960
655
-203
-18
150
-233
391
-652
732
-690
419
-8
-355
587
-525
342
-194
189
-309
294
-103
-145
277
-204
125
-128
127
-231
308
-356
306
-80
-192
415
-521
485
-320
57
281
-439
388
-187
-2
124
-280
354
-405
143
114
-124
64
-72
289
-599
649
-263
-150
413
-261
76
-6
84
-401
566
-555
370
79
-491
477
-501
411
-383
433
-78
-319
630
-771
479
-115
-142
487
-596
599
-379
-106
289
-288
292
-408
678
-630
132
494
-917
824
-368
11
178
-164
183
-434
463
-348
70
382
-565
544
-338
-89
315
-374
344
-76
42
-33
10
-72
-221
303
-212
72
243
-311
331
-341
18
170
-439
612
-267
131
53
81
-411
123
253
-747
935
-365
38
38
117
-505
39
661
-974
951
-356
-38
209
-195
34
-124
309
-495
669
-407
-63
464
-554
165
349
-436
-106
527
-642
280
341
-388
205
-43
-217
-57
230
-91
1
398
-374
150
153
-659
491
-154
-276
551
-147
-35
-13
38
-281
33
142
-171
326
-98
153
-80
-185
106
-214
-23
215
-14
86
122
-107
-136
111
-226
-202
663
-476
165
423
-464
-52
-12
126
-566
720
139
-763
1135
-732
-49
167
-248
431
-646
923
-528
9
173
-328
269
-534
870
-685
220
474
-707
555
-597
450
-286
54
459
-700
652
-364
-69
82
76
-121
47
193
-138
25
137
-336
-53
484
-680
534
-71
-90
131
-335
370
-358
166
-98
-23
417
-414
142
290
-583
287
-86
-259
626
-401
180
31
130
-364
-17
286
-547
687
-355
129
169
-190
-33
-233
264
-50
-80
260
-26
15
-2
-132
86
-282
349
-129
-174
496
-173
-191
235
-250
-24
237
-294
218
168
-83
30
-304
252
-232
54
-3
9
497
-639
325
-169
-247
246
-165
160
80
286
-457
-33
255
-449
334
-123
281
114
-397
314
-451
275
-390
371
111
-219
479
-667
380
-374
139
69
-50
359
-223
91
-258
300
-258
-243
552
-125
-202
467
-196
-234
273
-152
-165
367
-31
-225
541
-367
19
93
-120
-211
279
219
-518
777
-375
-341
549
-457
-171
466
8
-190
340
-203
-70
29
-343
288
59
64
-19
12
-13
-187
52
-467
590
-123
-187
428
-537
459
-547
70
84
0
247
-501
620
-452
125
-171
-126
307
-358
584
-448
124
470
-885
607
-218
-14
348
-424
712
-656
664
-520
-1
548
-793
989
-577
293
79
-214
340
-567
657
-228
-233
662
-538
161
183
-349
228
-68
51
-51
-37
-104
-52
140
-397
232
90
-331
35
124
-477
94
236
-599
533
-213
-11
-173
-40
65
-424
502
-483
438
-203
-68
192
-425
279
-161
103
-22
278
-192
-87
340
-437
166
221
-245
274
79
-111
84
102
-223
239
232
-253
357
129
-281
241
183
-403
568
-11
-221
539
-261
-121
398
-380
110
365
-305
68
212
-154
-343
498
-376
-95
417
-372
-66
289
-489
39
92
-375
209
-256
54
-333
208
-386
-118
225
-583
278
-274
-191
146
-297
-68
120
-306
-24
-8
-159
-133
283
-273
-36
385
-533
190
21
-133
79
162
-20
57
-1
-38
-67
-73
222
-129
242
-56
148
-128
-256
357
-339
207
259
55
145
-88
238
-370
286
56
263
257
121
520
-453
375
-67
115
123
383
467
-197
440
-47
-296
142
122
42
252
323
-12
-208
85
-390
-95
86
49
148
72
-2
-365
-59
-480
-106
126
-123
270
-49
-75
-442
-8
-421
-41
304
-147
427
-138
30
-306
-41
-152
96
373
35
388
41
-128
-14
-15
-34
292
302
166
173
48
-228
4
-125
113
89
257
22
-92
86
-549
159
-245
-49
284
-86
51
-201
-159
-308
-79
8
-107
210
-121
-150
6
-258
-77
21
-39
15
134
-155
-170
12
-388
-63
109
-294
141
-114
-537
-59
-364
-389
-83
-202
-243
-372
-216
-566
-458
-235
-418
-150
-194
-197
-423
-276
-255
-398
-56
-89
12
-65
-1
-77
-39
44
124
187
415
333
149
325
214
358
322
575
442
557
513
325
489
460
582
413
633
642
438
473
520
304
491
589
505
490
648
434
268
596
466
397
576
534
285
589
486
344
417
367
194
120
282
80
144
142
-162
-143
-255
-247
-258
-339
-254
-396
-340
-450
-452
-668
-695
-658
-665
-504
-484
-532
-751
-889
-1038
-960
-840
-744
-747
-792
-887
-967
-1042
-1062
-862
-881
-790
-677
-647
-723
-655
-644
-677
-256
-195
-143
-59
-243
-264
-201
-157
-120
114
182
129
241
-7
113
187
80
213
455
484
387
541
227
328
551
395
649
880
861
896
1079
867
880
1159
1275
1730
1971
1820
1824
1908
1847
2151
2263
1989
2020
2042
2181
2307
2375
1951
1684
409
-1266
-1474
-456
1046
716
-621
-2240
-2601
-3141
-4275
-3956
-2877
-1170
-1579
-2585
-3290
-2680
-2480
-2984
-2160
-780
1371
1612
958
255
317
630
912
1821
2209
2630
1651
725
16
-275
-173
-415
-415
-1013
-1502
-2387
-3195
-3345
-3299
-2887
-2873
-2995
-3115
-3128
-2953
-2839
-2215
-1596
-915
-629
-542
-109
309
736
1073
1486
2015
2358
2504
2301
2218
2242
2504
2795
2932
2638
2076
1909
1941
2164
2096
1785
1777
1760
1978
1899
1710
1635
1579
1879
1867
2044
1860
1967
2303
2351
2462
2310
2731
2295
1089
-1096
-1821
-49
2018
2568
483
-1436
-2614
-2970
-3917
-4128
-2365
-991
-1007
-3220
-4458
-4245
-3612
-3970
-4103
-2292
-172
539
-986
-2381
-2540
-1249
-338
790
2323
3231
2676
616
-601
44
1677
2333
1978
1737
1809
1007
-799
-2216
-1786
-401
-145
-840
-1387
-1587
-2784
-4800
-5843
-4437
-2489
-2083
-2758
-3284
-3449
-4131
-4325
-3111
-950
85
-494
-890
-663
-261
252
1379
2820
3312
2541
1872
2210
2635
2798
3268
3845
3866
3113
2301
2188
2160
1682
1488
1846
1997
1416
564
44
-36
-81
-4
383
898
599
63
-111
378
1464
2153
2380
2310
2228
2595
3189
3738
3851
3810
4086
3664
2569
547
273
2029
3658
3279
589
-1243
-2018
-2695
-3815
-4126
-2347
-1308
-2383
-5147
-6434
-5634
-4748
-4725
-4492
-2845
-1517
-1762
-3740
-4261
-2868
-779
358
851
1698
2065
1118
-580
-491
1701
3711
3622
2369
1571
1494
792
-179
61
1323
1810
399
-1719
-3289
-3967
-4048
-3230
-1747
-1369
-2954
-5086
-5962
-5175
-3996
-2965
-1992
-1364
-1581
-2394
-2275
-1143
424
1708
2320
2687
2385
2030
2183
3095
4216
4747
4743
4049
3190
2555
2416
2790
2990
2658
2008
1242
473
-61
-257
80
451
509
-163
-995
-1390
-1101
20
1171
1815
1744
1061
736
991
1972
3176
4021
4453
3240
1468
-362
29
2234
4097
4128
1729
-234
-1761
-2391
-2854
-2809
-1422
-888
-1592
-3989
-5482
-5651
-5057
-4332
-3542
-2157
-1687
-2597
-4403
-4555
-3253
-1079
213
773
1049
606
-259
-959
3
1923
3548
3547
2440
1544
1306
1159
1141
1777
2874
3465
1980
-721
-2331
-2060
-686
-21
-94
-745
-1930
-3452
-4584
-3857
-2457
-1634
-1874
-2442
-2599
-2749
-2571
-1572
19
1059
959
613
531
675
1057
1941
3442
4067
3388
2228
1726
2149
2608
2868
2890
2526
1633
796
625
890
869
605
172
94
-214
-710
-866
-628
-21
284
497
279
195
204
725
1418
1882
1937
2046
2110
1074
-107
-811
1217
3274
3591
1295
-1118
-1512
-1672
-1648
-2313
-1136
-215
-843
-3410
-5115
-4561
-3111
-2349
-2660
-2042
-1562
-1659
-3185
-3507
-2183
89
1217
716
444
276
363
-22
553
2172
3688
3362
1557
592
956
1873
2168
2271
2454
2136
425
-1396
-1614
-462
518
178
-1046
-2220
-3058
-3562
-3237
-2374
-1896
-2437
-3215
-3565
-3072
-2192
-1458
-667
-263
-323
-379
10
757
1495
1987
2370
2702
2850
2536
2355
2592
2920
3199
2934
2357
1829
1555
1573
1655
1428
782
158
-26
-16
-3
-216
-506
-357
-156
1
27
37
205
548
829
1112
1392
1790
1777
953
-180
-827
778
2512
3230
1552
-694
-1539
-1683
-1373
-1807
-1083
-627
-1122
-3196
-4959
-4633
-3147
-2218
-2545
-2683
-2555
-2429
-3231
-3344
-2229
-242
567
-56
-589
-555
196
342
829
1757
2743
2466
1096
460
1052
2405
2767
2407
1825
1421
587
-267
-301
487
1248
643
-811
-2010
-2287
-1994
-1670
-1490
-1655
-2315
-2959
-3153
-2250
-1246
-921
-1067
-1278
-876
-276
404
1118
1598
1710
1426
1612
2433
3166
3422
3053
2783
2778
2698
2623
2744
2938
2859
2288
1577
1122
1105
1284
1246
1072
591
277
286
374
403
477
449
616
568
459
639
939
1145
158
-817
-1473
-256
1325
1481
178
-1761
-2270
-2176
-1944
-2223
-1906
-1546
-2327
-4099
-5269
-4597
-2975
-2409
-3138
-3421
-3242
-2919
-3338
-3179
-1919
-324
184
-739
-1057
-683
334
847
1070
1617
2017
1637
610
412
1256
2449
2353
1481
570
361
218
-42
308
471
619
-440
-1317
-1583
-1478
-1166
-1351
-1384
-1756
-2039
-2066
-1602
-983
-845
-963
-823
-426
205
869
1348
1873
1832
1775
2121
2858
3516
3689
3587
3469
3559
3359
3121
3223
3503
3398
2923
2204
1832
1937
1784
1582
1356
1087
785
647
479
536
567
500
517
530
436
293
657
556
58
-919
-1253
-56
1286
1176
-548
-1956
-2075
-1484
-1459
-2006
-1862
-1708
-2694
-4341
-4914
-3616
-2317
-2623
-3975
-4215
-3435
-3052
-3188
-3091
-2028
-1104
-1266
-1723
-1513
-593
18
181
295
694
1066
655
97
114
795
1283
972
210
-127
-170
-341
-502
-323
-83
-524
-1284
-1726
-1337
-1074
-1342
-1770
-1884
-1806
-1807
-1545
-1146
-812
-998
-1132
-770
-5
701
1129
1555
1697
1659
1867
2545
3458
3777
3531
3384
3693
4066
3932
3732
3743
3838
3714
3190
2962
3076
2946
2411
1790
1705
1899
1976
1524
979
730
652
702
684
662
639
705
426
-199
-869
-857
59
890
651
-465
-1300
-1380
-1169
-1215
-1309
-1092
-1245
-2287
-3586
-3821
-2801
-1936
-2234
-3327
-3826
-3646
-3307
-3147
-2819
-2122
-1861
-2312
-2798
-2399
-1398
-690
-645
-769
-592
-439
-536
-566
-256
132
166
-230
-537
-509
-388
-383
-446
-452
-518
-632
-838
-830
-691
-681
-799
-1007
-1017
-922
-647
-447
-371
-450
-629
-422
84
661
951
960
1003
1159
1427
1796
2269
2744
2766
2498
2311
2546
3117
3408
3333
3006
2722
2627
2678
2893
3023
2888
2495
1995
1799
1869
2031
2057
1767
1371
1024
884
915
869
822
735
660
447
-39
-314
-165
350
563
164
-386
-677
-667
-745
-922
-873
-781
-1099
-1956
-2740
-2687
-2159
-1877
-2298
-3005
-3371
-3428
-3255
-3034
-2731
-2517
-2689
-3013
-3105
-2673
-1979
-1552
-1424
-1485
-1470
-1314
-1071
-653
-308
-144
-195
-305
-216
-77
73
140
163
218
173
142
141
182
211
104
15
-28
-14
44
38
39
-28
-151
-227
-210
-5
194
280
232
111
126
284
596
935
1120
1119
980
957
1204
1625
1999
2113
2022
1910
1942
2171
2453
2663
2691
2555
2384
2267
2247
2278
2270
2128
1810
1436
1185
1103
1063
849
498
219
107
55
-115
-334
-435
-384
-335
-410
-541
-650
-725
-788
-814
-761
-731
-858
-1114
-1345
-1418
-1373
-1327
-1354
-1483
-1688
-1871
-1905
-1785
-1664
-1659
-1774
-1861
-1858
-1803
-1685
-1503
-1318
-1274
-1368
-1409
-1238
-928
-705
-649
-655
-632
-557
-456
-305
-95
53
56
-11
37
241
457
536
478
446
510
633
744
787
769
690
577
503
521
622
675
559
307
102
108
270
398
364
210
108
142
270
423
566
701
779
798
842
991
1243
1463
1563
1555
1533
1584
1668
1702
1650
1557
1460
1346
1216
1077
966
857
697
476
274
176
137
39
-162
-355
-443
-469
-533
-642
-754
-847
-950
-1076
-1183
-1242
-1287
-1383
-1515
-1639
-1710
-1739
-1761
-1753
-1730
-1735
-1761
-1740
-1647
-1512
-1376
-1264
-1163
-1049
-914
-749
-536
-336
-184
-77
29
204
403
545
614
657
713
798
897
969
997
993
962
952
986
1032
1058
1023
940
877
858
850
823
749
643
551
468
381
291
191
102
19
-57
-127
-183
-224
-262
-272
-252
-204
-146
-86
-19
69
182
301
411
507
610
724
820
874
900
904
901
894
854
774
665
537
392
244
103
-51
-217
-398
-569
-722
-867
-995
-1112
-1215
-1303
-1373
-1423
-1457
-1466
-1455
-1441
-1422
-1397
-1363
-1332
-1291
-1223
-1147
-1073
-999
-932
-872
-790
-686
-576
-460
-353
-254
-156
-61
51
187
338
482
599
688
771
879
1015
1146
1241
1305
1347
1381
1428
1486
1531
1538
1512
1466
1425
1398
1368
1319
1240
1145
1049
957
861
768
660
547
433
318
202
78
-39
-137
-217
-299
-377
-461
-543
-599
-627
-634
-648
-666
-681
-674
-633
-578
-530
-497
-468
-412
-335
-242
-174
-136
-121
-108
-71
-26
1
-15
-70
-131
-186
-235
-294
-373
-474
-592
-702
-793
-872
-946
-1025
-1106
-1164
-1196
-1216
-1216
-1200
-1157
-1100
-1033
-972
-922
-859
-769
-649
-521
-401
-321
-264
-189
-80
46
162
253
313
356
417
502
606
696
759
798
832
883
948
1013
1057
1090
1112
1132
1153
1178
1203
1207
1201
1192
1178
1158
1145
1126
1096
1051
1001
942
882
823
759
688
608
523
434
350
266
185
107
10
-79
-160
-223
-280
-339
-398
-458
-506
-548
-574
-583
-587
-590
-599
-598
-583
-558
-525
-482
-442
-411
-388
-371
-348
-322
-291
-280
-291
-314
-346
-383
-417
-454
-506
-584
-673
-750
-813
-863
-913
-979
-1039
-1080
-1100
-1105
-1101
-1085
-1056
-1016
-964
-918
-865
-805
-729
-632
-522
-425
-348
-279
-200
-94
22
135
235
313
391
487
595
704
804
885
958
1036
1114
1188
1241
1274
1308
1341
1375
1388
1369
1324
1279
1239
1206
1163
1093
999
901
815
736
661
578
488
392
299
225
155
90
32
-22
-71
-112
-154
-205
-241
-260
-272
-278
-285
-305
-335
-358
-373
-369
-354
-347
-357
-373
-379
-372
-363
-342
-320
-305
-300
-291
-282
-270
-253
-238
-225
-226
-235
-249
-264
-278
-291
-318
-356
-398
-439
-479
-506
-540
-584
-623
-661
-682
-695
-702
-710
-711
-709
-702
-688
-668
-647
-618
-571
-523
-484
-450
-413
-366
-304
-232
-164
-98
-45
13
82
152
229
306
380
449
510
570
617
652
702
761
818
840
843
831
810
807
829
842
819
776
717
668
644
637
620
574
520
473
437
410
390
367
332
296
280
270
252
232
209
189
178
185
189
168
135
115
106
95
97
95
74
46
24
-3
-30
-35
-29
-40
-66
-98
-134
-177
-195
-196
-198
-229
-280
-338
-396
-431
-443
-451
-489
-550
-618
-677
-714
-722
-732
-756
-788
-824
-843
-846
-840
-829
-813
-798
-785
-766
-748
-729
-707
-668
-615
-564
-529
-505
-487
-459
-399
-320
-252
-207
-172
-135
-90
-12
89
177
243
294
340
393
470
569
652
699
727
753
776
815
863
894
884
862
847
822
800
781
749
696
645
603
562
515
471
427
380
342
325
310
285
254
235
219
208
218
233
235
229
233
227
209
203
216
233
241
232
197
152
126
139
164
163
128
64
-5
-45
-41
-23
-42
-100
-181
-259
-306
-313
-319
-357
-427
-512
-565
-599
-608
-626
-659
-690
-724
-730
-728
-722
-732
-731
-714
-681
-635
-602
-587
-582
-560
-505
-432
-387
-361
-353
-329
-288
-215
-154
-124
-116
-105
-76
-39
25
72
107
113
153
193
244
291
327
353
363
390
399
425
432
449
446
441
438
433
411
389
362
318
287
241
226
202
180
155
134
101
84
74
60
59
46
44
37
34
44
52
41
40
21
-8
-13
-7
14
22
25
8
-18
-35
-16
17
33
48
32
16
19
55
110
154
163
157
135
122
130
134
134
112
82
48
28
-5
-28
-71
-115
-140
-167
-185
-220
-251
-289
-303
-308
-307
-310
-325
-349
-362
-356
-331
-293
-266
-239
-212
-170
-137
-105
-97
-91
-86
-70
-36
8
58
105
142
157
182
183
198
216
241
270
288
300
295
291
282
295
294
296
294
273
255
232
189
155
107
51
13
-30
-63
-96
-128
-159
-174
-190
-202
-216
-239
-249
-249
-254
-239
-247
-247
-255
-263
-252
-228
-174
-143
-91
-74
-58
-53
-53
-32
-13
30
70
108
144
175
198
213
217
204
191
176
172
175
174
167
130
91
33
-23
-75
-106
-117
-123
-113
-119
-127
-145
-182
-203
-225
-225
-210
-188
-149
-131
-87
-75
-46
-30
-15
13
28
60
79
104
125
140
159
183
207
235
249
279
283
294
303
306
326
331
360
362
377
377
376
375
372
369
361
357
337
311
287
272
240
220
163
109
26
-43
-112
-160
-178
-209
-220
-276
-317
-382
-438
-466
-471
-472
-449
-465
-480
-500
-511
-492
-464
-391
-385
-320
-350
-340
-345
-336
-267
-234
-145
-123
-80
-110
-130
-181
-202
-198
-192
-150
-145
-126
-144
-166
-227
-267
-323
-357
-384
-378
-378
-355
-318
-303
-252
-233
-174
-158
-88
-93
-31
12
48
132
183
279
311
398
401
431
417
435
454
468
521
548
580
600
626
623
659
653
678
683
697
712
748
787
820
863
873
890
865
861
835
825
802
801
767
723
663
590
529
450
391
309
225
129
41
-55
-129
-214
-310
-400
-537
-632
-753
-840
-901
-926
-951
-912
-983
-960
-1020
-1007
-980
-978
-876
-1095
-1007
-1429
-1336
-1402
-1103
-612
-329
151
-97
-134
-831
-1107
-1453
-1349
-982
-528
29
266
366
87
-183
-700
-857
-1105
-938
-857
-512
-338
-51
86
173
235
54
-46
-502
-543
-1051
-649
-663
161
672
1304
1769
1551
1581
637
546
-147
179
332
1055
1671
2059
2295
1957
1644
948
764
385
694
745
1220
1273
1452
1328
1134
1032
699
805
549
827
687
937
899
968
942
781
759
462
513
303
411
314
383
247
132
-54
-278
-367
-549
-504
-682
-670
-869
-989
-1052
-1159
-1014
-1040
-890
-992
-1180
-1345
-1826
-1767
-2011
-1471
-1219
-626
-299
-298
-309
-902
-958
-1508
-1125
-1180
-554
-334
47
56
-70
-264
-681
-658
-898
-474
-492
-11
-224
-139
-665
-801
-1108
-1027
-701
-412
172
225
549
113
153
-395
-294
-369
-28
358
691
1078
990
1073
613
563
225
340
398
642
889
981
1055
884
787
515
472
361
474
578
680
776
717
735
561
577
556
630
774
768
920
798
888
740
763
643
621
542
466
578
512
738
538
653
201
88
-346
-504
-458
-446
-76
-122
46
-294
-494
-882
-1020
-1082
-853
-626
-398
-174
-310
-330
-664
-684
-861
-723
-463
-442
-92
-342
-145
-530
-470
-480
-593
-231
-375
-54
-288
-17
-351
-374
-430
-571
-408
-380
-91
-205
33
-274
-402
-558
-645
-621
-586
-320
-353
-189
-344
-360
-565
-583
-546
-597
-283
-199
-23
-1
119
17
86
100
42
180
171
349
410
533
741
567
752
519
586
528
541
612
463
912
454
1062
631
920
778
557
695
481
816
649
990
790
904
757
765
434
835
539
719
710
679
611
399
444
-97
318
59
60
297
115
-12
71
-516
-432
-656
-515
-686
-268
-149
-382
-13
-846
-473
-1421
-552
-766
-574
512
-372
-32
-766
-844
-1467
-562
-301
-342
824
-428
39
-1057
-930
-851
-718
73
-351
384
-466
-30
-881
-523
-506
-616
-210
-647
-105
-512
-392
-455
-242
-152
-291
-202
-555
-469
-365
-643
175
137
472
171
200
47
-180
221
-255
755
12
905
123
587
658
143
724
-108
888
-311
685
89
402
541
354
665
92
828
-63
443
56
428
137
414
560
433
598
458
449
-13
303
-196
299
-137
568
434
19
566
-339
63
-618
68
-461
-212
390
-379
66
-139
-263
-514
-543
-53
-541
37
-153
-340
-15
-507
-261
-470
-89
-242
-25
-314
332
-32
96
-300
-137
-89
-147
194
491
734
332
665
-434
5
-39
-255
179
436
877
543
380
356
-560
-84
-633
-213
164
463
462
51
260
-133
-28
-550
-25
-435
301
31
231
439
355
280
-305
242
-475
214
-40
0
440
107
503
-175
-42
-454
-134
-494
118
81
-284
418
-442
-305
-250
-51
-459
428
-856
270
-219
-186
288
-426
304
-689
103
-1121
14
-546
-215
-49
-799
119
-790
-438
-723
-784
-593
-689
-283
-886
-111
-429
-707
-170
-629
-132
-304
-332
-423
-111
-14
-3
449
368
132
154
-167
-19
111
609
390
760
893
387
731
126
420
215
589
489
1235
689
1048
970
201
455
193
397
163
1080
498
1100
796
654
180
-92
10
-18
316
484
744
694
675
-36
322
-515
147
-9
1
398
727
624
33
609
-426
-26
-488
-265
195
304
305
214
-341
-707
78
-1288
37
-2
-714
22
-826
-276
-832
-2
-508
-811
-236
-864
-180
-613
37
-706
-669
-223
-1468
21
-510
-557
-231
-988
-415
-1157
-382
-976
-296
-275
-712
-348
-663
-368
-918
-578
-570
-235
69
294
-502
504
-563
-424
62
-378
776
7
645
132
248
374
231
175
506
172
295
440
438
769
522
661
421
430
71
826
124
606
1066
351
859
707
354
247
584
146
488
754
862
390
690
339
-68
478
-240
690
77
877
231
178
616
-547
202
-378
322
16
154
801
-716
692
-386
-768
-30
-396
115
-657
931
-962
-55
-308
-835
-163
-820
584
-1119
101
-363
-406
-292
-155
-219
-583
-232
-218
-668
-290
135
-500
-147
-333
-162
-889
-132
-756
-555
-244
-345
97
-858
394
-1160
-88
-766
-134
9
-391
658
-884
556
-665
661
-513
659
171
-62
504
-228
425
-131
903
-424
961
-65
413
79
295
357
-492
1151
-900
851
-17
481
476
314
642
-432
349
-382
241
183
852
806
382
613
-52
-416
233
-192
637
438
825
429
148
343
-612
316
-362
332
202
391
-122
322
-448
-43
-157
-56
-104
-397
383
-869
487
-456
309
-660
291
-541
-412
433
-568
351
-189
7
-271
-80
-134
-131
-32
108
-403
598
-786
429
-440
-151
-144
-240
226
-842
830
-1097
163
-209
-603
93
-614
0
-402
-162
28
-304
-46
-421
-146
-417
-120
229
-129
153
191
-361
6
-126
-217
168
-51
493
-153
591
-175
135
-23
-5
23
224
151
130
554
-125
647
-157
354
-383
276
-398
376
238
229
822
-392
742
-724
93
-282
60
250
379
680
-8
416
-329
-230
-182
82
50
607
207
170
164
-525
149
-386
195
-85
331
-265
82
81
-579
579
-568
443
-358
256
-243
-37
181
-176
346
-35
371
-526
550
-685
354
-213
356
-14
52
213
-658
395
-687
317
-503
402
-451
135
-271
-147
-146
-596
274
-738
296
-118
-200
267
-477
89
-461
-32
-27
-172
172
-53
282
-527
628
-769
203
64
-467
710
-386
379
3
-221
317
-357
181
-181
346
-210
213
454
-532
488
-354
-106
75
143
256
-43
361
-251
-356
463
-709
973
-520
749
-74
-271
278
-517
464
-478
1148
-633
640
58
-503
356
-267
235
-36
390
-65
97
255
-388
322
-154
-144
162
143
-231
461
-71
-118
198
-178
-83
-241
291
-287
392
7
249
-171
-252
-99
-276
-44
229
200
-96
240
-127
-308
-197
325
-744
497
38
-115
405
-235
78
-354
101
-524
552
-399
435
320
-715
855
-880
88
1
-15
155
239
-51
-30
-307
-96
153
-264
764
-306
-150
265
-631
86
344
-277
450
-111
8
-149
-16
-186
-18
79
-42
347
-7
48
-121
-307
-98
55
-44
275
177
-213
145
-220
-24
0
-32
-314
217
188
-360
983
-738
489
-796
60
-197
110
614
-294
668
-673
250
-617
-85
384
-469
636
105
85
156
-558
23
-748
609
-502
1081
-27
-84
182
-1049
136
-26
-49
545
172
83
-263
-180
151
-554
573
-416
618
-598
1009
-916
476
193
-840
810
-611
654
-650
1098
-913
734
-144
-222
54
-113
264
-552
1311
-823
720
-462
4
-272
213
233
-31
682
-773
713
-932
345
34
13
297
48
354
-799
687
-934
274
46
77
517
-272
490
-1095
376
-693
359
424
-267
832
-830
68
-540
-29
114
-119
631
-464
200
-305
-155
-218
-45
130
-204
458
-325
243
-386
-118
-249
232
5
157
162
-233
2
-544
328
-306
516
-217
367
-291
34
42
-555
824
-572
609
-338
466
-275
-35
33
-51
55
-169
684
-827
1121
-790
-70
622
-1019
921
-414
62
430
-307
120
-55
138
-555
571
-36
-252
690
-354
104
128
291
-581
679
-423
124
162
-134
255
-57
317
-265
358
-492
433
-536
160
206
-398
762
-486
440
-108
-609
251
-143
-69
345
13
71
-162
2
-225
-471
526
-660
501
-167
301
-309
-217
203
-585
58
-237
471
-364
345
97
-562
-40
429
-1264
1356
-607
-45
513
-557
441
-1188
1790
-2081
1432
160
-1155
1428
-1081
966
-1037
1060
-796
222
450
-636
823
-368
-41
62
6
-93
62
32
17
-348
767
-977
598
-158
326
-805
946
-243
-1189
1472
-757
223
-258
1285
-1361
922
131
-388
-25
29
463
-984
1721
-1239
988
-345
-122
348
-678
689
-353
74
-146
683
-768
513
603
-951
445
-445
319
-718
1320
-467
47
611
-924
231
-416
275
-248
263
122
290
-722
315
-240
-444
117
-141
239
-365
485
-113
-414
205
-292
-28
-211
312
64
-273
-22
696
-1052
290
500
-869
311
277
-300
-73
729
-718
551
-936
1082
-1358
769
188
-276
122
-3
344
-1041
884
-597
255
-530
1059
-870
304
505
-731
372
-4
-231
-197
575
-405
230
397
-339
353
-79
2
105
-274
377
-642
855
-198
-17
369
-133
-44
-894
1285
-998
523
150
86
-341
-78
619
-744
655
152
-608
203
381
-581
747
20
392
-797
831
-974
380
256
-361
839
-557
595
-913
616
-671
118
156
-120
147
181
-519
275
-173
-375
342
-30
-198
132
462
-1326
1186
-495
-343
362
180
-180
-682
1439
-1422
50
1108
-1406
585
371
-330
-489
625
-300
-637
585
-52
-289
204
392
-992
696
-106
-584
264
607
-1129
1173
-619
173
164
-683
1037
-1215
1241
-564
136
-6
330
-449
162
281
-50
-168
263
-366
564
-888
1074
-599
-199
1365
-2103
2072
-1943
1868
-2020
1643
-549
-227
948
-1492
1940
-2015
1588
-1184
1083
-901
537
206
-598
1153
-818
381
-157
143
-565
355
663
-658
531
124
-141
-684
750
-474
-154
922
-1015
1220
-1249
1015
-815
23
547
-810
684
-614
991
-1161
586
168
-772
619
-644
864
-919
732
-305
-230
503
-1026
1262
-1570
1792
-1634
924
13
-838
1173
-1355
1182
-1192
1216
-1415
1337
-625
-25
395
-791
1046
-1480
1354
-599
-104
604
-441
223
-192
421
-324
-554
1187
-996
329
335
126
-425
86
392
-1117
968
-199
-220
288
232
-415
-12
142
-7
-341
165
293
-532
596
-176
-213
481
-634
327
-272
189
107
-276
547
-462
447
-462
518
-583
374
-177
-2
190
-40
227
-312
585
-949
1000
-1002
714
-447
366
-122
-267
1120
-1714
1614
-1064
119
288
-473
562
-496
700
-645
340
53
-590
592
-462
194
148
-222
515
-804
1085
-1297
789
89
-1080
1830
-1791
1735
-1628
1215
-611
-398
1138
-1227
1259
-1272
1394
-1227
626
-172
-8
-154
325
-76
-268
465
-156
-435
619
-163
-793
1600
-1861
1711
-1249
853
-628
378
180
-1007
1518
-1366
769
-379
509
-822
681
-21
-398
121
287
-242
-244
645
-580
118
70
249
-823
1078
-565
-166
503
-665
748
-752
505
-81
-210
209
36
-171
62
83
-28
-258
281
43
-336
266
-40
59
-164
207
-258
306
-436
430
-313
95
164
33
-426
485
-199
-500
817
-570
321
-369
825
-1105
725
-4
-699
785
-187
-202
40
533
-831
506
-118
-31
-220
485
41
-714
919
-719
366
-336
392
-249
-141
686
-1000
821
-398
188
-196
-5
403
-514
307
-94
6
-151
351
-339
247
-58
34
-66
-318
596
-524
207
62
168
-355
432
-352
83
-82
153
-168
-2
368
-370
404
-584
672
-944
847
-602
433
-115
-89
353
-719
909
-1203
1248
-873
549
-172
56
-144
214
-256
-228
650
-681
777
-516
430
-581
536
-560
407
-297
306
33
-329
370
-271
83
-103
153
-219
376
-293
88
41
-253
242
-8
-458
899
-731
251
56
-312
245
-130
105
-65
192
-145
304
-573
696
-643
321
-42
-80
-9
241
-132
-243
596
-674
500
-518
711
-877
555
-13
-374
191
315
-353
29
318
-342
99
-47
599
-1182
1223
-576
25
6
226
-335
-62
760
-1064
1147
-865
623
-491
-175
683
-1019
950
-556
332
-105
-72
199
-552
460
-96
-221
319
-184
195
-365
364
-323
-11
555
-831
1062
-1043
954
-836
508
-92
-434
907
-1003
933
-792
676
-550
401
-95
-90
104
-133
73
-209
150
-5
-21
170
-88
-39
103
-361
284
-348
393
-187
158
11
2
-101
100
-172
109
-126
216
-179
-4
325
-511
327
47
-209
-14
504
-895
721
-250
-213
306
-48
29
-121
294
-343
98
91
30
-173
426
-243
-24
213
-363
32
308
-494
659
-404
325
-86
-226
218
-438
371
-390
627
-756
922
-667
96
66
-173
-14
39
311
-521
619
-481
172
-280
318
-248
202
-120
414
-477
252
-52
-175
198
-189
263
-169
130
-68
98
-363
516
-308
36
40
155
-418
431
-357
120
153
-102
87
-110
213
-467
415
-399
339
-305
499
-356
53
150
-100
-338
429
-248
-143
446
-439
427
-467
656
-728
574
-489
463
-516
314
55
-331
643
-683
796
-863
742
-674
379
-246
253
-24
-104
455
-635
597
-680
527
-514
480
-199
73
205
-226
117
-249
309
-567
745
-570
375
-88
1
-113
-73
175
-332
472
-363
414
-375
260
-209
-155
303
-195
24
259
-29
-247
408
-472
241
-95
59
8
18
163
-237
124
-123
173
-394
589
-466
195
214
-429
358
-353
277
-162
24
206
-267
195
-109
46
-239
290
-71
-264
483
-383
221
-213
118
-205
212
-217
203
-86
93
-21
-62
70
-136
239
-516
681
-643
720
-687
514
-193
-162
351
-512
625
-754
863
-851
762
-394
72
-1
-107
286
-501
690
-648
533
-308
66
49
15
-22
-185
335
-178
40
115
-120
-61
236
-393
303
68
-230
218
-203
206
-178
99
-281
458
-354
126
167
-250
373
-552
436
-326
288
-133
-99
280
-247
165
-224
156
17
-209
174
-77
175
-146
-54
71
-85
77
-121
109
62
-148
40
42
-73
109
-189
113
-86
306
-390
243
-8
-243
252
-275
426
-498
519
-515
292
27
-158
126
-105
161
-324
547
-609
538
-369
103
33
-61
226
-292
232
-191
193
-193
247
-196
64
98
-190
119
77
-87
-37
84
-71
130
-145
164
-190
157
-27
-198
346
-187
-30
59
34
-114
139
-21
-227
384
-347
119
70
-121
211
-352
301
-103
-63
113
-134
166
-231
276
-253
58
216
-422
328
-118
47
-107
143
-87
-119
338
-422
280
-56
-92
94
-76
194
-334
285
-116
-112
241
-87
-106
170
-9
-210
316
-220
46
7
71
-177
242
-128
-44
58
7
-52
13
144
-225
179
-27
-99
102
102
-307
393
-315
214
-119
56
-7
-84
133
-171
148
-81
119
-227
239
-113
-62
105
85
-246
268
-106
-56
112
-72
83
-258
386
-297
23
233
-253
64
-54
137
-258
211
25
-231
302
-233
122
-94
37
41
-161
222
-124
37
-2
-29
54
-182
209
-141
26
71
-74
105
-171
273
-353
281
-147
64
-42
2
193
-427
485
-317
20
161
-122
-37
131
-3
-194
346
-268
96
87
-189
204
-189
153
-155
173
-128
7
135
-232
214
-138
120
-161
233
-122
-123
414
-541
468
-323
156
-28
-121
261
-298
217
-111
82
-191
254
-195
-3
172
-196
181
-162
233
-282
263
-221
202
-214
175
9
-286
526
-637
592
-503
314
-138
-60
239
-374
521
-597
588
-418
140
84
-201
257
-312
431
-445
286
-29
-162
111
-19
-41
-31
125
-84
7
43
52
-177
207
-127
42
-44
100
-105
-3
167
-338
376
-310
135
46
-173
229
-197
206
-169
140
-50
-67
114
-133
115
-140
129
-38
-98
174
-104
-62
149
-96
19
9
69
-51
-82
282
-349
187
29
-174
166
-123
164
-237
271
-197
51
45
-114
165
-201
222
-152
44
57
-133
145
-154
136
-62
4
75
-111
115
-145
123
-128
83
-48
-5
128
-229
282
-219
108
-59
103
-188
188
-46
-94
176
-190
238
-382
452
-370
107
107
-168
79
-22
107
-251
348
-288
233
-209
226
-182
9
180
-278
255
-216
252
-352
404
-345
168
0
-115
206
-316
468
-577
572
-445
226
5
-215
394
-503
546
-510
432
-312
125
96
-301
388
-327
216
-128
111
-93
-10
142
-195
88
113
-247
255
-150
39
23
-97
193
-276
311
-277
252
-238
195
-57
-199
425
-517
460
-308
205
-141
68
72
-281
457
-545
493
-319
106
106
-257
327
-369
373
-331
207
-10
-158
264
-248
198
-153
89
-3
-118
180
-102
-60
192
-190
77
51
-111
143
-178
244
-256
164
-11
-132
197
-220
244
-275
262
-163
7
131
-198
186
-134
86
-65
52
-51
36
-42
60
-94
73
-2
-108
173
-138
67
3
-7
-5
-21
36
-12
-94
194
-200
106
13
-45
39
-50
147
-282
348
-307
155
5
-146
231
-257
279
-282
285
-206
23
203
-400
446
-363
230
-92
-14
149
-245
297
-277
220
-185
140
-75
-45
152
-174
137
-97
132
-192
201
-112
-38
136
-159
93
-19
-19
30
-5
-1
4
-5
1
-18
9
2
-7
-9
94
-160
174
-103
-3
50
-38
-34
66
-25
-82
227
-337
375
-297
137
8
-87
79
-97
199
-333
413
-337
175
-68
45
-82
15
142
-313
390
-320
243
-206
221
-194
43
154
-322
347
-275
224
-209
246
-203
69
80
-207
212
-221
225
-266
278
-189
93
20
-61
122
-216
288
-324
233
-102
23
47
-41
90
-129
137
-144
81
-70
60
-39
40
-10
21
-32
13
21
-125
231
-296
315
-204
56
86
-191
198
-240
294
-350
335
-184
-12
177
-289
288
-308
285
-216
138
-2
-48
95
-145
208
-312
305
-203
54
142
-200
227
-196
110
-86
-31
25
-39
25
9
104
-142
184
-117
-73
143
-184
56
83
-83
86
58
-60
33
-46
2
-86
57
-2
-28
99
-24
0
-10
-1
-69
35
-23
18
42
-11
39
10
-107
112
-99
-62
189
-216
183
-61
20
1
-68
106
-195
148
-44
-18
50
61
-86
46
50
-140
113
-38
-1
17
44
-40
25
-17
-26
-30
10
-8
-32
89
-87
79
-37
-5
-2
-23
16
-29
41
5
2
16
10
-50
19
-45
38
-89
117
-26
-67
188
-162
64
6
-25
-41
51
18
-66
89
2
-39
-2
69
-149
73
-6
-45
43
-12
63
-100
104
-70
-23
15
-11
26
-61
153
-106
43
66
-103
36
-4
-50
59
-56
72
-10
-66
116
-157
68
-70
47
-72
79
12
-46
97
-100
105
-184
207
-184
99
56
-109
151
-157
118
-148
79
-86
64
-47
79
-13
-11
78
-141
163
-233
212
-167
97
25
-41
66
-73
83
-175
197
-232
174
-90
48
25
-33
53
-122
151
-208
202
-156
140
-47
41
44
-119
153
-225
187
-160
87
36
-84
154
-128
59
-30
-50
57
-78
106
-26
18
68
-72
48
-61
51
-94
109
-43
19
71
-95
111
-147
111
-98
21
74
-99
165
-124
91
-48
-33
58
-81
60
-11
14
16
25
-58
60
-74
42
-28
30
-18
33
14
-68
127
-185
178
-154
100
-8
-56
147
-169
158
-129
62
-36
2
29
-46
88
-94
78
-67
9
6
-36
45
-31
28
-9
-11
21
-52
45
-30
-10
60
-85
84
-78
27
-13
-33
31
-35
41
-31
36
-49
10
-6
-48
72
-71
72
-33
7
20
-72
73
-112
96
-89
87
-38
13
60
-128
144
-172
92
-43
-36
94
-108
108
-79
31
-15
-29
17
-41
56
-81
106
-93
72
-19
-27
38
-62
43
-33
31
-25
40
-45
47
-39
10
-1
-17
21
-7
13
-5
5
4
-5
2
14
-19
36
-24
32
-19
12
-2
-22
32
-23
13
20
-15
24
-7
-4
9
-35
42
-41
41
15
-19
52
-42
35
-42
46
-43
45
-7
5
33
-45
62
-85
69
-59
38
-15
32
-15
19
4
-38
37
-54
43
-25
38
-11
20
-1
0
-14
19
-36
49
-43
54
-21
-1
44
-79
87
-75
48
-21
9
7
-2
8
-17
17
-20
15
-7
-1
8
-8
0
1
-24
17
-13
5
-3
-1
-6
0
2
-19
24
-31
34
-13
0
12
-30
19
-30
2
-2
-6
14
-1
-1
1
-18
10
-32
29
-30
34
-8
-3
9
-38
26
-51
31
-35
21
-2
7
-4
15
-30
26
-40
14
-3
-16
40
-35
41
-39
34
-50
39
-49
36
-16
9
6
-6
8
-15
22
-44
53
-67
63
-54
36
-15
-5
11
-24
30
-37
42
-34
29
-10
7
5
-8
6
0
5
6
-2
4
0
-1
-7
3
-7
-3
9
-20
19
-16
18
-8
6
-7
5
1
-1
10
-11
25
-16
18
-11
3
-4
2
-1
5
6
-6
13
-12
15
-13
6
-2
1
5
-6
7
-10
12
-12
12
-5
4
4
-5
11
-15
8
-14
10
-5
1
-2
-4
3
-5
3
-1
-3
7
-9
8
-5
1
4
-7
14
-15
20
-18
16
-14
8
-5
0
7
-12
10
-9
12
-8
2
-4
3
2
4
1
5
-4
9
-7
10
-11
8
-3
1
3
-6
11
-9
14
-8
13
-9
8
-6
3
-4
-2
-2
-4
3
-6
6
-8
7
-8
1
-2
-3
2
-3
2
-3
4
1
-3
6
-7
12
-9
12
-9
7
-4
2
-2
-1
5
-7
10
-12
15
-16
18
-16
20
-15
14
-8
3
4
-13
17
-23
25
-25
23
-24
14
-12
5
2
-5
14
-13
14
-12
10
-8
8
-7
7
-4
3
0
-2
1
-4
5
-3
2
-7
1
-1
-2
5
-10
7
-9
10
-1
-1
5
-8
11
-13
13
-14
9
-7
7
-2
1
0
-6
3
-5
6
-8
8
-11
10
-9
8
-7
4
-3
1
2
-6
8
-6
8
-6
2
-4
1
-3
3
-1
1
-1
1
-1
-1
-1
-1
1
1
3
1
2
-1
0
-1
0
1
2
0
5
-4
3
-2
5
-2
2
-2
3
1
-1
2
-4
1
-7
2
-5
3
-1
3
-6
1
-1
0
2
-1
3
-3
4
-4
5
-4
4
3
2
3
0
0
0
3
0
0
-3
0
-2
-1
0
0
-2
-1
-3
-3
-1
-2
2
0
2
1
0
4
4
3
2
0
1
1
2
2
-1
2
0
2
-2
-1
0
3
0
-2
-2
0
-1
0
0
-1
2
-1
0
-3
1
0
2
2
1
2
-1
0
0
0
-1
0
-1
-1
-2
-3
0
0
0
2
1
-2
0
-1
1
0
0
-1
0
-1
-2
0
-1
0
-2
-2
0
0
-1
-2
-1
-1
2
0
0
-4
-1
2
1
1
-1
1
2
0
-3
0
0
0
-2
0
2
-2
3
1
0
-1
-3
-3
-2
0
-1
0
-1
-2
0
-2
-1
-1
-2
2
2
0
1
2
2
3
2
1
1
0
2
3
1
1
-1
1
1
3
4
0
1
-1
0
0
-1
-1
1
0
-1
-2
-1
0
-2
-2
-1
-2
-2
-1
1
2
3
0
2
2
2
2
0
0
-1
-1
0
0
-1
-2
0
-1
-1
-1
0
1
0
-2
-2
0
0
-2
-1
1
0
2
1
1
2
1
2
0
1
0
-1
-2
-1
1
-2
-2
0
-1
-2
0
0
0
0
1
-1
-1
-2
0
0
1
0
1
1
-3
0
3
3
0
-1
0
1
-1
0
-3
-3
0
1
2
-2
-1
-2
-1
-1
2
-1
0
1
-1
0
-1
-1
-1
1
1
2
-2
-2
-1
1
1
-1
-1
-1
0
1
1
-1
2
0
-1
-2
-3
-2
2
3
2
-1
-1
1
-2
-2
-1
0
-2
-1
0
1
-1
1
1
2
2
0
1
0
1
-2
1
1
2
0
-2
0
1
1
0
0
0
1
0
3
-1
1
-1
1
0
0
1
-1
1
-1
2
1
1
-1
0
1
0
-1
-1
1
3
1
0
0
0
1
2
1
-1
0
0
2
0
0
1
0
0
-3
0
2
3
0
-2
1
2
0
-1
-1
0
0
2
0
2
0
-2
-1
-2
-2
0
0
2
1
0
0
1
2
-3
-3
0
1
0
-2
1
2
1
-1
-2
-2
-1
-2
1
-2
-1
2
1
