2
0
1
0
0
1
1
0
-1
2
1
0
-2
3
1
-4
1
3
-2
-1
6
-1
-5
3
2
-4
2
2
-4
-2
3
-2
-2
3
0
1
0
0
1
-4
2
3
-3
-3
3
0
-3
6
0
-2
5
0
-1
1
-1
-4
1
2
-2
5
-1
0
4
0
-1
-1
2
-2
-1
0
-2
0
-3
2
-3
1
1
0
0
1
3
-4
4
-2
-1
4
-3
5
0
2
-2
2
0
-5
8
-10
2
3
-7
5
-1
1
-2
7
-4
-3
11
-9
1
2
-5
2
0
-1
-1
2
-2
1
7
-5
2
8
-8
6
2
-9
2
3
-2
-5
13
-9
-5
16
-12
3
4
-5
-3
4
3
-9
13
-13
-2
12
-13
6
4
-5
-4
8
-5
-6
16
-10
0
8
-7
0
2
-1
-4
6
-2
-1
5
-7
4
-3
-2
2
-2
1
1
6
-5
1
0
-4
3
-5
7
-2
0
8
-8
0
-1
3
-4
2
2
-7
4
-5
3
1
-6
9
-7
-2
5
-2
-3
1
6
-13
5
8
-9
7
0
0
-10
4
10
-13
9
4
0
-8
8
1
-18
20
-7
-5
4
2
-1
-10
16
-14
3
4
-3
8
-14
15
-11
-1
6
-4
5
-12
17
-15
4
9
-14
12
-7
7
-9
4
0
-9
15
-12
13
-1
-4
7
-8
2
-7
12
-7
3
14
-18
7
3
-7
1
9
-13
-3
16
-22
7
14
-15
8
13
-16
-12
22
-27
0
30
-16
12
17
-10
-11
6
-15
-10
17
-7
17
8
-8
13
-11
-22
11
-5
-20
36
5
-16
31
-1
-35
17
3
-37
30
11
-23
23
7
-24
4
14
-30
11
12
-21
13
-3
0
2
6
2
-2
-3
-20
8
-21
1
29
-7
18
13
-8
-32
1
-1
-32
38
24
-1
13
9
-23
-38
1
4
-13
29
41
-16
3
0
-29
-27
-6
30
-17
35
28
-10
-2
-30
16
-40
-3
34
-1
9
18
22
-48
5
4
-39
2
22
7
-6
42
-14
2
-10
-19
0
-31
22
-6
31
-3
14
22
-53
13
-21
-7
-7
27
22
-12
40
-25
-8
-19
-9
-1
-5
27
-1
32
-21
-2
12
-38
2
13
-8
-3
28
-7
-9
10
-2
-9
-4
1
2
3
-14
36
-10
-21
33
-20
-20
1
22
-23
18
30
-23
20
-33
3
-5
-40
46
21
-29
25
44
-82
-10
53
-70
10
73
-8
-28
52
-33
-54
31
-22
29
10
8
37
-39
-37
12
-2
-61
71
49
-70
54
19
-85
-22
52
-37
-10
85
-8
-25
-3
-2
-30
-24
53
22
-7
10
26
-46
-58
52
-13
-32
78
35
-47
-4
22
-76
-32
68
-16
10
60
-2
-21
-12
-14
-22
3
0
29
21
-30
22
-1
-51
9
31
-42
-2
44
-50
-3
31
-15
8
12
-6
-26
-11
-29
0
35
6
67
32
-29
-3
-32
-43
-10
56
37
50
89
-15
-25
-25
-57
-31
6
33
15
44
5
-38
-16
-58
-39
-16
-18
-7
5
4
-11
15
-1
-1
15
-16
7
5
0
29
44
42
35
48
-11
-26
-9
-47
-12
12
34
31
23
22
-51
-54
-67
-81
-46
-9
27
24
59
18
-21
-13
-78
-50
-20
-19
29
62
43
27
55
-27
-25
16
-61
0
20
-18
15
44
-2
10
64
-27
25
48
-41
21
8
-36
0
34
-6
46
79
-12
40
-10
-91
-38
-54
-62
17
45
-16
32
-10
-98
-29
-42
-38
46
54
13
36
1
-55
15
18
26
98
69
9
15
-29
-79
-4
19
25
83
51
-29
-56
-95
-146
-76
-18
8
95
91
32
7
-46
-112
-73
-28
-19
81
105
66
78
37
-24
-10
3
-20
27
36
-10
11
-15
-48
-15
-17
-23
13
16
-20
-2
-21
-70
-50
-69
-70
-34
-15
8
35
46
16
16
-13
-44
-36
-47
-25
-5
20
35
55
67
48
44
7
-21
-43
-51
-34
-9
38
52
68
48
11
-16
-41
-41
-32
-1
3
17
4
-15
-7
-15
4
17
22
-1
-7
-40
-55
-17
-8
49
86
88
70
43
-15
-52
-25
-37
30
84
86
114
98
60
32
38
-23
-16
-17
-81
-54
-74
-75
-42
-15
-48
-70
-126
-270
-294
-351
-349
-245
-157
-59
30
91
55
85
71
49
123
144
209
284
343
377
425
436
389
377
267
166
77
-41
-114
-163
-191
-226
-221
-252
-282
-291
-332
-337
-334
-310
-267
-206
-129
-47
53
128
204
257
280
286
271
253
226
208
189
168
145
107
63
12
-33
-71
-97
-110
-118
-123
-128
-134
-133
-123
-108
-78
-38
8
59
104
148
186
212
224
220
198
155
106
48
3
-31
-55
-56
-46
-31
-11
8
20
29
30
14
-2
-29
-66
-88
-97
-95
-72
-42
-18
4
9
-6
-27
-57
-85
-98
-105
-106
-96
-87
-82
-75
-78
-90
-100
-116
-131
-136
-131
-111
-75
-34
5
39
52
42
16
-19
-55
-79
-82
-64
-28
22
74
120
151
163
158
138
107
76
51
37
37
46
62
75
78
68
47
21
-13
-48
-83
-116
-146
-170
-189
-203
-210
-203
-175
-134
-86
-29
30
78
110
129
130
108
60
1
-58
-119
-172
-211
-232
-243
-243
-228
-202
-176
-154
-132
-109
-90
-67
-33
12
56
90
116
134
141
145
146
149
148
149
160
171
173
166
160
156
141
121
96
65
28
-19
-64
-98
-113
-98
-53
-1
36
62
89
118
140
151
146
129
112
116
154
211
264
308
346
379
405
414
399
356
297
252
218
182
143
109
79
48
22
5
-5
-9
-12
-27
-55
-93
-110
-103
-87
-66
-25
47
123
184
214
221
223
225
207
140
23
-107
-217
-316
-427
-549
-667
-754
-796
-810
-820
-827
-813
-754
-668
-575
-475
-349
-204
-70
50
152
222
260
266
231
158
67
-5
-43
-67
-95
-118
-134
-163
-216
-283
-352
-418
-470
-503
-523
-530
-496
-392
-235
-62
115
291
448
580
675
715
675
552
402
268
152
43
-60
-167
-283
-365
-362
-282
-183
-95
6
142
280
399
506
610
717
835
979
1144
1313
1494
1701
1899
2034
2127
2222
2323
2369
2335
2266
2219
2200
2145
2005
1783
1500
1101
427
-671
-2140
-3665
-4880
-5628
-5994
-6102
-5933
-5356
-4364
-3142
-1944
-915
-47
724
1423
1989
2367
2583
2724
2802
2765
2613
2426
2230
1917
1367
606
-228
-1036
-1788
-2497
-3166
-3720
-4008
-3918
-3511
-2957
-2347
-1649
-879
-161
426
902
1270
1490
1539
1476
1370
1258
1153
1024
806
459
37
-370
-769
-1224
-1708
-2084
-2238
-2158
-1903
-1510
-997
-414
169
719
1199
1547
1713
1697
1539
1268
929
639
478
386
282
194
190
227
174
-5
-251
-513
-756
-932
-997
-965
-834
-549
-105
373
760
1110
1550
2048
2441
2646
2769
2944
3159
3349
3524
3743
3986
4161
4203
4107
3934
3774
3599
3060
1600
-803
-3387
-5280
-6344
-7055
-7636
-7868
-7465
-6386
-4803
-3074
-1623
-535
516
1689
2661
3158
3408
3717
3924
3743
3342
3100
3012
2763
2151
1225
148
-823
-1511
-2118
-3026
-4213
-5140
-5426
-5246
-4929
-4520
-3851
-2868
-1660
-362
817
1737
2410
2887
3103
3019
2797
2580
2239
1590
707
-145
-845
-1445
-2031
-2662
-3318
-3808
-3895
-3611
-3230
-2883
-2419
-1716
-884
-51
756
1471
1943
2143
2219
2246
2138
1845
1445
978
437
-82
-438
-687
-1005
-1423
-1793
-2046
-2250
-2407
-2407
-2245
-2026
-1771
-1433
-999
-519
33
693
1356
1907
2392
2877
3283
3469
3463
3433
3395
3242
2966
2697
2547
2508
2516
2483
2344
2138
2032
2119
2305
2452
2584
2861
3341
3857
4196
4277
4094
3480
2117
-18
-2476
-4604
-6132
-7136
-7721
-7840
-7356
-6218
-4512
-2610
-960
326
1523
2762
3761
4218
4297
4341
4375
4215
3845
3444
3093
2707
2175
1416
418
-660
-1634
-2532
-3626
-4946
-6127
-6749
-6733
-6304
-5634
-4719
-3502
-2030
-509
809
1797
2476
2917
3113
3060
2872
2659
2348
1792
956
4
-860
-1601
-2359
-3299
-4356
-5218
-5612
-5579
-5384
-5139
-4645
-3704
-2424
-1141
-76
762
1406
1871
2130
2145
1938
1646
1388
1127
760
347
91
9
-186
-712
-1440
-2082
-2516
-2773
-2940
-3085
-3149
-2938
-2303
-1357
-409
404
1167
1909
2530
2973
3280
3461
3507
3466
3409
3331
3185
3040
2980
2940
2776
2508
2266
2110
1927
1572
1116
802
825
1180
1710
2309
3012
3902
4983
6100
6931
7172
6818
6027
4578
1908
-1891
-5694
-8322
-9653
-10233
-10249
-9470
-7865
-5656
-3053
-454
1581
2936
4078
5196
5829
5650
5105
4753
4500
3946
3142
2451
1925
1309
384
-887
-2378
-3866
-5147
-6207
-7184
-7971
-8156
-7480
-6129
-4508
-2885
-1254
451
2134
3479
4152
4147
3763
3283
2745
2081
1345
623
-70
-714
-1270
-1746
-2225
-2670
-2966
-3154
-3388
-3618
-3606
-3293
-2862
-2502
-2187
-1773
-1159
-304
670
1424
1707
1695
1704
1726
1538
1081
546
166
8
19
99
80
-77
-225
-352
-683
-1303
-1956
-2352
-2461
-2430
-2268
-1815
-1030
-66
943
1808
2367
2687
2935
3119
3103
2876
2629
2557
2610
2595
2432
2155
1803
1446
1115
757
342
-49
-271
-294
-234
-149
79
554
1249
2057
2906
3804
4781
5827
6799
7398
7295
6381
4912
2912
-61
-4019
-7938
-10471
-11334
-11176
-10367
-8791
-6477
-3777
-941
1743
3697
4671
5173
5680
5946
5535
4710
4079
3702
3180
2404
1635
997
279
-736
-2071
-3613
-5068
-6140
-6803
-7241
-7454
-7077
-5849
-3972
-1921
-45
1556
2971
4238
5142
5301
4635
3509
2322
1212
157
-742
-1383
-1825
-2130
-2254
-2218
-2200
-2287
-2383
-2468
-2634
-2802
-2733
-2384
-1968
-1667
-1367
-920
-325
372
1040
1390
1224
777
418
201
-75
-452
-741
-820
-720
-463
-123
64
-6
-159
-286
-530
-958
-1356
-1517
-1516
-1479
-1294
-799
-72
703
1426
2006
2324
2425
2461
2450
2282
1974
1726
1638
1621
1575
1462
1254
948
605
336
148
-20
-169
-230
-142
97
461
949
1569
2325
3185
4081
4977
5848
6652
7292
7644
7447
6442
4643
2177
-1145
-5336
-9517
-12327
-13235
-12806
-11503
-9259
-6148
-2706
626
3602
5734
6606
6576
6295
5803
4745
3295
2113
1423
881
259
-268
-642
-1087
-1836
-2864
-4028
-5129
-5901
-6218
-6178
-5859
-5076
-3624
-1610
555
2447
3891
4938
5686
6029
5710
4608
2982
1272
-267
-1530
-2445
-2970
-3168
-3118
-2825
-2332
-1879
-1674
-1669
-1742
-1837
-1932
-1910
-1686
-1363
-1082
-797
-368
184
718
1116
1230
962
423
-118
-440
-585
-660
-620
-364
78
565
971
1206
1211
969
560
55
-513
-1081
-1482
-1613
-1533
-1331
-914
-203
669
1443
1976
2325
2483
2397
2130
1877
1701
1570
1562
1710
1838
1731
1414
1029
548
-91
-720
-1148
-1427
-1641
-1639
-1227
-486
361
1288
2421
3744
5060
6202
7138
7800
8077
7957
7534
6759
5373
3185
306
-3176
-7210
-11194
-13935
-14636
-13652
-11686
-8928
-5342
-1443
2015
4706
6505
7192
6835
6027
5180
4134
2794
1658
1123
883
518
94
-200
-597
-1481
-2829
-4298
-5582
-6469
-6863
-6830
-6476
-5645
-4071
-1868
477
2481
3996
5043
5642
5734
5182
3935
2230
558
-763
-1720
-2351
-2556
-2393
-2102
-1830
-1533
-1257
-1232
-1529
-1988
-2405
-2681
-2724
-2472
-2042
-1561
-901
93
1244
2119
2484
2423
2077
1576
1024
492
13
-365
-515
-410
-182
16
128
148
58
-154
-447
-754
-1032
-1266
-1413
-1389
-1142
-748
-300
147
557
882
1113
1287
1382
1300
1057
861
890
1069
1254
1450
1642
1672
1449
1048
561
-13
-576
-901
-931
-801
-516
91
983
1900
2687
3423
4154
4868
5525
5992
6031
5636
5120
4658
4074
3138
1930
605
-965
-3124
-5982
-8879
-10783
-11116
-10168
-8559
-6525
-4087
-1442
999
2934
4113
4428
4158
3818
3565
3132
2457
1914
1776
1781
1552
1107
627
4
-1042
-2520
-4085
-5315
-5978
-6123
-5884
-5311
-4323
-2860
-1057
740
2111
2865
3174
3309
3275
2777
1772
635
-215
-676
-806
-621
-269
-35
-32
-53
-18
-186
-749
-1539
-2282
-2812
-3025
-2897
-2546
-2049
-1277
-92
1289
2412
3037
3198
2936
2322
1543
775
88
-441
-715
-729
-545
-199
249
600
623
303
-125
-492
-864
-1356
-1927
-2341
-2331
-1936
-1388
-861
-346
219
848
1500
2039
2305
2321
2270
2261
2224
2078
1858
1629
1360
995
538
-29
-672
-1210
-1402
-1238
-860
-296
519
1468
2339
2988
3441
3746
4005
4369
4766
4873
4538
4056
3770
3568
3058
2069
903
-6
-906
-2777
-5845
-8778
-10037
-9644
-8675
-7489
-5725
-3449
-1261
665
2306
3188
3141
2952
3241
3519
3144
2556
2568
2979
2977
2402
1756
1202
291
-1275
-3208
-4958
-6150
-6698
-6712
-6342
-5648
-4509
-2809
-798
935
1963
2450
2857
3249
3254
2670
1816
1125
693
487
538
781
938
804
474
108
-342
-982
-1717
-2422
-3061
-3425
-3257
-2649
-2006
-1454
-717
308
1255
1777
1931
1841
1505
1047
713
538
387
280
334
444
435
330
241
68
-379
-968
-1367
-1532
-1658
-1872
-2119
-2232
-2097
-1742
-1361
-1099
-855
-389
388
1318
2101
2597
2919
3204
3406
3380
3084
2577
1942
1262
590
-141
-1018
-1889
-2353
-2222
-1690
-979
-64
1054
2191
3092
3688
3988
4041
4106
4380
4653
4533
4002
3516
3306
3009
2257
1179
265
-122
-595
-2266
-5131
-7624
-8346
-7749
-7085
-6510
-5346
-3589
-1723
32
1466
2151
2184
2365
2982
3276
2849
2432
2676
3098
2829
1974
1266
733
-213
-1823
-3629
-4971
-5552
-5507
-5169
-4825
-4321
-3257
-1547
279
1477
1918
2176
2700
3237
3226
2542
1648
984
648
530
524
504
317
-8
-329
-639
-1124
-1835
-2545
-3098
-3487
-3540
-3095
-2385
-1739
-1162
-434
335
802
996
1126
1148
947
713
676
700
607
493
392
195
-108
-317
-372
-561
-918
-1101
-990
-857
-1018
-1423
-1764
-1886
-1817
-1681
-1620
-1510
-1061
-125
1194
2457
3316
3863
4314
4642
4558
3938
2945
1744
522
-475
-1250
-2028
-2788
-3087
-2628
-1684
-643
454
1724
3070
4174
4867
5163
5198
5283
5582
5822
5646
5053
4489
4190
3781
2862
1513
314
-279
-1043
-3397
-7101
-9992
-10507
-9469
-8425
-7350
-5507
-3048
-577
1589
3074
3494
3259
3391
3991
4079
3425
2992
3328
3665
3112
1999
1122
446
-661
-2473
-4508
-5989
-6503
-6202
-5616
-5121
-4457
-3158
-1206
701
1763
2016
2156
2597
3056
2989
2347
1589
1077
840
713
617
491
196
-309
-936
-1621
-2327
-3003
-3562
-3954
-4159
-3937
-3124
-2068
-1252
-739
-176
490
884
961
921
813
647
527
489
359
68
-130
-149
-248
-574
-923
-1078
-1163
-1293
-1349
-1286
-1180
-1156
-1245
-1343
-1380
-1298
-1095
-887
-699
-385
271
1337
2452
3181
3507
3718
3907
3823
3320
2552
1595
602
-112
-528
-1043
-1769
-2152
-1775
-956
-186
562
1569
2755
3772
4461
4817
4907
5067
5615
6317
6598
6303
5892
5587
5015
3884
2307
714
-490
-2011
-5209
-9610
-12570
-12470
-10656
-8966
-7214
-4458
-1153
1594
3536
4600
4396
3428
2965
3179
2987
2134
1749
2396
3027
2613
1644
1006
474
-826
-2987
-5105
-6334
-6501
-5965
-5213
-4449
-3403
-1736
223
1511
1581
1038
792
958
1035
705
216
50
398
951
1253
1250
1187
1026
451
-651
-1992
-3210
-4194
-4886
-5179
-5063
-4609
-3777
-2557
-1350
-540
107
827
1419
1773
2031
2204
2125
1778
1428
1199
917
528
149
-285
-849
-1293
-1403
-1391
-1471
-1454
-1122
-625
-291
-164
4
255
327
199
162
367
703
1093
1602
2158
2535
2633
2622
2620
2416
1949
1629
1657
1567
928
70
-451
-693
-916
-945
-568
44
802
1876
3043
3682
3811
4279
5428
6571
7168
7411
7400
6818
5724
4564
3376
2096
658
-1998
-6673
-11663
-14135
-13592
-11997
-10368
-7663
-3423
876
3966
5801
6228
5132
3538
2667
2305
1546
728
994
2234
3083
2921
2521
2379
1637
-434
-3097
-5096
-6070
-6419
-6379
-5868
-4821
-3149
-916
1079
1809
1307
680
587
543
13
-683
-822
-161
834
1506
1659
1633
1765
1827
1219
-219
-1963
-3402
-4316
-4876
-5303
-5480
-5011
-3874
-2723
-2054
-1580
-968
-396
70
625
1291
1903
2359
2670
2697
2308
1775
1412
948
63
-962
-1727
-2223
-2547
-2599
-2296
-1800
-1306
-816
-244
373
858
1068
1008
817
694
797
1033
1222
1362
1562
1857
2131
2199
2077
2046
2323
2744
2857
2461
1898
1481
1039
243
-799
-1531
-1476
-682
293
919
1308
2134
3769
5643
6837
7180
7239
7364
7304
6780
5834
4746
3620
1307
-3565
-9938
-14616
-15794
-14769
-13251
-10923
-6796
-1528
3119
6067
7058
6327
4791
3497
2482
1207
56
168
1646
3122
3486
3221
3225
2968
1176
-2071
-5227
-7057
-7637
-7569
-7067
-5981
-4033
-1173
1794
3431
3169
2015
1123
396
-730
-1961
-2401
-1718
-444
745
1537
2012
2342
2380
1658
23
-1965
-3481
-4179
-4393
-4580
-4648
-4077
-2794
-1552
-1134
-1395
-1630
-1540
-1371
-1244
-942
-264
788
2044
3156
3751
3804
3567
3079
2125
726
-732
-1876
-2632
-3078
-3241
-3094
-2661
-2020
-1285
-578
66
702
1313
1787
2098
2339
2564
2695
2677
2546
2277
1788
1239
974
1081
1396
1763
2100
2362
2582
2761
2682
2107
1190
500
384
477
236
-345
-777
-443
986
3147
5140
6456
7395
8401
9321
9607
9105
8231
6708
3015
-3557
-11008
-16120
-17707
-17043
-15348
-12329
-7487
-1695
3370
6463
7286
6504
5217
4013
2713
1332
601
1178
2584
3516
3366
2839
2569
1867
-386
-3923
-7067
-8480
-8287
-7391
-6276
-4731
-2408
477
2952
3907
3191
1713
339
-837
-1927
-2568
-2252
-1056
346
1362
1875
2131
2164
1632
320
-1449
-2981
-3749
-3721
-3292
-2891
-2572
-2115
-1506
-1206
-1570
-2285
-2773
-2886
-2780
-2283
-1155
391
1883
3012
3748
4116
4122
3757
2975
1783
447
-640
-1374
-1898
-2262
-2350
-2155
-1884
-1649
-1342
-830
-162
453
867
1171
1573
2109
2571
2664
2316
1740
1260
1072
1092
1149
1253
1533
1968
2445
2918
3209
2989
2185
1338
1074
1320
1429
1029
390
11
99
552
1130
1693
2349
3335
4682
6080
7236
8151
8733
7797
3615
-3576
-10630
-14364
-14837
-14140
-12883
-9983
-5301
-509
2742
4023
3721
2688
1925
1708
1580
1615
2612
4540
5865
5432
3972
2756
1564
-928
-4869
-8546
-10136
-9407
-7518
-5623
-3929
-1917
694
3147
4158
3293
1489
-18
-850
-1267
-1375
-1009
-231
569
1055
1201
1166
943
188
-1282
-2886
-3657
-3289
-2390
-1635
-1084
-527
4
285
108
-581
-1618
-2627
-3249
-3385
-3013
-2048
-655
607
1324
1757
2332
2930
3080
2640
1973
1455
1118
827
421
-195
-946
-1613
-2083
-2375
-2400
-1984
-1151
-214
581
1332
2207
3040
3451
3270
2691
2063
1616
1441
1529
1762
2018
2321
2781
3344
3723
3578
2862
1967
1471
1637
2092
2218
1911
1690
1920
2234
2172
1835
1672
1918
2573
3571
4804
6300
7876
8175
5135
-1364
-8239
-12210
-13165
-12993
-12243
-9918
-5923
-1773
1036
2100
1818
959
242
-71
34
963
3171
5958
7620
7295
5947
4807
3454
424
-4409
-9027
-11278
-10893
-9201
-7368
-5456
-3093
-400
1789
2637
2065
851
-151
-637
-673
-247
732
1966
2807
2787
2081
1223
363
-873
-2670
-4385
-5114
-4637
-3473
-2115
-786
303
909
972
570
-176
-944
-1481
-1821
-2100
-2026
-1235
-146
363
28
-491
-612
-304
177
653
1103
1639
2278
2725
2563
1779
733
-334
-1375
-2265
-2646
-2271
-1262
-142
643
1113
1606
2226
2636
2528
1982
1438
1275
1681
2467
3237
3615
3539
3240
2935
2659
2137
1313
496
293
956
2128
3074
3285
2893
2358
2064
1824
1509
1329
1774
2828
3954
4812
5595
6403
5911
2343
-4212
-10640
-13714
-13046
-10677
-8212
-5501
-2291
829
2515
2114
112
-1994
-2953
-2536
-972
1592
4944
7782
8690
7305
4808
2353
-167
-3545
-7708
-10863
-11311
-9059
-5936
-3458
-1894
-870
-237
-180
-644
-1388
-1841
-1592
-482
1222
3163
4854
5517
4673
2561
172
-1706
-2842
-3512
-3988
-4138
-3597
-2291
-921
-301
-699
-1737
-2743
-3083
-2470
-1301
-216
564
1363
2207
2610
2137
866
-695
-1932
-2367
-2009
-1173
-130
964
1785
1940
1445
646
-170
-978
-1734
-2179
-1922
-871
531
1564
1893
1780
1635
1552
1369
1016
671
704
1411
2735
4075
4865
5028
4900
4693
4351
3829
3136
2440
1954
1960
2347
2789
2948
2809
2525
2181
1913
1749
1874
2278
3016
3920
4941
6088
7248
7518
4940
-1232
-8933
-13957
-14434
-11903
-8889
-5906
-2255
1365
3395
2723
432
-1902
-3123
-3199
-2160
367
4073
7705
9132
7886
5045
2452
287
-2594
-6590
-10222
-11146
-9346
-6390
-4011
-2349
-1279
-977
-1576
-2803
-3752
-3966
-3141
-1650
385
2815
5215
6528
5732
3176
61
-2267
-3512
-3846
-3710
-3275
-2498
-1491
-614
-477
-1272
-2833
-4505
-5440
-4919
-2963
-424
1753
3158
3931
4119
3523
2030
53
-1652
-2472
-2293
-1354
6
1464
2475
2480
1422
-80
-1342
-2166
-2648
-2742
-2164
-908
588
1623
1848
1474
981
643
445
421
575
939
1412
2083
2865
3495
3736
3645
3625
3856
4230
4213
3712
3141
3066
3407
3555
3242
2663
2401
2480
2508
1999
1303
1035
1390
2150
3200
4883
6936
8068
5867
-576
-8565
-13324
-12821
-9599
-6591
-3912
-395
2765
3163
520
-2708
-4371
-4595
-4113
-2516
1184
6232
10115
10572
7668
3636
560
-1579
-4262
-7573
-9433
-8212
-5004
-2257
-1058
-1079
-2048
-4065
-6470
-7777
-7107
-4876
-2158
581
3304
5659
6730
5713
2833
-791
-3626
-4789
-4135
-2338
-364
937
1167
495
-911
-2822
-5145
-7199
-8086
-7001
-4034
-350
2651
4013
3984
3020
1690
249
-849
-1361
-1392
-944
-50
1300
2330
2386
1232
-400
-1649
-2203
-2158
-1902
-1366
-705
24
452
495
299
145
355
733
1287
1915
2614
2788
2236
1590
1577
2273
2775
2910
3079
3908
4890
5157
4616
4063
4412
5233
5817
5496
4757
4269
4247
4120
3187
1944
1108
1316
2041
3013
4224
5772
6448
3677
-3063
-10608
-13704
-11266
-6414
-2594
229
3263
5168
3819
-637
-4537
-5661
-4479
-2700
-130
4096
8791
11294
9515
4911
254
-2374
-3861
-5502
-6931
-6715
-4495
-2151
-959
-1189
-2142
-4005
-6440
-8173
-7858
-5460
-2593
-176
1618
3275
4169
3677
1755
-824
-3135
-4724
-4931
-3661
-1223
933
1663
650
-1370
-3528
-5563
-7144
-7968
-7337
-5315
-2467
82
1688
2309
2009
981
-469
-1298
-1038
-46
612
700
802
1156
1159
111
-1262
-2009
-1850
-1486
-1130
-552
214
627
191
-613
-1075
-789
-227
383
1146
2249
3367
3866
3412
2352
1652
1677
2196
2704
3335
4089
4714
4611
3782
3033
3229
4428
5493
5840
5406
5041
4915
4897
4370
3281
2389
2205
2894
3454
3858
4066
4325
2985
-1663
-8609
-13762
-13177
-8204
-2351
1693
4725
6477
5220
286
-5455
-7619
-5968
-2706
62
3571
7842
10778
9789
5191
144
-3269
-4563
-5016
-4297
-2398
41
1153
180
-1899
-4207
-6277
-8277
-8863
-7298
-3942
-822
948
1646
1717
1170
-364
-1959
-2804
-2428
-1707
-1051
-341
551
956
-193
-2522
-4922
-6149
-6485
-6314
-5732
-4416
-2660
-1476
-1183
-1554
-1813
-1932
-1744
-1081
290
2077
3253
3220
2025
553
-729
-1482
-1617
-1197
-432
198
329
-350
-1510
-2673
-3307
-3029
-1805
-32
1567
2583
2871
2623
2063
1341
722
693
1480
2726
3919
4756
5004
4523
3557
2645
2555
3587
5538
7499
8574
8147
6331
4256
2931
2881
3322
3733
3820
3983
4451
4773
4647
3828
2910
956
-3150
-9250
-13524
-12088
-5937
322
3125
4063
4387
3021
-1878
-7379
-8477
-4583
477
3358
5705
8538
10131
7392
1619
-2891
-3859
-2492
-1125
510
2341
3314
1662
-1713
-4637
-6124
-6677
-6866
-5767
-3316
-570
549
-95
-1317
-1986
-2074
-2078
-1683
-609
900
1612
1015
-223
-1119
-1706
-2685
-3995
-4895
-4882
-4384
-4125
-4357
-4815
-5071
-4970
-4444
-3519
-2379
-1213
-341
215
492
735
816
551
172
43
378
779
1048
951
583
-198
-1356
-2467
-3129
-3075
-2615
-1843
-1197
-867
-917
-948
-639
-77
709
1587
2705
3580
3896
3555
3132
3017
3139
3341
3395
3533
3777
4479
5431
6333
6570
6084
5428
5214
5744
6283
6323
5520
4644
4005
3583
3041
2652
2661
1458
-2808
-9479
-13317
-10726
-3878
1217
2490
2560
2711
834
-4295
-7946
-5921
-20
3640
3746
3972
5756
5926
1849
-3018
-4376
-1772
1083
2438
3033
3045
1261
-2476
-5354
-5682
-4184
-3012
-2200
-1029
169
48
-1703
-3337
-3617
-2647
-1564
-404
929
2045
1823
-15
-2240
-3281
-2615
-1486
-1024
-1529
-2241
-3003
-3984
-5320
-6406
-6615
-5986
-4711
-3136
-1521
-731
-818
-1421
-1635
-1302
-745
-105
584
1392
1621
1257
506
63
-167
-420
-818
-1287
-1487
-1674
-1790
-1885
-1496
-981
-725
-831
-916
-626
-348
-88
320
1469
2805
3470
3154
2706
2929
3432
3660
3379
3438
4378
6028
7241
7167
6095
5076
5225
6340
7432
7418
6540
5742
5444
5145
4237
3265
2645
1268
-2942
-9072
-12188
-8615
-1098
3701
3250
721
-837
-2748
-6400
-8469
-4965
2246
6757
6206
4085
3312
2151
-1277
-4296
-3185
1356
4757
4666
2494
-29
-2971
-5994
-6841
-4311
-426
1545
854
-903
-2465
-3960
-5297
-5193
-2931
233
2291
2701
2363
1767
440
-1581
-2816
-1828
562
1991
1027
-1242
-3203
-4538
-5768
-6594
-6007
-4391
-3287
-3729
-4555
-4485
-3536
-2672
-2104
-1048
344
1136
478
-798
-1606
-1492
-791
227
1621
2766
2852
1301
-1025
-2827
-3281
-2615
-1511
-414
241
201
-636
-1778
-2500
-2451
-1697
-516
931
2197
2627
2133
1370
1362
1928
2518
2890
3715
5148
5973
5327
3744
3340
4503
6225
6859
6496
6113
6090
6215
5745
5430
5374
5344
3243
-1455
-6618
-8402
-5071
1
2908
1988
-146
-2505
-5100
-7554
-7114
-2370
3346
6188
5037
3284
2022
737
-1344
-2057
97
3387
5232
4145
1619
-1800
-4787
-6427
-5271
-2189
366
805
-939
-3159
-5251
-6057
-5325
-2833
15
1735
1796
644
-531
-1437
-1428
-509
1352
3110
3560
2207
-507
-3174
-4856
-4898
-3807
-2449
-1742
-2061
-3143
-4733
-6195
-6799
-5805
-3530
-1246
-22
54
-397
-1186
-2179
-2731
-1879
298
2257
2721
1785
663
-109
-671
-979
-543
540
1097
377
-1139
-2249
-2681
-2721
-2314
-1061
684
1683
1383
408
-44
283
1135
2116
3255
4370
5105
5143
4374
3473
3183
4274
6025
7437
7425
6363
5106
4333
4271
4461
4957
4961
3993
855
-3390
-6218
-4971
-631
2579
2116
-915
-3069
-4220
-5136
-5582
-2945
2253
6100
5839
3092
1574
1249
811
128
1714
5139
7206
5407
1216
-2088
-3622
-3762
-3159
-1332
271
-90
-2982
-6212
-7481
-6754
-5175
-3775
-1977
-220
661
-289
-2066
-3022
-2443
-806
767
2182
2880
2533
579
-2013
-3789
-3891
-2679
-1509
-963
-1553
-2811
-4386
-5353
-5293
-4345
-2915
-1618
-575
-315
-740
-1587
-1997
-1645
-796
156
810
1151
886
216
-451
-503
19
534
604
219
-268
-880
-1646
-2271
-2086
-939
356
835
334
-373
-668
-514
-56
844
2346
3953
4851
4591
3614
2780
2844
3829
5170
5939
5691
4797
3993
3604
3301
3137
3403
4099
3650
936
-2884
-4454
-2248
1144
2160
369
-1325
-1863
-2681
-4605
-4845
-1303
3467
4959
2668
706
1194
2266
1691
1320
3478
6729
7389
4726
1774
555
287
-367
-546
418
1177
-218
-3195
-5361
-5669
-5182
-5018
-4672
-3642
-2620
-2792
-3811
-4338
-3782
-2914
-2374
-1759
-645
376
277
-691
-1416
-1179
-634
-538
-886
-1283
-1731
-2529
-3263
-3303
-2545
-1840
-1823
-2269
-2514
-2369
-2189
-2064
-1715
-846
152
675
478
-19
-285
-224
-47
79
272
501
524
138
-352
-516
-290
-79
-109
-186
-159
-126
-168
1
477
905
909
928
1599
2701
3228
2837
2587
3475
5130
6098
5777
4909
4488
4469
4221
3740
3687
4206
3994
1780
-1737
-3775
-2717
-292
336
-1471
-3356
-3708
-3543
-4093
-3951
-1409
2126
3239
1397
-158
908
3070
3762
3523
4408
6256
6624
4766
2733
2242
2531
2171
1585
1729
2050
898
-1746
-4010
-4402
-3375
-2312
-1807
-1797
-2260
-3405
-4758
-5402
-4794
-3387
-2183
-1720
-1867
-2174
-2580
-2965
-3031
-2378
-1214
-325
-180
-594
-1035
-1383
-1613
-1554
-1046
-508
-654
-1564
-2556
-2867
-2489
-1852
-1337
-1030
-1039
-1444
-1986
-2096
-1414
-345
407
528
357
227
36
-302
-460
-123
343
300
-255
-590
-349
-27
-153
-423
-62
1037
2121
2472
2252
2187
2769
3804
4789
5400
5586
5366
4757
4001
3488
3493
3824
3837
2758
389
-2190
-3194
-2084
-645
-1024
-2961
-4251
-4067
-3903
-4655
-4631
-2362
364
696
-939
-1332
590
2388
2209
1667
2878
4846
5095
3551
2463
2842
3422
3130
2745
3037
3127
1805
-391
-1652
-1307
-471
-444
-1172
-1870
-2308
-2918
-3663
-3751
-2738
-1367
-829
-1305
-1953
-2025
-1707
-1402
-1042
-391
291
401
-172
-961
-1439
-1479
-1120
-504
23
7
-593
-1227
-1335
-894
-346
21
157
109
-160
-547
-729
-462
18
86
-634
-1820
-2639
-2642
-2101
-1637
-1516
-1605
-1728
-1743
-1462
-666
428
1345
1856
2181
2419
2355
2003
1903
2506
3354
3624
3101
2333
1763
1334
918
725
1092
1872
2270
1317
-918
-2810
-2510
-285
1384
871
-647
-1216
-1206
-2265
-3903
-3640
-1144
504
-931
-3496
-3900
-2194
-980
-1001
-323
1901
3707
3344
1964
1804
3038
4116
4335
4382
4530
3962
2290
566
-10
326
383
-362
-1363
-2128
-2853
-3626
-3778
-2779
-1343
-753
-1217
-1665
-1314
-639
-315
-36
793
1816
2033
1349
773
968
1442
1468
1198
1145
1173
713
-200
-818
-676
-174
31
-143
-356
-508
-804
-1246
-1452
-1145
-649
-552
-941
-1298
-1183
-784
-510
-405
-215
-1
-151
-680
-991
-639
71
512
465
132
-299
-729
-838
-281
750
1554
1621
1204
990
1337
1945
2382
2607
2805
2637
1444
-456
-1458
-541
932
689
-1376
-3151
-3562
-3978
-5378
-6103
-4420
-1891
-1614
-3616
-4657
-2951
-491
419
550
1821
3722
4056
2569
1487
2260
3715
4112
3475
2894
2564
1814
588
-286
-274
187
376
37
-768
-1901
-2952
-3260
-2556
-1469
-943
-1236
-1827
-2230
-2463
-2548
-2131
-969
341
803
241
-391
-130
884
1820
2374
2920
3551
3749
3205
2491
2384
2820
3070
2744
2049
1229
300
-524
-763
-363
32
-160
-735
-1084
-999
-727
-424
-45
308
325
-62
-498
-551
-114
518
875
652
13
-473
-353
274
942
1307
1339
1179
1019
961
972
977
1056
1191
762
-852
-2910
-3469
-1764
247
54
-2151
-3939
-4156
-4155
-4906
-5046
-3282
-1166
-1235
-3191
-4158
-2834
-1099
-786
-988
-16
1602
1947
770
-122
479
1803
2679
3095
3465
3447
2443
877
7
496
1648
2163
1394
-179
-1542
-2125
-2211
-2329
-2518
-2506
-2463
-2895
-3707
-3989
-3157
-1805
-922
-573
2
1036
1821
1835
1641
2161
3374
4331
4398
3922
3511
3191
2668
2129
2050
2345
2245
1376
443
351
988
1485
1537
1680
2199
2507
2033
1204
904
1202
1271
661
-40
-101
300
338
-279
-987
-1204
-1005
-727
-331
414
1247
1551
1255
1024
1373
2020
2357
2135
1233
-567
-2722
-3554
-1989
413
664
-1980
-5049
-6123
-5746
-5706
-5826
-4618
-2541
-2073
-3964
-5676
-4820
-2491
-1400
-1803
-1524
288
1715
1035
-623
-841
909
2952
3863
3822
3476
2704
1219
-254
-470
680
1694
1085
-891
-2628
-3130
-2953
-3052
-3386
-3278
-2742
-2574
-3020
-3288
-2648
-1480
-643
-173
554
1582
2122
1756
1244
1606
2757
3705
3803
3317
2772
2286
1854
1766
2238
2841
2840
2155
1508
1460
1783
2033
2316
2941
3600
3568
2735
1883
1688
1882
1780
1327
1082
1235
1225
567
-379
-835
-562
-41
291
537
949
1430
1660
1576
1469
1684
2250
2702
2223
387
-1917
-2857
-1641
158
192
-1884
-4192
-5327
-5884
-6606
-6604
-4875
-2746
-2724
-4885
-6403
-5343
-3151
-2260
-2598
-2170
-410
992
661
-569
-958
-33
1358
2444
3100
3304
2753
1335
-322
-1223
-920
-41
241
-644
-2156
-3325
-3736
-3693
-3524
-3231
-2786
-2392
-2248
-2287
-2321
-2224
-1885
-1123
41
1189
1808
1775
1493
1509
2097
3131
4161
4684
4518
3983
3615
3672
3949
4080
3888
3420
2822
2283
2012
2130
2502
2795
2776
2466
2079
1768
1506
1259
1137
1281
1592
1697
1320
645
201
308
808
1292
1534
1628
1714
1725
1544
1315
1318
1418
922
-501
-1947
-1992
-566
548
-260
-2503
-4327
-4934
-5127
-5421
-5053
-3546
-2266
-3012
-5337
-6759
-5876
-3998
-3071
-3063
-2553
-1206
-305
-743
-1713
-1845
-864
505
1684
2559
2949
2462
1100
-360
-922
-271
885
1404
662
-929
-2409
-3215
-3433
-3319
-2960
-2479
-2276
-2645
-3351
-3889
-4011
-3779
-3173
-2085
-692
389
620
181
-111
504
2013
3723
4933
5403
5315
4929
4517
4378
4631
4950
4818
4120
3301
2818
2663
2540
2344
2228
2275
2337
2237
1981
1736
1620
1617
1639
1686
1791
1894
1821
1526
1258
1372
1888
2426
2591
2334
1931
1577
1169
441
-532
-1145
-868
1
504
41
-1086
-2313
-3485
-4425
-4436
-3079
-1324
-892
-2239
-4046
-4873
-4677
-4248
-3784
-2953
-1943
-1509
-1924
-2521
-2588
-2183
-1801
-1533
-959
89
1067
1155
124
-1295
-2017
-1566
-437
465
605
11
-1035
-2200
-3070
-3252
-2696
-1854
-1358
-1514
-2108
-2704
-3070
-3215
-3132
-2664
-1755
-739
-141
-179
-516
-556
53
1195
2483
3523
4039
3986
3564
3143
3008
3145
3347
3428
3308
2985
2508
1971
1496
1202
1167
1414
1883
2370
2596
2390
1894
1476
1389
1570
1836
2068
2186
2124
1951
1906
2087
2289
2277
2086
1805
1266
398
-339
-295
438
994
781
63
-655
-1372
-2195
-2604
-1936
-528
332
-120
-1277
-2015
-2043
-1880
-1797
-1493
-836
-325
-457
-1041
-1449
-1424
-1289
-1304
-1281
-942
-448
-335
-882
-1773
-2353
-2287
-1790
-1287
-1069
-1216
-1752
-2592
-3376
-3643
-3209
-2380
-1704
-1465
-1566
-1813
-2135
-2445
-2491
-2053
-1248
-454
35
206
162
32
10
335
1083
1946
2459
2397
1943
1456
1106
908
890
1102
1408
1487
1202
706
231
-73
-69
363
1137
1930
2378
2388
2143
1864
1696
1765
2134
2644
2961
2874
2530
2272
2201
2136
1940
1725
1548
1197
504
-177
-233
337
824
635
-13
-570
-955
-1413
-1787
-1533
-678
-65
-336
-1097
-1481
-1289
-1069
-1145
-1210
-934
-515
-366
-519
-653
-614
-538
-539
-534
-439
-356
-416
-594
-742
-758
-675
-586
-576
-719
-1016
-1419
-1827
-2140
-2263
-2109
-1715
-1274
-1012
-1034
-1244
-1467
-1541
-1321
-813
-162
426
825
1034
1090
1080
1130
1377
1808
2217
2360
2153
1732
1271
919
679
550
515
445
233
-140
-543
-891
-1097
-1048
-711
-194
249
492
590
643
699
787
1013
1402
1801
1968
1837
1607
1503
1547
1549
1421
1203
968
666
245
-118
-185
49
256
174
-152
-508
-848
-1218
-1516
-1529
-1283
-1094
-1182
-1427
-1568
-1578
-1631
-1784
-1894
-1855
-1709
-1530
-1321
-1078
-850
-719
-643
-560
-486
-435
-381
-255
-43
160
230
102
-191
-547
-844
-999
-1041
-1054
-1096
-1131
-1103
-1000
-865
-716
-508
-220
125
521
979
1471
1923
2260
2483
2672
2889
3120
3280
3311
3230
3064
2818
2501
2167
1879
1627
1344
993
597
206
-139
-455
-727
-894
-920
-831
-733
-691
-667
-610
-517
-421
-322
-171
47
255
355
325
227
157
119
94
80
60
12
-102
-270
-423
-534
-616
-705
-801
-870
-921
-983
-1081
-1209
-1346
-1512
-1692
-1844
-1936
-1976
-2003
-2026
-2054
-2095
-2153
-2213
-2233
-2207
-2138
-2044
-1912
-1732
-1502
-1252
-1006
-783
-606
-465
-356
-237
-90
77
235
346
390
377
328
281
260
280
347
440
552
668
797
949
1124
1349
1632
1971
2325
2643
2896
3074
3183
3236
3258
3292
3342
3346
3259
3083
2849
2594
2324
2035
1756
1516
1315
1135
945
747
564
393
229
102
11
-40
-58
-83
-103
-111
-117
-152
-240
-340
-401
-415
-424
-466
-537
-615
-688
-761
-828
-876
-912
-957
-1023
-1097
-1174
-1256
-1355
-1457
-1528
-1576
-1636
-1741
-1889
-2051
-2195
-2317
-2395
-2427
-2433
-2443
-2464
-2460
-2423
-2361
-2286
-2201
-2104
-2022
-1971
-1927
-1860
-1751
-1594
-1426
-1254
-1114
-1015
-945
-871
-779
-640
-448
-198
79
327
527
689
833
964
1100
1265
1467
1666
1842
1996
2147
2287
2391
2474
2551
2631
2700
2728
2732
2717
2656
2577
2518
2477
2427
2326
2204
2088
1979
1868
1737
1620
1535
1459
1337
1194
1062
939
800
619
453
321
214
115
19
-56
-121
-207
-318
-418
-470
-488
-519
-569
-638
-710
-776
-832
-888
-948
-1016
-1084
-1140
-1193
-1233
-1272
-1311
-1353
-1390
-1402
-1400
-1430
-1517
-1619
-1687
-1705
-1709
-1694
-1648
-1586
-1561
-1580
-1574
-1511
-1441
-1389
-1348
-1290
-1226
-1227
-1265
-1285
-1280
-1274
-1267
-1220
-1093
-961
-862
-752
-592
-390
-168
70
331
582
773
914
1064
1224
1342
1405
1434
1466
1499
1504
1493
1498
1490
1442
1411
1408
1427
1428
1407
1416
1432
1451
1488
1508
1500
1463
1396
1327
1283
1219
1126
1000
838
664
475
302
153
13
-114
-216
-285
-315
-311
-297
-276
-244
-198
-145
-100
-51
-20
-24
-54
-95
-128
-163
-211
-264
-314
-342
-356
-369
-366
-364
-393
-445
-487
-519
-542
-576
-622
-652
-668
-699
-736
-748
-745
-743
-746
-734
-690
-651
-644
-658
-692
-741
-802
-865
-900
-903
-901
-905
-890
-844
-780
-697
-592
-478
-343
-193
-26
154
313
431
527
600
675
770
875
968
1026
1044
1058
1094
1120
1116
1098
1086
1065
1029
996
976
933
855
758
676
630
579
486
382
273
160
47
-68
-175
-300
-452
-593
-697
-769
-807
-828
-837
-831
-810
-758
-681
-588
-490
-412
-338
-239
-153
-95
-63
-38
-15
-8
-9
7
36
53
30
-22
-41
-35
-44
-71
-95
-92
-86
-104
-131
-132
-107
-91
-102
-118
-92
-30
-1
-1
-10
-4
2
-25
-71
-87
-78
-94
-141
-190
-180
-134
-99
-93
-93
-53
13
74
141
220
298
358
378
405
462
530
583
600
616
665
731
774
771
749
727
725
726
730
720
676
610
512
411
323
252
197
123
17
-84
-164
-221
-301
-411
-501
-533
-550
-604
-689
-760
-805
-861
-936
-1002
-1010
-989
-1013
-1094
-1152
-1147
-1111
-1107
-1117
-1070
-962
-869
-840
-827
-753
-627
-523
-457
-387
-271
-148
-83
-69
-32
54
127
155
175
239
329
370
351
337
383
464
521
542
561
594
621
625
630
659
704
726
707
697
724
749
746
722
713
736
763
769
758
745
709
674
653
679
709
705
659
603
588
587
580
562
554
544
526
487
458
448
418
350
267
232
227
206
121
4
-76
-124
-192
-283
-355
-398
-445
-538
-635
-685
-691
-710
-780
-839
-836
-813
-828
-886
-911
-868
-822
-836
-875
-875
-838
-829
-871
-902
-870
-806
-783
-801
-797
-748
-696
-699
-709
-643
-524
-421
-392
-380
-320
-232
-181
-171
-125
-38
44
77
88
140
215
251
238
243
308
400
454
457
463
496
530
538
536
548
569
563
529
516
537
555
531
472
433
445
468
466
456
458
462
448
429
418
434
443
419
381
362
371
366
342
314
300
295
275
249
234
239
248
227
197
176
162
135
92
54
26
-2
-47
-111
-160
-189
-220
-265
-295
-307
-311
-318
-336
-343
-324
-286
-257
-235
-213
-195
-192
-197
-195
-181
-158
-152
-170
-193
-207
-229
-257
-287
-313
-316
-308
-299
-294
-301
-313
-328
-329
-316
-285
-230
-187
-165
-163
-148
-123
-96
-57
-35
-7
19
39
54
59
72
80
81
60
30
28
26
12
-14
-37
-55
-94
-137
-168
-185
-188
-183
-182
-174
-166
-155
-147
-140
-122
-84
-32
2
18
40
59
68
76
94
121
145
163
175
199
245
275
285
304
320
342
387
434
459
459
443
407
376
377
390
380
349
309
255
211
193
184
184
202
218
221
233
247
236
228
249
275
304
316
296
244
182
130
89
68
45
6
-45
-96
-138
-183
-213
-225
-238
-244
-219
-199
-197
-189
-196
-203
-195
-176
-157
-140
-139
-154
-180
-184
-184
-194
-202
-223
-250
-279
-292
-304
-312
-325
-333
-370
-414
-439
-456
-449
-444
-437
-439
-447
-466
-476
-468
-448
-412
-373
-339
-305
-279
-260
-225
-190
-145
-84
-28
18
55
84
114
140
160
192
221
242
267
286
307
330
338
332
337
348
368
414
441
434
422
407
398
408
439
456
455
447
426
403
389
392
391
386
381
365
342
323
295
250
214
190
177
154
124
81
18
-35
-65
-77
-85
-90
-108
-135
-148
-155
-159
-155
-147
-160
-163
-148
-146
-146
-154
-168
-170
-166
-158
-146
-151
-163
-169
-172
-164
-158
-162
-173
-204
-228
-241
-240
-234
-240
-261
-298
-338
-359
-355
-341
-322
-317
-322
-319
-328
-324
-304
-285
-255
-229
-211
-182
-155
-132
-108
-85
-64
-45
-19
7
27
42
55
64
66
75
85
105
129
147
160
171
174
171
173
193
215
242
273
282
286
293
295
309
335
359
364
364
353
335
330
325
318
299
273
242
212
189
169
143
109
76
50
26
16
12
4
-8
-25
-37
-38
-39
-27
-20
-18
-18
-27
-25
-18
-3
10
20
14
7
3
7
20
28
29
10
-15
-39
-58
-69
-75
-83
-106
-142
-180
-212
-223
-216
-209
-210
-226
-246
-260
-266
-266
-250
-238
-229
-220
-217
-202
-183
-157
-132
-117
-103
-90
-84
-70
-56
-48
-47
-46
-44
-36
-24
-4
10
20
25
22
19
17
23
36
51
72
83
90
97
102
114
130
156
176
184
182
179
175
181
186
189
186
176
165
148
135
131
119
102
77
53
38
29
29
24
16
-5
-24
-36
-41
-35
-32
-34
-34
-42
-52
-43
-31
-24
-17
-15
-22
-21
-14
1
9
10
-1
-10
-16
-17
-5
-4
-15
-34
-54
-71
-71
-60
-47
-45
-52
-62
-71
-74
-73
-62
-53
-55
-63
-66
-61
-53
-44
-34
-29
-23
-19
-15
-9
-4
-5
-5
-11
-13
-10
-2
4
10
18
17
19
15
12
8
7
3
9
9
8
7
2
4
6
11
19
28
36
37
37
36
40
39
44
47
44
45
46
46
45
45
43
33
26
21
19
20
14
8
-1
-9
-13
-20
-20
-20
-19
-24
-32
-34
-37
-40
-38
-35
-32
-28
-22
-17
-14
-10
-12
-16
-14
-11
-3
3
4
0
3
4
1
7
17
20
24
24
22
17
19
22
23
25
22
21
22
24
23
21
18
20
21
19
20
21
20
16
13
12
11
11
14
13
13
13
13
11
6
8
7
7
6
6
3
2
-2
-5
-10
-13
-12
-8
-4
-3
-5
-6
-8
-15
-21
-23
-24
-20
-19
-25
-27
-24
-22
-23
-21
-17
-12
-12
-8
-14
-15
-16
-20
-17
-18
-16
-14
-12
-8
-4
-6
-11
-15
-21
-14
-17
-21
-25
-28
-23
-26
-22
-23
-22
-18
-15
-14
-20
-23
-23
-21
-21
-18
-15
-8
-5
-2
-1
0
7
6
7
9
10
14
16
19
21
23
21
26
33
35
35
39
40
43
40
40
39
39
42
37
39
40
41
40
35
35
32
28
28
26
25
22
16
13
16
16
11
18
17
15
15
9
7
6
3
0
-3
-5
-9
-9
-10
-15
-18
-21
-22
-22
-20
-22
-20
-22
-24
-24
-28
-26
-26
-23
-21
-24
-23
-27
-27
-22
-21
-19
-20
-21
-17
-17
-21
-26
-23
-21
-17
-20
-19
-16
-16
-12
-12
-14
-13
-12
-12
-9
-8
-9
-8
-6
-10
-6
-2
3
6
8
10
7
8
9
10
9
9
13
15
16
12
16
20
18
19
17
15
15
14
13
10
14
13
12
14
11
12
16
12
12
16
15
14
15
15
11
16
14
14
18
17
16
14
9
12
13
17
12
8
11
6
5
5
6
9
6
5
2
1
0
-4
-3
-8
-10
-13
-15
-17
-22
-24
-23
-25
-26
-28
-28
-28
-28
-24
-23
-20
-19
-19
-13
-8
-10
-11
-8
-5
-3
-5
-5
-6
-8
-8
-5
-7
-7
-3
-2
1
4
1
3
5
6
4
4
3
6
5
3
5
6
6
6
3
2
5
2
6
6
4
7
5
6
4
5
6
4
7
6
9
9
7
8
10
11
5
8
5
3
7
2
5
1
3
2
-2
-1
-4
-4
-3
-4
-3
-3
-4
-3
-3
3
1
1
2
3
5
2
2
3
6
9
8
10
7
4
7
6
7
5
5
7
4
2
1
1
2
1
-3
-5
-5
-3
-8
-11
-12
-17
-18
-18
-18
-21
-21
-17
-16
-15
-13
-9
-4
-3
-2
4
7
6
9
9
10
6
6
7
2
