0
-2
0
1
0
0
0
1
1
0
0
0
-1
-1
-1
1
2
0
-1
0
0
1
1
0
0
0
0
-1
0
1
1
-1
0
3
2
-3
-2
-2
0
-1
-2
0
1
-1
-2
-1
-1
-1
-1
-1
0
0
-1
1
0
0
1
0
0
0
1
1
0
0
-1
0
0
0
1
0
-2
-2
-1
1
2
1
0
-1
-2
-1
0
0
0
0
2
1
0
0
0
0
-1
0
1
2
2
0
-1
-3
-1
0
2
1
1
1
1
0
-2
0
1
2
1
-2
-2
0
-2
-1
1
3
3
0
2
1
0
-2
-2
1
2
2
0
0
0
-4
-4
-1
2
3
0
0
0
1
-4
-3
-2
1
2
0
-1
0
-2
-4
0
1
2
0
-1
0
-1
-1
-4
-1
2
3
1
-1
-1
-2
-1
0
2
4
2
0
1
1
-1
0
2
3
3
0
-3
-1
-1
-1
-1
1
5
2
-1
-2
-1
-2
-3
0
3
3
1
-1
0
0
-2
-2
1
1
2
1
-2
-1
-2
1
3
4
5
2
-1
-2
-1
0
1
0
0
2
1
-2
-3
-1
1
1
2
3
2
0
-2
-2
1
2
1
1
1
1
0
-2
0
0
1
-2
-1
0
0
-3
-2
1
1
-1
-2
1
0
-2
-1
2
1
-1
-2
-2
1
1
-2
-2
0
1
0
-3
0
2
1
-2
-1
2
1
-3
-3
1
2
0
-1
3
2
-2
-3
-2
1
1
-1
1
1
2
-1
-2
1
2
1
-1
-1
2
-1
-2
0
1
2
0
-1
1
1
0
-3
-1
3
1
-1
-1
-1
0
-3
-3
-1
2
1
-2
0
2
1
-2
-1
0
3
1
-1
1
0
0
-3
-2
1
1
1
-1
-1
1
-1
-3
0
1
1
-1
-2
1
0
1
-1
0
3
0
-1
-1
1
0
1
0
0
0
0
0
1
1
0
-1
1
1
-1
0
0
1
2
1
-1
0
1
1
1
1
1
1
0
-1
-3
-1
1
0
-2
-2
-1
1
0
-1
0
1
1
-1
1
0
0
-1
-1
2
1
0
0
1
1
-1
-2
0
0
-1
0
0
1
1
0
-2
0
-1
-1
-1
-1
-1
0
-1
-2
0
0
-1
0
1
1
1
0
0
1
1
1
1
2
0
0
0
0
0
-1
-1
1
1
0
0
1
0
1
0
0
1
0
1
1
2
2
1
1
1
0
0
0
0
-1
0
0
-1
-1
-1
1
1
-1
0
0
0
0
1
-1
-1
0
0
-1
0
0
0
-1
2
1
1
0
0
2
2
2
1
0
-2
-1
1
1
0
0
1
0
-1
0
1
1
-1
-2
0
-2
-1
0
-1
0
-1
-2
0
0
1
1
-2
0
0
0
-1
-1
-1
-1
-2
-1
1
0
1
1
0
-1
0
0
-1
-1
1
0
-2
-3
-2
0
1
0
0
-1
-2
0
-1
1
1
1
1
0
0
-1
0
-1
0
-1
1
1
0
-2
0
2
1
2
1
1
0
-1
-1
-1
-1
1
1
2
0
-2
-3
-1
1
2
2
0
-1
-1
-1
-2
1
1
2
1
0
-1
-2
-1
1
-1
-2
-1
0
0
0
0
2
0
0
0
1
0
-1
-1
0
0
0
1
1
1
0
-1
-2
-1
0
2
2
0
0
-2
-1
0
0
1
1
2
-1
-1
1
-1
0
0
1
0
-2
-1
-1
-1
0
0
0
0
0
0
-2
-2
-2
-1
1
0
2
1
0
-1
-1
-1
-1
1
1
1
2
1
0
-1
-1
-1
0
2
1
-1
-1
-2
0
0
0
2
0
-1
0
-1
0
-2
0
1
0
0
-1
0
0
1
2
1
1
-1
-1
0
1
1
1
1
-2
-1
0
-1
-2
0
-1
0
0
0
-1
0
-1
0
1
-1
-2
1
0
-1
2
2
-1
1
-2
-1
1
-2
2
3
-3
-3
4
-2
-4
1
2
3
0
-2
2
2
-5
0
5
0
-2
-2
1
0
-5
1
7
-1
1
2
-3
-2
-4
3
9
-4
-3
6
-3
-5
-1
3
9
-4
-5
9
0
-10
-2
4
6
-4
-6
10
3
-10
-2
5
-1
1
-2
1
5
-6
-4
7
-1
-2
10
-7
-8
9
-2
-3
0
-6
9
5
-19
3
18
-7
-10
1
4
6
-7
-11
12
13
-14
-6
11
-3
2
0
-10
18
7
-21
5
3
-6
10
-14
-3
23
-20
-9
16
-11
7
3
-14
20
-3
-19
18
-6
-10
15
-3
0
3
-10
12
2
-21
12
14
-15
-2
2
-1
7
-14
-4
25
-8
-16
16
-3
-6
3
-7
13
3
-20
12
5
-11
2
-2
8
2
-19
10
8
-10
-1
-6
18
6
-34
20
16
-21
8
-12
12
25
-46
11
36
-38
12
6
-18
34
-29
-10
45
-45
7
41
-50
9
23
-18
19
-38
-4
71
-48
-46
58
22
-32
-34
19
56
-28
-66
31
77
-37
-82
57
56
-46
-21
-6
47
32
-98
17
81
-63
1
17
-37
54
-14
-42
42
-30
16
39
-77
9
62
-13
-33
-32
62
49
-93
-15
66
20
-27
-78
52
95
-97
-39
67
7
3
-52
-11
96
-42
-59
57
-7
4
1
-43
46
5
-50
36
-1
-22
32
-22
-5
25
-24
9
8
-18
12
3
-4
1
-1
5
-8
7
3
-21
23
7
-39
36
-3
-28
42
-37
-7
56
-63
8
58
-70
31
24
-71
72
-7
-75
96
-30
-57
93
-58
-22
78
-67
8
46
-64
47
21
-89
62
31
-68
28
-2
-11
47
-51
-40
99
-18
-76
46
14
-6
11
-55
24
67
-68
-21
45
-2
6
-20
-29
60
-1
-50
13
17
15
-14
-28
12
36
-21
-30
17
25
-16
-21
8
21
10
-48
15
52
-57
-2
41
-41
37
-8
-51
75
-9
-72
59
11
-27
8
-33
62
-7
-73
74
-15
-42
85
-87
-23
162
-130
-66
179
-83
-63
107
-71
2
93
-128
8
149
-134
-32
129
-66
-2
9
-55
126
-51
-123
145
14
-106
48
-13
28
36
-122
56
77
-50
-61
27
90
-68
-72
123
-47
-57
142
-159
31
175
-223
27
184
-167
-13
128
-98
13
55
-80
32
51
-37
-54
45
74
-88
-50
101
21
-101
26
38
-9
-3
-20
-2
32
34
-105
20
120
-90
-86
141
2
-128
84
32
-73
57
-19
-74
145
-56
-133
166
-6
-124
107
-36
-39
128
-149
25
110
-117
53
-6
-59
107
-33
-104
100
10
-47
15
-41
68
7
-68
2
47
35
-90
-14
107
-12
-111
89
18
-69
73
-90
62
52
-119
45
51
-48
-15
30
-29
63
-68
-7
73
-51
-12
20
47
-82
41
48
-66
-26
117
-83
-56
190
-186
46
104
-105
-4
80
-60
-28
142
-168
47
78
-85
14
25
-18
-9
89
-156
46
144
-153
-6
82
0
-103
157
-61
-200
310
-59
-264
227
103
-321
233
41
-317
356
-96
-238
258
32
-237
128
123
-246
83
169
-197
-17
177
-162
20
152
-218
12
242
-186
-172
355
-72
-291
266
4
-173
185
-135
-37
351
-446
94
309
-261
1
-4
88
62
-108
-198
361
-39
-253
110
34
96
-108
-99
97
118
-172
62
43
-143
227
-71
-131
100
-28
171
-110
-211
214
270
-453
139
68
-13
184
-356
43
365
-121
-385
365
-105
105
-134
-162
389
-161
-212
270
-133
-69
323
-501
269
261
-492
288
-11
-221
395
-394
40
362
-354
57
182
-265
255
-49
-429
655
-219
-318
412
-160
-103
237
-193
-111
420
-302
-144
265
58
-211
-43
143
-26
50
-162
54
170
-133
-162
239
-24
-118
126
-103
7
203
-298
136
91
-143
45
28
-58
57
26
-215
269
-29
-257
207
105
-249
94
-11
39
97
-224
95
186
-209
18
99
-103
163
-68
-165
270
-46
-178
192
-55
-78
190
-137
-42
203
-139
-124
350
-266
-204
603
-404
-167
421
-237
46
-26
-71
159
-78
-103
75
66
-64
0
-112
184
-59
-180
217
-93
140
-317
267
99
-399
246
8
56
-170
175
-210
299
-136
-273
456
-335
217
-171
-3
144
-81
31
-176
109
201
-277
101
84
-235
248
21
-292
106
376
-436
138
-51
54
241
-358
26
101
286
-554
237
54
-82
251
-512
263
241
-234
-153
212
-40
107
-125
-91
160
45
23
-408
371
222
-402
-8
257
-117
78
-99
-233
541
-217
-341
277
168
-183
-122
136
106
-42
-172
57
169
90
-399
125
366
-289
-103
41
142
189
-488
-21
728
-552
-303
597
-267
-4
34
-198
375
-205
-146
55
294
-154
-362
416
262
-660
125
576
-557
197
-20
-176
494
-323
-500
764
65
-786
391
322
-317
-138
214
25
-48
-78
96
-15
-4
-38
-85
424
-443
-47
571
-310
-392
503
10
-354
281
-162
24
237
-397
9
468
-319
-274
531
-101
-415
344
-14
-202
314
-271
-102
533
-341
-252
461
-186
69
29
-212
168
42
-241
143
-1
-229
468
-255
-224
277
64
-229
98
75
-151
157
-44
-92
39
122
-232
343
-76
-366
434
2
-323
53
286
-350
348
-236
-176
469
-237
-206
251
79
-283
207
-100
65
-113
1
170
-83
-139
150
161
-331
226
-43
27
12
-41
-31
-20
171
-186
-21
71
195
-238
-85
317
-195
-19
92
-160
186
-105
-111
327
-413
256
116
-302
226
-28
-123
245
-264
-22
354
-405
234
-5
-254
427
-156
-431
640
-190
-386
541
-422
184
179
-586
584
-123
-349
526
-285
-138
403
-159
-445
807
-648
164
327
-533
348
-64
83
-324
436
-261
0
157
-196
37
7
190
-498
544
-224
-206
469
-410
181
1
-18
42
-135
86
60
-64
-181
456
-323
-145
567
-548
192
210
-463
315
165
-442
109
337
-250
-241
537
-423
227
-110
69
-92
47
91
-156
-4
174
-10
-516
1029
-894
109
573
-503
-36
208
108
-357
269
-26
-292
441
-167
-246
269
31
-110
-64
49
161
-116
-165
438
-583
322
376
-809
436
237
-340
59
6
-83
421
-531
159
221
-362
382
-253
23
-91
487
-425
-322
621
77
-754
620
-134
-247
558
-641
200
371
-387
22
191
-420
866
-881
72
823
-953
315
408
-686
468
67
-529
630
-372
-4
295
-312
4
307
-366
142
156
-243
58
-14
404
-653
178
633
-737
52
393
-71
-344
275
-81
132
-163
-162
625
-635
103
432
-504
19
542
-402
-409
842
-190
-826
900
50
-719
281
575
-775
29
863
-894
126
383
-37
-526
383
242
-450
138
99
-18
-215
301
-65
-360
448
161
-868
644
347
-760
72
685
-448
-466
957
-687
159
111
-76
-88
69
194
-451
379
-20
-113
-238
577
-288
-405
616
-50
-329
-204
941
-692
-378
1031
-752
122
367
-577
299
436
-930
511
311
-634
474
-377
354
-210
161
-298
206
405
-933
638
136
-433
89
240
-175
-12
47
-28
50
-5
-140
152
31
-228
351
-245
-28
156
22
-244
224
-24
-173
503
-885
796
-166
-407
541
-371
66
215
-77
-499
817
-372
-253
363
-83
-108
224
-244
35
174
-115
-10
-46
63
73
14
-550
933
-626
93
16
76
40
-200
29
250
-92
-456
749
-665
422
-92
-127
-148
618
-351
-645
1028
-202
-514
22
834
-835
264
152
-371
481
-206
-265
183
477
-781
261
470
-683
250
337
-343
-469
1280
-967
-285
1045
-535
-559
1068
-543
-604
1426
-1160
135
476
-90
-696
913
-425
-332
918
-839
142
413
-119
-806
1250
-705
-206
647
-379
-97
147
331
-803
634
186
-922
881
-205
-377
422
-108
-212
303
-40
-482
715
-166
-608
617
118
-677
436
306
-723
342
502
-907
294
711
-981
383
343
-593
377
40
-205
-97
442
-352
-37
237
-42
-294
346
90
-671
561
392
-919
-39
1526
-1704
116
1761
-2067
413
1562
-1794
42
1725
-1672
246
830
-776
162
166
60
-426
465
-240
212
-301
16
686
-1031
426
602
-951
172
872
-918
-287
1377
-1013
-294
1110
-829
81
305
-43
-508
560
366
-1542
1453
-52
-1091
790
330
-901
417
723
-1516
1129
348
-1485
848
860
-1685
898
560
-1538
1523
-496
-1026
1809
-1015
-615
1711
-1537
218
1357
-1724
374
1288
-1551
392
714
-1056
793
23
-926
911
147
-820
395
227
-149
-106
-57
188
-65
231
-629
351
745
-1411
905
250
-982
915
-266
-559
784
-16
-1121
1286
-196
-1115
1225
-208
-615
323
606
-1017
499
437
-995
684
171
-551
-65
689
-206
-711
503
611
-957
-43
1222
-1289
240
1077
-1580
514
1187
-1615
137
1414
-1356
-105
1305
-1168
-52
1252
-1218
157
739
-636
51
296
-237
-24
404
-608
462
-119
-143
358
-305
-2
390
-227
-348
598
-277
-429
754
-319
-674
1199
-570
-701
1217
-459
-669
1194
-680
-262
830
-566
-157
438
72
-685
570
133
-522
103
483
-418
-279
812
-606
-177
688
-383
-440
789
-392
-239
441
-299
-2
179
-103
-225
324
-82
97
-450
344
424
-750
153
354
50
-433
183
154
38
-185
59
100
-189
551
-852
284
623
-730
-142
562
-54
-510
368
34
-92
61
30
-233
420
-37
-436
311
321
-501
330
-304
242
238
-617
245
267
-207
-197
404
-405
307
-43
-371
405
86
-501
228
495
-856
295
460
-757
466
-137
-163
447
-315
-282
343
412
-871
228
599
-359
-360
535
-175
-64
82
-190
185
49
-194
-110
409
-282
-144
163
56
-135
129
-305
636
-388
-235
572
-395
283
-233
108
269
-124
-417
771
-555
-31
482
-530
352
31
-133
-141
629
-723
195
421
-307
-111
70
410
-518
-35
178
394
-819
305
471
-755
529
-316
-7
106
190
-607
270
474
-552
-255
591
123
-904
586
282
-676
298
272
-623
448
217
-898
666
305
-862
245
910
-1009
47
908
-771
-102
666
-316
-350
927
-771
127
496
-513
-236
713
-127
-725
870
-42
-570
153
501
-778
552
10
-580
808
-350
-564
699
-143
-507
744
-565
226
243
-571
194
383
-422
-155
738
-589
-34
409
-287
-146
442
-342
-54
434
-546
193
61
50
-334
316
-18
-253
278
-278
174
46
82
-420
497
-45
-337
194
235
-152
-108
451
-477
107
471
-499
-298
1169
-764
-372
1006
-508
-353
608
-183
-428
672
-187
-379
412
-13
-275
67
145
-138
65
95
-322
355
-219
-73
-17
215
-150
-114
277
-363
319
-256
-110
304
45
-538
587
-71
-485
501
-116
-363
674
-262
-568
1067
-617
-240
694
-443
-80
483
-635
324
205
-630
482
-39
-292
123
78
-210
61
-1
-92
153
-101
-248
379
-10
-493
499
20
-467
539
-218
-162
424
-243
-164
385
-100
-362
557
-106
-460
639
-107
-613
770
-163
-333
443
-97
-98
164
-74
73
70
-33
250
-304
298
52
-310
368
22
-274
452
-149
-325
661
-469
-91
469
-269
-104
384
-337
21
113
-104
13
-144
363
-425
123
202
-455
60
348
-744
242
544
-997
342
121
-307
-253
147
-2
-170
-4
-135
20
-85
-61
-336
421
99
-428
-24
465
-266
-363
532
30
-29
-14
22
82
86
-174
200
408
-204
149
-64
138
141
-193
209
363
9
-299
425
13
-75
313
-21
227
279
-247
138
496
-376
183
371
-172
132
112
-79
117
10
-228
326
27
-219
211
-23
-113
-53
-170
222
20
-442
318
30
-486
20
-51
-171
-33
-211
-134
118
-237
-310
-163
-51
-103
-185
19
137
-78
-248
13
-26
-15
-4
19
-21
-247
-9
-43
-206
-21
25
-183
-93
-101
-287
51
-71
-241
37
48
-67
-68
-2
-148
24
-38
-135
123
-132
-36
116
-31
-67
98
-6
17
78
20
218
81
92
94
98
-82
-85
-34
27
211
-41
2
186
-42
-229
180
-8
-136
122
-65
-76
114
-1
-136
118
12
53
112
95
122
55
79
178
199
188
479
347
282
369
328
210
248
305
70
128
137
68
-19
36
-123
-232
-237
-322
-268
-419
-441
-266
-234
-239
-17
-200
-164
54
-79
74
135
14
38
21
-83
-4
-33
24
-24
-176
-150
-190
-252
-441
-344
-363
-538
-389
-394
-459
-314
-315
-375
-257
-284
-159
-67
-61
55
16
69
78
95
43
82
109
10
39
48
-103
-83
26
-126
23
119
205
217
209
239
294
382
464
667
762
841
866
997
1003
1138
1146
1272
1625
1692
1806
1925
1898
1790
1818
1588
1589
1613
1443
1332
1128
928
627
216
-155
-193
-431
-716
-927
-1261
-1573
-1793
-1864
-2135
-2254
-2282
-2293
-2193
-2219
-2210
-2033
-2008
-2027
-1790
-1541
-1137
-1156
-1176
-788
-687
-757
-651
-454
-438
-430
-374
-243
-265
-306
-361
-365
-377
-468
-362
-361
-469
-685
-763
-613
-774
-1039
-980
-953
-939
-930
-805
-497
-437
-377
-207
-96
168
536
810
1205
1465
1634
1753
1935
2269
2642
2971
3036
3186
3281
3401
3471
3375
3363
3538
3719
3859
4017
3990
4006
3812
3543
3698
3954
3813
1829
-1557
-4417
-4462
-2493
-930
-1423
-2965
-3937
-5244
-6809
-7423
-5772
-3846
-3322
-3248
-1413
409
-274
-2626
-3112
-1081
1099
2390
3489
4369
3480
1767
1149
1936
2130
1637
1608
2417
2606
1262
-644
-2143
-3316
-4238
-4132
-3260
-2758
-3433
-4281
-4554
-4655
-5182
-5423
-4498
-2761
-1293
-726
-511
-278
-219
-612
-355
893
2150
2868
3272
3548
3181
2197
1152
700
787
1281
1833
1955
1370
186
-1055
-1940
-1984
-1721
-1410
-933
-429
-487
-1265
-2003
-2132
-1539
-845
-21
893
1382
1171
730
477
362
682
1236
2005
2560
2435
1972
1682
1247
866
958
1423
2077
2367
2310
2095
1808
1595
1896
2235
2316
2853
3791
4213
3895
3518
4061
4793
4640
3723
3464
3432
2688
50
-3882
-6094
-4603
-828
-62
-3115
-6397
-6151
-5688
-7666
-9020
-5556
-849
-939
-3740
-2727
2034
2931
-1479
-3773
994
6675
7418
4832
4268
5034
4065
1926
1864
3674
3909
1892
-146
-148
39
-2030
-5871
-7880
-6810
-4464
-3498
-4160
-5242
-5771
-5830
-5681
-4836
-3267
-1377
-112
804
1852
2874
2701
1578
1119
2334
4280
5313
5071
4110
3285
2327
657
-1114
-1946
-1937
-1972
-2410
-2822
-3199
-4423
-5820
-6016
-4833
-3573
-2821
-1999
-939
-283
-591
-874
-395
567
1629
2759
3333
3142
2401
1737
1349
987
732
748
922
1026
681
-6
-638
-1138
-1136
-747
52
812
988
607
522
931
1532
2068
2775
3701
4390
4853
5120
5360
5243
5321
5807
6555
7015
6760
5561
3841
2336
1253
725
-198
-1948
-4913
-7523
-7632
-5209
-3520
-5122
-8116
-8868
-6941
-5132
-4171
-2345
549
1696
824
1157
4435
7078
6140
4004
4992
8633
10381
8201
4753
3065
2662
2008
929
216
-758
-2961
-5804
-7108
-6773
-6757
-8443
-10327
-9996
-7597
-5663
-5519
-5919
-5532
-3930
-1929
-26
1687
3079
3399
2972
3086
4062
5016
4772
3670
2979
2817
2137
882
-526
-1750
-2829
-3897
-4781
-5465
-5980
-6472
-6558
-6344
-6149
-6037
-5611
-4607
-3224
-2118
-1430
-586
353
1161
1683
2163
2478
2697
2748
2809
2791
2142
961
188
130
338
278
-373
-851
-861
-645
-634
-709
-403
442
1391
2167
2634
2837
3004
3376
4197
5239
6142
6391
6171
6122
6279
6263
5823
5380
5684
6619
7182
7143
6792
6259
4776
2344
640
573
405
-2700
-7543
-9504
-6073
-1345
-1172
-5899
-9485
-8500
-5890
-4737
-3426
552
4243
3731
678
1207
5862
8690
5741
1803
3317
8931
11256
6987
953
-1501
-487
-114
-1374
-2478
-2714
-4106
-7367
-10167
-9968
-8153
-8208
-10229
-10873
-7861
-3491
-1902
-4046
-5930
-4354
-143
3391
4669
4919
5527
5454
4157
3385
4164
5031
3898
1472
416
1561
1855
-537
-4376
-6753
-6619
-5638
-5998
-7048
-7005
-6110
-5728
-6437
-6477
-4904
-2832
-2044
-1329
490
2559
2956
2049
1741
2836
4100
4110
3706
3537
3339
2165
543
-859
-1002
-577
-636
-1184
-1509
-1600
-1829
-2176
-2226
-1105
449
1459
1779
2428
3343
3917
3684
3307
3813
5246
6384
6570
6073
5539
4937
4215
3543
3459
3760
3996
4067
4100
4220
3883
3616
3172
2751
1621
621
-96
-414
-2011
-5212
-7622
-6369
-2162
-33
-1918
-5587
-6105
-4427
-3221
-3159
-799
3156
4838
2620
575
2872
6503
6278
1890
-6
3015
7418
6966
2224
-1972
-2429
-1754
-2469
-3452
-3346
-2847
-4410
-7381
-9141
-7816
-6260
-6642
-8228
-7922
-4593
-723
140
-1954
-3401
-2236
778
3011
3853
4433
5202
4573
2848
1691
1406
685
-1190
-2447
-1557
-18
-745
-3672
-7076
-8789
-8083
-6269
-5070
-4417
-3889
-3657
-3653
-3795
-3400
-2274
-994
51
1712
3623
4488
3534
1638
559
1268
2735
3452
3208
2347
1517
816
-72
-1136
-1514
-1315
-910
-558
-401
-411
-482
-822
-988
105
2000
3511
3969
3900
3880
4170
4201
3998
4332
5399
6471
6527
5810
4833
4182
3562
3149
2998
3503
4475
5117
4851
3808
3302
3449
3700
3177
2983
3005
2353
-411
-4770
-7913
-6802
-2363
579
-530
-4234
-6398
-6330
-5570
-5102
-2908
576
2528
1312
-330
1162
4464
4945
1367
-1203
927
5861
7785
4970
546
-1615
-1869
-1915
-2010
-1504
-1091
-2457
-5367
-7580
-7248
-5985
-6101
-7948
-8806
-6870
-3061
-436
-715
-2851
-4091
-2872
-180
2370
3723
4093
3557
2608
1687
1359
963
-177
-1653
-2187
-1181
203
110
-2496
-6035
-8086
-7188
-4781
-2913
-2304
-2326
-2693
-3148
-3141
-2498
-1362
-340
599
1833
3527
4468
3849
2028
737
1280
3005
4222
4300
3726
2801
1790
603
-256
-355
75
273
395
714
1006
820
20
-720
-413
1078
2613
3424
3355
3066
2923
2953
2963
3391
4132
4598
4752
4872
4917
4540
3793
2805
2604
3255
4024
4012
3650
3394
3497
3353
2612
2061
2078
1971
795
-806
-2164
-2531
-3067
-4524
-6081
-5635
-3537
-2044
-2890
-5096
-5901
-4998
-3894
-3427
-2058
118
1659
905
-593
-395
1638
2799
1691
149
371
2299
3119
1818
-407
-1624
-2102
-2430
-2959
-3141
-3136
-3755
-5200
-6653
-7022
-6532
-5889
-5917
-5939
-5382
-3963
-2563
-2017
-2479
-2705
-1755
-52
1504
2270
2689
2798
2475
1609
1201
1430
1777
1464
750
509
824
672
-763
-2555
-3685
-3508
-2837
-2446
-2440
-2262
-2173
-2368
-2508
-2164
-1111
14
784
1333
2339
3274
3516
2878
2251
2560
3642
4341
4109
3544
3035
2608
1708
560
-108
29
217
67
-150
-183
-66
-196
-576
-646
156
1382
2373
2690
2480
2362
2599
3004
3417
3929
4333
4626
4777
4712
4605
4519
4291
3971
3887
3806
3687
3512
3356
3202
2954
2441
1910
1578
830
-573
-2231
-3088
-2923
-2650
-3544
-4957
-5346
-4506
-3803
-4403
-5439
-5391
-4207
-3438
-3052
-2003
-257
590
-197
-1115
-203
2001
3028
2188
1012
1178
2185
2508
1560
382
-461
-1231
-1968
-2368
-2457
-2817
-3809
-5153
-6069
-6343
-6079
-5529
-4997
-4786
-4740
-4366
-3403
-2378
-1987
-1943
-1288
183
1607
2311
2635
3068
3212
2684
2059
2268
3135
3581
2996
2196
1813
1417
385
-908
-1709
-1922
-2181
-3056
-3845
-3787
-3104
-2744
-2919
-3161
-2751
-1895
-1097
-228
906
1923
2286
2187
2141
2728
3516
3725
3165
2529
2396
2635
2411
1375
285
-282
-420
-461
-444
-404
-337
-407
-564
-539
-242
128
358
368
435
1011
1903
2414
2279
1999
2179
2818
3373
3656
3949
4346
4495
4269
3946
3852
3821
3482
3059
3240
4046
4583
4187
3103
2205
1826
1690
1554
1583
1647
1034
-809
-3341
-4931
-4820
-4138
-4412
-5246
-5287
-4515
-4335
-5077
-5316
-4372
-3414
-3409
-3095
-1179
1326
2169
1177
303
835
1853
2056
1799
2028
2643
2595
1749
918
561
28
-1139
-2368
-2875
-2817
-2920
-3335
-3771
-4161
-4823
-5553
-5710
-5086
-4395
-4141
-3935
-3151
-1983
-1224
-992
-703
-48
541
889
1421
2444
3402
3572
3028
2608
2687
2743
2172
1097
222
-274
-813
-1545
-1913
-1708
-1656
-2487
-3623
-3880
-3164
-2450
-2248
-2062
-1484
-811
-559
-506
-85
600
882
633
527
1092
1840
1782
974
478
715
997
828
591
754
1072
987
645
600
822
853
675
705
1163
1715
1817
1494
1237
1372
1806
2282
2554
2593
2568
2669
2983
3255
3246
3040
2834
2660
2718
3160
3766
4214
4304
4032
3522
3154
3345
4055
4405
3913
2971
1383
-1662
-5296
-6618
-4435
-1327
-815
-2861
-4937
-6190
-7516
-8376
-7015
-3899
-1890
-2516
-3512
-2113
980
2611
1661
87
-79
901
1835
2955
4874
6408
5535
2714
662
927
2034
1969
829
-104
-631
-1414
-2228
-2379
-2266
-3220
-5275
-6717
-6192
-4568
-3511
-3270
-2980
-2568
-2795
-3371
-2941
-1123
563
824
389
791
2043
2930
3023
2972
3178
3219
2748
2162
2044
2299
2370
1877
915
-105
-848
-1479
-2395
-3453
-4011
-3819
-3480
-3651
-4181
-4530
-4655
-4827
-4927
-4536
-3647
-2804
-2435
-2332
-1899
-883
235
709
408
87
510
1565
2544
3030
3087
2816
2233
1655
1664
2394
3079
2771
1483
276
84
597
736
32
-852
-1124
-762
-247
125
305
165
-357
-812
-355
1274
3182
4115
3878
3497
3927
4892
5439
5294
5022
5135
5444
5480
5101
4574
4224
4187
4450
4804
4613
2894
-619
-4402
-5827
-3798
-131
2184
1802
-473
-3246
-5433
-6068
-4723
-2572
-1654
-2515
-3388
-2495
-381
947
584
-613
-1589
-2049
-1718
-75
2498
4308
4097
2741
2152
2810
3525
3433
2992
2776
2437
1674
1150
1500
1963
1100
-1217
-3613
-4967
-5540
-5987
-6213
-5959
-5786
-6468
-7646
-8090
-7371
-6393
-6011
-5931
-5359
-4099
-2517
-889
662
1816
2183
1831
1359
1338
1840
2382
2378
1761
986
451
55
-509
-1256
-1975
-2562
-3027
-3287
-3231
-2960
-2683
-2508
-2363
-2147
-1809
-1387
-1011
-748
-483
-26
611
1184
1480
1515
1428
1342
1323
1358
1358
1201
867
577
640
1089
1529
1488
1006
575
514
695
957
1396
1997
2329
2116
1835
2217
3191
3896
3796
3243
2914
3015
3344
3737
4147
4507
4699
4685
4557
4486
4621
4819
4710
4191
3687
3430
2717
737
-1810
-2931
-1749
264
1045
247
-1174
-2744
-4531
-5797
-5280
-3237
-1754
-2231
-3514
-3518
-1991
-608
-535
-1198
-1549
-1439
-1088
-145
1698
3654
4419
3798
2870
2517
2596
2650
2608
2486
2025
1238
687
698
689
-210
-1952
-3699
-4889
-5613
-5915
-5536
-4639
-4123
-4663
-5722
-6239
-5880
-5240
-4892
-4736
-4386
-3664
-2612
-1327
-29
905
1140
658
-111
-551
-312
438
1182
1553
1608
1558
1453
1178
685
54
-533
-890
-919
-687
-440
-434
-737
-1159
-1466
-1639
-1895
-2326
-2652
-2506
-1883
-1249
-1010
-1113
-1232
-1170
-986
-797
-619
-400
-122
197
623
1199
1831
2247
2199
1793
1486
1704
2407
3157
3546
3536
3381
3329
3432
3570
3570
3295
2832
2496
2617
3249
4078
4625
4674
4423
4275
4467
4852
5064
4925
4568
4163
3494
2153
383
-753
-470
643
1279
883
-63
-1163
-2541
-3909
-4268
-3261
-2058
-2025
-2905
-3193
-2252
-1036
-703
-1196
-1660
-1659
-1356
-767
333
1832
3050
3438
3156
2707
2402
2316
2407
2416
1978
1113
407
319
540
321
-595
-1852
-3129
-4413
-5474
-5716
-4989
-4101
-4084
-4973
-5859
-6048
-5683
-5291
-5101
-4999
-4811
-4367
-3470
-2161
-849
-92
-143
-737
-1316
-1396
-861
3
735
1070
1110
1092
1113
1050
753
257
-220
-470
-481
-417
-402
-438
-531
-731
-1086
-1554
-2004
-2276
-2251
-1972
-1641
-1502
-1565
-1635
-1512
-1179
-836
-639
-525
-345
-34
379
884
1520
2085
2237
1903
1533
1663
2324
3051
3486
3643
3654
3553
3416
3460
3759
4019
3904
3492
3199
3395
4037
4799
5261
5214
4812
4469
4438
4589
4658
4502
3996
2871
1073
-702
-1389
-774
154
235
-626
-1771
-2792
-3684
-4212
-3988
-3309
-3083
-3608
-4041
-3501
-2209
-1086
-621
-711
-1143
-1661
-1667
-651
1038
2387
2843
2771
2684
2548
2205
1929
1958
1858
1078
-54
-617
-335
41
-196
-947
-1808
-2713
-3688
-4303
-4099
-3340
-2843
-2984
-3364
-3491
-3344
-3143
-2945
-2779
-2759
-2876
-2833
-2342
-1556
-914
-694
-862
-1262
-1694
-1896
-1697
-1212
-737
-457
-327
-212
-87
5
45
57
75
142
293
510
728
903
991
911
591
65
-480
-817
-865
-678
-422
-275
-355
-626
-930
-1105
-1080
-890
-598
-310
-154
-155
-153
56
479
911
1170
1251
1296
1419
1729
2358
3316
4339
4983
5047
4810
4703
4880
5282
5843
6484
6906
6787
6239
5794
5746
5744
5267
4211
2790
1130
-597
-1831
-1956
-1212
-721
-1335
-2817
-4418
-5680
-6455
-6511
-5766
-4826
-4506
-4814
-4839
-3968
-2620
-1591
-1128
-986
-963
-892
-305
1189
3157
4541
4708
4089
3521
3349
3381
3411
3347
2999
2223
1264
646
540
521
18
-1094
-2456
-3604
-4246
-4309
-3960
-3570
-3501
-3824
-4261
-4438
-4174
-3583
-2950
-2517
-2291
-2057
-1623
-1012
-415
4
97
-188
-665
-941
-741
-240
167
282
175
-67
-424
-780
-932
-858
-813
-992
-1268
-1343
-1152
-951
-975
-1190
-1417
-1601
-1778
-1873
-1730
-1328
-880
-623
-597
-656
-633
-450
-92
357
773
1028
1089
1090
1236
1635
2102
2282
2004
1461
1088
1226
1853
2629
3183
3363
3247
3096
3218
3808
4706
5428
5649
5468
5284
5414
5783
6139
6249
5955
5041
3261
824
-1348
-2228
-1831
-1174
-1166
-1898
-3077
-4639
-6257
-7090
-6634
-5578
-5161
-5594
-5865
-5158
-3762
-2468
-1530
-838
-512
-620
-541
623
2734
4598
5305
5143
4852
4577
4198
3887
3860
3684
2704
1162
15
-238
-216
-777
-2007
-3493
-4894
-6010
-6399
-5815
-4852
-4498
-5035
-5640
-5459
-4465
-3238
-2268
-1668
-1377
-1099
-397
907
2479
3569
3651
2848
1945
1759
2359
3060
3136
2485
1495
581
-7
-258
-462
-1034
-1997
-2853
-3102
-2789
-2471
-2648
-3306
-3975
-4142
-3677
-2853
-2038
-1475
-1221
-1128
-842
-107
834
1379
1266
983
1252
2218
3268
3677
3370
2816
2472
2487
2889
3692
4563
4856
4313
3621
3667
4445
5085
5070
4866
5114
5752
6079
5723
4999
4280
3564
2850
2516
2552
1771
-1098
-5134
-7393
-6235
-3395
-1973
-3002
-5295
-7690
-9557
-9850
-7645
-4136
-2142
-2775
-4055
-3544
-1279
918
2047
2437
2463
2169
2244
3785
6512
8455
8055
6055
4300
3442
2873
2275
1948
1575
283
-1815
-3336
-3531
-3487
-4625
-6771
-8549
-9223
-9065
-8276
-6800
-5170
-4516
-5072
-5611
-4937
-3171
-1264
269
1437
2314
3137
4192
5335
5890
5531
4682
3901
3449
3408
3725
3784
2893
1112
-697
-1826
-2298
-2515
-2804
-3264
-3785
-4136
-4228
-4191
-4276
-4577
-4814
-4437
-3135
-1437
-401
-441
-928
-983
-353
689
1855
2764
3006
2593
2137
2194
2736
3270
3363
2966
2447
2426
3095
3938
4176
3676
3003
2822
3299
4210
5194
6040
6577
6521
5853
4946
4403
4269
4236
4153
4229
3847
1375
-3640
-8588
-9588
-6272
-2379
-1650
-3929
-7066
-9965
-12146
-11910
-8024
-2917
-656
-2088
-3595
-2204
1097
3299
3481
2986
2991
3729
5179
7561
9848
10255
7951
4520
2150
1490
1759
2044
1775
94
-2873
-5534
-6162
-5593
-6119
-8322
-10305
-10393
-9229
-8094
-7155
-5696
-4299
-4103
-4962
-4936
-2731
489
2787
3505
3664
4030
4516
4483
3955
3652
4094
4638
4086
2693
1655
1239
203
-1729
-3172
-3095
-2356
-2272
-2901
-3615
-3891
-3869
-3889
-4186
-4246
-3344
-1703
-354
253
632
830
499
-94
214
1949
4154
5379
4975
3744
2980
3203
3665
3727
3682
3835
3825
3402
3376
4065
4589
4055
3062
2984
4209
6057
7369
7681
7101
6310
5583
4984
4741
4973
5412
5330
4377
1525
-3763
-9641
-11624
-7876
-2454
-857
-3963
-8140
-11378
-13604
-13813
-9770
-3185
510
-1293
-4579
-3816
483
3669
3237
1945
2500
4511
6194
7634
9436
10011
7631
3278
603
992
2795
3501
2338
-487
-4315
-7388
-8115
-7031
-6865
-8523
-10232
-10066
-8984
-8607
-8452
-7120
-5187
-4734
-5486
-5006
-2051
1313
2963
3060
3027
3277
3223
2803
2561
3188
4368
4923
3826
1816
393
-178
-1017
-2412
-3160
-2750
-2178
-2560
-3515
-4205
-4374
-4470
-4763
-4983
-4551
-3289
-1947
-1098
-562
117
474
76
-320
649
3004
5256
6167
5702
4854
4282
4223
4395
4678
4984
5100
4900
4633
4780
5020
4894
4241
3966
4688
6410
8264
9202
8828
7587
6580
6124
6418
6914
7248
6698
5597
3867
62
-6293
-11897
-11398
-5656
-890
-1860
-6002
-9885
-13262
-16003
-14715
-7706
-363
1162
-2611
-4706
-2219
1709
2706
1693
1816
3800
6039
7607
9360
9889
7293
1952
-1713
-1201
1643
3594
3308
884
-3760
-8722
-10876
-9179
-6897
-6959
-8456
-8476
-6757
-5566
-5898
-6470
-6123
-5620
-5094
-3207
703
4060
4071
1291
-1065
-1167
2
923
1214
1637
2324
2558
1289
-734
-2020
-2199
-2244
-1989
-90
2552
2961
-79
-3511
-4272
-2596
-942
-317
-53
209
-235
-1908
-3626
-3823
-2415
-1146
-747
-194
1320
2431
1531
-543
-1503
-84
2400
4082
4246
3875
3946
4170
4015
3877
4874
6635
8097
8882
9952
11376
12087
11482
10244
9618
9515
9893
10119
10043
8956
6805
2947
-3599
-10933
-13984
-8845
-558
2380
-2903
-10240
-14486
-15770
-14717
-9214
-138
5261
2775
-2773
-2944
1739
4765
2779
578
2695
7544
10698
10248
7834
3666
-1562
-5255
-3630
1968
5838
4311
-1060
-6618
-10404
-11188
-8879
-5607
-4735
-6138
-6669
-4794
-3201
-4351
-6707
-7171
-5249
-2879
-629
1723
2926
640
-3961
-6570
-4915
-1735
-689
-1849
-2980
-2855
-2525
-2834
-3767
-4253
-3854
-2577
-654
1732
3598
3003
-132
-3193
-2931
208
3077
3264
1503
-384
-1716
-2859
-3811
-3689
-2398
-926
-515
-698
-598
-282
-888
-2229
-2388
-273
2852
4377
3790
2536
2329
2983
3566
3949
4892
6677
8186
8778
8991
9878
10740
10510
9551
9270
9860
10018
9287
8195
7407
6315
3038
-3749
-11180
-12595
-5677
2440
2984
-3496
-9655
-12308
-13165
-11245
-3734
5653
8133
2091
-3565
-1596
4276
5864
2539
851
4215
8627
9167
6434
3094
-586
-4693
-5979
-1680
4583
6247
1512
-5283
-9546
-9784
-6692
-2629
-763
-2022
-3515
-2446
-292
-546
-3320
-5089
-3624
-476
2125
3717
3771
300
-6245
-10612
-8389
-2432
259
-2418
-6341
-7664
-6854
-5904
-5313
-4582
-3551
-2445
-1163
552
2363
2667
366
-2678
-2819
648
3964
3449
-218
-3551
-4769
-4539
-3844
-2759
-1600
-1131
-1491
-1759
-1369
-975
-1240
-1396
28
2841
4940
4644
2889
1658
1889
2929
4159
5273
6052
6340
6164
6179
6896
8480
9594
9315
8316
8160
8731
8280
6775
5626
5513
3566
-2527
-9817
-10909
-3525
4051
3030
-4601
-9523
-9557
-8722
-6907
254
9216
10287
2626
-2832
952
7189
7326
2954
2238
6296
9076
6567
1793
-1478
-3875
-6031
-5394
-232
4559
3153
-3633
-9450
-10248
-7032
-2650
396
750
-741
-1574
-865
-445
-1700
-3067
-2377
-11
1812
2422
2149
27
-4939
-9586
-8657
-2803
1111
-902
-4946
-6197
-5015
-3931
-3279
-2281
-1253
-438
339
1109
1586
1467
334
-1599
-2515
-1190
768
503
-2418
-5796
-7358
-6684
-5162
-4327
-4309
-4010
-3160
-2702
-2928
-2808
-1612
-80
865
1319
2074
3132
3729
3507
3001
2925
3416
4500
5958
6877
6612
6005
6509
7753
8229
7561
6813
6619
6094
4984
4132
4661
4326
-499
-8588
-12046
-6160
1860
2292
-4038
-8044
-7756
-7668
-7673
-2549
5573
7641
2014
-1872
2564
8962
8682
2973
1077
5730
10709
10143
6017
2668
94
-2318
-2240
2039
5925
4448
-1066
-5131
-5289
-3424
-1833
-1522
-2164
-2418
-1371
30
-544
-3441
-6036
-5668
-2871
-845
-800
-1861
-3434
-6083
-8236
-7076
-3531
-1578
-2910
-4515
-3934
-1873
-338
53
326
1512
3426
4316
3617
2555
1995
1475
977
1468
2252
1361
-1502
-4270
-5237
-4568
-3445
-2904
-3015
-3117
-2993
-3332
-4091
-3852
-1929
242
1065
654
196
71
-4
-17
607
2025
3434
3994
3970
4170
4637
4849
4972
5653
6847
7278
6497
5008
4127
4103
4301
2402
-3099
-9188
-9441
-2597
2917
-259
-8142
-11195
-8748
-6791
-5829
-1313
4222
2888
-3808
-4879
2750
7815
3082
-3365
-9
9743
13492
7492
186
-1027
1218
2610
4107
8010
10242
5916
-1593
-4339
-654
3046
2400
-165
-577
1295
2160
112
-3473
-5415
-4169
-1363
800
996
-588
-3487
-6475
-7845
-6735
-3742
-1488
-1603
-3413
-4243
-3339
-2109
-1285
53
2505
4445
4535
2933
1186
399
699
1506
2043
1761
227
-2054
-4020
-4807
-4744
-4011
-2679
-1392
-1199
-2152
-3272
-3772
-2877
-463
2171
2902
1937
1082
915
416
-88
846
2900
4244
4243
4007
3974
3643
2961
3204
5121
7246
7554
5702
3835
3251
3431
1973
-2626
-8356
-9483
-3670
2444
680
-7015
-11498
-10377
-9042
-8351
-3652
3079
2918
-4502
-7947
-1884
4044
1075
-5006
-2700
6361
10625
5352
-1640
-2737
-386
755
1975
6492
10194
7017
-451
-3901
-865
2518
2325
876
1405
2792
2215
-294
-2760
-3631
-3004
-1315
814
1789
488
-2142
-3979
-4775
-5210
-4116
-748
2208
1433
-1477
-2686
-1711
-663
425
3096
6041
6268
3555
1111
930
1783
1854
1450
1638
1768
450
-2155
-4222
-4751
-3863
-2360
-1008
-645
-1475
-2731
-3180
-2011
39
1602
2028
2107
2083
1514
475
251
1302
2722
3707
4160
3904
2645
1457
1563
3014
4352
4839
4630
4069
3382
2853
2005
-1093
-6001
-8143
-3673
2481
2405
-3863
-8034
-7632
-7345
-8198
-4658
2141
3171
-3145
-6624
-1768
2508
-978
-5646
-2039
6004
7926
2468
-2280
-2069
-888
-1462
-288
4660
7971
4371
-2057
-3525
-247
1169
-890
-1496
1340
3307
1325
-2450
-4403
-4247
-3133
-1743
-353
90
-1257
-3674
-5736
-6322
-5297
-3121
-977
-38
-7
-66
-119
-693
-375
2326
6023
7394
6211
5155
5123
4671
3316
2680
3224
3750
3039
1414
-442
-1980
-2652
-2261
-1145
-364
-544
-1691
-2529
-2207
-1133
-329
330
1016
1081
277
-349
99
1063
1799
2544
3537
4066
3205
1759
1386
2821
4366
4505
3769
3554
3648
2730
842
-2235
-5790
-7687
-4345
1016
1811
-3720
-7993
-7597
-6626
-7644
-5522
702
2975
-2262
-6592
-2847
1887
-493
-5520
-2994
5069
8287
3469
-1679
-1557
406
49
-101
3696
7978
6461
729
-1745
747
2078
-216
-1433
1437
4207
2902
-774
-3110
-3583
-3325
-2578
-1232
-276
-972
-3181
-5579
-6756
-6440
-5137
-3699
-2487
-1509
-829
-900
-1696
-1694
461
3642
5125
4900
5048
5954
5602
3747
2627
3446
4705
4497
3135
1717
754
-88
-474
-15
933
1138
120
-853
-739
-168
-263
-246
340
617
-95
-606
-165
272
327
720
2070
2703
1976
658
686
2045
3334
3625
3010
2740
2321
1831
-62
-3076
-6224
-6091
-2547
152
-1429
-5157
-6359
-6406
-7464
-7548
-3171
1180
-254
-4633
-4870
-1430
-1206
-4517
-4980
-64
4029
2839
-483
-1375
-622
-1175
-1757
451
4429
5178
2222
261
1702
2541
176
-1399
1117
4461
3895
1048
-110
275
-412
-1716
-1413
285
1067
76
-1533
-2647
-3541
-4303
-4087
-2751
-1304
-837
-1012
-1301
-1240
-485
877
2162
2516
2727
3659
4818
4483
2920
2317
3371
4426
3957
2940
2571
2644
2245
1734
1811
2313
2304
1919
1887
2211
2132
1614
1409
1519
1634
1424
1442
1512
1426
1284
1395
1847
1691
1235
806
1152
1708
2014
2008
1370
841
-211
-1960
-5152
-6616
-4477
-1575
-1808
-5150
-6791
-6688
-6676
-7584
-5880
-2428
-1825
-3970
-4872
-2715
-2263
-4504
-6095
-3235
1012
1802
-330
-1806
-1504
-1819
-2580
-1870
977
2765
1360
-485
66
1296
-207
-2449
-1647
1601
2710
630
-984
-475
-15
-1034
-1849
-1259
-205
217
-212
-855
-1649
-2633
-3036
-2520
-1522
-1074
-779
-369
120
449
748
1304
1885
2459
3146
4238
4859
4288
3526
3748
4406
4136
3196
2989
3685
4069
3467
2655
2584
2963
3072
2797
2645
2695
2890
3171
3391
3351
2856
2408
2368
2747
3069
3138
3207
3190
2912
2372
2158
2328
2577
2678
2471
2217
1569
319
-2170
-4596
-4608
-2440
-1099
-2827
-5047
-5939
-5813
-6499
-6517
-4855
-3462
-3877
-4767
-3869
-3161
-4067
-5683
-5060
-2499
-672
-853
-1596
-1449
-1483
-2218
-2833
-1864
-88
592
-139
-722
-470
-825
-2035
-2517
-1277
-82
-498
-1525
-1390
-668
-856
-1873
-2301
-1786
-1014
-647
-698
-1013
-1777
-2499
-2751
-2227
-1742
-1557
-1435
-1106
-688
-504
-403
-334
46
658
1569
2469
2757
2425
2134
2383
2595
2451
2427
2936
3415
3281
2900
2965
3372
3507
3246
3125
3344
3585
3671
3801
3994
3917
3623
3416
3492
3663
3764
3933
4244
4344
4060
3924
4231
4620
4597
4332
4334
4412
3943
2466
505
-698
-533
82
-307
-1835
-3671
-4744
-4964
-4639
-4425
-4769
-5540
-6099
-5845
-5421
-5455
-5916
-5892
-5319
-4670
-4264
-3873
-3279
-2876
-2787
-2857
-2418
-1622
-854
-475
-272
41
342
590
670
719
402
-28
-95
543
1172
989
228
-403
-602
-805
-841
-691
-749
-1552
-2379
-2360
-1873
-2002
-2913
-3521
-3374
-2774
-2412
-2328
-2540
-2802
-2590
-1622
-486
-168
-435
-364
406
995
1034
1021
1404
1869
2157
2581
3085
3246
2987
2908
3268
3754
3972
4075
4259
4425
4424
4362
4372
4516
4669
4717
4720
4665
4640
4735
5019
5099
4895
4619
4729
4920
4527
3343
1762
710
542
905
582
-705
-2494
-3627
-3759
-3458
-3479
-4224
-5217
-5973
-5847
-5358
-5093
-5465
-5744
-5513
-5060
-4661
-4296
-3684
-3281
-3054
-2961
-2371
-1576
-804
-225
224
662
966
1404
1748
1976
1600
1050
688
943
1449
1451
778
-160
-655
-928
-907
-855
-916
-1624
-2426
-2480
-1946
-1861
-2757
-3632
-3811
-3195
-2561
-2167
-2329
-2806
-2987
-2314
-1087
-244
74
228
786
1327
1623
1691
1990
2534
3103
3556
3721
3706
3562
3645
3773
3908
3917
3987
4084
4114
4025
3753
3493
3289
3431
3597
3631
3358
3067
2883
2801
2816
2811
2871
2795
2620
1855
665
-417
-590
-115
-55
-859
-2061
-2741
-3022
-2971
-3011
-3217
-3857
-4465
-4509
-4075
-3781
-4127
-4496
-4480
-3815
-3204
-2777
-2595
-2423
-2416
-2536
-2281
-1453
-299
205
289
304
616
785
926
1102
1117
838
655
1113
1465
1136
76
-738
-1074
-860
-435
-209
-682
-1691
-2295
-2254
-1948
-2192
-2723
-3200
-3213
-2895
-2398
-2177
-2552
-3066
-3059
-2195
-1178
-466
-166
153
437
634
816
1234
1955
2616
3032
3119
3313
3674
4071
4116
3970
3953
4140
4381
4493
4486
4151
3717
3498
3715
3856
3730
3509
3347
3084
2823
3010
3385
3409
2749
1772
527
-496
-620
176
487
-637
-2243
-2982
-2755
-2546
-2507
-2667
-3067
-3758
-3951
-3556
-3356
-3877
-4452
-4157
-3289
-2484
-2236
-2264
-2573
-2839
-2872
-2280
-1185
-101
399
178
-77
-32
414
805
1160
1205
1056
1030
1506
1994
1678
763
23
68
442
926
1033
497
-681
-1467
-1291
-824
-976
-1714
-2134
-2173
-1999
-1892
-1795
-2059
-2511
-2508
-1749
-895
-620
-618
-474
-203
-196
-163
132
674
1095
1316
1410
1486
1781
2243
2542
2447
2381
2637
3061
3235
3156
2993
2792
2621
2639
2828
2890
2729
2439
2189
2073
2158
2337
2362
1980
1049
-243
-1238
-1227
-504
-278
-1207
-2556
-3261
-3175
-2785
-2442
-2385
-2845
-3522
-3701
-3216
-2833
-3127
-3619
-3596
-3001
-2389
-2115
-2193
-2503
-2858
-2831
-2198
-1261
-520
-310
-452
-605
-462
72
802
1235
1151
847
907
1494
2050
2144
1883
1695
1716
1950
2382
2802
2616
1814
1259
1525
2119
2110
1455
740
423
450
711
898
699
234
-6
194
467
556
536
637
750
754
580
272
35
107
426
565
431
345
556
690
587
604
1003
1500
1757
1881
2070
2172
1974
1858
2071
2330
2280
2076
2088
2244
2144
1713
1151
308
-734
-1308
-961
-517
-1174
-2790
-4056
-4292
-4046
-3949
-4042
-4316
-4929
-5499
-5545
-5244
-5151
-5269
-5020
-4373
-3985
-4067
-4101
-3761
-3350
-3329
-3450
-3089
-2257
-1487
-1174
-1114
-968
-753
-473
39
573
726
567
619
1039
1354
1323
1227
1246
1399
1760
2191
2297
1981
1836
2305
2879
2851
2413
2240
2516
2914
3116
3083
2884
2701
2773
3050
3144
2977
2963
3346
3715
3504
2832
2384
2564
3053
3296
3167
2905
2645
2378
2261
2438
2621
2449
2152
2215
2559
2550
2023
1680
1886
2135
2053
1923
2034
2097
1792
1399
1000
80
-1130
-1368
-345
317
-751
-2677
-3734
-3717
-3558
-3552
-3516
-3876
-4925
-5829
-5779
-5363
-5576
-6146
-6069
-5376
-5012
-5220
-5321
-5012
-4819
-5125
-5336
-4783
-3730
-2990
-2938
-3139
-3157
-2959
-2486
-1776
-1319
-1464
-1756
-1453
-735
-459
-725
-998
-1045
-892
-460
130
280
-225
-549
-61
649
792
540
558
958
1459
1950
2347
2454
2368
2551
3081
3522
3704
3971
4465
4759
4542
4150
4059
4365
4803
5060
5000
4728
4477
4381
4382
4278
3932
3510
3351
3512
3594
3238
2676
2434
2542
2606
2490
2336
2166
1942
1768
1597
916
-439
-1357
-821
303
311
-924
-1994
-2154
-2014
-2074
-1970
-1667
-1809
-2464
-2890
-2798
-2803
-3142
-3249
-2843
-2441
-2456
-2553
-2400
-2296
-2637
-3150
-3248
-2824
-2230
-1930
-2141
-2717
-3206
-3180
-2739
-2499
-2802
-3244
-3273
-2938
-2776
-3005
-3354
-3582
-3562
-3158
-2552
-2308
-2644
-2950
-2629
-2020
-1756
-1766
-1606
-1213
-779
-343
106
409
563
879
1436
1938
2267
2673
3206
3535
3465
3279
3317
3604
4037
4418
4514
4329
4172
4311
4563
4566
4281
4013
4015
4160
4095
3712
3320
3223
3311
3263
3061
2901
2713
2371
2124
2081
1689
484
-804
-995
-319
-207
-1152
-2166
-2413
-2265
-2324
-2427
-2308
-2197
-2320
-2427
-2367
-2455
-2736
-2715
-2166
-1559
-1347
-1254
-896
-486
-455
-760
-900
-617
-48
490
609
147
-491
-674
-360
-171
-488
-956
-1127
-1126
-1265
-1595
-2006
-2426
-2703
-2576
-2189
-2117
-2555
-3017
-3028
-2776
-2670
-2707
-2663
-2419
-2076
-1775
-1620
-1566
-1353
-801
-98
436
818
1280
1847
2284
2479
2588
2722
2953
3343
3775
3974
3788
3499
3501
3729
3789
3539
3296
3349
3470
3269
2776
2371
2271
2314
2258
2070
1792
1455
1146
992
911
581
-186
-1119
-1674
-1698
-1589
-1886
-2569
-3089
-3192
-3132
-3211
-3297
-3155
-2940
-2857
-2848
-2809
-2824
-2894
-2716
-2174
-1664
-1465
-1284
-858
-482
-519
-697
-506
99
765
1208
1293
1046
765
806
1118
1202
943
711
748
780
474
-13
-412
-645
-730
-646
-539
-669
-1033
-1358
-1471
-1511
-1591
-1634
-1530
-1347
-1272
-1351
-1462
-1395
-1075
-652
-286
22
398
823
1194
1478
1740
1987
2244
2653
3204
3660
3755
3656
3703
3936
4110
4076
4007
3983
3954
3828
3603
3321
3045
2925
2895
2779
2463
2095
1835
1521
1048
477
-79
-746
-1469
-1947
-2165
-2457
-3042
-3546
-3741
-3840
-4076
-4269
-4199
-4129
-4212
-4261
-4139
-4070
-4189
-4115
-3739
-3380
-3282
-3133
-2684
-2276
-2136
-2078
-1768
-1365
-1016
-594
-96
214
229
304
589
814
752
689
840
1006
936
755
637
520
360
276
376
457
427
351
306
202
5
-131
-133
-72
-66
-80
-46
2
58
136
282
482
726
1062
1403
1680
1809
1891
2022
2248
2510
2750
2981
3157
3295
3362
3433
3496
3504
3507
3566
3689
3697
3577
3450
3382
3303
3156
3091
3069
2999
2773
2483
2176
1686
1072
470
1
-532
-1133
-1605
-1956
-2355
-2888
-3266
-3441
-3608
-3826
-3950
-3914
-4013
-4268
-4460
-4469
-4481
-4579
-4502
-4258
-4043
-4006
-3931
-3700
-3519
-3398
-3204
-2802
-2442
-2205
-1971
-1661
-1380
-1240
-1050
-778
-517
-420
-353
-252
-179
-201
-217
-134
-30
20
32
109
168
158
96
84
104
73
27
38
100
135
152
268
452
648
826
1059
1354
1603
1819
2024
2256
2434
2551
2693
2890
3081
3235
3385
3537
3657
3713
3748
3779
3788
3800
3797
3773
3721
3638
3539
3393
3244
3118
2994
2811
2592
2374
2089
1683
1236
867
508
92
-296
-572
-824
-1186
-1547
-1786
-1975
-2243
-2494
-2574
-2658
-2872
-3128
-3220
-3250
-3401
-3529
-3455
-3270
-3230
-3251
-3140
-2969
-2922
-2912
-2714
-2427
-2272
-2223
-2050
-1798
-1672
-1642
-1488
-1212
-1044
-1003
-922
-747
-685
-722
-691
-516
-387
-390
-385
-317
-276
-376
-448
-402
-333
-370
-450
-440
-423
-483
-556
-519
-388
-308
-242
-130
39
153
191
282
444
614
745
882
1055
1184
1246
1327
1459
1610
1712
1807
1945
2072
2134
2154
2219
2319
2381
2410
2483
2577
2615
2580
2550
2548
2502
2411
2347
2305
2214
2052
1902
1774
1612
1402
1230
1110
955
740
533
368
165
-88
-308
-463
-620
-808
-966
-1081
-1217
-1385
-1506
-1546
-1585
-1649
-1689
-1666
-1644
-1680
-1703
-1680
-1638
-1614
-1584
-1502
-1429
-1396
-1386
-1351
-1283
-1236
-1197
-1145
-1064
-993
-975
-959
-919
-863
-835
-836
-791
-717
-682
-683
-657
-579
-513
-515
-489
-406
-320
-298
-295
-220
-142
-113
-105
-59
13
28
3
20
78
113
89
86
140
175
166
148
196
284
329
357
436
565
651
672
740
868
947
947
986
1122
1198
1140
1078
1108
1117
971
827
842
873
747
556
498
478
307
120
102
135
16
-155
-159
-95
-223
-430
-443
-331
-343
-458
-425
-274
-264
-378
-375
-246
-198
-213
-119
48
87
9
41
167
179
96
129
285
350
287
244
274
264
188
175
221
225
178
154
141
56
-76
-137
-130
-129
-150
-151
-147
-190
-251
-290
-271
-216
-158
-113
-81
-39
0
-14
-47
-25
71
175
225
239
247
241
233
242
226
182
189
263
289
169
-16
-86
-61
-84
-169
-240
-285
-344
-398
-467
-566
-674
-716
-662
-627
-687
-769
-773
-740
-725
-731
-707
-642
-579
-524
-477
-452
-440
-409
-337
-245
-176
-161
-157
-120
-66
-28
-37
-64
-52
-1
55
81
56
20
24
82
121
99
58
68
147
205
187
144
145
200
271
309
314
342
411
485
526
531
552
605
665
725
790
830
849
878
897
914
930
956
994
983
956
980
1016
969
866
833
867
882
813
734
728
735
723
653
532
438
453
535
519
369
239
257
287
167
-15
-108
-92
-62
-125
-301
-503
-628
-643
-703
-926
-1118
-1095
-998
-1091
-1377
-1598
-1621
-1545
-1499
-1524
-1605
-1641
-1516
-1383
-1432
-1574
-1516
-1190
-908
-856
-878
-784
-610
-450
-349
-309
-242
-57
219
357
231
79
143
338
416
344
275
284
307
274
172
27
-90
-83
-32
-65
-181
-267
-267
-274
-342
-403
-387
-313
-237
-196
-195
-185
-135
-47
39
109
199
318
438
527
601
676
748
827
903
989
1084
1181
1253
1265
1251
1248
1279
1311
1314
1312
1305
1260
1184
1123
1054
973
887
810
752
674
570
453
319
181
77
-2
-84
-179
-276
-351
-425
-524
-609
-665
-699
-718
-728
-751
-781
-789
-770
-757
-749
-729
-678
-615
-563
-502
-438
-384
-339
-286
-225
-167
-103
-34
21
45
72
103
111
90
78
86
95
77
22
-43
-115
-183
-234
-304
-398
-466
-495
-515
-598
-710
-779
-801
-805
-805
-798
-804
-800
-758
-720
-692
-667
-597
-470
-362
-280
-204
-128
-48
44
135
220
296
374
470
541
556
559
595
637
668
690
704
700
670
650
643
624
586
546
532
523
512
484
439
394
368
364
361
338
318
301
297
280
247
222
216
223
222
217
193
173
163
159
148
132
125
131
134
129
114
110
108
110
114
118
133
142
146
132
124
125
130
130
114
97
87
72
46
7
-30
-66
-96
-132
-177
-233
-287
-332
-380
-429
-480
-522
-559
-599
-637
-671
-698
-721
-732
-736
-737
-738
-735
-717
-693
-668
-637
-606
-561
-514
-466
-418
-372
-317
-261
-205
-149
-98
-50
-2
43
91
125
152
182
211
235
246
251
255
262
263
253
242
231
220
209
197
182
164
149
143
134
125
113
107
111
115
115
117
126
140
150
156
171
187
198
214
226
237
250
262
274
288
293
299
307
308
310
308
310
308
301
293
278
275
271
259
243
231
215
205
193
173
152
129
109
90
67
41
11
-21
-41
-68
-94
-118
-154
-176
-195
-219
-234
-257
-277
-289
-294
-303
-314
-325
-326
-320
-310
-302
-300
-292
-276
-253
-232
-220
-206
-186
-155
-136
-126
-111
-99
-77
-55
-47
-38
-33
-22
-11
-7
-6
-10
-7
-1
-3
-1
-6
-13
-11
-19
-16
-15
-23
-22
-25
-25
-21
-28
-31
-27
-28
-29
-19
-17
-12
-5
-11
-1
5
8
17
19
32
44
46
56
61
64
82
90
93
101
106
119
128
134
145
145
159
170
174
185
185
187
194
194
195
200
199
200
194
189
184
171
159
149
133
126
111
95
77
57
44
22
5
-12
-26
-39
-53
-63
-70
-76
-85
-88
-90
-94
-96
-95
-91
-87
-89
-91
-85
-79
-77
-79
-84
-78
-75
-79
-81
-80
-84
-78
-87
-92
-95
-101
-93
-103
-113
-109
-112
-115
-119
-130
-127
-122
-124
-127
-123
-117
-105
-104
-105
-98
-92
-79
-72
-69
-61
-43
-36
-24
-18
-11
6
5
13
21
24
36
42
44
54
54
61
65
61
70
73
78
83
79
78
90
94
96
94
92
98
100
95
95
99
102
100
97
92
90
90
78
79
71
65
68
56
54
53
42
45
45
38
37
32
30
32
26
17
15
14
11
3
-6
-10
-15
-20
-26
-32
-39
-42
-42
-52
-55
-64
-66
-60
-73
-81
-81
-84
-82
-94
-102
-93
-94
-101
-101
-103
-90
-84
-88
-84
-76
-73
-61
-53
-54
-45
-31
-25
-17
-12
-7
11
13
15
20
24
35
37
31
39
46
43
46
41
43
45
42
42
38
32
30
32
27
21
21
18
26
12
13
20
12
19
20
13
22
22
19
30
24
26
34
26
36
37
30
42
45
35
38
41
45
48
33
32
31
24
27
22
10
13
5
-3
-1
-12
-14
-10
-15
-15
-17
-23
-22
-19
-23
-21
-19
-20
-21
-20
-18
-17
-15
-20
-17
-18
-15
-12
-14
-13
-11
-11
-13
-5
-12
-13
-6
-10
-12
-8
-11
-4
-4
-11
-8
-4
-1
-4
-8
-4
0
-1
3
0
-1
1
-1
-4
-3
-1
0
0
-2
-6
-6
-5
-5
-7
-9
-7
-7
-7
-6
-9
-9
-6
-7
-8
-10
-9
-7
-7
-7
-3
-3
-1
1
2
2
1
1
2
4
2
3
4
5
3
6
7
6
4
3
4
3
6
2
3
5
0
0
-1
-4
-3
-2
-2
0
-3
-6
-5
-4
-6
-6
-5
-7
-7
-5
0
-2
-4
-3
-2
-1
1
3
4
2
8
3
4
3
4
5
5
1
-5
0
-2
-3
-3
-3
0
3
4
1
2
3
3
1
5
4
-1
2
0
-1
2
0
-1
-4
-3
0
-3
-4
-4
-2
0
-1
-5
-3
-2
-3
-2
-2
-4
-6
-3
-4
-2
-5
-2
-1
0
3
2
4
5
4
1
2
-1
1
1
1
0
1
5
6
7
5
5
3
2
0
-2
-2
-2
-3
-1
-1
1
2
0
4
7
6
2
-1
-3
-4
-8
-11
-10
-10
-5
-3
-1
4
5
5
4
4
7
7
4
3
-1
0
3
-2
0
0
-2
1
3
1
3
2
1
0
-4
-4
-6
-4
-1
-2
-2
3
3
4
4
4
0
3
0
-4
-3
-4
-3
-3
-2
-3
-3
-2
-3
-2
0
-1
0
4
4
2
3
6
2
1
0
2
4
0
0
-1
0
-2
-6
-6
-6
-7
-5
-5
-5
-4
-2
2
4
9
10
11
12
10
7
2
-2
-7
-10
-9
-10
-9
-5
-5
-3
-2
3
6
6
9
5
5
4
2
0
-3
-7
-8
-6
-5
-2
2
3
5
6
7
5
4
1
-3
-1
-1
-1
1
0
1
-1
-2
-1
-1
-2
-1
-2
1
2
2
3
1
1
2
0
-1
0
0
2
0
0
1
-2
0
-1
0
2
1
0
2
1
1
0
-2
0
0
0
0
1
-1
0
2
3
-1
0
-4
-6
-4
-3
-4
-5
-3
-2
0
3
5
6
5
3
0
-1
-4
-8
-9
-9
-7
-7
-8
-7
-2
1
0
0
-2
2
6
6
7
8
5
4
4
4
4
-2
-3
0
0
0
-1
-2
0
1
1
0
0
4
7
11
9
6
7
8
7
3
0
-2
5
5
5
2
3
4
4
3
-1
-2
-2
0
0
0
-4
-5
-3
-3
-5
-8
-7
-3
-3
-3
-6
-5
-3
-4
-7
-10
-8
-7
-9
-11
-11
-9
-8
-7
-8
-4
0
2
6
5
6
3
2
3
-1
-5
-4
-1
0
-1
-3
1
5
8
8
6
10
13
12
8
7
6
5
2
0
2
