0
1
0
-1
0
0
0
-1
0
1
0
-1
-1
-1
-1
-1
0
0
0
0
0
0
0
1
0
1
1
1
1
1
1
0
0
0
-1
-1
-1
-2
-2
-2
-1
-2
0
0
0
0
0
1
1
-2
0
1
0
1
0
0
-1
0
-1
1
-1
1
0
-1
0
-1
-1
-1
1
0
-1
1
2
-1
-1
1
0
0
1
-1
-1
0
1
1
1
0
-1
-1
-1
2
0
-2
0
2
-1
1
2
-2
-2
1
0
0
2
1
-2
0
0
-2
-2
0
0
-1
0
2
0
0
3
2
1
2
2
-2
0
2
-1
-1
3
1
0
2
1
-1
2
1
-1
1
1
0
-2
-1
1
1
-1
1
1
-3
1
1
-1
1
2
-2
-3
0
0
1
1
0
1
0
-3
0
0
-1
2
0
-3
2
0
-5
1
2
-4
-1
3
-3
0
0
-3
2
1
-1
3
1
-2
3
0
-3
4
-1
-4
4
1
-4
4
0
-6
3
2
-4
4
1
-3
1
2
0
1
-2
-1
2
-3
1
5
-5
-2
7
-4
-6
8
2
-5
4
2
-3
1
2
-1
-1
-3
3
0
-7
3
8
-7
-2
10
-3
-8
6
4
-5
0
6
-1
-3
2
6
-3
-7
9
4
-12
1
12
-7
-8
12
-1
-12
5
9
-7
-5
7
2
-8
-2
10
-4
-11
9
8
-14
0
16
-7
-8
12
3
-10
3
6
-2
-7
3
9
-4
-8
9
3
-13
5
11
-11
-2
12
-3
-4
5
3
2
-5
-2
8
-5
-10
15
2
-17
10
9
-13
3
9
-7
0
3
-4
3
-4
-3
8
-5
-7
13
1
-11
9
4
-7
3
4
1
-1
-4
8
4
-16
6
18
-18
-8
23
-6
-18
15
6
-19
4
14
-7
-9
11
6
-14
-2
14
-3
-14
14
7
-20
4
15
-17
-2
20
-11
-4
18
-9
-5
10
-2
-5
2
3
-1
-4
-1
5
-9
-6
20
-11
-15
25
-1
-26
8
16
-11
-8
9
10
-13
-14
27
5
-28
17
12
-22
4
9
-9
-1
9
-5
4
-2
-11
18
-8
-14
18
4
-11
-15
21
9
-39
12
36
-27
-25
37
5
-45
20
24
-26
-4
18
8
-22
-6
32
-11
-23
20
14
-18
-9
14
7
-15
-8
26
0
-36
26
25
-49
4
45
-28
-24
31
10
-26
-14
23
8
-30
10
29
-23
-10
32
-16
-29
40
8
-41
13
28
-11
-31
19
31
-30
-6
18
0
-6
-5
3
6
13
-20
-5
33
-31
0
31
-33
10
37
-29
-33
47
19
-69
19
57
-30
-42
24
39
-52
-10
55
-36
-8
33
-30
-13
38
-9
-30
37
-3
-19
21
-28
7
30
-24
-13
18
30
-30
-40
56
20
-69
11
71
-61
-30
78
-53
-12
75
-63
-13
68
-39
-36
51
0
-34
32
-11
-20
35
-21
-23
36
16
-40
-10
57
-29
-53
73
4
-73
62
14
-78
57
26
-86
45
64
-96
0
94
-74
-32
82
-27
-37
48
-12
-36
50
-10
-51
54
36
-81
1
95
-64
-62
100
7
-97
56
53
-90
22
63
-73
4
87
-84
-27
126
-90
-45
109
-29
-73
54
41
-90
27
62
-70
-7
59
-10
-66
49
54
-80
0
59
-18
-37
18
9
-2
31
-75
8
135
-129
-79
185
-15
-180
96
141
-167
-46
182
-51
-120
71
89
-66
-132
164
68
-246
113
134
-173
26
70
-59
27
10
-75
83
47
-188
121
128
-253
97
134
-154
-1
50
74
-118
-68
216
-72
-164
112
142
-168
-89
224
-75
-81
53
-27
128
-150
-37
210
-147
-48
126
-46
-38
34
23
-52
26
8
-65
134
-98
-121
299
-134
-213
241
101
-253
-73
375
-152
-283
300
61
-222
5
161
-23
-158
86
81
-71
-20
-22
134
-67
-164
231
-7
-181
27
222
-119
-223
265
46
-187
-45
193
25
-225
80
117
-27
-142
59
143
-117
-92
156
31
-192
82
124
-82
-169
224
69
-337
228
69
-137
-25
84
86
-226
150
2
-24
-16
-80
256
-271
44
187
-211
66
44
14
-181
214
29
-320
296
12
-167
-3
151
14
-238
137
149
-154
-193
374
-28
-422
315
210
-338
-185
575
-151
-561
571
129
-498
21
542
-291
-450
635
-46
-426
166
303
-199
-315
429
33
-405
152
316
-303
-186
482
-209
-286
428
-108
-266
312
-49
-145
79
69
-23
-128
159
-28
-38
-71
161
83
-543
617
-1
-657
516
198
-471
-20
468
-295
-178
263
2
-142
-88
299
-119
-197
99
276
-225
-318
581
-101
-436
316
240
-397
-19
411
-222
-236
310
106
-346
43
308
-140
-264
210
259
-420
-18
428
-185
-414
463
238
-816
445
410
-697
129
406
-207
-351
475
-48
-356
318
-62
2
-135
182
-11
-166
209
-189
242
-199
-78
393
-380
67
128
-48
-15
-198
396
-193
-378
635
-157
-553
525
325
-863
159
989
-1015
-319
1412
-814
-819
1487
-272
-1260
1101
546
-1444
359
1303
-1317
-317
1535
-884
-747
1315
-209
-1089
905
460
-1270
547
747
-1100
236
712
-649
-220
715
-144
-696
658
270
-878
431
527
-867
188
694
-708
-129
677
-302
-366
403
70
-382
232
64
-362
405
-193
-95
191
-158
200
-252
288
-224
-33
540
-664
182
431
-340
-124
326
-108
-87
235
-319
179
198
-433
222
220
-541
342
301
-752
234
669
-835
-56
790
-670
40
298
-223
-33
77
151
-392
248
98
-182
31
-10
214
-248
89
44
12
19
-159
380
-376
77
344
-459
146
171
-61
-304
401
-42
-460
590
-241
-244
278
143
-524
310
317
-808
642
6
-488
301
270
-355
-207
703
-467
-157
575
-431
-31
476
-431
-127
590
-326
-401
738
-294
-520
911
-494
-443
796
-120
-769
623
409
-973
494
272
-466
157
210
-269
45
325
-362
83
87
101
-200
-43
382
-396
230
87
-329
162
396
-636
-139
1095
-1213
138
1015
-1273
365
838
-1144
153
1094
-1152
-98
1276
-1165
-152
1291
-1265
87
1107
-1203
98
1027
-864
-455
1473
-1013
-561
1626
-1247
-113
1006
-699
-214
575
-244
-261
491
-304
-51
360
-265
28
172
-146
190
-158
31
273
-626
721
-192
-751
1049
-297
-805
918
151
-1337
1156
352
-1766
1335
513
-1782
887
1133
-1895
422
1556
-1739
121
1275
-974
-403
1190
-571
-660
1172
-581
-287
600
-312
-79
229
-28
-289
301
46
-283
291
-187
19
286
-532
435
72
-589
635
-44
-473
174
758
-927
-179
1499
-1448
-27
1377
-1141
-266
1104
-368
-878
1240
-273
-850
1244
-596
-361
800
-272
-465
466
233
-683
504
-38
-134
152
-277
465
-345
-54
263
-156
-95
-7
115
-186
149
-45
-103
136
29
-264
458
-180
-549
923
-442
-318
329
90
-114
-216
327
-176
-2
143
-83
29
-217
315
44
-404
322
-71
86
6
-274
327
-77
88
-176
-73
329
-217
-4
-76
359
-354
-87
614
-531
-77
232
227
-555
-79
664
-638
-70
546
-531
154
-44
190
-13
-606
889
-608
251
-131
-406
1043
-1045
330
304
-458
272
39
-186
-90
563
-581
42
300
-110
-130
-46
364
-327
-34
173
64
-198
-163
723
-518
-608
1415
-574
-974
1502
-493
-634
814
-262
-272
353
-102
-229
174
241
-606
392
369
-840
263
560
-351
-781
1177
-176
-948
843
101
-419
-264
977
-627
-581
1328
-867
-166
708
-411
-173
413
7
-593
670
64
-851
664
494
-1314
884
411
-1385
1354
-436
-591
942
-414
-185
91
487
-606
109
574
-733
322
150
-80
-148
1
420
-320
-188
518
-68
-449
660
-144
-417
527
33
-392
202
226
-415
271
85
-417
444
-14
-360
179
298
-416
-156
799
-1057
387
453
-1001
749
-287
119
-405
512
10
-843
1295
-1113
439
322
-946
788
-95
-271
-319
919
-319
-1199
1916
-750
-1149
1711
-577
-635
368
540
-550
-432
1075
-834
299
96
-457
929
-1078
666
158
-726
681
-334
446
-818
673
170
-878
1129
-1188
940
67
-1253
1307
-258
-474
-13
798
-612
-659
1533
-852
-683
1119
-89
-696
-18
914
-440
-882
1258
-303
-729
746
-99
-76
-354
419
379
-1049
573
509
-818
159
527
-435
-174
495
-37
-670
638
346
-1384
1461
-391
-984
1601
-1051
62
289
29
-58
-524
966
-691
71
365
-488
580
-715
649
20
-1038
1357
-382
-773
533
624
-783
-432
1286
-673
-310
401
-35
183
-604
399
289
-646
241
324
-432
-98
765
-797
-48
885
-764
-95
527
-170
-498
780
-415
-497
1064
-470
-676
727
546
-1298
340
1003
-954
-138
749
-169
-734
882
20
-1061
1124
-14
-842
447
644
-740
-620
2003
-1487
-571
1911
-1012
-562
572
953
-1697
519
1212
-1637
637
538
-618
-330
1012
-553
-582
962
-267
-527
360
571
-1385
908
668
-1781
1056
558
-1103
-6
1250
-1172
-234
1650
-1807
494
1126
-1469
301
955
-937
-51
731
-543
6
180
125
-556
645
-412
-9
614
-1321
1438
-627
-508
934
-525
142
-284
541
-211
-420
657
-283
-100
30
159
131
-786
941
-159
-717
875
-245
-249
82
569
-889
233
946
-1452
649
733
-1292
575
813
-1323
279
1203
-1343
-220
1806
-1640
-196
1953
-1788
-126
1565
-1000
-793
1562
-398
-1256
1336
16
-946
564
120
-129
-146
-318
1308
-1406
-278
2026
-1679
-449
1493
-134
-1768
1598
639
-2301
1689
94
-1120
852
-197
-153
262
-430
401
333
-1069
514
1046
-1439
-280
2183
-1782
-590
2295
-1394
-837
1691
-109
-2040
2023
341
-2059
1257
615
-926
-470
1682
-1265
-189
1292
-1221
526
-326
441
-28
-857
1052
-18
-876
268
1007
-1113
-347
1872
-1706
-359
2380
-2238
-179
2171
-1798
-179
1602
-1303
-187
1380
-1215
-98
1123
-917
-36
482
-295
164
-429
283
617
-1259
541
1297
-2214
669
2187
-3137
507
2831
-2984
-207
2837
-1984
-934
2436
-1064
-1144
1799
-559
-846
1008
-384
-40
50
-390
885
-467
-679
1142
-72
-1166
931
564
-1627
876
864
-1553
450
910
-676
-812
1318
232
-1902
1373
814
-1833
337
1818
-2014
-271
2727
-2638
220
2075
-1993
60
1574
-1379
-378
1994
-2085
540
1507
-2022
656
1078
-1104
-463
1737
-1131
-673
1695
-965
-337
738
-16
-362
-172
708
-136
-954
1115
51
-1125
918
287
-701
-371
1421
-839
-1078
2296
-1247
-1041
2014
-501
-1855
2293
-49
-2527
2605
-200
-2089
1661
757
-2472
1386
1425
-3029
1661
1122
-2454
1126
1243
-2278
955
1261
-2232
941
1152
-1908
440
1636
-1936
-46
2012
-1709
-580
2284
-1445
-1068
2356
-975
-1441
1880
132
-2060
1504
912
-2254
1173
947
-1761
565
1002
-997
-291
1144
-511
-725
954
-230
-277
148
74
244
-691
390
581
-1228
539
711
-1055
84
907
-371
-1267
1722
-215
-1819
2176
-382
-1418
1097
891
-1940
394
2272
-2971
765
1862
-2153
187
1413
-758
-1071
1635
-239
-1363
1222
358
-1310
468
735
-569
-639
1000
329
-1706
1334
271
-1116
107
1418
-1127
-1011
2834
-2191
-260
1768
-1013
-624
949
440
-1661
1433
-141
-820
701
-238
133
-327
286
334
-712
236
665
-969
391
420
-611
139
354
-328
-154
724
-880
429
235
-759
849
-261
-594
796
-54
-927
1134
-99
-1218
1511
-360
-1199
1711
-556
-856
1038
25
-932
608
738
-1638
1147
153
-1008
642
233
-393
-442
1308
-1181
172
720
-823
406
-143
398
-917
1087
-315
-984
1877
-1618
400
811
-1207
496
463
-609
-131
932
-878
-104
1003
-1056
184
760
-1207
1050
-352
-582
1282
-1216
263
738
-888
-58
1434
-1646
254
1635
-2436
1402
519
-1636
1133
269
-1175
799
348
-1079
644
293
-841
219
859
-1177
381
652
-846
52
750
-449
-770
1731
-1329
-251
1655
-1646
442
861
-1211
461
715
-1192
445
1025
-1822
895
1183
-2716
2123
401
-2668
2449
34
-2315
2009
382
-2461
2164
3
-2063
1795
167
-1715
1506
-9
-1094
1203
-688
137
44
112
-201
183
-59
-348
972
-1607
1265
260
-1627
1629
-110
-1117
862
542
-1492
787
1195
-2311
1154
1195
-2394
1393
536
-1646
1194
-4
-1038
1152
-474
-157
509
-503
315
121
-469
322
560
-1056
776
123
-1012
1357
-933
-288
1208
-1110
184
736
-792
-445
1665
-1449
-644
2802
-2605
217
2458
-2587
158
2028
-1628
-675
1910
-688
-1588
2240
-298
-2113
2173
-95
-1386
611
1015
-1224
-501
2362
-1961
-367
1662
-749
-940
1035
485
-1933
1742
484
-2130
1486
553
-1513
692
766
-1599
898
939
-2208
1680
4
-1259
1380
-176
-960
795
552
-1675
1331
327
-1776
1811
-295
-1288
1499
-545
-691
1121
-602
-598
1117
-973
-63
780
-673
-37
875
-679
-434
1696
-1896
436
1499
-2270
1334
505
-1745
1147
406
-1169
397
1345
-1873
692
1557
-2539
1215
788
-1197
-246
1837
-1542
-909
3090
-2523
-479
2550
-1714
-1227
3360
-2620
-356
2997
-3095
1122
837
-1316
172
1409
-1649
228
2141
-3343
1934
1358
-3765
2636
1175
-4328
3526
787
-4803
4259
47
-3882
3434
550
-3614
2786
1571
-4643
3397
871
-4031
3172
205
-2774
2166
638
-2478
1596
701
-2179
1473
362
-1449
1122
25
-544
233
-26
89
-324
223
121
-21
-328
587
-13
-1009
1575
-838
-386
1033
-713
-12
104
249
-467
168
491
-516
-32
655
-451
-552
992
-310
-519
631
118
-665
354
629
-1273
616
744
-1158
21
940
-1082
-175
933
-594
-388
1160
-315
-891
1257
-521
-752
941
-110
-687
803
-56
-448
150
139
181
-918
1463
-634
-264
696
-401
-255
-67
644
-1162
1004
-62
-675
787
-241
-570
566
-19
-751
1285
-908
213
566
-982
501
161
-888
617
544
-1457
1406
78
-1595
1777
-416
-1261
1657
-417
-1134
1573
-334
-1544
2134
-1055
-1029
2118
-1095
-981
2398
-1376
-903
2335
-1721
-413
1781
-1314
-229
1234
-576
-711
1233
-642
-627
1158
-784
87
431
-261
40
-81
315
-567
333
88
-170
76
63
184
-633
483
17
-647
635
106
-621
634
27
-640
643
-205
-196
238
87
-18
-273
489
-307
-269
470
-233
-194
328
116
-572
505
49
-771
774
-234
-401
481
118
-666
652
-110
-518
594
-296
-3
-146
646
-974
508
454
-1321
1208
-338
-297
236
435
-528
-131
976
-1086
311
587
-699
-86
992
-1143
176
1089
-1519
738
587
-1055
248
944
-1297
292
1034
-1465
752
495
-1073
687
195
-879
795
-399
-29
159
-141
176
-252
459
-697
791
-370
-413
1129
-1108
450
249
-422
53
317
-146
-396
835
-512
-274
810
-458
-360
792
-428
-394
579
-71
-796
1149
-511
-435
1165
-1106
576
-230
63
110
-355
544
-279
-41
-117
403
-636
295
460
-781
894
-431
-52
30
68
-319
-18
686
-827
379
331
-609
145
102
43
-279
242
341
-473
-28
573
-910
338
242
-502
179
532
-740
32
931
-1288
342
889
-1100
284
837
-937
82
749
-891
30
934
-972
29
1148
-1112
-215
1300
-1039
-482
1633
-1017
-396
1526
-1175
-179
1142
-1069
-183
1419
-1164
-396
1980
-1721
-261
1980
-1612
-309
1980
-1583
-310
2016
-2107
371
1172
-1226
-278
1440
-537
-1452
2612
-1549
-764
2261
-2070
684
672
-1112
742
-54
-251
-151
671
-643
-321
1545
-1623
437
1012
-1403
268
713
-766
-243
964
-620
-227
593
-175
-640
726
-1
-930
1414
-845
-97
735
-720
-22
388
70
-1013
1458
-427
-1193
1815
-824
-872
1550
-457
-1089
1694
-586
-1282
2078
-1270
-505
1638
-1090
-263
1168
-552
-967
1843
-985
-1005
2477
-1931
-180
2062
-2199
570
1259
-1626
649
646
-868
-40
1073
-1391
572
757
-1633
1352
-66
-1256
1453
-455
-849
1345
-537
-843
1392
-620
-1028
1848
-1038
-730
1866
-1409
-150
1304
-1247
25
1198
-1521
445
1176
-1880
857
1108
-2069
1087
939
-1859
1051
626
-1534
772
722
-1719
1395
224
-1778
2046
-907
-610
1223
-308
-845
843
381
-1923
2072
-671
-977
1485
-675
-242
289
482
-866
404
335
-491
179
131
76
-484
173
495
-850
546
675
-1235
703
282
-934
327
888
-1397
685
739
-1565
1108
-84
-558
320
422
-739
302
765
-1628
1121
93
-1252
1176
141
-1105
974
98
-1208
1116
-301
-482
715
-285
-214
461
-374
-163
573
-552
300
310
-367
133
174
-569
244
366
-674
537
320
-874
536
324
-1095
848
274
-1029
662
420
-912
108
775
-763
-272
1215
-749
-514
1160
-568
-613
881
64
-858
600
464
-1179
389
916
-1432
825
401
-863
560
74
-402
56
474
-785
395
494
-858
511
520
-1139
563
613
-1388
884
365
-1107
783
2
-462
281
118
-296
-52
655
-935
684
222
-1112
986
-469
-183
380
-45
137
-124
125
132
-727
368
329
-692
601
275
-241
-397
627
-377
-983
1583
-896
-199
1258
-927
106
461
-552
-233
751
-734
38
826
-792
126
776
-820
-121
996
-1187
179
882
-1011
318
637
-628
-91
754
-893
82
603
-843
595
359
-803
629
-208
-405
266
254
-530
527
340
-899
780
-613
292
-327
152
374
-466
578
-543
496
-614
128
342
-771
753
-38
-404
596
-119
-414
440
-407
-53
106
154
-134
133
452
-635
244
-84
-229
36
138
125
-81
302
-227
15
-129
-163
214
-268
437
142
-331
433
-419
-381
655
-486
92
815
-536
155
-46
-221
-248
-24
387
-404
733
-176
-439
707
-1160
311
189
-462
702
-60
43
-117
134
-330
-209
426
-331
367
170
-224
154
56
-456
162
217
-359
407
16
-232
70
257
-716
457
401
-971
649
294
-879
471
351
-766
424
136
-263
25
358
-301
-102
513
-699
360
219
-774
648
36
-450
240
358
-657
63
489
-1048
816
133
-572
692
48
-517
14
373
-677
372
534
-499
581
-205
-109
31
-532
433
-144
8
380
149
-320
119
-39
-512
314
-57
-62
291
214
-216
-46
95
-158
-206
-54
927
-742
-35
1227
-1247
-107
958
-537
-879
1484
-240
-1410
1682
-375
-1421
1280
53
-1568
1293
246
-1594
1295
198
-1453
1110
39
-1035
675
509
-900
538
741
-1194
834
103
-687
524
-41
131
20
266
107
-240
-50
-235
346
-749
650
407
-931
764
113
-1008
-33
867
-1208
320
1216
-995
29
706
-793
-681
1128
-630
-159
1010
-524
20
57
-303
-289
187
16
71
203
155
-56
-478
481
-291
-258
761
94
-379
650
226
-912
571
352
-843
613
519
-949
544
164
-1015
337
174
-772
153
522
-1114
519
52
-1214
865
-193
-553
657
242
-661
509
347
-1011
886
307
-716
1117
141
-189
499
-410
-18
218
-152
214
567
-97
-241
355
-802
-232
370
-550
123
511
17
-621
91
-34
-1039
247
508
-589
546
535
-846
12
261
-528
-159
557
229
-147
281
72
-250
-259
82
373
-491
578
557
-944
348
556
-1021
83
891
-715
-127
847
-667
-305
540
-552
-218
266
-96
-372
108
109
-338
-267
403
-181
-416
558
-82
-319
242
540
-842
510
513
-974
544
253
-332
60
412
-489
33
248
-441
106
290
-229
-190
362
-228
-159
-47
279
-412
37
741
-649
23
776
-552
-551
1160
-293
-720
1255
-91
-778
977
63
-931
751
293
-747
526
425
-555
-12
434
-604
-112
610
-694
208
333
-545
-4
-143
-170
-316
-19
161
-315
27
-47
-453
-153
37
-276
-95
362
-325
-249
206
-462
-213
55
-8
-233
52
265
-633
37
16
-287
-4
160
290
-280
178
27
-412
269
149
-48
469
391
-225
315
491
-345
500
771
-110
388
838
-152
12
914
37
78
1079
334
35
632
291
-83
343
634
179
280
656
-45
-142
421
-142
-103
483
130
-322
426
-98
-813
486
-202
-730
647
13
-860
306
-174
-1142
-48
-61
-856
-30
86
-731
-485
-69
-847
-793
324
-755
-487
387
-737
-660
11
-640
-716
183
-272
-310
36
-136
-382
-341
-37
-307
69
180
130
32
-17
-4
-513
19
235
-373
350
606
-504
147
480
-482
-12
792
63
-224
989
149
-594
699
336
-452
600
927
-250
261
967
-395
-167
1021
28
-77
1093
479
-389
733
496
-530
524
764
-64
475
929
35
282
393
97
202
108
495
169
-68
197
-106
-510
-212
-112
-483
-148
49
-415
-297
-260
-693
-432
-343
-420
-122
-120
-367
-304
-358
-721
-470
-350
-489
-249
-148
-350
-510
-407
-706
-630
-420
-498
-246
-354
-469
-503
-695
-643
-545
-502
-200
-353
-309
-117
-463
-372
-180
-205
-262
101
11
-223
153
35
-113
251
353
74
348
500
22
423
627
109
755
730
381
557
476
303
302
726
788
828
1053
1050
801
921
751
804
1204
1180
1449
1444
1399
1247
1155
1041
1032
1508
1546
1579
1551
1351
1100
852
868
799
897
882
566
244
-185
-588
-873
-1182
-1347
-1374
-1837
-2111
-2509
-3130
-3223
-3258
-3232
-3036
-2869
-2927
-3003
-2890
-2846
-2575
-2153
-1526
-1254
-954
-579
-770
-597
-394
-231
52
321
604
472
313
282
-140
-301
-146
-125
77
273
19
-206
-473
-611
-752
-685
-542
-346
-196
-39
-97
-392
-159
-211
146
391
820
1053
1035
1357
1385
1386
1457
1786
1855
2351
2368
2564
2754
2771
2764
2592
2776
2777
3084
3154
3651
3718
3804
3782
3413
3303
3014
3047
3181
3462
3685
3803
3456
2664
837
-1419
-2688
-2455
-979
358
121
-1223
-3093
-5296
-6845
-7430
-6099
-3936
-2669
-2241
-3000
-3642
-4344
-4957
-4770
-3388
-748
1457
2839
2456
1474
273
-257
197
1263
3308
4720
4975
3526
1568
15
-998
-1193
-1058
-467
-2
-186
-1214
-2793
-4402
-5381
-5605
-5196
-4350
-3589
-2635
-2732
-3854
-5159
-5660
-4685
-3458
-2271
-1113
-333
-182
-686
-1320
-1066
-375
635
1764
2700
3465
3003
2018
1252
1004
1306
1983
2895
3103
2460
1343
518
116
93
281
518
769
587
30
-579
-950
-1195
-1179
-635
-52
77
64
-169
-277
-314
137
738
1436
2261
2485
2851
3184
3762
4301
4729
5443
5623
5766
6004
6273
6606
6920
7455
7041
4886
1271
-1339
-1029
1798
3614
2694
573
-2288
-5061
-7860
-8852
-7076
-4194
-2262
-3206
-4844
-5935
-6579
-7004
-7155
-5332
-2147
1284
2817
2020
454
-666
-594
174
2151
4946
7278
7599
5390
2433
630
559
986
1503
2306
2801
2054
-38
-2664
-4883
-5544
-5182
-4439
-3365
-2420
-2505
-3874
-5601
-6971
-7051
-5574
-3478
-2080
-1478
-1648
-2645
-3439
-3566
-2597
-948
718
1815
1829
1579
954
436
264
906
2131
2781
3138
2462
1370
561
208
514
940
1465
1252
606
-194
-921
-1269
-1083
-593
-470
-438
-817
-1309
-1702
-1586
-886
-138
578
542
144
186
1008
2006
2801
3545
4344
4915
5229
5490
5461
5814
6296
6881
7180
7153
7202
7132
6889
4275
-294
-3297
-1449
2794
4267
2075
-1942
-4679
-6965
-9383
-10163
-7341
-2728
-1597
-4084
-7324
-8052
-7160
-6784
-6095
-4073
-52
3341
3749
1524
-673
-596
1127
3461
5762
8120
9711
8604
4930
1286
591
2643
4491
4925
4131
2869
1174
-1762
-4383
-5247
-4435
-3162
-2530
-2574
-3368
-4602
-6207
-7682
-7749
-6243
-4222
-2936
-2559
-3223
-4383
-4830
-4285
-2607
-687
700
1207
969
555
128
267
795
1635
2222
2330
2183
1403
561
-33
40
421
626
604
68
-568
-1378
-2066
-2214
-1938
-1505
-1256
-1297
-1845
-2576
-2759
-2185
-1235
-459
-198
-191
130
640
1062
1518
2298
3642
4871
5623
5768
5634
5657
5874
6850
7814
8465
8606
8357
7487
4548
525
-1736
857
5280
6216
2931
-1526
-3948
-5878
-7812
-8048
-4828
-570
-317
-3574
-7113
-7737
-6705
-6020
-4583
-1798
1937
3702
2373
-599
-2412
-982
2014
4592
6285
7533
7967
5982
2345
-102
722
3714
5202
4376
2969
1813
-11
-2815
-4784
-4861
-3371
-1957
-1935
-3063
-4369
-5560
-6712
-7246
-6858
-5461
-3910
-3323
-4031
-5059
-5180
-4664
-4048
-3255
-1710
-210
69
-684
-1225
-752
273
918
952
1169
1595
1645
1045
632
732
863
995
900
617
311
382
442
7
-623
-971
-807
-519
-508
-767
-600
-242
-404
-872
-842
-65
761
1187
1130
1377
2435
3636
4618
5119
5041
4815
5182
6205
7036
7732
7986
7641
6652
4300
1350
245
2739
5500
5237
2385
-655
-2132
-3552
-5362
-6039
-3608
-299
-443
-3587
-6778
-7443
-6322
-4905
-3383
-1343
1055
1658
127
-2029
-2654
-772
2140
3946
4243
4383
4264
3044
1117
44
877
2953
4063
3102
1508
221
-1108
-2461
-3030
-2664
-1689
-971
-1781
-3488
-4690
-5047
-5120
-4958
-4470
-3948
-3429
-3534
-4075
-4141
-3639
-3235
-2863
-2004
-1389
-1169
-803
-204
343
700
776
640
930
1331
1428
1467
1747
1710
1187
776
365
153
132
194
37
-27
-35
-563
-1102
-1342
-1262
-902
-328
-34
191
343
-89
-751
-837
269
1853
3333
3801
3098
2669
3108
4525
5798
6377
6223
5953
5881
3972
1069
-225
1987
4987
4870
1835
-1290
-2142
-3179
-5178
-5958
-3492
62
88
-3120
-6334
-6678
-5366
-4358
-3076
-1014
1347
1884
260
-1569
-1617
802
3551
4697
4578
4353
4388
3558
1854
901
1968
4010
4251
2517
776
70
-142
-807
-1542
-1348
-471
-473
-1756
-3432
-4287
-3988
-3226
-3054
-3353
-3239
-3356
-3879
-4262
-4066
-3069
-1845
-944
-926
-1246
-1154
-902
-584
-229
486
1460
1904
1541
567
5
532
1428
1879
1792
1398
761
115
-385
-575
-263
18
-260
-932
-1509
-1758
-1743
-1469
-1274
-1132
-1129
-1320
-981
-44
968
1654
1784
1487
1541
2791
4476
5395
5687
5341
5111
3898
1294
-566
1186
5685
7315
4236
-492
-2386
-2412
-3440
-4764
-3771
-262
1047
-2359
-7140
-8354
-6011
-3835
-3161
-2487
-630
1017
109
-2295
-3003
-636
3231
5455
5216
4387
4539
4500
3311
2353
3044
5260
6558
4839
2035
938
1041
927
433
-15
-31
-294
-1739
-3669
-4209
-3595
-2927
-2705
-3210
-3712
-3959
-4307
-4386
-3770
-2768
-2297
-2259
-2302
-2250
-1695
-1000
-123
826
1251
1365
1058
597
804
1723
2790
3255
2730
1494
714
899
1223
1561
1963
1860
1154
66
-1046
-1371
-555
292
417
-198
-1229
-1936
-1885
-1301
-506
1
-33
146
829
1340
1360
1486
1907
2682
1899
-309
-1431
710
4084
4253
1156
-1863
-2010
-1790
-3065
-4146
-2684
75
-56
-3622
-6718
-5961
-3224
-2010
-2392
-1996
-352
525
-849
-2668
-2109
814
3562
3890
2743
2190
2805
2964
2000
1524
2690
4506
4608
2252
-65
-52
946
1186
592
148
285
93
-1426
-3295
-3238
-1842
-938
-1331
-2334
-2689
-2478
-2450
-2360
-1566
-576
-209
-292
-466
-296
521
1431
2188
2637
2533
2423
2376
2386
2462
2705
3132
3373
3088
2145
1444
1392
1484
1573
1864
1849
1200
235
-606
-748
-398
-181
-261
-110
152
62
-445
-987
-658
428
1636
2178
1898
1324
1165
852
-674
-2129
-1657
1301
3408
1999
-1787
-4039
-3540
-2999
-3660
-3959
-2081
-570
-2329
-6298
-7799
-5408
-2631
-2358
-3326
-2839
-1398
-1222
-3038
-3975
-2073
1379
3230
2310
670
488
1411
1425
978
1324
2805
3551
1902
-1010
-2000
-607
711
345
-1363
-2258
-2087
-2029
-3035
-3657
-3077
-1855
-1586
-2909
-3638
-2859
-1641
-1244
-762
-100
620
724
404
928
2322
3577
3919
4065
4023
4270
4430
4678
5360
5951
5922
5210
4566
3947
3875
4294
4782
4460
3235
2198
1854
2001
1670
1039
692
771
634
165
217
424
364
158
608
1606
1965
1399
747
560
-747
-2879
-2974
759
4700
3260
-2504
-6195
-4632
-2342
-2598
-3595
-2242
-377
-2508
-7438
-9336
-5788
-1934
-1617
-3648
-4241
-2916
-2598
-4220
-5234
-2926
910
2955
1322
-1446
-1975
-457
762
602
764
1993
2880
811
-2654
-3528
-1223
955
12
-2488
-3644
-2726
-2709
-4229
-5011
-3665
-1965
-2406
-3995
-4496
-3233
-2342
-2007
-1456
-510
75
-45
51
819
2108
2976
3765
4103
3887
3568
3833
4836
5808
6159
5788
5519
4841
3776
3492
4553
5769
5586
3999
2448
2275
2682
2549
2151
1937
1922
1740
1405
1310
1468
1581
1729
2349
2569
2378
2205
2162
1331
-735
-2277
-822
3187
4582
1409
-3106
-4462
-3189
-2411
-2781
-2221
-381
-980
-4768
-8158
-7096
-3458
-1590
-2835
-4239
-3774
-3214
-3990
-5153
-4239
-1448
949
673
-1295
-2403
-1666
-287
274
431
1036
1914
1210
-1124
-2689
-1524
653
962
-873
-2644
-2816
-2639
-3290
-3855
-2840
-1645
-2132
-3717
-4306
-3459
-2505
-2196
-1973
-1305
-1076
-1422
-1347
-158
1207
1910
2014
1938
1911
2008
2696
3835
4640
4433
3896
3781
3944
3875
3854
4212
4491
4153
3379
3016
3295
3386
2636
1890
1953
2553
2829
2539
2008
1860
2116
2570
3102
3406
3196
2621
1595
31
-604
1027
3827
4353
1555
-1734
-2231
-854
-584
-1311
-835
707
136
-3112
-5553
-4256
-1407
-639
-2028
-2963
-2469
-2228
-3194
-3968
-2789
-700
146
-852
-2226
-2457
-1538
-820
-1055
-1180
-667
-526
-1684
-3101
-3243
-2197
-1756
-2872
-4066
-4255
-4260
-4721
-4734
-3796
-3059
-3435
-4387
-4533
-3657
-2747
-2186
-1587
-1133
-1342
-1614
-959
583
1954
2374
2033
1736
1813
2371
3486
4545
4658
3883
3320
3481
3888
3970
3779
3708
3535
2965
2414
2604
3110
2836
1764
1027
1378
2215
2584
2193
1648
1494
1893
2450
2785
2703
2411
1705
308
-699
387
3295
4548
2129
-1545
-2428
-672
326
-518
-926
325
572
-2027
-4807
-4043
-918
499
-944
-2636
-2387
-1278
-1281
-2050
-1631
12
1181
793
-458
-1020
-263
652
515
24
164
574
20
-1488
-2611
-2314
-1550
-1933
-3030
-3694
-3923
-4432
-4974
-4835
-4112
-3594
-3971
-4542
-4432
-3785
-3079
-2346
-1657
-1228
-992
-704
55
1245
2208
2476
2531
2738
3285
4046
4593
4709
4483
4242
4190
4424
4454
4012
3422
2961
2645
2385
2146
1912
1667
1172
435
-95
-91
259
551
470
192
159
305
397
346
87
-669
-1345
-715
1172
2421
1351
-903
-1929
-1174
-206
144
557
1083
473
-1601
-3053
-2160
-60
735
-202
-1287
-1509
-1313
-1290
-996
-202
385
105
-540
-767
-389
139
130
-416
-788
-564
-338
-690
-1604
-2253
-2277
-2279
-2751
-3144
-3046
-3122
-3773
-4528
-4549
-3928
-3535
-3644
-3634
-3299
-3064
-2860
-2298
-1427
-679
-225
154
742
1482
2228
2896
3407
3864
4407
5033
5417
5450
5407
5612
5989
6129
5863
5338
4819
4404
4101
3895
3633
3121
2458
1887
1502
1072
430
-84
-131
15
-104
-359
-528
-648
-992
-1781
-2668
-2735
-1556
-80
193
-1213
-2976
-3472
-2659
-1649
-1007
-584
-494
-1257
-2636
-3178
-1986
-283
56
-992
-1871
-1762
-1349
-1277
-1140
-542
-48
-323
-1041
-1273
-755
-212
-290
-750
-1006
-970
-1066
-1593
-2195
-2291
-1993
-1923
-2315
-2895
-3305
-3421
-3364
-3232
-2972
-2763
-2870
-3072
-2996
-2616
-2078
-1517
-1111
-839
-506
37
767
1397
1764
2159
2762
3343
3815
4351
4925
5204
5086
4964
5259
5848
6212
6041
5499
4945
4654
4722
4870
4645
3984
3250
2809
2671
2474
1950
1386
1081
814
442
176
95
45
-277
-1073
-1898
-2044
-1462
-833
-887
-1726
-2626
-2894
-2652
-2299
-2028
-1938
-2077
-2439
-2859
-2884
-2344
-1766
-1733
-2123
-2345
-2128
-1839
-1824
-1887
-1680
-1299
-1152
-1382
-1626
-1514
-1266
-1231
-1347
-1381
-1350
-1505
-2002
-2472
-2436
-2059
-1875
-2124
-2653
-3151
-3292
-3078
-2754
-2493
-2442
-2607
-2680
-2482
-2143
-1662
-1083
-682
-542
-395
67
837
1498
1747
1950
2450
3009
3332
3545
3847
4195
4400
4409
4468
4731
4978
5019
4870
4619
4502
4656
4806
4651
4226
3795
3628
3698
3626
3262
2848
2528
2229
1886
1531
1272
1123
909
525
88
-279
-589
-850
-1084
-1323
-1556
-1774
-1974
-2159
-2381
-2665
-2884
-2926
-2829
-2732
-2759
-2890
-2982
-2935
-2757
-2532
-2406
-2412
-2455
-2418
-2244
-2011
-1896
-1876
-1815
-1730
-1682
-1642
-1574
-1449
-1334
-1389
-1525
-1513
-1389
-1339
-1425
-1592
-1718
-1755
-1795
-1830
-1790
-1788
-1894
-1971
-1927
-1764
-1566
-1436
-1313
-1102
-871
-622
-295
44
338
605
872
1191
1512
1742
1971
2269
2553
2741
2871
2995
3129
3258
3344
3424
3520
3553
3537
3554
3553
3482
3390
3334
3313
3237
3028
2818
2729
2647
2473
2229
1992
1792
1585
1335
1095
859
607
412
276
120
-130
-450
-674
-743
-810
-959
-1113
-1218
-1279
-1352
-1454
-1501
-1510
-1546
-1572
-1560
-1569
-1614
-1660
-1673
-1658
-1682
-1764
-1809
-1821
-1878
-1974
-2035
-2026
-2006
-2020
-2033
-2011
-1972
-1936
-1877
-1774
-1659
-1589
-1519
-1403
-1278
-1188
-1127
-1059
-975
-869
-760
-655
-568
-534
-494
-378
-244
-172
-135
-85
22
164
250
300
367
434
502
600
699
803
927
1042
1137
1209
1268
1362
1495
1597
1648
1684
1715
1760
1812
1847
1853
1822
1766
1740
1750
1723
1635
1544
1475
1399
1282
1117
968
848
696
512
315
105
-84
-243
-379
-498
-657
-833
-940
-984
-1024
-1065
-1095
-1085
-1049
-1038
-1014
-951
-884
-824
-755
-675
-593
-531
-468
-363
-263
-226
-194
-101
16
87
98
114
159
187
192
204
235
237
198
154
134
105
37
-3
17
29
-8
-64
-82
-69
-70
-75
-30
26
16
-23
-11
47
74
32
-3
18
42
38
42
65
58
13
3
73
175
226
244
277
294
283
287
349
423
410
318
243
214
176
107
29
-46
-140
-256
-337
-391
-476
-590
-674
-714
-779
-900
-1008
-1046
-1053
-1095
-1166
-1215
-1242
-1279
-1291
-1261
-1214
-1197
-1199
-1167
-1088
-1009
-940
-857
-773
-695
-606
-487
-351
-226
-117
-6
132
278
429
580
721
842
951
1079
1225
1361
1453
1509
1554
1592
1624
1646
1653
1630
1579
1521
1457
1379
1298
1225
1168
1122
1075
1005
924
867
842
840
832
794
721
656
626
594
541
467
380
308
238
172
102
28
-31
-86
-126
-157
-173
-163
-149
-169
-217
-270
-283
-272
-278
-318
-395
-492
-601
-691
-753
-813
-890
-990
-1097
-1200
-1292
-1357
-1398
-1430
-1472
-1528
-1579
-1605
-1603
-1568
-1520
-1499
-1506
-1498
-1434
-1327
-1221
-1147
-1078
-994
-903
-804
-691
-563
-449
-355
-267
-171
-82
-11
71
169
261
324
367
416
483
557
626
668
697
739
805
872
909
914
918
938
956
954
940
937
925
885
833
797
787
784
775
753
732
717
717
748
788
815
816
816
836
847
829
788
752
740
732
692
625
556
503
469
445
409
371
334
296
260
210
153
84
12
-72
-151
-219
-301
-412
-541
-657
-744
-813
-882
-943
-994
-1056
-1127
-1192
-1215
-1206
-1202
-1211
-1224
-1223
-1209
-1189
-1157
-1118
-1077
-1032
-986
-926
-853
-769
-666
-567
-474
-376
-265
-137
-3
123
235
327
407
489
578
660
707
719
714
707
706
683
648
598
547
503
455
406
348
291
244
203
160
117
82
59
38
15
5
24
61
101
127
159
211
284
359
432
512
595
667
725
769
811
834
839
834
816
780
725
662
601
536
453
362
282
213
143
54
-42
-148
-252
-351
-450
-541
-634
-726
-822
-910
-972
-1005
-1029
-1054
-1064
-1038
-978
-913
-858
-795
-718
-630
-545
-453
-341
-226
-142
-97
-51
17
97
154
190
226
258
272
267
279
320
370
406
426
463
520
563
577
602
650
702
725
712
692
670
628
563
489
422
355
265
142
25
-65
-142
-228
-322
-400
-467
-541
-608
-658
-678
-685
-705
-728
-733
-712
-669
-616
-553
-485
-433
-394
-346
-257
-144
-53
-2
31
75
129
158
169
184
195
179
148
126
124
119
74
2
-44
-47
-54
-100
-177
-246
-295
-341
-394
-433
-453
-468
-503
-546
-551
-512
-454
-415
-371
-286
-164
-46
39
115
218
344
459
571
681
787
874
926
972
1043
1136
1210
1242
1255
1264
1276
1278
1278
1284
1291
1279
1238
1199
1171
1143
1087
1007
930
856
767
663
545
424
293
142
-7
-147
-273
-393
-529
-666
-792
-894
-989
-1065
-1127
-1184
-1245
-1311
-1344
-1335
-1304
-1295
-1319
-1338
-1321
-1260
-1182
-1116
-1076
-1057
-1044
-1018
-970
-895
-821
-796
-802
-811
-796
-768
-753
-756
-757
-746
-732
-733
-748
-763
-748
-710
-664
-625
-608
-605
-584
-540
-466
-380
-307
-255
-199
-116
-15
91
203
306
410
525
648
781
907
1019
1126
1237
1365
1483
1568
1620
1663
1731
1815
1874
1890
1874
1848
1840
1833
1826
1805
1762
1692
1600
1516
1470
1433
1358
1252
1147
1070
1009
936
832
723
638
566
486
388
288
197
103
15
-72
-146
-207
-284
-378
-463
-522
-569
-617
-680
-737
-784
-822
-863
-908
-943
-976
-1004
-1029
-1053
-1089
-1134
-1184
-1225
-1239
-1264
-1301
-1344
-1401
-1448
-1481
-1493
-1505
-1528
-1564
-1604
-1610
-1585
-1554
-1556
-1570
-1550
-1488
-1407
-1356
-1331
-1292
-1210
-1106
-993
-880
-777
-684
-597
-502
-376
-219
-76
30
115
225
368
506
604
677
755
857
959
1030
1075
1120
1176
1226
1272
1296
1306
1306
1293
1284
1291
1308
1299
1263
1226
1211
1215
1215
1204
1190
1182
1191
1205
1217
1213
1194
1171
1159
1169
1178
1164
1115
1053
1002
968
927
849
747
626
504
391
297
220
141
33
-100
-225
-324
-398
-476
-568
-651
-721
-785
-833
-858
-864
-846
-842
-871
-898
-906
-895
-877
-873
-885
-891
-884
-867
-834
-797
-779
-783
-808
-827
-820
-806
-816
-840
-866
-881
-860
-821
-784
-748
-736
-747
-731
-692
-635
-563
-511
-482
-450
-402
-356
-307
-259
-233
-206
-158
-89
-11
50
71
75
98
149
194
216
225
241
280
348
419
465
479
458
441
436
466
548
598
614
644
670
711
791
826
815
827
805
775
796
820
846
880
858
793
752
712
674
660
629
592
556
497
429
390
356
304
245
176
112
87
78
61
42
-4
-75
-145
-202
-235
-244
-249
-264
-271
-262
-230
-184
-178
-196
-241
-311
-326
-286
-213
-84
50
129
181
193
158
126
87
38
23
37
67
122
159
149
111
21
-99
-196
-275
-331
-351
-369
-398
-427
-468
-508
-531
-543
-546
-540
-553
-578
-585
-583
-559
-523
-508
-516
-539
-550
-545
-521
-499
-493
-518
-535
-501
-431
-341
-273
-290
-359
-414
-441
-401
-310
-234
-189
-176
-192
-189
-201
-245
-262
-326
-362
-259
-125
13
175
201
101
93
44
36
179
280
353
490
561
585
651
612
508
445
383
391
494
566
590
563
466
366
324
313
305
310
294
293
333
383
416
415
384
339
343
405
487
564
586
551
524
520
552
602
601
579
540
502
523
570
598
603
548
460
409
368
352
356
306
239
183
122
92
86
26
-56
-129
-218
-263
-269
-300
-342
-404
-483
-523
-540
-538
-533
-553
-571
-587
-619
-640
-662
-703
-723
-722
-725
-705
-680
-696
-708
-710
-733
-748
-733
-725
-693
-628
-585
-550
-518
-509
-511
-490
-453
-413
-352
-289
-236
-209
-189
-194
-208
-207
-184
-161
-128
-74
-57
-37
-12
-32
-49
-49
-62
-34
23
73
125
142
163
168
167
216
260
307
376
411
445
506
541
587
640
669
714
760
796
823
847
851
849
895
939
985
1063
1040
969
930
809
761
799
773
811
853
812
812
777
656
544
416
302
279
297
334
353
312
262
166
56
-23
-139
-223
-231
-249
-216
-162
-223
-291
-369
-490
-535
-543
-585
-575
-572
-621
-586
-606
-672
-676
-728
-783
-741
-754
-790
-744
-779
-802
-747
-770
-816
-788
-828
-863
-816
-833
-875
-860
-872
-914
-848
-822
-874
-831
-864
-942
-878
-878
-887
-757
-753
-726
-610
-634
-592
-519
-541
-448
-325
-242
-71
34
90
161
196
262
351
449
587
686
770
874
875
899
944
929
993
1090
1115
1161
1200
1120
1111
1101
1018
1045
1051
1012
1098
1107
1077
1130
977
920
898
785
865
913
868
939
930
831
844
763
680
613
609
591
555
629
552
413
400
287
147
193
128
27
40
-27
-121
-188
-205
-349
-432
-367
-502
-554
-456
-689
-711
-636
-853
-760
-782
-939
-917
-963
-1021
-1006
-1046
-1071
-1166
-1201
-1088
-1233
-1122
-1024
-1308
-1204
-1106
-1400
-1117
-957
-1278
-886
-865
-1157
-775
-799
-1027
-661
-583
-757
-273
-246
-438
-104
-196
-336
-2
28
7
351
305
256
418
278
262
452
344
501
672
402
679
555
385
648
550
481
721
673
557
807
709
672
775
819
763
880
990
844
1008
942
946
1027
993
1028
1081
928
968
1046
795
894
992
581
718
895
261
701
555
126
501
241
81
271
-35
-7
-104
-273
-45
-335
-167
-243
-322
-532
-196
-689
-502
-212
-923
-95
-561
-635
-245
-711
-755
-404
-731
-626
-99
-704
-357
-400
-862
-520
-594
-649
-349
-292
-534
-247
-535
-713
-410
-813
-406
-408
-405
-174
-429
-499
-456
-749
-648
-238
-609
-109
9
-598
-183
-426
-835
-211
-232
-304
219
149
-394
184
-330
-401
271
-85
305
519
336
180
452
-21
170
499
300
629
767
505
450
505
225
290
511
459
426
728
346
371
331
95
233
86
306
281
238
304
157
-3
-8
61
-94
186
169
114
150
47
59
-71
54
86
59
136
299
31
146
218
-141
184
113
45
356
151
212
213
70
110
179
74
212
351
68
334
293
-122
372
35
-91
448
-3
83
453
-211
94
116
-426
133
-34
-284
257
-111
-358
136
-500
-383
44
-507
-40
-82
-289
-175
-251
-245
-409
-39
-253
-219
107
-223
-151
-13
-352
-168
-93
-192
-38
-61
-100
-227
-176
-427
-178
-432
-295
-40
-650
-57
-336
-860
-172
-566
-888
-72
-474
-729
-112
-425
-983
-144
-394
-1074
302
-489
-618
283
-508
-371
3
-221
-476
384
-305
77
365
-257
444
-32
94
313
179
275
493
374
401
518
442
359
523
574
462
639
820
583
580
982
315
621
919
319
729
1003
421
687
1008
142
710
688
146
744
497
360
571
408
287
349
112
306
127
103
506
-126
302
312
-347
225
142
-441
360
175
-391
562
-68
-338
327
-230
-296
144
-1
-374
331
-271
-366
-40
-556
-357
-399
-395
-416
-399
-534
-509
-762
-686
-793
-680
-917
-463
-758
-790
-545
-747
-992
-565
-683
-1022
-158
-764
-530
-434
-268
-980
-21
-599
-685
125
-621
-145
-155
-99
-571
201
-499
-270
64
-311
-12
89
22
-191
308
-254
-50
236
-140
125
543
-132
402
532
-314
639
131
179
511
449
449
448
660
197
552
291
589
398
596
804
389
766
524
372
568
484
376
801
462
521
808
105
622
354
266
501
287
649
19
601
159
34
241
291
-82
275
496
-482
599
-181
-269
279
-182
-232
447
-361
-102
281
-716
39
-147
-441
-155
174
-667
88
-177
-708
58
-561
-328
-167
-385
-176
-320
-422
-78
-748
-210
-98
-895
136
-133
-1033
448
-529
-905
377
-607
-669
239
-324
-784
361
-490
-760
267
-517
-684
380
-519
-457
360
-568
-446
356
-720
-219
498
-845
412
72
-495
315
-7
-453
474
129
-396
1032
-317
37
740
-375
97
813
-191
259
1207
-533
670
784
-695
938
419
-185
1012
516
-36
804
471
-426
1055
200
-65
1283
34
278
829
-50
83
779
-26
310
971
-84
440
616
-355
404
256
-109
504
275
52
348
59
-238
258
-234
-136
376
-281
-82
278
-625
-93
-182
-422
-271
-46
-328
-391
-26
-732
-174
-682
-278
-500
-351
-475
-211
-672
-496
-131
-1145
113
-639
-521
-163
-399
-796
127
-928
-398
107
-1124
312
-396
-709
236
-518
-717
492
-910
-55
239
-729
164
38
-665
225
-37
-647
709
-545
162
232
-388
314
-165
2
118
191
-115
507
36
-15
611
-261
373
333
158
380
495
256
392
466
184
536
308
511
597
346
754
388
357
705
195
594
582
351
736
363
399
541
75
471
327
216
434
373
117
259
191
-85
175
-15
136
-24
-8
258
-550
194
-65
-677
387
-296
-403
234
-289
-522
148
-506
-394
41
-487
-192
-147
-496
-104
-537
-199
-275
-484
96
-645
-70
-296
-473
-291
-24
-791
107
-80
-908
567
-768
-171
-112
-281
-198
-168
19
-345
-49
-200
-68
-374
140
-116
-249
283
-256
-118
163
-392
182
-66
-194
411
-286
31
340
-383
122
430
-466
531
241
-244
654
-52
51
524
-23
207
775
-376
750
403
-470
1132
-244
59
910
-276
218
792
-636
583
205
-580
782
-273
-227
641
-458
-190
515
-752
193
-29
-284
106
-212
-7
-76
-343
108
2
-611
758
-520
-82
590
-653
221
174
-346
134
348
-502
457
49
-479
530
-235
-322
574
-380
-73
509
-625
223
102
-531
266
5
-313
205
212
-414
259
208
-386
353
94
40
89
326
58
-24
318
21
11
194
187
-115
311
-36
-69
186
-229
23
120
-357
267
-76
-297
297
-286
-56
-12
72
-144
73
197
-207
111
32
60
-319
464
-185
-225
534
-406
-1
7
26
-611
458
-343
-404
435
-540
-228
101
-379
-487
439
-872
295
-183
-539
525
-852
147
57
-661
260
143
-832
785
-402
-631
1111
-1305
446
415
-1041
802
-41
-650
626
-157
-603
810
-520
-104
718
-774
414
158
-563
378
-13
-306
331
73
-277
577
-350
40
604
-661
589
364
-377
607
426
-368
657
271
-175
675
177
111
606
114
183
538
-56
297
423
10
215
618
-314
434
412
-482
633
74
-226
406
205
-462
631
-359
-56
303
-584
444
-319
-147
107
-103
-424
145
-77
-552
226
-123
-388
-39
87
-541
4
-5
-481
116
-115
-452
281
-273
-503
458
-427
-455
443
-238
-821
901
-702
-544
784
-920
-144
423
-809
18
251
-950
457
-307
-628
570
-624
-213
440
-750
126
53
-452
-2
169
-444
169
101
-373
404
-326
225
47
-88
352
49
-12
438
-8
64
487
-100
293
452
-251
727
-10
42
690
-306
492
120
192
175
264
113
243
145
35
498
-411
698
-171
38
531
-414
392
5
15
-14
244
-52
-142
312
-125
-143
190
25
-233
176
2
-164
28
-14
-100
-25
-151
78
-185
-137
38
-156
-145
-208
234
-577
12
285
-766
176
262
-880
310
192
-1014
734
-351
-559
696
-778
91
193
-740
472
-306
-385
472
-532
-158
381
-729
208
64
-570
417
-376
44
-109
54
-110
-50
257
-389
450
-120
-47
448
-192
209
255
-50
279
102
139
260
95
25
567
-397
467
219
-293
602
-289
446
-298
408
-17
-98
344
-61
30
56
263
-326
380
-9
-121
225
92
-305
416
-44
-464
859
-675
-16
662
-751
130
523
-755
179
458
-992
745
-286
-514
740
-679
-183
608
-817
-29
457
-833
147
79
-518
-23
-10
-538
157
-209
-593
553
-665
-333
579
-817
16
275
-526
79
-1
-90
-52
-8
95
-76
33
63
77
-134
347
-212
206
210
-316
586
-276
99
323
-203
174
149
-86
180
85
-45
311
-177
252
78
-80
310
-65
191
111
7
319
-124
204
256
-167
289
185
-124
258
210
-177
388
-31
68
174
20
79
165
-25
82
182
-121
118
82
35
-251
514
-457
118
150
-277
104
-186
171
-316
15
30
-114
-391
448
-408
-395
726
-924
242
143
-649
342
-221
-374
331
-410
-238
514
-922
336
210
-1058
920
-501
-566
881
-892
24
494
-832
238
284
-852
518
31
-820
925
-540
-313
831
-795
190
492
-663
313
435
-798
754
-23
-470
864
-390
-21
612
-352
25
711
-744
627
80
-348
642
-342
298
-55
222
-136
242
-6
2
153
4
60
1
232
-183
151
110
-30
-165
564
-526
229
370
-599
524
-53
-235
297
12
-270
381
-147
-166
366
-249
-99
391
-438
155
182
-432
403
-259
15
53
-95
-122
200
-301
-68
376
-798
547
-244
-394
306
-155
-405
294
-99
-510
573
-537
37
154
-337
99
69
-356
344
-241
-91
196
-168
-203
347
-254
-282
705
-837
457
52
-379
266
60
-340
232
190
-584
616
-130
-462
712
-358
-301
658
-419
-112
470
-151
-360
797
-523
5
531
-493
235
206
-142
43
315
-175
92
127
144
-365
582
-153
-206
614
-227
-101
418
80
-601
973
-450
-309
966
-678
-20
765
-626
-51
846
-890
295
459
-620
150
487
-608
124
547
-849
539
-32
-373
281
-92
-142
-15
139
-329
126
25
-300
224
-245
39
-58
-150
204
-423
316
-223
-80
103
-150
-39
-51
97
-299
206
-104
-102
86
-52
-14
-127
186
-251
52
26
-39
-188
198
-88
-263
359
-320
-70
229
-198
-154
388
-344
-79
471
-489
89
427
-530
226
286
-342
174
243
-137
-44
424
-244
125
212
-80
106
54
127
-22
69
125
-18
31
175
-104
83
117
-127
126
92
-203
244
-74
-36
47
96
-151
-41
363
-524
302
149
-556
532
-206
-257
445
-401
65
193
-338
184
48
-324
305
-94
-297
479
-360
-106
549
-742
430
129
-697
778
-442
-199
533
-461
-33
359
-393
16
226
-332
77
51
-167
50
-88
3
45
-291
405
-399
98
188
-378
290
-109
-133
188
-149
-27
176
-228
103
91
-179
94
196
-383
331
-3
-369
597
-508
218
199
-485
550
-267
-145
472
-427
94
318
-444
278
111
-367
374
-15
-426
734
-522
-22
676
-832
508
207
-592
590
-97
-360
636
-363
-69
555
-570
228
423
-739
680
-136
-370
621
-370
-49
403
-354
-28
472
-495
92
491
-697
338
333
-754
641
-130
-433
608
-395
-90
449
-528
139
295
-547
276
155
-545
375
-37
-368
341
-192
-142
193
-221
8
99
-308
245
-151
-133
233
-260
50
36
-94
-74
191
-318
203
-28
-280
424
-403
149
68
-174
81
64
-119
63
10
-5
-41
90
-8
-111
263
-301
317
-205
171
-91
104
36
-133
349
-364
328
-116
78
-46
166
-102
24
232
-288
300
-26
-134
238
19
-295
531
-339
3
341
-278
58
194
-71
-185
445
-368
141
114
-108
4
106
-33
-135
293
-279
146
43
-154
147
-85
9
58
-108
99
-13
-117
214
-187
44
58
-31
-112
206
-167
-21
162
-210
147
-102
31
-14
-107
133
-115
-85
175
-186
-32
142
-158
-81
214
-236
1
209
-345
212
-11
-212
252
-158
-47
172
-165
33
104
-126
61
19
-49
80
-114
140
-42
-175
346
-287
-30
353
-393
78
316
-468
233
142
-409
309
-26
-283
293
-85
-266
425
-334
-41
317
-362
72
210
-269
-15
271
-297
-19
327
-385
134
108
-171
14
78
-12
-164
211
-94
-124
201
-130
-11
43
21
-120
116
-31
-133
258
-333
308
-177
-38
240
-332
228
1
-224
294
-151
-74
215
-107
-147
406
-370
77
378
-643
622
-292
-17
230
-169
41
143
-163
145
62
-204
375
-298
115
188
-265
151
223
-467
503
-183
-121
345
-219
42
156
-76
-86
350
-398
334
-58
-146
266
-131
-34
161
-35
-162
343
-236
0
243
-238
59
154
-181
60
109
-158
76
49
-115
65
7
-102
90
-28
-110
183
-209
67
28
-129
50
-31
-10
-156
217
-272
120
-47
-61
-4
-39
74
-260
265
-221
31
53
-108
50
-65
122
-217
151
1
-158
179
-116
7
-66
203
-277
93
204
-433
390
-114
-197
278
-115
-77
146
-91
-50
97
-34
-82
118
-119
54
-6
-80
114
-163
188
-128
28
101
-160
142
-25
-103
123
17
-165
227
-60
-155
327
-155
-128
400
-303
38
314
-347
167
210
-328
249
56
-238
291
-95
-100
233
-143
14
165
-208
153
57
-171
210
-68
-131
286
-265
91
91
-207
200
-98
-20
72
-18
-107
218
-252
77
184
-400
368
-155
-158
288
-257
15
60
-42
-171
259
-240
2
233
-390
334
-204
-17
75
-118
-29
71
-113
-6
101
-220
142
-24
-161
170
-108
-125
234
-224
52
82
-133
31
77
-106
9
102
-119
54
24
-34
-67
148
-136
-16
164
-204
119
64
-156
162
-26
-55
112
-78
16
44
-90
134
-90
-21
179
-256
201
-15
-136
190
-18
-119
226
-95
-81
241
-221
126
29
-75
101
-18
70
-28
87
1
-4
119
-78
58
41
2
32
63
-22
6
123
-81
46
51
-36
-19
162
-145
12
212
-265
190
31
-188
163
18
-188
172
-64
-85
109
-43
-67
51
65
-209
214
-179
24
58
-111
75
-111
121
-141
42
14
-151
90
-24
-136
108
-62
-86
112
-91
-99
129
-144
-40
127
-237
141
-46
-78
82
-110
45
-42
-12
-8
-51
20
-5
-29
-17
45
-73
22
96
-207
183
-12
-155
233
-138
-74
198
-152
-33
160
-148
16
158
-141
19
182
-212
152
21
-156
178
-119
48
15
-44
46
-26
9
22
9
-38
131
-70
15
132
-138
80
105
-181
147
39
-147
194
-60
-38
100
0
-20
30
85
-92
70
118
-175
152
51
-158
196
-23
-117
180
-57
-105
223
-190
55
118
-193
168
-51
-51
108
-47
-42
115
-85
-9
114
-134
55
46
-103
43
21
-97
48
8
-80
74
-72
18
20
-85
116
-115
-1
116
-185
101
55
-175
125
4
-151
82
44
-210
126
30
-261
237
-112
-119
156
-62
-113
151
-63
-120
228
-197
77
40
-75
45
-6
-14
3
0
3
-28
-17
29
-72
49
-44
-18
-1
4
-34
39
-24
2
7
2
-31
45
-38
11
51
-108
135
-108
34
38
-35
-36
117
-105
-26
183
-244
146
60
-193
139
36
-178
150
16
-147
141
31
-160
156
23
-181
217
-76
-84
148
-83
-23
54
2
-77
80
-7
-59
86
-33
0
7
66
-77
59
61
-145
158
-64
-69
136
-104
-14
89
-71
-52
168
-146
10
214
-276
188
47
-189
179
16
-165
158
24
-236
284
-135
-89
208
-146
-25
139
-89
-42
169
-116
-7
169
-165
60
109
-166
112
-10
-65
10
43
-79
-2
93
-126
42
79
-129
50
106
-174
112
37
-141
83
66
-159
83
92
-212
138
52
-204
132
57
-222
136
65
-252
174
63
-258
212
35
-233
207
47
-254
231
18
-241
263
-46
-152
176
-2
-169
159
15
-190
180
-43
-118
96
14
-138
96
37
-145
112
6
-103
54
51
-118
42
71
-136
39
101
-158
59
114
-184
94
71
-157
60
91
-161
54
111
-184
76
105
-174
63
121
-173
58
127
-184
73
110
-164
59
99
-124
14
128
-121
-13
140
-128
-38
169
-149
-24
177
-164
10
151
-153
34
103
-121
5
101
-108
4
115
-138
79
25
-64
41
14
-34
-17
60
-88
38
38
-76
58
27
-85
88
-6
-74
77
-16
-74
96
-35
-58
85
-49
1
14
46
-65
39
41
-83
36
47
-78
17
89
-116
49
53
-94
42
14
-12
-68
117
-52
-71
171
-119
27
54
-7
-96
124
-58
-101
149
-131
8
57
-39
-13
49
-16
-16
21
8
-47
32
-8
-18
-5
43
-51
32
39
-84
114
-76
25
17
-24
-7
38
-40
-2
69
-75
58
1
-15
-17
49
-27
-68
129
-113
-4
130
-136
50
84
-102
7
113
-171
66
48
-161
104
-26
-59
78
-16
-24
62
-35
14
12
-13
-7
12
-44
35
-20
-11
50
-62
46
-18
-4
7
9
-24
26
-8
-16
35
-34
26
19
-15
24
35
-51
54
-14
-55
73
-38
-39
83
-51
-33
99
-74
-28
98
-105
-8
78
-103
8
66
-70
10
76
-68
13
65
-55
-1
55
-56
-1
37
-50
14
14
-6
-2
13
2
-8
3
3
4
-14
21
0
-26
28
-5
-20
23
2
-15
-3
31
-41
3
44
-44
-2
46
-38
-23
69
-49
-34
80
-66
-28
74
-67
-21
65
-37
-25
77
-35
-26
77
-40
-20
53
-18
-32
46
-10
-30
41
-1
-21
22
11
-28
3
26
-35
-15
48
-39
-25
69
-47
-34
88
-65
-38
98
-69
-28
102
-72
-26
97
-77
-23
87
-77
-10
78
-70
-5
57
-61
3
40
-52
19
20
-31
40
-4
-9
38
-23
3
28
-40
17
35
-39
33
29
-43
24
11
-43
14
9
-27
12
17
-13
-4
9
-11
-20
12
4
-27
19
15
-40
21
18
-49
18
23
-43
31
36
-39
27
29
-46
16
23
-39
17
23
-29
15
15
-32
3
-6
-29
8
-1
-10
16
4
-4
15
-3
-6
19
-2
-1
29
-4
4
29
-15
-14
22
-26
-15
34
-33
-1
38
-35
2
26
-43
1
24
-46
11
29
-38
25
22
-36
18
10
-37
13
11
-35
15
12
-30
24
11
-24
10
-1
-16
12
7
-2
15
8
10
6
-5
10
-14
-4
17
-21
-4
26
-19
-8
26
-32
-15
26
-27
-9
38
-17
-14
41
-20
-26
37
-29
-30
44
-14
-30
43
-5
-29
42
-13
-37
41
-1
-24
36
3
-21
29
5
-23
23
0
-23
17
5
-16
3
8
-10
-4
10
-9
-6
13
-16
-19
21
-8
-19
25
-2
-9
24
-11
-12
23
-9
-15
16
1
-12
9
1
-8
2
-2
-8
3
7
-4
9
4
-9
3
-2
0
8
-9
1
15
-14
5
18
-20
5
18
-22
1
24
-22
-4
28
-24
-14
29
-20
-14
40
-14
-24
39
-16
-27
33
-10
-23
28
-3
-17
22
-2
-18
14
8
-15
1
16
-8
-4
12
-6
-8
5
1
-6
2
10
-11
-6
24
-10
-23
30
-1
-22
34
-8
-31
35
-8
-33
35
5
-28
27
10
-25
19
7
-33
11
13
-26
5
18
-11
8
15
-23
-5
11
-18
-2
12
-3
4
9
-9
0
6
-15
-8
5
-5
-1
8
2
3
4
-6
-6
4
-2
-12
0
9
-7
0
8
-9
6
6
-19
4
15
-15
0
14
-11
1
9
-5
-2
-3
-6
-1
10
3
-3
7
3
-1
5
1
-3
2
-8
4
2
-8
13
-4
-18
18
-3
-21
20
-1
-17
19
-3
-18
23
-2
-23
17
12
-18
10
9
-18
12
6
-24
7
11
-17
8
11
-13
2
2
-10
3
11
0
-6
0
5
-1
-1
0
-1
-6
-3
0
1
11
7
-14
-2
14
-8
4
9
-17
2
7
-11
7
11
-9
-4
4
4
8
-2
-6
-2
1
1
-5
-3
4
2
1
1
6
0
-9
-3
-7
0
13
-5
-7
8
-3
-3
6
-7
-3
1
-5
-1
9
8
-3
-2
-1
-3
0
-5
-7
5
-1
-5
3
1
7
6
-6
2
-4
-4
7
1
1
4
-1
3
-2
-7
1
1
-1
-1
0
6
7
1
-2
-3
2
0
-2
6
-2
-3
2
-3
-2
4
-5
-4
0
-1
5
6
-1
0
1
-5
-1
0
2
1
0
-5
0
3
3
4
2
0
0
-2
3
7
2
-2
-3
3
-1
-4
-1
5
4
-4
-7
2
7
3
0
-1
0
-4
-5
-1
6
3
-6
-7
3
7
0
-4
-2
1
-3
-4
2
10
5
-8
-8
0
4
4
0
-1
1
-1
-2
3
7
-2
-9
-5
3
6
2
-3
-4
-2
-1
0
2
-3
-2
1
1
4
4
-2
-4
-3
1
6
3
-2
-5
-3
0
4
