-1
-1
-1
-2
0
1
0
-1
0
-1
-3
0
0
-2
-1
-2
0
1
0
-1
-1
1
0
-1
-1
1
1
2
0
1
-1
0
1
1
0
1
1
1
1
2
2
0
0
1
1
0
1
-1
1
0
1
2
1
0
-2
0
0
0
1
-1
-1
-1
-1
0
-1
-1
0
-2
-2
0
-1
-2
1
1
0
-1
0
0
0
0
0
-1
-1
0
0
0
-1
0
0
0
-1
-1
0
0
-1
0
0
-1
0
0
1
2
1
1
0
1
-1
1
1
0
-1
0
0
1
1
-1
-2
0
0
1
0
0
1
1
0
0
0
0
0
0
-1
-1
0
-1
-1
0
-1
-1
1
0
0
-2
-2
-1
0
0
-1
-3
-1
-1
-2
-1
-1
0
0
0
0
0
1
1
0
0
0
2
1
-1
0
1
1
0
0
-1
-1
0
2
-1
-1
1
1
2
1
0
1
1
0
0
0
0
-2
0
0
2
2
0
0
-2
0
0
1
1
0
1
0
0
1
-1
-1
1
1
1
2
2
1
0
-3
-3
-1
0
-1
0
0
0
-2
0
0
-2
2
1
-2
-2
0
0
-1
0
1
1
-1
0
1
0
1
-1
0
4
3
-1
2
-1
-1
1
0
1
3
2
1
0
-1
-1
0
0
0
-2
0
-3
-3
4
-1
-1
1
2
0
1
-1
-1
1
1
0
-2
3
0
-3
3
3
-1
1
2
-2
0
0
-2
-1
0
0
0
1
1
-2
-3
2
0
-1
5
4
-3
-3
1
-2
-1
5
0
-3
1
2
-8
1
3
-3
3
8
-1
-5
3
-5
-4
3
1
-2
1
3
-6
-4
2
-2
-1
7
-1
-4
4
-4
-6
2
-1
-2
2
3
2
-1
-1
1
-4
2
4
-1
4
1
-3
1
-2
-3
2
-1
3
2
-4
3
-2
-6
8
0
-2
5
-1
-3
-3
-3
1
2
1
4
-5
0
0
-9
1
4
-2
6
3
-4
1
-4
-2
1
0
5
0
-4
2
-4
-6
4
-2
2
7
0
-1
-1
-2
-3
0
0
3
0
7
-1
-9
3
-4
-3
8
4
-6
4
2
-11
2
1
-2
1
9
-2
-6
9
-4
-7
5
4
-8
8
5
-9
4
-1
-3
0
4
-2
1
3
-1
3
-8
3
-2
-3
1
1
3
-6
6
-4
-5
1
5
-7
-3
19
-13
-2
15
-14
-3
12
-2
-10
11
2
-10
2
7
-4
-11
21
-2
-12
17
-4
-19
13
1
-12
13
-1
2
-7
5
1
-14
14
-4
-1
2
7
-12
8
-1
-11
16
-14
10
-3
2
-4
5
-5
-2
8
-12
19
-22
20
-7
-5
10
-12
12
-17
16
-11
4
0
1
3
-14
21
-19
7
9
-11
11
-11
7
-7
1
3
-6
10
-11
7
-4
4
-11
10
5
-25
35
-23
-4
14
-10
-3
11
0
-7
8
-13
11
-11
6
9
-7
-5
11
-13
-1
3
-3
19
-31
40
-23
-8
14
-3
-8
2
29
-42
33
-20
7
-10
12
10
-21
25
-16
9
-24
34
-31
13
9
-10
4
-5
19
-38
38
-18
7
-5
9
-4
-18
27
-17
2
-4
21
-32
11
14
-25
6
18
-15
-2
12
-7
-4
-7
26
-28
9
9
-3
-21
30
-6
-27
50
-42
20
-5
4
-14
15
-6
-10
28
-43
47
-41
30
-10
-5
18
-21
26
-31
41
-41
31
-9
-7
16
-25
38
-50
45
-19
-10
25
-14
0
-4
26
-44
38
-11
-21
34
-22
6
9
-8
-3
10
-13
3
8
-4
-7
12
-3
-14
15
3
-11
-3
27
-28
8
17
-21
15
-12
13
-5
-6
0
12
-12
-19
62
-61
10
34
-28
-8
8
38
-80
71
-19
-24
36
-38
46
-55
50
-31
32
-37
9
59
-126
111
-41
-14
16
21
-37
13
25
-59
65
-58
51
-35
24
-36
40
-24
-28
74
-73
65
-66
66
-49
2
31
-29
8
-1
46
-73
47
-1
-21
-9
42
-39
7
27
-42
22
-6
1
-17
18
8
-28
26
-8
-14
22
-15
24
-60
99
-71
-18
96
-88
21
9
28
-103
132
-64
-53
133
-103
5
46
-11
-65
113
-107
64
-7
-41
51
-51
68
-120
190
-224
172
-27
-141
217
-188
158
-190
210
-134
-1
91
-112
127
-178
229
-217
129
-12
-62
67
-75
118
-142
119
-94
96
-72
-31
124
-115
60
-50
95
-118
67
33
-115
99
-3
-55
17
43
-63
75
-88
39
65
-108
49
32
-68
62
-17
-84
174
-158
44
66
-111
65
23
-53
-37
142
-106
-28
68
-6
-6
-81
126
-61
-15
49
-66
75
-46
0
1
33
-71
102
-57
-93
225
-186
40
7
56
-32
-82
122
-44
-7
-46
85
-46
-21
52
-33
-8
1
79
-102
-47
217
-162
-76
173
-38
-93
60
27
-46
31
-23
2
8
20
-19
-20
20
37
-46
15
-48
104
-26
-128
121
19
-48
-85
148
-44
-72
90
-53
-13
90
-84
-31
101
-58
11
-6
-53
125
-18
-190
195
21
-160
66
64
-84
74
-51
-43
137
-94
-22
28
53
-80
107
-129
14
192
-207
-33
161
15
-210
187
-34
-70
117
-109
4
85
-9
-97
63
33
-29
-22
-31
98
0
-168
206
-70
-68
89
-52
-19
59
46
-215
224
-3
-141
21
91
-5
-107
121
-91
93
-83
19
32
-100
163
-125
14
78
-33
-63
-11
141
-95
-71
149
-92
37
-1
-70
55
13
6
-64
101
-79
54
-98
90
45
-199
226
-110
9
52
-48
-170
321
-143
-144
277
-236
205
-172
31
73
-83
36
77
-89
-9
139
-225
104
58
-66
12
-11
21
114
-255
125
61
-141
166
-20
-136
60
155
-257
173
-169
182
3
-185
227
-146
-12
82
-48
-88
252
-233
95
17
-45
60
-126
35
83
57
-242
294
-324
300
-43
-364
503
-347
182
-77
40
-36
-27
93
-138
198
-254
301
-316
135
304
-537
241
82
-44
-57
48
-78
49
84
-12
-179
71
165
-193
130
-118
65
0
20
-13
33
-186
195
39
-210
247
-244
130
34
5
-88
-50
135
24
-116
59
-12
-47
97
13
-123
8
131
-96
71
-95
61
-47
58
51
-135
70
-46
101
-28
-70
80
-99
167
-110
5
-10
-28
103
-21
9
-204
326
-164
-107
254
-249
48
211
-156
-81
148
-65
-45
81
14
-99
0
267
-336
37
313
-497
332
47
-186
11
93
61
-341
408
-233
-74
213
8
-133
-135
396
-338
66
149
-152
-104
332
-156
-243
308
-154
43
-3
48
-210
238
-79
-33
-27
-36
136
-103
117
-178
33
161
-131
-2
7
-17
36
-20
134
-448
434
5
-386
444
-257
-31
216
-92
-130
89
15
62
-167
165
-132
45
63
-48
-31
-127
397
-502
454
-297
-25
289
-269
194
-277
378
-328
255
-69
-214
261
-8
-91
-30
107
-101
155
-150
60
-166
253
-18
-289
217
0
-57
-47
258
-497
420
76
-418
313
-99
62
-60
67
-24
0
6
117
-181
13
264
-320
253
-110
69
-31
-23
114
-148
208
-227
192
-49
-94
108
-15
-109
67
226
-434
329
-75
-44
60
-49
193
-339
389
-125
-182
235
7
-201
309
-227
-63
487
-717
629
-275
-88
218
-47
-79
-122
420
-517
414
-318
243
-128
-28
211
-337
280
-177
149
-169
137
-126
115
-82
-28
93
-144
120
-88
72
-180
230
-280
249
-81
-230
396
-282
58
51
-26
-156
224
-40
-246
236
-121
105
-136
45
-49
167
-269
203
-78
-199
360
-205
-54
-27
259
-199
-51
194
-173
-47
310
-331
18
148
-69
-21
-58
119
-237
376
-308
91
28
-28
122
-198
250
-351
373
-134
-137
238
-276
267
-125
-59
43
22
-67
122
-154
-11
175
-154
123
-186
176
-88
102
-68
6
6
12
105
-247
253
-153
105
-125
117
-68
-155
409
-384
97
104
-27
-178
309
-166
-72
236
-268
265
-175
58
26
35
-152
198
29
-473
663
-374
-85
291
-236
171
-60
100
-213
236
-11
-36
64
-251
451
-298
108
-77
-106
433
-475
267
-140
-6
216
-208
47
-131
321
-104
-64
-79
57
298
-309
56
57
-105
181
-75
-77
-255
582
-204
-467
489
-255
172
9
-150
-199
532
-280
63
-25
-143
450
-287
-19
-108
397
-343
234
-286
-82
473
-363
34
-182
257
-151
103
-133
-130
285
-92
41
-242
290
0
-107
98
-245
233
101
-185
-41
2
27
172
-118
-289
293
158
-273
-29
69
30
183
-229
-107
98
186
48
-382
63
300
-158
-18
-219
146
301
-336
-49
-7
128
61
126
-659
493
255
-521
334
-209
188
94
-159
-168
232
88
4
-281
38
271
-210
122
-134
-39
154
-46
-157
21
172
-11
-124
-156
318
-136
-44
282
-449
316
64
-211
86
102
8
-79
-26
-36
253
-223
-19
100
-159
132
-95
-101
105
18
-39
-143
89
154
-40
-164
105
143
-14
-57
19
-25
235
-124
-121
49
52
145
-388
146
24
87
-283
145
-72
-25
394
-552
215
142
-94
-32
253
-357
248
111
-410
455
-222
-60
214
-165
-199
265
-5
-152
95
-129
-39
300
-287
134
-114
185
50
-293
157
43
266
-637
423
-26
-45
-4
14
-120
-3
633
-991
430
283
-184
-217
43
358
-377
289
-385
245
67
-13
-110
-339
686
-419
20
11
-91
434
-307
-228
356
191
-522
432
-130
-378
741
-414
-396
779
-418
-52
279
-348
163
271
-347
-128
472
-455
129
103
-172
-44
401
-414
-179
648
-508
38
384
-427
142
325
-618
511
-54
-104
-35
134
47
-307
351
-304
235
-305
401
-412
-61
762
-1066
807
-343
175
-136
23
327
-649
681
-451
314
-593
848
-603
-267
1006
-1181
839
-275
-76
246
-404
417
-101
-402
525
55
-701
760
-57
-897
1326
-842
-166
828
-681
161
123
-70
-87
239
-342
319
-35
-24
-107
-183
718
-819
308
322
-578
492
-12
-565
515
133
-738
810
-540
21
497
-744
389
245
-645
721
-304
-371
851
-670
245
-20
-6
-79
316
-464
40
594
-925
810
-395
-125
527
-394
-115
408
-231
-174
460
-525
273
-2
-59
-110
131
129
-339
325
-95
-105
126
-28
59
-176
150
286
-806
933
-565
-78
541
-618
520
-451
355
-222
3
185
-411
465
-287
186
-386
593
-659
370
485
-1352
1460
-536
-171
-7
540
-550
-130
872
-958
32
949
-828
-479
1583
-1514
682
44
-272
210
-41
62
-288
670
-791
636
-201
-136
180
-105
122
-354
441
-151
-446
782
-747
397
-133
136
-16
-377
864
-1170
1084
-807
229
461
-795
840
-629
299
72
-93
-161
326
-126
-267
606
-644
65
678
-989
660
-162
-179
155
-20
152
-605
886
-622
43
319
-277
6
452
-781
683
-75
-576
877
-891
688
-495
550
-754
461
344
-947
926
-441
107
-154
549
-607
238
426
-750
577
-217
-103
-113
484
-517
88
601
-929
410
300
-692
204
487
-658
434
62
-379
466
-532
297
295
-824
882
-177
-547
698
-277
-380
571
-75
-426
913
-897
707
-432
-114
470
-756
863
-617
314
120
-514
333
63
-594
624
-230
-196
498
-421
-62
273
-197
-64
129
-37
118
-363
643
-618
31
716
-1153
1166
-714
69
534
-701
716
-707
920
-1070
836
-137
-549
586
-263
194
-744
1350
-1532
770
212
-569
197
90
55
-357
578
-534
404
-218
478
-573
524
-515
337
161
-588
1039
-936
412
329
-424
-276
698
-725
421
307
-630
312
41
-218
-15
334
-704
757
-245
-133
422
-839
682
-625
474
56
-687
1083
-1091
864
-607
-115
297
-273
478
-521
687
-708
227
147
-316
67
185
50
-340
750
-432
-659
1195
-1360
1002
17
-1021
1535
-1161
398
31
-88
-293
334
163
-368
297
129
-391
11
924
-1098
392
616
-1187
1081
-77
-964
1426
-864
68
627
-699
-92
571
-414
34
581
-694
133
377
-314
-491
868
-750
380
489
-745
267
218
-835
590
188
-1036
1332
-637
44
170
-66
-691
473
211
-511
612
-546
766
-804
393
-348
67
41
-132
904
-1100
729
-77
-490
37
439
-444
48
598
-242
-84
-186
262
-342
80
62
258
-242
183
231
-477
104
-6
121
-160
-24
645
-581
5
748
-897
93
495
-407
-15
302
-24
-157
127
43
-316
137
56
-209
349
-119
-168
357
-256
-210
509
-819
721
-40
-600
1018
-937
430
68
-467
450
-391
348
-311
297
-60
-322
640
-823
721
-280
-493
866
-568
144
62
133
-412
322
13
-421
768
-788
547
-3
-485
426
-107
-298
139
705
-1108
706
275
-866
307
418
-612
1
692
-686
611
-191
-83
-163
229
-213
-251
882
-1085
934
193
-1225
1148
-384
-949
1276
-274
-623
1014
-460
-476
1188
-1343
215
899
-1016
662
133
-326
-77
603
-1079
750
-156
-576
1230
-1390
1434
-734
-265
682
-772
611
-627
634
-514
518
-540
383
435
-1584
2214
-1581
147
1048
-1480
482
513
-354
-39
659
-786
521
-335
-207
412
-717
542
433
-395
-378
1051
-1140
72
1211
-1705
827
508
-704
225
599
-1208
703
92
-707
1327
-1500
1080
13
-660
347
-236
-392
745
-21
-405
792
-776
220
-81
-101
-254
746
-588
602
219
-1328
922
-482
281
100
76
-11
86
-133
-284
-249
90
600
-520
844
-360
-83
-382
253
-279
-326
696
-357
665
-246
53
-206
-35
-47
226
-697
829
-199
-166
434
-354
486
-910
1177
-1105
438
-186
265
-460
500
457
-1236
1737
-1910
1320
-1119
362
539
-824
1217
-806
644
-929
578
-533
204
196
164
239
-773
1042
-1067
133
229
-55
110
214
-57
-178
142
-586
485
-324
466
-149
204
-353
395
-312
-611
1097
-1190
1053
-204
-346
502
-199
-362
197
159
-326
65
141
242
-346
136
-69
33
-119
487
-596
275
146
-49
-195
-132
413
-565
465
-91
-10
-15
-110
3
326
-692
511
57
-338
547
-387
-110
-124
436
-393
378
-550
813
-503
-556
1438
-1777
1032
32
-209
-31
274
-288
-137
742
-1052
1164
-1085
727
-129
-376
477
-403
399
-351
530
-637
364
-143
141
-27
47
190
-259
238
-261
36
-173
254
46
-127
405
-287
-246
450
-704
494
71
-159
450
-229
56
-543
711
-732
276
630
-774
815
-465
-170
181
-182
-101
443
-271
84
188
-334
63
-346
464
-494
375
157
-255
-76
330
-287
-122
440
-676
952
-773
331
15
-335
401
-398
438
-465
251
212
-535
568
-42
-699
867
-726
165
92
-247
508
-253
225
-62
-75
89
-53
-201
370
-269
123
-53
37
-102
8
59
23
-293
350
-143
-577
991
-882
173
659
-598
-3
238
-491
437
-472
488
-108
-276
800
-1104
844
-565
107
421
-212
251
-235
286
-471
562
-262
-286
638
-354
199
-229
74
-188
212
-112
15
465
-846
719
-369
8
-13
-3
202
-65
241
-646
296
6
24
-187
513
-55
-252
209
-195
-82
47
126
10
348
34
-438
56
378
-678
433
-48
-128
676
-577
-64
258
-339
-54
24
330
-304
-58
263
-584
698
-777
308
52
261
-112
-300
579
-823
1077
-795
122
292
-190
-69
322
-50
-365
415
-286
-31
227
-173
-334
768
-539
-66
160
-183
-199
431
-313
66
592
-617
370
43
-280
54
22
-54
214
-42
181
-133
280
-370
-271
308
-260
176
-11
63
-22
147
-420
225
-111
-537
536
-138
209
-58
60
-1
-232
-146
-64
474
-125
270
-350
310
328
-966
633
-88
-167
356
-143
43
259
-169
-370
106
-5
204
-181
269
84
-441
143
38
-150
-266
540
-267
242
-127
-173
363
-459
275
-42
-310
469
231
-518
379
61
-510
497
-161
19
51
64
-31
-77
79
7
-22
-399
122
180
-13
-156
32
-96
-72
104
-320
326
-140
-73
-15
103
697
-706
31
211
-146
302
-24
-159
449
-127
-219
405
-277
-16
-192
-18
200
226
-126
-102
-93
-259
-144
233
-44
-169
303
-70
375
-215
-600
398
-212
170
86
-164
830
-79
-261
-327
-138
209
157
-310
229
408
-140
223
-492
-54
-284
-53
209
107
454
-202
-146
-19
-248
-358
282
45
146
463
-160
-119
130
-547
23
-191
132
497
149
-137
-105
-96
-489
-21
-177
291
81
272
-100
-83
-112
-235
-540
-50
907
-316
510
-15
-194
103
-541
109
187
-70
449
185
-176
443
-540
-629
451
-90
120
285
62
-107
-274
-283
-50
-241
-166
39
251
86
-265
-24
-697
124
-96
-186
266
310
208
-556
126
230
-480
19
531
-85
301
251
-67
48
-6
-255
208
-30
344
31
-249
317
-353
-254
-10
24
-162
-263
161
-136
-222
-56
-289
110
-85
-131
-153
98
182
-312
-106
369
132
-267
236
36
75
-19
-240
156
348
1
-67
145
149
35
-231
28
142
162
-62
-89
370
-158
-101
-142
154
128
-204
26
-86
120
-344
-46
-129
202
-55
-209
-104
44
-51
-291
293
190
166
12
254
-109
183
-8
311
326
455
321
87
397
-154
230
54
276
173
435
-44
-47
268
-349
-52
4
299
-192
62
240
-274
-143
-31
-112
-139
42
-42
-101
16
-105
-229
35
-170
-30
6
-10
27
90
-7
-139
192
-2
-146
220
143
31
85
151
-46
-60
188
-222
92
156
0
-175
-7
-75
-411
-180
-115
-128
-161
-63
-190
-289
-319
-246
-299
-123
28
44
-30
-53
-1
-180
-33
123
255
307
379
340
119
180
29
197
189
342
242
260
99
-179
-84
-157
-94
-166
170
-53
-114
-217
-211
-337
-219
9
-89
83
99
-8
-245
-87
-53
-143
-12
209
23
-78
-85
-224
-360
-342
-198
-281
-165
-232
-433
-407
-516
-601
-570
-393
-326
-388
-233
-401
-430
-312
-507
-243
-119
-5
-159
-25
76
-308
-66
-122
34
88
120
41
65
165
-142
-166
132
119
136
190
240
197
106
118
-4
294
443
296
418
501
485
225
246
391
450
605
463
763
579
489
258
409
495
483
692
624
765
519
489
157
483
573
513
662
768
876
366
366
371
451
493
454
685
466
523
227
30
208
189
324
96
283
295
-92
-124
-330
-255
-431
-385
-407
-628
-555
-929
-1025
-1252
-1228
-1293
-1384
-1239
-1367
-1634
-1728
-1719
-1769
-1629
-1568
-1309
-1413
-1471
-1474
-1386
-1195
-1198
-899
-878
-632
-805
-715
-593
-469
-276
-413
-180
-162
-88
-429
-156
-112
-78
-17
-65
91
-63
14
-72
75
84
379
356
376
490
487
408
516
796
803
1056
1063
1203
981
1107
1180
1294
1643
1708
1758
1601
1746
1690
1671
1823
2112
2299
2215
2268
2039
1758
1918
2436
2651
2770
2758
2574
2569
2772
2688
2451
2352
2490
2693
2666
2558
2203
2081
619
-1391
-2734
-1710
153
-118
-1458
-2791
-3059
-4523
-6144
-6005
-3944
-2316
-3458
-4373
-4239
-3557
-4253
-4788
-3395
-1342
-254
-342
274
547
-110
-850
77
2249
3441
3143
2627
1978
1157
32
-8
914
1081
391
-708
-1182
-2369
-3484
-4349
-4624
-4478
-4522
-4180
-4161
-4415
-5139
-5718
-5311
-4365
-3254
-2192
-1399
-1151
-1254
-965
-214
755
1590
2319
2900
3057
2822
2866
2746
2996
3110
3125
3224
2985
2572
1784
1524
1284
1180
1117
1091
875
355
-183
-457
-292
29
143
244
226
17
52
246
689
1217
1641
1893
2300
2439
2609
2967
3433
3926
4437
5135
5351
5558
5398
5320
5433
5754
6388
6282
5486
3496
1986
817
14
-289
3
833
-316
-2739
-5537
-6395
-6414
-6761
-6528
-5599
-4561
-5598
-7144
-7675
-6658
-5504
-4701
-3179
-1272
-286
-692
-843
-189
852
1656
2861
4358
5213
4630
3186
2531
2385
2518
2448
2422
2024
888
-484
-1985
-2507
-3039
-3331
-3870
-4697
-5696
-6519
-6162
-5917
-5086
-5362
-5409
-5372
-5311
-4904
-4173
-2441
-1590
-607
-596
-273
114
295
895
1849
2985
2962
2875
2270
1956
1598
1398
1779
2440
2583
1485
553
-400
-680
-520
-210
-14
-76
-520
-1357
-1505
-1635
-1441
-930
-220
236
608
521
351
669
987
1839
2820
3810
3833
3901
3860
4325
5199
5578
5978
6100
6424
6146
6256
6285
6205
6115
5645
5605
5781
5862
5477
4456
2386
-635
-2445
-1765
521
1953
255
-2657
-5147
-6453
-7233
-6856
-4943
-3256
-3279
-5409
-6668
-6213
-5077
-4491
-3694
-1834
172
1039
577
147
247
794
1930
4065
5828
6020
4388
2411
1715
2108
2796
3027
2743
1671
-18
-1680
-2925
-3319
-3412
-3796
-4265
-4989
-5756
-6839
-7578
-7723
-7031
-5785
-5392
-5316
-5844
-5871
-5577
-4767
-3374
-1907
-515
-506
-751
-952
-460
430
1362
2218
2484
2144
1121
489
401
807
1340
1746
1493
660
-589
-1468
-1505
-1184
-815
-820
-903
-1461
-1963
-2309
-2117
-1404
-885
-426
-169
212
325
430
941
1912
3076
3561
3542
3772
4381
5233
5781
6093
6429
6665
6865
6982
7351
7354
6981
6605
6826
7636
7553
6955
5590
3865
915
-1621
-1083
1739
3961
1475
-2508
-5078
-5403
-6106
-6778
-4944
-2239
-1885
-5540
-8137
-7386
-5000
-4383
-4163
-2207
80
475
-1212
-1638
-372
1186
2288
4043
5924
6145
4264
2300
2078
3123
4114
4304
3937
2569
510
-1543
-2448
-2421
-2125
-2318
-3315
-4472
-6108
-7373
-8211
-7840
-6684
-5778
-5781
-6564
-7256
-7566
-6890
-5504
-3562
-2282
-1939
-2351
-2600
-2034
-777
754
1914
2340
1868
1314
1012
1423
1859
2332
2640
2309
1536
487
-109
-155
337
632
272
-617
-1515
-2035
-2170
-1629
-967
-620
-856
-1138
-1189
-1102
-547
644
2052
2771
2613
2197
2790
4115
5373
5928
6376
7179
7584
7568
7237
7358
7753
8470
9001
9227
8478
7419
6073
4173
1748
-72
1450
4362
5229
874
-4184
-5910
-4785
-4770
-5876
-4533
-2088
-2688
-7755
-10669
-8301
-4014
-3336
-4680
-3727
-1260
-1017
-3149
-3266
-456
2419
2984
3277
4492
5106
3689
1886
2385
4516
5812
5185
3698
2171
552
-819
-1268
-592
-286
-1134
-3048
-5156
-6745
-8169
-7971
-6402
-4885
-5636
-7903
-8958
-8409
-7335
-6654
-5126
-3395
-2690
-3838
-4716
-3368
-917
799
1012
1246
1435
1059
583
1241
2498
3121
2892
2435
2066
1374
835
617
1125
1555
1263
227
-812
-1353
-1599
-1368
-654
-137
-527
-1300
-1663
-1186
-455
323
940
1695
2387
2681
2525
2899
4175
5414
6115
6010
6022
5998
6389
6800
7429
7834
8175
7558
5724
2849
417
1073
3903
6297
3950
-275
-3173
-3292
-3553
-4458
-3193
-522
119
-4164
-8353
-8162
-4412
-2839
-4009
-3875
-1630
-542
-2932
-4623
-3114
-208
1089
1579
3100
4300
3107
367
-99
2404
5638
6182
4452
2362
1103
666
380
859
1202
1199
-897
-4259
-6816
-5977
-3137
-2868
-5367
-7478
-6800
-6534
-7605
-8046
-5763
-3420
-3784
-5434
-5724
-3644
-2307
-2154
-1569
345
1242
174
-394
708
1762
1634
2122
3179
3420
1974
758
1021
2128
2463
1512
920
1209
1344
193
-259
603
1423
621
-583
-795
-451
235
804
1385
1265
806
394
1020
2332
3325
3092
2892
3749
4621
4788
4590
5379
5275
3666
1121
1217
3858
6335
5299
1371
-1134
-1340
-421
-1017
-828
472
1146
-1333
-4708
-4924
-2238
22
-817
-1919
-1309
382
166
-1485
-1810
64
2265
2796
2652
2447
2305
1186
487
1408
3687
4692
3119
657
-196
701
1293
1250
719
409
-1616
-3717
-4294
-1946
-834
-2722
-5635
-6391
-4960
-4912
-4843
-4687
-3373
-4329
-6082
-6524
-4063
-1265
-954
-1397
-1501
-512
-997
-923
253
2043
2472
1658
1327
1352
1608
1303
1426
1724
2044
1165
39
-271
-48
-214
-790
-543
-576
-1269
-2307
-1974
-1175
-821
-1390
-1731
-1177
-330
102
-30
598
1471
1842
1488
1830
2760
3278
2407
1031
108
980
3116
4499
3365
843
-310
-245
-232
-922
-39
1507
1359
-1829
-4637
-3744
-903
259
-1193
-1750
-506
138
-1579
-2900
-1199
1780
2893
2021
1626
2030
2152
1670
2006
3635
5163
5146
3428
2194
1937
2753
3024
3020
2213
770
-156
-437
-51
-891
-1356
-2035
-2247
-3050
-3255
-2888
-2725
-2901
-3742
-3693
-3155
-1928
-1906
-2122
-2043
-1162
-470
-71
547
773
867
957
1679
2158
2376
2296
2252
2397
2472
2356
1908
1947
2120
1777
1027
717
1070
958
372
-434
-639
-559
-383
-436
-563
-430
-578
-836
-1210
-801
-398
-117
-574
-1774
-3218
-3786
-2030
49
745
-1127
-3040
-3957
-3827
-3472
-2502
-723
-310
-2183
-5139
-5247
-2957
-811
-944
-1460
-993
-640
-1221
-1673
-165
1766
2444
1733
1419
1962
2051
1558
1137
1974
3160
3389
2275
269
-480
-498
257
-525
-1119
-1141
-602
-1274
-3197
-3024
-1735
-362
-2025
-2731
-2021
-200
-345
-1321
-571
1003
2204
1240
1411
2295
3783
3824
3817
4403
4943
5082
4678
5228
5715
6096
5534
5110
4894
4830
4614
4109
3810
3049
2247
1438
1491
1440
771
-236
-790
-417
-261
-340
-936
-1111
-1212
-1020
-617
-270
-317
-1418
-2676
-3772
-3198
-1298
817
509
-2355
-4752
-4691
-3017
-2502
-2288
-1615
-1309
-3734
-6814
-6573
-3063
-861
-2646
-4702
-4210
-2586
-3335
-4777
-4011
-1518
-478
-1556
-2152
-1638
-1144
-1793
-1804
-449
1171
1208
-732
-2852
-3990
-2689
-549
961
-130
-2388
-4002
-4305
-3491
-2381
-704
-424
-1528
-3604
-3715
-1946
282
1073
557
130
22
827
1930
3450
4109
4080
3805
3988
4623
5192
5795
6024
6090
5764
5709
5958
6240
6164
5763
5829
5865
5587
4632
4198
4580
5347
5564
4857
3944
3338
3532
3779
3852
3618
3342
2200
-155
-2207
-1365
1855
3431
730
-3387
-4711
-3590
-3462
-4535
-3811
-1802
-2548
-6967
-9437
-6762
-2776
-2686
-5113
-5404
-3765
-3629
-5380
-5288
-2101
503
16
-2214
-2578
-1496
-558
-539
-151
1102
774
-1377
-5056
-4815
-1875
1519
-205
-4227
-6783
-6797
-6014
-5992
-3855
-2640
-3445
-8055
-9694
-7243
-2683
-1330
-2905
-3769
-3809
-2934
-2177
819
3183
3715
2140
1922
3313
5041
5991
6256
6969
7219
7274
6237
6115
6686
7935
8158
7482
6328
5284
4839
4702
5302
5652
5724
4213
2506
1594
2438
3662
3829
2192
-784
-2677
-1412
1864
3061
677
-2529
-3454
-2987
-2647
-2074
-129
966
-1135
-4780
-5200
-1579
1677
1191
-901
-1172
62
378
70
919
2641
2852
1357
739
1718
2873
1768
686
449
1236
-366
-2971
-3717
-1897
-627
-3232
-6105
-7655
-6936
-7628
-7612
-7030
-6114
-7788
-10685
-11193
-8777
-5372
-5046
-5873
-6911
-6247
-5213
-2794
-6
1553
850
-368
395
2739
5664
6901
6874
5781
5554
6077
7294
8419
8768
7994
6513
5725
5711
6250
6140
5448
4231
3676
3385
2976
2203
1913
1317
-267
-2084
-1938
-66
782
-785
-3353
-4038
-3635
-3276
-3571
-2200
-667
-1338
-4622
-6125
-3451
266
1358
-546
-1954
-2081
-1096
-173
1285
2568
2447
833
-612
415
2708
3953
2263
-431
-1275
315
2096
1494
-338
-1766
-2154
-2914
-3083
-1986
-801
-2121
-5330
-6681
-4873
-2060
-1587
-2900
-4283
-4371
-3774
-2336
-620
469
-104
-1264
-1171
296
2116
2886
2942
2483
2328
2558
3311
3940
4183
4005
3741
3642
3640
3916
4146
4144
3641
3289
3282
3437
3183
3056
2943
2716
1848
1473
1924
2555
2173
960
175
-148
-243
-563
-100
343
-127
-2149
-3595
-3278
-1850
-1311
-1976
-2956
-3814
-4415
-4471
-3500
-2498
-2390
-3428
-4072
-4052
-3369
-3194
-2831
-2497
-2168
-2485
-2712
-2239
-1684
-1650
-1973
-1473
-852
-647
-1276
-1394
-1115
-580
-427
-299
-316
-638
-1045
-891
-173
139
-287
-776
-529
-221
-175
-167
236
438
169
21
538
1219
1433
1336
1609
2118
2348
2322
2629
3229
3601
3569
3727
4191
4530
4517
4447
4613
4633
4452
4244
4362
4389
4138
3601
3220
2852
2395
1894
1669
1624
1207
358
-457
-620
-497
-564
-965
-1301
-1634
-1997
-2211
-1947
-1467
-1363
-1749
-2185
-2274
-2109
-1909
-1673
-1460
-1545
-2011
-2382
-2312
-2063
-2045
-2187
-2309
-2555
-2967
-3240
-3122
-2932
-2996
-3313
-3558
-3679
-3664
-3582
-3359
-3177
-3124
-3188
-3102
-2826
-2539
-2239
-1904
-1551
-1406
-1256
-948
-429
-36
219
411
656
925
1268
1719
2091
2277
2308
2498
2836
3138
3251
3342
3461
3540
3546
3599
3690
3639
3393
3186
3146
3134
2957
2747
2598
2445
2160
1870
1744
1615
1403
1128
1081
1041
911
569
359
265
251
229
232
239
-9
-256
-372
-98
44
89
-90
-203
-384
-434
-277
-56
36
-212
-428
-644
-626
-655
-550
-596
-734
-1036
-1231
-1304
-1399
-1455
-1523
-1551
-1826
-2067
-2179
-2053
-2046
-2149
-2255
-2326
-2381
-2445
-2311
-2132
-2016
-2118
-2157
-2043
-1843
-1715
-1603
-1414
-1316
-1305
-1269
-966
-643
-467
-487
-448
-291
-39
229
468
657
761
866
1042
1334
1578
1723
1771
1865
2004
2176
2282
2320
2251
2170
2126
2126
2100
2001
1833
1636
1456
1294
1197
1088
946
707
456
256
212
205
127
-34
-167
-255
-348
-378
-266
-128
-193
-348
-390
-230
-60
49
94
119
116
118
203
372
536
551
444
352
407
471
435
342
321
292
157
-49
-168
-189
-277
-460
-656
-749
-845
-1005
-1227
-1331
-1339
-1404
-1582
-1713
-1723
-1726
-1775
-1803
-1714
-1668
-1701
-1725
-1564
-1346
-1184
-1127
-1060
-878
-640
-429
-268
-61
139
312
467
693
917
1064
1160
1307
1475
1592
1665
1691
1721
1778
1860
1847
1723
1581
1502
1420
1330
1236
1046
721
411
261
173
24
-203
-480
-790
-1010
-1022
-952
-1020
-1203
-1330
-1323
-1218
-1061
-913
-830
-784
-684
-516
-312
-102
51
112
166
311
460
496
480
546
641
644
566
506
468
427
398
384
343
240
85
-55
-94
-44
-53
-212
-397
-497
-524
-544
-550
-561
-624
-739
-797
-738
-630
-544
-513
-490
-415
-274
-144
-38
99
281
441
568
693
802
880
970
1128
1270
1310
1295
1284
1273
1288
1338
1350
1251
1103
1015
963
908
829
707
521
358
280
197
69
-63
-165
-302
-430
-462
-449
-536
-664
-686
-628
-601
-624
-628
-637
-628
-586
-538
-535
-560
-599
-658
-703
-699
-698
-808
-948
-1022
-1041
-1127
-1243
-1316
-1355
-1399
-1457
-1495
-1541
-1569
-1582
-1562
-1505
-1423
-1379
-1409
-1417
-1311
-1141
-1005
-906
-831
-757
-666
-529
-351
-164
-8
98
201
331
496
644
758
891
1055
1197
1283
1333
1396
1491
1623
1760
1838
1852
1857
1889
1939
2012
2109
2162
2142
2105
2122
2163
2177
2167
2161
2150
2124
2083
2001
1912
1851
1804
1725
1614
1498
1364
1180
995
883
787
627
409
194
-3
-183
-356
-531
-710
-887
-1067
-1250
-1414
-1552
-1670
-1805
-1919
-1982
-2018
-2093
-2184
-2231
-2232
-2202
-2176
-2166
-2169
-2152
-2121
-2082
-2038
-1985
-1940
-1922
-1909
-1884
-1842
-1816
-1805
-1804
-1773
-1737
-1716
-1707
-1697
-1672
-1627
-1572
-1521
-1440
-1355
-1280
-1194
-1074
-938
-794
-640
-474
-294
-116
62
239
435
657
885
1089
1276
1444
1608
1780
1958
2127
2283
2406
2492
2571
2646
2715
2782
2832
2858
2863
2838
2787
2728
2689
2657
2606
2527
2415
2293
2168
2049
1943
1837
1722
1581
1412
1241
1085
949
818
689
546
387
223
55
-94
-218
-319
-420
-537
-671
-806
-910
-983
-1038
-1090
-1134
-1195
-1260
-1317
-1355
-1368
-1375
-1390
-1409
-1431
-1461
-1495
-1527
-1544
-1557
-1570
-1595
-1636
-1678
-1723
-1761
-1789
-1796
-1797
-1817
-1845
-1870
-1885
-1873
-1835
-1780
-1723
-1663
-1601
-1532
-1437
-1320
-1181
-1026
-864
-711
-557
-394
-218
-31
172
375
566
733
883
1023
1172
1327
1470
1596
1693
1765
1804
1829
1857
1880
1881
1852
1803
1739
1661
1566
1465
1372
1283
1178
1056
929
804
683
569
479
405
327
234
137
69
34
12
-13
-25
-24
-20
-15
-8
10
34
56
74
104
133
144
133
127
132
137
135
104
61
14
-41
-96
-149
-196
-252
-317
-395
-468
-539
-609
-662
-705
-734
-760
-797
-833
-855
-861
-857
-839
-817
-795
-785
-763
-728
-672
-597
-525
-455
-390
-332
-287
-229
-165
-96
-14
62
127
180
223
273
340
398
445
473
482
478
473
477
496
524
524
503
468
426
388
355
322
290
254
194
128
68
26
-17
-70
-123
-168
-212
-268
-325
-368
-397
-437
-484
-528
-563
-612
-661
-694
-703
-699
-704
-712
-722
-717
-702
-691
-662
-616
-564
-520
-480
-424
-360
-291
-222
-148
-71
1
65
125
202
281
364
437
506
571
627
688
743
799
856
906
940
966
987
1004
1014
1010
1008
1003
999
986
958
932
924
922
912
901
885
870
837
806
785
781
781
771
757
750
744
727
700
676
658
621
553
480
412
349
276
188
108
26
-71
-191
-320
-430
-539
-653
-765
-859
-952
-1064
-1179
-1282
-1351
-1400
-1455
-1505
-1539
-1567
-1597
-1619
-1615
-1586
-1558
-1548
-1542
-1520
-1483
-1439
-1387
-1315
-1244
-1192
-1156
-1111
-1040
-954
-874
-806
-738
-673
-621
-559
-488
-405
-322
-261
-209
-148
-79
-14
59
143
232
312
381
454
544
640
735
824
905
978
1039
1094
1152
1213
1275
1316
1347
1371
1396
1414
1429
1445
1452
1453
1440
1419
1393
1361
1329
1294
1253
1204
1154
1101
1046
985
926
858
784
707
615
527
433
338
238
141
54
-35
-129
-224
-314
-399
-482
-563
-625
-677
-737
-793
-843
-880
-905
-926
-930
-920
-903
-892
-882
-857
-822
-777
-744
-704
-662
-629
-606
-589
-559
-527
-498
-482
-478
-484
-495
-512
-520
-522
-536
-567
-615
-654
-690
-716
-726
-740
-752
-764
-768
-758
-725
-671
-612
-546
-480
-400
-312
-215
-110
0
109
203
293
387
472
542
609
666
715
755
785
811
829
828
817
799
779
759
735
705
665
616
564
515
474
440
399
347
302
257
216
178
149
125
97
71
56
47
42
42
50
65
92
121
155
198
252
305
362
429
494
567
633
695
757
812
862
905
944
972
988
988
976
955
920
871
815
746
664
570
468
358
242
120
-6
-125
-243
-361
-481
-600
-705
-796
-873
-939
-995
-1043
-1082
-1108
-1119
-1119
-1104
-1087
-1073
-1048
-1029
-1002
-970
-946
-925
-911
-900
-893
-889
-892
-892
-898
-906
-914
-923
-931
-940
-948
-953
-953
-945
-931
-914
-889
-868
-836
-803
-768
-716
-672
-625
-575
-516
-460
-399
-332
-262
-182
-107
-21
65
157
255
361
470
584
698
816
940
1068
1188
1296
1402
1503
1595
1673
1748
1802
1840
1865
1869
1869
1852
1822
1776
1710
1641
1558
1479
1403
1324
1238
1149
1065
986
907
837
768
707
650
597
549
502
458
413
370
325
278
229
179
128
69
9
-52
-110
-170
-239
-309
-384
-463
-548
-630
-699
-767
-844
-917
-986
-1057
-1122
-1185
-1242
-1286
-1339
-1395
-1440
-1480
-1513
-1541
-1562
-1580
-1591
-1604
-1614
-1613
-1609
-1591
-1574
-1551
-1520
-1490
-1450
-1401
-1338
-1266
-1192
-1117
-1039
-956
-868
-774
-678
-582
-486
-389
-292
-193
-94
-2
86
159
225
285
352
410
461
507
544
579
608
634
658
687
711
734
755
773
805
838
886
932
975
1011
1050
1100
1155
1214
1272
1328
1379
1425
1468
1509
1542
1570
1581
1582
1568
1550
1523
1492
1455
1404
1337
1256
1173
1076
979
870
759
647
538
425
314
212
112
12
-82
-169
-253
-323
-392
-449
-493
-528
-555
-579
-587
-590
-591
-597
-599
-593
-586
-567
-551
-529
-510
-497
-487
-473
-459
-446
-435
-435
-435
-442
-443
-445
-444
-446
-455
-470
-498
-523
-546
-566
-584
-620
-663
-708
-753
-789
-826
-856
-890
-924
-961
-991
-1011
-1027
-1040
-1053
-1051
-1042
-1028
-998
-963
-921
-875
-831
-775
-721
-654
-580
-514
-444
-374
-300
-227
-148
-82
-18
47
111
175
236
293
345
400
449
497
547
593
633
678
722
765
814
859
896
929
963
988
1016
1043
1060
1065
1058
1055
1051
1049
1044
1026
993
956
912
863
808
748
676
604
543
487
443
396
341
281
230
193
165
148
135
114
102
96
105
128
152
162
155
149
153
169
185
192
184
162
132
112
103
90
59
6
-61
-126
-178
-216
-258
-310
-377
-455
-535
-589
-619
-645
-677
-729
-776
-807
-817
-813
-815
-835
-863
-881
-875
-846
-811
-790
-790
-791
-781
-759
-718
-678
-650
-640
-630
-601
-549
-490
-449
-428
-413
-390
-356
-311
-265
-231
-204
-172
-131
-85
-46
-7
30
62
99
135
172
197
218
246
287
332
369
387
393
405
425
458
499
535
552
563
580
607
650
691
717
729
735
746
770
803
834
854
852
842
838
852
872
888
875
837
788
747
725
712
690
638
558
481
414
371
340
298
242
172
123
100
100
99
65
-2
-73
-113
-120
-108
-110
-134
-180
-225
-247
-246
-233
-240
-285
-339
-376
-392
-391
-395
-415
-461
-513
-559
-582
-594
-616
-647
-692
-737
-775
-801
-821
-846
-874
-904
-923
-938
-940
-939
-933
-927
-916
-908
-903
-891
-881
-865
-834
-791
-747
-708
-665
-624
-577
-520
-459
-392
-330
-277
-225
-163
-92
-9
69
132
190
239
287
338
392
444
472
488
509
542
585
628
658
658
630
604
584
581
586
594
608
635
688
752
800
819
802
767
738
747
780
818
844
845
835
829
840
859
864
849
816
788
776
777
788
784
754
711
666
630
605
576
539
489
422
359
294
228
159
76
-12
-95
-173
-236
-291
-352
-414
-478
-543
-602
-659
-712
-760
-806
-842
-869
-889
-906
-922
-936
-951
-964
-961
-957
-956
-951
-948
-934
-916
-885
-847
-818
-793
-781
-777
-772
-766
-766
-771
-772
-757
-728
-687
-639
-615
-621
-653
-713
-766
-793
-781
-715
-599
-455
-300
-158
-68
-24
-26
-48
-41
7
96
224
358
492
607
695
754
783
787
777
776
790
835
895
957
1003
1021
1023
1009
997
983
972
973
983
1001
1018
1026
1018
990
951
897
841
798
771
756
746
728
698
665
616
555
495
440
386
344
310
291
281
268
244
211
177
139
106
74
40
11
-16
-34
-59
-79
-101
-133
-167
-208
-249
-288
-334
-383
-430
-470
-496
-512
-523
-529
-545
-575
-614
-666
-722
-774
-814
-832
-829
-812
-788
-780
-794
-830
-882
-940
-992
-1023
-1012
-968
-903
-832
-773
-726
-706
-696
-695
-686
-664
-626
-565
-495
-419
-345
-271
-206
-154
-102
-49
1
42
79
116
149
183
212
240
271
299
321
339
346
346
343
343
345
346
353
356
353
346
340
334
332
344
348
358
380
399
418
440
459
484
512
536
566
600
633
661
689
718
739
759
773
778
782
771
768
750
731
714
675
645
598
532
464
396
319
263
208
159
136
104
63
24
-32
-121
-187
-260
-325
-334
-336
-310
-260
-231
-233
-245
-301
-361
-413
-452
-456
-405
-374
-320
-278
-316
-326
-395
-483
-518
-569
-591
-554
-568
-551
-532
-586
-588
-628
-663
-649
-647
-628
-583
-550
-523
-487
-463
-452
-424
-386
-363
-310
-267
-233
-193
-153
-132
-99
-56
-53
-32
4
-5
20
67
34
86
125
95
182
197
183
264
262
253
332
312
324
406
388
420
487
471
505
555
504
540
558
500
554
546
522
566
548
528
565
519
511
533
474
501
470
457
473
449
440
429
402
366
375
315
315
314
280
295
293
263
238
244
156
151
144
70
90
80
28
26
-3
-94
-127
-177
-298
-307
-348
-451
-420
-491
-585
-569
-669
-737
-727
-798
-832
-782
-867
-796
-808
-819
-732
-790
-687
-654
-663
-548
-536
-529
-403
-421
-404
-234
-360
-231
-194
-282
-160
-204
-238
-186
-186
-257
-142
-183
-235
-86
-209
-165
-108
-149
-153
-19
-116
-52
70
-82
102
62
36
128
123
85
184
189
93
312
141
216
300
203
263
372
242
338
455
202
519
361
326
561
351
452
539
403
456
570
355
564
482
452
554
451
531
416
536
437
435
561
408
488
558
398
489
539
306
502
412
269
494
278
312
373
190
259
194
113
105
94
-36
45
-50
-121
-6
-198
-130
-146
-217
-208
-185
-273
-260
-239
-352
-246
-336
-271
-348
-296
-290
-426
-254
-441
-423
-328
-518
-412
-378
-565
-371
-480
-584
-376
-620
-521
-453
-651
-459
-563
-598
-504
-601
-555
-536
-560
-512
-527
-528
-491
-514
-477
-446
-453
-373
-372
-330
-283
-284
-220
-216
-168
-142
-75
-84
-44
72
-94
128
110
-44
301
108
79
409
91
176
484
12
397
424
85
604
289
312
624
220
557
512
329
717
419
533
714
414
680
679
472
815
614
612
840
583
716
777
623
737
763
641
755
751
616
738
681
580
689
608
511
606
502
399
479
363
230
397
170
103
272
-92
-4
17
-292
-161
-178
-462
-286
-352
-659
-373
-651
-716
-566
-757
-764
-680
-814
-843
-742
-908
-862
-807
-895
-813
-787
-866
-741
-837
-783
-747
-793
-699
-656
-701
-611
-559
-714
-483
-593
-645
-357
-615
-423
-376
-513
-348
-409
-386
-353
-290
-327
-183
-263
-156
-121
-218
23
-117
-17
116
66
152
215
292
187
417
421
272
665
478
493
748
624
567
854
669
673
905
710
782
860
791
714
901
675
837
696
788
711
626
815
459
706
590
453
601
470
352
556
257
366
374
125
344
171
129
190
65
6
96
-69
-49
-29
-106
-142
-127
-173
-306
-122
-363
-294
-194
-494
-214
-423
-445
-342
-542
-421
-522
-484
-549
-506
-573
-614
-563
-643
-613
-653
-539
-727
-508
-625
-710
-404
-685
-547
-385
-609
-358
-345
-405
-314
-170
-275
-229
32
-267
84
31
-62
177
158
10
348
66
237
368
24
460
186
261
347
266
188
429
173
239
368
161
334
278
259
252
317
240
237
314
285
266
344
286
258
391
206
297
460
62
545
212
164
546
91
254
507
7
347
380
-71
430
146
28
310
107
32
204
63
-50
154
15
-162
202
-245
-84
19
-275
-56
-67
-289
-85
-162
-431
42
-520
-107
-208
-353
-137
-316
-252
-240
-228
-329
-87
-329
-152
-247
-230
-165
-193
-177
-118
-148
-169
-66
-265
-52
-117
-242
40
-173
-144
68
-279
43
-108
-198
91
-265
-16
49
-320
177
-126
-220
200
-280
-3
14
-160
55
-41
-103
25
-49
-136
110
-140
-25
142
-253
114
42
-256
153
-113
-114
120
-138
-64
167
-241
90
-35
-160
247
-230
116
59
-52
112
94
-129
330
7
6
325
-48
179
273
-36
253
324
-62
407
70
142
282
63
205
126
321
-29
300
129
-11
316
-6
-19
352
-61
-2
426
-313
303
96
-211
363
-115
106
158
-78
222
-112
59
164
-205
313
-58
2
178
-66
19
152
-74
70
184
-186
201
-2
-96
149
-1
-72
139
1
-157
240
-208
-19
136
-280
101
-110
-101
-34
-60
-102
-66
-85
-178
-81
-186
-151
-190
-17
-250
-147
6
-340
-62
-45
-398
138
-146
-352
207
-223
-273
229
-282
-148
249
-417
2
-4
-194
-219
142
-338
-57
81
-473
195
-245
-167
-75
-140
-188
65
-247
-12
7
-162
108
-311
285
-157
-108
350
-284
206
247
-328
470
55
-167
479
-206
343
161
29
269
284
-112
357
157
-45
447
-60
173
266
43
67
301
74
153
148
247
-91
281
169
-178
422
58
-262
648
-380
-2
570
-536
233
327
-359
314
173
-469
593
-212
-191
359
-254
122
-66
-115
88
-51
-241
155
-187
53
-181
-86
78
-198
-87
-31
-42
-237
165
-404
222
-294
-204
-45
-189
-211
-236
4
-427
-93
-202
-335
-41
-261
-334
20
-220
-420
155
-99
-510
522
-499
-53
430
-712
434
175
-582
684
-214
-198
615
-378
159
451
-508
343
276
-610
817
-235
-133
642
-368
132
548
-396
93
761
-839
596
272
-569
806
-51
-197
745
-90
-228
870
-454
378
249
-134
238
86
123
-27
235
-12
183
-3
360
-210
430
-91
124
5
154
55
-235
351
-111
-57
145
-172
-96
364
-610
265
145
-596
320
-102
-466
373
-254
-510
567
-443
-475
548
-772
30
-1
-510
-67
83
-745
255
-114
-832
743
-890
-59
281
-632
-26
348
-764
438
-84
-445
531
-345
40
139
-29
-17
131
-34
-40
276
-235
186
-49
85
-123
-129
356
-482
374
-190
-52
188
-139
-49
151
-45
-115
207
-335
313
-98
-206
570
-419
402
138
-384
668
-141
-84
461
-9
-125
529
-187
52
541
-360
498
159
43
430
-41
241
75
254
-46
210
314
-164
423
28
-112
343
-116
-21
408
-391
422
-11
-384
450
-188
-243
361
-149
-304
616
-757
252
71
-451
333
-347
-8
183
-470
204
-45
-323
289
-356
-49
245
-414
99
87
-367
467
-500
232
-23
-98
-17
-185
316
-365
158
8
-138
-74
139
-577
285
-48
-472
316
-244
-227
121
-457
-157
383
-948
503
-42
-748
752
-777
-183
495
-880
224
250
-524
284
-142
-245
196
-319
-29
273
-312
240
-70
-146
196
-104
-355
750
-536
203
520
-914
1174
-713
-194
1106
-1018
442
754
-1184
1161
-56
-927
1455
-691
13
664
-304
136
431
-286
226
473
-498
625
-19
-76
605
-397
427
329
-373
465
187
-349
657
-162
14
669
-556
477
-25
-177
331
-171
207
141
19
-166
406
-542
80
332
-737
709
-90
-654
906
-807
-284
602
-885
243
296
-731
498
-284
-633
528
-653
-177
544
-886
671
-364
-521
665
-988
280
75
-594
683
-511
-180
457
-706
59
233
-673
596
-312
-298
609
-693
96
143
-466
201
78
-399
339
-35
-368
307
-222
-5
1
32
-14
107
-28
60
-130
268
-106
-89
525
-310
450
-86
139
116
117
13
214
245
86
209
55
312
-139
367
-106
302
281
-27
93
351
-153
123
149
-34
276
125
-128
80
538
-828
604
-203
79
136
-55
-43
284
-427
-129
451
-683
675
-442
88
113
-339
-128
-8
-49
-206
73
175
-479
568
-941
414
-259
-588
870
-929
659
-273
-243
-357
473
-1035
504
3
-556
806
-976
371
-259
-104
-418
119
252
-711
779
-532
-86
315
-865
489
-296
112
264
-479
306
150
-633
347
-85
-110
136
-83
68
222
-55
-383
410
-342
47
185
175
-417
891
-831
437
153
-506
905
-947
728
167
-590
972
-380
-335
767
-318
-393
1114
-746
111
1105
-1673
1647
-425
-750
969
-263
-512
1231
-556
-350
1272
-1456
721
25
-449
586
-40
-436
762
-390
-42
123
-358
-49
717
-655
160
850
-986
269
113
-501
605
-77
-647
932
-257
-326
365
-207
-155
151
-130
-108
229
429
-972
709
-210
-490
782
-848
260
475
-558
122
349
-376
267
-655
677
-439
-91
686
-623
352
152
-465
238
125
-699
876
-59
-531
847
-131
-764
879
-339
-533
1196
-581
-339
1355
-1136
39
921
-1227
455
750
-868
347
718
-1186
383
331
-422
-42
757
-882
570
-307
-202
613
-770
538
-501
734
-926
456
265
-789
480
127
-471
295
441
-1495
1642
-1026
-29
1106
-1326
913
-310
-520
542
9
-493
676
-193
-178
46
-150
212
-567
609
-168
-122
343
-434
-72
159
-260
141
2
271
-496
329
-208
-323
481
-580
666
-268
-417
1030
-985
-521
1797
-1986
995
541
-1546
1729
-1566
606
363
-1101
1166
-579
-187
604
-912
795
-453
-421
1241
-1363
628
344
-1061
1095
-637
-233
1040
-1275
776
53
-596
650
-339
-95
432
-694
674
-170
-351
748
-762
643
-498
133
561
-1077
1252
-684
-36
526
-457
-167
885
-1007
605
507
-1270
1612
-1233
672
-112
-104
169
278
-649
957
-311
-562
1307
-1223
343
817
-1372
1253
195
-1641
2539
-2155
669
799
-1562
1609
-658
-127
922
-1051
430
436
-1453
2045
-1556
668
783
-1402
1283
-692
-104
607
-579
274
630
-884
776
-322
-80
50
161
-383
710
-305
-261
960
-1143
673
-97
-571
838
-289
-937
2290
-2471
1265
433
-1855
1920
-1229
-18
987
-921
46
1150
-2141
1763
-1119
-271
1154
-1241
880
-263
-220
-234
306
-970
950
-466
-39
458
-517
-114
-202
155
-677
786
-446
119
151
-543
283
-439
84
-92
266
-517
471
-277
-251
120
-57
-175
36
78
-276
379
-610
509
-259
-174
251
-202
-103
317
-286
-83
879
-1279
948
-153
-469
476
-32
-100
334
127
-576
1296
-1263
649
459
-857
1160
-666
529
246
-684
1160
-850
578
346
-589
1029
-217
-499
1479
-1290
493
1122
-2040
2345
-1087
-165
1439
-1379
755
307
-685
420
566
-850
744
193
-800
888
-601
-100
522
-386
-22
603
-485
-220
705
-1212
890
-387
-178
477
-153
-565
596
-547
-472
838
-989
498
90
-652
553
-725
112
-17
-782
1032
-975
-37
865
-1579
714
-56
-1079
889
-549
-313
649
-965
339
-213
-552
324
-305
-169
426
-575
-140
655
-1482
963
-72
-908
1224
-672
-417
1013
-995
10
935
-1022
613
281
-613
667
-434
304
-161
279
303
-524
1177
-785
299
304
-168
-24
760
-421
418
445
-642
678
-16
-84
222
829
-836
792
377
-1065
1200
-191
-601
1229
-350
-379
915
-174
-691
1180
-396
-499
1290
-843
-42
1057
-1307
713
376
-1201
1359
-645
-297
1007
-901
120
719
-959
404
393
-762
206
572
-1081
578
201
-945
828
-471
-222
441
-546
112
91
-432
159
-165
-13
-428
582
-976
424
21
-856
581
120
-1169
1015
-446
-1007
1475
-1886
1473
-831
-183
668
-1079
279
185
-775
539
497
-1796
2258
-1812
144
963
-1404
859
127
-645
446
451
-1508
1593
-794
-579
1688
-1478
926
179
-678
463
96
-737
1119
-420
-62
1094
-1326
1233
-796
289
357
-253
682
-258
357
-47
-68
37
371
-565
945
-488
364
82
-238
563
-702
771
-306
110
205
161
-392
661
-482
-12
574
-707
563
24
-50
21
345
-506
506
-227
-203
716
-770
634
-180
-186
415
-620
390
2
-497
790
-588
20
435
-763
340
65
-590
664
-589
136
166
-831
930
-1084
464
202
-1049
1017
-608
-584
938
-905
-174
996
-1656
1134
-155
-1264
1686
-1406
87
792
-1177
702
-170
-497
563
-589
21
204
-450
270
-84
-315
235
-277
72
-225
426
-723
345
395
-1348
1484
-1005
22
876
-1185
711
372
-1209
1266
-368
-545
1196
-814
184
539
-656
386
148
-7
-47
311
72
-200
487
-213
311
89
103
35
452
-330
322
215
-272
355
254
-296
396
462
-676
587
281
-680
892
-154
-304
1004
-610
70
672
-626
326
379
-584
731
-82
-415
786
-223
-561
1123
-846
272
515
-710
516
-61
-176
169
-8
-290
399
-473
250
-161
13
-31
-86
18
-288
173
-174
-266
320
-334
-110
103
-273
8
-361
208
-480
90
-229
97
-278
-63
170
-614
30
129
-362
-104
333
-654
243
8
-742
647
-404
-567
841
-709
-303
787
-939
-7
828
-1711
1035
86
-1322
1309
-676
-376
649
-605
-108
693
-857
454
43
-318
181
-62
-1
-84
131
-34
-164
502
-299
-87
641
-453
131
315
15
-17
451
-188
128
288
-146
37
404
-86
3
579
-429
368
372
-615
659
68
-156
305
242
-105
326
77
-309
620
-180
-21
406
-24
199
-166
230
326
-655
847
-294
-85
780
-699
172
680
-836
380
460
-865
749
-190
-322
442
-51
-497
567
-48
-726
849
-361
-623
1087
-996
95
587
-885
363
-33
-299
-112
216
-596
646
-650
189
45
-336
-1
-235
295
-506
243
-210
-9
-37
-239
15
90
-502
265
-44
-483
581
-601
-122
741
-1277
675
78
-912
908
-565
-46
347
-440
-38
459
-647
486
-265
0
218
-528
644
-551
43
480
-653
361
306
-750
806
-137
-551
924
-553
208
486
-645
578
46
-436
761
-524
364
88
-136
339
-214
321
-27
-123
335
9
-429
1148
-1108
818
164
-783
1015
-516
29
470
-217
-177
756
-885
779
-425
106
362
-610
779
-470
-135
694
-1038
749
-19
-744
997
-499
-316
853
-1081
570
110
-930
1386
-1333
719
125
-956
877
-382
-488
701
-503
-170
772
-1324
1186
-920
164
171
-589
590
-488
-36
171
-229
-237
538
-972
950
-829
272
48
-244
100
-111
116
-385
443
-429
114
201
-382
99
459
-912
771
-253
-458
1092
-1247
840
40
-792
1138
-957
407
342
-545
302
234
-512
694
-524
209
277
-466
446
-118
38
33
214
-470
736
-620
174
636
-865
675
104
-665
1089
-942
570
147
-373
484
-187
128
87
-101
131
274
-459
658
-303
-31
370
-413
211
182
-245
180
193
-405
560
-617
341
69
-368
597
-543
286
300
-831
527
244
-826
636
-86
-223
293
-491
451
-311
-159
245
-206
109
-78
-195
150
-62
-445
493
-354
83
-144
75
-65
-137
-120
218
-213
-216
506
-730
568
-322
-124
219
-54
-330
321
-73
-284
362
-168
-103
144
-18
-282
433
-474
222
220
-556
415
9
-292
281
-264
52
188
-420
513
-197
-197
495
-593
238
175
-394
290
289
-637
681
-224
-299
553
-414
156
148
28
-61
50
206
-271
178
149
-164
177
199
-300
206
121
-383
454
-200
167
-126
198
-91
-73
233
-230
280
-102
-129
273
-187
-24
135
-2
24
-114
212
-154
-16
41
127
-394
593
-551
190
270
-633
642
-467
112
111
-72
-199
426
-494
182
112
-371
452
-505
446
-314
102
18
-120
86
-27
-79
119
-87
2
70
-221
365
-359
219
-109
50
-26
-117
126
-33
-27
17
29
-145
146
-80
-45
91
49
-217
283
-126
-219
373
-368
108
146
-239
258
-217
209
-161
-21
77
20
-92
-6
234
-412
428
-319
62
135
-98
63
-28
92
-134
40
-16
178
-344
373
-156
-103
272
-218
111
4
-82
116
-168
225
-234
172
27
-168
174
-105
37
-129
351
-555
644
-467
33
375
-553
432
-107
-102
45
353
-717
600
-34
-598
818
-518
71
198
-153
-98
291
-238
-41
265
-233
-8
222
-243
109
16
-180
289
-249
139
-72
158
-298
232
-102
-40
209
-298
343
-284
3
252
-356
182
226
-516
458
8
-494
500
-152
-388
587
-466
154
93
-77
-91
75
-13
-123
138
-115
106
-182
252
-323
174
-34
-116
210
-161
-1
213
-328
136
133
-351
274
-65
-152
254
-127
5
-29
177
-311
133
298
-655
700
-324
-100
317
-215
-73
261
-217
92
115
-133
97
-62
130
-244
306
-92
-229
680
-621
80
694
-1052
864
-161
-319
631
-404
25
398
-389
161
271
-376
464
-347
300
-130
72
-1
69
104
-130
162
23
-138
149
29
-236
530
-530
374
-86
-198
302
-303
242
-108
70
-121
176
-162
-60
222
-334
327
-243
10
120
-169
12
43
-34
-72
124
-248
197
-245
123
-213
200
-212
-137
361
-623
330
-67
-408
438
-343
-117
226
-322
-177
387
-635
359
-116
-206
133
-105
-87
-63
142
-331
249
-121
-159
227
-225
-2
133
-248
205
-137
-22
89
-14
-162
340
-380
285
-76
-159
320
-219
97
45
130
-319
497
-456
305
88
-285
505
-333
275
-126
92
65
-40
138
9
106
23
66
-81
340
-331
364
-14
-17
202
-88
128
67
3
39
233
-133
130
119
-69
82
161
-215
414
-275
198
57
-131
218
-123
111
40
-103
153
-75
-144
392
-540
466
-163
-209
400
-441
201
3
-177
163
-74
-97
103
-211
167
-228
112
27
-236
208
-227
-61
111
-249
35
147
-321
73
-28
-137
-166
144
-159
-79
138
-306
51
42
-421
216
37
-327
196
58
-333
143
-9
-321
387
-189
-186
478
-313
-258
682
-764
437
130
-586
918
-761
312
201
-424
383
-81
-132
373
-380
264
14
-194
357
-319
222
24
-213
264
-133
51
65
75
-157
297
-281
85
139
-199
170
139
-229
236
36
-401
578
-466
194
230
-293
198
180
-453
354
-19
-281
406
-194
97
62
-138
76
79
-265
335
-227
212
-106
-77
261
-310
120
98
-193
248
-188
12
212
-382
303
-226
152
-103
32
14
98
-197
147
-90
58
-182
105
176
-470
586
-439
79
140
-324
92
251
-444
466
-149
-137
302
-599
588
-529
141
385
-473
308
200
-715
626
-379
-204
629
-580
574
-288
110
-107
-127
35
6
28
118
143
-119
-6
-23
-93
-196
415
-319
422
-251
175
-44
-452
503
-393
115
398
-332
201
68
-527
441
-334
94
248
-72
128
-189
165
-292
-61
308
-219
178
123
-101
-105
-54
39
-201
186
225
-288
346
-81
-324
262
-248
172
-156
265
76
-364
404
-215
-288
382
-182
-122
457
-303
112
12
17
-275
116
113
-280
225
130
-130
22
110
-269
139
-125
24
178
-67
31
129
-218
-66
98
-176
144
72
89
-61
20
-9
-283
116
104
-184
302
77
-336
321
-294
-89
221
-167
205
56
-180
272
-400
78
126
-197
252
-44
108
-81
-140
130
-99
-175
446
-333
215
-64
-14
-137
112
-34
-66
220
-24
-172
193
-18
-427
629
-453
94
213
-208
-60
195
-194
134
-80
135
-6
-264
413
-393
178
48
-37
-59
185
-264
127
-35
-53
90
-8
-7
68
-72
-157
430
-580
374
106
-380
346
-11
-225
215
-167
67
-107
-4
277
-439
448
-42
-456
604
-436
-141
632
-608
383
172
-429
231
-59
-332
371
-250
278
-19
-127
292
-520
213
70
-316
400
220
-573
641
-290
-502
609
-307
-103
478
-89
-307
363
-324
-217
338
-180
169
87
41
-40
-200
11
139
-378
478
94
-490
702
-648
-16
340
-556
415
185
-365
369
-53
-431
470
-379
91
307
-260
192
-2
-133
-68
113
-300
397
-251
118
230
-356
174
-67
-117
2
261
-253
335
-68
-110
-52
54
-133
-33
322
-184
80
37
-216
23
-4
-83
225
57
-105
199
-254
14
66
-180
252
91
-213
91
137
-487
313
-51
-22
98
-2
-71
88
-267
299
-143
-80
500
-687
434
61
-508
375
229
-697
752
-511
140
65
-216
318
-202
83
20
-110
-13
178
-351
556
-422
220
-74
-109
73
-4
-13
93
91
-339
303
-209
-86
200
23
-139
234
-148
-108
155
-134
123
-11
103
-167
82
-185
92
15
-43
199
-136
-48
99
-189
89
172
-139
175
-57
-91
-59
17
11
23
147
-107
78
-120
-127
151
-95
107
159
-146
85
-106
-212
224
-215
214
30
16
-15
-99
-27
-80
120
-34
233
-129
120
-144
-125
13
39
-171
466
-240
-33
340
-627
333
1
-126
232
150
-299
170
-210
-37
-1
152
-2
45
69
-257
70
-119
156
-27
164
92
-238
-20
4
-241
223
97
-45
155
-207
-38
-102
38
117
-36
333
-159
-175
184
-319
79
115
77
106
-195
201
-343
-19
238
-306
383
87
-369
344
-226
-249
325
-187
182
14
-13
5
-94
-53
-8
29
81
-48
115
-6
-118
51
-121
90
-133
221
-119
130
18
-213
246
-207
-61
254
-123
-64
291
-301
112
-39
-29
-110
272
-184
6
317
-469
314
-51
-176
169
-10
-170
207
-93
14
26
72
-193
71
58
-264
293
-47
-1
93
-54
-29
-176
103
20
-96
305
-66
-112
138
-234
-15
87
-2
56
81
50
-226
133
-102
-95
216
-62
17
98
-184
84
-71
-21
170
-166
135
-24
-203
222
-149
33
153
-126
72
-83
-1
-68
13
165
-214
261
-26
-343
360
-230
-119
391
-255
97
136
-271
137
-87
25
6
91
57
-131
108
-67
-112
120
10
-48
204
-227
188
-211
29
77
-162
270
-142
45
21
-119
-75
89
-63
74
74
18
-95
9
-33
-161
165
-5
21
107
28
-168
70
-87
-94
194
-29
82
21
42
-207
83
-53
-92
228
-32
-8
118
-123
-153
216
-266
158
86
-78
79
-28
-107
6
-14
-48
141
-103
120
-55
-48
53
-94
26
90
-90
73
15
-31
-27
51
-6
-66
113
-56
-80
143
-120
-25
229
-251
145
48
-216
139
-59
-74
162
-78
55
69
-146
72
-127
62
-37
66
127
-66
105
-90
-125
16
-77
1
204
-59
121
-8
-149
6
-140
15
59
29
162
-78
54
-65
-191
153
-172
155
81
-20
89
-67
-56
-52
-34
45
-33
114
45
-158
190
-248
-11
121
-187
225
17
-26
63
-69
-86
-7
-24
57
66
99
29
-42
14
-214
101
-130
90
124
-24
100
-48
-111
-57
-34
-73
130
23
58
8
4
-123
-18
42
-104
200
14
-63
180
-220
13
21
-92
83
105
-24
-20
48
-190
-19
27
-59
55
191
-118
55
65
-268
121
-76
-21
149
3
77
-16
-10
-83
-66
46
-71
89
76
-63
129
-152
17
-45
-70
36
35
9
74
-15
-2
-25
-67
66
-133
233
-123
121
56
-102
17
-13
-107
98
1
-9
142
-129
83
-134
23
-87
41
-3
48
35
-7
3
-56
-6
-56
25
23
7
12
93
-151
139
-116
-8
87
-109
78
-13
-20
13
21
-75
145
-179
147
-44
-84
169
-173
117
-26
10
-1
46
-35
22
-11
23
-22
-21
73
-100
71
12
-75
87
-42
-31
58
-79
25
-18
-19
62
-59
40
40
-135
125
-98
-54
119
-132
71
64
-78
80
-7
-70
42
-88
51
-39
67
49
-72
137
-94
-71
143
-195
98
93
-127
157
-26
-67
43
-23
-68
60
3
10
2
36
-36
-68
113
-151
81
37
-89
91
-37
-54
52
-62
42
11
-27
90
-125
76
-57
-62
100
-63
31
91
-81
42
-6
-90
72
-81
78
-24
50
27
-59
49
-46
-64
102
-70
48
85
-83
80
-29
-53
18
-19
1
31
2
28
-26
23
-46
2
-12
-10
26
-16
26
-15
-2
7
-5
-27
42
-20
-21
30
-43
-3
20
12
-19
74
-34
-18
20
-44
-45
69
-23
-15
109
-85
35
11
-75
7
4
-29
23
30
5
1
9
11
-101
104
-100
17
48
-41
28
58
-64
31
14
-77
73
-89
51
-30
27
18
0
1
45
-75
61
-59
-30
97
-130
163
-80
44
51
-66
15
29
-127
141
-120
66
29
-60
122
-124
79
-51
-58
69
-83
13
97
-135
161
-102
7
46
-105
84
-56
13
50
-63
80
-34
-23
90
-118
94
-47
-23
48
-51
3
47
-73
76
-33
-12
45
-44
4
32
-50
46
13
-39
85
-70
58
-11
-56
65
-82
18
57
-97
121
-46
-28
79
-125
62
-34
-43
93
-82
90
-15
-38
67
-84
8
34
-91
109
-43
20
49
-59
44
-61
19
-22
11
-9
32
-44
50
-30
-2
9
6
-26
42
13
-64
106
-90
43
17
-24
16
18
-22
5
-10
1
-17
15
26
-55
69
-79
-2
9
-32
42
-13
39
-18
-8
0
-57
4
31
-25
87
-11
-2
1
-51
-5
-37
40
8
48
54
-39
-9
-45
-74
38
-19
31
82
-16
52
-47
-58
-32
-26
32
43
44
29
-6
-20
-31
-77
25
-13
44
72
-3
-8
-8
-78
-18
16
-30
71
12
19
-7
-37
-28
-56
59
-2
16
94
-90
26
9
-120
92
-19
-10
139
-84
34
-32
-85
38
-50
79
-7
37
41
-82
22
-53
-59
90
-25
69
28
-54
54
-138
83
-62
-24
171
-97
91
36
-162
58
-22
-79
126
-25
32
20
-4
-68
-56
39
-93
95
52
-37
53
-3
-110
34
-39
-49
94
20
22
39
-23
-81
30
-57
30
32
24
38
-8
13
-71
-10
-19
-3
35
40
-11
45
-56
-8
-38
-45
47
-38
96
-12
14
6
-38
-14
-12
-22
17
-2
61
19
-17
88
-142
71
-29
-87
102
-39
7
107
-37
-27
40
-111
5
-7
-21
6
76
-6
18
23
-99
-1
-42
-8
21
44
24
29
20
-34
-49
-10
-48
33
71
-17
87
-16
-49
32
-91
-34
57
-49
94
52
-40
36
-36
-73
13
-31
-32
73
1
37
24
-30
-53
7
-50
1
16
6
58
10
78
-58
3
-28
-82
21
3
-28
106
16
-6
78
-125
-11
-49
-44
31
38
37
65
17
-24
-19
-101
-8
-28
33
70
42
34
27
-54
-41
-45
-58
46
18
73
46
2
-5
-61
-60
-20
-33
43
59
22
49
-20
-55
-39
-46
-32
48
30
42
59
-18
-20
-27
-82
-2
13
8
95
7
22
14
-66
-19
-36
-30
37
24
45
35
-12
1
-61
-28
-20
-32
46
18
16
46
-27
-26
-1
-55
9
16
6
43
16
13
-7
-20
-22
-25
-10
11
7
20
24
0
-4
-1
-20
-10
15
-13
25
23
-3
13
-5
-19
-17
-12
-19
-3
22
-3
11
20
-27
11
-12
-22
12
-9
17
17
5
14
-13
-2
-5
-32
10
-19
7
28
-6
13
2
-17
1
-10
-12
13
0
24
14
7
4
-13
-12
-4
-14
7
15
-10
29
-6
-20
10
-33
-12
24
-21
24
23
-23
34
-20
-21
20
-37
21
15
-27
45
-21
-23
44
-67
20
22
-55
71
-6
-22
63
-46
-2
34
-70
41
-11
-29
51
-39
2
23
-49
25
2
-41
58
-18
13
42
-23
7
0
-36
5
-5
-12
29
-5
16
5
-13
-14
-7
-24
9
17
-1
36
5
-14
7
-26
-36
23
-22
19
41
-10
21
-3
-43
-2
-22
-16
36
-3
26
22
-27
5
-21
-37
17
-11
13
44
-10
11
-2
-39
-2
-12
-15
38
12
17
27
-23
-10
-9
-34
13
10
1
41
3
-7
2
-35
-15
1
-9
28
15
13
15
-20
-8
-23
-27
14
2
13
41
-11
4
-6
-43
-3
-8
-8
31
13
13
14
-19
-13
-23
-16
1
2
20
22
5
9
-8
-24
-2
-9
0
23
10
10
15
-9
-9
-14
-14
-3
0
8
2
8
6
-9
-3
-8
-8
6
0
5
5
3
2
-2
2
-5
-6
3
-5
4
4
-3
7
-3
-2
-3
-6
2
-1
2
4
-1
5
-2
-2
2
-4
3
-2
0
5
-3
1
-3
-8
3
-1
-2
7
-3
5
4
-3
4
-2
2
4
1
5
-1
-4
2
-7
-2
0
-6
5
2
3
4
-4
-1
1
-1
3
2
0
4
-1
-1
0
-4
-1
-3
-3
0
-3
-3
0
-1
2
1
0
3
3
4
4
1
3
4
0
1
-2
-5
-3
-7
-3
2
-1
4
0
1
3
-2
2
2
-1
7
3
1
0
-6
-2
-2
-5
-3
-3
3
3
-2
0
-4
0
3
1
4
2
4
4
-4
-2
-5
-5
1
-2
-1
1
2
-1
-4
0
1
2
2
2
4
3
2
0
-4
-3
-2
1
0
-4
1
0
0
0
-5
-2
-1
1
3
1
0
-1
-1
2
-2
-1
-4
-3
3
0
-2
0
0
2
2
-1
0
-2
1
2
-1
-1
-1
2
0
-2
-5
-3
0
2
0
-1
-3
-1
2
-3
1
1
1
6
1
1
2
-3
1
1
0
0
-3
0
1
-1
0
-3
-2
1
1
2
0
0
2
4
3
1
1
3
1
-1
-1
-2
-2
1
0
-2
-3
-3
1
2
1
-1
-1
2
2
0
-2
-1
3
3
2
-1
-3
0
-1
-3
-5
-2
0
1
2
-1
0
-1
0
1
-1
-2
1
1
2
1
0
-2
-4
-2
-2
-2
0
-1
1
2
0
4
3
0
2
1
3
2
0
0
0
-2
-1
1
0
0
1
0
-2
-3
-1
2
-1
1
0
1
4
2
0
0
0
2
2
0
0
0
1
2
0
-2
-1
0
4
1
-2
0
0
0
-1
-1
1
2
1
1
0
-1
1
2
2
0
-1
1
2
-1
-2
-2
-1
0
-1
0
-3
-1
2
1
0
-3
-1
1
2
-2
-2
-4
1
2
1
-1
-3
0
2
1
-1
-1
-1
1
2
0
-3
0
1
0
-2
-2
-2
-2
0
0
-2
-2
0
1
1
-1
2
-1
-1
2
0
1
1
0
2
1
1
1
-3
-2
-1
0
-1
-1
1
2
2
2
0
1
2
-1
2
3
-1
2
1
1
0
0
0
-1
-1
-2
-2
4
1
1
2
-1
1
3
2
0
2
0
2
1
-3
0
4
1
-2
-1
0
1
2
-1
-2
-3
0
1
-3
-6
-3
-3
-4
2
1
-7
-4
2
2
-2
-5
-5
-1
4
-3
-3
-3
-1
4
1
-5
-4
3
2
1
2
-2
0
4
3
3
1
-3
2
5
4
2
-3
-3
7
10
-1
-7
1
8
6
2
-4
-2
3
3
2
