1
0
-1
0
-1
1
1
0
1
1
0
0
0
0
0
0
1
-2
1
1
0
0
-1
0
0
-1
0
1
1
0
-1
-1
0
0
-1
0
-1
0
1
1
0
0
1
2
1
-1
0
1
1
0
-1
0
1
0
0
0
0
0
-1
0
0
-1
0
0
0
0
-1
0
1
0
1
0
1
0
-1
-1
-1
-1
-1
0
0
0
1
1
1
0
0
0
0
-1
0
0
0
0
1
1
1
0
0
0
1
1
-1
0
0
0
-1
0
1
0
-1
0
1
-1
0
2
2
-1
-2
1
1
0
-1
0
0
1
0
1
0
0
0
2
1
-1
0
0
-1
1
-1
-1
0
-1
0
-1
-1
0
1
0
0
-1
1
0
1
0
0
1
0
-1
0
1
-1
-1
0
0
0
-1
0
0
0
1
0
1
0
0
0
0
1
0
1
1
1
0
0
-1
-1
1
-1
1
2
0
-2
-1
0
1
1
0
-1
-2
-1
0
1
1
0
0
-1
0
-1
0
1
-1
0
-2
-2
1
1
0
0
-1
-2
1
2
3
1
-1
0
0
1
1
1
0
0
-1
-1
-2
1
1
0
-2
0
-1
-2
1
-1
-1
-1
-1
0
1
2
1
-2
-1
0
2
4
1
0
-1
-1
-1
0
2
2
2
0
-1
-2
0
1
1
0
-1
-1
-2
-1
1
2
1
-2
-1
-1
0
0
1
1
-1
-1
-1
0
2
0
2
0
-1
0
1
3
2
0
-1
-1
0
1
1
1
-1
-2
0
1
2
1
0
-2
-1
-1
0
1
2
0
0
-1
-2
0
2
2
-1
-2
-2
-1
1
1
1
0
-1
-2
0
1
2
2
-1
-2
-2
0
2
2
1
-1
-1
-1
0
0
1
0
0
-1
-1
0
2
1
1
-1
-2
-2
0
1
1
0
-1
0
-1
0
1
1
0
-1
-1
-1
0
0
1
2
-1
-1
-1
0
0
3
2
1
0
1
1
2
2
2
2
1
3
4
4
4
4
4
5
4
3
4
6
6
5
5
3
5
7
6
5
5
6
5
5
7
7
7
5
5
5
4
5
4
4
7
4
4
3
4
5
3
2
2
0
1
3
1
1
1
1
-1
-1
-1
-1
-3
-2
-2
-3
-4
-5
-4
-4
-4
-5
-6
-8
-9
-9
-6
-7
-8
-10
-10
-11
-11
-10
-9
-10
-12
-15
-15
-13
-12
-12
-12
-12
-15
-16
-13
-12
-10
-10
-13
-14
-14
-12
-10
-10
-11
-12
-12
-14
-9
-7
-7
-6
-9
-9
-8
-4
0
-1
-4
-4
-3
-1
1
5
5
5
2
1
4
9
12
12
9
8
8
11
17
18
18
14
13
16
19
20
25
23
18
17
18
21
24
25
23
22
19
21
24
25
24
23
24
23
22
24
24
24
22
20
20
23
22
21
20
18
17
15
16
15
15
13
10
10
9
7
5
2
2
0
0
-3
-5
-6
-7
-10
-13
-15
-16
-18
-19
-20
-24
-27
-27
-27
-30
-30
-34
-37
-38
-39
-38
-42
-42
-42
-43
-45
-43
-43
-45
-46
-47
-47
-47
-46
-44
-44
-44
-42
-42
-40
-38
-38
-37
-35
-34
-31
-30
-27
-27
-23
-20
-18
-16
-13
-11
-8
-5
-4
-1
2
3
7
10
12
15
17
20
24
27
28
30
32
35
37
41
42
43
45
47
51
50
52
54
53
54
55
56
57
57
58
57
56
56
56
55
55
53
52
53
52
50
47
45
43
41
40
37
35
34
31
28
24
22
19
18
16
12
9
8
5
0
-2
-5
-7
-11
-15
-15
-20
-25
-27
-30
-32
-36
-37
-38
-43
-45
-47
-49
-52
-54
-55
-57
-61
-63
-67
-65
-67
-70
-70
-70
-71
-72
-71
-72
-72
-71
-72
-70
-70
-70
-70
-68
-67
-64
-62
-61
-59
-56
-56
-52
-50
-48
-42
-41
-38
-34
-30
-27
-22
-19
-16
-12
-4
2
7
11
17
24
31
37
42
49
56
62
69
76
84
91
97
104
110
117
122
128
134
138
145
149
152
157
159
161
162
162
164
163
164
162
160
158
155
151
147
142
137
130
125
116
110
103
95
87
79
71
61
53
42
33
25
15
7
-3
-12
-22
-32
-38
-49
-56
-66
-74
-85
-93
-97
-106
-114
-122
-129
-135
-141
-147
-153
-159
-162
-167
-172
-176
-182
-184
-187
-189
-191
-193
-195
-194
-193
-193
-194
-192
-191
-190
-187
-185
-181
-176
-172
-169
-165
-160
-156
-151
-147
-141
-137
-131
-125
-120
-112
-106
-100
-93
-88
-80
-72
-64
-57
-50
-41
-34
-26
-18
-9
1
12
22
31
43
53
64
73
85
97
110
121
132
144
156
167
178
188
198
209
218
227
238
246
253
258
264
269
275
278
279
280
280
279
279
276
273
270
265
257
250
241
232
221
211
202
190
176
164
152
138
126
111
98
82
68
56
43
28
15
0
-13
-26
-40
-51
-63
-74
-87
-97
-109
-117
-126
-133
-141
-149
-156
-165
-170
-175
-182
-188
-190
-193
-197
-199
-203
-206
-207
-206
-207
-208
-208
-206
-206
-206
-203
-199
-198
-196
-192
-189
-186
-182
-178
-174
-170
-165
-159
-155
-152
-146
-140
-134
-131
-126
-118
-113
-107
-101
-95
-90
-83
-78
-71
-65
-60
-52
-44
-37
-30
-23
-16
-6
3
10
17
26
36
44
53
62
73
81
91
98
108
118
126
134
145
154
161
168
176
184
190
194
200
206
208
212
214
216
219
221
219
219
220
217
212
208
204
199
192
188
181
175
166
158
149
139
131
121
110
100
89
79
68
56
46
35
25
14
3
-8
-18
-27
-38
-47
-54
-63
-72
-81
-89
-96
-101
-108
-113
-120
-126
-130
-136
-139
-142
-148
-150
-151
-153
-154
-157
-158
-157
-159
-159
-157
-156
-155
-153
-151
-148
-145
-142
-139
-135
-132
-127
-123
-119
-113
-108
-103
-98
-93
-87
-82
-75
-70
-63
-59
-53
-45
-42
-34
-29
-25
-21
-13
-7
-1
2
6
12
17
22
27
33
38
41
45
51
57
61
65
70
73
78
83
87
94
96
100
107
110
113
116
120
124
126
127
130
130
131
133
134
135
133
131
131
128
126
123
118
115
108
105
97
90
84
78
71
63
57
47
38
29
21
11
3
-5
-15
-24
-32
-38
-46
-55
-61
-69
-75
-80
-87
-91
-94
-98
-101
-103
-105
-107
-107
-107
-107
-108
-107
-105
-101
-100
-98
-94
-90
-86
-82
-79
-74
-70
-64
-59
-53
-49
-45
-39
-36
-30
-24
-17
-15
-10
-5
0
4
9
13
17
20
23
27
29
34
36
39
41
44
46
48
50
51
54
57
59
60
59
60
62
63
65
66
68
68
67
71
72
70
72
73
73
73
73
75
75
75
75
76
76
76
76
75
75
72
72
71
68
65
62
60
58
54
52
48
43
39
33
29
24
18
10
5
-1
-7
-14
-22
-29
-36
-45
-54
-59
-68
-74
-84
-90
-97
-103
-110
-116
-123
-128
-133
-140
-144
-149
-150
-153
-158
-159
-159
-161
-161
-160
-159
-159
-157
-153
-149
-147
-140
-135
-132
-127
-121
-114
-108
-99
-92
-82
-74
-66
-59
-50
-41
-32
-23
-15
-6
2
11
20
27
34
44
53
58
64
71
76
83
89
96
99
102
106
112
114
117
119
120
124
127
127
128
127
128
129
126
127
128
125
123
122
121
119
117
114
111
109
108
105
102
100
97
93
90
86
84
82
77
74
70
67
64
60
57
53
49
46
41
37
32
28
23
18
14
8
2
-1
-7
-13
-20
-25
-31
-36
-43
-49
-55
-62
-65
-71
-77
-82
-89
-95
-99
-105
-108
-112
-116
-119
-122
-123
-126
-128
-129
-130
-130
-129
-129
-126
-124
-123
-121
-120
-117
-111
-109
-101
-97
-93
-86
-82
-76
-69
-65
-56
-49
-43
-35
-31
-25
-17
-13
-7
0
4
13
17
22
28
31
38
40
43
50
51
53
56
55
60
62
60
64
63
62
66
61
62
64
58
62
57
54
59
52
53
52
46
48
43
40
43
35
37
37
32
36
30
25
30
22
25
24
15
22
18
15
19
10
14
14
6
13
7
3
11
2
5
7
-4
5
2
-5
2
-7
-3
0
-11
-3
-5
-13
-3
-15
-13
-5
-19
-8
-11
-20
-7
-19
-19
-7
-24
-10
-12
-25
-8
-24
-18
-7
-25
-8
-13
-20
-1
-20
-14
-4
-20
-2
-10
-15
0
-15
-5
-1
-13
3
-8
-8
4
-9
3
1
-8
6
-1
1
9
-2
4
1
0
8
0
5
8
1
6
2
4
6
1
6
5
2
8
4
7
6
1
7
3
5
7
0
7
4
2
10
0
5
4
-2
9
1
-1
6
-5
2
3
-4
8
-1
1
6
-5
3
0
-7
4
-3
-2
5
-7
1
0
-7
5
-1
-3
2
-9
-2
0
-7
3
-5
-4
1
-7
-1
-1
-8
0
-4
-5
1
-9
0
-3
-9
4
-5
-3
2
-12
2
-2
-6
6
-13
-3
2
-13
9
-7
-9
9
-15
5
2
-17
12
-10
-4
14
-18
10
0
-19
20
-10
-3
19
-23
14
3
-19
30
-17
0
23
-30
24
-1
-19
33
-23
8
19
-24
30
-6
-9
29
-20
16
7
-14
22
-8
3
10
-6
14
-2
5
6
1
9
-8
11
0
-6
17
-14
8
8
-20
23
-8
-7
27
-25
13
11
-27
29
-10
-13
28
-28
13
11
-29
27
-7
-11
23
-21
4
12
-21
10
8
-16
13
-3
-19
24
-16
-12
27
-33
15
9
-38
41
-22
-12
33
-46
29
1
-32
39
-28
2
13
-27
18
-9
-6
2
-1
1
-8
10
-21
14
3
-29
41
-36
7
30
-60
58
-24
-24
57
-74
47
4
-59
76
-59
18
33
-76
71
-30
-20
55
-65
47
2
-45
56
-36
10
23
-46
37
-4
-21
27
-19
5
20
-26
13
18
-24
21
-4
-14
39
-32
1
32
-34
32
-8
-23
48
-33
4
23
-29
30
-10
-18
30
-14
-2
11
-13
10
8
-18
12
9
-17
17
-6
-10
29
-21
-1
28
-37
22
6
-38
48
-32
-13
42
-56
38
3
-48
64
-45
-3
42
-67
51
-8
-42
58
-53
16
19
-52
49
-26
-12
29
-37
23
4
-25
15
-4
-7
8
-10
-2
14
-18
2
13
-20
15
-4
-16
27
-19
-2
16
-25
24
-5
-23
32
-18
1
7
-23
31
-20
-7
24
-23
21
-15
-4
27
-30
26
-20
-4
52
-77
54
0
-43
78
-88
55
16
-68
82
-73
41
27
-97
97
-28
-27
50
-62
80
-51
-13
67
-89
104
-82
5
92
-124
106
-60
0
86
-129
95
-16
-37
71
-93
72
-1
-51
49
-40
60
-62
15
43
-72
83
-86
46
38
-111
117
-73
3
64
-108
94
-43
-12
64
-102
97
-28
-54
78
-59
48
-49
14
44
-75
52
-31
22
-4
-42
65
-55
31
-11
-25
58
-66
31
29
-75
85
-46
-19
66
-85
71
-25
-39
84
-72
25
-7
22
-25
-16
63
-79
68
-45
7
64
-140
157
-89
-32
139
-179
139
-38
-92
192
-189
71
73
-157
159
-108
17
100
-195
184
-51
-110
183
-127
5
85
-107
70
-4
-60
93
-69
-5
95
-134
76
50
-130
96
10
-67
37
9
-1
-30
24
7
-14
-12
30
-15
-16
28
-27
37
-54
50
4
-94
147
-104
5
68
-90
70
-27
-36
80
-41
-51
94
-42
-33
54
-23
-8
9
25
-78
101
-36
-102
191
-143
-4
120
-127
66
3
-53
88
-66
-39
152
-158
12
165
-225
110
68
-158
108
15
-94
77
-4
-74
110
-91
13
101
-190
168
-18
-170
254
-145
-71
210
-166
15
71
-43
2
-9
28
-29
40
-63
68
-20
-85
217
-265
95
213
-403
274
44
-280
317
-207
4
224
-331
225
19
-216
296
-234
49
209
-361
270
-23
-180
179
-54
-60
34
90
-167
166
-74
-48
211
-323
309
-141
-179
442
-462
154
230
-385
271
-30
-190
302
-192
-74
246
-196
68
15
-108
204
-136
-111
285
-188
-66
239
-241
95
104
-199
121
30
-109
65
-32
39
-21
-79
163
-108
-18
128
-113
3
118
-113
-107
300
-249
-5
101
-81
186
-285
193
44
-126
115
-118
66
65
-132
-86
301
-279
44
222
-386
374
-122
-149
271
-206
58
59
-120
94
-89
112
-53
-191
421
-320
-31
343
-418
254
46
-243
138
48
-97
12
-61
268
-327
166
85
-206
263
-238
91
56
-80
-56
95
23
-66
-39
6
254
-235
-108
296
-77
-121
-10
153
-101
21
-42
-80
319
-325
55
162
-108
-9
13
32
21
-71
-77
280
-223
-77
260
-243
206
-165
-32
287
-251
-23
155
-4
-155
94
-2
-13
-52
46
51
-49
-24
57
107
-219
119
6
-51
61
-214
284
-67
-158
159
30
-11
-134
158
-94
34
-118
95
62
-209
269
-214
123
44
-107
21
78
-112
53
-75
78
71
-315
433
-174
-186
317
-209
146
-121
-158
451
-307
-146
299
-123
90
-224
151
220
-506
377
-32
-173
255
-434
667
-444
-281
772
-577
98
34
-56
268
-492
409
-43
-189
314
-320
301
-275
151
-29
-172
239
-165
130
-262
455
-334
-3
292
-296
186
-249
330
-304
38
213
-227
150
-129
255
-283
79
205
-327
283
-296
235
11
-333
318
-44
24
-228
213
-6
22
-83
-104
393
-398
188
-66
-96
259
-303
263
-266
205
-68
36
106
-292
294
11
-190
14
26
78
-27
-129
51
89
-115
142
-116
-4
-5
221
-106
-335
319
202
-375
31
89
0
17
-131
125
-156
262
-130
-11
-5
3
224
-192
-84
118
3
-1
-114
60
-154
228
-54
-119
62
-72
534
-612
166
72
3
86
-364
171
152
-144
19
41
-211
406
-95
-237
143
-127
472
-473
-48
235
14
-10
-291
260
-97
299
-424
273
-261
278
238
-903
686
72
-389
270
-144
-100
440
-279
-242
413
-365
506
-497
-157
793
-637
176
133
-305
301
11
-312
113
133
84
-299
145
-17
197
-159
-146
243
-123
93
-279
360
-383
423
-125
-320
481
-378
302
-199
-124
337
-168
-138
144
-81
207
-402
381
146
-948
1121
-335
-474
476
-117
214
-439
172
212
-244
48
210
-453
265
313
-470
-18
282
212
-500
28
272
51
-221
-16
262
-274
155
48
-234
-28
444
-169
-504
497
172
-295
-118
87
337
-261
-422
497
215
-781
521
255
-784
740
-136
-299
277
-134
132
5
-603
737
153
-1208
1141
-283
-257
265
-264
464
-306
-100
324
-154
-137
137
130
-448
378
-93
-127
249
-308
385
-299
117
45
-21
-130
138
137
-447
187
256
-400
292
-94
7
132
-57
-86
-176
499
-269
-331
404
88
-345
313
-278
179
271
-533
328
-88
-11
227
-590
285
624
-936
228
695
-795
376
-49
-186
436
-650
359
183
-316
144
-27
44
5
-204
-22
388
-299
-71
271
-59
-114
124
-336
361
52
-535
558
-222
-55
135
-152
-55
175
111
-363
123
59
251
-459
-195
965
-681
-59
249
-135
400
-708
427
303
-681
743
-662
133
608
-784
345
44
52
62
-604
747
-126
-519
558
-346
349
-314
158
86
-250
356
-396
-56
512
-297
-120
134
174
-16
-770
896
-215
-434
411
-38
41
-36
-225
345
-228
-208
490
-290
-77
188
113
-380
-63
269
208
-431
-303
1006
-458
-642
544
407
-554
-332
1072
-754
-113
470
-40
-395
211
299
-225
-184
-122
1043
-1180
320
609
-543
-10
20
536
-846
402
323
-321
-273
435
263
-709
419
-134
247
-449
212
274
-289
88
-119
321
-625
340
472
-740
-95
1136
-871
-457
1137
-507
-522
582
3
-255
138
-142
503
-853
304
467
-547
-56
388
209
-1005
684
346
-703
12
608
-320
-287
373
-95
150
-370
159
351
-621
616
-375
-20
538
-651
525
-495
397
218
-955
942
-48
-550
467
-302
121
225
-417
258
78
-147
105
-322
343
115
-390
14
308
49
-624
813
-435
-236
588
-418
-88
437
-236
-22
-266
279
537
-1484
1366
-231
-783
854
-428
78
216
-539
615
-402
75
330
-714
705
-434
87
25
17
155
-172
-297
831
-970
502
436
-1074
846
100
-503
-53
594
-117
-713
373
789
-1038
240
263
236
-668
-132
1270
-1112
-45
566
181
-808
-62
1687
-1947
429
1125
-1245
489
-262
612
-548
-259
583
-1
-315
-185
698
-167
-1041
1363
-293
-1045
1582
-1168
403
386
-991
1044
-442
-657
1127
-467
-713
1219
-533
-485
717
-213
-294
437
-197
-128
637
-1159
1200
-568
-315
798
-645
94
291
-170
-117
174
-47
-189
43
470
-757
767
-271
-387
658
-602
375
-232
82
449
-1075
1350
-1152
682
-210
-715
1702
-1959
1117
399
-1138
764
-84
8
-439
334
604
-1210
582
719
-1144
265
572
-533
198
-470
750
-182
-691
528
687
-1246
198
1328
-1406
258
689
-594
-229
797
-835
576
-176
-280
483
-120
-482
628
-277
-304
251
346
-445
41
621
-819
353
-114
168
-374
408
-14
17
-538
859
-283
-976
1347
-550
-229
-207
1265
-1058
-545
1986
-1584
-421
1937
-1690
325
675
-669
686
-1186
1103
298
-1655
952
1151
-2026
487
1474
-1379
-299
1308
-880
33
467
-720
774
-406
-250
467
27
-508
366
10
14
-352
564
-537
263
107
-609
1182
-1102
422
219
-230
-260
317
272
-1073
1650
-1142
-228
1264
-956
-262
641
257
-1398
1572
-904
107
767
-1412
1402
-644
-310
438
-42
-254
309
90
-890
1792
-1524
-280
1895
-1765
296
543
210
-1130
1003
67
-999
947
-378
-83
79
98
-45
-62
57
439
-1171
1290
-686
-118
318
-109
-41
22
24
245
-508
81
829
-1670
1574
-519
-570
1123
-563
-192
133
234
195
-1341
1321
543
-1774
1012
506
-1071
680
-682
815
-221
-587
931
-633
126
123
-270
-210
1003
-1119
519
169
-134
-179
-274
888
-974
123
1144
-1402
386
1007
-1297
129
1020
-1069
192
766
-1016
859
-598
444
-148
-468
1066
-1224
627
-41
112
-294
66
596
-578
-176
133
615
-1355
1278
-616
159
415
-625
404
-770
846
-173
-629
361
984
-666
-1114
1732
-478
-1145
920
528
-618
-627
1934
-1256
-874
1147
488
-1665
626
1595
-1653
70
555
448
-1705
496
1724
-1944
316
1283
-1194
388
-518
354
412
-1323
1658
-588
-573
1146
-1338
932
-43
-1540
2402
-980
-888
1439
-681
266
-851
690
644
-1684
1326
157
-906
447
20
288
-710
128
530
-180
-351
-116
1056
-1051
-59
1079
-1118
197
668
-706
243
-137
120
608
-1513
1290
203
-1316
1116
-293
-123
156
-305
737
-734
-211
940
-568
-483
1176
-1045
768
12
-1361
2061
-1418
-179
1197
-1028
387
341
-845
888
-725
34
794
-1025
603
185
-80
-507
107
785
-1188
453
458
-410
489
-1178
1749
-871
-1420
2539
-1223
-947
1845
-1011
229
-151
-123
726
-1249
831
-71
-225
730
-1350
1324
-178
-1234
838
606
-902
-378
1762
-1069
-728
805
531
-1065
-605
2532
-1466
-1228
2359
-817
-1395
1441
-176
-330
-379
1046
-71
-1343
1352
-352
-498
462
-94
186
-254
-45
418
-379
-59
147
158
-336
60
116
629
-1282
650
791
-1446
621
420
-733
106
848
-926
158
522
-267
-342
-292
1337
-902
-379
811
26
-878
421
684
-1301
927
207
-867
730
-431
401
-347
-244
805
-551
-214
838
-550
-349
705
-436
-53
418
-461
499
-664
476
385
-1411
1623
-588
-870
1029
324
-1150
407
740
-1057
647
-381
641
-708
-346
1766
-1787
-9
1927
-1701
-193
970
-154
-195
-504
664
463
-1381
475
1534
-2261
1004
793
-1367
520
270
-107
-286
103
511
-565
-290
1139
-990
-276
1557
-1967
1355
334
-1688
1297
47
-841
78
866
-312
-508
-225
1672
-1234
-1046
2485
-1783
-204
1156
-51
-841
-188
1786
-1751
-238
1586
-595
-604
-124
1571
-1102
-1007
1952
-888
-698
853
207
-626
396
-313
633
-892
136
1024
-1204
343
644
-395
-679
1027
-572
-47
355
-684
1306
-1227
736
-228
-522
1047
-1381
832
218
-304
-86
101
309
-365
-194
144
432
-1164
1290
37
-1326
1355
-449
-373
-65
771
-195
-991
1104
362
-1350
710
294
-458
-186
291
457
-616
-73
1083
-1375
332
975
-1348
527
510
-397
-641
1086
-458
-671
936
-349
-154
-163
1095
-757
-1002
1887
-682
-1497
1659
762
-2175
704
1854
-1889
-423
1747
-595
-1545
1551
635
-1489
39
1413
-700
-1276
1486
417
-2018
857
1538
-1881
-81
1394
-253
-1498
1111
633
-1348
578
289
-128
-231
-41
518
-53
-697
375
823
-1169
83
859
-328
-696
509
788
-1198
58
953
-564
-505
497
222
-413
-155
503
-91
-291
125
258
-535
303
126
-99
-188
-30
599
-547
157
214
-369
165
-69
466
-328
-432
167
736
-302
-812
977
-259
-614
948
-384
-331
205
83
-173
26
502
-600
-226
549
265
-661
-157
808
-378
-508
565
765
-1216
-434
1967
-1216
-744
1325
-169
-1086
818
667
-1179
312
399
-344
-206
622
-622
31
753
-984
320
791
-864
40
234
-78
149
-183
246
-394
-91
853
-601
-146
649
-849
202
550
-248
64
-952
1036
239
-1143
1078
-466
-264
612
-398
174
-159
177
-150
-184
634
-354
-477
773
-61
-499
88
288
67
-600
288
511
-631
-119
910
-499
-775
667
725
-1450
451
1236
-1646
125
1461
-773
-975
1378
-268
-1272
1502
528
-2204
1164
1356
-1886
84
1484
-878
-1265
2102
-281
-1904
1570
588
-1773
623
1395
-1663
-453
1667
-188
-1671
1286
840
-2136
1050
1097
-1420
-184
1071
-142
-1132
1150
384
-1590
668
1240
-1414
-412
1337
-35
-1397
1073
531
-1532
565
850
-701
-509
1089
-400
-717
871
133
-734
192
396
38
-607
368
317
-710
364
405
-467
-133
514
-518
257
203
-206
-230
179
303
-411
260
-63
-130
-401
601
2
-526
706
-666
518
-243
-393
962
-892
413
90
-315
376
18
-52
-177
-24
-59
100
207
76
-714
340
604
-981
157
883
-1071
-153
987
-61
-1232
766
797
-1242
227
654
29
-1155
962
741
-1480
582
927
-912
1
260
332
-550
-738
2145
-1162
-1196
2061
-723
-1384
1367
371
-1280
-129
1247
-374
-743
993
-422
-685
617
271
-792
449
198
176
-481
-291
1376
-983
-210
711
-276
-174
364
278
-853
247
343
-288
175
91
-465
-91
441
-103
-46
-232
87
317
-140
-223
-186
-80
209
283
-4
-334
-169
392
-3
197
-122
-156
80
135
569
-500
-677
740
168
-349
491
30
-600
208
458
-404
-208
-62
294
-531
20
698
-170
-681
321
704
-1243
299
796
-1174
-127
1489
-439
-896
858
178
-747
204
690
-663
-214
748
-448
-403
501
282
-838
-31
1141
-882
-545
803
-130
-552
498
533
-1060
159
580
-811
-50
625
-232
-691
416
438
-577
-11
529
-368
-266
415
67
-602
142
351
-494
439
616
-189
-382
275
83
-304
157
134
-250
-191
420
28
-118
-48
-184
-333
-55
523
-130
-606
139
222
-531
509
273
-844
54
666
-46
-395
438
-73
-564
87
754
-25
-594
911
256
-1431
745
878
-1308
99
1250
-496
-786
1142
-31
-1423
47
1042
-671
-648
1018
-300
-1084
558
517
-873
-133
638
137
-880
183
553
-1116
460
1083
-536
-205
812
-18
-781
288
299
-911
187
1248
-341
-375
306
-529
-375
432
209
-443
13
654
-327
-323
489
-651
-417
663
514
-98
26
509
-689
43
275
-209
512
-103
332
859
-255
-175
193
-160
-127
33
746
162
-396
476
223
-927
-291
586
-617
-585
826
67
-915
161
42
-836
-328
516
421
-689
147
409
-636
-112
430
394
-290
189
919
-427
-369
447
-182
-141
222
482
-70
-202
-145
-331
-207
-351
422
-267
-222
166
-401
26
31
129
-199
191
403
83
226
70
368
-6
25
679
-368
-177
625
-453
-202
742
-309
-674
565
-134
-801
-120
314
-354
-562
603
-77
-328
37
193
1
-284
450
133
101
295
468
-4
-67
513
-53
124
241
421
239
-201
235
314
-428
-399
559
12
-375
129
309
-194
-436
430
168
-506
217
504
-75
-129
218
404
-362
333
979
-329
16
618
179
-358
265
444
-701
-158
720
-116
-583
265
31
-793
-189
606
-377
-877
265
23
-831
-120
206
-653
-426
94
-63
-418
-485
-338
-639
-597
-225
-317
-415
-435
-422
-626
-736
-580
-668
-451
-644
-363
-180
-653
-597
-205
-764
-1031
8
-333
-526
-255
-165
-331
-721
-33
92
-585
-108
407
-545
-96
474
-34
-14
266
425
181
571
550
177
243
454
765
522
563
761
523
448
859
815
293
610
886
770
663
829
980
583
1019
1133
758
979
1082
1101
834
1549
1460
814
1187
1308
928
832
1412
1101
798
838
841
553
500
579
345
271
335
302
-277
-174
-228
-1015
-772
-653
-840
-911
-1280
-1676
-1917
-1991
-2028
-1783
-2142
-2123
-2172
-2637
-2285
-2464
-2809
-2555
-2625
-2275
-2085
-2080
-2049
-2207
-2130
-2088
-1582
-1189
-1048
-1100
-1038
-831
-667
-471
-340
-324
-88
-8
381
586
362
-77
-208
84
-10
233
412
244
163
360
417
166
295
366
149
648
1109
1097
755
996
1028
811
1435
1995
2088
2044
2295
2331
2254
2343
2575
2701
2783
3155
2794
2538
2941
2457
2325
2654
2800
2935
2789
2849
2826
2545
2464
2796
2653
2766
2713
2355
2761
2894
2660
2704
2883
2904
2631
2611
2688
2432
2016
1810
1438
327
-853
-1827
-2025
-1485
-1299
-2077
-2860
-3500
-4690
-5650
-5749
-5344
-5369
-5507
-5251
-4880
-4842
-5091
-5523
-5738
-5286
-4382
-3207
-1827
-1214
-1565
-1901
-1508
-1197
-1250
-1033
-391
520
628
164
-413
-874
-1471
-2042
-1908
-1305
-1298
-2019
-2760
-3265
-3919
-4257
-4116
-3756
-3369
-3278
-3448
-3492
-3368
-3431
-3095
-2366
-1410
-558
-242
150
603
495
698
1468
2367
2908
2984
3182
3445
3009
2900
3496
3668
3926
4070
3891
3572
3133
2731
2386
2607
3125
2956
2414
2466
2194
1369
1045
1321
1762
1866
2422
2733
2193
2109
2060
2542
3107
3654
4146
4514
4855
4523
4575
5115
5479
5139
5053
5874
5855
5978
6162
6358
4804
318
-2587
-2700
1163
3162
1433
-304
-2315
-4259
-7031
-8253
-6955
-5654
-5259
-5576
-5035
-4771
-5696
-8124
-9240
-7795
-5652
-2908
-1097
67
-909
-2743
-3354
-2564
-75
1631
3059
3640
2974
2343
1476
1075
482
473
1337
2763
2840
983
-1319
-3705
-4299
-4537
-4202
-3133
-3224
-4275
-6488
-7602
-7088
-6723
-6375
-5692
-4679
-4380
-4581
-4663
-4049
-3662
-3142
-1515
72
1194
1104
642
402
697
1891
3392
4448
4417
3737
2700
2372
2897
2935
2965
3125
3198
2816
1996
1164
210
-606
-513
682
1804
2011
1216
339
-124
5
1183
2307
3229
3410
3269
3650
3963
4376
4601
5001
5813
7136
8164
8181
7755
6579
6235
6285
7365
8225
8460
8584
7749
6446
1802
-1983
-3425
-856
3699
3788
1490
-1987
-4420
-6728
-9463
-9142
-6668
-4256
-4159
-5195
-5951
-6589
-8443
-10153
-8958
-5868
-2023
-507
-244
-599
-2533
-3238
-2789
-40
3388
4825
5159
4158
2833
1657
1072
942
1681
2691
3567
3795
1815
-582
-3388
-5356
-6063
-5842
-4135
-3292
-4387
-7133
-9923
-11086
-10202
-8195
-6852
-6195
-6514
-6658
-7084
-7290
-6230
-5016
-3398
-1803
-133
443
-431
-1397
-1398
-66
2170
4303
4878
4203
3120
2127
1896
2578
3824
4386
4152
3595
2754
1683
479
-28
312
825
1453
1654
1407
573
-90
13
819
1935
3058
4114
4368
4453
4339
4484
5346
6677
8131
8721
9029
8757
8611
8482
8934
9293
9737
10200
10715
8374
2401
-1618
-1721
3339
6181
4375
1055
-2365
-4566
-7863
-10050
-8081
-4727
-3500
-5119
-6924
-6829
-7225
-10011
-10913
-8655
-4033
-145
64
-501
-2342
-4028
-4157
-2144
1983
6204
7085
5574
3102
1601
2032
2225
2246
3508
4770
6172
4893
1302
-1928
-4561
-5050
-4498
-3281
-1322
-2000
-6585
-11470
-13471
-11985
-9427
-8326
-7083
-7077
-8417
-9258
-9750
-8729
-7144
-5426
-2952
-1314
-688
-954
-2469
-2680
-981
1517
3921
4779
4574
3805
2341
2562
3748
4852
5560
5097
4636
3977
2803
2132
1062
202
316
765
1196
1038
1
-804
-1199
-1222
-193
866
2312
2746
2132
2518
3846
5283
6104
6573
7404
8103
7808
8319
9438
10057
9888
10412
11246
12024
8127
1698
-798
1763
8335
8856
4957
1076
-1401
-3219
-6476
-7571
-4674
-1859
-2652
-5320
-7239
-6643
-6914
-10123
-10642
-7551
-2041
721
-1319
-3218
-4592
-4496
-3806
-1005
3360
7105
6387
3111
892
1189
3016
3093
3031
4918
6724
6945
3586
-614
-2645
-3054
-2599
-1619
-319
569
-2382
-8462
-12757
-12756
-9520
-7078
-6708
-7076
-8180
-9476
-10290
-10098
-8587
-6590
-5066
-3613
-2479
-2065
-2601
-4157
-3989
-1985
944
3156
3282
2071
787
443
1568
2946
3681
4144
3631
3067
2592
1771
1093
24
-419
-33
718
1444
990
-291
-1573
-1732
-965
507
1715
2621
2744
2763
3505
4551
5513
5785
6224
6864
8023
8901
9358
8655
8371
8541
9927
8891
4338
1192
1095
5892
7507
4799
1199
-724
-1045
-3149
-5784
-5178
-2004
-1082
-3174
-6040
-6175
-5021
-6893
-8057
-6686
-2243
914
-543
-2622
-3467
-2618
-1849
-524
1996
5635
6384
3923
1694
1231
2965
3701
3531
4312
5433
6049
4321
1326
-939
-1506
-1280
-1035
-1041
-980
-2744
-6984
-10632
-10533
-7840
-6432
-7074
-8211
-8231
-8259
-8447
-7865
-7075
-5766
-4712
-3802
-3058
-2457
-2477
-2835
-2328
-653
1458
1992
1689
1261
1236
2085
3229
4303
4104
2997
1882
1529
1978
2329
2377
1527
565
-53
-54
192
-82
-429
-675
125
922
1259
858
994
1708
2630
3607
4185
4569
4583
4698
5751
6935
7497
7734
7120
7370
4866
2147
1373
3612
7318
5839
2323
-688
-659
-518
-2855
-4492
-2822
-188
-914
-3545
-5408
-4244
-4019
-5846
-5470
-3111
739
935
-1568
-2981
-2416
-661
543
2173
4256
5926
4233
2178
1367
2477
4871
5044
4622
4144
4113
4037
2552
589
-280
344
586
-112
-2180
-3716
-4769
-6160
-6340
-5618
-4918
-5635
-7450
-8526
-8339
-7662
-6362
-5101
-4394
-3744
-3913
-3753
-2720
-1879
-1195
-1237
-482
1126
1965
2111
2015
1761
2055
2295
2661
3158
2561
1602
985
993
1400
1361
599
-85
-885
-1625
-1699
-1542
-926
-1089
-1579
-1260
-656
-187
-570
-770
-485
778
1784
2877
2800
2710
2447
2825
3140
774
-285
-106
4189
6438
4074
723
-1063
567
403
-1394
-1751
561
1572
-661
-3528
-3811
-1290
-2053
-3505
-3724
-1192
1448
-95
-2001
-2521
-708
677
1439
2062
3650
3910
1936
1322
1823
4434
5496
4508
3770
3707
4478
4272
2549
960
1188
1615
1742
627
-721
-1202
-2201
-2917
-2811
-2209
-1748
-2886
-4186
-4027
-3038
-2311
-2077
-2337
-2233
-1989
-1987
-1045
-349
305
454
277
1092
2148
2528
2387
1875
1889
2451
2654
2941
2635
1798
1271
1175
1590
1672
957
181
-358
-789
-1085
-1092
-761
-437
-1214
-1982
-2258
-1961
-1540
-1612
-1488
-1261
-418
-35
320
-1993
-4298
-4580
-1976
1661
990
-864
-2595
-2449
-2524
-4362
-4639
-2555
-174
-889
-2628
-3335
-2026
-2188
-3730
-3167
-1128
1768
1632
-91
-949
-914
-466
-27
1487
3253
4321
2733
1077
316
954
2347
2130
2170
2364
2593
1856
26
-1080
-1105
-605
-738
-511
-326
-81
-965
-2609
-2603
-1703
-191
244
57
-82
-297
-15
627
1694
2358
2901
2943
3272
3877
4428
4901
4873
5221
5518
5848
6063
5960
5509
5082
4925
4899
4626
4159
3371
2877
2524
2362
1730
904
237
-330
-404
-366
-281
-856
-1561
-1993
-1778
-1033
-762
-752
-1548
-2140
-2839
-4794
-5306
-4415
-695
501
-2116
-5641
-6824
-5306
-4653
-5400
-5004
-2607
-1570
-3753
-7078
-7280
-4517
-3580
-3875
-3696
-1742
-782
-3149
-5541
-5306
-2316
-199
162
-187
-86
-573
-2271
-3124
-2297
-23
1169
364
-1201
-2336
-2489
-2821
-3537
-3815
-2811
-1578
-1561
-2857
-3741
-3523
-2952
-2457
-1482
39
612
-228
-851
-33
1756
2757
2862
3230
4029
5026
5435
5761
6383
7011
7082
7104
7610
8225
8373
7826
7768
7654
7760
7710
7357
6814
6404
6300
6080
5530
4951
4652
4412
4292
3999
3622
3266
2860
2560
2428
2329
2463
2191
1690
304
-3154
-4772
-4035
430
1948
-1121
-5248
-6808
-5453
-5779
-7084
-6473
-3606
-2517
-5344
-8478
-8467
-5920
-5877
-6786
-6166
-3075
-1493
-3899
-6768
-6924
-3943
-1877
-1203
-928
-120
-332
-2928
-4673
-3905
-911
341
-1103
-3020
-3776
-3358
-4181
-5180
-5922
-4869
-4143
-4717
-5594
-5891
-4925
-5040
-5462
-5139
-3329
-1980
-2231
-2689
-2260
-360
790
1386
1691
2563
4002
4922
5897
6654
7393
7219
6782
7006
8116
9532
9976
9741
8750
8069
7748
7708
7956
7822
7405
6711
6105
5883
5741
5213
4430
3856
3872
4354
4317
3465
2852
2453
2298
768
-1868
-2257
-467
2683
2492
-465
-3001
-3452
-2805
-3032
-3091
-1616
345
-796
-3938
-5920
-4526
-1933
-2026
-2753
-2299
-1010
-1817
-4259
-4927
-2721
-284
-599
-1559
-2191
-2055
-2950
-4443
-4459
-3059
-2186
-3383
-5679
-7085
-6699
-6208
-6656
-7278
-7768
-7548
-8021
-8848
-8604
-7400
-6316
-6376
-6736
-6041
-4692
-4335
-4261
-3291
-1353
285
309
337
1417
3102
4594
5256
5560
5853
5926
5881
6306
7177
8178
8305
7338
6402
5871
6030
6554
6331
5501
4642
4247
4495
4448
4028
3594
3173
2915
2802
2748
2777
2939
2735
2719
1303
-1225
-2250
-226
3691
4124
836
-1995
-1742
-575
-1090
-1967
-429
2125
1315
-1899
-3903
-2175
298
-196
-1300
-488
1230
814
-1407
-1987
346
2280
1796
855
797
1611
1066
-482
-928
173
1042
279
-1936
-3359
-3194
-2792
-3316
-4347
-5037
-5199
-6206
-7792
-7834
-6451
-5457
-6376
-7758
-7577
-6506
-6266
-6317
-5493
-4006
-3011
-3016
-2669
-1438
-87
1142
1947
2692
3437
3915
4339
5051
5992
6920
7125
6806
6612
6581
6829
7076
6732
6034
5394
5571
5884
5284
4136
3268
3132
2871
2193
1545
1358
792
-59
-1646
-3196
-3952
-3328
-1343
-896
-2577
-4983
-5612
-5007
-4351
-4159
-3079
-1712
-2344
-4121
-5383
-3753
-1340
-488
-833
-651
313
462
-173
-74
1823
3444
3484
2781
2240
2488
2103
1731
1790
2254
2441
1547
143
-1207
-1636
-1657
-1682
-2576
-3519
-4072
-4552
-5079
-5671
-5192
-4627
-4859
-5592
-5631
-4713
-3887
-3534
-3151
-2227
-1568
-988
-154
1033
2315
2787
3165
3557
4314
5168
6005
6747
7186
7252
6961
6780
6807
7055
7145
7075
6957
6837
6381
5500
4742
4460
4614
4450
3735
2734
2197
1617
759
-1286
-3072
-2663
-1006
167
-1595
-4176
-5661
-5825
-6054
-5899
-4891
-3625
-3690
-6125
-7641
-7412
-5658
-4416
-4476
-4152
-3458
-3288
-3724
-3544
-2366
-613
9
-67
65
20
267
219
282
1036
1627
1725
890
-416
-888
-626
-669
-1132
-1965
-2600
-2859
-3612
-3810
-3680
-3709
-4083
-4864
-4850
-4299
-3777
-3452
-2966
-2702
-2380
-2039
-1265
56
872
1639
1905
2194
2765
3691
4929
5907
6383
6611
6697
6787
7081
7501
8052
8361
8331
8141
7748
7386
7230
7216
7299
7060
6396
5832
5088
4444
3392
1954
1341
1571
2459
2226
577
-1447
-2657
-3307
-3533
-3297
-2750
-2404
-3729
-5594
-6733
-6437
-5299
-4794
-4859
-5031
-5172
-5412
-5261
-4670
-3660
-3217
-3332
-3222
-2935
-2569
-2422
-2309
-2056
-1644
-1493
-1393
-1603
-1813
-1886
-2062
-2324
-2787
-3153
-3288
-3242
-3353
-3536
-3852
-4216
-4497
-4583
-4150
-3524
-3106
-2943
-2974
-2904
-2444
-1533
-462
315
661
961
1276
1604
2208
3292
4569
5320
5231
4891
5057
5647
6426
6888
7275
7417
7155
6565
6105
6357
6920
7203
6672
5941
5351
5109
4638
3638
2796
2715
3582
3775
2835
1385
587
317
-50
-353
-171
395
60
-1144
-2581
-2805
-2134
-1659
-1653
-2014
-2143
-2602
-3047
-2969
-1910
-1021
-1323
-2363
-3142
-2674
-2257
-1833
-1885
-1967
-2411
-3139
-3541
-3506
-2966
-2750
-2912
-3929
-4815
-5307
-5148
-4668
-4462
-4282
-4721
-5434
-6109
-5907
-4934
-3999
-3654
-3749
-3678
-3653
-3208
-2459
-1171
-138
155
67
75
628
1392
2271
3056
3721
3776
3322
2956
3386
4560
5367
5320
4824
4570
4486
4311
4326
4799
5124
4699
3881
3389
3453
3577
3213
2373
1949
2182
2736
2514
1868
1297
1139
1023
726
678
1090
1564
954
-102
-703
-159
380
299
95
-11
-107
-569
-620
-105
581
537
-78
-597
-787
-554
-382
-36
-134
-538
-1195
-1606
-1749
-1589
-1195
-1150
-1752
-2858
-3403
-3355
-2954
-2771
-2718
-2988
-3638
-4304
-4458
-3918
-3336
-3004
-3006
-2982
-3075
-3155
-2933
-2257
-1352
-860
-839
-1017
-850
-349
228
746
1270
1694
1503
1093
1155
2130
3026
3044
2621
2516
2714
2688
2684
3050
3467
3293
2696
2258
2226
2566
2680
2463
1890
1472
1313
1272
1169
978
835
668
312
-219
-299
-46
-14
-501
-952
-893
-772
-868
-1079
-1125
-1138
-1167
-1188
-1140
-1087
-1060
-947
-920
-962
-1048
-962
-781
-714
-745
-670
-542
-595
-718
-682
-551
-724
-1057
-1186
-1061
-1031
-1150
-1311
-1423
-1616
-1837
-1908
-1890
-1865
-1890
-1813
-1667
-1562
-1587
-1593
-1405
-1047
-653
-446
-305
-63
299
611
820
1143
1543
1780
1797
1954
2394
2820
2909
2859
2979
3144
3161
3151
3311
3492
3415
3150
2895
2752
2729
2785
2744
2486
2043
1641
1409
1310
1218
1083
885
592
243
-16
-102
-174
-333
-490
-600
-668
-778
-908
-1021
-1122
-1163
-1159
-1194
-1306
-1390
-1398
-1381
-1446
-1561
-1620
-1657
-1701
-1764
-1761
-1728
-1787
-1949
-2104
-2204
-2282
-2346
-2366
-2391
-2498
-2674
-2795
-2834
-2822
-2820
-2835
-2858
-2877
-2877
-2800
-2646
-2490
-2371
-2271
-2119
-1904
-1677
-1441
-1183
-903
-643
-413
-174
96
368
624
885
1171
1470
1737
1986
2254
2542
2813
3042
3255
3484
3696
3873
4035
4196
4333
4414
4445
4454
4449
4425
4397
4365
4306
4178
3971
3725
3483
3257
3039
2811
2558
2255
1913
1563
1230
914
625
383
163
-60
-298
-546
-793
-1030
-1216
-1321
-1367
-1401
-1472
-1579
-1702
-1818
-1883
-1901
-1889
-1885
-1915
-1984
-2076
-2173
-2255
-2315
-2368
-2414
-2468
-2549
-2664
-2813
-2970
-3115
-3219
-3282
-3332
-3400
-3489
-3576
-3635
-3655
-3627
-3569
-3493
-3416
-3332
-3203
-3029
-2832
-2639
-2451
-2234
-1985
-1701
-1391
-1060
-709
-369
-49
252
559
874
1193
1509
1822
2120
2385
2588
2732
2863
3016
3184
3340
3470
3562
3599
3567
3490
3424
3391
3378
3347
3293
3198
3040
2848
2663
2526
2433
2373
2321
2237
2100
1921
1760
1637
1548
1492
1474
1450
1367
1237
1096
978
883
808
759
706
615
485
330
174
28
-98
-197
-308
-445
-596
-758
-943
-1163
-1364
-1528
-1668
-1813
-1972
-2134
-2309
-2505
-2670
-2775
-2845
-2919
-3013
-3106
-3168
-3207
-3224
-3216
-3191
-3169
-3147
-3089
-2993
-2866
-2728
-2575
-2421
-2264
-2103
-1914
-1692
-1464
-1228
-987
-752
-539
-339
-111
138
386
616
840
1059
1252
1410
1557
1723
1880
2023
2149
2247
2307
2330
2342
2357
2354
2342
2322
2286
2218
2120
2017
1916
1800
1671
1554
1451
1344
1219
1086
963
843
734
641
578
529
461
401
358
328
300
291
305
324
346
364
382
396
409
420
444
467
475
472
452
417
363
309
251
185
94
-17
-128
-253
-394
-540
-684
-826
-981
-1142
-1290
-1421
-1550
-1672
-1782
-1879
-1967
-2040
-2072
-2082
-2084
-2067
-2036
-1982
-1913
-1814
-1679
-1532
-1384
-1225
-1053
-867
-674
-480
-266
-59
143
334
513
693
867
1026
1177
1301
1399
1480
1551
1613
1655
1673
1670
1645
1588
1530
1474
1406
1312
1198
1078
952
820
691
569
431
294
159
37
-84
-206
-321
-415
-500
-581
-651
-711
-766
-818
-854
-869
-871
-872
-876
-868
-848
-824
-795
-763
-727
-691
-656
-622
-591
-561
-538
-513
-488
-467
-445
-431
-433
-433
-428
-425
-425
-429
-438
-446
-454
-463
-459
-447
-437
-437
-421
-389
-356
-316
-259
-194
-130
-63
10
101
201
304
416
540
664
785
911
1046
1176
1301
1434
1555
1667
1768
1861
1941
2001
2048
2092
2135
2144
2122
2093
2048
1987
1912
1825
1732
1618
1474
1323
1173
1019
853
682
517
348
171
-4
-168
-331
-485
-631
-764
-892
-1018
-1135
-1233
-1321
-1408
-1482
-1535
-1574
-1616
-1664
-1698
-1715
-1731
-1751
-1771
-1781
-1788
-1805
-1830
-1848
-1858
-1867
-1876
-1893
-1904
-1918
-1929
-1935
-1936
-1922
-1904
-1883
-1867
-1835
-1785
-1723
-1656
-1566
-1461
-1348
-1229
-1110
-970
-807
-633
-452
-259
-64
126
309
499
709
926
1140
1346
1536
1710
1877
2044
2218
2385
2527
2644
2734
2809
2868
2929
2977
2998
3000
2969
2923
2863
2789
2714
2627
2523
2397
2265
2125
1978
1826
1675
1532
1389
1240
1078
923
782
647
522
412
305
192
79
-24
-111
-189
-270
-338
-392
-453
-526
-604
-669
-722
-783
-844
-908
-980
-1063
-1161
-1260
-1339
-1410
-1490
-1588
-1689
-1791
-1890
-1975
-2056
-2125
-2196
-2267
-2330
-2383
-2428
-2464
-2483
-2488
-2479
-2456
-2424
-2374
-2319
-2254
-2175
-2080
-1964
-1843
-1710
-1582
-1449
-1302
-1152
-994
-836
-669
-514
-367
-218
-61
106
267
423
581
730
855
971
1090
1212
1329
1427
1515
1593
1657
1703
1744
1789
1821
1842
1858
1864
1855
1832
1797
1767
1739
1706
1666
1611
1543
1467
1400
1340
1294
1249
1189
1134
1066
1002
965
953
945
916
883
847
822
799
783
791
789
764
718
672
642
615
585
558
529
482
411
335
259
176
87
3
-78
-170
-281
-406
-529
-646
-754
-855
-948
-1036
-1136
-1224
-1294
-1349
-1391
-1434
-1476
-1507
-1528
-1532
-1514
-1484
-1450
-1401
-1349
-1287
-1223
-1152
-1087
-1028
-972
-899
-805
-719
-652
-610
-570
-520
-458
-395
-340
-307
-316
-348
-371
-379
-381
-397
-440
-504
-575
-622
-634
-614
-594
-596
-617
-647
-668
-663
-632
-577
-516
-469
-431
-405
-373
-328
-247
-128
12
159
288
403
486
570
668
797
931
1059
1164
1250
1328
1396
1482
1567
1653
1709
1744
1752
1751
1751
1753
1761
1761
1751
1705
1636
1545
1469
1411
1371
1333
1275
1184
1061
942
850
809
784
755
684
579
466
373
327
308
303
276
221
144
75
42
38
50
50
22
-29
-89
-139
-172
-200
-237
-299
-392
-494
-591
-654
-701
-738
-789
-872
-983
-1114
-1234
-1334
-1405
-1470
-1538
-1634
-1746
-1847
-1921
-1950
-1951
-1932
-1911
-1879
-1843
-1792
-1734
-1686
-1642
-1598
-1541
-1476
-1385
-1273
-1148
-1033
-927
-834
-734
-629
-530
-434
-345
-248
-142
-35
63
143
193
221
240
280
324
351
352
335
325
343
415
507
603
671
689
673
677
731
823
937
1028
1094
1126
1149
1173
1217
1272
1332
1385
1436
1493
1547
1588
1597
1595
1581
1579
1566
1538
1473
1380
1273
1162
1087
1021
958
858
718
552
382
239
139
75
22
-51
-166
-296
-423
-522
-586
-614
-627
-650
-682
-723
-746
-723
-653
-564
-478
-429
-409
-376
-307
-191
-70
18
18
-58
-175
-284
-306
-226
-74
98
225
275
245
137
-39
-249
-454
-638
-774
-814
-789
-745
-723
-744
-815
-905
-970
-1006
-1005
-993
-985
-1010
-1052
-1102
-1187
-1239
-1251
-1170
-985
-694
-371
-78
122
178
83
-86
-236
-347
-369
-295
-143
41
241
385
432
395
298
186
136
162
215
262
284
264
222
220
251
300
341
346
302
242
206
220
295
395
470
476
419
320
247
233
283
387
491
559
555
504
461
484
555
656
746
792
796
811
892
1026
1191
1325
1397
1399
1326
1208
1099
1064
1082
1124
1171
1190
1152
1056
916
763
631
526
429
334
219
85
-30
-109
-166
-204
-252
-361
-508
-635
-716
-736
-695
-652
-660
-715
-808
-886
-882
-832
-791
-762
-769
-847
-954
-1030
-1098
-1149
-1173
-1201
-1221
-1210
-1205
-1242
-1300
-1369
-1427
-1411
-1351
-1297
-1271
-1283
-1340
-1366
-1303
-1188
-1064
-980
-951
-947
-928
-862
-734
-566
-414
-317
-291
-304
-313
-278
-203
-91
52
180
269
312
307
316
385
496
610
718
757
711
673
687
786
959
1156
1314
1413
1441
1372
1279
1236
1219
1208
1219
1223
1234
1254
1286
1298
1312
1286
1200
1079
955
875
835
852
876
887
858
770
666
596
564
547
536
529
514
488
449
400
386
367
277
199
158
76
14
-25
-106
-157
-179
-242
-331
-359
-432
-565
-660
-746
-787
-786
-743
-762
-789
-851
-978
-1042
-1047
-1037
-1016
-1039
-1107
-1126
-1115
-1132
-1053
-1012
-1016
-1022
-1081
-1103
-1071
-1004
-956
-911
-894
-862
-862
-831
-820
-784
-697
-661
-569
-478
-437
-426
-396
-391
-377
-226
-158
-106
26
47
-34
15
53
76
181
322
305
354
413
368
422
468
527
540
528
559
571
576
655
684
679
657
648
656
611
734
776
728
843
814
797
892
803
828
919
767
934
1074
1078
1223
1236
1161
1043
1012
1092
975
1062
1308
1044
1001
1127
802
715
840
702
586
669
655
412
442
404
150
37
26
-193
-260
-203
-367
-391
-450
-537
-624
-633
-657
-753
-685
-819
-914
-811
-947
-900
-772
-932
-867
-889
-921
-918
-889
-786
-912
-805
-781
-930
-827
-779
-881
-879
-752
-932
-992
-779
-1059
-1028
-887
-1110
-1017
-991
-993
-973
-992
-986
-1038
-1076
-990
-920
-825
-704
-668
-558
-674
-596
-490
-470
-308
-145
143
-11
342
439
205
518
494
453
689
743
916
939
863
1087
807
765
1036
916
848
1161
1046
784
1069
863
790
877
915
744
806
785
631
746
694
688
686
793
481
686
650
339
609
620
413
606
750
499
471
573
442
111
602
545
318
810
620
327
401
300
125
179
320
303
330
196
272
37
-205
-43
-197
-367
-112
-42
-388
-135
-227
-703
-542
-704
-904
-830
-755
-762
-894
-762
-863
-1043
-1053
-966
-1208
-1152
-975
-1061
-1024
-854
-771
-995
-900
-702
-1094
-726
-545
-604
-271
-334
-114
-283
-314
-79
-182
-160
81
311
-66
371
310
-47
103
202
-116
107
324
60
349
175
50
170
-225
53
143
-146
346
293
-38
326
305
-173
443
268
235
515
602
566
529
881
394
803
715
569
994
859
715
1095
939
600
958
937
446
818
942
395
732
783
482
471
589
335
265
213
387
184
150
393
121
-9
103
71
-308
50
109
-304
113
-12
-289
-196
-66
-504
-247
-72
-531
-134
-176
-542
-322
-354
-724
-433
-449
-600
-603
-375
-660
-755
-508
-707
-922
-467
-647
-1050
-208
-891
-937
-196
-1117
-628
-531
-836
-667
-606
-512
-881
-385
-649
-691
-553
-466
-577
-535
-271
-553
-432
-401
-473
-359
-415
-297
-115
-379
-109
-87
-287
-178
-64
-56
-42
55
255
242
-103
461
301
-116
542
497
232
546
741
481
386
736
536
410
720
719
606
794
733
638
748
542
569
786
545
640
876
602
551
748
515
434
594
527
599
546
636
645
435
516
602
378
555
617
502
693
400
746
386
357
684
187
529
369
330
326
125
347
-158
153
31
-390
142
-373
-399
-210
-449
-684
-239
-776
-650
-454
-969
-438
-801
-791
-461
-825
-737
-322
-1056
-357
-496
-925
-114
-703
-638
-175
-694
-479
-226
-715
-298
-462
-544
-403
-529
-358
-622
-254
-555
-553
-314
-710
-416
-492
-485
-432
-366
-364
-430
-325
-408
-319
-358
-168
-221
-111
-60
-93
-53
-59
7
-44
140
109
225
142
283
261
13
467
128
178
544
198
350
507
374
96
751
121
411
508
464
488
304
880
141
512
773
117
778
479
457
844
159
838
681
-34
1125
430
119
1144
207
579
568
443
598
221
669
350
370
473
421
255
438
274
244
416
51
350
198
95
132
259
-57
14
298
-394
248
-215
-166
104
-557
46
-233
-564
-112
-388
-501
-417
-538
-344
-821
-626
-234
-1175
-470
-516
-1143
-423
-895
-799
-689
-908
-546
-1098
-391
-852
-941
-225
-1006
-663
-327
-728
-739
-135
-510
-893
202
-560
-689
135
-367
-455
-132
102
-650
217
-212
-183
61
-258
199
-323
258
-171
-85
515
-646
559
75
-258
555
-123
404
-6
392
382
-57
842
-1
464
828
-79
854
748
75
895
917
137
915
1011
285
770
1220
188
908
1096
203
1128
650
531
948
519
600
699
709
181
829
632
-68
841
474
-121
654
341
-276
839
-460
422
120
-392
516
-613
414
-549
-126
186
-887
158
-294
-755
144
-666
-576
-45
-638
-767
-80
-527
-943
-170
-402
-1020
-173
-493
-1022
79
-956
-688
12
-924
-910
370
-1147
-840
474
-1352
-290
-204
-715
-395
-513
10
-1081
184
-206
-1203
863
-867
-527
736
-994
122
246
-573
250
142
-327
308
131
-29
21
713
-389
311
863
-624
752
580
-464
1027
188
-65
1082
-138
467
777
-80
788
322
382
512
335
733
-7
714
622
-41
621
593
138
255
570
307
53
255
637
-236
144
654
-475
382
121
-209
252
-212
158
-267
144
-175
-117
126
-415
174
-106
-385
156
-29
-507
295
-142
-386
278
-259
-334
257
-307
-419
253
-222
-641
455
-568
-320
257
-950
379
-585
-455
314
-976
257
-332
-676
441
-850
-59
76
-641
24
-8
-295
-191
158
-48
-484
567
-374
60
161
-51
179
-174
592
-508
381
379
-541
596
39
-137
404
-45
-29
432
-239
197
0
321
-209
21
499
-378
325
-180
416
-258
132
199
-263
519
-399
163
387
-431
341
95
-288
601
-363
-13
514
-306
-5
246
38
-2
-95
384
-117
-79
349
-326
346
-224
84
218
-513
765
-677
175
268
-703
529
-480
-96
61
-101
-518
123
256
-1161
460
-13
-903
207
20
-773
271
-118
-706
483
-498
-200
201
-409
142
51
-269
280
-1
26
-41
294
154
-176
531
145
-70
700
-215
409
496
-445
957
-201
236
525
-299
775
-260
198
507
-321
204
372
-309
262
48
-56
39
-47
73
-257
98
-2
-351
190
-118
-314
399
-632
161
393
-1010
643
128
-689
337
362
-642
193
462
-684
446
31
-139
160
-117
395
-544
322
194
-749
840
-679
94
288
-790
545
-399
-260
94
-283
-5
-368
31
-159
-327
-8
-435
233
-431
-500
954
-1193
149
594
-1077
396
178
-525
31
667
-720
163
666
-603
11
757
-542
7
841
-499
215
531
-117
-107
735
-288
45
628
-341
425
108
-13
421
-146
154
514
-446
212
777
-810
381
695
-831
477
315
-388
107
179
-134
-180
396
-584
248
225
-749
580
-175
-277
159
77
-101
-233
315
-57
-372
353
-219
96
-244
155
387
-974
672
219
-945
461
101
-426
-196
127
43
-711
14
130
-320
-568
40
518
-1310
286
412
-1072
136
-107
-69
-303
-250
343
-172
-341
169
150
-266
-121
414
-83
-14
48
317
306
-914
1244
-123
-827
1462
-596
201
419
-239
626
-163
-417
1370
-692
-545
1809
-1110
-30
926
-314
-168
272
538
-404
-201
1267
-1001
150
1186
-1288
766
416
-677
364
365
-437
-262
1105
-1039
-12
1069
-1215
560
171
-462
479
-350
168
232
-384
83
287
-250
-296
586
-240
-563
912
-307
-914
1370
-777
-744
1476
-1408
138
407
-752
-19
27
-494
-167
195
-734
195
-200
-296
-224
-24
-43
-754
446
-90
-532
344
-117
5
-248
171
229
-558
311
443
-573
359
264
-202
-21
398
-21
-306
774
-498
427
149
-578
997
-697
97
469
-326
66
-3
371
-342
-282
954
-756
-130
1134
-1202
575
375
-671
471
299
-625
667
203
-849
1122
-640
70
408
-488
743
-550
324
414
-762
818
-424
145
529
-901
1253
-482
-663
1655
-1412
105
1269
-1310
370
918
-967
67
807
-821
-117
723
-755
225
212
-647
739
-765
-144
813
-1208
220
748
-1155
297
431
-743
-55
382
-411
-411
824
-705
11
539
-595
-5
342
-300
-465
775
-316
-644
1161
-433
-833
1476
-989
-267
1076
-1079
513
334
-837
982
-546
-422
923
-868
48
621
-507
100
286
-288
87
-386
392
-180
-399
962
-579
-57
832
-1006
327
546
-1102
874
313
-864
930
54
-735
667
24
-509
750
-3
-260
705
-239
-168
280
289
-711
602
809
-1720
1648
5
-1718
2123
-1179
-313
1155
-1051
359
208
-566
256
0
-587
632
-851
659
-613
-115
828
-1694
1502
-656
-763
1310
-1013
-229
1087
-1086
183
836
-1098
638
13
-341
294
-296
691
-873
835
-179
-307
524
-572
706
-841
710
-113
-279
151
245
-516
98
306
-471
149
111
-35
-554
857
-815
33
661
-892
450
53
-304
206
-313
523
-482
195
428
-551
322
92
-312
287
78
-41
222
71
193
-629
1005
-802
182
608
-455
426
-149
433
-665
208
357
-685
432
553
-998
989
-388
-649
1090
-1458
1032
-120
-611
1074
-790
215
-206
131
-293
-130
804
-825
494
327
-966
818
-495
-192
547
-216
-177
582
-102
-958
1474
-1245
55
822
-767
338
-59
391
-1035
827
-134
-833
1032
-412
-270
607
-449
-91
358
-658
647
-405
-28
501
-525
54
504
-848
342
457
-978
625
57
-353
-274
925
-982
-155
1354
-1867
1196
26
-1107
1447
-914
-26
788
-680
80
563
-289
-234
893
-662
522
13
-234
786
-898
747
29
-316
325
66
-37
-140
16
146
-87
-887
1671
-1591
79
1346
-2180
1470
-675
-329
410
-280
-179
326
-226
-231
459
-504
491
-592
916
-663
378
321
-547
875
-886
1043
-464
-88
892
-840
675
-123
-403
838
-879
483
57
-342
148
-155
365
-1054
979
-489
-489
926
-915
150
364
-871
398
485
-1530
1631
-423
-1116
1897
-1547
447
333
-558
575
-288
355
6
94
-319
450
-160
-382
569
261
-789
855
179
-996
795
-258
-260
138
-35
402
-475
55
651
-1138
490
-81
-272
80
-202
734
-978
484
352
-1111
707
-66
-640
773
-419
209
188
-401
604
-701
523
-239
-225
955
-1170
1031
93
-996
1302
-778
-190
814
-745
206
443
-218
-383
881
-548
-611
1357
-1367
493
458
-912
1099
-929
470
122
-859
937
-739
341
-30
-162
526
-642
193
482
-1076
777
-27
-664
979
-707
351
45
-403
390
-314
-4
233
-220
71
468
-867
780
-173
-862
1350
-1072
370
255
-178
66
-117
483
-886
761
-154
-353
503
164
-584
544
288
-1203
1309
-554
-419
894
-474
-128
498
-336
-117
191
-167
-122
190
-8
-573
1142
-1212
212
1072
-2150
1829
-647
-773
1460
-1252
483
329
-708
475
-32
-192
95
183
-43
-180
316
67
-439
479
-155
-75
170
-180
403
-459
257
102
-272
112
134
-373
576
-703
676
-219
-545
1283
-1582
1330
-698
35
509
-816
941
-693
187
257
-216
-284
714
-558
-299
1256
-1479
590
760
-1501
829
618
-1696
1282
76
-1305
1462
-764
-117
582
-675
506
-323
11
232
-285
134
145
-323
254
121
-658
976
-828
80
1034
-1725
1482
-182
-1250
1870
-1225
-86
1102
-1078
345
716
-1176
963
-85
-717
960
-574
208
-227
752
-1072
905
-245
-556
1183
-1600
1484
-833
-205
898
-866
129
391
-407
-355
938
-1035
295
562
-998
683
-179
-131
-69
235
-187
-23
186
-255
496
-687
558
-76
-178
-123
720
-681
2
816
-876
490
-228
459
-621
295
363
-678
638
-511
779
-1114
1036
-300
-612
1117
-1012
714
-506
404
-71
-527
815
-400
-576
1165
-848
-69
642
-525
10
84
38
-177
-152
356
-142
-535
965
-778
73
421
-485
156
185
-355
541
-547
394
226
-934
1418
-1132
302
762
-1130
851
-130
-109
-91
227
344
-1210
1435
-534
-762
1321
-829
15
176
180
-481
116
557
-1002
735
-66
-640
889
-624
-23
693
-1073
985
-431
-366
952
-949
450
64
-102
-160
314
62
-510
552
131
-844
928
-111
-992
1502
-1011
-160
1154
-1372
832
-132
-271
129
61
-66
-403
840
-867
246
517
-940
525
213
-777
632
-53
-449
409
10
-470
520
-307
-8
151
-183
328
-520
703
-660
435
50
-660
1066
-774
-64
910
-820
-158
1281
-1491
526
824
-1357
826
246
-670
282
536
-937
549
250
-698
382
311
-474
-124
917
-1000
181
762
-993
212
816
-1203
624
381
-1092
1000
-305
-496
744
-268
-479
801
-306
-533
955
-548
-264
647
-202
-519
847
-211
-651
1145
-439
-822
1745
-1345
-129
1527
-1830
1030
-3
-454
377
-362
477
-651
262
244
-658
517
-101
-335
454
-385
157
-48
132
-429
508
25
-904
1278
-763
-338
916
-756
56
534
-805
805
-584
217
249
-679
850
-769
631
-546
503
-373
240
-142
-208
790
-1245
1011
-133
-499
457
221
-749
620
16
-581
576
-205
144
-382
624
-252
-462
928
-715
-3
613
-618
86
584
-790
432
218
-753
835
-616
307
-208
373
-482
250
451
-1096
1105
-410
-386
665
-221
-214
283
386
-865
787
183
-1214
1489
-730
-495
1222
-959
74
672
-854
428
-105
-190
275
-576
695
-470
-208
870
-1095
748
-25
-729
1096
-734
-99
755
-699
90
328
-102
-672
1151
-805
-301
1196
-1147
163
701
-790
170
359
-415
180
-196
548
-922
640
181
-905
766
11
-461
124
600
-729
166
490
-511
-66
540
-344
-167
449
-132
-74
-149
598
-564
-28
614
-552
43
433
-437
199
-17
-74
224
-554
757
-575
75
334
-346
140
-29
51
-121
119
-144
126
92
-303
369
-98
-29
-144
425
-288
-288
819
-681
131
207
147
-820
826
-154
-779
867
-366
-130
-8
485
-734
523
-151
-73
119
-76
178
-239
249
-58
-39
-6
180
-294
247
-204
114
71
-387
668
-511
-116
806
-923
368
270
-348
-37
222
207
-918
1143
-672
-107
568
-580
488
-558
490
41
-845
1069
-439
-511
907
-693
335
-171
-6
431
-863
853
-313
-370
634
-293
-191
346
-85
-34
-265
677
-813
413
227
-881
1198
-1016
446
171
-610
862
-950
641
-29
-434
474
-151
-35
-107
530
-840
843
-535
198
-6
-227
482
-538
245
16
202
-645
736
-348
-98
295
-209
54
257
-430
253
285
-573
318
208
-349
-43
413
-306
-168
316
59
-436
234
297
-435
-32
419
-266
-97
121
36
94
-500
561
-22
-563
593
-176
-129
52
-23
329
-682
551
113
-700
622
-42
-501
575
-311
-121
514
-751
685
-414
199
-88
-196
728
-1004
503
492
-1013
629
133
-432
263
-227
620
-864
479
379
-791
502
56
-81
-281
392
72
-538
341
325
-648
214
465
-586
-11
666
-774
251
298
-433
193
91
-157
47
97
-197
186
-166
157
-246
223
30
-432
523
-96
-482
585
-6
-665
738
-142
-428
487
-102
-65
-226
436
-187
-526
864
-614
2
343
-271
52
40
-31
-39
184
-378
397
10
-485
583
-56
-451
355
235
-533
102
535
-537
-80
554
-218
-429
553
153
-828
617
267
-776
415
286
-441
-17
378
-217
-119
20
430
-545
-77
935
-1114
342
615
-823
177
508
-606
168
210
-248
106
-53
53
-56
55
-135
239
-264
233
-209
183
42
-461
707
-398
-354
771
-385
-504
953
-549
-261
701
-533
56
235
-235
102
28
-39
140
-300
480
-412
74
377
-648
523
-118
-205
125
270
-541
383
6
-255
243
-210
225
-62
-222
281
227
-779
589
402
-1194
832
395
-1219
822
215
-731
266
424
-512
-69
593
-567
98
328
-430
290
-40
-167
283
-288
187
54
-378
550
-289
-339
810
-650
-82
727
-761
228
387
-605
465
-226
67
119
-415
658
-553
170
212
-347
261
-80
-187
390
-337
-103
561
-613
247
81
-69
-76
-7
316
-395
68
386
-480
165
163
-195
38
-11
110
-95
-132
238
51
-496
606
-178
-434
709
-387
-256
697
-512
-122
612
-482
-71
405
-164
-349
549
-287
-131
237
3
-243
183
95
-215
14
213
-136
-184
335
-132
-141
101
203
-427
280
37
-232
102
134
-265
182
-19
-78
32
22
41
-103
107
-59
92
-147
110
92
-264
173
187
-481
391
39
-426
471
-252
67
-69
54
113
-291
197
97
-222
30
243
-169
-185
424
-209
-176
288
-5
-279
204
131
-276
114
75
27
-247
275
-31
-117
24
134
-51
-198
286
-91
-144
128
14
-64
-125
307
-343
119
128
-255
169
-10
-99
38
103
-278
359
-307
72
175
-282
204
-128
134
-164
95
-3
1
-151
259
-145
-139
374
-373
220
-73
-45
232
-351
180
239
-480
268
144
-259
-48
320
-154
-278
410
-14
-464
568
-229
-163
355
-268
119
50
-143
147
38
-155
117
115
-230
133
160
-348
317
-126
-23
151
-204
156
-32
-27
-80
241
-286
37
243
-306
107
21
11
-129
103
11
-125
90
-72
181
-395
437
-240
-116
304
-246
77
-111
245
-256
46
163
-120
-186
420
-281
-170
507
-494
225
20
-171
266
-339
220
101
-322
198
36
-75
-105
156
121
-453
351
260
-806
858
-357
-256
693
-677
358
103
-340
282
36
-149
-27
296
-234
-26
296
-301
173
-84
110
15
-186
240
-116
28
-80
127
-50
-166
192
44
-295
200
66
-235
150
-40
-41
69
-225
348
-318
53
122
-135
24
-45
162
-256
156
9
-43
-62
98
-32
-32
-14
-8
167
-339
289
21
-370
448
-275
3
200
-263
196
-90
14
65
-212
378
-347
30
435
-672
551
-147
-208
440
-507
459
-187
-175
481
-485
288
-20
-99
101
-46
47
-95
163
-212
181
-10
-179
238
-145
11
68
-48
21
-65
82
41
-204
241
-116
-77
209
-218
100
56
-194
209
-60
-192
283
-129
-171
291
-99
-297
472
-243
-177
348
-211
-83
138
46
-272
276
-30
-228
334
-286
141
38
-251
357
-237
-85
314
-202
-97
259
-92
-158
171
58
-236
154
149
-290
213
-4
-63
-61
196
-142
-104
343
-355
158
35
-11
-175
271
-159
-144
325
-276
78
112
-186
175
-35
-163
321
-298
92
163
-226
87
103
-112
-15
146
-156
34
33
6
-82
50
72
-162
102
20
-73
-52
180
-182
43
110
-178
140
-56
-36
88
-114
118
-60
-59
211
-223
80
109
-123
-24
138
-58
-138
220
-85
-112
184
-73
-125
220
-136
-85
204
-74
-197
305
-80
-277
376
-149
-144
205
-59
-41
3
85
-65
-13
34
59
-157
152
-64
-58
127
-154
157
-117
15
114
-161
103
10
-82
98
-52
-10
63
-41
-44
96
-19
-111
125
12
-152
83
93
-159
12
173
-207
45
103
-161
81
4
-9
-71
156
-128
3
127
-133
51
50
-77
60
3
-54
95
-115
50
-3
-31
20
7
-20
46
-39
-3
62
-102
48
25
-86
70
-7
-30
42
-21
11
-5
-58
73
-37
-68
115
-47
-56
87
62
-231
240
-18
-291
382
-181
-200
419
-262
-148
422
-317
-61
326
-210
-88
246
-87
-124
201
-73
-38
34
23
-67
51
-42
-9
86
-148
108
27
-145
124
59
-225
279
-111
-88
217
-125
-32
114
-33
-91
118
1
-95
-4
240
-382
184
177
-430
266
137
-372
220
205
-453
333
64
-306
252
31
-179
88
122
-177
25
130
-99
-115
215
-86
-201
350
-211
-72
237
-122
-94
181
-51
-108
156
-55
-34
30
7
2
-58
44
23
-91
54
63
-76
-17
153
-158
18
134
-203
148
-92
46
32
-130
194
-117
-49
128
-49
-146
188
-50
-175
243
-106
-109
180
-65
-114
182
-78
-74
141
-104
-3
44
-66
34
-70
65
-17
-62
161
-122
-7
188
-242
62
196
-391
245
116
-404
363
-3
-265
228
23
-170
-34
263
-247
-133
442
-299
-141
459
-244
-232
453
-210
-249
360
-113
-177
117
218
-355
78
374
-467
68
407
-440
-48
508
-478
-11
384
-261
-179
360
-73
-359
435
-33
-360
356
51
-334
243
111
-304
158
113
-200
10
170
-144
-113
337
-272
-12
251
-175
-87
281
-100
-228
374
-113
-235
274
59
-379
276
145
-402
234
137
-270
58
167
-98
-172
284
-66
-252
329
-72
-198
229
36
-256
230
68
-307
270
28
-258
166
120
-277
68
220
-267
-40
302
-130
-299
508
-166
-346
482
-77
-319
225
229
-452
107
391
-455
-15
428
-304
-176
400
-86
-345
307
156
-483
240
263
-464
127
293
-262
-106
338
-104
-272
304
56
-349
194
200
-362
96
241
-246
-43
224
-81
-158
201
-16
-128
42
16
50
-223
173
46
-206
95
101
-47
-159
243
5
-267
152
208
-352
20
384
-346
-131
455
-184
-341
469
-73
-374
286
170
-379
49
406
-388
-46
401
-217
-231
350
-20
-345
271
121
-354
117
221
-250
-52
277
-168
-147
247
-62
-104
76
68
-95
-11
93
-15
-47
-2
62
15
-112
116
72
-154
4
188
-98
-160
256
-46
-230
119
215
-326
16
305
-279
-71
232
0
-238
132
181
-302
88
168
-155
-19
54
75
-135
57
73
-67
14
-55
145
-73
-82
129
15
-116
13
191
-153
-101
209
-30
-204
152
83
-156
-88
242
-95
-187
211
-5
-110
-64
238
-118
-134
170
14
-117
-30
203
-115
-107
153
25
-109
10
156
-74
-87
106
60
-102
-27
115
-51
-93
27
104
-106
-95
157
-27
-132
58
132
-114
-113
231
-52
-166
124
95
-161
-49
224
-120
-90
136
18
-98
2
144
-105
-30
89
-19
-24
-14
74
-66
3
30
-38
48
-42
-5
60
-66
5
38
-4
-24
-38
118
-111
-28
149
-122
3
30
14
-44
-38
125
-138
28
96
-98
55
16
-5
6
-8
50
-35
-25
33
-20
-31
-9
52
-75
-6
95
-101
24
68
-44
-24
57
23
-87
91
-19
-38
53
-56
56
-29
-18
48
-43
8
3
5
-10
-30
44
-20
-57
59
-6
-67
40
21
-57
30
30
-57
54
-29
-25
53
-57
26
28
-37
-1
49
-20
-39
67
-31
-37
35
-10
-8
-11
47
-17
-17
66
-27
-7
35
-15
-34
26
-15
-18
26
-45
26
18
-49
46
24
-76
67
17
-94
113
-12
-70
86
-13
-60
67
-10
-55
67
-55
8
32
-62
38
-8
-35
21
-8
-33
16
-1
-40
8
6
-9
-12
2
21
-18
-7
35
-19
-8
32
-6
-7
23
32
-48
30
58
-106
56
70
-129
75
48
-124
108
8
-106
100
-8
-72
67
-1
-51
39
13
-35
22
38
-52
14
64
-85
19
77
-93
24
58
-101
57
32
-93
87
-18
-64
76
-61
-8
46
-92
44
6
-88
73
-22
-39
55
-38
-4
43
-38
-3
33
-23
5
8
-2
29
0
-15
37
9
-38
42
-1
-22
37
-27
-14
43
-6
-33
41
1
-14
2
-23
30
-44
1
23
-47
50
-7
-44
68
-15
-39
52
-29
11
25
-63
39
27
-54
28
27
-49
39
8
-55
46
10
-40
5
40
-36
-24
59
-49
-4
45
-53
12
33
-41
-7
34
-23
-10
23
-26
1
11
-24
9
12
-13
7
5
-4
24
-6
-17
34
-19
-21
25
-28
1
26
-19
6
3
5
-4
-21
34
-20
-30
46
-36
-5
60
-52
14
49
-51
26
10
-42
21
3
-23
6
24
-21
-3
37
-24
-13
49
-32
-28
70
-49
-19
70
-58
5
39
-43
12
17
-23
6
13
-5
12
2
0
0
3
0
-17
17
-8
-23
27
-10
-21
36
-18
-22
45
-22
-16
28
-24
-11
25
-17
-14
24
-5
-11
11
-1
-16
7
15
-37
7
35
-48
23
31
-51
34
25
-56
29
25
-43
21
18
-29
22
23
-35
16
27
-29
10
15
-29
11
18
-28
7
18
-25
10
6
-18
11
7
-10
-2
5
-3
-8
-2
-11
-5
5
-4
-8
9
2
-5
8
-9
-3
10
-4
0
2
2
0
-1
0
-5
0
4
-5
-3
7
5
2
6
-2
-1
8
-5
0
6
-7
1
7
-11
3
12
-13
7
7
-15
14
5
-18
13
0
-17
15
-5
-12
14
-9
-8
14
-9
-4
14
-6
4
7
-7
3
1
-6
-1
-4
-5
0
-9
-5
2
-4
2
4
-5
2
9
-7
4
6
-15
10
3
-10
12
-4
-5
9
-6
-2
10
-4
6
10
-9
6
-1
-1
11
-8
6
10
-9
11
2
-13
19
-1
-15
14
-6
-4
12
-13
-8
9
0
1
0
-2
0
-2
3
-10
-15
8
-8
-14
12
-17
-15
14
-18
-9
18
-16
-7
24
-5
4
26
-9
6
28
-4
5
16
-8
7
13
-6
-1
1
-7
-3
-4
-7
-7
-4
0
-10
-3
7
-9
0
6
-8
9
9
-10
5
2
-8
11
1
-13
3
-2
-6
8
2
-8
6
4
-2
11
1
-7
8
3
0
6
-2
-6
7
1
-8
4
-6
-10
6
-6
-3
10
1
-2
5
-6
-2
6
0
-3
-1
-3
-1
3
-2
0
-2
0
3
-1
3
-4
1
6
-4
2
1
-7
0
5
-4
2
-2
-7
5
-1
-2
-6
0
0
2
6
-3
0
0
2
-1
0
-2
-2
7
-3
1
4
-3
1
5
0
1
2
-6
5
5
-1
-1
-7
-3
1
1
-3
-5
-2
2
9
4
3
0
2
7
4
0
-3
-5
1
0
-6
-9
-12
-10
-1
-1
-3
-2
-5
3
8
8
7
2
4
8
6
7
2
-3
1
3
2
0
-5
-9
-2
-3
-2
-7
-11
-8
-4
1
2
-3
-6
-4
-1
4
5
-2
-1
-1
3
9
3
-1
-3
0
2
5
4
0
2
0
4
6
4
2
-2
1
7
5
2
2
-4
2
3
2
3
-3
-2
1
3
5
5
1
1
0
2
1
-1
-3
0
-2
-3
0
-7
-6
-3
-2
-1
-3
-5
-4
-5
-5
-6
-6
-4
-3
-1
0
1
-2
-2
0
-1
0
-3
-7
-3
-2
-3
1
-1
2
-1
-1
-2
-1
-1
-2
2
2
4
6
3
4
3
1
5
3
0
2
1
2
2
0
1
2
1
3
1
2
2
3
3
4
3
