1
-1
3
2
2
0
-1
-1
-3
-2
-2
3
1
4
1
-3
-4
-5
-1
-2
2
4
3
4
0
0
-6
-1
-1
2
4
1
1
-2
-2
-5
-1
1
2
3
1
1
-4
-1
-6
-1
1
2
6
2
2
-3
-3
-3
-3
2
2
5
3
2
-3
-6
-3
-3
0
3
5
4
1
1
-5
-6
-4
-1
4
3
5
2
0
-5
-9
-3
-4
4
2
6
4
-1
0
-10
-2
-7
2
4
5
6
0
2
-8
1
-7
0
4
0
6
-2
7
-7
1
-3
-2
3
-3
10
-6
6
-5
2
1
-4
7
-6
8
-9
4
-2
0
6
-7
10
-8
9
-7
-2
-2
-6
8
-6
13
-6
4
-3
-5
4
-9
8
-6
12
-3
1
2
-6
3
-10
8
-6
7
-2
-2
7
-7
7
-8
5
-3
1
0
-2
7
-8
7
-5
3
-1
-2
1
-5
6
-5
7
-2
3
1
-4
2
-6
3
-4
5
1
0
3
-5
0
-6
2
-3
2
5
1
1
-4
3
-5
1
-1
-1
2
1
3
-2
1
-1
2
2
-2
0
-5
3
3
-1
1
-1
3
-5
0
-1
-6
4
-3
4
4
2
-5
-4
-5
-7
6
-1
9
7
3
-4
-9
-2
-9
8
5
7
9
-1
-5
-10
-4
-8
7
1
6
10
-5
-1
-5
-6
-6
9
3
1
9
-4
-5
-4
0
-10
5
6
-3
11
-2
0
-3
-5
0
0
-1
0
5
-4
2
6
-3
-6
6
-6
-10
16
-6
-3
10
-3
-6
0
4
-7
1
3
-1
3
0
1
-1
-4
0
4
-10
1
14
-9
5
15
-12
-3
5
-13
-1
9
6
1
4
8
-14
-3
0
-10
16
1
8
7
-23
4
-12
-13
17
13
4
1
8
-28
-11
9
-9
19
19
6
-10
-6
-19
-16
12
1
27
16
-10
-3
-27
-33
9
10
11
42
5
-17
-14
-26
-25
11
30
14
31
-2
-32
-15
-30
-6
27
25
26
19
-17
-40
-13
-22
-2
47
15
19
12
-37
-29
-15
-5
15
37
18
1
-5
-38
-25
1
4
23
39
1
-6
-10
-41
-9
7
12
24
24
-5
-17
-10
-28
3
16
14
19
9
-16
-20
-5
-26
15
25
0
17
-4
-24
-11
-4
-6
17
17
3
-4
-5
-22
-2
10
-3
29
0
-12
2
-25
-6
10
12
3
25
-10
-17
0
-20
5
13
18
1
10
-22
-9
-3
-29
40
-8
7
25
-20
-11
-13
18
-32
24
23
-39
20
-11
-24
23
2
3
32
-27
-3
-2
-41
13
15
9
9
33
-26
-30
10
-39
10
18
29
1
23
-17
-42
22
-56
36
14
-15
49
-22
-7
1
-7
-6
16
19
-19
2
-8
-36
-2
27
-10
48
17
-12
-5
-31
-25
-20
16
9
29
25
-1
0
-27
-21
-3
-10
7
47
-21
22
1
-45
1
-33
30
-27
69
27
-24
54
-59
-30
-41
1
-24
19
94
-25
66
-11
-24
-55
-28
2
-43
74
18
13
23
-15
-26
-22
-14
-5
33
-25
64
-20
-29
28
-41
2
-20
54
-53
33
45
-55
44
-11
-1
-44
30
-49
-25
66
-77
124
-33
36
29
-72
24
-121
72
-94
59
83
-69
161
-102
37
-43
-56
19
-68
114
-98
129
-31
-44
75
-106
78
-84
95
-32
-26
82
-126
98
-120
70
30
-83
154
-69
25
-36
30
-61
-58
108
-96
39
60
-13
7
27
-19
-35
10
-65
40
-26
10
26
25
-9
-19
97
-113
57
15
-54
8
-35
52
-101
93
-1
-15
64
-74
111
-149
62
11
-104
113
-76
77
-73
42
50
-124
126
-72
29
24
-21
46
-84
64
-54
5
-3
-16
59
-58
69
-28
8
21
-21
61
-125
66
-52
-52
73
-29
72
-30
105
-62
-52
88
-133
84
-24
-7
-6
-41
70
-82
126
-17
23
79
-137
4
-75
-63
17
48
67
8
109
-50
-67
-15
-65
7
-26
107
54
-26
90
-83
-48
-76
11
29
-43
247
-18
2
14
-123
-49
-156
78
-77
42
136
-9
151
-90
37
-79
-134
-16
-93
107
-21
134
123
-88
64
14
-92
-82
98
-41
-49
132
-7
-65
35
59
-135
45
35
-143
49
-45
-13
3
14
41
-6
99
-76
75
48
-98
27
4
-54
-77
81
-79
-33
225
125
99
78
77
-355
-340
-156
-343
97
333
351
238
198
19
-423
-188
-221
-216
198
197
132
114
108
-157
-75
126
-83
117
161
-69
-63
-106
-182
-210
34
22
72
261
64
232
14
-278
-134
-263
-147
40
243
163
126
271
-276
-221
-48
-112
144
183
198
-18
-94
-87
-226
-27
9
132
81
-29
-8
-90
31
98
164
85
-156
-135
-221
-220
32
213
215
263
136
-203
-185
-149
-104
57
157
55
21
66
-217
-72
122
-50
198
128
-90
-78
-81
-175
-93
175
23
157
166
-119
-39
-147
-90
-100
75
214
55
202
-19
-108
-245
-226
49
-69
297
341
118
4
-90
-218
-444
-26
38
48
289
240
210
-134
-51
-190
-360
-58
43
85
129
220
69
-90
-64
-30
-85
-77
126
-53
60
-21
10
51
-130
164
-81
-28
13
-69
51
-104
142
-67
-29
-26
-150
64
-44
246
170
137
5
-182
-116
-309
46
102
173
325
122
66
-240
-113
-198
-166
73
39
78
13
84
-64
-22
119
-7
103
-54
-33
-133
-125
42
-2
191
154
167
140
-7
-59
-150
-161
-193
-23
-45
44
165
86
116
-92
6
-126
-215
3
-194
-75
80
85
26
164
158
-89
65
-119
-135
-61
51
54
-77
197
-182
-128
10
-209
135
10
33
28
-193
-161
-179
-74
11
179
153
12
-20
-119
-157
-75
145
210
241
224
19
-82
-198
-134
20
93
314
364
201
50
-51
-215
-308
-125
-59
14
89
77
-52
-171
-113
-216
-97
-37
13
172
-20
83
95
6
89
171
177
80
247
157
48
177
131
99
136
153
17
-37
-125
-233
-193
-237
-139
10
-21
-1
9
-170
-217
-149
-118
-50
88
182
64
62
54
-3
11
90
149
13
49
-37
-135
-120
-103
-34
-156
-94
-155
-208
-124
-95
98
59
140
170
15
68
122
169
215
301
225
105
58
-6
51
111
156
142
55
-156
-303
-318
-400
-280
-80
-82
-67
-49
-194
-298
-271
-231
-144
-36
73
112
70
63
32
6
62
105
195
219
211
256
133
59
41
-35
-36
-31
24
71
52
88
67
-20
-23
-35
-61
-12
41
50
38
30
-1
-4
-15
14
57
30
43
-20
-75
-114
-144
-102
-122
-42
-25
-58
-38
-68
-59
-40
33
37
91
129
80
124
87
113
157
155
197
170
120
71
35
-33
-50
-35
-58
-72
-108
-150
-198
-220
-243
-228
-162
-129
-68
-21
-14
25
45
1
9
37
-7
-36
-45
-76
-120
-161
-197
-226
-255
-274
-282
-296
-295
-277
-253
-212
-129
-40
17
53
86
67
18
17
6
-4
-1
-4
-4
-37
-81
-83
-105
-123
-116
-121
-113
-99
-74
-54
-27
33
96
138
187
259
296
309
313
290
260
223
191
157
146
156
152
154
143
132
114
75
35
17
34
57
109
169
203
238
244
211
171
136
130
134
140
160
157
133
81
-8
-80
-153
-203
-227
-240
-217
-166
-121
-98
-60
-16
20
49
85
121
129
139
118
86
63
23
-8
-33
-35
-30
-20
-10
-25
-46
-100
-163
-210
-263
-300
-309
-274
-216
-171
-138
-121
-124
-157
-215
-246
-243
-219
-184
-127
-34
59
119
141
157
174
178
163
156
165
159
111
37
-39
-114
-203
-295
-357
-382
-381
-365
-325
-271
-212
-148
-82
-5
92
203
329
476
636
812
968
1099
1208
1305
1390
1449
1496
1544
1584
1615
1651
1720
1803
1846
1820
1708
1492
1138
623
-16
-716
-1425
-2120
-2745
-3245
-3606
-3842
-3967
-3940
-3736
-3374
-2899
-2346
-1712
-1032
-367
240
776
1253
1631
1882
2018
2068
2025
1843
1525
1109
634
99
-485
-1079
-1633
-2117
-2531
-2833
-2979
-2954
-2774
-2466
-2051
-1540
-981
-439
46
457
795
1048
1217
1311
1359
1362
1313
1209
1055
873
662
414
127
-157
-390
-540
-639
-686
-641
-464
-201
86
399
778
1194
1556
1856
2171
2508
2790
2971
3116
3318
3553
3728
3778
3716
3607
3468
3224
2854
2494
2289
2112
1713
1084
423
-380
-1673
-3386
-4893
-5796
-6392
-6868
-6828
-5922
-4573
-3386
-2267
-848
658
1697
2271
2881
3620
4025
3892
3607
3506
3405
3006
2409
1895
1461
865
10
-915
-1749
-2589
-3582
-4638
-5439
-5848
-6019
-6058
-5786
-5031
-3942
-2797
-1659
-450
737
1642
2182
2483
2617
2505
2116
1591
1052
505
-96
-756
-1427
-2074
-2678
-3212
-3637
-3880
-3874
-3607
-3122
-2442
-1580
-616
318
1144
1845
2393
2735
2851
2781
2574
2230
1782
1300
825
363
-57
-391
-636
-835
-990
-1096
-1175
-1243
-1282
-1274
-1203
-1040
-733
-275
289
916
1607
2297
2874
3306
3644
3884
3984
4005
4057
4165
4256
4295
4302
4276
4231
4218
4228
4198
4119
4035
3828
3243
2222
932
-579
-2399
-4309
-5850
-6817
-7427
-7728
-7393
-6328
-4929
-3549
-2093
-461
1076
2197
2992
3693
4218
4371
4232
4055
3924
3696
3265
2717
2153
1544
789
-182
-1315
-2516
-3753
-5020
-6203
-7070
-7493
-7485
-7087
-6230
-4884
-3213
-1495
116
1593
2870
3805
4283
4347
4118
3679
3009
2156
1273
466
-316
-1146
-1960
-2680
-3293
-3891
-4447
-4845
-4983
-4848
-4452
-3739
-2731
-1516
-267
898
1881
2592
2966
2975
2642
2060
1371
667
5
-565
-945
-1132
-1205
-1246
-1288
-1349
-1458
-1642
-1867
-2039
-2087
-2002
-1788
-1398
-821
-117
583
1224
1809
2314
2672
2871
2968
2977
2911
2804
2732
2725
2797
2966
3212
3460
3652
3750
3695
3441
3085
2790
2562
2437
2483
2663
2646
2169
1275
61
-1515
-3396
-5086
-6183
-6686
-6836
-6527
-5530
-4008
-2405
-949
522
1968
3125
3790
4146
4395
4464
4266
3917
3666
3485
3216
2792
2285
1729
1018
84
-1064
-2280
-3478
-4585
-5533
-6192
-6402
-6135
-5387
-4231
-2761
-1113
541
1973
3018
3656
3907
3812
3406
2816
2157
1479
778
124
-459
-971
-1477
-1988
-2476
-3004
-3578
-4147
-4506
-4673
-4672
-4462
-3891
-2997
-1959
-888
86
891
1333
1421
1218
894
504
55
-352
-621
-693
-690
-655
-633
-666
-836
-1150
-1590
-2113
-2612
-3037
-3317
-3366
-3102
-2520
-1698
-742
248
1177
1953
2504
2860
3092
3266
3389
3500
3630
3780
3967
4183
4412
4604
4772
4870
4844
4633
4249
3719
3139
2669
2380
2357
2633
3237
3733
3648
2845
1539
-203
-2466
-4726
-6308
-6893
-6901
-6487
-5433
-3708
-1768
-140
1249
2526
3614
4151
4196
4050
3895
3663
3254
2933
2832
2862
2679
2218
1575
763
-332
-1814
-3437
-4926
-6110
-7032
-7560
-7461
-6664
-5352
-3756
-1898
46
1801
3103
3873
4103
3843
3179
2253
1257
349
-373
-976
-1495
-1927
-2204
-2418
-2629
-2883
-3117
-3320
-3594
-3896
-4079
-3960
-3718
-3359
-2823
-1961
-966
-77
611
1021
1193
1006
612
105
-288
-574
-785
-877
-793
-566
-403
-349
-472
-753
-1218
-1766
-2325
-2768
-2992
-2955
-2654
-2085
-1213
-128
985
1951
2731
3252
3493
3505
3480
3485
3514
3553
3682
3907
4151
4372
4514
4592
4538
4429
4186
3795
3212
2521
1866
1399
1282
1502
2125
3050
4013
4283
3604
2169
271
-2128
-4713
-6529
-7207
-7055
-6571
-5432
-3536
-1342
445
1761
2898
3722
3936
3495
2937
2464
2007
1500
1258
1448
1773
1925
1771
1343
570
-523
-1932
-3516
-4999
-6113
-6831
-7150
-6856
-5844
-4344
-2689
-999
610
1925
2720
2946
2708
2164
1421
567
-209
-730
-1010
-1218
-1437
-1661
-1856
-2068
-2374
-2835
-3308
-3626
-3885
-4142
-4114
-3585
-2826
-2087
-1242
-177
814
1431
1595
1410
967
334
-399
-1060
-1392
-1407
-1254
-971
-474
49
363
387
116
-436
-1160
-1886
-2530
-2947
-2998
-2699
-2193
-1436
-389
760
1755
2547
3155
3466
3489
3415
3483
3695
3972
4272
4693
5166
5528
5719
5772
5727
5497
5137
4653
4090
3389
2626
1930
1507
1478
1817
2593
3701
4635
4550
3340
1420
-881
-3503
-5827
-7005
-6973
-6266
-5151
-3361
-1114
934
2276
3101
3609
3700
3238
2475
1865
1449
1142
1025
1384
2034
2581
2739
2425
1601
325
-1244
-3059
-4900
-6423
-7330
-7676
-7453
-6556
-5072
-3366
-1756
-304
837
1516
1598
1195
501
-251
-947
-1482
-1689
-1554
-1255
-1085
-1071
-1222
-1552
-2168
-3052
-3997
-4737
-5201
-5492
-5333
-4541
-3314
-2169
-1058
161
1198
1687
1570
1050
227
-711
-1648
-2299
-2508
-2247
-1723
-1054
-206
597
1051
1049
714
-4
-960
-1905
-2613
-3024
-3028
-2556
-1820
-919
171
1365
2379
3116
3564
3700
3550
3276
3125
3235
3609
4117
4677
5241
5761
6125
6253
6167
5898
5431
4781
4081
3392
2667
1947
1429
1351
1756
2564
3714
4907
5332
4332
2111
-636
-3508
-6122
-7700
-7882
-6985
-5415
-3209
-629
1667
3124
3689
3630
3108
2194
1092
254
-111
-101
234
1045
2217
3210
3606
3324
2343
666
-1400
-3525
-5494
-7058
-7899
-7876
-7128
-5856
-4285
-2715
-1385
-368
229
338
46
-486
-1111
-1649
-1912
-1824
-1445
-883
-267
157
142
-372
-1306
-2500
-3809
-5030
-5935
-6332
-6097
-5157
-3650
-1971
-471
741
1639
2054
1905
1251
245
-841
-1677
-2103
-2106
-1677
-935
-88
691
1305
1553
1290
649
-178
-1118
-2056
-2720
-2948
-2736
-2157
-1292
-314
614
1460
2188
2754
3083
3156
3051
2875
2767
2975
3588
4450
5341
6121
6708
7062
7131
6853
6296
5651
5012
4372
3826
3434
3073
2658
2342
2421
2982
3800
4706
5500
5471
3836
647
-3160
-6679
-9203
-10127
-9386
-7393
-4566
-1296
1750
3890
4819
4617
3602
2197
780
-335
-817
-576
187
1314
2767
4215
5019
4811
3659
1651
-1032
-3850
-6230
-7871
-8642
-8426
-7288
-5545
-3624
-1939
-805
-237
-97
-362
-997
-1785
-2442
-2828
-2870
-2516
-1778
-827
128
895
1194
795
-293
-1827
-3481
-4948
-6005
-6496
-6339
-5445
-3889
-2116
-633
377
978
1150
885
323
-376
-1138
-1750
-1966
-1727
-1180
-564
-80
204
320
194
-260
-916
-1470
-1812
-2021
-2139
-2068
-1794
-1405
-1001
-605
-183
253
691
1188
1800
2347
2688
2821
2828
2819
3076
3722
4563
5388
6093
6690
7059
7147
6796
6061
5111
4121
3190
2426
2065
1985
2142
2478
3188
4146
5057
5754
6054
5450
3116
-642
-4883
-8342
-10249
-10164
-8428
-5706
-2332
1052
3779
5060
4920
3556
1626
-263
-1623
-2091
-1583
-151
1595
3405
5011
6097
6026
4692
2408
-553
-3700
-6433
-8083
-8525
-7784
-6206
-4179
-2120
-455
367
142
-769
-1912
-2988
-3878
-4318
-4127
-3353
-2235
-1014
148
1071
1523
1360
542
-838
-2566
-4237
-5349
-5724
-5499
-4922
-4008
-2755
-1382
-446
-158
-215
-269
-301
-419
-463
-405
-329
-421
-577
-630
-536
-487
-575
-644
-650
-705
-921
-1050
-979
-823
-859
-1046
-1191
-1153
-951
-656
-196
455
1193
1822
2441
3019
3401
3379
3040
2605
2392
2793
3803
5165
6414
7430
8046
8275
8059
7401
6376
5150
4163
3420
3046
2861
2855
2909
3180
3753
4397
5053
5511
5712
4614
1714
-2743
-7373
-10691
-11695
-10214
-7337
-3665
55
3283
4984
4894
3166
510
-1981
-3624
-3847
-2783
-434
2409
4974
6646
7301
6730
4745
1780
-1760
-5137
-7722
-8730
-8130
-6295
-3924
-1718
-116
610
395
-917
-2846
-4681
-5712
-5766
-4903
-3360
-1558
109
1231
1632
1233
272
-996
-2303
-3452
-4362
-4944
-5041
-4443
-3462
-2642
-2435
-2723
-3017
-3068
-2938
-2778
-2304
-1360
-48
1176
1923
1963
1230
-15
-1420
-2423
-2796
-2527
-1839
-874
149
844
1016
656
-37
-994
-1991
-2713
-2832
-2248
-1189
64
1255
2307
3020
3278
3134
2763
2295
1831
1594
1662
2256
3441
5062
6627
7655
7965
7578
6855
5992
5140
4205
3421
3057
3182
3614
3926
3975
3751
3639
3695
4009
4445
4833
4617
2826
-736
-5310
-9212
-11175
-10510
-7890
-4479
-1062
1763
3446
3370
1717
-870
-3166
-4251
-3759
-1785
1197
4553
7180
8301
7672
5716
2901
-346
-3544
-6243
-7758
-7612
-5828
-3251
-945
357
444
-454
-2029
-3860
-5420
-6107
-5540
-3864
-1556
765
2498
3184
2568
921
-1268
-3215
-4400
-4630
-4089
-3188
-2152
-1455
-1211
-1721
-2762
-4037
-5045
-5475
-5360
-4399
-2819
-623
1378
2738
3060
2478
1331
-312
-1890
-3201
-3499
-2847
-1296
465
1830
2452
2053
1002
-612
-2119
-3281
-3574
-2991
-1764
-231
1085
2101
2486
2461
2028
1564
1326
1500
2111
2754
3292
3495
3804
4352
5171
5934
6317
6424
6372
6654
7050
7434
7310
6618
5643
4672
4019
3358
2932
2634
2871
3497
4335
5185
5615
5354
3175
-1004
-6613
-11226
-12924
-11216
-7237
-2992
770
3014
3593
1907
-1157
-4230
-5947
-5499
-3288
605
4972
8824
10480
9502
6388
2324
-1415
-4559
-6630
-7752
-7395
-5725
-3243
-1003
-61
-537
-2148
-3862
-5200
-5647
-5106
-3595
-1339
964
2749
3326
2660
870
-1556
-3931
-5628
-5932
-4855
-2767
-791
265
65
-1231
-3090
-5265
-7052
-7990
-7406
-5530
-2924
-333
1589
2668
2506
1497
-120
-1490
-2347
-2577
-2245
-1576
-554
241
721
452
-232
-1125
-1860
-2245
-2354
-2067
-1683
-1065
-615
-298
-265
-394
-474
-380
140
880
1881
2775
3488
3697
3378
2690
2175
2449
3475
4994
6259
7108
7390
7498
7466
7366
7159
6703
6271
5808
5641
5234
4610
3479
2335
1721
1832
2859
3973
4930
4287
1734
-2764
-7379
-9898
-9421
-6252
-2696
511
2169
2430
780
-2159
-4852
-6175
-5069
-2623
1079
4754
7880
9009
7535
4366
702
-1667
-3016
-3166
-2957
-2335
-1705
-1569
-2016
-3375
-4893
-6365
-6792
-5982
-3973
-1455
575
1773
1901
1414
453
-626
-1513
-2082
-2211
-2153
-1900
-1587
-1456
-1759
-2844
-4203
-5439
-5958
-5897
-5486
-4736
-3877
-2782
-2073
-1495
-1123
-559
30
338
592
655
939
774
366
-362
-818
-875
-881
-806
-1020
-1045
-1340
-1678
-2254
-2691
-2658
-2213
-1266
-423
347
563
498
160
-119
-7
565
1713
2770
3533
3716
3851
4110
4421
4569
4463
4629
5039
5769
6493
7417
8427
9121
9103
8289
7393
6465
5526
4214
3142
2898
3488
4375
4686
4482
3242
791
-3140
-7092
-9008
-7842
-4193
-422
2204
2698
1359
-1650
-5091
-7133
-6675
-3677
63
3621
6042
7155
6280
3476
111
-2303
-2585
-1558
52
1191
1468
355
-2216
-5245
-7689
-8544
-8155
-6718
-4655
-2303
-410
258
-151
-1035
-1477
-1341
-626
385
1397
1951
1608
428
-1247
-2846
-4063
-4774
-5135
-5339
-5526
-5633
-5625
-5593
-5697
-5754
-5261
-3941
-2032
-191
1249
2156
2509
2123
1203
350
108
489
950
1196
1071
598
-434
-1900
-3308
-4140
-4213
-3768
-2902
-1814
-769
-299
-515
-1067
-1473
-1403
-785
482
2039
3219
3398
2790
2226
2238
2711
3204
3660
4121
4403
4383
4387
5079
6498
7965
8782
8997
9069
8911
8189
6780
5408
4673
4526
4469
4111
3590
2455
206
-3396
-6949
-8469
-6998
-3429
-12
1964
2031
698
-1669
-3951
-4634
-2971
250
2985
4297
4269
3590
2142
-32
-1957
-2412
-1075
790
2043
2087
1050
-943
-3467
-5515
-6278
-5606
-4305
-3012
-2055
-1617
-1935
-2876
-3604
-3349
-2005
-260
1204
2044
2137
1443
123
-1254
-2054
-2098
-1810
-1836
-2493
-3605
-4709
-5517
-6172
-6783
-7145
-6709
-5255
-3157
-1194
57
520
361
-2
-126
391
1381
2285
2585
2241
1546
689
-227
-1110
-1754
-2155
-2462
-2750
-2882
-2778
-2626
-2570
-2488
-2073
-1252
-242
623
1118
1152
832
557
809
1735
2927
3851
4212
4036
3445
2745
2486
3168
4721
6341
7189
7132
6845
6990
7575
8076
8144
7954
7742
7327
6341
4923
3516
1937
-678
-4359
-7273
-7188
-4035
-330
1350
701
-1021
-2819
-4191
-4199
-1941
1892
4997
5710
4596
3202
2001
526
-940
-1167
271
2067
2554
1363
-764
-3089
-5105
-6144
-5584
-3757
-1993
-1456
-2123
-3229
-4213
-4797
-4566
-3169
-995
889
1703
1604
1158
598
-140
-794
-848
-331
-69
-806
-2396
-4013
-5100
-5689
-6043
-6222
-6170
-5912
-5431
-4666
-3636
-2619
-1827
-1183
-403
559
1426
1890
1894
1605
1196
858
731
847
928
609
-252
-1426
-2487
-3119
-3235
-2984
-2552
-2144
-1797
-1423
-925
-404
-139
-213
-339
-57
744
1745
2547
3010
3173
3013
2537
2107
2276
3184
4309
4931
4854
4587
4749
5439
6257
6761
6930
6996
6982
6644
5888
5108
4449
3161
236
-3799
-6487
-5863
-2695
179
816
-340
-1998
-3569
-4637
-4071
-1196
2725
5181
5136
3931
3116
2679
1839
914
987
2150
3034
2541
860
-1291
-3493
-5322
-5774
-4362
-2007
-676
-1319
-3103
-4574
-5012
-4603
-3392
-1545
328
1192
792
-55
-438
-160
250
610
974
1321
1080
-221
-2259
-4111
-4885
-4656
-4072
-3753
-3745
-3792
-3914
-4182
-4432
-4149
-3107
-1716
-465
436
1043
1140
626
-107
-381
140
894
1329
1244
903
408
-349
-1118
-1538
-1348
-994
-832
-961
-1148
-1302
-1604
-1858
-1799
-1076
-81
739
1139
1320
1662
2053
2424
2550
2766
3221
3861
4390
4389
4081
3685
3840
4464
5203
5557
5330
4995
4489
4033
3578
3691
4066
3295
479
-3561
-5656
-4368
-938
1407
1190
-447
-2275
-3514
-4102
-2789
485
3950
5348
4354
3053
2471
2371
2000
2175
3622
5328
5465
3194
-19
-2722
-4129
-4242
-3065
-1186
-289
-1559
-4482
-6778
-7006
-5502
-3673
-2264
-1140
-380
-375
-1289
-2107
-1903
-723
403
956
1289
1391
654
-1449
-3710
-4695
-4142
-3326
-3194
-3351
-3508
-3804
-4666
-5190
-4502
-2782
-1207
-518
-136
188
357
-56
-449
-207
491
961
738
370
84
-185
-682
-1052
-890
-410
-93
-161
-227
-238
-465
-1095
-1556
-1264
-329
478
667
550
554
940
1395
2000
2749
3776
4733
5083
4805
4061
3817
4122
4978
5547
5478
4905
3909
3099
2217
2095
2609
3565
3369
644
-3523
-6708
-5913
-2409
1068
1735
143
-1846
-3635
-4442
-3915
-669
3489
6012
5386
3188
2000
1844
2299
2778
4364
6302
6940
5190
1860
-990
-2756
-3046
-2225
-524
449
-740
-3750
-6589
-7264
-6128
-4403
-3131
-2187
-1628
-1740
-2429
-2899
-2387
-1256
-206
386
858
1053
620
-566
-1787
-2334
-2331
-2194
-2390
-2790
-3561
-4378
-4788
-4319
-3246
-2530
-2305
-2230
-1625
-929
-479
-203
261
963
1256
1137
812
715
574
247
-116
-320
-451
-923
-1386
-1322
-419
498
518
-408
-1352
-1307
-366
787
1416
1517
1325
1056
842
918
1649
2966
4295
4849
4481
3945
4095
5129
6289
6726
6250
5222
4276
3474
2850
2468
2712
3267
2280
-1526
-6856
-9250
-6425
-1183
1171
-946
-3941
-5066
-4837
-4965
-3746
576
5647
7047
3992
1097
1407
3659
4943
5477
6838
7988
6699
2842
-516
-1471
-794
-5
512
740
-414
-3352
-6461
-7303
-5526
-3113
-1849
-1791
-2143
-2771
-3694
-4169
-3196
-965
943
1339
455
-719
-1672
-2334
-2353
-1521
-471
-354
-1503
-2992
-3797
-3873
-3622
-3117
-2293
-1617
-1844
-2762
-3387
-2923
-1731
-675
-33
205
149
-334
-782
-624
163
995
1005
344
-576
-994
-580
393
1258
1061
31
-1017
-1124
-433
253
592
690
802
683
295
67
706
2143
3608
4212
4143
4269
5062
6099
6297
5902
5486
5814
6048
5437
4539
4128
4417
2797
-1358
-6205
-7708
-4721
-1114
-230
-2864
-5539
-6949
-7560
-7412
-5325
-499
3643
4272
1720
-216
584
2694
4490
5851
7478
8285
6924
3880
1292
405
814
1567
2166
1976
127
-2997
-5674
-6132
-4786
-3270
-2653
-2687
-2901
-3419
-4013
-3899
-2442
-401
893
906
245
-390
-840
-996
-563
427
1134
715
-795
-2315
-3000
-2744
-2043
-1447
-1248
-1636
-2375
-3036
-3104
-2469
-1430
-472
-37
-174
-646
-940
-789
-223
463
916
908
284
-649
-1263
-986
-54
684
625
-26
-525
-545
-235
43
305
571
744
650
432
624
1331
2193
2482
2365
2423
3017
3733
3880
3713
3596
4071
4779
5359
5432
4861
4162
3252
1923
-320
-2280
-2307
-705
59
-1983
-5012
-6480
-6159
-5979
-6125
-4660
-1587
312
-760
-2358
-1359
1785
4076
4578
4990
5990
6102
4458
2753
2674
3573
3644
2503
1045
-505
-2500
-4468
-5072
-4006
-2685
-2513
-3417
-4338
-4652
-4377
-3472
-1909
-191
721
442
-385
-821
-486
311
1148
1713
1714
994
-187
-1187
-1467
-1054
-448
-152
-439
-1219
-2116
-2596
-2355
-1597
-851
-502
-520
-752
-1077
-1297
-1112
-455
310
791
967
1005
814
230
-451
-600
-68
559
641
169
-413
-796
-935
-827
-407
228
830
1228
1454
1651
1951
2449
3106
3649
3774
3495
3289
3584
4102
4088
3297
2310
1565
559
-1146
-2557
-2154
-342
475
-1047
-3278
-3964
-3315
-3040
-3164
-2004
407
1559
55
-1966
-1653
652
2370
2474
2307
2695
2625
1456
464
1137
2900
3911
3393
2075
820
-208
-916
-1083
-810
-686
-1184
-2229
-3548
-4764
-5432
-5209
-4352
-3661
-3560
-3775
-3698
-3162
-2274
-1126
139
1211
1738
1876
2072
2545
3054
3304
3217
2787
1986
936
80
-288
-396
-755
-1469
-2159
-2541
-2718
-2845
-2719
-2110
-1245
-622
-420
-378
-205
129
577
1169
1785
2069
1806
1256
909
910
1019
1058
1119
1232
1165
750
231
96
538
1236
1674
1521
969
634
968
1689
2057
1901
1713
1534
460
-1697
-2996
-1421
1843
3032
601
-2701
-3753
-3146
-3281
-3845
-2497
387
1198
-1537
-4428
-3849
-868
964
1012
1558
3223
3812
2296
924
1916
4207
5248
4579
3642
3011
1869
148
-795
-311
254
-775
-3164
-5146
-5617
-5090
-4568
-4217
-3688
-3102
-3025
-3410
-3253
-1806
369
1890
2147
1837
1859
2251
2555
2697
2927
3150
2869
1931
844
251
305
645
782
408
-400
-1192
-1455
-1093
-412
239
665
677
121
-715
-1092
-551
476
1106
997
532
142
-194
-575
-699
-120
993
1756
1472
492
-136
213
1111
1704
1646
1288
1165
1352
1457
1146
637
328
-104
-1541
-3647
-4195
-1785
1281
1048
-2782
-6036
-5688
-3825
-3787
-4693
-3414
-623
-467
-3780
-6066
-3945
-34
1355
558
992
3038
3677
1888
556
1987
4533
5331
4235
3012
2177
919
-551
-885
53
501
-868
-3139
-4455
-4301
-3560
-2877
-2155
-1466
-1383
-2004
-2351
-1414
545
2229
2797
2602
2377
2313
2265
2384
2975
3774
3926
3037
1775
1146
1377
1851
2023
1920
1726
1364
736
209
404
1354
2229
2116
1025
-52
-220
367
879
925
899
1106
1098
369
-597
-683
420
1680
1949
1310
712
682
900
951
879
877
948
1000
938
533
-299
-1093
-1348
-1653
-3099
-5085
-5225
-2700
-440
-1655
-5166
-6819
-5437
-4189
-5062
-5580
-3352
-804
-1753
-5043
-5795
-2697
283
229
-697
451
2484
2437
686
307
2142
3753
3445
2391
1999
1629
283
-1201
-1420
-804
-1012
-2420
-3734
-4003
-3735
-3601
-3440
-2982
-2686
-2965
-3182
-2421
-828
501
1039
1337
1941
2558
2765
2893
3556
4613
5225
4999
4483
4331
4409
4180
3591
3134
3037
2949
2520
1952
1661
1584
1284
623
58
70
567
1026
1122
1036
1075
1253
1411
1570
1942
2530
2998
3089
2935
2830
2805
2712
2548
2387
2135
1723
1329
1054
643
-40
-580
-815
-1673
-3826
-5764
-5079
-2194
-721
-2778
-5875
-6488
-5087
-4734
-5704
-5212
-2764
-1851
-4491
-7389
-6449
-2855
-1083
-2166
-2814
-1160
463
-180
-1435
-498
2139
3622
2988
1958
1814
1811
1108
324
243
346
-380
-1874
-3194
-3933
-4462
-5020
-5303
-5143
-4912
-4972
-5097
-4786
-3951
-2940
-2006
-1094
-147
703
1419
2314
3643
5061
5878
5897
5678
5738
5935
5864
5516
5163
4776
4142
3370
2796
2402
1714
637
-131
45
785
1090
634
150
344
978
1402
1588
2085
3003
3686
3663
3403
3648
4304
4586
4218
3844
4006
4345
4132
3304
2492
2194
2164
1518
-417
-2899
-3863
-2109
524
654
-2434
-5686
-6244
-5035
-4583
-4803
-3772
-1987
-2445
-5704
-8006
-6340
-2824
-1509
-2578
-2844
-1244
-319
-1644
-3015
-1798
1127
2787
2256
1205
838
514
-434
-1219
-898
-51
-147
-1653
-3618
-5013
-5687
-5926
-5733
-5081
-4476
-4581
-5340
-5844
-5344
-4069
-2775
-1849
-1145
-486
84
647
1522
2713
3697
4001
3807
3715
4039
4496
4634
4366
3989
3747
3526
3038
2266
1570
1320
1493
1746
1820
1687
1391
975
669
841
1549
2305
2541
2283
2062
2244
2731
3279
3780
4070
3904
3395
3105
3366
3763
3705
3330
3203
3032
1677
-827
-2376
-1128
1663
2672
593
-2386
-3744
-3671
-3600
-3249
-1472
653
309
-2897
-5572
-4824
-2072
-723
-1344
-1638
-643
-175
-1543
-3164
-2795
-752
786
909
586
466
-152
-1695
-3009
-2668
-975
179
-540
-2617
-4619
-5699
-5846
-5230
-4069
-2997
-2909
-4002
-5251
-5373
-4218
-2734
-1697
-988
-276
221
114
-274
-52
1103
2497
3279
3307
2962
2536
2131
1967
2349
3102
3450
2781
1442
476
545
1281
1844
1880
1638
1319
826
284
261
1090
2241
2787
2464
1926
1833
2197
2693
3159
3539
3582
3094
2373
2057
2444
3130
3339
2405
395
-1513
-1767
-99
1832
1998
209
-1885
-2958
-3153
-2887
-1861
-134
858
-283
-2732
-4034
-3144
-1598
-1140
-1457
-1187
-287
-11
-891
-1858
-1696
-512
784
1718
2259
2080
784
-1123
-2191
-1428
432
1556
817
-1317
-3530
-4853
-4992
-4167
-2998
-2359
-2812
-3974
-4773
-4583
-3732
-2836
-1985
-886
383
1163
1023
428
362
1317
2854
4113
4549
4217
3501
2772
2349
2497
3061
3353
2755
1520
629
633
1031
1009
531
170
89
-62
-367
-352
249
926
1019
675
629
1132
1665
1739
1539
1528
1739
1822
1633
1464
1525
1480
731
-728
-1919
-1734
-257
1041
829
-707
-2296
-3094
-3231
-2903
-1915
-515
149
-788
-2568
-3466
-2846
-1776
-1364
-1381
-994
-212
165
-206
-798
-975
-620
86
1038
1941
2117
1079
-721
-2065
-2062
-927
263
516
-444
-2162
-3794
-4642
-4503
-3725
-2915
-2518
-2613
-2938
-3144
-3083
-2740
-2038
-867
692
2189
2984
2853
2317
2197
2902
4155
5341
5983
5921
5304
4429
3697
3419
3521
3612
3404
2899
2295
1768
1279
767
342
143
236
518
714
641
346
52
-7
186
502
803
941
838
574
376
450
702
707
75
-1160
-2298
-2437
-1370
51
619
-142
-1663
-3019
-3698
-3532
-2557
-1251
-528
-1059
-2385
-3287
-3181
-2572
-2197
-2092
-1802
-1244
-789
-690
-803
-870
-819
-651
-259
353
878
837
81
-965
-1607
-1516
-957
-535
-683
-1373
-2257
-2987
-3376
-3402
-3169
-2910
-2847
-2897
-2793
-2479
-2130
-1942
-1860
-1544
-705
534
1681
2327
2470
2468
2715
3378
4288
5096
5561
5635
5485
5379
5361
5258
4949
4512
4188
4125
4146
3971
3478
2750
2055
1644
1600
1802
1966
1856
1445
836
250
-105
-163
2
205
298
309
226
-87
-802
-1854
-2676
-2577
-1486
-182
407
-25
-1069
-2171
-3008
-3292
-2806
-1748
-886
-888
-1548
-2159
-2452
-2724
-3163
-3397
-2983
-2087
-1369
-1231
-1491
-1808
-2043
-2147
-1950
-1356
-637
-291
-536
-1044
-1375
-1439
-1490
-1712
-2026
-2287
-2495
-2705
-2909
-3018
-3032
-3125
-3338
-3401
-3066
-2416
-1801
-1503
-1509
-1478
-1015
-103
893
1592
1942
2193
2613
3210
3772
4140
4345
4476
4603
4787
4976
4969
4646
4111
3702
3677
3893
3980
3706
3156
2641
2385
2393
2534
2651
2627
2411
2016
1544
1178
1021
1038
1064
980
799
540
185
-319
-933
-1453
-1625
-1441
-1148
-988
-1022
-1231
-1591
-2062
-2451
-2438
-1963
-1351
-1001
-971
-1070
-1228
-1506
-1851
-2066
-1955
-1628
-1391
-1346
-1381
-1398
-1487
-1716
-1949
-1956
-1691
-1382
-1210
-1111
-982
-891
-1000
-1304
-1584
-1694
-1679
-1682
-1702
-1629
-1494
-1484
-1698
-1954
-2024
-1826
-1474
-1172
-1017
-940
-787
-490
-142
163
426
707
1036
1335
1531
1679
1860
2029
2095
2100
2146
2261
2313
2174
1940
1808
1851
1982
2048
2006
1903
1816
1766
1744
1760
1809
1863
1861
1775
1641
1501
1361
1187
955
740
620
601
592
430
91
-299
-597
-749
-775
-710
-603
-532
-578
-775
-995
-1058
-919
-658
-446
-347
-333
-370
-456
-588
-678
-638
-484
-322
-284
-377
-548
-743
-875
-897
-787
-631
-584
-680
-846
-941
-905
-804
-715
-690
-702
-723
-757
-828
-920
-929
-786
-550
-361
-331
-418
-512
-547
-524
-482
-411
-306
-217
-150
-103
-47
-3
-43
-131
-142
39
333
511
449
269
237
427
682
828
829
832
935
1107
1250
1309
1331
1338
1335
1341
1377
1414
1387
1245
1044
900
857
812
631
328
43
-88
-70
-56
-140
-312
-505
-688
-865
-970
-966
-853
-739
-751
-875
-992
-996
-909
-845
-832
-827
-763
-666
-621
-619
-587
-446
-245
-102
-56
-87
-131
-149
-128
-34
116
223
183
8
-173
-250
-233
-206
-222
-238
-220
-222
-310
-485
-617
-579
-367
-89
101
139
74
1
-30
-30
-8
45
140
264
358
383
328
212
115
106
250
502
704
734
609
507
576
798
1020
1124
1137
1154
1205
1241
1212
1150
1118
1140
1180
1181
1088
922
733
573
477
435
394
286
108
-101
-271
-352
-351
-328
-348
-428
-545
-684
-809
-884
-882
-813
-761
-801
-946
-1100
-1178
-1187
-1188
-1220
-1247
-1234
-1207
-1216
-1263
-1268
-1196
-1085
-1003
-961
-908
-824
-741
-685
-633
-541
-405
-287
-226
-200
-165
-108
-71
-59
-50
-24
4
16
37
109
236
346
378
357
376
502
670
779
772
722
732
818
934
1016
1046
1063
1080
1087
1096
1107
1125
1125
1122
1152
1214
1253
1204
1085
994
1006
1092
1127
1043
901
797
751
732
698
657
610
540
434
308
195
107
26
-53
-116
-171
-261
-407
-576
-685
-708
-715
-770
-890
-1003
-1061
-1102
-1156
-1217
-1238
-1208
-1171
-1167
-1195
-1218
-1214
-1184
-1139
-1065
-974
-923
-928
-966
-968
-907
-820
-752
-717
-670
-602
-552
-545
-550
-506
-408
-305
-247
-214
-175
-147
-137
-131
-90
12
131
192
202
213
251
288
304
313
354
417
463
488
519
579
630
646
645
679
768
855
897
888
871
877
892
911
931
968
1008
1014
976
918
862
827
809
805
815
803
735
621
499
423
406
406
371
284
174
61
-47
-142
-204
-220
-224
-253
-340
-462
-564
-617
-633
-634
-638
-668
-716
-779
-814
-801
-776
-758
-766
-771
-742
-700
-677
-672
-647
-578
-478
-382
-316
-274
-236
-187
-110
-14
83
155
185
169
151
153
183
224
244
247
233
189
122
62
29
49
82
90
67
27
-12
-59
-108
-141
-118
-56
8
39
30
17
-3
-6
24
83
165
214
209
187
194
243
293
314
313
317
328
328
313
294
275
244
197
150
141
157
152
102
22
-40
-62
-64
-62
-75
-97
-146
-222
-302
-341
-331
-307
-307
-335
-370
-400
-447
-495
-517
-500
-432
-368
-342
-357
-392
-413
-402
-355
-278
-190
-138
-131
-140
-116
-33
93
215
307
380
435
488
554
640
727
803
845
833
812
815
834
851
839
799
745
673
571
469
384
323
290
239
163
79
-26
-143
-238
-293
-288
-253
-247
-271
-321
-355
-357
-347
-317
-277
-225
-188
-170
-165
-161
-141
-121
-106
-91
-63
-50
-62
-111
-176
-219
-242
-244
-249
-277
-314
-380
-447
-495
-503
-483
-475
-490
-532
-570
-595
-611
-630
-655
-653
-634
-596
-565
-558
-571
-603
-615
-584
-494
-370
-270
-233
-258
-271
-230
-130
-8
93
151
171
181
205
283
408
538
634
685
718
775
858
938
1008
1052
1083
1106
1108
1099
1091
1089
1091
1084
1057
1007
935
819
696
611
567
562
536
433
277
116
-10
-75
-89
-93
-112
-172
-267
-345
-383
-365
-328
-309
-305
-300
-286
-276
-264
-257
-248
-221
-185
-148
-120
-126
-181
-255
-316
-339
-311
-288
-314
-395
-499
-586
-639
-639
-628
-633
-669
-740
-804
-837
-836
-821
-829
-849
-862
-841
-806
-767
-746
-733
-713
-670
-593
-502
-409
-349
-315
-287
-229
-125
0
94
146
160
176
226
310
413
509
574
599
613
644
708
787
857
896
902
907
915
924
934
949
963
980
987
966
921
864
811
765
744
737
707
645
537
407
310
258
232
204
151
70
-24
-105
-162
-174
-164
-158
-177
-206
-233
-242
-238
-222
-204
-187
-160
-138
-133
-148
-161
-187
-215
-221
-219
-222
-236
-277
-337
-392
-430
-455
-471
-485
-517
-554
-592
-631
-649
-658
-661
-657
-649
-645
-633
-624
-617
-588
-554
-516
-467
-417
-387
-362
-338
-308
-255
-187
-126
-74
-43
-34
-26
3
52
112
172
206
216
219
225
246
295
350
389
418
418
401
403
422
463
511
554
569
554
536
524
529
558
591
600
584
542
481
431
406
390
384
363
316
242
168
103
59
39
18
-5
-31
-78
-128
-161
-176
-174
-160
-150
-154
-159
-173
-182
-182
-177
-166
-159
-158
-165
-171
-184
-195
-196
-198
-206
-216
-232
-252
-266
-270
-280
-290
-303
-313
-320
-325
-318
-308
-295
-288
-286
-282
-266
-237
-210
-184
-161
-148
-130
-103
-77
-33
14
40
58
71
86
112
147
182
203
223
226
218
219
228
241
259
260
249
234
208
192
190
200
221
224
215
195
171
168
185
208
225
232
222
192
177
170
172
186
190
179
156
122
88
66
56
48
40
26
-9
-40
-69
-97
-110
-116
-121
-129
-150
-171
-195
-212
-219
-221
-223
-225
-236
-243
-261
-266
-264
-262
-254
-249
-253
-261
-259
-260
-251
-236
-224
-217
-212
-204
-189
-172
-150
-129
-105
-87
-66
-46
-24
1
26
51
73
99
118
138
164
188
205
220
236
251
268
282
295
302
306
309
304
301
302
295
283
266
246
225
209
191
177
164
145
125
104
91
76
59
52
45
32
24
13
-3
-16
-23
-30
-37
-45
-58
-68
-77
-88
-97
-103
-109
-122
-132
-137
-151
-160
-168
-174
-186
-194
-196
-201
-209
-217
-221
-228
-233
-232
-233
-234
-233
-229
-224
-220
-220
-217
-208
-203
-193
-180
-172
-162
-156
-145
-129
-114
-97
-82
-65
-50
-33
-18
3
21
42
64
81
94
108
129
147
167
184
199
209
222
229
242
255
261
264
279
282
281
281
282
284
277
278
274
264
247
238
228
212
196
185
171
150
128
121
106
94
77
67
54
30
22
14
4
-8
-20
-31
-41
-56
-60
-70
-80
-87
-92
-98
-107
-116
-123
-123
-129
-134
-137
-137
-143
-152
-156
-154
-156
-158
-157
-160
-163
-165
-168
-167
-170
-168
-164
-168
-172
-167
-168
-165
-165
-162
-157
-160
-155
-149
-143
-139
-132
-124
-114
-103
-91
-83
-74
-64
-49
-36
-23
-11
4
21
39
54
68
88
96
108
121
132
143
152
158
167
176
178
184
184
189
187
185
184
178
174
170
166
159
149
142
137
125
117
112
95
86
79
72
67
58
51
45
38
31
24
16
10
5
2
-2
-8
-8
-15
-16
-17
-22
-24
-22
-22
-26
-28
-24
-27
-26
-26
-29
-22
-28
-32
-33
-39
-37
-44
-46
-52
-58
-63
-66
-69
-77
-82
-91
-95
-103
-109
-113
-122
-122
-125
-131
-131
-135
-137
-131
-132
-131
-130
-124
-115
-110
-100
-88
-79
-63
-54
-42
-24
-14
-1
10
19
33
44
53
60
69
76
81
81
81
82
81
79
76
75
77
75
70
69
63
62
62
58
56
52
51
52
55
53
54
57
55
56
56
59
57
55
57
58
60
55
54
55
52
49
49
48
46
41
38
37
34
28
24
22
20
15
9
5
3
0
-5
-9
-16
-18
-19
-25
-25
-28
-37
-37
-40
-48
-52
-57
-59
-63
-67
-69
-72
-77
-82
-83
-85
-87
-86
-82
-81
-81
-81
-67
-62
-63
-53
-42
-39
-34
-25
-17
-9
-2
8
15
13
21
27
30
30
30
27
30
31
22
30
30
27
28
26
22
23
25
21
21
21
22
21
21
27
29
31
35
35
31
32
34
31
35
36
32
30
32
30
22
23
22
17
14
13
6
3
3
-4
-7
-11
-12
-17
-20
-20
-21
-24
-21
-15
-16
-16
-14
-14
-8
-3
-10
-9
-3
-5
-8
-3
-3
-2
-8
-6
-5
-11
-16
-15
-13
-16
-16
-17
-15
-13
-12
-14
-8
-7
-9
-9
-4
-1
-4
-2
5
9
3
5
10
9
10
13
9
5
9
9
6
8
7
6
8
10
9
2
-5
2
2
-5
1
-1
-4
-4
5
1
-7
-2
1
1
0
-1
1
-1
-1
7
4
0
1
5
-2
3
5
-3
-2
5
1
-2
-1
-1
0
-5
-1
-1
-8
-5
2
-11
-9
-2
-8
-10
0
-6
-7
-5
-5
-3
-6
-6
0
-5
-4
2
-3
-5
-3
-1
-2
3
-2
-2
3
0
2
3
0
5
3
-2
7
4
-3
2
1
-3
1
-1
2
1
-4
1
3
-1
-1
-1
-2
2
2
-3
3
0
-4
3
2
-5
1
3
-1
0
-3
-5
-7
-4
2
-5
-6
5
0
-9
-1
3
-3
-4
6
4
-3
-1
5
2
-2
5
6
1
3
1
0
6
4
-1
-1
1
-2
3
2
1
-2
-2
3
2
-1
-1
3
-2
4
2
-1
5
6
0
1
4
1
-4
-2
2
-3
-3
-5
-2
-4
-7
-2
-6
-4
-1
-7
-1
5
-4
1
7
6
6
5
12
9
8
7
8
6
7
15
6
2
7
3
-1
4
2
-4
-1
2
-2
-4
-3
3
-3
-7
1
-2
-8
-1
1
-2
-2
2
-2
0
1
-1
5
-4
-3
6
-3
-4
6
0
-11
7
4
-5
-1
1
0
-10
-5
2
-12
-17
0
-9
-17
-11
-7
-14
-9
-5
-12
-10
-11
-5
-10
-16
-4
4
-11
-4
2
-5
-2
4
5
-2
2
7
6
8
8
4
11
7
2
8
6
4
4
8
2
7
9
4
8
3
3
7
3
1
2
4
3
-2
5
2
-4
5
3
-2
-1
2
-3
-2
4
2
0
-1
1
3
2
2
4
0
3
1
5
3
1
8
6
4
6
5
5
3
2
7
4
3
4
7
0
6
6
-3
4
1
-2
-1
4
2
1
2
-4
-1
3
-7
0
1
-11
-4
2
-9
-8
5
-8
-4
-1
-4
-5
-10
-4
-4
-12
-11
-4
-13
-7
-7
-11
-10
-7
-9
-8
-9
-16
-2
-10
-12
-1
-2
-10
-3
-1
-5
-2
-1
-1
-3
3
2
1
8
2
-2
9
0
1
12
8
1
7
12
-4
5
7
1
3
0
6
4
0
3
5
3
-5
2
9
-7
0
11
1
-2
8
5
-7
4
5
-3
0
-3
0
-1
-5
5
6
-1
1
5
4
-2
2
6
2
3
8
4
8
4
3
6
2
3
6
5
2
10
4
4
7
2
1
0
1
-2
0
3
-1
