0
0
0
0
-1
0
1
-1
1
0
0
-1
-1
1
1
0
-2
-1
2
1
1
-1
1
0
0
2
1
0
-1
0
0
-1
-1
-2
0
1
1
-1
1
1
-3
0
2
-2
0
1
0
-3
-2
4
0
0
-2
0
2
-1
-2
0
4
-2
0
7
1
0
0
3
-4
-3
3
-1
0
-1
1
1
0
0
-2
3
-2
-4
3
1
-3
-1
7
-2
-2
2
0
0
0
2
-2
3
1
-3
4
2
-1
-2
2
-1
-1
3
-2
-1
2
0
-3
1
1
-6
2
2
-4
0
1
0
-4
2
2
-1
2
2
3
-1
1
3
2
2
-6
2
3
-5
-3
3
4
-8
2
4
-1
-4
-1
6
-3
-1
0
4
1
-7
5
3
-4
-7
7
7
-12
-1
7
0
-9
-1
8
-4
-3
-1
8
-1
-10
4
6
-3
-10
9
9
-10
-3
7
5
-10
-2
8
0
-6
-2
9
-1
-10
-1
9
0
-13
6
9
-5
-6
5
5
-8
-1
6
2
-4
-2
5
1
-5
-3
8
1
-8
2
7
-1
-6
2
4
-2
-3
1
2
0
-2
2
4
-2
-4
0
4
-3
-4
3
1
0
-5
1
4
-1
-2
1
6
-6
-5
5
1
-5
-6
7
2
-2
-2
2
5
-8
0
6
3
-9
-2
11
-4
-5
0
8
-3
-7
4
-1
3
-6
0
5
-3
-5
-1
11
-7
-5
8
3
-5
-5
12
1
-5
-1
3
5
-8
1
2
3
-2
-5
2
-3
1
-1
6
0
-8
7
6
-3
-16
6
17
-9
-10
5
13
-6
-1
3
-7
5
9
-1
-10
4
7
0
3
-9
-2
14
7
-17
-10
21
6
-12
-1
4
-4
1
9
-12
-7
15
6
-10
-3
8
-2
3
5
-10
-2
14
3
-18
0
12
-5
-3
5
-6
-8
11
6
-14
1
10
-4
-3
7
-2
-8
12
4
-14
1
12
-5
-7
10
-2
-9
8
3
-8
-1
11
-4
-9
9
0
-4
1
2
-6
3
8
-13
-2
10
5
-7
-2
5
-5
7
-1
-9
-1
12
4
-16
-1
1
5
5
-6
-8
3
18
-8
-12
2
8
4
-5
-5
-10
16
11
-16
-12
7
17
-5
-2
-9
-3
19
4
-14
-13
20
8
-9
-3
-5
5
7
5
-17
-4
18
0
-6
-7
5
-4
3
5
-14
1
8
6
-8
1
3
-8
8
7
-3
-8
8
9
-4
3
-6
-2
6
12
-8
-19
10
11
3
-11
-8
1
13
15
-17
-17
8
25
-1
-23
-7
6
18
1
-21
-17
17
30
-14
-27
-2
25
14
-13
-22
-8
31
19
-27
-30
13
32
-2
-19
-16
10
33
1
-34
-13
32
19
-21
-19
-1
23
13
-23
-25
13
36
-9
-30
-6
24
22
-19
-25
1
32
14
-33
-24
20
39
-9
-38
-8
26
32
-15
-40
-7
45
22
-40
-27
12
38
12
-34
-36
22
50
-13
-39
-12
23
35
-2
-41
-17
42
24
-21
-28
-9
28
31
-17
-39
5
32
15
-15
-36
-8
42
25
-36
-28
7
34
24
-31
-48
16
59
-2
-39
-29
13
58
7
-60
-37
58
44
-22
-43
-30
52
55
-34
-74
10
70
13
-31
-55
3
76
20
-67
-48
53
47
-7
-44
-38
47
58
-22
-71
2
61
19
-32
-48
7
54
20
-48
-42
32
50
0
-56
-21
45
36
-15
-47
-8
43
40
-31
-59
18
52
11
-42
-32
20
47
8
-60
-20
45
39
-21
-54
1
51
29
-51
-43
36
41
5
-53
-32
47
56
-32
-75
24
56
13
-41
-54
28
68
6
-79
-24
64
38
-23
-72
4
74
22
-58
-51
40
48
9
-60
-43
71
47
-42
-64
25
56
7
-35
-58
39
64
-15
-68
-18
74
26
-37
-65
16
78
2
-52
-55
50
69
-18
-76
-28
88
36
-42
-69
1
89
20
-58
-66
45
73
-3
-63
-55
66
61
-30
-70
-5
58
31
-20
-72
3
73
19
-49
-41
24
39
18
-46
-38
32
48
2
-50
-22
22
48
-11
-44
-7
30
43
-21
-45
-17
47
33
-37
-26
-4
54
13
-44
-31
15
52
-12
-26
-29
27
47
-36
-33
1
43
2
-18
-13
-11
41
-8
-28
-14
28
25
-26
-6
-14
17
12
-10
-10
-12
37
6
-12
-24
-2
26
0
-3
-26
9
26
10
-20
-35
24
31
-1
-30
-8
19
9
10
-37
-23
32
28
-21
-24
15
-2
13
4
-26
-13
25
23
-17
-8
-15
0
30
2
-23
-22
24
26
-1
-37
-29
40
34
-7
-47
-10
38
34
-21
-71
11
68
18
-48
-42
33
31
9
-44
-39
50
52
-17
-69
16
34
-10
-4
-15
3
22
27
-34
-35
29
-10
-12
20
25
-18
-18
33
-16
-28
-14
11
31
32
5
-61
1
44
-15
-58
6
88
28
-34
-48
-15
31
6
-33
-22
76
72
-59
-86
3
59
-10
-34
10
56
48
-48
-94
-14
80
28
-58
-6
78
36
-76
-86
19
60
27
-32
-23
49
49
-74
-101
42
87
-12
-39
5
39
31
-68
-92
40
118
-14
-66
3
52
44
-68
-118
35
149
18
-101
-20
45
67
-28
-140
-20
146
102
-99
-98
12
100
40
-132
-77
99
151
-2
-150
-84
89
142
-84
-141
37
147
83
-110
-137
0
165
43
-144
-63
94
136
-51
-157
-56
96
123
-54
-94
-8
117
50
-136
-112
20
135
37
-68
-54
42
102
-51
-129
-45
99
102
-16
-65
-31
120
37
-130
-83
61
83
-5
-23
-72
44
119
-62
-123
12
94
-27
-53
-17
-23
55
49
-20
-40
71
68
-47
-27
2
-18
-20
64
18
-47
55
70
12
-51
-44
-28
-11
28
-52
-76
31
122
-23
-142
-2
68
23
-37
-33
-13
84
76
-144
-100
76
140
21
-53
65
101
46
-98
-142
-75
51
99
-67
-51
136
125
-80
-122
-83
-66
36
-8
-90
13
177
103
-50
-65
-24
39
1
-62
-21
73
120
83
-66
-107
31
32
-53
-47
42
61
80
-1
-151
-73
-1
-4
-45
-12
47
78
83
-47
-42
-12
35
24
-40
-1
-6
40
11
-9
5
58
140
34
-4
-22
-82
-91
-68
-76
-54
90
121
76
32
-30
-99
-86
-58
-117
-32
40
71
95
14
-28
-18
51
33
-21
14
13
45
3
-94
-98
-34
83
102
20
5
90
43
-117
-154
-171
-83
120
165
16
45
185
24
-138
-160
-97
69
215
211
9
-27
78
-72
-310
-233
13
135
213
178
-50
-90
26
-176
-348
-204
21
167
113
70
56
69
126
64
-107
-96
150
52
-118
-29
-32
22
189
110
-45
90
63
-96
-128
-246
-204
-48
-29
-39
27
36
44
59
-127
-159
-99
-107
-1
19
-1
125
193
64
36
-7
-72
116
132
43
121
155
115
134
75
22
193
179
71
-57
-242
-191
-98
-49
84
322
284
154
-99
-716
-827
-729
-683
-330
72
329
442
449
45
-195
-170
-230
-73
31
161
335
377
300
300
366
337
439
300
52
-21
-188
-365
-414
-303
-224
-83
-6
-119
-183
-273
-348
-419
-399
-272
-156
-36
-6
42
103
164
277
384
440
470
503
340
138
65
-31
-36
106
176
187
251
178
-3
-105
-220
-229
-120
-70
-2
66
25
-22
-66
-191
-199
-72
-28
71
198
196
205
189
49
-62
-86
-109
-64
-1
20
73
82
-19
-121
-226
-311
-279
-224
-180
-80
13
36
34
7
-38
-15
28
37
31
12
-5
-30
-61
-73
-54
-26
-21
-70
-172
-258
-305
-319
-284
-205
-91
12
69
67
26
-16
-37
-49
-66
-49
-14
10
28
31
17
19
30
24
24
42
68
92
105
94
84
78
74
90
121
172
230
277
298
291
270
228
178
133
91
76
91
123
148
183
211
204
173
115
61
30
22
48
114
181
214
226
189
128
75
22
-13
-16
-19
-36
-45
-80
-121
-141
-141
-114
-77
-56
-49
-47
-93
-148
-182
-221
-250
-275
-318
-362
-388
-411
-408
-345
-278
-212
-149
-115
-108
-122
-141
-153
-144
-118
-74
-27
-18
-29
-34
-50
-67
-92
-99
-101
-103
-118
-141
-103
-64
-27
3
45
73
90
113
87
48
-33
-105
-142
-164
-185
-179
-130
-92
-41
20
126
239
294
290
288
247
123
-25
-183
-324
-449
-499
-503
-449
-411
-380
-352
-398
-463
-534
-510
-471
-412
-324
-143
131
367
573
681
777
835
890
911
923
1024
1201
1462
1670
1864
2030
2172
2238
2199
2111
2019
2008
1990
1920
1689
1290
714
-77
-1092
-2318
-3539
-4646
-5467
-5981
-6142
-5890
-5249
-4268
-3144
-1929
-720
519
1698
2699
3493
4030
4366
4441
4300
3933
3439
2876
2237
1548
767
-22
-831
-1609
-2378
-3082
-3649
-4034
-4169
-4052
-3639
-3018
-2233
-1381
-510
320
1035
1653
2109
2392
2439
2353
2200
1986
1666
1223
777
313
-152
-694
-1260
-1810
-2272
-2559
-2677
-2622
-2434
-1995
-1356
-643
-24
524
1093
1655
2055
2176
2170
2162
2205
2112
1861
1567
1467
1552
1646
1610
1443
1372
1461
1773
1986
1975
1801
1981
2685
3466
3908
3799
3299
1766
-973
-4396
-7147
-8726
-9600
-9972
-9782
-8597
-6851
-4541
-2015
397
2176
3381
4659
5737
6328
6053
5740
5520
5174
4536
3939
3869
3670
3099
1933
751
-455
-1728
-3093
-4739
-6455
-8107
-8909
-8875
-8204
-7280
-5979
-3979
-1541
1132
3443
5268
6295
6659
6588
6120
5370
4250
3113
1832
461
-979
-2237
-3148
-3983
-4724
-5407
-5687
-5557
-4977
-4093
-3100
-1998
-812
664
2167
3486
4325
4716
4741
4359
3632
2548
1416
297
-648
-1424
-1931
-2116
-2065
-1811
-1600
-1485
-1555
-1611
-1595
-1631
-1830
-2106
-2016
-1549
-898
-409
31
686
1532
2391
2858
3028
3007
3208
3601
3911
3933
3743
3914
4369
4973
5115
4977
4773
4787
4962
4882
4554
3738
2473
38
-3592
-7729
-10957
-12478
-12910
-12731
-12102
-10257
-7234
-3503
92
2882
4881
6255
7585
8490
8609
7742
6540
5636
4886
4175
3322
2692
1974
937
-572
-2302
-3866
-5348
-6720
-8288
-9615
-10183
-9427
-7539
-5282
-2914
-427
2568
5536
7916
9149
9242
8483
7057
5309
3116
759
-1637
-3568
-5031
-6251
-7202
-7709
-7364
-6658
-5856
-5301
-4646
-3672
-2311
-663
789
2005
2924
3989
4906
5267
4735
3528
2155
671
-761
-2252
-3478
-4327
-4532
-4058
-3199
-2173
-1292
-344
423
903
815
313
-361
-1000
-1369
-1536
-1504
-1365
-854
72
1290
2349
3102
3598
4153
4777
5332
5446
5029
4574
4483
5009
5340
5446
5170
5393
5922
6570
6847
6632
6219
4658
1510
-3946
-9520
-13531
-14775
-14591
-14110
-12880
-10239
-5446
-199
4660
7623
9266
10088
10778
11084
9923
7801
5240
3758
2682
1887
914
115
-501
-1541
-2947
-4924
-6486
-7711
-8388
-9162
-9755
-9319
-7245
-3728
-211
2851
5369
8000
10312
11636
11290
9230
6154
2745
-363
-3368
-6193
-8599
-9891
-10065
-9629
-8996
-8089
-6653
-5046
-3732
-2993
-2429
-1622
-316
1223
2561
3500
4215
4935
5327
4828
3231
1043
-1138
-3043
-4635
-5834
-6355
-6057
-4987
-3493
-1968
-702
210
756
797
274
-634
-1572
-2255
-2622
-2584
-2168
-1359
-306
817
1839
2568
3033
3221
3300
3336
3449
3588
3594
3534
3621
4252
5174
5966
6222
6282
6665
7463
8278
8564
8404
7842
6387
2796
-3293
-10042
-14724
-16043
-15316
-13947
-11854
-7935
-2157
3899
8666
11244
12089
11792
10973
9462
6999
4048
1632
553
240
77
-215
-236
-221
-981
-3041
-6003
-8438
-9563
-9519
-9262
-8763
-7011
-3204
2009
6771
9926
11446
12114
12040
10798
7859
3454
-1383
-5547
-8392
-10142
-10925
-10645
-9137
-6910
-4858
-3480
-2582
-1770
-1275
-1460
-2242
-2756
-2213
-635
1199
2475
3066
3298
3410
3004
1574
-765
-3111
-4525
-4808
-4378
-3689
-2809
-1682
-450
476
720
225
-768
-1910
-2982
-3810
-4151
-3832
-2935
-1747
-473
854
2140
3050
3276
2891
2227
1627
1225
1040
1023
1188
1607
2272
3129
4234
5691
7226
8227
8338
8014
7965
8261
8215
7311
5899
4438
2215
-2339
-9061
-14964
-16878
-14915
-11844
-9315
-6218
-1063
5237
10160
12178
11876
10681
9374
7767
5483
2864
900
266
510
621
227
-130
-165
-807
-3226
-7066
-10257
-11056
-9847
-8332
-7180
-5207
-1074
4672
9741
12249
12279
11247
10001
8075
4767
396
-3760
-6664
-8199
-8785
-8590
-7486
-5657
-3869
-2984
-3158
-3658
-3629
-3120
-2886
-3141
-2941
-1297
1378
3526
4094
3449
2534
1701
515
-1380
-3580
-5140
-5371
-4470
-3220
-2192
-1334
-438
270
246
-667
-2009
-3208
-4019
-4478
-4540
-3985
-2713
-909
992
2514
3414
3759
3697
3289
2494
1339
110
-723
-825
-294
509
1338
2224
3340
4866
6708
8356
9153
8976
8443
8145
7920
7173
5888
4683
3466
640
-5259
-12717
-17569
-17185
-13404
-9965
-7758
-4333
1865
8629
12413
12345
10621
9388
8520
6720
3886
1541
942
1528
1665
719
-298
-364
-241
-1915
-6023
-10535
-12572
-11423
-8987
-7212
-5787
-2795
2579
8560
12317
12784
11341
9749
8060
5228
1225
-2476
-4558
-5232
-5551
-5873
-5547
-4246
-2945
-3116
-5018
-7183
-7801
-6499
-4537
-3142
-1922
491
4234
7408
7994
6035
3300
1095
-755
-2847
-4887
-5852
-5268
-3762
-2313
-1319
-673
-453
-1061
-2599
-4454
-5698
-5815
-5046
-3939
-2672
-985
1189
3265
4534
4878
4604
3868
2738
1613
948
576
-230
-1661
-2839
-2681
-1165
536
1313
1445
2377
4947
8174
10146
10108
9162
8765
8910
8352
6479
4313
2583
-415
-7043
-15918
-21521
-20020
-13881
-8569
-5628
-1840
4939
11733
13917
11131
7510
6225
6035
4319
1765
1646
4866
8128
7836
4468
1478
414
-1050
-5561
-11874
-15698
-14430
-9690
-4871
-1448
1605
5325
8798
10009
8302
5295
3032
1990
1397
987
1527
3421
5398
5280
2272
-1982
-5255
-7320
-9694
-12945
-15362
-14747
-10782
-5293
-517
2669
4827
6505
7243
6488
4715
2893
1366
43
-798
-713
97
583
-255
-2374
-4627
-5879
-6081
-5812
-5253
-4332
-3285
-2424
-1752
-1293
-1348
-1922
-2495
-2531
-1696
105
2403
4199
4889
4851
4469
3345
1049
-1882
-4148
-4826
-4052
-2721
-1395
380
3255
6829
9647
10617
10136
9542
9523
9318
7904
5725
3863
1309
-4756
-14304
-21867
-21658
-14546
-7122
-3579
-1414
3308
9115
10785
7082
3046
3238
5713
5762
3669
4517
10005
14584
12110
3813
-3347
-5507
-5829
-8730
-13175
-14189
-9587
-2569
2490
4491
5057
5235
4276
1467
-1971
-3493
-1694
2188
5565
7258
8346
9930
10823
8533
2524
-4463
-8909
-9924
-9411
-9171
-8880
-7321
-4755
-2890
-2771
-3662
-4275
-4179
-3384
-1454
2002
6224
9425
10246
8757
5859
2278
-1492
-4784
-6963
-7866
-7530
-5812
-2898
-45
1032
-179
-2404
-4052
-4781
-5138
-5175
-4144
-1669
1343
3478
4316
4584
4702
4005
1923
-710
-2296
-2195
-1275
-750
-876
-868
60
1784
3525
4823
5874
6953
7974
8592
8499
7677
6495
5031
1997
-4451
-13580
-20533
-20268
-13310
-5623
-1709
-105
2673
5791
5237
993
-1497
1364
6207
8016
7706
10156
15491
17123
10183
-1372
-9219
-10638
-10069
-11309
-12261
-9129
-2595
2936
4867
4538
3894
2613
-385
-3862
-4640
-1122
4537
8480
8971
7622
6873
6810
5260
995
-4010
-6474
-5546
-3330
-1774
-734
297
329
-1750
-4963
-7115
-7554
-7477
-7284
-5485
-1101
4252
7803
8607
7774
6156
3502
230
-1893
-1938
-1329
-1788
-2828
-2691
-1291
-691
-2263
-4722
-5887
-5505
-4905
-4594
-3632
-1517
644
1575
1623
2206
3669
4668
3966
2032
387
-174
-214
-649
-1525
-1995
-1358
162
1838
3294
4697
6112
7196
7577
7257
6674
6289
5529
2204
-5505
-15480
-21462
-18929
-10623
-3886
-2196
-2249
-422
1340
-716
-4566
-3870
2856
9602
11474
11439
14674
19160
17287
6652
-5547
-11034
-10002
-8683
-9949
-10659
-7877
-3509
-1197
-1384
-1720
-1017
-461
-955
-982
1641
6589
10663
10936
7794
4401
3175
3272
2151
-874
-3699
-4284
-3214
-2328
-1955
-1178
-271
-649
-2283
-3196
-2344
-1332
-1940
-3183
-2620
124
2949
4250
4632
5110
5128
3734
1742
908
1198
816
-918
-2320
-1843
-433
-132
-1306
-2536
-2943
-3138
-3703
-4095
-3682
-2874
-2401
-2024
-845
1229
3185
4027
3652
2615
1501
640
172
2
-60
107
815
1881
2518
2333
2112
2917
4539
5613
5495
5329
6012
5501
258
-9442
-17438
-17541
-10881
-4723
-3521
-4453
-3477
-2165
-4642
-9301
-9188
-1783
6694
9808
9579
12150
17212
17623
9932
18
-4347
-2972
-1723
-3753
-6562
-7388
-7382
-8868
-11166
-11425
-8626
-4772
-2094
-298
2579
7032
10805
11185
8363
5630
5667
7412
7759
5640
2771
427
-2292
-5939
-8556
-8159
-6038
-4936
-4877
-3404
47
2666
2250
553
650
2734
4653
5444
6111
7005
6766
4655
2103
702
69
-951
-2075
-2086
-1032
-378
-799
-1316
-1274
-1460
-2404
-3060
-2357
-1095
-901
-1756
-2082
-1197
-136
171
172
592
1199
1451
1553
1958
2333
1996
1199
967
1425
1383
190
-919
-320
1786
3584
4020
4093
4963
5269
1852
-5852
-13163
-14106
-8400
-2376
-1472
-4077
-5231
-4615
-6447
-11103
-12223
-5542
3781
7557
5775
5766
10385
13453
9465
2514
659
4566
7260
4272
-1252
-4604
-6058
-8570
-11865
-12545
-9310
-5127
-3439
-3992
-3742
-1016
2622
4615
4689
5153
7803
11277
12475
10320
6754
3699
750
-2801
-5494
-5596
-4348
-4562
-6407
-7093
-5171
-2794
-2290
-2626
-1301
1694
4185
5235
6007
7129
7442
6225
4725
4103
3551
1946
8
-747
-469
-634
-1461
-1619
-832
-731
-2158
-3434
-2747
-1053
-719
-1828
-2097
-513
1157
1209
382
266
837
1083
1118
2023
3774
4879
4458
3397
2692
1803
-102
-2131
-2455
-798
1189
2089
2267
2788
3182
1272
-4019
-9847
-11029
-5839
969
3065
-104
-3611
-4723
-6323
-10514
-12843
-7858
1569
6421
3522
-370
1133
4937
4456
749
1034
7125
12011
9565
2484
-2597
-4064
-5182
-7167
-7299
-4177
-1020
-1740
-5818
-9157
-9025
-6305
-3280
-638
2615
6775
10005
9999
6958
3861
3072
3768
3911
3489
3653
3411
356
-5117
-9048
-8646
-5805
-4069
-3889
-3092
-1181
-178
-919
-1203
929
3989
5388
5278
5479
5911
4861
2416
949
1779
3389
3774
2970
2043
871
-1268
-3632
-4312
-2889
-1188
-741
-1082
-1299
-1651
-2440
-2731
-1631
66
906
958
1622
3395
5057
5383
4751
4376
4520
4249
3012
1538
778
822
1165
1429
1365
864
193
-848
-3567
-8192
-11322
-8574
-986
4480
3045
-2040
-4630
-4585
-6456
-10053
-8922
-820
6299
4441
-2719
-5254
-1431
1347
-399
-812
4910
11699
11421
4486
-1249
-1581
-152
-925
-2139
-742
1312
-482
-6346
-11527
-12147
-8987
-5346
-3038
-1288
1006
3085
3186
1466
533
2392
5757
7687
7290
6183
5241
3125
-718
-3762
-3264
-490
766
-761
-2754
-3306
-3300
-3819
-3735
-1670
1019
1651
137
-954
-198
1011
1305
1578
3150
5217
5839
4634
3114
2403
2042
1457
1055
1207
1114
-71
-1874
-3203
-3753
-3836
-3399
-2281
-1030
-571
-970
-1163
-198
1652
3415
4489
4697
3992
2866
2458
3327
4555
4848
4297
4066
4396
3935
1817
-526
-1376
-1996
-5004
-9025
-8897
-3144
2184
821
-5118
-8268
-6470
-4789
-6023
-5615
103
5752
3608
-4145
-7754
-3789
1002
1135
339
4045
9457
9313
3206
-1346
440
4535
5266
3289
2467
2468
-384
-6285
-10732
-10259
-6615
-4119
-4562
-5855
-5483
-3679
-2238
-1337
601
3891
6373
5862
3268
1755
2704
3993
3403
2215
2688
3736
2284
-1474
-3771
-2558
-157
315
-906
-1592
-1406
-2233
-4342
-5127
-2917
228
1314
522
213
1244
2268
2261
2037
2768
4044
4408
3558
2704
2605
2474
1469
-71
-1441
-2360
-2658
-2286
-1774
-1749
-2076
-2139
-1715
-1129
-589
209
1513
2740
2943
2380
2597
4135
5519
5357
4324
4074
4997
5965
5708
4320
2909
1610
-1163
-5820
-9016
-6968
-1190
1968
-969
-6380
-8436
-6786
-5836
-6882
-5843
-697
3120
63
-6427
-7975
-3152
1375
1486
875
3767
7435
6546
1774
-616
2281
6440
7279
5446
3823
2191
-1376
-6047
-8426
-7080
-4299
-3305
-4850
-6990
-7638
-6542
-4804
-2938
-584
2081
3448
2312
25
-415
1918
4419
4519
3020
2448
2864
2228
293
-554
908
2464
1654
-778
-2231
-2163
-2141
-2636
-2272
-585
549
-296
-1855
-1991
-543
988
1836
2483
3082
2866
1567
367
571
1927
3098
3310
2706
1421
-461
-2108
-2317
-1015
426
799
303
-153
-296
-436
-494
161
1605
2752
2710
2075
2343
3801
5200
5456
4955
4874
5483
5962
5325
3854
2540
1340
-1076
-4785
-6816
-4605
-149
1235
-2335
-6934
-8043
-6364
-5846
-6779
-5630
-1684
99
-3453
-7869
-6848
-1413
1911
1043
435
3211
5948
4487
885
643
4401
7140
5856
3187
2199
1505
-1271
-4742
-5584
-3642
-2117
-3123
-5388
-6462
-5848
-4750
-3891
-2797
-1270
-127
-164
-1084
-1640
-792
1205
2707
2481
1307
885
1419
1634
1205
1265
2334
3036
1904
-332
-1549
-991
23
377
510
856
579
-852
-2143
-1702
69
1324
1206
522
145
-149
-757
-1095
-310
1214
2079
1665
745
233
152
167
336
916
1664
1968
1563
873
458
413
673
1278
2112
2442
1829
1060
1415
2973
4361
4611
4157
3964
3970
3582
2885
2553
2650
2183
420
-2209
-3958
-3274
-570
1305
-248
-4109
-6458
-5443
-3757
-4240
-5408
-3963
-977
-1243
-5471
-8002
-4635
784
2001
-585
-1291
1504
3118
741
-1620
698
5491
6935
3966
1002
852
1485
644
-485
44
1244
704
-1701
-3709
-3826
-2836
-2114
-1970
-2005
-2134
-2531
-3101
-3434
-3147
-2225
-1288
-1066
-1387
-1308
-552
-21
-222
-307
623
1930
2250
1500
981
1460
2094
1900
1291
1287
1730
1587
670
-103
-134
110
-17
-505
-871
-927
-970
-1226
-1431
-1240
-917
-942
-1223
-1158
-538
163
477
467
539
771
889
817
973
1657
2437
2627
2163
1685
1808
2569
3360
3425
2614
1754
1891
2962
3807
3508
2620
2386
2939
3083
2134
1252
1770
2774
1644
-2062
-4945
-3558
627
2351
-613
-4547
-5019
-3136
-3158
-5333
-5311
-1473
1349
-1321
-6462
-7337
-3001
809
379
-1251
-115
2246
1751
-1244
-2130
1063
4906
5552
3494
1696
1178
790
156
377
1820
3040
2414
114
-2113
-2836
-2109
-1021
-538
-847
-1632
-2654
-3766
-4498
-4132
-2710
-1492
-1561
-2378
-2500
-1700
-1064
-1016
-609
704
1836
1643
779
837
1898
2439
1818
1345
2032
2703
1784
-67
-764
96
749
-12
-1176
-1315
-797
-1046
-2131
-2492
-1426
-348
-813
-2217
-2601
-1366
91
411
-50
-144
293
430
83
268
1559
2863
2733
1513
953
1894
3294
3842
3534
3068
2584
1878
1514
2355
3954
4521
3132
1173
643
1650
2578
2514
2197
2205
1516
-842
-3335
-3061
231
2808
1282
-2914
-5316
-4296
-2872
-3705
-5019
-3661
-694
-578
-4491
-7827
-6176
-1411
989
-479
-1906
-325
1947
1232
-1459
-1522
2557
6708
6552
3011
621
1482
3220
3146
2035
2298
3778
3604
404
-3223
-3759
-1293
679
-233
-2644
-3903
-3761
-3977
-5039
-5197
-3329
-1144
-1179
-3300
-4787
-3806
-1548
-230
-212
-187
385
513
-349
-974
113
2369
3629
2786
1030
157
470
1000
1218
1486
1860
1535
67
-1564
-1901
-880
85
-96
-1049
-1823
-2232
-2624
-2807
-2154
-872
-238
-1013
-2238
-2353
-1176
-21
152
-72
289
1056
1260
734
539
1473
2813
3221
2536
2000
2636
3869
4288
3517
2765
3321
4853
5650
4720
3085
2575
3558
4510
4090
2936
2588
3011
2406
1
-2147
-1483
1340
2630
200
-3722
-5289
-3908
-2523
-3110
-4119
-3338
-1786
-2462
-5544
-7370
-5124
-817
1134
-457
-2495
-2162
-405
229
-275
487
3314
5665
4940
2107
549
1784
3877
4410
3520
2972
3161
2605
512
-1564
-1618
-15
838
-462
-2735
-4022
-4080
-4110
-4562
-4491
-3364
-2347
-2900
-4575
-5358
-4262
-2482
-1646
-1698
-1444
-632
-279
-814
-1096
-6
1713
2285
1336
362
594
1403
1510
988
978
1685
1883
788
-589
-768
136
622
-58
-1034
-1321
-1258
-1722
-2518
-2579
-1695
-1049
-1625
-2791
-3157
-2434
-1604
-1377
-1328
-842
-250
-270
-667
-355
1057
2532
2898
2319
1991
2519
3307
3697
3919
4520
5218
5120
4089
3229
3614
4866
5556
4914
3633
2848
2785
2835
2663
2616
2857
2734
1537
-342
-1483
-1039
171
553
-490
-2039
-2935
-3034
-2989
-3083
-2988
-2578
-2416
-3046
-4013
-4219
-3235
-1858
-1159
-1269
-1416
-1050
-449
-118
34
560
1598
2537
2710
2214
1774
1887
2316
2541
2395
2100
1771
1205
299
-583
-937
-767
-707
-1335
-2488
-3472
-3825
-3720
-3593
-3608
-3624
-3584
-3648
-3876
-4003
-3725
-3087
-2478
-2183
-2076
-1881
-1530
-1196
-943
-610
-100
410
600
429
193
176
416
724
930
1011
945
704
364
111
103
257
326
172
-132
-436
-651
-802
-899
-911
-875
-859
-915
-1001
-1019
-951
-811
-631
-406
-143
116
350
563
821
1149
1551
2004
2464
2891
3203
3412
3534
3660
3886
4210
4550
4749
4703
4449
4139
3953
3951
4037
3998
3678
3095
2445
1968
1778
1787
1705
1299
524
-363
-945
-1041
-806
-639
-886
-1559
-2368
-2945
-3061
-2768
-2386
-2264
-2555
-3090
-3470
-3415
-2902
-2206
-1664
-1440
-1480
-1565
-1465
-1103
-556
36
551
950
1214
1361
1406
1399
1405
1483
1636
1751
1657
1251
608
-43
-484
-651
-660
-737
-1063
-1651
-2318
-2800
-2919
-2717
-2422
-2260
-2315
-2495
-2642
-2626
-2440
-2139
-1815
-1534
-1321
-1190
-1109
-1021
-876
-677
-444
-235
-108
-80
-158
-235
-204
-53
142
249
216
84
-52
-100
-30
109
197
145
-27
-190
-243
-182
-60
48
102
89
42
30
103
268
466
636
740
769
779
839
987
1202
1442
1662
1859
2018
2112
2160
2199
2259
2315
2347
2383
2477
2619
2718
2679
2497
2267
2090
2003
1960
1894
1781
1642
1525
1450
1374
1250
1024
694
336
77
27
160
287
178
-225
-774
-1217
-1389
-1304
-1112
-1023
-1170
-1556
-2024
-2358
-2435
-2289
-2091
-1994
-2067
-2268
-2466
-2529
-2392
-2094
-1719
-1341
-996
-714
-530
-448
-424
-349
-163
119
407
576
554
345
60
-146
-182
-75
45
67
-55
-288
-549
-765
-891
-945
-967
-969
-955
-948
-1003
-1162
-1405
-1642
-1755
-1687
-1486
-1283
-1194
-1256
-1397
-1515
-1527
-1384
-1090
-713
-369
-151
-63
-45
-11
87
281
579
919
1225
1414
1464
1408
1316
1294
1390
1564
1723
1772
1712
1602
1486
1378
1309
1284
1269
1221
1094
900
710
573
499
464
433
385
325
269
232
226
246
277
281
244
199
212
341
552
750
867
884
862
867
929
1060
1256
1476
1676
1813
1852
1784
1650
1508
1410
1376
1383
1387
1337
1160
844
457
94
-163
-310
-401
-492
-650
-922
-1294
-1686
-2011
-2199
-2256
-2245
-2240
-2299
-2432
-2572
-2616
-2498
-2222
-1872
-1524
-1230
-1007
-853
-746
-637
-461
-178
169
490
709
789
743
641
572
603
725
859
913
845
655
377
88
-155
-318
-421
-491
-554
-656
-837
-1118
-1443
-1697
-1808
-1772
-1655
-1545
-1493
-1513
-1553
-1549
-1447
-1224
-905
-554
-233
8
194
368
559
762
995
1266
1550
1787
1918
1950
1938
1934
1946
1971
1978
1925
1780
1570
1349
1145
944
723
476
209
-64
-335
-580
-781
-935
-1045
-1126
-1183
-1223
-1236
-1210
-1133
-1020
-892
-746
-580
-421
-277
-160
-39
103
263
411
548
677
807
937
1035
1104
1139
1167
1200
1226
1233
1208
1174
1137
1091
1011
906
788
682
565
428
288
153
34
-98
-257
-433
-583
-714
-826
-929
-1021
-1071
-1078
-1085
-1105
-1126
-1149
-1121
-1050
-948
-836
-734
-667
-635
-603
-540
-435
-321
-229
-167
-111
-66
-32
-17
-18
-10
-2
-10
-39
-76
-121
-169
-227
-280
-313
-325
-341
-374
-400
-408
-381
-328
-257
-172
-85
-16
46
112
201
319
443
557
660
728
762
772
772
778
794
798
801
803
781
716
614
499
401
346
306
269
223
171
104
26
-50
-114
-161
-201
-235
-258
-282
-316
-373
-422
-438
-405
-350
-297
-267
-250
-226
-194
-155
-96
-38
19
43
41
34
26
22
21
37
59
82
81
59
23
-12
-40
-50
-36
-12
9
-1
-28
-53
-53
-47
-28
-6
19
52
72
81
86
95
102
128
143
160
179
186
184
180
180
186
183
147
113
84
78
73
57
6
-56
-110
-160
-193
-226
-257
-287
-309
-332
-342
-351
-355
-360
-364
-347
-302
-247
-206
-176
-143
-86
-21
44
101
154
220
286
352
413
470
522
544
540
525
519
524
513
476
421
365
301
225
127
21
-63
-138
-199
-265
-331
-400
-480
-556
-610
-626
-624
-623
-615
-611
-589
-562
-525
-471
-408
-343
-279
-232
-180
-123
-56
9
71
145
217
283
333
377
426
484
541
588
619
626
619
600
579
541
500
453
402
342
257
162
69
-11
-84
-149
-214
-275
-331
-372
-409
-437
-442
-426
-394
-365
-320
-266
-208
-144
-85
-22
46
110
160
202
240
272
296
308
297
284
258
223
178
139
102
57
0
-59
-112
-160
-202
-243
-274
-298
-309
-322
-338
-344
-337
-325
-315
-304
-281
-247
-212
-183
-155
-118
-77
-30
23
73
121
169
213
260
310
357
404
438
461
486
504
504
490
467
448
423
385
325
245
160
77
-4
-88
-171
-259
-344
-436
-529
-613
-678
-723
-760
-786
-800
-798
-776
-754
-730
-685
-613
-520
-421
-318
-223
-137
-56
20
107
211
308
391
446
477
504
517
526
534
547
553
536
498
443
385
327
275
239
214
184
137
75
14
-27
-46
-52
-48
-40
-37
-37
-45
-47
-32
-18
12
54
93
130
148
137
118
112
129
168
203
217
198
157
103
71
72
92
105
89
49
-7
-60
-94
-110
-124
-136
-146
-171
-195
-231
-273
-304
-316
-297
-271
-253
-263
-290
-304
-291
-245
-187
-142
-117
-106
-76
-21
48
106
130
148
179
237
308
357
358
333
303
295
313
332
316
260
192
128
87
50
-1
-69
-143
-191
-213
-227
-251
-297
-347
-376
-366
-325
-274
-245
-240
-245
-240
-210
-157
-106
-67
-37
-25
-9
10
15
24
37
46
59
76
77
74
67
59
61
66
68
83
101
113
128
121
106
101
94
114
147
169
175
158
123
90
79
90
114
127
108
75
34
-1
-9
-9
13
34
28
-5
-48
-76
-67
-44
-37
-28
-28
-42
-62
-87
-97
-80
-59
-44
-44
-63
-76
-88
-102
-104
-79
-42
-21
-47
-88
-101
-84
-54
-30
-23
-22
-26
-21
-6
8
15
23
31
54
86
108
111
84
59
65
104
153
180
147
89
44
37
78
104
85
40
-4
-31
-34
-30
-46
-79
-128
-175
-177
-158
-137
-141
-180
-216
-216
-192
-157
-124
-105
-81
-57
-51
-57
-60
-45
-6
45
85
100
78
34
-10
-8
47
109
146
129
80
43
31
53
93
122
140
151
145
130
112
93
94
110
131
163
171
134
80
32
18
50
81
80
56
10
-30
-42
-47
-45
-33
-36
-42
-44
-45
-45
-51
-70
-69
-43
-17
2
-8
-35
-54
-61
-57
-43
-38
-52
-67
-83
-95
-95
-108
-125
-134
-139
-128
-108
-100
-114
-127
-131
-117
-74
-33
-7
1
-7
2
27
54
81
105
115
123
130
122
128
132
124
126
120
118
130
112
76
54
39
38
48
39
20
4
-28
-65
-82
-92
-88
-87
-109
-127
-140
-151
-159
-176
-185
-158
-125
-100
-91
-100
-111
-118
-114
-73
-2
52
60
30
2
15
58
108
149
179
189
175
160
151
167
199
214
218
224
224
209
159
110
97
123
152
138
88
38
0
-31
-46
-49
-37
-36
-63
-97
-119
-123
-124
-132
-133
-107
-74
-53
-65
-97
-102
-85
-50
-14
5
16
6
-13
-23
-14
8
21
24
14
7
-1
-13
-29
-42
-47
-47
-41
-39
-54
-72
-91
-91
-77
-67
-60
-53
-46
-46
-50
-41
-23
-5
6
9
17
24
33
31
24
32
40
47
33
14
7
8
14
6
-8
-12
-13
-22
-27
-24
-11
0
-9
-25
-20
-7
3
-3
-11
0
15
12
-10
-28
-35
-25
-18
-27
-36
-42
-57
-73
-80
-72
-51
-38
-36
-37
-30
-21
-15
-3
26
64
99
114
111
110
119
146
174
197
208
210
201
186
178
177
183
184
174
158
137
109
78
49
31
21
15
-3
-37
-74
-106
-121
-132
-138
-147
-157
-166
-170
-180
-193
-192
-182
-163
-146
-131
-119
-114
-111
-111
-94
-63
-31
-8
-7
-9
2
15
26
33
47
63
73
67
55
54
55
53
55
57
62
58
40
22
14
24
32
30
23
15
13
11
3
3
14
25
25
24
20
18
22
17
18
28
34
35
21
6
3
10
11
2
-5
-7
-12
-20
-30
-31
-29
-31
-38
-49
-59
-62
-64
-69
-71
-63
-56
-61
-69
-71
-72
-63
-48
-46
-43
-38
-32
-17
-7
-1
3
19
37
46
48
52
63
75
79
81
91
98
95
83
75
77
86
86
71
51
44
45
38
25
15
16
14
1
-17
-20
-21
-22
-35
-49
-49
-44
-43
-56
-65
-64
-54
-49
-61
-65
-55
-44
-45
-55
-57
-43
-30
-32
-36
-27
-13
-8
-11
-13
-2
15
18
12
10
19
31
33
25
22
32
40
40
31
29
31
37
34
27
28
33
33
22
17
19
24
23
13
5
9
14
11
5
0
-1
-1
-2
-5
-9
-5
-2
-8
-17
-21
-14
-13
-16
-22
-18
-15
-16
-21
-20
-17
-13
-14
-23
-21
-13
-5
-7
-16
-16
-11
-7
-2
-6
-4
-1
1
2
0
4
16
15
11
8
12
18
14
11
8
14
17
16
13
11
9
9
6
3
5
8
9
0
-2
0
1
0
-2
-2
3
1
-3
-4
-1
3
0
-4
-11
-7
3
2
-3
-4
-3
-4
-6
-8
-6
-5
-6
-13
-9
-5
-2
-5
-8
-11
-8
-4
-6
-8
-9
-9
-7
-9
-11
-10
-9
-11
-15
-16
-14
-13
-10
-11
-14
-12
-11
-12
-8
-1
0
-1
2
3
7
13
13
12
12
17
21
21
25
22
23
28
23
25
25
25
22
16
18
15
13
10
7
3
2
-3
