4
4
4
2
2
2
1
1
1
3
3
3
3
2
1
2
3
3
4
5
5
6
5
7
6
6
7
9
10
11
11
9
8
9
11
12
12
11
11
10
11
11
10
9
9
12
12
9
6
4
5
9
10
8
3
1
1
4
6
6
1
0
0
1
3
2
-1
-2
0
2
5
2
-2
-4
-6
-4
-2
1
-2
-4
-5
-7
-8
-9
-12
-14
-15
-12
-9
-10
-15
-19
-21
-21
-22
-23
-24
-23
-22
-19
-20
-25
-30
-29
-26
-23
-24
-26
-29
-28
-25
-20
-20
-22
-24
-23
-17
-14
-13
-11
-12
-9
-3
3
9
10
9
10
17
23
31
36
38
36
36
37
41
44
44
45
49
51
46
38
35
38
45
49
47
41
35
35
40
44
41
29
32
42
53
56
47
44
51
60
68
67
60
50
47
52
61
57
41
22
9
1
-1
4
7
3
-11
-22
-21
-13
-5
0
-1
-9
-18
-22
-19
-16
-9
4
6
-1
-11
-13
-3
13
24
25
16
4
11
37
54
33
-2
-12
5
31
45
34
1
-35
-45
-19
15
23
9
-13
-31
-47
-53
-42
-17
-6
-18
-35
-41
-21
15
58
88
91
87
100
137
179
195
187
174
165
160
149
139
134
130
120
104
85
63
46
36
36
37
24
-12
-48
-66
-72
-80
-95
-105
-109
-120
-127
-123
-113
-110
-127
-148
-170
-190
-206
-212
-207
-204
-213
-233
-251
-261
-266
-272
-281
-283
-283
-281
-273
-254
-231
-213
-200
-187
-169
-146
-127
-110
-86
-56
-32
-15
1
17
28
25
21
22
20
5
-14
-21
-13
-8
-8
-7
-5
-15
-39
-65
-80
-97
-123
-149
-165
-165
-163
-152
-124
-85
-52
-30
-7
28
71
117
169
234
301
366
434
519
614
700
766
811
847
876
900
918
936
946
944
932
935
956
981
995
990
976
953
922
891
862
823
757
672
588
519
448
364
272
175
64
-60
-177
-276
-371
-493
-636
-780
-919
-1067
-1219
-1364
-1505
-1660
-1823
-1962
-2065
-2144
-2224
-2298
-2354
-2403
-2439
-2442
-2405
-2342
-2273
-2190
-2070
-1917
-1748
-1575
-1391
-1208
-1044
-892
-729
-545
-357
-185
-16
162
343
513
676
836
976
1080
1158
1234
1321
1398
1457
1501
1537
1577
1617
1655
1691
1722
1744
1761
1800
1884
2005
2133
2239
2345
2471
2617
2756
2879
2972
3018
3008
2988
3017
3082
3097
2999
2818
2596
2321
1984
1627
1263
815
207
-466
-1025
-1426
-1776
-2161
-2529
-2864
-3230
-3627
-3912
-3967
-3915
-3940
-4019
-3991
-3795
-3499
-3120
-2594
-1991
-1483
-1116
-734
-229
293
716
1075
1389
1578
1590
1586
1660
1665
1392
894
327
-307
-1131
-2023
-2781
-3404
-4103
-4892
-5495
-5788
-5968
-6167
-6275
-6174
-6036
-6020
-5943
-5539
-4850
-4118
-3352
-2378
-1242
-153
827
1875
3035
4052
4791
5402
6031
6604
7015
7381
7808
8142
8178
7955
7682
7358
6829
6154
5549
5052
4479
3802
3238
2894
2594
2207
1903
1856
1864
1638
1223
921
830
730
546
424
391
123
-561
-1311
-1624
-1510
-1417
-1623
-1916
-2115
-2317
-2623
-2746
-2487
-2146
-2275
-2855
-3335
-3340
-3111
-2892
-2601
-2142
-1781
-1719
-1701
-1313
-635
-100
150
273
330
251
185
383
789
989
873
633
402
24
-470
-892
-1266
-2055
-3324
-4606
-5437
-6051
-6722
-7359
-7658
-7820
-8121
-8330
-7942
-7097
-6351
-5952
-5448
-4615
-3657
-2781
-1734
-410
835
1697
2437
3446
4642
5656
6430
7180
7844
8239
8436
8798
9300
9567
9404
9061
8686
8155
7347
6549
5910
5260
4328
3333
2599
2112
1573
1007
662
630
628
510
374
352
311
167
28
37
31
-247
-884
-1620
-2168
-2370
-2317
-2196
-2200
-2380
-2709
-3008
-3098
-2883
-2548
-2417
-2693
-3177
-3537
-3541
-3240
-2739
-2218
-1838
-1681
-1515
-1110
-416
325
930
1268
1329
1148
963
973
1191
1321
1243
948
564
157
-105
-236
-389
-874
-1720
-2789
-3853
-4872
-5641
-6154
-6606
-7286
-8069
-8485
-8272
-7701
-7088
-6459
-5746
-5059
-4404
-3510
-2204
-775
339
1072
1790
2672
3696
4714
5662
6423
6952
7327
7795
8349
8891
9256
9475
9445
9171
8712
8304
7902
7349
6466
5486
4574
3745
2903
2109
1454
909
347
-177
-436
-383
-239
-247
-339
-408
-358
-310
-205
-103
-179
-767
-1789
-2732
-3107
-3001
-2874
-2985
-3186
-3367
-3548
-3652
-3437
-2898
-2603
-2942
-3668
-4103
-4051
-3742
-3404
-3008
-2643
-2452
-2346
-1851
-893
116
756
1107
1260
1198
943
891
1158
1334
975
370
1
-44
-134
-241
-242
-261
-780
-1686
-2492
-2938
-3419
-4135
-4905
-5493
-6124
-6803
-7157
-6878
-6311
-5876
-5504
-4830
-3900
-2988
-2034
-799
558
1543
2153
2807
3747
4675
5345
5825
6241
6531
6743
7066
7593
8053
8232
8260
8296
8232
7926
7488
7072
6525
5647
4609
3734
3029
2224
1335
606
135
-293
-710
-921
-761
-508
-387
-369
-215
-50
59
112
356
495
146
-896
-2044
-2814
-3008
-3078
-3197
-3473
-3767
-4131
-4374
-4293
-3776
-3285
-3330
-3930
-4538
-4691
-4456
-4050
-3662
-3346
-3248
-3147
-2699
-1636
-395
639
1285
1739
1882
1810
1817
2236
2592
2317
1468
818
730
828
808
777
820
483
-311
-1142
-1437
-1595
-2056
-3047
-4068
-5093
-5967
-6598
-6588
-6353
-6199
-6264
-5884
-5078
-3970
-2923
-1638
-365
631
1189
1895
2966
4061
4671
4926
5197
5580
6004
6498
7175
7747
7975
7915
7989
8134
8123
7748
7219
6532
5649
4653
3859
3240
2456
1433
460
-168
-647
-1107
-1488
-1596
-1612
-1657
-1674
-1440
-1099
-914
-891
-749
-407
-196
-420
-1136
-1996
-2707
-3002
-3068
-3106
-3390
-3720
-4042
-4139
-4068
-3599
-3088
-2827
-3160
-3557
-3675
-3395
-3150
-3014
-2938
-2829
-2666
-2237
-1359
-266
704
1401
1983
2358
2548
2688
3070
3321
2982
2114
1476
1340
1333
1104
887
849
674
96
-514
-699
-745
-1187
-2221
-3370
-4505
-5468
-6265
-6567
-6680
-6782
-6923
-6591
-5771
-4660
-3473
-2107
-744
276
927
1683
2745
3649
4078
4162
4434
4841
5325
5819
6519
7132
7446
7515
7693
7961
8013
7720
7212
6578
5737
4807
3990
3292
2400
1372
470
-55
-516
-916
-1271
-1299
-1361
-1372
-1339
-982
-695
-603
-692
-535
-198
81
-47
-659
-1632
-2532
-2870
-2794
-2767
-3275
-3827
-4260
-4388
-4493
-4146
-3505
-3038
-3337
-3859
-3900
-3389
-3010
-2975
-3008
-2914
-2828
-2609
-1879
-762
261
902
1516
2088
2551
2905
3541
4116
3975
3066
2252
2095
2072
1696
1159
951
708
116
-584
-745
-695
-1177
-2393
-3765
-4846
-5761
-6538
-7169
-7563
-8039
-8272
-8022
-7023
-5826
-4560
-3318
-1946
-770
262
1350
2545
3437
3701
3774
4055
4682
5201
5682
6161
6736
7158
7514
7943
8437
8708
8506
8011
7350
6710
5941
5109
4059
2935
1809
984
374
-56
-434
-598
-648
-595
-476
-140
289
486
435
266
353
482
521
180
-620
-1709
-2611
-2813
-2652
-2702
-3230
-3812
-4076
-4246
-4321
-4097
-3550
-3383
-3932
-4513
-4438
-3884
-3538
-3530
-3449
-3337
-3172
-2873
-1939
-780
108
671
1324
2077
2550
2994
3735
4380
4140
3170
2552
2589
2583
1964
1266
938
580
-154
-824
-928
-1044
-1832
-3216
-4427
-5346
-6194
-6994
-7606
-8094
-8676
-8953
-8379
-7213
-5938
-4975
-3762
-2479
-1160
-4
1273
2514
3209
3435
3578
4122
4751
5285
5691
6132
6557
6982
7499
8121
8614
8758
8574
8147
7696
7078
6457
5568
4564
3367
2331
1643
1101
714
345
259
357
432
755
1002
1319
1203
949
834
693
650
2
-959
-2269
-3267
-3604
-3754
-3860
-4453
-4871
-5154
-5191
-5058
-4622
-3981
-3853
-4251
-4663
-4436
-3937
-3559
-3428
-3315
-3203
-3003
-2497
-1399
-259
695
1357
2196
2946
3362
3933
4610
5111
4518
3420
2813
2613
2341
1379
631
108
-500
-1290
-1860
-1914
-2213
-3168
-4383
-5426
-6301
-7171
-7989
-8414
-9043
-9566
-9605
-8670
-7182
-6070
-4888
-3574
-1887
-373
1019
2528
3643
4216
4350
4713
5373
5820
6167
6435
6818
7103
7444
8165
8894
9357
9319
9103
8896
8432
7814
6916
6011
4816
3410
2270
1476
969
318
-119
-183
30
226
523
938
1258
1272
1023
1078
953
731
-390
-1694
-3015
-3876
-4221
-4591
-4926
-5500
-5821
-5773
-5531
-4875
-4127
-3491
-3430
-3900
-3981
-3766
-3283
-3244
-3376
-3451
-3463
-3112
-2437
-1214
-104
827
1647
2509
3257
3806
4449
5012
4966
4052
2989
2482
2197
1467
380
-524
-1148
-1909
-2623
-2960
-3094
-3590
-4614
-5567
-6281
-6956
-7697
-8325
-8815
-9395
-9825
-9369
-8201
-6821
-5868
-4641
-2892
-924
863
2444
4029
5095
5563
5875
6507
7213
7446
7434
7482
7760
7981
8401
9080
9659
9866
9617
9548
9372
8986
8198
7141
6141
4680
3294
2075
1238
578
-460
-888
-1126
-829
-725
-575
-118
32
173
-14
81
84
-641
-1860
-3387
-4290
-4910
-5394
-5815
-6368
-6649
-6785
-6372
-5598
-4594
-3679
-3275
-3194
-3211
-2906
-2473
-2238
-2317
-2684
-2897
-2897
-2333
-1461
-526
303
1035
1985
2793
3608
4378
5106
5364
4784
3947
3342
3069
2460
1398
250
-718
-1665
-2501
-2986
-3180
-3561
-4390
-5234
-5905
-6412
-6906
-7429
-7821
-8636
-9282
-9443
-8682
-7541
-6723
-5632
-4279
-2293
-426
1385
3250
4608
5565
5870
6431
7033
7346
7381
7069
7062
7036
7377
7917
8445
8821
8834
8966
9000
8901
8515
7818
6973
5698
4391
3149
2227
1314
358
-455
-826
-818
-694
-419
-73
339
456
516
674
785
470
-728
-2203
-3607
-4541
-5154
-5884
-6519
-7347
-7628
-7525
-6857
-5804
-4787
-3874
-3613
-3390
-2975
-2317
-1769
-1841
-2123
-2637
-2864
-2724
-2133
-1289
-720
-76
621
1662
2663
3667
4708
5327
5253
4505
4005
3867
3517
2558
1169
-30
-1166
-2198
-2936
-3255
-3579
-4357
-5307
-5910
-6203
-6413
-6681
-6973
-7517
-8324
-8707
-8269
-7318
-6510
-5949
-4872
-3316
-1426
363
2220
3975
5091
5798
6329
7171
7714
7780
7549
7215
7118
7070
7427
7882
8110
8155
8073
8379
8501
8414
8017
7293
6458
5114
4002
2990
2090
1111
-33
-610
-870
-884
-641
-425
253
397
652
862
1160
1244
187
-1112
-2670
-3800
-4600
-5702
-6426
-7623
-8183
-8441
-8125
-7061
-6228
-5047
-4628
-4060
-3417
-2707
-1841
-1812
-1847
-2411
-2740
-2777
-2601
-1949
-1666
-1036
-480
512
1634
2726
4061
4854
5311
4942
4690
4664
4361
3683
2258
1103
-175
-1276
-2194
-2809
-3119
-3946
-4778
-5494
-5692
-5698
-5886
-5991
-6517
-7040
-7540
-7319
-6626
-6067
-5633
-5149
-3956
-2428
-760
948
2536
3870
4690
5575
6593
7473
7786
7568
7352
7171
7123
7224
7441
7579
7427
7320
7518
7877
8088
7891
7447
6747
5814
4810
3935
3028
1963
732
-171
-645
-857
-868
-678
-264
139
323
737
1105
1487
875
-281
-1699
-2963
-3835
-5056
-6066
-7355
-8410
-8917
-9092
-8191
-7353
-6168
-5411
-4826
-3839
-3008
-1815
-1454
-1391
-1837
-2410
-2594
-2756
-2412
-2332
-2028
-1589
-907
270
1392
2936
4048
4829
4954
4871
5108
5031
4642
3426
2146
860
-383
-1365
-2228
-2717
-3532
-4343
-5066
-5377
-5330
-5360
-5284
-5630
-5997
-6331
-6205
-5560
-5140
-4710
-4443
-3578
-2334
-967
565
1923
3245
4122
4996
6087
7046
7657
7640
7523
7405
7330
7414
7418
7380
7076
6812
6815
6953
7059
6900
6518
5975
5192
4408
3693
3020
2121
1015
99
-444
-683
-839
-780
-629
-328
-205
104
474
844
669
-265
-1450
-2658
-3528
-4411
-5532
-6607
-8008
-8684
-9130
-8717
-7931
-7194
-6231
-5811
-4838
-3833
-2599
-1582
-1395
-1290
-1705
-1729
-1687
-1510
-1219
-1304
-955
-694
223
1204
2402
3572
4222
4683
4660
5042
5267
5181
4483
3231
2185
914
13
-966
-1741
-2653
-3843
-4674
-5443
-5559
-5828
-5908
-6148
-6600
-6689
-6685
-5901
-5311
-4745
-4266
-3631
-2303
-1081
397
1591
2733
3694
4377
5389
6204
6946
7155
7205
7279
7306
7541
7656
7761
7566
7344
7264
7261
7223
6911
6475
5864
5149
4327
3564
2916
2117
1228
314
-189
-465
-594
-551
-465
-202
-137
45
331
549
553
-246
-1286
-2523
-3530
-4300
-5372
-6305
-7683
-8639
-9164
-9209
-8505
-8021
-7161
-6713
-6035
-4898
-3787
-2449
-2050
-1749
-1831
-1871
-1568
-1443
-941
-947
-703
-470
148
1264
2298
3600
4259
4857
5036
5334
5870
5841
5516
4285
3208
2031
958
137
-923
-1814
-3199
-4323
-5121
-5517
-5579
-5924
-6258
-6803
-7097
-6988
-6447
-5736
-5295
-4983
-4431
-3347
-1952
-493
733
1779
2625
3483
4539
5590
6456
6800
6895
6996
7266
7687
8015
8204
8113
7938
7824
7942
7965
7753
7208
6444
5664
4794
4129
3388
2534
1577
541
29
-349
-334
-315
-289
-92
-116
142
336
577
491
-480
-1625
-2972
-3843
-4651
-5797
-6926
-8354
-9226
-9719
-9682
-8969
-8398
-7620
-7187
-6368
-5046
-3823
-2532
-2065
-1683
-1643
-1637
-1234
-1033
-499
-496
-302
-7
520
1587
2512
3812
4432
4804
4953
5196
5832
5668
5262
4056
2947
1771
534
-279
-1334
-2299
-3798
-5072
-5845
-6192
-6164
-6425
-6656
-7160
-7279
-6970
-6099
-5196
-4672
-4179
-3594
-2303
-929
567
1768
2625
3432
4007
5061
5986
6749
6984
6897
7083
7255
7756
8074
8322
8239
7949
7915
7927
8012
7632
6993
6094
5085
4244
3397
2716
1755
817
-53
-526
-614
-574
-369
-247
-21
85
301
602
701
305
-963
-2243
-3403
-4175
-5163
-6412
-7599
-8784
-9295
-9616
-9185
-8464
-7799
-7102
-6650
-5428
-4256
-2997
-2158
-1858
-1555
-1692
-1377
-1170
-868
-653
-687
-282
29
806
1629
2688
3687
4114
4402
4535
5042
5219
4882
4125
3054
2038
759
-220
-1185
-2069
-3262
-4557
-5389
-5962
-5978
-6106
-6079
-6265
-6539
-6229
-5766
-4654
-4059
-3549
-2910
-2100
-616
398
1734
2707
3478
4261
4743
5859
6448
6917
6984
6898
7160
7119
7552
7627
7653
7435
7156
7364
7230
7200
6659
6036
5270
4249
3603
2664
2034
1076
207
-354
-812
-705
-713
-369
-124
123
570
820
1289
1049
280
-987
-2170
-2891
-3985
-5137
-6592
-7915
-8751
-9356
-9191
-8744
-8031
-7401
-6991
-5975
-4756
-3391
-2344
-1931
-1620
-1664
-1460
-1227
-1037
-852
-969
-754
-463
171
955
1871
2926
3504
3940
4085
4590
4944
4693
4093
2927
2009
719
-410
-1410
-2581
-3587
-5044
-5881
-6400
-6579
-6416
-6487
-6223
-6267
-5899
-5138
-4180
-3129
-2665
-1996
-1147
57
1233
2092
3060
3724
4392
4984
5738
6506
6821
7008
6959
7063
7144
7241
7379
7169
6862
6490
6462
6427
6052
5610
4944
4384
3575
2863
2228
1532
970
202
-207
-466
-558
-386
-282
166
396
864
1290
1552
1603
780
-215
-1342
-2081
-2906
-4248
-5458
-6961
-7838
-8479
-8609
-8115
-7776
-7079
-6789
-5948
-4716
-3581
-2377
-2039
-1673
-1688
-1615
-1269
-1230
-971
-1211
-1104
-843
-373
484
1161
2197
2744
3211
3529
3869
4394
4150
3721
2699
1680
711
-530
-1413
-2644
-3708
-4890
-5862
-6195
-6429
-6235
-6127
-5965
-5602
-5187
-4336
-3353
-2364
-1598
-1008
-198
892
1908
2743
3404
3992
4542
5008
5684
6250
6615
6740
6709
6818
6811
6942
6949
6726
6363
5932
5781
5562
5225
4615
3991
3424
2711
2183
1561
1101
610
108
-164
-329
-181
-114
100
429
670
1187
1552
1951
1860
1148
154
-916
-1520
-2339
-3458
-4729
-6215
-7174
-7845
-7938
-7639
-7406
-7034
-6799
-6044
-4929
-3837
-2809
-2404
-2107
-2021
-1927
-1526
-1284
-1043
-1181
-1169
-889
-358
476
1184
2015
2506
2880
3243
3615
4003
3744
3247
2258
1260
274
-884
-1751
-3079
-4278
-5496
-6356
-6627
-6897
-6672
-6684
-6488
-5989
-5368
-4253
-3300
-2173
-1297
-488
636
1750
2946
3712
4407
5025
5517
6111
6638
7152
7319
7334
7392
7419
7479
7459
7384
7070
6610
6263
5956
5632
5069
4253
3442
2641
1901
1261
541
-14
-561
-961
-1145
-1119
-799
-612
-306
121
484
1134
1536
1996
1905
1163
196
-882
-1415
-2209
-3241
-4426
-5974
-6839
-7492
-7461
-7152
-6967
-6613
-6513
-5703
-4694
-3642
-2667
-2382
-2041
-2072
-1901
-1524
-1227
-906
-1112
-1044
-883
-292
518
1178
1981
2261
2606
2830
3161
3468
3083
2512
1366
425
-634
-1715
-2511
-3867
-4996
-6258
-6921
-7026
-7113
-6741
-6761
-6401
-5850
-5005
-3704
-2692
-1495
-708
189
1375
2582
3897
4568
5191
5666
6145
6780
7260
7707
7645
7531
7440
7377
7423
7255
7096
6595
6039
5635
5308
5059
4433
3650
2742
1952
1310
726
191
-443
-901
-1314
-1435
-1234
-905
-465
-154
356
820
1465
2118
2569
2701
1973
1041
35
-591
-1232
-2331
-3497
-5094
-6187
-6841
-7040
-6710
-6661
-6456
-6397
-5893
-4859
-3945
-2968
-2638
-2508
-2489
-2491
-2045
-1749
-1506
-1598
-1752
-1535
-1092
-233
566
1265
1729
1937
2360
2745
3199
3147
2560
1718
661
-225
-1168
-2023
-3056
-4437
-5589
-6539
-6751
-6711
-6629
-6422
-6385
-5934
-5185
-4109
-2848
-1887
-991
-258
727
2019
3271
4268
4869
5360
5876
6513
7234
7788
7973
7944
7879
7843
7921
7885
7754
7323
6675
6154
5728
5416
4889
4096
3150
2252
1500
907
366
-241
-762
-1268
-1473
-1417
-1158
-744
-424
-1
414
1011
1620
2169
2332
1747
891
-165
-703
-1368
-2299
-3423
-5058
-6142
-7002
-7176
-6940
-6924
-6678
-6691
-6224
-5295
-4326
-3298
-2836
-2582
-2546
-2438
-2018
-1578
-1251
-1235
-1309
-1225
-812
-67
741
1415
1804
1997
2263
2610
3017
3024
2577
1729
648
-305
-1262
-2118
-3088
-4479
-5814
-7027
-7509
-7546
-7483
-7234
-7231
-6940
-6210
-5048
-3531
-2292
-1167
-263
745
2153
3646
4927
5709
6176
6580
7109
7806
8438
8676
8593
8426
8297
8384
8431
8388
8039
7376
6781
6288
5945
5477
4693
3682
2662
1758
1057
424
-277
-884
-1495
-1790
-1854
-1682
-1290
-968
-524
-101
519
1171
1766
2088
1704
986
-36
-592
-1233
-2129
-3209
-4819
-5967
-6914
-7178
-7021
-7028
-6780
-6749
-6284
-5363
-4361
-3288
-2708
-2355
-2252
-2135
-1784
-1377
-1075
-1060
-1147
-1181
-900
-288
466
1116
1531
1793
2081
2438
2810
2926
2671
2028
1102
152
-829
-1645
-2474
-3693
-5039
-6334
-7125
-7388
-7446
-7279
-7276
-7187
-6695
-5807
-4485
-3183
-1962
-945
15
1276
2779
4213
5262
5882
6310
6784
7385
8047
8391
8365
8235
8061
8056
8105
8103
7961
7477
6959
6478
6147
5772
5193
4338
3309
2368
1523
867
124
-627
-1267
-1804
-1975
-1991
-1729
-1337
-959
-415
57
816
1503
2132
2253
1784
947
59
-414
-1222
-2211
-3571
-5199
-6292
-7119
-7148
-7152
-7086
-6928
-6868
-6182
-5246
-4104
-3125
-2556
-2284
-2242
-1994
-1561
-1137
-929
-1023
-1130
-1133
-693
14
823
1444
1843
2155
2530
2991
3394
3492
3188
2453
1478
513
-433
-1161
-2185
-3557
-5073
-6327
-7004
-7219
-7215
-7225
-7343
-7344
-6857
-5841
-4510
-3227
-2201
-1340
-411
858
2480
3945
4871
5286
5696
6270
7075
7842
8229
8199
8039
8035
8211
8439
8520
8384
7888
7349
6983
6667
6285
5596
4581
3401
2328
1503
785
-47
-929
-1685
-2244
-2441
-2370
-2118
-1717
-1394
-895
-397
350
1093
1667
1727
1182
246
-583
-1058
-1830
-2769
-4157
-5713
-6708
-7321
-7220
-7115
-6928
-6742
-6579
-5841
-4847
-3653
-2658
-2074
-1897
-1861
-1582
-1133
-678
-519
-618
-747
-709
-224
444
1254
1845
2244
2517
2806
3256
3617
3742
3386
2526
1490
466
-413
-1173
-2228
-3593
-5150
-6348
-7030
-7186
-7206
-7228
-7373
-7495
-7038
-6074
-4712
-3462
-2515
-1677
-810
518
2186
3728
4634
5044
5517
6112
7010
7775
8221
8164
8005
8059
8229
8516
8653
8600
8141
7689
7442
7174
6910
6263
5296
4110
3006
2127
1253
332
-649
-1496
-2177
-2540
-2583
-2423
-2124
-1838
-1389
-933
-279
357
902
794
254
-692
-1383
-1934
-2755
-3669
-5115
-6342
-7258
-7621
-7495
-7359
-7014
-6795
-6308
-5506
-4465
-3273
-2404
-1770
-1642
-1399
-1125
-655
-273
-237
-226
-356
-95
328
959
1668
2150
2604
2804
3152
3519
3797
3861
3356
2513
1396
481
-405
-1276
-2378
-3780
-5137
-6225
-6787
-7002
-7049
-7053
-7181
-7143
-6679
-5682
-4450
-3332
-2411
-1648
-694
588
2145
3500
4301
4789
5319
6012
6844
7550
7936
7863
7813
7876
8072
8287
8410
8307
7844
7485
7254
7040
6724
6101
5149
4038
3054
2183
1326
409
-550
-1429
-2167
-2505
-2574
-2381
-2198
-1933
-1563
-1088
-363
223
790
489
-59
-1001
-1581
-2122
-2998
-3948
-5494
-6608
-7550
-7765
-7566
-7424
-7035
-6881
-6240
-5370
-4186
-2919
-2145
-1504
-1444
-1109
-824
-341
11
-63
-92
-295
21
452
1125
1832
2231
2615
2769
3162
3568
3841
3824
3199
2312
1163
311
-534
-1405
-2556
-3970
-5277
-6252
-6725
-6900
-6876
-6922
-6978
-6885
-6344
-5297
-4120
-3052
-2226
-1472
-542
732
2168
3385
4147
4591
5163
5835
6646
7309
7660
7656
7649
7807
8044
8284
8383
8254
7861
7491
7288
7042
6674
6042
5094
4093
3144
2334
1467
568
-331
-1218
-1886
-2235
-2288
-2175
-2088
-1863
-1592
-1085
-453
93
496
151
-362
-1267
-1718
-2278
-3103
-4066
-5538
-6519
-7413
-7504
-7350
-7202
-6873
-6732
-6033
-5190
-3920
-2776
-2049
-1455
-1366
-929
-625
-115
139
42
22
-186
173
557
1196
1775
2113
2503
2652
3127
3480
3726
3629
3041
2299
1246
494
-373
-1274
-2435
-3802
-4988
-5969
-6435
-6696
-6725
-6804
-6875
-6682
-6158
-5127
-4070
-3101
-2312
-1564
-630
484
1724
2739
3384
3783
4258
4897
5596
6201
6574
6676
6826
7079
7470
7836
8036
8038
7796
7563
7391
7184
6815
6184
5327
4368
3460
2635
1811
1004
160
-640
-1228
-1509
-1505
-1427
-1348
-1188
-995
-556
-85
333
414
-6
-623
-1457
-1944
-2631
-3442
-4538
-5840
-6744
-7441
-7415
-7320
-7096
-6841
-6536
-5770
-4867
-3579
-2627
-1896
-1431
-1184
-688
-341
148
277
302
294
255
637
1041
1691
2134
2518
2844
3053
3490
3681
3850
3567
2984
2158
1118
317
-674
-1600
-2841
-4111
-5290
-6272
-6672
-6965
-6912
-7081
-7129
-6858
-6304
-5188
-4215
-3162
-2434
-1637
-657
413
1725
2585
3305
3646
4121
4818
5434
6143
6384
6580
6674
6930
7408
7735
8050
7922
7773
7530
7368
7232
6762
6221
5275
4375
3477
2650
1905
1031
226
-634
-1147
-1423
-1437
-1393
-1396
-1267
-1142
-724
-353
-67
-191
-687
-1355
-2056
-2555
-3260
-4040
-5164
-6198
-6958
-7311
-7150
-6984
-6635
-6370
-5809
-4993
-3954
-2765
-1927
-1221
-873
-482
-70
311
650
683
718
621
701
951
1323
1789
2063
2342
2498
2680
2924
3020
2995
2607
1957
1106
204
-568
-1439
-2344
-3458
-4594
-5549
-6232
-6390
-6446
-6361
-6386
-6310
-5798
-5050
-3892
-2940
-2036
-1303
-571
462
1481
2621
3256
3704
4008
4410
5087
5560
6069
6134
6206
6333
6561
7016
7192
7344
7141
6984
6817
6648
6468
5926
5324
4426
3646
2890
2143
1419
577
-141
-792
-1140
-1316
-1356
-1395
-1409
-1290
-1075
-696
-415
-300
-602
-1134
-1774
-2284
-2730
-3378
-4190
-5277
-6071
-6608
-6687
-6538
-6413
-6166
-5960
-5345
-4589
-3589
-2654
-1997
-1467
-1214
-748
-363
89
366
417
498
471
774
1087
1575
1972
2188
2415
2492
2769
2920
3028
2859
2363
1709
860
190
-570
-1312
-2285
-3416
-4442
-5282
-5612
-5770
-5796
-5943
-6035
-5833
-5294
-4382
-3509
-2679
-2050
-1389
-557
434
1515
2278
2777
3068
3482
4076
4707
5252
5497
5642
5772
6099
6517
6864
7068
7030
6950
6835
6785
6667
6355
5825
5061
4333
3644
3026
2342
1561
793
91
-352
-643
-775
-902
-1059
-1142
-1134
-911
-681
-568
-810
-1380
-2026
-2589
-2944
-3416
-4109
-5071
-5971
-6503
-6657
-6495
-6342
-6156
-5947
-5529
-4813
-3907
-2910
-2153
-1621
-1304
-948
-468
8
407
528
547
533
694
1067
1496
1903
2097
2225
2317
2491
2698
2786
2697
2262
1649
916
231
-385
-1090
-1925
-2957
-3931
-4687
-5072
-5170
-5233
-5283
-5334
-5122
-4600
-3825
-2960
-2204
-1522
-918
-198
661
1536
2243
2626
2873
3144
3579
4084
4483
4724
4818
4984
5280
5667
6032
6229
6298
6253
6223
6203
6113
5870
5361
4723
4044
3446
2885
2241
1550
816
237
-156
-373
-475
-606
-713
-812
-758
-585
-396
-354
-655
-1162
-1792
-2277
-2683
-3175
-3860
-4774
-5555
-6079
-6203
-6103
-5955
-5783
-5574
-5119
-4459
-3586
-2721
-2040
-1573
-1281
-938
-546
-113
181
265
229
177
304
596
979
1289
1469
1582
1701
1898
2106
2234
2138
1789
1241
650
90
-437
-1034
-1804
-2655
-3502
-4096
-4418
-4500
-4506
-4533
-4446
-4196
-3601
-2842
-2014
-1256
-643
-10
628
1431
2164
2724
3043
3162
3378
3628
4013
4276
4389
4426
4454
4723
5024
5375
5553
5578
5559
5483
5519
5420
5204
4736
4097
3502
2888
2387
1758
1099
430
-155
-470
-693
-752
-867
-971
-982
-922
-709
-659
-734
-1076
-1554
-1987
-2463
-2890
-3526
-4238
-4980
-5573
-5814
-5876
-5701
-5552
-5304
-4895
-4312
-3461
-2665
-1910
-1400
-1020
-659
-340
71
291
415
349
248
305
420
734
939
1110
1203
1280
1496
1639
1814
1715
1433
985
414
-47
-621
-1163
-1905
-2708
-3430
-4060
-4331
-4522
-4489
-4446
-4295
-3873
-3303
-2407
-1570
-700
59
759
1578
2315
3108
3620
3966
4145
4244
4465
4596
4768
4727
4626
4553
4530
4701
4780
4863
4765
4610
4487
4328
4213
3892
3463
2877
2278
1763
1249
795
249
-247
-673
-935
-992
-993
-917
-880
-803
-684
-544
-451
-518
-726
-1071
-1451
-1868
-2318
-2827
-3388
-3911
-4316
-4517
-4557
-4455
-4279
-4016
-3641
-3159
-2585
-2047
-1572
-1231
-971
-751
-584
-435
-396
-401
-447
-464
-399
-293
-115
33
202
366
536
721
817
841
700
448
89
-364
-846
-1422
-2012
-2639
-3223
-3707
-4073
-4239
-4264
-4096
-3779
-3294
-2628
-1851
-951
-39
862
1715
2501
3234
3858
4379
4748
4985
5118
5167
5194
5190
5162
5102
5007
4925
4857
4797
4732
4599
4400
4101
3735
3315
2808
2258
1600
931
242
-413
-957
-1447
-1778
-2060
-2194
-2218
-2127
-1888
-1653
-1320
-1090
-879
-760
-736
-731
-885
-1040
-1364
-1693
-2035
-2356
-2523
-2684
-2669
-2651
-2499
-2258
-1961
-1538
-1200
-833
-619
-446
-355
-347
-356
-524
-716
-1017
-1270
-1490
-1634
-1694
-1756
-1735
-1719
-1587
-1446
-1271
-1164
-1142
-1185
-1356
-1532
-1842
-2151
-2586
-3013
-3402
-3732
-3861
-3946
-3773
-3546
-3086
-2455
-1695
-716
200
1264
2191
3140
4007
4739
5429
5823
6191
6308
6400
6413
6308
6232
5979
5826
5583
5406
5244
5002
4810
4455
4143
3723
3279
2794
2177
1574
861
230
-396
-971
-1458
-1954
-2298
-2603
-2764
-2831
-2876
-2854
-2892
-2846
-2825
-2763
-2691
-2701
-2685
-2732
-2671
-2578
-2420
-2196
-1996
-1697
-1409
-1006
-585
-156
249
545
828
1011
1179
1243
1215
1080
849
578
265
-33
-353
-661
-985
-1248
-1492
-1651
-1788
-1912
-2011
-2182
-2281
-2494
-2648
-2913
-3215
-3498
-3873
-4079
-4408
-4532
-4679
-4690
-4495
-4286
-3723
-3250
-2472
-1708
-842
164
1028
2093
2845
3705
4353
4925
5493
5770
6158
6199
6355
6347
6302
6328
6124
6107
5811
5651
5378
5044
4765
4213
3789
3092
2496
1813
1074
445
-364
-942
-1637
-2097
-2485
-2803
-2886
-3063
-2940
-2883
-2621
-2333
-2103
-1748
-1610
-1313
-1213
-1053
-963
-1003
-943
-1096
-1040
-1101
-1031
-933
-877
-624
-514
-186
29
306
545
634
787
679
653
417
149
-200
-695
-1106
-1675
-2071
-2542
-2902
-3196
-3477
-3581
-3731
-3670
-3652
-3530
-3393
-3278
-3074
-2974
-2760
-2643
-2469
-2319
-2183
-1954
-1770
-1434
-1138
-731
-301
152
702
1202
1805
2330
2895
3409
3861
4309
4620
4940
5109
5240
5282
5239
5197
5034
4899
4670
4453
4227
3967
3757
3486
3282
3028
2801
2562
2265
1995
1622
1270
824
342
-169
-745
-1271
-1864
-2383
-2895
-3343
-3690
-3988
-4126
-4215
-4151
-4017
-3803
-3489
-3165
-2750
-2377
-1972
-1601
-1251
-891
-607
-296
-54
200
438
644
874
1060
1278
1445
1602
1732
1787
1817
1720
1566
1296
927
490
-69
-658
-1337
-2028
-2721
-3413
-4023
-4608
-5065
-5434
-5670
-5757
-5736
-5538
-5252
-4821
-4301
-3702
-3013
-2320
-1563
-837
-95
608
1263
1908
2457
3011
3474
3909
4303
4623
4934
5141
5335
5427
5470
5459
5349
5208
4947
4665
4282
3855
3395
2868
2376
1826
1357
891
486
157
-135
-302
-458
-488
-492
-430
-317
-213
-53
25
127
153
143
94
-41
-161
-374
-557
-786
-988
-1155
-1326
-1409
-1510
-1519
-1534
-1510
-1461
-1440
-1378
-1381
-1357
-1388
-1423
-1462
-1537
-1574
-1651
-1667
-1691
-1660
-1596
-1519
-1374
-1253
-1081
-948
-821
-725
-695
-686
-779
-884
-1071
-1287
-1531
-1805
-2050
-2310
-2490
-2639
-2707
-2699
-2618
-2428
-2198
-1859
-1488
-1058
-578
-96
425
913
1413
1865
2299
2694
3036
3365
3621
3872
4057
4200
4317
4368
4391
4351
4287
4166
4002
3805
3557
3299
2978
2651
2285
1884
1480
1023
586
107
-350
-795
-1231
-1606
-1968
-2234
-2462
-2601
-2661
-2657
-2552
-2422
-2200
-1972
-1700
-1417
-1159
-885
-682
-462
-300
-157
-44
18
100
119
157
156
168
184
167
176
134
116
51
-29
-132
-284
-429
-633
-812
-1026
-1236
-1423
-1612
-1723
-1847
-1891
-1904
-1873
-1767
-1669
-1486
-1328
-1117
-906
-710
-476
-324
-128
-5
127
234
283
382
390
484
509
571
656
698
839
879
1023
1082
1173
1265
1265
1359
1290
1343
1262
1190
1137
973
955
758
725
583
499
470
343
401
270
307
234
215
246
157
238
134
206
172
176
244
199
344
320
465
510
583
714
711
855
798
860
799
728
677
479
401
145
17
-194
-383
-518
-735
-800
-988
-1026
-1122
-1182
-1182
-1256
-1194
-1250
-1188
-1187
-1162
-1102
-1107
-1006
-998
-882
-811
-704
-558
-452
-253
-139
65
208
356
502
576
691
704
736
684
619
524
369
232
15
-162
-390
-596
-801
-1011
-1167
-1337
-1431
-1524
-1561
-1561
-1521
-1413
-1293
-1101
-906
-656
-386
-105
196
479
782
1048
1313
1541
1739
1907
2025
2130
2169
2177
2144
2084
1998
1865
1727
1554
1382
1189
995
803
605
428
250
101
-47
-172
-275
-370
-439
-499
-532
-564
-578
-588
-599
-586
-588
-571
-570
-563
-550
-550
-539
-547
-531
-533
-531
-530
-534
-523
-527
-507
-507
-513
-503
-495
-472
-471
-446
-425
-399
-373
-349
-295
-253
-191
-146
-85
-22
32
104
144
191
217
238
240
214
190
133
77
-6
-100
-209
-322
-430
-549
-644
-725
-776
-807
-818
-792
-734
-642
-530
-394
-229
-40
162
367
573
771
964
1143
1291
1422
1519
1595
1633
1624
1593
1524
1441
1324
1179
1024
858
698
524
349
181
30
-117
-265
-390
-501
-599
-680
-752
-796
-823
-841
-856
-849
-835
-806
-764
-736
-681
-615
-547
-480
-410
-343
-275
-200
-144
-91
-39
15
58
89
111
136
158
162
163
151
127
96
58
13
-36
-85
-136
-176
-209
-236
-256
-273
-283
-276
-261
-255
-230
-198
-161
-127
-84
-47
-7
20
35
58
65
77
89
92
100
112
129
138
156
172
194
225
257
298
344
395
442
496
547
591
625
646
657
658
655
630
589
526
458
373
265
149
22
-110
-233
-362
-492
-602
-700
-797
-892
-957
-1000
-1024
-1040
-1037
-1003
-940
-864
-780
-675
-552
-408
-253
-96
67
241
425
604
769
926
1075
1209
1313
1391
1446
1476
1473
1430
1361
1264
1144
1000
835
654
465
280
84
-108
-289
-455
-607
-738
-853
-946
-1016
-1068
-1101
-1109
-1111
-1099
-1069
-1036
-985
-928
-869
-800
-713
-631
-553
-464
-371
-271
-168
-75
15
111
196
270
327
371
404
424
422
397
364
320
257
178
88
6
-69
-140
-202
-257
-296
-321
-344
-358
-357
-339
-319
-298
-268
-238
-204
-179
-159
-141
-125
-108
-87
-61
-31
5
53
108
176
253
330
414
496
573
655
737
819
893
964
1025
1079
1115
1130
1128
1119
1097
1056
1008
951
883
797
701
593
465
337
204
61
-74
-209
-343
-468
-588
-697
-796
-885
-961
-1020
-1064
-1089
-1093
-1085
-1057
-1015
-952
-875
-790
-689
-581
-465
-349
-241
-130
-31
58
143
215
280
328
362
381
382
363
334
289
221
148
73
-6
-79
-152
-228
-297
-362
-429
-489
-528
-553
-565
-557
-547
-521
-478
-429
-377
-318
-253
-184
-116
-51
7
60
103
140
167
188
219
251
275
300
328
359
393
427
464
503
534
560
579
593
611
629
653
668
675
677
664
644
617
571
527
482
424
367
312
256
199
134
65
-12
-91
-169
-238
-300
-361
-404
-437
-467
-492
-505
-516
-521
-517
-505
-477
-439
-400
-357
-305
-251
-199
-143
-86
-34
12
52
82
100
119
131
135
132
120
96
68
28
-14
-65
-126
-193
-259
-319
-375
-423
-467
-497
-524
-542
-556
-562
-550
-525
-486
-434
-370
-303
-230
-150
-70
15
95
165
231
288
334
364
379
382
386
383
381
387
380
364
354
350
342
343
354
361
362
357
348
339
335
338
343
342
337
333
318
295
275
247
219
188
146
112
81
50
17
-16
-51
-88
-131
-168
-196
-221
-242
-258
-273
-277
-278
-282
-276
-272
-265
-246
-217
-200
-181
-148
-120
-104
-84
-60
-41
-28
-18
1
3
-3
-2
-2
-15
-37
-56
-76
-109
-143
-166
-197
-244
-288
-316
-355
-392
-409
-428
-440
-438
-439
-432
-410
-384
-347
-288
-236
-173
-93
-27
36
115
199
255
320
389
438
476
514
530
540
561
555
546
546
535
503
468
439
405
364
332
295
251
213
173
114
74
46
10
-25
-48
-58
-87
-106
-103
-113
-125
-110
-101
-110
-106
-80
-63
-57
-36
-9
0
7
31
44
46
49
54
56
51
33
24
18
-1
-26
-46
-66
-95
-121
-144
-177
-211
-239
-260
-286
-305
-305
-311
-325
-329
-332
-321
-319
-329
-314
-287
-285
-280
-239
-217
-212
-180
-147
-141
-113
-82
-68
-36
-1
23
56
98
110
144
193
208
235
284
296
293
331
351
341
347
360
345
347
333
302
291
278
232
200
189
149
114
91
65
33
18
-4
-28
-48
-46
-57
-73
-75
-55
-50
-68
-46
-22
-25
-21
14
14
6
33
50
35
35
58
56
43
40
42
23
5
-3
-4
-28
-52
-58
-75
-95
-119
-132
-148
-166
-183
-198
-214
-223
-224
-226
-241
-248
-236
-225
-225
-214
-197
-186
-174
-170
-158
-137
-132
-135
-120
-106
-112
-109
-89
-98
-99
-87
-89
-85
-73
-68
-55
-33
-18
2
42
70
96
151
193
216
259
322
343
372
418
446
463
485
498
499
501
485
462
444
413
357
328
284
228
178
132
78
28
-18
-63
-105
-145
-163
-182
-219
-237
-225
-234
-247
-232
-215
-218
-201
-175
-162
-146
-117
-94
-85
-67
-40
-33
-28
-15
-11
-12
-16
-15
-19
-34
-42
-51
-75
-99
-116
-142
-164
-182
-202
-220
-243
-261
-268
-274
-284
-285
-287
-281
-269
-253
-240
-223
-205
-183
-157
-138
-114
-89
-55
-28
-7
17
40
61
83
97
112
128
142
157
168
184
198
212
222
232
240
247
262
271
280
289
294
301
307
310
313
311
306
305
298
277
265
258
240
213
198
177
151
127
98
78
53
30
2
-22
-43
-57
-76
-98
-107
-118
-128
-138
-143
-143
-146
-147
-141
-141
-145
-132
-128
-128
-120
-114
-108
-96
-97
-99
-92
-95
-102
-100
-107
-110
-114
-124
-131
-141
-157
-166
-177
-187
-199
-218
-230
-238
-249
-256
-260
-267
-265
-264
-265
-258
-250
-239
-224
-208
-188
-165
-147
-123
-99
-68
-34
-12
23
55
86
121
145
173
205
231
256
280
302
325
345
359
375
381
381
394
397
396
398
392
391
380
363
355
338
316
301
274
249
224
190
158
128
99
66
33
-1
-34
-62
-92
-113
-133
-158
-174
-185
-191
-191
-195
-188
-180
-171
-164
-149
-140
-127
-106
-93
-80
-73
-64
-61
-52
-56
-61
-68
-79
-85
-100
-121
-139
-156
-176
-194
-220
-237
-254
-270
-280
-290
-300
-302
-305
-305
-296
-289
-276
-256
-242
-221
-196
-173
-142
-110
-82
-53
-24
5
36
63
90
120
142
159
182
203
221
236
246
256
270
280
291
290
300
314
316
320
319
321
324
324
322
320
317
307
299
291
278
259
237
216
189
166
142
108
84
58
27
-6
-35
-63
-88
-115
-134
-153
-168
-177
-186
-194
-201
-195
-194
-187
-177
-163
-153
-136
-120
-109
-93
-76
-63
-58
-50
-49
-50
-48
-55
-64
-78
-96
-109
-130
-157
-181
-199
-222
-241
-263
-284
-298
-310
-321
-327
-325
-325
-313
-296
-287
-265
-237
-209
-172
-142
-105
-61
-26
17
57
95
136
173
206
240
268
290
315
334
345
356
358
357
356
348
338
327
307
292
275
253
237
220
201
185
173
156
144
133
128
121
118
115
109
106
104
105
100
93
84
75
64
46
32
22
10
-9
-31
-47
-62
-83
-103
-119
-133
-145
-154
-162
-171
-178
-178
-182
-182
-182
-180
-173
-168
-170
-168
-168
-167
-170
-171
-173
-169
-165
-178
-186
-192
-195
-196
-204
-212
-208
-205
-209
-211
-208
-192
-182
-177
-157
-136
-119
-107
-85
-56
-32
-7
23
56
83
99
122
150
176
188
196
214
229
230
227
227
234
233
224
212
204
210
205
187
174
176
176
167
158
156
165
171
172
169
174
185
187
180
177
185
191
186
171
166
165
156
139
120
110
103
84
51
32
14
-12
-45
-71
-90
-109
-134
-164
-182
-199
-225
-240
-247
-254
-266
-270
-271
-274
-274
-274
-277
-274
-270
-268
-265
-271
-268
-263
-255
-256
-254
-244
-237
-234
-228
-209
-198
-189
-171
-148
-129
-116
-96
-66
-44
-25
-1
38
62
75
103
139
169
180
201
236
258
253
251
272
294
286
258
253
265
260
230
206
202
200
187
152
130
129
128
114
89
79
83
87
78
64
67
86
100
99
99
110
129
134
130
134
145
153
148
138
137
132
120
108
91
76
55
27
1
-24
-55
-93
-125
-146
-169
-206
-233
-250
-270
-298
-313
-313
-318
-327
-323
-311
-312
-319
-307
-281
-271
-275
-269
-239
-223
-230
-225
-193
-166
-164
-163
-137
-107
-99
-89
-61
-32
-15
3
31
57
69
84
113
138
148
163
188
216
222
224
245
263
268
267
271
273
262
249
245
233
206
181
169
162
137
107
93
90
75
57
42
43
45
38
36
36
47
57
62
68
77
92
112
123
132
149
164
174
174
178
178
174
166
155
143
124
94
64
41
6
-32
-69
-109
-149
-192
-238
-283
-319
-346
-371
-401
-429
-444
-454
-455
-456
-449
-437
-417
-395
-377
-360
-336
-290
-255
-239
-222
-187
-149
-133
-125
-99
-64
-44
-38
-31
-3
15
24
39
61
82
92
112
128
137
147
159
176
188
188
196
220
239
240
238
251
271
278
272
267
275
272
261
255
249
243
236
221
209
197
180
169
164
163
150
144
140
127
126
128
136
146
141
125
126
137
131
131
138
140
134
124
119
119
122
106
89
72
47
22
-2
-31
-61
-95
-144
-186
-219
-254
-285
-310
-337
-367
-394
-414
-424
-436
-438
-440
-432
-422
-421
-413
-390
-362
-342
-319
-299
-271
-246
-229
-213
-186
-161
-145
-136
-126
-112
-95
-77
-61
-42
-25
-14
5
30
51
62
79
98
104
118
132
154
169
182
196
213
236
248
261
281
302
314
316
312
313
325
326
314
306
301
284
268
258
248
240
237
213
192
177
154
146
136
118
106
88
65
55
42
25
20
20
10
-8
-10
-14
-15
-20
-28
-37
-43
-60
-75
-82
-97
-110
-123
-143
-154
-173
-191
-201
-211
-221
-233
-242
-248
-254
-258
-257
-256
-256
-248
-244
-235
-224
-216
-210
-196
-187
-177
-164
-155
-148
-141
-133
-124
-111
-106
-102
-89
-79
-66
-51
-37
-19
-1
13
34
51
69
87
115
136
156
185
202
223
243
266
289
309
319
333
341
343
338
335
323
312
302
277
257
237
211
185
165
145
128
106
73
42
20
6
-6
-16
-40
-57
-70
-89
-95
-97
-100
-105
-109
-110
-113
-108
-108
-100
-96
-100
-107
-106
-101
-103
-102
-106
-105
-106
-114
-122
-127
-133
-141
-146
-156
-170
-178
-186
-192
-199
-206
-207
-207
-205
-201
-196
-190
-181
-172
-156
-141
-136
-127
-113
-93
-82
-66
-55
-44
-35
-25
-8
3
22
35
53
67
84
102
122
132
150
163
171
194
212
231
236
240
242
259
273
281
278
271
263
259
250
239
225
216
206
181
155
124
110
99
91
60
36
7
-13
-18
-24
-27
-46
-65
-78
-87
-84
-81
-76
-82
-89
-85
-82
-63
-57
-52
-51
-44
-39
-41
-35
-33
-20
-22
-26
-34
-38
-36
-35
-33
-48
-68
-80
-90
-99
-103
-109
-127
-145
-157
-157
-158
-162
-162
-162
-158
-157
-154
-144
-132
-112
-100
-88
-86
-77
-62
-51
-47
-48
-41
-29
-10
-5
1
-2
16
39
59
61
56
63
69
92
101
100
95
96
101
121
133
132
122
120
125
126
125
121
122
126
130
122
109
98
95
96
91
77
63
49
36
36
36
32
13
-4
-2
-1
0
-6
-14
-22
-32
-32
-22
-18
-23
-18
-16
-14
-18
-30
-26
-21
-9
-10
-19
-26
-33
-25
-15
-11
-27
-40
-45
