-4
0
3
4
4
2
1
1
-2
-6
-7
-5
-1
6
10
7
2
-3
-7
-7
-4
1
2
3
5
2
0
-1
-3
-4
-6
-4
0
3
5
5
2
-3
-5
-4
-3
1
3
5
5
3
0
-2
-4
-4
-2
0
0
3
6
4
1
-2
-5
-4
-3
0
3
4
2
2
-2
-5
-6
-5
-4
-3
1
4
5
3
1
-1
-4
-3
-1
-1
1
5
6
4
2
2
-1
-3
-2
0
2
2
2
1
0
-2
-3
-3
-2
-2
-3
-1
-1
-1
0
1
0
-2
-3
-2
1
1
0
2
3
3
2
3
3
3
4
4
3
3
1
2
3
1
0
-1
-3
-3
-3
-4
-5
-4
-4
-4
-4
-4
-6
-5
-5
-3
-1
0
-2
0
0
2
2
3
5
5
6
8
9
8
9
8
6
8
7
6
6
5
4
4
3
0
-3
-3
-4
-7
-6
-7
-7
-5
-6
-5
-5
-3
-3
-4
-1
-1
2
4
7
10
10
12
14
15
15
14
15
17
16
15
13
9
9
6
4
2
0
-3
-5
-7
-10
-13
-18
-19
-20
-22
-23
-21
-19
-18
-16
-16
-14
-13
-14
-13
-10
-6
-4
-4
-3
-3
-4
-3
-4
-5
-3
-4
-6
-8
-10
-10
-12
-13
-13
-10
-7
-6
-8
-8
-8
-6
-5
-6
-3
0
1
3
3
3
4
5
6
9
13
13
14
13
13
13
12
12
14
15
16
17
17
16
15
12
9
6
2
1
-3
-8
-13
-17
-19
-22
-23
-25
-26
-25
-22
-21
-21
-19
-19
-16
-10
-4
5
14
20
26
28
33
38
41
47
50
55
60
63
64
64
64
65
68
71
78
82
81
83
80
77
72
68
65
63
58
49
39
25
9
-9
-26
-42
-58
-73
-89
-107
-125
-143
-158
-171
-176
-179
-178
-176
-175
-170
-164
-156
-144
-129
-110
-91
-71
-54
-38
-24
-12
2
11
20
28
33
34
30
22
14
4
-9
-20
-33
-48
-59
-73
-87
-100
-109
-114
-116
-112
-103
-88
-67
-43
-16
18
55
98
143
195
248
302
355
405
452
491
524
553
573
586
590
583
561
523
472
404
328
246
158
68
-28
-128
-230
-331
-429
-518
-594
-655
-700
-732
-747
-750
-739
-714
-676
-620
-547
-458
-360
-257
-156
-56
42
134
220
300
373
431
472
496
504
495
471
435
388
330
263
190
107
21
-68
-161
-248
-329
-401
-466
-520
-567
-602
-626
-637
-632
-619
-588
-540
-475
-397
-306
-207
-101
17
140
270
403
535
669
801
927
1044
1146
1227
1293
1336
1363
1367
1344
1294
1212
1098
949
768
562
341
114
-106
-321
-535
-754
-969
-1167
-1338
-1480
-1584
-1641
-1657
-1630
-1572
-1485
-1377
-1247
-1084
-885
-656
-404
-149
97
327
533
712
869
999
1107
1192
1239
1251
1222
1142
1016
865
702
531
357
180
0
-190
-386
-578
-755
-914
-1042
-1124
-1164
-1175
-1175
-1165
-1142
-1097
-1026
-919
-783
-625
-457
-290
-128
22
155
279
405
539
677
813
932
1019
1080
1115
1139
1153
1156
1147
1127
1097
1043
961
852
716
569
427
297
176
55
-76
-210
-339
-463
-579
-680
-767
-836
-877
-905
-917
-923
-914
-887
-846
-782
-702
-611
-515
-410
-305
-207
-107
-25
57
132
209
280
336
376
400
421
431
438
439
435
423
406
380
342
301
271
257
261
267
272
264
256
245
240
247
267
299
329
356
366
372
370
373
380
392
409
421
420
399
359
315
269
225
176
110
27
-73
-165
-254
-340
-428
-517
-608
-701
-784
-862
-931
-999
-1044
-1060
-1048
-1024
-1002
-981
-976
-959
-922
-862
-780
-686
-588
-499
-413
-337
-271
-222
-172
-114
-52
2
35
51
46
25
3
-11
-22
-24
-22
-20
-8
2
16
24
37
58
91
146
207
275
345
413
477
542
613
682
763
852
937
1016
1073
1126
1185
1270
1385
1506
1616
1699
1747
1761
1766
1766
1762
1751
1729
1668
1537
1319
1017
685
384
138
-73
-303
-583
-910
-1271
-1633
-1978
-2263
-2468
-2570
-2576
-2527
-2471
-2453
-2461
-2453
-2347
-2116
-1786
-1406
-1023
-671
-362
-95
137
350
564
796
1042
1271
1412
1439
1360
1222
1065
904
744
582
404
205
-11
-237
-474
-714
-953
-1149
-1276
-1351
-1389
-1407
-1402
-1388
-1358
-1300
-1217
-1099
-945
-754
-544
-328
-136
32
189
354
547
760
973
1173
1341
1470
1571
1643
1690
1732
1776
1818
1845
1832
1767
1656
1523
1397
1282
1182
1082
966
843
723
597
465
355
273
232
243
265
265
229
160
82
14
-28
-43
-50
-72
-123
-208
-328
-472
-634
-789
-918
-1018
-1111
-1213
-1331
-1464
-1588
-1692
-1760
-1792
-1774
-1717
-1622
-1504
-1369
-1239
-1111
-978
-824
-654
-470
-270
-87
74
204
292
337
370
397
409
399
372
313
220
115
11
-96
-189
-272
-350
-423
-486
-547
-603
-632
-638
-620
-565
-484
-395
-307
-209
-112
-16
92
206
318
443
585
722
855
982
1097
1196
1311
1436
1547
1645
1735
1793
1811
1811
1797
1768
1740
1716
1667
1588
1486
1345
1189
1046
904
760
631
522
386
242
106
-38
-178
-292
-364
-446
-492
-525
-574
-631
-697
-758
-829
-889
-941
-998
-1043
-1082
-1138
-1212
-1264
-1324
-1366
-1396
-1430
-1452
-1465
-1435
-1409
-1370
-1287
-1188
-1089
-984
-852
-733
-593
-461
-339
-216
-83
48
125
205
256
261
251
227
181
109
24
-79
-179
-280
-397
-511
-603
-669
-733
-774
-780
-772
-734
-679
-620
-537
-401
-255
-115
42
275
469
622
837
1014
1193
1394
1585
1705
1837
2014
2136
2159
2226
2309
2250
2259
2250
2170
2087
2013
1929
1705
1559
1449
1206
1002
824
614
400
216
3
-237
-398
-547
-730
-908
-1062
-1222
-1323
-1376
-1481
-1560
-1593
-1645
-1663
-1629
-1605
-1613
-1594
-1537
-1518
-1460
-1339
-1301
-1257
-1157
-1085
-1014
-930
-838
-802
-748
-624
-558
-470
-392
-353
-302
-237
-169
-126
-71
-85
-39
-23
-24
14
-28
-34
-75
-47
-41
-65
-10
-64
-36
-16
28
70
112
210
254
359
441
558
656
701
869
942
1000
1189
1278
1247
1427
1483
1436
1528
1581
1539
1507
1632
1461
1361
1546
1300
1167
1264
1088
861
974
890
592
742
652
326
411
413
210
157
186
59
-39
88
-56
-277
-140
-302
-424
-396
-629
-620
-688
-911
-965
-1089
-1264
-1286
-1400
-1624
-1691
-1627
-1696
-1949
-1786
-1817
-2022
-1687
-1795
-1881
-1665
-1456
-1457
-1513
-1145
-1116
-1029
-773
-773
-640
-411
-215
-230
-145
30
158
233
210
268
374
496
373
400
446
392
527
432
298
348
427
346
242
315
246
345
280
167
262
342
303
315
407
238
420
802
431
500
931
789
630
1157
1219
794
1350
1570
946
1316
1808
1352
1136
1674
1511
1039
1529
1467
825
992
1224
808
387
741
644
-18
188
192
-266
-253
-246
-473
-885
-632
-426
-1137
-1001
-818
-1067
-1041
-1020
-1017
-1107
-984
-841
-1001
-917
-747
-652
-752
-700
-416
-453
-415
-378
-314
-269
-233
-113
-227
-149
-154
-171
-155
-250
-204
-280
-347
-349
-410
-427
-492
-503
-614
-656
-606
-658
-703
-615
-528
-590
-447
-425
-506
-161
-124
-249
97
172
253
366
392
534
600
843
688
632
974
883
787
799
859
813
771
810
497
534
670
561
241
241
442
386
-59
57
132
11
37
-332
86
-234
-203
61
-601
-143
-163
-41
-457
-448
566
-487
-213
-40
159
64
-498
697
-52
-125
661
-50
123
409
361
46
32
626
29
2
504
132
35
371
171
-107
269
89
-41
161
62
-13
212
220
-13
237
210
237
298
265
365
415
480
559
462
540
697
472
503
508
462
433
256
359
129
-5
51
-159
-419
-317
-597
-783
-758
-1009
-1006
-1081
-1173
-1301
-1240
-1224
-1503
-1202
-1160
-1206
-1004
-968
-779
-793
-608
-406
-377
-304
-58
97
-13
22
104
647
28
-33
500
318
-170
-47
354
-493
-233
412
-972
-607
50
-604
-1045
-731
9
-1414
-536
-276
-1395
-392
-531
-372
-1159
-374
160
-705
-381
-129
-91
331
-91
74
477
618
601
374
734
1077
854
1168
892
872
1972
1300
428
1638
1980
790
984
1635
1227
827
1565
806
833
1264
881
678
465
1069
793
360
469
864
625
463
698
562
695
781
918
362
879
1286
507
738
1075
886
764
714
670
617
502
268
152
111
-162
-388
-461
-769
-890
-1029
-1325
-1365
-1635
-1618
-1852
-1878
-1907
-1974
-1887
-2167
-1730
-1895
-2047
-1575
-1648
-1641
-1492
-1231
-1391
-1466
-892
-985
-1438
-1138
-109
-1404
-1332
71
-1203
-707
-564
-798
-459
-764
311
-1348
-406
747
-915
-342
88
349
-735
830
148
-588
1446
620
-110
480
1649
222
441
1777
335
826
1821
867
465
1785
1276
691
1615
1080
1055
1517
1281
891
1408
1302
1027
1521
833
874
1599
616
938
740
1175
691
613
978
74
817
678
170
354
582
411
404
-61
682
403
-152
604
446
16
662
779
-110
586
926
99
394
801
361
388
775
176
357
588
-32
194
76
158
-286
-280
-283
-518
-737
-983
-630
-1215
-1224
-1002
-1555
-1569
-964
-1655
-2127
-1045
-1564
-1911
-1553
-1316
-1545
-1227
-1036
-1699
-745
-427
-1314
-638
-380
-389
-189
-662
441
-706
-208
1073
-1349
-305
1152
-653
-1386
1305
-746
-1263
528
-329
-1692
-324
1178
-3043
-330
860
-2328
-1086
489
-1517
-1320
213
-1097
-805
-659
137
-669
-1043
319
239
-1171
-56
1285
-945
-152
1338
345
-827
1594
1134
-1173
1815
1409
-675
1301
1837
260
216
2673
376
213
2576
406
595
1819
1133
262
1486
1907
-45
1050
1912
398
780
1408
767
951
1073
690
1087
1075
729
924
1279
824
1005
1362
1057
855
1566
759
1261
1341
435
1534
1182
412
1005
1203
119
746
592
249
60
293
133
-561
-298
-395
-505
-1099
-858
-676
-1340
-1208
-990
-1389
-1478
-1173
-1506
-1671
-1401
-1369
-1484
-1691
-1162
-1243
-1788
-1021
-1313
-1456
-1126
-1069
-1455
-950
-1118
-1324
-539
-2057
-423
-502
-2525
-281
-502
-1993
-776
-365
-1848
-795
-28
-1860
-1047
455
-1700
-1082
449
-1732
19
-526
-342
-589
109
-224
-264
725
-864
510
867
127
-1382
3139
-610
-810
2911
-483
701
968
1409
244
686
1812
589
644
1221
1611
491
949
1622
1341
279
1506
2399
-685
2130
1472
962
519
1897
1840
-272
2048
1533
1574
-326
2586
2250
-764
1522
3651
-801
374
4464
-640
437
2908
1504
-162
1175
3194
-299
12
3149
487
-620
1958
1470
-801
687
1374
194
-912
798
1112
-1671
-254
1139
-1078
-1822
703
-441
-2240
-665
-122
-1776
-1900
-512
-1002
-2700
-1091
-547
-2870
-1663
-798
-2068
-2375
-1299
-1452
-2353
-1943
-1086
-2259
-2105
-1046
-2191
-1723
-1920
-1106
-2108
-2077
-591
-2477
-1125
-1590
-1270
-1313
-2198
507
-2827
-922
311
-2880
164
-972
-834
-1187
-206
-46
-1940
732
-465
-820
98
375
-906
500
606
-842
1160
-324
1176
-373
939
986
-182
1559
186
1890
-679
2617
694
201
2337
637
1802
-344
3815
-375
695
3869
-859
1931
1898
1468
729
1533
2498
192
1552
2150
698
1547
1096
1560
1734
-230
2683
981
136
2251
608
1232
519
1666
652
432
1475
632
345
1300
522
217
1609
-402
1147
687
-271
1429
-46
246
785
452
-28
188
1289
-907
596
449
-344
307
-509
584
-493
-813
654
-857
-1088
323
-1260
-726
-871
-923
-930
-1629
-521
-1787
-1317
-1156
-1715
-1526
-1354
-1696
-1752
-1306
-1758
-1586
-1944
-905
-1846
-2198
-692
-1208
-2537
-1117
10
-2678
-1784
510
-1299
-3459
867
298
-4223
-314
2575
-4916
-888
2973
-3932
-881
622
465
-3461
372
2226
-3734
-253
2221
-1888
-1631
2331
-650
-1518
1154
960
-1682
1068
434
244
-182
507
1591
-928
1279
771
1150
-773
2234
1001
-930
2827
130
1038
1360
891
1612
872
1476
1268
1551
1033
1728
1070
2067
1299
133
4558
-1099
1538
3885
-830
1956
2185
1093
1082
1486
1682
1764
-378
2888
1190
-182
1828
1668
-5
478
2481
-472
867
1075
840
279
272
1289
183
-387
1340
-277
511
-306
321
702
-964
-68
967
-1150
-362
103
-69
-1292
-636
780
-2342
-153
-657
-1141
-1157
-1055
-935
-1317
-1652
-987
-1237
-2085
-1270
-1338
-1825
-2145
-1092
-1501
-2810
-860
-1255
-3147
-253
-2217
-1779
-932
-2312
-825
-1339
-2089
-279
-1720
-1024
-850
-1362
-233
-1549
-563
-496
-735
-1238
502
-1071
-839
649
-1478
435
-928
132
-328
-794
772
-891
-71
92
451
-1355
1072
687
-1784
1754
278
-492
462
1519
-333
149
2022
138
-137
2603
471
-366
3444
-185
1244
1630
1689
721
1499
2205
571
2055
1078
1961
1072
1395
1709
1126
1775
111
3149
-316
1179
2279
-451
1979
-253
2319
-623
939
1267
-21
355
492
1128
-1333
1679
-577
126
423
-561
831
-876
348
115
-622
-272
541
-834
-647
939
-1051
-670
827
-1049
-541
286
-649
-686
-179
-164
-1001
-396
-211
-597
-1257
50
-496
-1768
86
-647
-1814
-40
-919
-1400
-558
-894
-1047
-1186
-500
-1318
-1089
-378
-1492
-799
-250
-1446
-531
-406
-749
-851
-408
283
-1781
479
92
-1390
512
-107
-461
-74
-63
463
-739
-124
1445
-1302
-426
2520
-1988
-120
2442
-1680
171
1369
-18
-738
1205
728
-607
283
1723
-645
-211
2107
-751
199
1235
272
-235
992
616
132
162
777
1111
-1108
1317
1240
-1078
905
1530
-847
389
2028
-1435
1394
664
-312
1027
17
928
-293
930
124
547
55
486
367
-130
1007
-942
1183
5
-669
1234
-373
-457
1024
-69
-922
1102
33
-777
493
406
-420
-305
1214
-649
-316
1181
-405
-269
829
-117
94
298
363
38
-65
1152
-1005
858
332
-539
636
-21
8
-327
630
-565
26
-230
-124
-12
-986
173
-364
-800
-434
-73
-1010
-606
13
-1307
-379
-449
-857
-576
-754
-91
-1267
-31
-530
-1064
605
-1544
115
25
-1218
251
-580
323
-1477
392
524
-2052
856
-194
-834
-261
271
-975
366
-827
-111
642
-2088
1383
-210
-1306
458
633
-1172
279
118
-112
118
-713
1112
-640
-389
746
383
-1639
919
1489
-2553
967
1140
-1175
108
-150
1420
-1552
-294
2675
-2683
878
1202
-1041
527
176
415
179
308
-447
2115
-921
-481
2816
-877
-659
2199
511
-1087
1391
969
305
-673
1516
1600
-1793
860
2945
-1971
44
2762
-521
-787
1351
1884
-2104
1382
1743
-998
393
1684
-230
-21
1738
-689
1191
655
-261
1191
674
-473
985
1076
-927
729
1333
-1099
389
933
-571
-284
668
-382
-846
783
-885
-693
173
-817
-778
-198
-1128
-599
-590
-1104
-808
-881
-573
-1080
-1281
83
-1465
-959
-298
-1119
-777
-876
-24
-1711
-238
-118
-1536
-377
67
-1363
-416
224
-1327
-592
546
-1516
-623
661
-1713
160
-502
7
-1318
67
894
-2733
1122
471
-2195
981
-37
-955
84
212
-91
-1231
1849
-1384
550
-363
374
554
-1840
2578
-1822
990
286
-516
974
-137
148
826
-81
224
1790
-1430
1877
832
-974
2581
-499
1043
741
1176
353
373
2591
-1339
2442
-10
1684
14
1100
1991
-1528
3596
-918
763
1910
226
-64
1761
1122
-1068
2213
875
-474
1139
1498
-88
269
1611
898
-1041
2041
1062
-1225
1403
1482
-696
-22
2083
-264
-619
1113
946
-1129
-19
1667
-1253
-713
1364
-874
-1046
392
-250
-1455
-214
-230
-1625
-379
-703
-1313
-789
-637
-1478
-1103
-72
-2288
-530
-594
-1733
-418
-1522
-192
-1359
-1259
398
-1918
-620
403
-2068
171
-718
-704
-608
-951
402
-2151
1024
-1592
-488
331
-2129
1013
-1837
284
-1278
205
-972
-837
620
-1936
859
-1544
884
-1521
234
382
-1918
1333
-945
-544
103
449
-1452
530
541
-1142
418
-184
910
-961
204
1480
-564
-673
2734
-673
-710
2846
-392
813
-160
2363
478
-903
2618
782
-313
1311
1657
50
595
1406
1198
-105
538
2014
-9
-156
1649
803
-361
974
1109
-124
804
660
335
991
247
611
1001
148
915
620
952
-36
1263
1528
-893
1292
2077
-665
383
1812
219
-140
627
1146
-743
467
771
-333
-567
258
498
-1875
-157
439
-1504
-794
-329
-983
-1249
-796
-903
-1659
-626
-427
-2042
-434
-171
-2348
142
-495
-1984
123
188
-1645
-837
1468
-2108
-1125
2114
-2780
-93
1071
-1790
-406
-149
-319
-1696
280
-700
-1073
-254
-396
-1249
-721
232
-1796
-707
913
-2034
-884
1248
-2399
-30
-968
540
-1936
-715
1629
-2775
-121
413
-423
-2133
1296
400
-2759
1606
846
-2401
1313
702
-218
-301
1279
1121
-1197
2244
122
729
941
829
1410
472
1340
1105
1526
382
1680
1890
193
1855
1425
1133
1162
1224
1867
685
1316
1962
739
1089
1846
1004
1077
1019
2026
1023
463
2411
849
795
1514
1302
980
638
1964
502
278
1353
354
96
173
611
25
-674
278
-359
-1573
-298
-857
-1780
-897
-1266
-1488
-1788
-1692
-1640
-2209
-1845
-1510
-2014
-1714
-1295
-1790
-1440
-1666
-1110
-1292
-932
-1003
-598
-828
-684
34
-1598
90
-37
-912
-199
209
-802
-688
594
-1580
-690
866
-1370
-1192
906
-1047
-1617
537
-782
-1022
-577
444
-1053
-472
-323
-518
494
-1657
709
-127
-151
-453
137
650
-1093
950
474
-358
504
878
-36
491
880
296
852
970
607
530
1061
1528
-280
733
2881
-715
475
2949
-542
632
2147
-30
1161
1195
752
1507
81
954
1962
54
142
2362
555
276
1323
886
897
565
1382
60
1058
2022
-57
503
1504
1040
35
1023
923
202
1276
92
-120
752
92
-207
-468
-90
-373
-943
-386
-957
-1614
-1133
-1197
-2293
-1532
-1327
-2547
-1901
-1881
-2519
-2256
-2250
-1987
-2136
-1995
-1617
-1651
-1707
-1787
-1167
-1001
-1121
-941
127
-1052
-664
741
-772
-421
499
665
-898
334
1214
-794
-105
629
-29
-663
919
-272
-1130
1117
-308
-994
512
-60
-282
-289
-157
588
-840
15
376
255
-316
303
904
-1052
696
361
488
302
271
1498
-329
523
793
1044
5
1110
1648
-322
1568
1235
279
842
1130
1602
-77
1451
1961
-959
1826
1287
-570
1659
1029
186
805
788
863
387
408
926
1041
615
710
1154
479
1043
391
1218
1768
826
1321
997
1544
1413
981
1668
1505
1024
1395
1656
1252
1261
1080
-12
110
355
747
826
-188
-319
-1487
-1430
-744
-1478
-1657
-1333
-1554
-2712
-2473
-2264
-2711
-2748
-2627
-2445
-2270
-1726
-1863
-2716
-1980
-1570
-1587
-839
-441
-474
-667
-674
-248
182
-5
457
450
-43
948
507
-109
-33
207
21
-190
333
89
-244
-1123
-1002
-827
-643
-730
-854
-505
-1261
-1540
-918
-1332
-1206
-811
-1194
-420
-847
-1022
-1002
-956
-927
-514
130
-715
272
-446
-706
142
162
669
-192
1556
289
138
1955
44
948
1949
832
1279
1663
1618
790
1324
1982
371
1800
2005
916
669
1360
1731
291
1456
1712
603
1255
1373
1382
795
1583
1647
823
1987
1330
2062
1516
1203
2229
1867
1837
2187
2040
1871
2110
1959
2004
1844
2442
1898
1294
1963
422
14
1761
1160
-3
265
-156
-805
-1208
-1531
-1908
-1803
-1357
-2331
-3332
-3164
-2910
-3742
-4009
-3445
-3335
-3400
-3339
-3455
-3648
-3010
-2706
-2636
-1859
-1596
-1297
-1515
-1258
-488
-577
-411
185
267
246
448
14
76
-37
259
422
-12
451
-86
-363
-348
-638
-653
-185
-101
-603
-328
-318
-954
-956
-1214
-1424
-824
-516
-573
-776
-1108
-1928
-1526
-1042
-1131
-572
-674
-807
-1100
-1004
-621
-840
-249
538
-107
99
477
-107
747
502
869
2029
1279
1221
1447
1190
1857
1047
2596
2294
756
2632
1226
1367
1473
2139
466
1404
2690
-4
1165
2463
-26
716
2558
201
897
2515
1632
257
1667
2479
520
885
3872
1409
836
3099
1772
1323
2466
2778
1735
1835
3055
2266
952
2719
2407
865
1810
1711
414
351
1337
854
-65
-360
-468
-1494
-1814
-1453
-1805
-2606
-2276
-2150
-3803
-3954
-3222
-3474
-3889
-3347
-3056
-3544
-3453
-3036
-2975
-2805
-1954
-1509
-1551
-978
-794
-840
-394
58
222
569
891
565
720
754
560
612
471
824
783
445
421
30
22
169
-243
-15
76
36
-297
-521
-526
-592
-955
-1537
-1963
-1097
-510
-1160
-2046
-2160
-1984
-2132
-2032
-1888
-1380
-1552
-1596
-1736
-1716
-1145
-1062
-919
-259
-71
-101
-369
-49
942
62
1242
1556
1004
1406
976
1909
1416
1528
2453
1453
1617
1378
2102
1144
1573
1552
621
1262
1486
1279
469
709
807
1471
68
486
1570
1101
785
901
1870
1308
938
1437
2257
1923
1808
2701
1796
2516
2436
2248
2541
2755
3000
2135
1696
1875
1478
1961
2442
1654
762
103
349
711
-153
-1238
-1446
-678
-1152
-2570
-3243
-2613
-2507
-3425
-3894
-3437
-2856
-3677
-4286
-3782
-2825
-2847
-3226
-2809
-2336
-1970
-1642
-1357
-791
-388
-291
-420
180
913
968
679
699
1164
1351
1145
955
817
623
700
788
505
279
-59
-149
-254
-199
-159
-711
-651
-861
-960
-1455
-2404
-2769
-1821
-1088
-1645
-2647
-3091
-2868
-2968
-2740
-2402
-2116
-2210
-2421
-2374
-1888
-1416
-1390
-972
-191
564
349
-208
722
1752
2217
1648
2265
2994
2650
2151
2789
3508
3073
3066
1738
2755
2572
2878
1037
1578
2683
1001
943
295
1482
396
212
480
266
442
-87
5
290
1121
1088
337
512
1105
1840
1819
1497
2352
2241
1930
2459
3149
3343
2525
3008
3450
2675
1036
316
2101
4322
3766
766
-1079
-129
1045
422
-1257
-1174
-82
-926
-3252
-4426
-3103
-2457
-3323
-4294
-3878
-3165
-3814
-5066
-5025
-3403
-2508
-2795
-3049
-2572
-2057
-2091
-1893
-474
703
573
-46
279
1414
2041
1647
1344
1836
2622
2544
2124
2068
1847
1398
1414
1710
1807
1240
370
370
276
182
-30
-530
-550
-743
-887
-1508
-2794
-3009
-2633
-2119
-2217
-3054
-3792
-3931
-3737
-3587
-3593
-3640
-3255
-3276
-3358
-2939
-2711
-2509
-1983
-1093
-430
-392
-537
56
1327
2047
2215
2223
2682
2949
3137
3579
3692
3783
3206
2801
3272
2846
2159
2528
1997
2005
1163
276
505
613
141
-14
-384
-389
-322
-925
-740
-1
626
61
-132
663
1084
1348
1953
2061
2296
2489
2760
3279
4020
4230
3789
4292
4349
2380
365
1890
6039
6651
2561
-1239
-877
2188
2360
-753
-2015
52
768
-2750
-5610
-4499
-1737
-2226
-4793
-5382
-4103
-3730
-5442
-6033
-4370
-2441
-2787
-4202
-4126
-2747
-1946
-1979
-1265
142
339
-533
-655
832
2236
1792
1046
964
2119
2532
1872
1328
1488
1731
1508
1136
853
999
604
46
-253
50
48
-825
-1484
-1375
-1329
-1667
-2794
-4031
-3613
-2501
-2323
-3629
-4801
-4738
-3991
-3943
-4421
-4128
-3864
-3554
-3599
-3713
-3134
-2391
-1633
-1193
-639
-407
-110
708
1764
2381
2719
3084
3314
3764
3932
4251
4650
4459
4441
4024
3432
3984
3832
3373
3037
2115
1754
2055
1270
1041
1241
462
213
-21
-156
5
592
766
236
421
1042
1058
1589
1999
2296
2565
2565
3065
3687
4308
4220
4413
4469
2691
174
894
5972
8791
4438
-2112
-2741
2163
4694
580
-3129
-1222
2185
-290
-5986
-6702
-2385
-370
-3680
-6317
-5117
-3550
-5337
-7375
-5468
-2104
-2159
-5114
-6107
-3621
-1949
-2448
-2718
-832
611
-700
-1957
-577
1901
2063
774
479
1652
2674
1747
1165
1719
2225
1796
967
1204
1765
1416
462
238
554
1000
162
-821
-763
-445
-664
-1489
-2941
-3792
-3192
-1738
-1495
-3576
-4959
-4640
-3749
-3684
-4511
-4034
-3349
-3092
-3916
-4612
-3472
-1975
-1298
-1659
-1214
-860
-100
464
869
1932
2980
3260
2807
3197
3999
4511
4607
4621
4971
4672
4161
3671
3837
4367
3918
2767
2133
2423
1775
1368
1142
1133
832
22
-482
190
956
522
-125
149
1186
1634
1181
967
1986
3018
3235
3076
3224
3980
4157
3716
1761
-26
1291
5469
7536
3645
-2102
-3017
1324
3917
971
-2877
-2281
819
-537
-5372
-6710
-3090
-416
-3092
-6475
-6030
-3872
-4446
-6344
-5403
-2700
-1875
-4329
-6075
-3981
-1799
-1469
-2139
-1286
50
-364
-1620
-823
1533
2123
1308
242
909
2185
1712
1242
1400
1710
1429
612
528
1157
989
214
-44
287
387
-418
-1273
-1091
-685
-900
-1339
-2714
-3892
-3991
-2823
-1598
-2520
-4352
-5303
-4724
-3755
-3930
-4061
-3740
-3092
-3617
-4545
-4108
-2633
-1482
-1448
-1369
-1024
-215
-218
35
1253
2957
3689
2909
2565
3207
4114
4611
4867
5436
5333
4221
3530
3876
4896
4874
3734
2936
2907
2661
2131
1826
1831
2007
1488
777
972
1076
769
973
1453
2256
1997
1322
1507
2569
3853
3684
3581
3838
4495
4270
3409
2146
959
2136
5170
6812
3907
-1257
-2807
428
3469
1946
-1967
-2706
-736
-808
-4286
-6275
-3987
-1069
-2250
-5887
-7006
-5164
-4009
-5044
-5480
-3872
-2579
-3581
-5435
-5159
-2928
-1235
-1347
-1748
-1309
-1097
-1454
-1268
202
1467
1036
-153
-260
792
1255
876
624
609
678
465
88
-105
40
94
16
76
-184
-831
-1328
-1097
-586
-451
-965
-2065
-3164
-3568
-2961
-1583
-1194
-2722
-4398
-4682
-3387
-2633
-2934
-2961
-2520
-2182
-2912
-3625
-2782
-681
433
12
-449
-161
398
777
1689
3354
4284
3883
2777
2677
3790
4982
5656
5443
5201
4577
4004
3760
4334
5064
4788
3870
2883
2392
2411
2502
2468
2401
2280
1992
1473
823
848
1675
2386
2755
2079
1236
1473
2775
3551
3679
3470
3350
3540
3322
2587
743
-55
1673
5069
5635
803
-4457
-4295
423
2333
-979
-4289
-3652
-1616
-3801
-7690
-7372
-3098
-974
-4731
-8844
-8140
-4474
-3896
-5751
-5756
-3407
-1914
-3893
-5749
-4358
-1295
126
-740
-963
-463
-354
-746
-200
1607
2360
1448
120
234
1119
1561
1580
962
468
15
-88
153
88
-283
-651
-470
-584
-1277
-1878
-1822
-1271
-951
-1418
-2377
-3553
-4378
-4002
-2367
-1235
-2383
-4535
-5551
-4463
-3035
-2796
-2819
-2466
-2161
-2865
-3924
-3092
-650
1039
559
-349
-135
515
1028
1513
2997
4466
4487
3271
2502
3390
4637
5426
5445
5456
5217
4263
3448
3663
4973
5596
4715
3139
2174
2597
3196
3206
2959
2566
2593
2283
1752
1536
2038
2712
3080
2912
2345
2303
2598
3413
4175
4254
3682
3465
3563
3130
951
-502
1072
5299
6554
1366
-5012
-5445
-94
2694
-636
-4607
-4061
-1898
-3793
-7923
-7764
-3242
-743
-4527
-8902
-8262
-4294
-3380
-5437
-5750
-3183
-1120
-2802
-5059
-4250
-1136
852
299
-272
-58
87
-103
258
1733
2729
2175
466
-266
702
1952
2237
1140
-109
-794
-495
53
40
-504
-1098
-1184
-1304
-1735
-2058
-2032
-1786
-1711
-1824
-2415
-3516
-4451
-4285
-2775
-1728
-2319
-3815
-4766
-4523
-3588
-2664
-1929
-1343
-1543
-2570
-3313
-2232
212
1633
1351
568
622
1353
1918
2443
3354
4506
4752
3979
3505
3897
4715
4981
5173
5467
5417
4655
3594
3349
4200
5100
4513
3067
2309
2484
2772
2766
2829
2740
2485
2056
1709
2036
2574
2772
2458
2464
2947
2996
2857
3029
3944
4288
3651
2886
2475
1299
-516
-695
2679
5740
3065
-3806
-7225
-3441
1167
-289
-4721
-5737
-3440
-3802
-8075
-9693
-5683
-1559
-3901
-9121
-9892
-5710
-3334
-5284
-6862
-4444
-1336
-2031
-4664
-4518
-1504
790
428
-160
493
1106
756
382
1477
3063
3211
1600
241
773
2166
2660
1949
667
-216
-426
-291
-184
-173
-308
-858
-1960
-2758
-2574
-1759
-1592
-2431
-3200
-3221
-3361
-4297
-5279
-4634
-2860
-2093
-3151
-4918
-5420
-4522
-3290
-2338
-1352
-820
-1751
-3325
-3102
-587
1988
2474
1399
455
964
2202
3086
3641
4336
4837
4427
3992
4068
4771
5147
4865
4982
5474
5467
4353
2995
3201
4536
5161
3974
2378
1840
2258
2985
3241
3288
3011
2201
1463
1749
3321
4366
3736
2405
2161
3463
4652
4726
4073
3696
4132
4337
3405
923
-828
-26
3441
5752
2693
-3422
-6636
-3748
14
-670
-3636
-4830
-3786
-5079
-8731
-9312
-5106
-1414
-4052
-9095
-10041
-5995
-3093
-4516
-6217
-4574
-1655
-1795
-3745
-3774
-1319
856
751
493
1027
1506
890
386
1550
3142
3418
1937
522
343
1166
2147
2232
1214
-412
-1248
-1068
-513
-172
-425
-1041
-2067
-2759
-2812
-2101
-1410
-1909
-2971
-3624
-3838
-4308
-4623
-3707
-2352
-2122
-3479
-4685
-4485
-3427
-2628
-2057
-962
-303
-958
-2483
-2426
-17
2527
3073
1717
646
1165
2603
3651
4118
4501
4476
4114
3779
4151
4786
4839
4513
4453
4746
4488
3752
2981
3210
4124
4178
3068
2078
2067
2690
3245
3524
3537
3180
2552
2263
3091
4690
5114
4199
3169
3374
4702
5391
5407
4790
4443
4223
3454
1153
-1133
-778
2854
5545
2444
-4445
-8159
-5557
-1694
-2357
-5013
-5687
-5022
-7500
-12231
-12016
-6062
-1685
-5241
-11513
-12305
-7484
-4173
-5194
-6409
-4542
-2110
-2440
-4053
-3197
-285
1956
1734
1343
1955
2673
2616
2206
2910
4122
4590
3669
2024
1224
1866
3078
3019
1417
-275
-862
-709
-947
-1142
-1158
-1332
-2556
-4119
-4422
-3255
-2242
-2892
-4305
-5262
-5854
-6015
-5268
-3551
-2690
-3596
-5386
-5806
-4445
-2961
-2247
-2000
-1177
-617
-1139
-1846
-1078
1186
2879
2882
1877
1432
2164
3119
3813
4344
4891
4738
3868
3240
3748
4730
4793
4222
3654
3455
3348
2967
2784
3118
3458
2942
1984
1879
2497
3200
3417
3627
4009
3920
3542
3484
4722
6140
6229
5369
4692
5497
6707
7039
6587
5970
5741
5441
4066
1194
-768
761
4812
5762
604
-5897
-7713
-4215
-2206
-3871
-5426
-4814
-5097
-9781
-13956
-11146
-4142
-1784
-7120
-12178
-11016
-6369
-4521
-5532
-5124
-2573
-1283
-3054
-4029
-1885
1582
2851
1749
1418
2472
3493
3112
2273
2800
3941
4509
3188
1442
953
1940
2517
1314
-308
-949
-614
-1096
-2360
-2788
-2065
-1735
-3334
-4946
-4748
-3245
-2665
-3707
-4949
-5832
-6069
-5602
-3905
-2351
-2555
-4270
-5618
-4738
-2881
-1388
-944
-756
-443
-740
-814
41
1817
2950
2830
2424
2404
2995
3431
3728
4148
4726
4748
4050
3619
3655
4109
4058
3735
3485
3051
2611
2106
2306
2691
2470
1803
1216
1595
2229
2720
2889
3162
3744
3745
3643
4056
5433
6628
6697
6045
5659
6442
7420
8100
8014
7641
6844
5819
4525
1845
33
885
4464
5757
970
-5532
-8439
-5803
-4067
-5554
-6561
-5486
-5775
-11394
-16334
-13776
-6404
-3527
-8293
-12767
-11694
-7760
-6837
-7452
-5583
-2184
-1111
-3485
-4050
-1361
1940
2714
1759
2453
3979
4703
3897
3145
3788
4364
4243
3148
2588
2702
2681
1568
-363
-1327
-1189
-767
-1596
-3144
-3947
-4122
-4178
-5095
-5703
-5313
-4685
-4575
-5861
-7295
-7798
-6753
-4635
-3248
-3306
-4368
-5231
-4955
-3663
-1679
129
866
337
-452
-217
1491
3366
4236
4187
3739
3647
3926
4579
5315
5346
4942
4505
4427
4510
4121
3702
3401
3239
2950
2350
1951
1642
1328
1041
929
1015
807
411
448
1453
2677
3156
3079
3016
3487
4181
5448
6753
7594
7520
6701
6733
7585
8939
9731
9379
8720
7266
6422
4559
1791
337
1750
5535
5292
-289
-6603
-8361
-5799
-5505
-6894
-6734
-4732
-6329
-13011
-16848
-12790
-5536
-4520
-9111
-11828
-9334
-6282
-6700
-6925
-4363
-770
-384
-2289
-1570
1272
3588
2701
1708
3035
5239
6197
5283
4452
4057
3301
2239
1755
2756
3673
3066
339
-2487
-3651
-3220
-2277
-2448
-3154
-4177
-5249
-6384
-7436
-7024
-5566
-4192
-4641
-6844
-8405
-8072
-5847
-3990
-3111
-2984
-3114
-3436
-3865
-2765
-302
2133
2509
1399
1325
2499
3927
4109
4288
5080
5573
5292
4712
5197
5610
5040
3881
3715
4523
4503
3414
2092
1903
2013
1670
1169
839
948
473
-146
-439
-209
194
435
962
1993
2993
3445
3590
3596
4477
5815
7474
8731
8856
8660
8005
8296
9150
10386
11380
10878
9777
7899
6255
3201
240
93
3490
6974
3838
-3397
-9449
-9870
-8217
-8603
-7978
-6062
-5163
-10713
-18198
-18672
-12120
-5945
-7449
-11259
-11790
-8917
-7419
-7994
-6445
-3166
-526
-1260
-1590
785
3593
4441
2441
2092
3689
6057
7285
6623
5681
3550
1546
34
420
2171
3102
1946
-1770
-5450
-7562
-7043
-5494
-4767
-5106
-6747
-8310
-10199
-10761
-9631
-7470
-6067
-7187
-8728
-9101
-7225
-5126
-4112
-3532
-2828
-1680
-1416
-968
359
2533
3885
3594
3742
4887
6533
6574
5950
6104
6830
7236
6701
6673
6785
6116
4560
3594
4236
4734
4091
2441
1411
1027
643
398
353
688
321
-516
-1068
-944
-264
349
1159
2263
3287
4042
4404
4766
5312
6336
7844
9506
10762
10774
10042
9148
9229
10330
11418
12209
11373
9716
6942
2860
-261
-1234
2185
5771
4722
-1254
-8587
-11210
-10864
-9926
-8909
-7052
-5196
-8203
-14659
-18476
-15123
-8687
-6219
-8289
-10081
-7992
-5481
-4774
-5378
-4078
-1008
695
1656
2698
5213
6501
4878
2641
2042
4612
7557
8937
7913
4940
1401
-1485
-2038
-633
1487
1852
-239
-4164
-8261
-10142
-9680
-7488
-6046
-6456
-7927
-9823
-10703
-10798
-9868
-8319
-7648
-7620
-7693
-6407
-4221
-3185
-3344
-3655
-2465
-219
1579
2809
3693
4182
3948
3549
4477
6635
8008
7604
6106
5196
5429
5836
6121
5926
5082
3772
2526
2345
2676
2520
1682
568
-167
-477
-547
-278
-10
-230
-648
-904
-518
145
679
1650
2909
4329
5230
5722
6400
7100
8031
8953
10260
11576
12093
11773
11034
10971
11348
11587
11825
11303
10005
6420
1461
-1667
-1328
2640
4668
2256
-3820
-9961
-12445
-13046
-11820
-10051
-7877
-7272
-10577
-15094
-17145
-14164
-9862
-8034
-8966
-9186
-6566
-3407
-1766
-2450
-2539
-1225
1154
3908
6049
8270
8822
7597
4992
2849
3570
6258
9279
9361
5835
709
-3262
-4039
-2983
-1767
-2018
-3699
-6503
-9927
-12482
-13178
-11643
-10240
-10389
-11928
-12945
-12125
-10924
-10278
-10902
-11399
-10810
-8861
-5595
-2583
-987
-1587
-2864
-2752
-584
2626
5286
6848
7189
6535
5456
5394
6797
8527
8942
7672
6348
5850
6073
6033
5336
4364
3035
1890
1338
1574
1903
1340
0
-1327
-1846
-1690
-1079
-524
-74
-1
-329
-277
66
1305
2890
4520
6178
7035
7872
8441
8995
9823
10500
11756
12800
13229
13044
12466
12340
12085
11515
10666
9841
7751
3816
-813
-2941
-332
2893
3265
-1809
-8418
-12329
-13984
-13063
-12193
-9749
-7656
-8564
-11741
-15523
-15035
-11818
-8603
-7534
-7707
-6232
-3436
-322
1048
1058
393
654
2691
5962
9520
11190
11254
9343
6558
4150
3473
5869
8616
9236
5773
422
-3266
-4380
-3666
-3708
-4803
-6705
-8834
-10690
-12136
-12419
-12105
-12024
-12855
-13971
-13796
-12104
-9965
-9060
-9964
-11127
-11115
-8652
-4565
-872
990
124
-1092
-1137
918
4084
6506
8260
8549
8135
7108
6513
7265
8206
8588
7496
6217
5681
5839
5806
4605
2742
937
159
345
870
875
23
-1223
-2257
-2679
-2494
-2024
-1366
-862
-452
-8
664
1780
3012
4477
5700
6688
7478
8572
10102
11643
12486
12491
12407
12381
12763
12876
13088
13245
12579
11288
8733
5541
1875
-1948
-2958
-1549
1306
1343
-3404
-9340
-14541
-15693
-15438
-14322
-12404
-11255
-10577
-12435
-13861
-13786
-12292
-10548
-10233
-9007
-6453
-2271
1581
3514
3793
2711
2070
2847
5474
9128
12016
13004
11959
9447
6952
5440
5418
6073
5591
3566
480
-1908
-3060
-3769
-5052
-7690
-10912
-13641
-14825
-14098
-12661
-11880
-12961
-15169
-16771
-16630
-14536
-12340
-10782
-10556
-10470
-9359
-7086
-3692
-1256
122
110
161
1288
3300
6174
8301
9576
9427
8693
8284
8324
8735
8627
8259
7620
6990
6399
5763
5084
3871
2149
373
-454
-180
355
118
-982
-2096
-2652
-2611
-2394
-1941
-1355
-703
-218
398
1524
3158
4954
6314
7251
7880
8781
10000
11592
12919
13750
13764
13355
12900
12832
13327
13752
13798
12438
10565
7272
3575
-773
-3615
-3167
-1091
1206
-856
-5164
-10897
-14923
-16176
-16050
-13680
-12222
-10849
-11134
-11511
-11002
-10549
-9654
-9848
-9072
-7450
-4377
-274
3451
6323
6741
5706
4472
4577
6461
8875
11015
12222
12097
10848
8701
6703
5444
4406
2915
429
-1825
-3133
-3412
-3651
-5181
-8029
-11825
-15033
-16589
-15920
-13811
-12275
-12386
-13860
-15056
-14975
-14035
-12929
-12222
-11292
-9554
-7280
-4435
-2047
-205
449
225
396
1259
3702
6171
8299
9410
9589
9493
8613
7932
7035
6689
6546
6350
6323
6022
5825
4814
3164
1113
-526
-1143
-1176
-856
-624
-514
-686
-1116
-1699
-1980
-1815
-1215
-521
275
1640
3416
5616
7352
8299
8552
8462
9035
10027
11856
13672
14617
14764
13631
13058
12509
12605
12477
11475
10419
7458
4261
-465
-3499
-4163
-3046
-1091
-2503
-5269
-10520
-14119
-15885
-16078
-14422
-13820
-12532
-12793
-12284
-11306
-10037
-8432
-8550
-8254
-7916
-5580
-2000
1690
5074
6687
7431
6977
6600
6922
7892
9466
10463
10639
9978
8720
7543
6494
5259
3330
529
-2413
-4974
-6267
-6520
-6542
-7368
-9835
-13001
-15748
-16582
-16028
-15122
-14596
-14566
-14408
-14244
-13667
-13138
-12159
-10839
-9142
-7071
-4941
-2710
-1226
45
1041
2290
3634
4741
5703
6544
7817
8875
9432
8986
7907
6651
5743
5473
5505
5620
5215
4285
2938
1730
872
361
-115
-639
-1009
-1155
-1112
-981
-675
-312
185
496
665
793
1480
3016
5246
7568
9109
9741
9799
10145
11020
12375
13735
14426
14380
13893
13506
13662
13751
13668
12770
11330
8825
5054
523
-3725
-5182
-4484
-2199
-1789
-3736
-7811
-12467
-15244
-16978
-16363
-15474
-14057
-13223
-12774
-11269
-9565
-7327
-6784
-7008
-7367
-6714
-4267
-979
3316
6970
9517
10257
9661
8997
8455
8593
8991
9641
10200
10036
9201
7965
6606
4774
2181
-1051
-4338
-6815
-8035
-8202
-8119
-8833
-10551
-12924
-14891
-15931
-16087
-15562
-14998
-14223
-13741
-12937
-12161
-11062
-9434
-7686
-5354
-3747
-2199
-1472
-411
1239
2981
5170
6256
7116
7054
7263
7714
8122
8499
7647
6484
4840
4027
3891
4086
4102
3163
1783
45
-1240
-1930
-2060
-1864
-1606
-1598
-1766
-1976
-1739
-1181
-446
284
667
1217
1802
3266
5332
7752
9745
10577
10901
10736
11452
12529
14038
15143
15219
14879
13711
13572
13227
13425
12720
11014
8432
4184
-79
-4699
-6284
-6141
-4394
-4028
-5958
-9342
-13677
-15884
-17319
-16313
-15251
-14316
-14063
-14183
-12495
-10303
-7223
-5691
-5011
-4809
-4367
-2542
11
3776
6930
9386
10475
10652
10452
9733
9516
9525
9934
9683
8608
7044
5483
4194
2612
580
-2078
-5006
-7752
-9634
-10594
-10914
-11352
-12454
-13973
-15298
-15904
-15746
-15144
-14392
-13860
-13376
-12918
-11989
-10190
-7897
-5318
-3566
-2248
-1505
-532
734
1978
3645
4870
5915
6134
6134
6223
6453
6893
6520
5623
3980
2532
1811
1820
2427
2453
1832
305
-1253
-2146
-2334
-1808
-1264
-882
-816
-784
-422
149
914
1579
2167
2727
3381
4395
6017
8064
10248
11773
12532
12525
12437
13105
14186
15850
16365
16395
15189
14467
14007
13821
13635
12123
10229
6096
1781
-3274
-5608
-5879
-4601
-3779
-5477
-8047
-12307
-14427
-16047
-15417
-14363
-13972
-13567
-14193
-12654
-11001
-8118
-6061
-4814
-3622
-3115
-1389
257
3143
5758
8068
9618
9988
9962
9234
9105
9360
9889
9721
8451
6457
4327
2564
1109
-340
-2168
-4439
-6992
-8965
-10130
-10518
-10904
-11881
-13272
-14393
-14677
-14020
-13082
-12194
-11829
-11675
-11386
-10778
-8891
-6843
-4120
-2432
-1219
-540
-225
832
1448
3141
4088
4937
4889
4315
4399
4368
5194
4963
4284
2663
955
87
-154
657
836
589
-668
-1878
-2399
-2325
-1640
-1229
-948
-994
-839
-418
248
1135
1908
2648
3268
3786
4421
5421
7020
9083
11000
12204
12483
12271
12263
12868
13942
14815
15133
14607
13962
13196
12816
12262
11432
9772
6369
2154
-2906
-5431
-6370
-5326
-4834
-6190
-8015
-11233
-12398
-13522
-12902
-12243
-12346
-12460
-13489
-12313
-10669
-7634
-5213
-3596
-2087
-1255
441
1828
3980
5691
7004
7606
7494
7506
7430
8040
8479
8661
7754
5983
3871
1854
360
-1288
-3126
-5512
-7729
-9208
-9702
-9478
-9596
-10307
-11696
-12840
-13200
-12533
-11250
-10079
-9336
-9207
-9066
-8762
-7606
-5913
-3758
-1872
-804
-204
-116
468
1080
1998
2706
2960
2760
1917
1450
1274
1721
2031
1724
833
-510
-1615
-2272
-2205
-1908
-1697
-1839
-2143
-2056
-1629
-833
-127
421
786
1063
1505
1952
2716
3386
3988
4493
4820
5391
6149
7330
8660
9941
10824
11425
11856
12286
12928
13412
13885
13851
13565
13200
12830
12971
12834
12664
11422
8531
4521
-532
-3595
-5112
-4774
-4434
-5646
-6771
-8638
-8865
-9058
-8994
-8901
-9899
-10555
-11738
-11269
-9665
-7274
-4860
-3390
-1808
-528
1045
2381
3669
4766
5483
5734
5628
5671
5832
6281
6271
5874
4794
3394
2119
914
-14
-1471
-3498
-6073
-8482
-9769
-9983
-9401
-9147
-9463
-10059
-10498
-10178
-9361
-8101
-7012
-6441
-6469
-6891
-6830
-6069
-4349
-2390
-733
252
476
551
563
873
1150
1272
1022
249
-558
-1100
-916
-464
-174
-399
-1113
-1895
-2585
-2833
-2740
-2543
-2625
-2875
-2877
-2200
-1083
-59
670
1152
1736
2312
2919
3443
3931
4226
4071
3790
3705
4288
5525
6785
7842
8403
8744
9268
9871
10792
11456
11779
11594
11019
10805
10873
11334
11680
11479
11026
9675
7266
3875
-80
-2207
-3421
-3393
-4076
-5451
-6131
-6928
-6355
-6585
-6437
-6453
-6750
-6956
-7856
-7736
-7086
-5518
-4045
-2881
-1574
-231
1308
2412
3468
4149
4688
4452
3848
3315
2909
2941
2380
1875
985
95
-774
-1990
-2885
-4297
-5868
-7922
-9748
-10431
-10342
-9652
-9592
-9800
-9882
-9429
-8244
-6960
-5502
-4568
-4126
-4286
-4423
-3833
-2648
-1154
-210
381
773
1305
1923
2329
2467
2135
1416
279
-873
-1718
-2006
-1973
-2038
-2354
-2905
-3240
-3330
-3100
-2907
-2836
-2894
-2911
-2576
-1993
-1138
-325
496
1295
2074
2910
3696
4441
4925
5024
4752
4253
3962
4085
4771
5613
6326
6765
7197
7989
8927
9925
10430
10657
10486
10124
9867
9818
10188
10451
10391
9948
9053
7114
4337
817
-1096
-1853
-1877
-2698
-4714
-5481
-5748
-4696
-4700
-4900
-4512
-4067
-3579
-4571
-4908
-4197
-2543
-1298
-1234
-769
434
2346
3591
4240
4611
4940
4778
3906
3105
2422
2087
1157
9
-1064
-2030
-2728
-3732
-4394
-5247
-6499
-8177
-9775
-10031
-9603
-9105
-9418
-9904
-9563
-8545
-7068
-5970
-4758
-3748
-3187
-3156
-3261
-2360
-1015
271
610
463
601
1059
1796
2129
2158
1737
903
-120
-1158
-1905
-2492
-2981
-3404
-3763
-4064
-4190
-4027
-3479
-2897
-2669
-2669
-2590
-2015
-1294
-749
-342
140
1046
1990
2886
3719
4472
5082
5003
4410
3693
3351
3561
3997
4365
4663
4862
5311
5980
6751
7671
8212
8666
8684
8550
8658
8789
9175
9065
8620
8168
7118
5339
2499
-160
-907
-953
-1030
-2861
-4604
-4579
-3668
-2516
-3126
-3130
-2444
-1597
-1777
-2944
-2513
-919
660
384
-494
-51
1933
3872
4608
4707
4911
5281
4723
3703
2607
2061
1392
-73
-1882
-3666
-4602
-5091
-5341
-5908
-7096
-8616
-9966
-10374
-10128
-9759
-9862
-10072
-9941
-9402
-8509
-7435
-5726
-4078
-3093
-3188
-3387
-2351
-593
999
1120
719
521
803
1238
1351
1751
1859
1534
255
-1109
-1878
-2104
-2285
-3130
-4103
-5029
-5246
-5028
-4369
-3616
-3016
-2501
-2166
-1610
-990
-113
684
1342
1717
2062
2684
3580
4635
5302
5679
5590
5324
4871
4437
4270
4222
4239
4065
4120
4629
5639
6649
7324
7714
7976
8273
8244
8162
8040
8105
8171
7766
7299
6038
4249
1813
-274
-762
-969
-1191
-2720
-3660
-3361
-2726
-2185
-2618
-1820
-712
-126
-897
-1774
-657
1300
2504
1822
1070
1591
3105
4148
4538
4932
5611
5859
4960
3720
2686
2242
1372
-323
-2699
-4977
-6294
-6610
-6528
-7051
-8310
-9636
-10140
-10034
-9795
-9806
-9537
-9033
-8693
-8713
-8467
-6985
-4941
-3383
-3338
-3564
-3018
-1466
50
557
710
725
1080
1054
922
1065
1419
1602
705
-664
-1824
-2163
-2138
-2615
-3586
-4579
-4879
-4628
-4287
-4016
-3602
-2841
-2035
-1459
-967
-127
959
1832
2140
2288
2782
3540
4222
4492
4671
4903
5041
4991
4655
4437
4238
3944
3662
3416
3708
4205
4827
5411
5797
6331
6718
7034
7149
6758
6445
5926
5641
5011
3252
1154
-1293
-2042
-2319
-2508
-3169
-4008
-3301
-2702
-1859
-1848
-1051
501
1353
1133
116
728
2394
3632
3182
2245
2633
4159
5288
5283
5055
5527
6148
5780
4519
3368
3028
2530
919
-1826
-4292
-5512
-5829
-6318
-7640
-8985
-9757
-9781
-9793
-9818
-9356
-8375
-7492
-7613
-7988
-7612
-5952
-4165
-3340
-3416
-3479
-2639
-1402
-202
355
636
756
735
560
188
141
252
239
-460
-1667
-2555
-2745
-2679
-3168
-4213
-4983
-5139
-5014
-4989
-4802
-3928
-2839
-2137
-1843
-1157
367
1836
2655
2873
3325
4148
4729
5003
5163
5630
5944
5706
5211
4845
4868
4770
4350
3897
3620
3744
3905
4103
4386
4761
5292
5655
5882
6035
6050
6129
5768
5187
3917
1794
-689
-3173
-3997
-4204
-3986
-4497
-4700
-3666
-2367
-1077
-841
360
1877
3024
2718
2097
3110
4825
5672
4580
3736
4516
6191
6777
6237
6045
6857
7278
6268
4589
3578
3338
2271
46
-2738
-4594
-5597
-6439
-7607
-9099
-10157
-10840
-10896
-10770
-10286
-9483
-8541
-7715
-7488
-7176
-6382
-4830
-3499
-3102
-3297
-3175
-2053
-644
407
842
1089
1363
1405
1211
970
902
637
-297
-1650
-2743
-3157
-3327
-3772
-4465
-4970
-5158
-5291
-5462
-5403
-4880
-4211
-3745
-3399
-2597
-1152
517
1885
2880
3858
4866
5663
6156
6496
6888
7080
6857
6419
6035
6016
5839
5534
5026
4778
4745
4651
4556
4340
4543
4553
4718
4494
4516
4258
3828
3221
2474
1882
-48
-2386
-5397
-6609
-7153
-7233
-7671
-7875
-6555
-5384
-3744
-2862
-545
1796
3483
3635
3295
4310
5658
6613
5901
5391
5614
6655
7097
7006
7059
7586
7964
7237
5998
4732
4120
3066
1297
-1259
-3570
-5146
-6246
-7212
-8552
-9593
-10259
-10158
-9872
-9431
-8869
-8043
-7013
-6366
-5763
-5086
-3717
-2538
-2060
-2324
-2334
-1314
-25
921
969
1148
1490
1886
1836
1522
1323
782
-242
-1906
-3115
-3685
-3815
-4330
-5298
-6094
-6405
-6138
-5902
-5701
-5604
-5320
-4899
-4357
-3592
-2505
-1106
269
1376
2298
3454
4909
6380
7242
7634
7709
7707
7442
7004
6795
6655
6450
5860
5481
5587
6036
6352
6354
6227
6168
5899
5621
5109
4630
4051
3143
1818
-979
-3953
-6707
-7519
-8046
-9015
-10150
-10387
-8747
-7503
-6058
-4785
-2002
510
1926
2632
3734
5988
7440
7955
7365
7225
7423
7938
8257
8282
8166
8124
8245
8027
7277
6178
5337
4194
2298
-529
-2954
-4546
-5630
-7152
-9076
-10536
-11199
-10983
-10571
-9827
-8998
-7889
-6891
-6020
-5102
-3999
-2714
-2027
-1874
-2067
-1640
-688
392
1128
1501
1907
2190
2577
2740
2722
2237
1288
52
-1314
-2437
-3364
-4166
-5153
-6197
-6930
-7113
-6926
-6712
-6521
-6156
-5736
-5415
-5188
-4636
-3758
-2825
-1977
-1081
234
1666
3182
4405
5700
6825
7684
8092
8123
8251
8097
7968
7429
7086
6821
6681
6710
6624
6905
7035
7265
7233
6896
6453
5626
5001
3567
1038
-2505
-5779
-7352
-8621
-9912
-11648
-11923
-10903
-9864
-8847
-7470
-4424
-1709
28
878
2379
4669
6244
6961
6879
7033
7186
7519
7983
8240
8275
8146
8360
8332
7655
6626
5823
5090
3283
651
-1799
-3338
-4678
-6596
-8522
-9901
-10584
-11123
-11233
-10571
-9402
-8313
-7555
-6622
-5347
-3987
-2938
-2271
-1819
-1419
-995
-421
235
959
1589
2069
2511
2979
3510
3772
3580
2948
2103
1170
131
-951
-2019
-3086
-4134
-4943
-5298
-5313
-5263
-5175
-4938
-4594
-4367
-4206
-3904
-3451
-3049
-2756
-2321
-1609
-719
233
1274
2459
3592
4572
5429
6230
6886
7163
7241
7166
7165
7004
6894
6903
7050
7266
7279
7525
7552
7622
7121
6590
5560
3500
612
-2560
-4352
-6131
-8084
-10598
-11811
-11489
-11084
-10548
-9577
-6710
-3937
-2162
-1108
806
3662
5502
6102
5990
6372
6764
7006
7216
7492
7716
7687
7872
8044
7951
7550
7223
6688
5064
2535
122
-1480
-2981
-5217
-7620
-9402
-10355
-10968
-11222
-10716
-9751
-8716
-7980
-7061
-5905
-4716
-3698
-2988
-2449
-2313
-2125
-1674
-798
34
500
934
1573
2576
3261
3515
3365
3151
2762
1840
656
-475
-1223
-2113
-3186
-4115
-4420
-4311
-4261
-4197
-3915
-3381
-3091
-2997
-2835
-2450
-2171
-2150
-2121
-1847
-1457
-1007
-421
472
1400
2226
3064
3900
4747
5214
5686
5988
6333
6424
6575
6814
6997
7118
7177
7533
7457
7269
6712
6495
5313
3048
285
-1702
-2682
-4624
-6895
-9006
-9140
-9059
-9252
-9074
-7511
-4746
-3093
-2028
-789
1779
4090
5246
5555
5825
6370
6690
6960
7076
7207
7168
7301
7485
7465
7248
7172
7145
6338
4512
2397
838
-490
-2347
-4733
-6830
-8273
-9281
-10056
-10321
-9967
-9222
-8393
-7554
-6572
-5581
-4570
-3762
-3224
-3105
-3135
-2917
-2473
-1951
-1679
-1340
-749
125
976
1570
2030
2330
2439
2099
1393
599
-155
-1003
-2129
-3193
-3757
-3849
-3809
-3830
-3544
-2858
-2126
-1604
-1236
-644
-152
-62
-359
-607
-484
-374
-291
-271
48
595
1223
1871
2473
3080
3663
4235
4755
5228
5445
5729
5716
5896
5759
5656
5584
5443
5470
4149
2472
163
-877
-1681
-3119
-4971
-6824
-6782
-7022
-6957
-7010
-5536
-3423
-2215
-1347
-405
2083
4104
5406
5613
5804
6258
6752
7386
7424
7136
6576
6697
7027
6991
6490
6233
6368
5818
4345
2718
1829
1071
-618
-2992
-5140
-6445
-7316
-8050
-8402
-8416
-7833
-7020
-5797
-4703
-3734
-2718
-1829
-1132
-1272
-1323
-1222
-877
-1110
-1777
-2058
-1917
-1347
-1127
-789
-489
-65
83
-89
-338
-724
-1121
-1946
-2903
-3891
-4361
-4451
-4451
-4433
-4233
-3541
-2705
-1873
-1112
-335
296
528
497
557
796
1039
903
596
369
446
785
1053
1402
1828
2400
2900
3158
3481
3884
4297
4455
4097
3804
3545
3562
2875
1062
-1122
-2908
-3300
-4138
-5485
-7122
-7500
-6827
-6768
-6573
-5863
-3451
-1575
-661
24
1714
4326
5821
6448
6387
6878
7401
7896
8081
7735
7218
6785
6957
6880
6414
5818
5847
5912
5138
3732
2638
2221
1474
-154
-2240
-3869
-4909
-5640
-6220
-6506
-6378
-5674
-4533
-3276
-2198
-1118
305
1691
2440
2378
2324
2596
2715
2034
869
50
-253
-497
-1117
-1714
-1931
-1750
-1706
-2012
-2380
-2504
-2568
-3105
-3985
-4678
-4818
-4845
-5160
-5534
-5427
-4770
-4025
-3373
-2617
-1690
-858
-228
361
1027
1579
1858
1782
1566
1386
1404
1456
1339
1184
1122
1379
1604
1830
1953
2279
2631
2624
2497
2272
2286
1530
-106
-2275
-3800
-4437
-5404
-6750
-8191
-8405
-8199
-7961
-7462
-6140
-3921
-2223
-851
492
2666
4825
6290
7145
7463
7734
7816
8189
8302
7867
7008
6418
6418
6170
5584
5079
5154
5015
4059
2814
2016
1683
867
-618
-2298
-3623
-4548
-5261
-5637
-5752
-5505
-4933
-4020
-2871
-1586
26
1690
3118
3955
4536
5205
5825
6046
5684
5201
4627
4015
3269
2503
1750
1006
383
-337
-1067
-1762
-2218
-2692
-3435
-4262
-4841
-5065
-5438
-5956
-6242
-6005
-5663
-5559
-5272
-4642
-3850
-3254
-2671
-1963
-1256
-680
-313
154
564
939
1094
1116
1131
1064
1220
1386
1568
1360
1211
1291
1396
1443
1193
1077
325
-1122
-3056
-4289
-4767
-5760
-7421
-9183
-9679
-9808
-9901
-9763
-8673
-6879
-5615
-4479
-2950
-307
2164
3924
5046
5894
6775
7425
8204
8501
8282
7561
7126
7068
6763
6255
5853
5903
5508
4546
3569
3167
2946
2057
558
-1046
-2238
-3236
-4115
-4851
-5320
-5449
-5227
-4582
-3654
-2389
-789
916
2336
3390
4389
5507
6488
6866
6756
6553
6389
6115
5646
5096
4551
4105
3694
3265
2795
2444
2193
1766
1041
215
-278
-592
-1118
-1979
-2667
-2881
-2975
-3192
-3338
-3128
-2888
-2780
-2711
-2429
-2008
-1719
-1541
-1364
-1113
-908
-733
-585
-419
-306
-182
28
188
159
94
196
287
224
-15
-257
-896
-2203
-3819
-4922
-5455
-6349
-7855
-9296
-9796
-9876
-10048
-10057
-9370
-8193
-7308
-6555
-5345
-3357
-1401
10
988
1875
2829
3777
4752
5345
5390
5105
5075
5265
5220
4899
4672
4653
4282
3536
2941
2885
2875
2296
1245
193
-590
-1299
-1948
-2551
-3078
-3499
-3682
-3451
-2937
-2147
-1088
207
1420
2344
3244
4341
5522
6210
6382
6312
6257
6184
5862
5397
4870
4507
4131
3679
3225
2948
2920
2778
2397
1881
1657
1616
1432
962
461
238
85
-124
-379
-465
-437
-431
-421
-304
-62
172
419
636
792
913
1032
1116
1045
845
703
659
553
256
31
-5
-47
-275
-583
-906
-1683
-3086
-4748
-5908
-6734
-7975
-9692
-11109
-11625
-11781
-11921
-11783
-10881
-9560
-8431
-7406
-5953
-3912
-2034
-741
79
820
1598
2367
2993
3234
3101
2836
2778
2840
2784
2562
2386
2233
1849
1284
888
798
622
28
-899
-1750
-2329
-2681
-2938
-3228
-3488
-3590
-3347
-2804
-2046
-1093
65
1300
2314
3193
4162
5310
6272
6764
6909
6890
6870
6694
6400
5979
5526
4979
4349
3794
3305
3010
2723
2370
1897
1541
1432
1407
1262
972
854
877
910
815
806
1011
1249
1373
1499
1830
2258
2623
2852
3081
3362
3588
3663
3584
3414
3237
3091
2897
2579
2230
2009
1840
1555
1159
772
184
-951
-2575
-4009
-4934
-5907
-7416
-9102
-10149
-10557
-10777
-10918
-10527
-9490
-8324
-7355
-6297
-4683
-2792
-1209
-241
331
837
1432
2041
2310
2084
1558
1156
949
704
297
-112
-406
-793
-1400
-2017
-2344
-2474
-2806
-3533
-4414
-5077
-5370
-5426
-5487
-5608
-5658
-5420
-4819
-3983
-3031
-1968
-779
358
1325
2246
3336
4501
5348
5741
5847
5995
6173
6203
6002
5668
5270
4783
4322
3924
3652
3407
3107
2735
2366
2142
2076
2088
2003
1820
1637
1591
1622
1618
1633
1758
1990
2185
2336
2579
3002
3465
3794
3984
4133
4289
4407
4467
4463
4392
4283
4178
4047
3857
3616
3441
3313
2912
1916
472
-847
-1836
-2938
-4581
-6409
-7731
-8506
-9207
-9888
-9986
-9295
-8373
-7707
-6948
-5514
-3547
-1803
-661
159
982
1831
2544
2949
2907
2529
2147
1863
1415
708
102
-223
-699
-1701
-2812
-3424
-3699
-4305
-5421
-6566
-7376
-7982
-8567
-9057
-9347
-9434
-9286
-8878
-8220
-7306
-6088
-4654
-3319
-2202
-1050
347
1750
2748
3328
3785
4257
4604
4742
4778
4784
4686
4457
4197
3998
3881
3822
3718
3455
3095
2875
2843
2763
2536
2366
2418
2519
2512
2543
2770
3093
3303
3425
3611
3848
4049
4253
4528
4812
5059
5363
5764
6118
6346
6607
6939
7008
6497
5621
4852
4225
3311
1896
355
-900
-1926
-2975
-4020
-4705
-4929
-5008
-5200
-5280
-4849
-3957
-3104
-2611
-2261
-1727
-978
-250
287
633
905
1233
1600
1877
2040
2225
2477
2552
2237
1729
1370
1104
522
-546
-1796
-2932
-3974
-5071
-6219
-7308
-8246
-8972
-9479
-9785
-9859
-9596
-9020
-8334
-7632
-6754
-5529
-4143
-2928
-1963
-1039
-50
846
1513
1961
2248
2380
2370
2278
2112
1877
1645
1443
1171
796
480
342
251
24
-267
-447
-538
-658
-797
-891
-950
-1008
-999
-844
-655
-525
-307
163
792
1298
1737
2342
3114
3773
4208
4616
5053
5346
5370
5273
5215
5174
5036
4747
4377
4040
3813
3631
3364
2989
2598
2271
1931
1506
1031
606
222
-235
-750
-1169
-1372
-1420
-1475
-1542
-1466
-1143
-666
-208
200
663
1226
1743
2086
2315
2553
2763
2777
2555
2246
1980
1704
1302
765
223
-216
-572
-952
-1370
-1717
-1937
-2084
-2269
-2479
-2596
-2604
-2636
-2790
-2985
-3080
-3092
-3153
-3306
-3454
-3502
-3474
-3439
-3413
-3330
-3156
-2936
-2740
-2582
-2413
-2211
-2048
-1999
-2045
-2110
-2152
-2215
-2340
-2483
-2569
-2565
-2486
-2367
-2196
-1955
-1659
-1336
-1037
-773
-529
-305
-154
-116
-146
-165
-148
-132
-144
-128
-19
187
446
726
1036
1391
1749
2060
2326
2568
2794
2967
3038
3042
3048
3073
3094
3070
3010
2960
2920
2881
2822
2742
2646
2530
2398
2261
2151
2086
2054
2036
2044
2109
2242
2428
2620
2783
2912
3004
3043
3013
2906
2705
2405
2028
1599
1147
692
238
-197
-601
-963
-1258
-1468
-1600
-1674
-1728
-1750
-1711
-1622
-1503
-1379
-1262
-1136
-993
-850
-723
-604
-496
-417
-391
-420
-471
-543
-655
-847
-1100
-1368
-1627
-1888
-2171
-2461
-2716
-2917
-3085
-3223
-3302
-3301
-3239
-3152
-3034
-2841
-2569
-2265
-1978
-1705
-1424
-1129
-867
-686
-576
-519
-520
-608
-777
-990
-1209
-1437
-1693
-1953
-2153
-2243
-2243
-2203
-2109
-1916
-1620
-1266
-897
-504
-72
365
761
1109
1451
1798
2120
2383
2583
2765
2954
3135
3268
3347
3395
3427
3432
3389
3311
3229
3138
3012
2851
2694
2576
2484
2371
2237
2105
1998
1909
1799
1672
1541
1420
1300
1172
1054
971
922
878
838
808
813
849
875
875
854
829
798
744
656
552
445
330
201
63
-59
-161
-271
-395
-534
-673
-798
-941
-1118
-1324
-1546
-1770
-2000
-2243
-2486
-2716
-2922
-3107
-3260
-3367
-3410
-3401
-3355
-3259
-3108
-2901
-2653
-2396
-2128
-1862
-1603
-1364
-1173
-1026
-926
-887
-907
-979
-1096
-1239
-1398
-1575
-1750
-1906
-2015
-2075
-2091
-2061
-1985
-1868
-1722
-1564
-1397
-1231
-1087
-966
-866
-778
-689
-590
-475
-321
-127
114
403
734
1096
1458
1810
2132
2407
2625
2767
2846
2857
2815
2740
2653
2570
2503
2462
2447
2469
2513
2563
2612
2638
2632
2588
2499
2373
2216
2040
1862
1706
1589
1512
1495
1542
1637
1777
1948
2127
2290
2420
2499
2517
2464
2338
2149
1904
1612
1297
972
654
360
93
-146
-352
-523
-683
-823
-962
-1099
-1246
-1406
-1574
-1745
-1911
-2066
-2195
-2289
-2342
-2349
-2297
-2195
-2056
-1879
-1670
-1447
-1229
-1018
-830
-672
-554
-479
-446
-450
-488
-552
-644
-757
-881
-1017
-1156
-1302
-1450
-1604
-1758
-1915
-2079
-2234
-2378
-2509
-2624
-2713
-2767
-2785
-2766
-2702
-2597
-2453
-2267
-2041
-1790
-1512
-1210
-901
-583
-257
58
359
644
895
1115
1298
1436
1528
1574
1574
1528
1441
1330
1194
1038
878
714
560
424
308
215
150
120
122
159
241
357
508
693
907
1148
1407
1672
1931
2173
2386
2567
2704
2796
2832
2822
2769
2685
2576
2451
2324
2201
2087
1982
1885
1795
1700
1591
1461
1301
1114
900
659
398
131
-134
-382
-604
-785
-921
-1001
-1030
-1023
-989
-926
-856
-796
-748
-721
-715
-732
-780
-834
-896
-958
-1013
-1052
-1077
-1083
-1072
-1062
-1050
-1050
-1065
-1108
-1178
-1278
-1399
-1537
-1679
-1813
-1936
-2028
-2085
-2104
-2071
-1993
-1878
-1730
-1566
-1389
-1219
-1065
-933
-827
-752
-702
-676
-668
-667
-663
-652
-638
-605
-555
-499
-433
-367
-309
-261
-230
-215
-221
-240
-264
-291
-299
-287
-247
-165
-40
131
342
588
852
1123
1403
1667
1896
2085
2236
2346
2397
2402
2371
2313
2245
2166
2094
2043
2003
1980
1978
1978
1972
1968
1951
1906
1835
1728
1585
1411
1208
994
776
565
377
222
98
17
-23
-30
-10
31
82
126
161
174
157
115
47
-41
-145
-248
-339
-425
-488
-525
-545
-545
-525
-504
-484
-482
-499
-535
-604
-699
-815
-945
-1075
-1199
-1297
-1373
-1413
-1416
-1385
-1323
-1243
-1150
-1054
-967
-905
-872
-873
-903
-959
-1043
-1135
-1225
-1309
-1376
-1421
-1438
-1425
-1386
-1325
-1249
-1170
-1095
-1032
-987
-961
-954
-960
-967
-973
-969
-942
-887
-794
-657
-489
-290
-59
187
436
666
874
1040
1169
1245
1271
1260
1213
1150
1075
1009
954
923
926
958
1026
1118
1226
1333
1427
1496
1525
1519
1464
1367
1237
1081
921
752
602
480
394
347
343
383
451
541
643
740
827
889
922
922
897
844
773
685
600
519
444
386
342
318
309
306
298
291
277
253
217
161
99
34
-37
-105
-168
-217
-254
-279
-290
-293
-292
-291
-295
-311
-336
-384
-448
-524
-621
-728
-835
-952
-1063
-1160
-1250
-1331
-1391
-1448
-1486
-1525
-1560
-1587
-1618
-1640
-1663
-1677
-1685
-1687
-1668
-1628
-1563
-1471
-1355
-1223
-1070
-905
-737
-570
-414
-274
-158
-69
-5
34
61
64
60
50
54
72
105
161
233
326
433
541
648
748
835
894
928
937
921
880
816
748
671
601
549
518
508
524
572
640
723
821
923
1027
1113
1185
1243
1274
1285
1278
1251
1210
1164
1112
1065
1019
982
952
932
911
891
875
853
826
790
752
706
657
613
566
525
498
472
457
450
454
451
446
437
404
353
287
202
89
-43
-191
-351
-512
-676
-834
-988
-1122
-1237
-1342
-1424
-1489
-1533
-1561
-1577
-1579
-1567
-1543
-1508
-1457
-1403
-1328
-1250
-1166
-1079
-983
-886
-803
-718
-648
-597
-552
-525
-514
-517
-533
-563
-589
-621
-653
-674
-684
-678
-665
-636
-587
-528
-452
-380
-296
-218
-144
-74
-22
25
62
82
99
114
125
139
163
191
237
300
367
450
534
630
722
812
886
944
999
1035
1053
1053
1039
1014
988
955
921
895
866
850
842
829
833
839
841
849
860
866
876
892
889
895
905
906
904
908
899
888
870
830
783
726
645
558
459
338
221
91
-50
-182
-313
-453
-567
-676
-777
-859
-934
-993
-1030
-1053
-1066
-1052
-1037
-1011
-964
-910
-861
-805
-743
-695
-644
-602
-578
-551
-539
-538
-537
-561
-584
-611
-649
-690
-727
-769
-805
-826
-845
-848
-841
-826
-791
-733
-677
-606
-528
-450
-369
-283
-212
-138
-77
-27
26
59
88
112
133
158
182
201
227
254
277
305
336
353
372
393
398
401
402
394
390
388
378
382
384
388
415
438
467
510
549
592
642
690
734
780
811
843
874
890
906
918
916
906
906
883
863
842
797
761
716
654
603
545
474
415
353
282
218
160
91
43
-9
-66
-98
-137
-172
-192
-220
-239
-243
-252
-265
-262
-263
-272
-274
-290
-311
-331
-362
-395
-434
-474
-513
-561
-603
-636
-667
-701
-738
-764
-777
-803
-819
-832
-849
-857
-851
-845
-831
-805
-781
-737
-683
-630
-567
-507
-452
-395
-343
-304
-262
-227
-200
-174
-152
-126
-93
-68
-39
4
42
82
119
147
174
199
211
220
221
209
203
192
184
184
188
199
217
240
270
310
347
388
428
460
489
518
538
545
554
557
552
560
555
548
547
547
550
547
541
537
536
527
509
495
477
445
420
390
356
328
293
262
234
198
168
135
107
79
51
22
-4
-26
-46
-64
-88
-107
-127
-150
-164
-185
-207
-216
-233
-254
-257
-269
-276
-274
-282
-285
-292
-307
-312
-319
-349
-369
-395
-434
-458
-484
-522
-537
-560
-578
-570
-574
-576
-557
-544
-530
-498
-479
-454
-425
-404
-366
-327
-291
-246
-194
-146
-86
-23
30
89
138
180
218
241
254
265
259
238
220
200
186
169
152
146
140
145
158
164
176
183
185
190
185
173
160
146
130
117
111
105
106
112
125
147
174
202
224
257
278
293
310
316
312
310
304
294
289
278
270
271
266
266
266
257
262
259
250
243
224
208
183
157
142
114
90
65
44
26
10
-5
-17
-21
-33
-34
-33
-39
-39
-43
-49
-49
-63
-82
-94
-114
-140
-154
-183
-212
-231
-253
-274
-290
-308
-317
-319
-331
-329
-323
-323
-316
-308
-298
-288
-273
-261
-245
-226
-211
-194
-172
-159
-136
-115
-105
-92
-79
-68
-62
-58
-58
-50
-47
-49
-49
-52
-56
-59
-60
-64
-58
-61
-62
-60
-63
-55
-49
-39
-24
-11
5
21
40
55
67
90
107
117
130
137
145
156
157
162
167
165
166
172
173
176
179
175
180
184
182
188
190
195
210
212
222
237
237
242
247
236
233
228
212
198
182
157
135
113
88
76
55
30
21
3
-10
-14
-34
-49
-53
-75
-83
-89
-114
-121
-130
-140
-139
-139
-144
-134
-127
-124
-108
-101
-92
-79
-77
-72
-72
-74
-78
-85
-97
-101
-105
-113
-113
-123
-125
-120
-118
-114
-107
-104
-99
-96
-100
-96
-93
-95
-94
-99
-103
-100
-99
-98
-87
-88
-80
-69
-62
-50
-42
-36
-27
-19
-17
-12
-7
-3
9
7
11
20
25
28
35
40
43
50
50
57
67
71
76
84
86
94
102
102
108
111
117
127
128
133
139
142
145
149
147
146
149
143
141
132
121
112
102
88
72
59
45
36
20
9
6
-10
-17
-17
-20
-21
-30
-32
-35
-35
-33
-34
-36
-37
-32
-29
-23
-19
-20
-16
-14
-10
-11
-12
-14
-14
-17
-26
-35
-40
-40
-46
-54
-57
-62
-65
-66
-69
-67
-67
-72
-73
-67
-64
-62
-61
-62
-59
-56
-60
-55
-48
-45
-37
-36
-33
-22
-17
-13
-12
-6
4
9
10
15
18
22
21
22
21
17
15
14
11
7
2
-3
-1
-2
-1
5
3
5
11
17
25
31
39
46
55
60
66
70
76
81
79
76
73
70
68
62
47
42
34
25
16
3
-9
-13
-22
-29
-36
-44
-40
-41
-45
-37
-35
-40
-32
-30
-26
-21
-19
-10
-6
-3
1
1
6
7
6
5
6
2
-2
-3
-7
-8
-14
-21
-21
-22
-25
-23
-24
-27
-24
-29
-27
-26
-21
-24
-25
-20
-14
-18
-19
-19
-22
-16
-19
-20
-20
-19
-22
-12
-8
-8
-3
-4
0
0
10
13
18
18
23
27
23
22
19
25
24
24
18
14
10
8
10
8
11
10
9
7
10
10
14
20
20
23
24
23
22
23
27
30
30
27
24
20
16
17
20
19
13
8
1
-2
-7
-5
-3
-7
-6
-9
-13
-13
-13
-6
0
1
-2
-8
-11
-7
-4
2
5
2
-1
1
-2
-1
1
3
2
3
2
-5
-5
-8
-4
-4
-3
-6
-8
-8
-4
-5
-5
-3
-6
-4
-5
0
-2
0
-4
-5
-1
-4
2
-7
-2
-5
-2
-6
-6
-5
-4
3
-1
1
-9
-7
-5
3
6
6
2
-5
-4
-8
4
4
9
1
-3
-8
-10
-9
-7
7
6
6
-3
-11
-16
-8
8
13
14
1
-5
