-1
0
7
-2
0
-2
-3
3
-1
6
-3
0
-1
-2
6
-3
7
-3
0
2
-5
5
-5
3
-1
0
3
-4
7
-7
3
-2
-5
5
-7
5
-5
1
2
-4
9
-5
4
-2
-3
5
-7
7
-5
4
1
-4
6
-8
6
-2
-1
4
-5
6
-7
1
-1
-2
5
-6
6
-2
1
3
-4
5
-3
4
-1
0
3
-5
2
-5
2
0
-2
3
-6
3
-2
2
1
-3
3
-3
1
-2
1
2
-3
3
-1
3
-2
0
1
-1
2
-4
3
1
1
2
-3
1
-3
2
0
0
2
-2
3
-2
4
-2
-3
3
-5
3
-2
2
0
-3
3
-3
5
-3
1
0
-1
2
-2
3
-4
1
1
-1
1
-1
1
-2
1
-1
0
1
0
1
-1
-1
1
1
1
0
0
3
-1
2
-3
0
1
-1
6
-5
4
-3
3
2
-4
6
-8
5
-6
4
2
-4
9
-7
9
-5
3
0
-5
7
-8
7
-4
2
2
-3
3
-5
1
-2
0
0
0
0
1
-2
1
-1
-1
2
-5
4
-6
4
-1
-2
4
-8
6
-6
4
0
-6
6
-8
9
-6
1
1
-6
9
-8
7
-4
1
4
-6
8
-8
5
-3
-1
4
-5
6
-6
3
-1
-3
3
-6
4
-2
-1
1
-3
4
-4
5
-2
1
3
-5
7
-6
5
-3
0
1
-2
7
-7
4
-7
3
-1
-1
3
-5
6
-9
6
-6
4
-1
-3
5
-7
10
-8
8
-7
3
1
-5
9
-12
9
-11
7
-4
-2
6
-10
10
-10
9
-6
5
0
-6
8
-9
10
-8
7
-3
-1
5
-6
7
-7
9
-4
2
-1
-3
5
-7
6
-3
3
0
-2
2
-5
4
-2
1
-1
-1
4
-3
3
-3
0
2
-3
5
-3
4
-1
-1
2
-3
3
-5
3
1
-1
5
-4
6
-4
1
2
-5
6
-8
8
-3
4
2
-7
11
-12
9
-8
2
3
-8
11
-15
16
-12
7
1
-6
14
-17
17
-18
14
-9
-1
12
-16
20
-20
24
-15
7
8
-13
18
-21
22
-22
17
-5
-5
13
-17
19
-24
22
-19
9
4
-9
14
-20
21
-25
20
-10
4
5
-16
19
-24
24
-19
12
-5
-3
13
-23
23
-21
17
-9
5
5
-12
17
-20
16
-14
9
-3
-6
10
-8
11
-12
14
-7
-1
3
-4
3
-3
10
-11
8
-2
1
-4
5
-1
-9
11
-10
9
-8
11
-5
-8
13
-15
14
-12
12
-6
-4
17
-22
16
-7
7
-3
-1
12
-22
22
-10
-6
7
-7
4
-7
15
-12
2
11
-12
4
3
0
-7
10
-3
-7
11
-6
3
1
6
-7
3
5
-11
10
-11
5
1
-1
3
-4
11
-17
12
-2
-10
10
-3
0
-11
17
-12
-3
14
-10
-1
3
10
-24
15
3
-15
11
-4
3
-12
18
-14
-4
17
-21
16
-8
2
-4
5
3
-13
20
-18
1
7
-8
-3
7
3
-15
15
1
-11
1
16
-15
-7
19
-16
-2
10
11
-25
12
15
-33
16
8
-14
-9
26
-13
-15
30
-15
-9
14
5
-25
17
7
-24
21
2
-2
3
18
-10
-4
20
-22
7
4
-1
5
6
9
-4
8
-7
-2
-8
-7
0
-5
-10
6
3
-9
15
-12
-16
0
-2
-16
-18
18
-6
2
14
-14
-2
4
4
-20
-17
25
-4
-17
16
-19
-2
4
14
-29
-6
50
-42
10
8
-5
-10
6
17
-43
53
1
-21
23
22
-3
-28
27
-44
10
13
-24
4
21
29
-46
7
-14
-10
-7
-8
-3
-3
49
-4
5
2
31
-34
-27
18
-57
-2
42
46
7
90
25
-43
69
-42
-51
34
64
-4
20
33
-41
8
-21
-65
-33
36
-12
-48
-47
0
-10
-57
-4
-23
28
24
-13
-27
5
60
-43
-8
44
40
36
30
54
47
26
46
-6
-27
30
-74
-52
-21
46
-61
-10
145
-79
39
-67
-105
-19
-9
-35
-97
145
-14
-6
-29
-62
88
-5
71
-42
13
-6
-113
-80
-87
105
60
143
159
29
69
-95
-88
-63
-63
29
-50
104
36
14
31
-96
81
-73
-17
-78
-146
78
-118
64
-103
-20
90
-121
78
-146
73
96
90
113
-78
152
-61
-13
27
-50
114
100
131
-42
32
45
-163
77
22
-74
70
-25
-80
-120
-44
-207
-8
144
72
85
89
91
-67
-8
-155
-117
37
51
-42
-75
104
-67
-18
-22
-33
168
125
91
-71
148
10
-59
-92
-125
152
16
-40
-10
65
162
49
-70
-72
212
-1
-198
-90
-146
66
-53
-180
-17
314
199
164
130
36
176
-159
-318
-237
-14
-23
84
129
-6
328
-182
-173
-222
-313
-81
-139
85
1
269
2
96
108
-261
28
-263
-75
2
-102
74
126
265
8
115
-81
-89
141
-188
33
95
165
241
56
114
-112
130
-35
-59
144
-27
236
-51
13
-78
-133
82
-314
14
-193
-205
-164
-409
-81
-216
263
-11
78
170
-200
-22
-291
-67
-36
304
208
144
190
-148
154
-66
172
236
377
241
87
-270
-1010
-534
-1026
-556
-165
-115
521
512
576
-115
-26
-770
-1090
-945
-1484
-592
-382
112
535
766
849
672
738
195
473
393
262
521
407
544
590
630
480
539
346
-13
-186
-643
-711
-651
-627
-461
-391
-400
-496
-573
-753
-743
-439
-281
102
221
137
220
2
-32
14
198
533
823
1062
923
901
619
304
237
-58
35
52
49
128
-28
-30
-126
-85
-68
-21
91
-2
78
-72
-224
-238
-392
-342
-254
-219
-128
-78
-106
-127
-169
-269
-308
-243
-227
-143
-66
-131
-34
-43
-121
-80
-124
-17
138
181
228
198
168
113
25
-51
-81
52
135
240
260
168
151
-2
-79
-141
-174
-39
17
86
136
147
194
189
88
-26
-93
-140
-110
-73
-36
111
285
382
462
436
352
350
255
205
227
243
326
375
374
348
330
253
190
140
77
70
25
-15
-36
7
69
176
294
420
510
445
343
132
37
-16
-98
-107
-151
-94
-58
6
-67
-75
-12
-34
89
19
15
37
-4
-74
-187
-242
-384
-405
-544
-685
-677
-780
-797
-805
-907
-901
-918
-946
-966
-968
-926
-893
-746
-720
-534
-329
-236
-24
3
104
136
87
42
-63
-102
-209
-246
-346
-397
-377
-423
-389
-456
-444
-394
-373
-344
-328
-276
-197
-55
24
199
332
480
666
778
913
1009
1106
1103
1102
1014
937
871
696
553
331
92
-125
-260
-304
-219
-73
121
411
648
880
1045
1211
1394
1647
1922
2114
2347
2507
2736
2819
2704
2550
2426
2354
2103
1684
1269
1082
1171
1328
1384
1513
1548
1683
1147
-111
-1885
-3616
-4645
-5650
-6300
-7069
-6927
-6202
-5070
-3836
-2991
-1803
-767
530
1253
1696
1912
2130
2374
2146
1937
1778
2084
2204
2041
1526
1177
1056
826
279
-826
-1818
-2785
-3372
-4314
-5320
-6250
-6608
-6318
-5937
-5251
-4615
-3419
-2350
-1240
-500
111
714
1147
1543
1535
1651
1666
1852
1756
1422
1003
642
403
-13
-501
-1035
-1295
-1342
-1220
-1093
-890
-607
-164
282
612
868
971
1138
1130
1177
1107
1106
1095
1029
1075
1084
1326
1449
1610
1622
1621
1666
1614
1604
1454
1406
1381
1489
1770
2150
2684
3193
3712
4197
4601
4902
5005
4841
4779
4818
5492
6190
6955
7405
7419
7210
5614
3462
-254
-3606
-7010
-9456
-11066
-12308
-11973
-11353
-8839
-6748
-3992
-1844
413
2632
3891
5026
4843
5118
4566
4404
3754
3316
3133
2987
3142
2556
2095
1018
290
-1137
-2851
-5033
-7072
-8452
-9620
-9942
-10090
-8971
-7391
-4929
-2515
-261
1789
3268
4668
5006
5123
4417
3927
3085
2159
1026
-281
-1235
-2526
-3458
-4884
-5701
-6544
-6768
-6872
-6765
-6144
-5325
-3683
-2336
-637
562
2015
3135
3886
4114
3659
3216
2377
1776
803
86
-622
-967
-1139
-1317
-1389
-1631
-1629
-1883
-2011
-2361
-2461
-2475
-2347
-2058
-1710
-963
-202
825
1595
2378
2938
3454
3826
3959
3890
3635
3447
3290
3302
3320
3496
3545
3664
3694
3804
3741
3444
3076
2759
2687
2684
2696
2947
3398
4484
5762
7071
7901
7743
7174
5162
2671
-1432
-5183
-8520
-10604
-11336
-11709
-10205
-8615
-5273
-2708
66
1822
2993
4200
4409
4926
3971
3860
3342
3702
3721
3671
3921
3869
4112
3146
2285
483
-1029
-3205
-5384
-7667
-9612
-10455
-10673
-9654
-8657
-6644
-4596
-1855
343
2117
3311
3935
4427
4088
3867
2906
2329
1174
264
-1042
-2332
-3562
-4957
-5890
-7192
-7634
-8144
-7627
-7107
-6038
-4744
-3305
-1511
-222
1276
1952
2693
2659
2513
1976
1305
814
254
146
-89
147
239
507
446
175
-328
-1072
-1765
-2635
-3245
-3844
-3944
-3812
-3283
-2532
-1611
-403
774
2088
3079
4019
4647
5157
5458
5469
5420
5275
5455
5530
5581
5367
5352
5444
5618
5463
5005
4418
3787
3487
2971
2900
2596
3340
4220
5575
6433
6613
6586
4895
2728
-1484
-4713
-7694
-8849
-9060
-8746
-6964
-5353
-2096
-106
2135
2647
3044
3299
3108
3005
1783
1749
1572
2562
2901
3527
4029
4475
4538
3336
1647
-996
-3115
-5557
-7383
-9452
-10571
-10597
-9258
-7055
-5027
-2652
-629
1742
2991
3617
3093
2279
1239
31
-979
-2080
-2353
-2458
-1839
-1724
-1691
-2146
-2679
-3358
-4636
-5795
-7108
-7207
-6918
-5607
-4137
-2343
-424
1044
2302
2354
2114
996
11
-1160
-2069
-2474
-2419
-1574
-717
378
1062
1675
1803
1488
566
-818
-2220
-3399
-4043
-4335
-4078
-3402
-2111
-584
1018
2297
3202
3782
4014
4052
3710
3337
2989
2948
3128
3380
3819
4324
5008
5498
5643
5518
5237
5197
5048
4710
3990
3184
2784
2685
2928
3184
3627
4590
5715
6991
7332
6893
5387
2709
-749
-5363
-8777
-11158
-10945
-9948
-8142
-5748
-3205
194
2217
4093
3908
3691
2811
2317
1932
1140
1145
1221
2588
3269
4127
4208
4183
3190
1042
-1751
-4915
-7337
-9614
-10872
-11864
-11454
-10002
-7136
-3911
-1166
1048
2586
4113
4606
4343
2893
1287
-261
-1395
-2189
-2735
-2862
-2752
-2501
-2581
-2928
-3575
-4193
-5073
-5963
-6964
-7276
-6731
-5115
-2941
-795
1241
2811
4079
4284
3653
2083
278
-1449
-2668
-3127
-2915
-2074
-957
324
1301
1842
1731
1101
-179
-1838
-3499
-4591
-4934
-4643
-3781
-2488
-797
989
2654
3885
4470
4493
4181
3799
3411
3100
3097
3432
4029
4692
5405
6156
6786
7107
6916
6221
5373
4712
4438
4103
3477
2690
2244
2402
2987
3741
4595
5420
6436
7233
7785
7642
6862
5455
2378
-1780
-6965
-10014
-11277
-10490
-9593
-8437
-6135
-3613
-146
1600
3241
2950
3030
2916
3139
3268
2614
3087
3267
4287
3839
3849
3443
2858
967
-2176
-5030
-7623
-8905
-10327
-10964
-11524
-10551
-8328
-5172
-2430
-850
441
1594
2953
3181
2705
1515
642
-47
-472
-818
-1097
-1203
-1438
-1933
-3026
-4130
-5072
-5491
-6108
-6704
-7198
-6620
-5077
-2896
-795
681
1834
2368
2690
1987
814
-920
-2251
-2977
-2951
-2218
-1248
125
1188
2120
2254
1926
988
-271
-1713
-3083
-3909
-4242
-3854
-3108
-1837
-470
1001
2212
3211
3856
4161
4265
4107
3967
3734
3911
4145
4496
4607
4787
5175
5640
6008
5820
5385
4710
4406
4127
3777
2872
1983
1386
1411
1891
2496
3572
4424
5703
6087
6527
6188
6298
5989
3917
-56
-5843
-9073
-10740
-9817
-9797
-8967
-7325
-4797
-1582
-77
1682
1466
2246
2115
2752
2938
3309
4628
5325
5823
4444
4026
3310
2349
-968
-5243
-8768
-10549
-10741
-10918
-10638
-10165
-7994
-5173
-2086
-529
-4
210
545
861
322
-168
-734
-662
-858
-1003
-1101
-875
-556
-940
-1973
-3542
-4467
-4848
-4619
-4712
-4773
-4623
-3754
-2368
-980
277
820
1399
1294
1100
142
-766
-1570
-2056
-1955
-1758
-794
-6
1109
1634
1914
1516
669
-179
-1082
-1482
-1889
-1812
-1653
-1017
-92
1080
2237
2921
3337
3533
3870
4062
4145
4027
3849
3759
3804
3964
4157
4444
4958
5817
6782
7541
7863
7870
7656
7251
6498
5299
3838
2474
1506
1170
1158
1759
2645
4039
5085
5355
5208
4797
4862
2969
-621
-6219
-10095
-11321
-10459
-8696
-7719
-5234
-3053
163
1435
2106
1870
1544
1932
1592
2257
2420
4183
4999
4954
3313
1616
841
-624
-3253
-7551
-10587
-11767
-10790
-9590
-8418
-7178
-5166
-2666
-635
315
69
-239
-595
-718
-1218
-1399
-1167
-596
-257
-467
-583
-523
-398
-992
-2343
-3766
-4647
-4616
-4188
-3704
-3463
-3432
-3309
-3149
-2539
-1790
-846
-104
398
660
777
934
745
260
-592
-1242
-1652
-1730
-1667
-1328
-814
-399
-245
-252
-41
214
347
-79
-619
-893
-455
439
1277
1878
2324
3120
3940
4472
4441
4130
3967
3905
3946
3859
3917
4270
4818
5431
5709
5939
6168
6532
6625
6270
5700
5172
4743
4225
3631
3191
3019
2899
3027
3033
3423
3235
2965
1881
48
-2662
-6303
-8586
-9812
-8254
-6451
-3769
-1591
108
1359
923
740
-673
-705
-928
274
1835
3643
5627
6281
6286
4116
1703
-1567
-4466
-7526
-9770
-10609
-9813
-7774
-5508
-3343
-2107
-1558
-2278
-3165
-4368
-4711
-4670
-3793
-2445
-754
1145
2170
2399
1150
-338
-2118
-3449
-4582
-5201
-4989
-4008
-2393
-1205
-572
-841
-1547
-2948
-4707
-6023
-5975
-4301
-2011
292
2151
3632
4240
3598
1980
-137
-1872
-3082
-3444
-3084
-1999
-416
927
1563
1107
342
-342
-744
-1123
-1221
-590
655
2054
3057
3821
4346
4675
4463
3959
3358
3205
3546
4139
4754
5164
5801
6243
6435
5964
5481
5476
5963
6709
7098
7361
7143
6678
5892
5257
5062
5041
4885
4117
3139
2261
1864
1638
1350
488
-1482
-4744
-8390
-10463
-10115
-7709
-4976
-2256
93
1862
2098
617
-1305
-2757
-2796
-2087
-247
2221
5167
7328
7621
5935
2850
-218
-3303
-6133
-8771
-9955
-9321
-7159
-4732
-2929
-2114
-2382
-3411
-4878
-5958
-6385
-5759
-4352
-2289
-160
1734
2937
3090
1977
-175
-2632
-4577
-5522
-5437
-4617
-3343
-1818
-398
422
-105
-1709
-4020
-5927
-7231
-7146
-5582
-2694
489
2731
3797
3444
2479
644
-1079
-2497
-2691
-1923
-569
822
1614
1884
1097
-156
-1803
-2557
-2452
-1517
-455
645
1745
2415
2626
2200
1900
1706
1861
2080
2674
3541
4378
4764
4650
4394
4210
4231
4384
4764
5299
5945
6425
6819
7006
6931
6198
5156
4333
4429
5083
5538
5057
3741
2404
1400
1056
881
1363
1551
673
-2904
-7871
-11422
-11204
-7700
-3878
-377
2184
4289
3587
618
-2919
-4314
-3546
-2368
-669
1802
5825
8378
8085
4451
233
-3068
-5119
-6369
-6949
-5845
-3788
-1520
-822
-1039
-2157
-3634
-5753
-7509
-7481
-5426
-2183
254
1779
2157
1898
543
-1442
-3418
-4714
-4977
-4523
-3369
-1824
-282
355
-430
-2266
-4243
-5637
-6191
-6238
-5452
-3796
-1290
756
1623
1283
188
-865
-1876
-2112
-1738
-291
1201
2036
1876
1122
416
-601
-1469
-2263
-2042
-1125
-47
260
-126
-386
-493
-315
-146
487
1371
2449
3263
3594
3564
3311
3098
3031
3454
4175
5137
6087
6870
7009
6733
6579
6813
7245
7209
6946
6480
6666
6971
7132
6466
4859
3150
1707
1677
1768
2460
2745
2194
-1152
-7371
-12435
-13106
-8002
-2360
1825
3713
5151
4555
472
-4280
-6500
-3944
-1009
1432
3313
6716
8813
6507
804
-4750
-6428
-6279
-5090
-4093
-1731
446
1006
-391
-2515
-3788
-5284
-6509
-7239
-5486
-2284
828
2221
1985
1160
-323
-1980
-3633
-3969
-3238
-2187
-1545
-1167
-637
-671
-1893
-4273
-6504
-7357
-6969
-5988
-5053
-3910
-2625
-1671
-1248
-1355
-1235
-988
-582
-281
283
1242
1962
1987
1010
-131
-1166
-1725
-1907
-1629
-929
-351
-209
-759
-1396
-1968
-2352
-2526
-2072
-867
473
1322
1489
1469
1443
1472
1530
1973
2833
3807
4517
5022
5385
5359
4967
4791
5447
6506
7216
7172
7056
7352
8031
8239
7685
6602
5576
4886
4245
3713
3493
4041
3475
-426
-7734
-13508
-13007
-6936
-558
2536
3870
4358
2677
-2588
-7150
-6496
-1319
2935
4048
5020
7122
7503
2812
-3894
-7766
-6722
-3692
-1149
553
1431
679
-2282
-5341
-6768
-6076
-4883
-3596
-2039
-14
1564
1633
420
-1190
-1961
-1841
-791
594
1877
2099
969
-879
-2316
-2930
-3554
-4589
-5711
-5956
-5694
-5593
-5881
-5750
-5022
-4319
-3951
-3595
-2739
-1821
-1070
-469
545
1722
2371
2101
1341
629
-12
-496
-783
-738
-601
-594
-1001
-1655
-2241
-2504
-2354
-1817
-1125
-745
-817
-1119
-1100
-345
990
2083
2449
2330
2290
2486
2904
3327
3739
4303
5147
6004
6497
6537
6237
6106
6311
6804
7043
7051
6865
6684
6537
6470
6688
7076
6595
2842
-4314
-11125
-11957
-6243
998
4443
3960
2318
-147
-4145
-7588
-5796
781
6640
7686
6521
6651
6738
3416
-2367
-5242
-3169
777
2333
1451
-493
-3092
-6511
-9035
-8534
-5608
-2771
-1913
-2027
-1964
-1493
-1494
-1734
-1501
-453
940
1924
2344
1975
881
-966
-2443
-2466
-929
548
383
-1436
-3727
-5455
-6692
-7240
-6730
-5143
-3683
-3168
-3327
-3580
-3763
-3904
-3384
-1743
548
2057
2171
1535
824
2
-899
-1152
-471
467
552
-474
-1862
-2852
-3286
-3282
-2570
-1297
-299
-404
-1374
-2144
-1920
-839
177
855
1482
2222
2591
2476
2331
2522
3018
3479
4025
4655
5089
4764
4033
3812
4279
4746
4692
4735
5243
5890
5919
5487
5340
4991
2591
-2647
-7684
-8131
-3203
2799
5093
3437
656
-1661
-4023
-5282
-2675
3475
8397
8322
5484
4076
4428
3428
725
-249
2287
5467
5505
2524
-1216
-4482
-7314
-8543
-6803
-3198
-977
-2026
-4739
-6533
-6440
-5258
-3551
-1402
823
2167
2089
1066
118
-261
-281
-110
460
1440
1880
729
-2020
-4795
-6212
-5978
-4909
-3620
-2497
-2133
-2834
-4214
-4909
-4324
-2771
-1327
-295
470
929
805
13
-659
-720
-32
710
1097
888
154
-941
-2024
-2397
-2027
-1293
-1001
-1185
-1575
-1782
-1749
-1585
-1103
-422
373
858
1144
1349
1466
1480
1468
2091
3208
4357
4641
4238
4004
4288
4932
4989
4749
4353
4364
4426
4211
3926
3561
3172
1003
-2994
-7205
-7768
-3812
1146
2968
728
-2101
-4178
-5396
-5882
-3126
2895
7959
8284
4959
3171
3859
4728
3892
3996
6680
9454
8759
4481
191
-2374
-3399
-3651
-2490
-601
-155
-2459
-5910
-7614
-6749
-4602
-2752
-1325
-78
704
401
-621
-1154
-383
874
1406
1043
699
535
-475
-2679
-4737
-4864
-3487
-2296
-2353
-2900
-3313
-3829
-4533
-4622
-3351
-1684
-918
-1312
-1648
-1300
-678
-397
-293
127
668
918
713
491
350
96
-363
-671
-594
-434
-649
-1196
-1544
-1352
-882
-645
-725
-817
-514
-9
513
798
1099
1439
1894
2463
3031
3593
3749
3864
3997
4697
5360
5545
4977
4088
3695
3559
3714
3440
3156
1854
-1012
-5166
-8059
-7079
-3539
-820
-1903
-4648
-6690
-7101
-7139
-6134
-2463
2487
5228
3776
1697
2100
4638
6020
5990
6652
8403
8934
6563
3290
1266
771
318
-100
-126
-256
-1831
-4515
-6455
-6409
-4901
-3373
-2254
-1573
-1097
-1099
-1257
-1112
-16
1819
3320
3402
2003
414
-544
-887
-1281
-1418
-1001
-571
-1287
-3223
-4804
-4766
-3403
-2184
-1691
-1697
-1855
-2341
-2932
-2805
-1534
145
910
380
-682
-1232
-1002
-217
706
1295
1110
226
-624
-766
-259
307
628
758
798
584
128
-287
-333
-53
263
502
749
1155
1494
1500
1144
1096
2067
3872
5405
5648
4792
3760
3416
3785
4561
5248
5417
4755
2893
-80
-3242
-4578
-3222
-1072
-1327
-4457
-7428
-8070
-7555
-7819
-7409
-4292
-231
466
-2414
-4148
-1685
2473
4556
5139
6520
8092
7167
4118
2325
3346
5069
5239
4272
3058
1178
-1880
-4496
-4775
-3175
-2067
-2574
-3782
-4654
-5395
-6210
-5870
-3333
265
2151
1307
-416
-603
823
2335
3300
4180
4767
3837
1309
-915
-1060
235
1009
422
-835
-2083
-3309
-4207
-4000
-2659
-1418
-1396
-2349
-3070
-2946
-2206
-1232
-195
593
718
203
-306
-233
326
959
1346
1334
826
-25
-754
-858
-342
338
738
812
915
1241
1486
1349
1315
2265
4133
5447
5038
3553
2545
2520
2758
2818
3044
3522
3442
2003
-702
-3396
-4109
-1873
1456
2278
-655
-4237
-5078
-4009
-3908
-4327
-2304
1506
2171
-2170
-6497
-5582
-1075
1648
1428
1481
2931
3089
773
-1045
492
3960
6012
5671
4230
2391
112
-1684
-1643
-127
693
-342
-2410
-4357
-6098
-7372
-7017
-4645
-2101
-1705
-3188
-4340
-3700
-2053
-341
1451
3265
3963
2870
1320
1284
2929
4440
4517
3401
1999
642
-477
-863
-267
570
526
-593
-2016
-2885
-2970
-2282
-1109
-57
81
-712
-1583
-1767
-1318
-633
220
1121
1492
821
-262
-530
425
1658
2130
1868
1558
1468
1212
662
308
745
1733
2407
2163
1350
794
877
1483
2308
3185
3870
4037
3212
996
-1904
-3198
-907
3205
4530
819
-4411
-6500
-5605
-5167
-5681
-4142
-647
168
-4043
-8456
-7422
-2174
1583
2034
2434
4206
4766
2430
288
1721
5657
8141
7472
5099
2475
100
-1490
-1171
534
1562
366
-2378
-4987
-6557
-6709
-5549
-3600
-2434
-2781
-3976
-4605
-4137
-3086
-1678
-114
1151
1109
85
-459
626
2546
3774
3925
3563
3158
2387
1624
1692
2883
3907
3382
1564
-204
-1087
-1389
-1249
-651
80
-78
-1364
-2830
-3363
-2765
-1653
-394
605
886
206
-669
-648
506
1887
2527
2400
1960
1619
1314
1083
1130
1618
2254
2451
1965
1185
761
938
1586
2379
3085
3362
2835
1088
-1718
-4147
-3897
-527
2808
2059
-2733
-6967
-7428
-5776
-5187
-5010
-3047
-644
-1657
-5825
-7857
-4780
7
1844
1510
2227
3957
3609
1128
182
2792
6429
7507
5928
3496
1532
-60
-591
468
2260
2757
1021
-1750
-3999
-4551
-3768
-2322
-1672
-2182
-3345
-4164
-4241
-3921
-3127
-2105
-1077
-972
-1536
-1977
-1252
289
1673
2484
2860
3186
3078
2781
2749
3722
5010
5337
4052
2136
956
652
715
669
763
636
-100
-1503
-2605
-2562
-1536
-402
81
46
-216
-374
-380
-20
594
1165
1369
1185
892
691
805
1205
1788
2202
2244
1961
1614
1396
1486
2066
2857
3279
2888
1987
760
-1090
-3341
-4221
-2328
509
524
-3154
-6819
-7214
-5542
-4900
-5062
-3718
-1501
-1793
-5008
-6859
-4525
-723
459
-361
-32
1600
1661
-308
-1148
1093
4266
5160
3819
2256
1596
1171
864
1265
2357
2877
1796
-336
-2084
-2293
-1451
-730
-1242
-2512
-3554
-3794
-3624
-3375
-2782
-1907
-1300
-1650
-2243
-2055
-684
803
1606
1842
2111
2491
2637
2788
3400
4608
5425
5057
3569
2163
1633
1914
2346
2474
2230
1585
789
95
-120
54
453
795
971
835
431
62
10
203
177
-125
-400
-324
-183
-179
-72
474
1179
1466
1289
1052
1102
1453
2197
3168
3768
3401
2378
1276
-102
-1994
-3122
-1871
528
509
-3043
-6639
-6875
-5073
-4687
-5631
-5049
-2943
-2880
-5910
-8047
-5968
-2152
-911
-1977
-1784
223
839
-1171
-2617
-501
3393
5226
4023
2270
1812
2112
2155
2281
2992
3412
2312
-78
-1815
-1785
-778
-673
-1793
-2981
-3264
-3199
-3537
-3784
-3079
-1664
-1037
-1634
-2401
-1941
-679
265
569
1039
1881
2298
1981
1795
2786
4340
5133
4516
3448
2805
2663
2596
2699
3149
3473
3138
2274
1781
1912
2212
2061
1706
1566
1664
1593
1273
1053
980
756
163
-326
-326
37
248
272
399
721
954
870
663
610
933
1571
2308
2671
2368
1505
359
-927
-1988
-1940
-548
660
-349
-3244
-5417
-5315
-4318
-4257
-4607
-3969
-3088
-3998
-6342
-7241
-5396
-3067
-2615
-3156
-2599
-1266
-1220
-2540
-2872
-917
1650
2575
1951
1366
1453
1546
1475
1840
2619
2597
1131
-639
-1220
-676
-440
-1142
-2027
-2263
-2291
-2774
-3327
-3033
-2006
-1390
-1687
-2177
-1923
-1156
-575
-336
91
813
1298
1204
1015
1469
2508
3463
3804
3745
3610
3455
3114
2810
2926
3427
3764
3558
3120
2934
3086
3176
3055
2912
2907
2849
2609
2373
2352
2386
2084
1456
936
889
1069
1016
693
513
667
797
591
375
739
1551
1981
1559
893
620
425
-295
-1112
-912
197
585
-813
-2889
-3850
-3586
-3422
-3811
-3845
-3219
-3131
-4423
-5895
-5799
-4269
-3062
-3055
-3414
-3299
-3110
-3371
-3462
-2524
-942
-45
-328
-963
-1082
-750
-421
-128
318
681
489
-282
-1062
-1348
-1167
-957
-1047
-1432
-1958
-2392
-2602
-2554
-2350
-2104
-1916
-1830
-1866
-1922
-1766
-1214
-396
295
647
817
1083
1424
1686
1932
2374
2929
3212
3084
2923
3093
3415
3545
3539
3733
4071
4121
3746
3341
3292
3479
3547
3469
3451
3484
3352
3036
2860
3027
3317
3338
2998
2533
2205
2040
1921
1804
1729
1695
1551
1161
670
404
434
431
130
-221
-122
398
679
253
-549
-1101
-1328
-1568
-1837
-1749
-1370
-1464
-2478
-3710
-4090
-3578
-3115
-3256
-3549
-3489
-3338
-3555
-3885
-3662
-2810
-1997
-1711
-1754
-1726
-1621
-1648
-1714
-1478
-862
-299
-324
-992
-1754
-2016
-1763
-1513
-1684
-2131
-2493
-2746
-3102
-3483
-3502
-3083
-2751
-2960
-3401
-3371
-2718
-2012
-1721
-1646
-1357
-857
-480
-274
89
751
1409
1769
2017
2484
3068
3326
3148
3048
3465
4131
4393
4066
3662
3624
3729
3536
3127
2964
3126
3155
2781
2341
2263
2429
2396
2097
1926
2122
2386
2357
2143
2150
2472
2754
2696
2357
1906
1321
665
442
1096
2131
2315
1090
-601
-1395
-1091
-556
-357
-313
-381
-1049
-2337
-3208
-2740
-1492
-892
-1387
-2056
-2079
-1728
-1614
-1626
-1267
-569
-74
-62
-255
-365
-482
-733
-889
-597
45
394
-75
-1130
-1927
-1849
-1204
-827
-1176
-1900
-2431
-2687
-2915
-3106
-2965
-2559
-2481
-3085
-3832
-3915
-3323
-2832
-2867
-3000
-2761
-2351
-2194
-2155
-1789
-1150
-692
-457
-43
656
1144
1118
1064
1560
2466
3081
3059
2754
2608
2667
2749
2776
2792
2753
2533
2107
1651
1391
1354
1345
1203
989
898
962
1046
1128
1340
1661
1832
1763
1646
1537
1090
250
-175
614
2080
2662
1626
-34
-974
-981
-596
10
848
1248
337
-1566
-2851
-2410
-896
198
232
-336
-874
-1195
-1289
-1035
-410
301
732
778
599
405
240
31
-146
34
727
1457
1419
413
-749
-1069
-406
483
840
545
-93
-738
-1128
-1096
-688
-223
-128
-570
-1300
-1824
-1837
-1514
-1251
-1199
-1195
-1133
-1141
-1258
-1272
-1047
-767
-594
-355
113
518
462
120
136
718
1315
1413
1159
974
926
858
859
1100
1364
1228
729
361
396
536
436
208
150
249
263
156
141
338
523
453
218
92
103
-94
-709
-1357
-1382
-707
-48
-160
-967
-1781
-2161
-2144
-1809
-1155
-492
-475
-1339
-2337
-2470
-1606
-556
-86
-201
-481
-664
-722
-600
-253
182
464
506
425
315
134
-146
-400
-405
-95
319
486
196
-408
-888
-831
-244
478
866
790
505
377
563
921
1253
1473
1589
1577
1447
1320
1351
1545
1714
1717
1614
1548
1543
1504
1378
1244
1205
1246
1260
1169
993
788
604
503
512
588
585
403
130
-48
-26
130
260
277
224
173
187
240
302
384
475
556
579
553
528
513
455
308
132
7
-92
-271
-617
-1041
-1391
-1599
-1692
-1778
-1938
-2183
-2481
-2756
-2903
-2892
-2815
-2807
-2920
-3075
-3130
-3034
-2863
-2723
-2665
-2629
-2523
-2319
-2046
-1770
-1562
-1426
-1307
-1139
-921
-713
-566
-471
-389
-315
-269
-244
-216
-178
-132
-52
83
257
427
547
667
869
1168
1514
1828
2085
2304
2502
2694
2900
3141
3399
3599
3707
3738
3717
3671
3606
3513
3401
3255
3063
2821
2534
2222
1908
1611
1339
1096
882
688
511
359
235
151
102
86
99
117
143
192
244
292
334
374
429
489
546
584
606
600
562
499
402
269
118
-47
-234
-442
-689
-977
-1280
-1570
-1837
-2074
-2282
-2475
-2664
-2848
-3032
-3205
-3346
-3446
-3497
-3507
-3495
-3468
-3440
-3404
-3338
-3228
-3077
-2884
-2665
-2433
-2198
-1988
-1797
-1614
-1433
-1249
-1076
-915
-770
-652
-569
-522
-498
-452
-374
-266
-146
-26
92
229
393
588
807
1048
1314
1580
1839
2071
2270
2463
2639
2792
2932
3038
3112
3147
3132
3087
3016
2929
2822
2687
2536
2376
2209
2035
1853
1667
1500
1355
1228
1117
1003
912
837
767
718
675
639
609
572
542
514
486
449
390
336
296
270
249
216
160
78
-14
-120
-217
-313
-412
-503
-604
-710
-836
-975
-1106
-1217
-1312
-1402
-1499
-1613
-1748
-1882
-1998
-2082
-2147
-2204
-2255
-2288
-2307
-2315
-2304
-2267
-2202
-2098
-1973
-1845
-1718
-1600
-1477
-1345
-1206
-1064
-932
-807
-684
-580
-473
-365
-260
-159
-64
36
136
228
309
391
474
559
639
702
763
816
868
921
961
1009
1040
1051
1054
1063
1073
1071
1055
1033
1017
988
955
907
865
841
811
778
742
713
686
649
607
583
564
549
522
479
467
475
479
478
485
507
534
536
537
550
564
574
573
580
597
592
572
552
537
530
506
457
407
367
321
261
185
114
43
-51
-149
-249
-350
-445
-556
-663
-750
-840
-927
-1015
-1085
-1117
-1129
-1146
-1161
-1163
-1144
-1110
-1077
-1021
-956
-892
-833
-776
-689
-596
-521
-452
-373
-276
-189
-115
-52
20
96
165
229
289
350
401
434
473
520
558
587
587
587
585
578
558
516
475
424
360
286
212
137
62
-22
-105
-183
-256
-330
-406
-462
-500
-523
-551
-580
-588
-576
-537
-494
-451
-401
-343
-274
-200
-121
-42
23
86
153
216
264
292
319
353
387
401
393
377
364
361
363
361
346
322
295
269
259
246
214
181
146
115
71
18
-38
-87
-126
-170
-214
-255
-292
-331
-373
-402
-423
-426
-426
-427
-402
-389
-369
-356
-327
-258
-183
-119
-58
-7
52
104
174
259
349
438
491
539
594
646
697
736
781
837
865
869
844
816
798
788
777
753
689
600
498
409
323
244
152
44
-67
-181
-300
-426
-532
-613
-676
-725
-791
-866
-923
-960
-947
-918
-882
-853
-827
-786
-728
-663
-596
-540
-469
-394
-335
-297
-292
-268
-230
-185
-158
-146
-152
-155
-152
-143
-131
-121
-109
-97
-93
-83
-81
-93
-89
-72
-39
-19
-9
-27
-23
-8
11
42
74
105
123
123
130
151
184
227
256
279
285
296
293
303
338
378
414
442
450
448
447
472
517
571
609
625
636
647
664
687
717
752
793
814
813
782
753
736
740
745
724
663
579
482
404
347
288
223
137
37
-65
-164
-260
-344
-398
-442
-490
-555
-647
-722
-767
-772
-767
-774
-788
-810
-819
-815
-805
-776
-738
-704
-662
-633
-611
-587
-551
-503
-444
-388
-355
-329
-298
-273
-239
-209
-180
-154
-142
-144
-151
-155
-156
-158
-159
-159
-158
-160
-174
-182
-178
-160
-130
-102
-78
-61
-56
-41
-8
32
79
114
135
150
162
170
185
204
228
259
278
272
262
249
252
277
312
335
350
357
355
368
395
429
473
511
532
544
537
527
528
549
564
563
538
494
443
400
378
359
341
316
279
232
187
147
122
110
100
82
46
2
-39
-78
-104
-132
-154
-173
-203
-235
-271
-305
-327
-323
-324
-321
-318
-314
-301
-290
-275
-253
-222
-189
-149
-121
-110
-97
-87
-73
-52
-44
-47
-55
-62
-73
-99
-117
-139
-163
-180
-204
-225
-253
-283
-296
-309
-317
-336
-352
-362
-370
-370
-367
-366
-367
-364
-354
-357
-348
-343
-338
-314
-302
-289
-274
-269
-259
-237
-209
-181
-156
-127
-101
-64
-27
6
50
88
128
172
212
245
273
305
328
356
381
403
426
436
447
460
475
491
502
514
530
535
545
546
549
556
546
546
544
532
518
498
474
465
443
411
378
335
300
270
232
196
161
128
94
45
10
-24
-56
-59
-74
-90
-102
-137
-154
-166
-163
-144
-132
-119
-112
-123
-130
-128
-118
-94
-73
-61
-64
-92
-110
-129
-149
-153
-171
-191
-222
-278
-333
-385
-430
-459
-489
-525
-560
-601
-649
-681
-705
-707
-693
-689
-682
-678
-670
-656
-628
-581
-525
-465
-420
-382
-341
-294
-247
-187
-119
-68
-17
19
43
86
134
173
219
255
280
313
341
364
400
432
455
481
505
522
543
570
587
597
613
615
607
613
611
606
614
594
559
532
495
458
435
405
369
331
283
223
173
138
94
73
55
14
-11
-42
-83
-94
-90
-87
-74
-74
-80
-81
-82
-77
-53
-29
-13
-3
-7
-24
-35
-40
-51
-56
-58
-85
-123
-161
-211
-244
-274
-300
-323
-359
-402
-439
-473
-495
-509
-516
-515
-519
-527
-535
-533
-525
-504
-473
-441
-406
-380
-367
-349
-319
-281
-236
-189
-146
-120
-91
-69
-43
4
52
89
126
154
168
199
224
250
286
319
338
355
369
367
380
397
400
409
415
403
393
381
363
365
364
346
326
311
280
255
238
219
205
188
161
127
102
79
59
52
41
21
2
-16
-33
-42
-42
-40
-39
-40
-39
-40
-35
-36
-22
-11
-2
8
8
8
3
7
14
18
19
9
-4
-13
-28
-40
-51
-63
-74
-94
-112
-134
-154
-166
-178
-188
-194
-202
-214
-223
-228
-230
-225
-215
-200
-190
-183
-176
-171
-155
-134
-113
-87
-67
-62
-60
-54
-48
-30
-13
3
13
14
12
9
7
17
35
53
61
64
66
66
82
102
124
148
156
163
165
162
175
189
195
203
201
186
168
144
135
127
120
110
85
55
25
0
-20
-28
-41
-60
-79
-104
-125
-146
-155
-142
-142
-144
-143
-147
-149
-140
-125
-103
-85
-72
-57
-49
-44
-33
-15
5
23
27
27
28
23
22
22
31
39
31
20
10
-3
-10
-21
-24
-28
-33
-37
-47
-50
-50
-49
-44
-41
-36
-35
-30
-19
-10
1
16
26
33
42
49
53
58
69
78
83
85
83
82
77
72
70
76
71
67
69
63
56
55
54
59
65
71
77
82
90
91
97
106
113
117
123
127
123
118
115
112
106
97
84
66
48
32
12
-7
-21
-44
-66
-93
-113
-132
-149
-159
-173
-182
-193
-208
-213
-210
-206
-200
-196
-186
-174
-164
-147
-127
-111
-95
-82
-69
-59
-49
-37
-22
-10
-1
2
3
0
-1
-1
-6
-7
-13
-16
-18
-29
-35
-36
-37
-38
-42
-40
-37
-36
-27
-14
-1
7
15
29
42
51
61
74
83
91
97
105
113
117
128
133
132
134
135
135
132
129
133
133
126
128
128
126
117
113
111
112
103
100
102
93
92
87
89
82
69
65
63
56
48
40
32
22
0
-14
-22
-39
-55
-70
-80
-93
-108
-121
-125
-135
-147
-154
-159
-164
-167
-162
-160
-158
-152
-143
-131
-126
-121
-111
-100
-96
-89
-75
-62
-54
-50
-37
-28
-28
-28
-23
-19
-14
-17
-13
-10
-18
-21
-19
-19
-21
-29
-27
-20
-29
-27
-18
-16
-6
0
1
15
22
24
35
42
45
44
50
66
68
75
84
96
99
96
94
100
101
101
104
107
117
114
108
106
103
93
86
82
83
83
79
82
81
74
67
59
55
54
45
46
48
45
40
34
27
19
1
-14
-16
-23
-34
-43
-46
-49
-66
-74
-78
-87
-98
-106
-108
-104
-106
-110
-106
-106
-111
-114
-115
-113
-117
-116
-104
-100
-101
-95
-88
-84
-79
-76
-70
-60
-51
-44
-33
-26
-24
-20
-15
-12
-11
-8
0
5
5
6
11
15
17
18
24
29
32
35
39
45
43
46
48
52
56
62
65
64
69
71
75
72
71
70
68
73
76
73
68
70
66
61
57
56
56
52
48
49
52
50
48
46
41
38
35
37
36
30
25
29
29
17
13
9
1
-5
-6
-3
-11
-16
-15
-19
-22
-30
-36
-40
-44
-49
-49
-47
-50
-56
-58
-63
-68
-75
-82
-81
-82
-85
-86
-82
-78
-77
-74
-69
-65
-59
-53
-45
-40
-31
-25
-22
-13
-8
-5
-4
-2
5
9
6
10
9
6
12
11
11
9
14
15
12
13
12
14
15
16
18
19
20
22
24
22
25
24
27
30
30
31
32
34
32
35
39
38
37
36
36
38
42
40
39
39
36
39
35
28
27
27
22
21
19
18
13
8
8
9
7
7
7
6
2
-1
1
-3
-6
-10
-12
-9
-10
-12
-14
-17
-21
-23
-27
-24
-29
-32
-31
-30
-33
-33
-37
-38
-34
-35
-34
-33
-31
-28
-26
-21
-18
-12
-4
-6
-1
6
11
13
13
18
18
16
13
14
17
10
7
7
6
3
1
-2
-6
-7
-8
-11
-11
-10
-11
-11
-11
-7
-9
-13
-10
-7
-4
-6
-8
-3
2
1
1
3
6
7
10
12
14
11
10
11
7
5
5
5
4
-2
-3
-4
-8
-6
-10
-13
-11
-8
-4
-3
0
4
6
7
13
15
11
12
14
16
17
15
14
12
9
7
4
1
-3
-5
-5
-9
-13
-11
-11
-14
-11
-10
-12
-9
-6
-4
-4
-3
2
6
5
6
10
13
11
10
8
3
3
5
4
3
3
4
4
5
8
9
9
8
10
11
9
7
5
4
-2
-2
-3
-6
-9
-10
-11
-16
-11
-8
-5
-2
-1
2
-1
1
5
4
1
4
6
4
2
0
2
-1
-4
-1
-3
0
-2
1
0
0
2
3
0
-3
0
0
-1
-1
-3
-4
-6
-8
-9
-9
-13
-12
-8
-7
-5
-3
1
4
8
7
7
9
9
9
9
9
8
10
7
4
2
-2
-4
-5
-9
-9
-12
-10
-8
-10
-9
-7
-5
-6
-5
-5
-1
0
1
5
4
6
8
10
5
5
8
5
1
-1
4
4
0
0
5
4
3
8
8
5
8
11
10
5
4
5
2
1
0
-3
-4
-5
-8
-10
-9
-5
-2
-1
-2
0
2
3
3
1
2
0
3
5
0
1
-1
-3
-4
-2
-3
-5
-1
-1
-3
-3
-4
-5
-4
-5
-8
-6
-5
-4
-4
-6
-7
-7
-6
-6
-4
-1
0
2
8
7
8
10
8
8
6
5
3
0
-1
-3
-5
-9
-6
-5
-5
-4
-2
-2
0
0
0
2
0
4
6
4
1
0
-1
0
-1
-1
0
1
2
-1
2
1
6
7
5
7
6
8
5
5
7
3
4
7
8
5
5
4
3
2
2
0
2
3
2
4
-1
-2
-5
-7
-7
-7
-6
-6
-3
-3
-2
-2
-4
-5
-2
0
2
2
2
0
0
-1
-4
-2
-5
-7
-6
-6
-10
-12
-15
-18
-15
-13
-9
-8
-9
-7
-6
-6
-6
-2
0
2
4
9
11
9
9
8
8
7
