-1
0
0
0
0
0
0
1
0
0
2
3
3
2
3
3
2
4
3
3
4
4
5
4
3
4
5
6
4
3
2
1
1
3
4
5
5
4
2
0
-1
2
3
6
5
4
2
-1
-2
1
4
5
5
3
1
-1
-4
-5
-2
1
2
3
1
-3
-5
-3
-1
1
3
4
4
1
0
0
0
2
4
5
6
3
2
1
0
4
8
9
8
3
1
0
2
4
6
7
3
1
0
2
5
5
3
2
2
3
2
0
0
2
7
8
6
0
-6
-5
0
7
9
7
2
-3
-2
-1
-1
2
4
6
7
4
-1
-6
-5
2
10
11
8
2
-4
-3
1
2
4
5
5
5
1
-5
-10
-11
-6
1
4
1
-6
-14
-17
-13
-10
-7
-7
-8
-10
-11
-13
-14
-14
-12
-9
-3
-4
-5
-10
-13
-12
-8
-4
0
0
-3
-7
-11
-10
-8
-6
-6
-6
-9
-10
-13
-15
-18
-20
-19
-18
-15
-15
-19
-25
-27
-26
-22
-16
-14
-15
-17
-18
-17
-16
-11
-7
-4
-1
0
-2
-4
-3
0
5
10
13
13
10
5
-1
1
6
14
22
23
18
8
1
1
9
20
29
33
31
25
19
14
10
15
26
43
53
52
37
15
1
0
16
35
46
45
30
14
-2
-12
-16
-11
3
20
29
21
-3
-27
-42
-37
-17
5
20
23
15
1
-10
-18
-16
-2
23
46
60
53
34
14
6
16
36
55
64
62
52
35
18
5
-2
0
11
19
15
-5
-36
-66
-84
-86
-80
-74
-75
-84
-99
-121
-137
-146
-148
-137
-116
-100
-91
-92
-101
-107
-102
-83
-58
-29
-3
17
28
32
36
39
52
76
109
138
153
151
139
129
129
141
153
164
166
158
145
125
103
83
74
73
73
71
56
27
-9
-35
-40
-34
-26
-27
-36
-49
-58
-60
-61
-61
-57
-50
-40
-27
-21
-26
-36
-50
-56
-55
-54
-54
-60
-80
-103
-126
-150
-176
-202
-225
-245
-257
-264
-280
-305
-330
-349
-357
-348
-325
-305
-293
-281
-267
-250
-223
-190
-160
-126
-84
-41
-11
8
24
38
65
111
158
181
184
187
188
200
224
243
250
259
279
297
300
296
281
270
291
346
393
415
410
390
386
423
489
549
588
621
655
682
709
723
725
746
812
897
941
904
793
657
578
582
613
591
488
322
135
-40
-189
-337
-481
-592
-652
-708
-828
-1022
-1245
-1406
-1435
-1348
-1238
-1195
-1218
-1257
-1249
-1173
-1059
-944
-829
-670
-470
-286
-178
-155
-168
-135
-15
151
269
293
251
185
129
78
10
-89
-177
-218
-227
-267
-379
-553
-729
-832
-841
-809
-795
-815
-851
-883
-893
-887
-873
-836
-739
-583
-415
-289
-223
-188
-122
25
228
437
617
769
915
1070
1216
1331
1416
1513
1655
1829
1994
2099
2123
2093
2058
2047
2042
2018
1982
1940
1913
1877
1763
1532
1222
938
789
775
784
695
464
147
-177
-447
-627
-746
-856
-938
-963
-1003
-1143
-1391
-1668
-1856
-1861
-1695
-1483
-1362
-1381
-1460
-1506
-1480
-1390
-1266
-1112
-901
-647
-428
-312
-340
-440
-463
-327
-82
134
219
187
110
32
-31
-85
-150
-211
-217
-163
-132
-201
-383
-591
-687
-659
-568
-487
-481
-532
-573
-567
-545
-542
-536
-474
-357
-222
-106
-88
-167
-233
-201
-73
91
223
297
332
356
387
415
462
557
691
838
968
1023
1000
968
975
1040
1129
1209
1255
1233
1185
1123
1021
915
838
791
765
729
631
478
328
222
165
159
156
106
58
23
-5
17
56
78
119
191
248
242
198
191
206
227
274
300
262
139
-11
-120
-216
-328
-431
-540
-658
-783
-905
-1053
-1249
-1412
-1503
-1541
-1564
-1599
-1630
-1639
-1665
-1668
-1592
-1502
-1434
-1343
-1216
-1067
-927
-829
-734
-591
-451
-295
-131
-65
-30
65
151
220
280
305
339
371
384
424
453
403
322
326
409
456
444
390
360
424
474
522
651
680
624
652
657
657
763
844
861
965
1100
1142
1196
1267
1225
1225
1280
1220
1344
1544
1457
1511
1697
1617
1649
1796
1584
1277
1028
836
1042
1323
1221
1076
911
425
-34
-147
-146
-319
-585
-643
-547
-707
-1169
-1555
-1807
-2065
-2117
-1815
-1565
-1673
-1911
-2029
-2007
-1963
-1926
-1755
-1454
-1203
-973
-672
-589
-771
-848
-636
-259
72
241
309
319
196
74
138
209
139
112
268
412
346
94
-184
-341
-363
-274
-140
-100
-241
-446
-584
-643
-713
-804
-822
-768
-748
-767
-766
-850
-1079
-1168
-974
-756
-654
-591
-526
-459
-469
-406
-210
-58
130
399
630
824
885
830
859
937
1130
1249
1353
1618
1501
1233
1404
1309
1035
1025
1017
1282
1007
598
1144
619
-138
882
600
-252
930
754
-316
637
625
-463
343
859
-45
614
1458
614
565
1416
717
281
1110
805
495
1296
1270
740
1065
825
128
238
276
-70
-37
23
-213
-482
-772
-958
-1262
-1584
-1471
-1332
-1480
-1352
-1298
-1641
-1688
-1495
-1587
-1438
-964
-832
-764
-416
-426
-573
-329
-184
-114
193
428
449
424
342
208
203
254
223
235
301
191
-69
-193
-372
-487
-536
-576
-533
-607
-772
-1029
-1122
-1241
-1439
-1406
-1309
-1418
-1495
-1437
-1573
-1745
-1589
-1563
-1545
-1258
-1104
-1130
-916
-799
-724
-571
-311
-32
230
541
376
956
998
710
804
1717
1026
840
2335
1035
1103
2039
1238
709
1793
1686
504
1426
1890
673
683
1646
1139
327
1778
1272
468
1821
1101
497
1448
1569
659
1549
2104
1236
1461
1926
1432
1145
1500
1574
1268
1466
1651
1282
1186
1063
751
461
495
346
71
108
63
-407
-755
-705
-1041
-1533
-1244
-1255
-1526
-1372
-1367
-1645
-1610
-1534
-1710
-1460
-1202
-1105
-1001
-726
-669
-717
-535
-443
-344
-98
0
48
188
136
-50
18
8
-171
-83
-99
-294
-435
-517
-775
-930
-1040
-1049
-1138
-1301
-1213
-1404
-1687
-1572
-1732
-1990
-1697
-1690
-1998
-1743
-1633
-1895
-1854
-1568
-1520
-1519
-1272
-1067
-977
-972
-591
-576
-452
-10
147
204
367
898
434
345
1453
626
-26
2688
144
33
3092
-69
-260
2923
-5
-230
2940
-158
-57
2848
-12
-452
2841
475
-89
2289
1304
73
2477
1154
621
2594
1705
815
2598
2576
758
2787
2250
1536
2598
2270
1688
2737
2345
1372
2514
1909
1100
1922
1421
870
1494
966
394
849
334
-377
-61
-344
-884
-786
-835
-1422
-1389
-1552
-2016
-1939
-1957
-2323
-2003
-2025
-2371
-1991
-1933
-2233
-1899
-1524
-1792
-1340
-1044
-1111
-885
-627
-648
-503
-277
-224
-152
7
30
-129
-128
-216
-426
-577
-504
-654
-913
-831
-957
-1360
-1399
-1532
-1835
-1764
-1787
-2075
-1866
-1953
-2134
-2090
-2110
-1933
-2043
-2016
-1480
-1621
-1822
-1041
-1227
-1361
-512
-601
-855
358
-183
8
383
719
603
118
2123
176
1468
1349
1346
751
2073
1230
337
3329
-91
1822
1808
1185
879
1947
1085
1014
2213
646
1874
1188
1738
1344
1332
1995
1653
1663
1649
2264
1587
1436
2480
1721
1673
2390
1860
1817
2215
1869
1496
2300
1966
1435
2284
2027
1495
1864
1766
1316
1402
1358
1019
1385
916
839
935
582
392
189
69
-167
-181
-549
-623
-556
-1120
-1350
-1124
-1575
-1883
-1595
-1710
-2106
-1805
-1944
-2201
-1921
-2001
-2050
-1834
-1688
-1733
-1588
-1469
-1514
-1413
-1277
-1306
-1189
-1150
-1127
-1234
-1121
-1256
-1507
-1249
-1417
-1672
-1502
-1392
-2021
-1750
-1606
-2156
-1955
-1690
-2017
-1868
-1622
-2005
-1695
-1777
-1717
-1429
-1674
-1072
-885
-1521
-801
-268
-1325
-606
128
-97
-897
1229
176
-931
2388
-931
526
2169
-528
943
2635
-682
1312
2562
-922
1923
1996
37
1350
2733
-405
2099
1822
590
1675
1856
1671
513
3238
1213
1063
2622
2367
753
2566
3205
385
3146
2602
973
2308
3108
805
2005
3335
744
1802
2579
1223
935
2512
1012
701
2313
885
463
1798
919
73
1241
718
-57
627
448
-56
199
60
-123
-115
-286
-433
-476
-664
-791
-859
-1090
-1110
-1091
-1711
-1514
-1579
-2156
-2103
-1986
-2163
-2492
-2048
-2241
-2525
-2276
-2272
-2429
-2232
-2022
-2123
-1990
-1730
-1796
-1789
-1496
-1477
-1637
-1343
-1258
-1617
-1156
-1275
-1407
-1256
-1125
-1354
-1404
-909
-1548
-1174
-1025
-1335
-1147
-977
-934
-1261
-611
-895
-1037
-219
-1007
-602
245
-1278
399
-431
-229
84
163
39
344
803
-452
2066
-961
1965
419
883
1336
957
1582
915
1745
1252
1934
620
3015
909
1667
2517
1862
560
3998
1116
509
4669
642
840
4121
1314
257
4506
731
715
3962
732
647
3646
890
105
3266
1100
-593
3106
1130
-585
2380
1662
-1237
2106
1591
-1228
1800
1315
-587
1051
1442
-463
794
1202
-217
494
1078
-138
311
747
57
-216
576
-219
-52
-103
-334
-248
-712
-820
-816
-976
-1560
-1040
-1629
-1992
-1757
-2158
-2710
-2078
-2508
-2870
-2158
-2550
-2830
-2381
-2519
-2585
-2315
-2199
-2023
-1840
-1860
-1347
-1444
-1524
-924
-1060
-1221
-656
-723
-862
-563
-645
-529
-669
-649
-402
-403
-1140
36
-392
-1444
203
-328
-1304
-34
310
-1591
136
924
-2036
345
1656
-2662
749
2178
-3272
1986
1593
-2826
2566
880
-1733
2457
575
-192
1462
1275
213
1376
1062
924
1738
50
2890
498
1122
2347
1155
1022
1734
1990
1124
949
2315
1570
226
2124
1926
63
1622
2275
-515
1903
1619
-267
1264
2143
-1006
1222
2004
-817
745
1809
-239
178
1803
-581
492
1321
-342
290
1400
59
-394
1720
-190
-243
1530
-471
534
738
-159
408
585
-45
201
443
-210
142
140
-835
403
-201
-1196
33
-531
-1253
-922
-658
-1684
-1216
-1240
-1954
-1569
-1424
-2342
-1815
-1426
-2607
-1777
-1758
-2185
-1708
-1656
-1966
-1346
-1355
-1770
-966
-915
-1254
-747
-459
-908
-489
-416
-706
-424
-215
-650
-366
-179
-420
-721
-471
11
-1213
-443
-14
-885
-1074
484
-1037
-1386
872
-765
-1561
838
757
-3214
2598
-156
-2393
2980
-1153
-467
2434
-1129
483
2510
-1607
1949
1034
618
437
1977
1238
-690
3337
-261
1168
1712
518
1934
72
2187
857
196
2584
95
760
1943
464
590
1325
718
1101
-14
1492
1092
-642
1719
1184
-883
1244
1920
-1503
1048
2052
-1346
621
2069
-1097
219
2305
-1477
298
2373
-1993
615
1808
-1226
-49
1886
-1069
-283
1828
-1297
76
1463
-834
-301
1403
-503
-570
1170
-160
-550
935
-416
-387
493
-300
-373
166
-140
-602
-236
-235
-736
-499
-610
-797
-542
-913
-993
-618
-943
-1366
-585
-921
-1506
-498
-614
-1546
-408
-362
-1488
-358
-138
-1096
-56
-323
-208
-250
-489
261
-354
-819
600
-228
-1307
901
57
-2173
744
849
-3422
1035
1264
-3856
718
1721
-4046
-140
2672
-4461
-391
3302
-4601
-608
3575
-4629
-543
3314
-4380
113
2354
-2957
-185
1736
-1731
-776
1680
-808
-1116
2485
-1709
268
1975
-2347
2086
182
-599
1163
978
-949
1520
1018
-1282
1952
733
-761
994
1731
-1054
406
2360
-1105
-120
3010
-1439
342
2172
-531
-7
1778
48
-392
1973
-85
129
1177
908
-543
1341
894
-450
1125
1012
-414
1318
931
-697
2021
55
77
1343
777
-558
1753
911
-773
2057
695
-281
1413
1340
-613
1323
1348
-390
912
967
-376
419
1410
-358
186
1329
-656
-181
597
-650
-423
151
-562
-343
-372
-818
-810
-785
-960
-801
-660
-898
-709
-823
-813
-1167
-487
-1018
-916
-200
-808
-750
-191
-607
-987
-4
-727
-915
157
-950
-838
-31
-1047
-689
-685
-405
-1502
-535
31
-2468
310
-443
-2553
192
-96
-3087
574
410
-3957
1571
-221
-3662
2069
-1134
-2224
1618
-1613
-67
-730
260
-280
-1894
2681
-2682
1008
774
-1507
1850
-1937
3165
-3077
1931
1311
-2082
2130
61
906
-2137
4598
-2324
-427
4273
-2390
-423
3785
-960
-2431
5581
-2002
-1470
4791
-1305
-1596
4237
-299
-2459
5494
-2060
-539
4375
-1956
400
3498
-1066
198
3133
-429
-217
3208
-80
-875
4485
-1346
-104
3764
-837
-380
3511
-98
-1011
3555
-174
-802
3191
-240
-434
2659
48
-373
1975
376
-601
1628
-240
-532
1139
233
-661
1169
-75
-1023
727
-551
-1044
397
-377
-1397
502
-717
-1784
116
-956
-1917
214
-806
-1694
186
-1091
-1299
-293
-1111
-773
-751
-388
-724
-508
-490
-581
-439
-826
-408
88
-1575
130
190
-2315
796
-252
-2266
451
303
-2801
319
1212
-3666
507
1459
-4433
1668
350
-3373
1564
-76
-2607
1194
-92
-2275
1559
-1087
-277
-111
360
-970
186
853
-2145
2151
-748
-598
1191
264
-1064
912
1618
-2937
2582
802
-2370
2283
962
-1596
313
3107
-3020
1147
2576
-2603
1024
1566
-522
-1382
3275
-819
-1782
3761
-1273
-1154
2985
-329
-1559
2960
-149
-1672
3037
-372
-804
1954
1073
-2024
2767
467
-1691
2763
82
-854
1862
741
-1538
2322
-98
-1006
1915
419
-1478
2007
501
-1559
1533
597
-1025
838
1135
-1217
947
985
-1023
360
708
-1114
250
1268
-1163
457
973
-1460
228
401
-1230
206
454
-1297
413
93
-1484
159
-611
-1026
15
-398
-620
129
-714
-591
146
-1051
-461
506
-1049
-46
923
-1449
206
801
-1897
662
919
-2061
847
1036
-2386
736
1392
-3046
770
1871
-4112
1957
1187
-3926
2361
120
-3460
2554
-604
-2720
2720
-1597
-1075
1448
-1026
-1189
1498
-1298
-795
1568
-1494
-20
809
-1021
8
236
31
-772
807
50
-799
1195
-546
64
510
-210
-15
902
-608
449
672
-1095
1382
3
-781
1492
-188
-1035
2023
-294
-1943
3887
-2087
-933
3746
-2543
346
2109
-1165
-398
2036
-855
-360
2035
-1014
250
1195
-925
962
-180
288
946
-1124
1737
-617
-122
723
-95
-289
737
99
-235
555
-185
47
55
318
-455
964
-186
-95
686
-269
62
490
-374
-4
442
-333
59
630
-484
-37
449
-682
-262
269
-345
-393
300
-390
-326
-350
-111
-972
-259
340
-1082
50
551
-1110
-300
730
-1083
-239
641
18
-964
1352
10
-1631
2078
-557
-1579
2643
-708
-1895
3155
-1462
-1768
3203
-1995
-1057
2795
-2294
-338
2043
-2281
184
1183
-1510
-123
1421
-1680
344
217
-322
-486
438
592
-2216
3286
-2617
481
1301
-1686
803
134
370
-1552
2935
-2242
558
1272
-1353
481
940
-533
-815
2668
-1719
-334
2319
-1501
-788
3110
-2501
-143
3024
-2622
-246
3010
-3004
157
3128
-3627
726
2710
-3371
731
2310
-3006
374
3371
-4382
1287
3155
-4804
2272
2268
-4493
2394
2486
-5174
3437
990
-3661
2622
1058
-3183
1556
2254
-4226
2481
1026
-2913
1580
1244
-2661
1011
1871
-3197
2041
163
-1250
475
919
-1086
28
1618
-1456
525
656
-617
-337
1139
-502
-293
1320
-601
-247
665
-526
-416
610
-184
-246
339
128
-704
-59
119
-781
-36
542
-804
295
250
-849
271
20
-601
313
227
-98
-157
641
-295
-442
1144
-1092
367
801
-1165
780
320
-1273
1086
-99
-1309
1522
-897
-734
1483
-1505
-40
1140
-1698
811
-332
216
-1114
1208
-716
-835
1583
-1513
646
-171
369
-936
1077
-568
-408
1068
-1032
397
863
-1788
2434
-1672
111
1872
-2391
1425
97
-2
-1450
3107
-2151
-925
4181
-3980
295
3704
-4074
138
4385
-5202
1244
3613
-4703
1521
2035
-2411
-893
3679
-2984
-1162
4701
-3983
223
2529
-2105
-477
1770
-257
-1878
2234
108
-2290
2389
-918
-503
782
477
-717
-23
1121
-976
-539
1280
-461
-1039
2522
-2038
463
1003
-1464
370
960
-1265
233
1999
-2643
1657
782
-2323
1653
593
-2133
1474
1188
-2343
1434
904
-1992
784
1168
-2116
794
1188
-2006
865
858
-1542
236
1003
-1973
691
849
-1673
776
792
-1694
637
832
-1896
919
979
-1651
765
1405
-2442
1535
960
-2888
2520
508
-2586
2419
54
-2336
2823
-890
-1490
2115
-589
-1095
1177
-17
-1163
673
663
-1594
700
1083
-2335
2326
-1964
1180
-792
-40
1716
-3093
3440
-2376
1049
-1052
1734
-1726
329
2634
-4779
4988
-3039
417
1036
-887
182
290
647
-1802
1273
734
-2135
1869
210
-2797
3873
-2770
-38
1477
255
-2914
4141
-2400
-1967
5350
-5446
2098
1614
-2159
-307
3498
-4287
1650
2499
-4786
3410
166
-2339
1472
1769
-4000
2663
1615
-4894
3852
733
-4000
2341
2108
-4918
2705
2503
-5255
2846
1871
-4416
2070
1988
-4252
2428
1732
-3711
1765
2124
-3879
1696
1502
-2768
1571
1198
-1955
769
1565
-2676
1159
1235
-2065
873
1543
-1920
679
1029
-2030
635
1077
-1745
476
1634
-2281
717
726
-1711
737
270
-719
398
141
-334
-316
482
125
-1118
1172
314
-1507
1228
854
-2785
2806
-249
-2505
3524
-1528
-1080
2122
-984
-989
2520
-2334
763
873
-1195
322
369
-426
-481
1458
-2233
2095
-1005
-230
900
-1278
1011
-1034
1017
-1046
1260
-879
-710
2678
-3435
1906
657
-1993
1234
844
-1894
621
2920
-5317
4534
-1097
-2322
3487
-2187
455
771
-554
-615
1200
-1176
592
-204
518
-853
691
44
-1298
1904
-1107
-173
788
377
-1999
2590
-1357
-803
2214
-1468
-474
1478
171
-2749
3796
-2475
-319
1921
-1493
331
327
577
-1820
1512
-220
-1146
1058
170
-935
400
669
-1439
1013
317
-1457
1406
-192
-1310
1758
-610
-982
1902
-1244
-442
1561
-1034
-294
1208
-484
-1036
1527
-519
-605
1038
-146
-646
597
111
-850
842
66
-890
696
205
-1303
994
130
-1208
886
-119
-973
779
-168
-643
669
189
-1471
1634
-435
-1481
2467
-1170
-976
2229
-1111
-615
1342
-383
-274
-76
1167
-1641
1067
315
-1384
1302
-316
-791
1004
-847
90
962
-2145
2167
-1052
-399
734
-386
158
-967
2002
-2033
433
1833
-3014
2238
-97
-1473
1358
-481
432
-1170
1574
-10
-2020
2725
-920
-2141
3563
-1288
-2516
4924
-3997
985
1259
-1581
444
731
-441
-1486
3404
-4157
3074
-854
-363
180
427
-218
-1394
3216
-3053
1061
1455
-1761
-1145
4156
-3934
482
3672
-4895
1901
2171
-4381
2488
1970
-4446
2922
1036
-4254
3119
485
-3115
2822
-269
-1427
234
2161
-3378
1625
1897
-3707
2381
519
-2477
1751
785
-2674
2584
-717
-1280
1515
-139
-1320
1839
-527
-1391
2319
-1540
-81
1210
-283
-1136
1710
-478
-1560
2002
-699
-845
920
147
-1192
693
-80
-946
798
-741
164
-16
-481
357
-94
-680
782
-105
-858
995
-463
-46
584
-466
510
-72
-131
-138
644
-631
478
504
-1607
2201
-1638
-185
1840
-1946
417
1191
-1885
371
1579
-2186
509
1622
-1965
-523
2882
-2759
-383
3376
-2943
-355
2993
-1661
-2651
5200
-2747
-2543
6400
-4680
-578
4910
-5027
1613
2441
-3561
2035
805
-2270
1372
888
-1915
807
1403
-2327
529
2833
-4428
2614
1481
-3451
1402
2284
-2906
-648
5316
-5648
1197
4335
-5482
1552
4147
-6038
3155
2223
-5269
3509
442
-2322
361
3282
-4406
1704
2652
-5119
3581
102
-3075
2833
-262
-2368
2623
-6
-2531
2078
965
-3147
1833
1433
-2890
1789
945
-1807
824
1076
-1169
152
1403
-949
169
1221
-756
104
1113
-848
322
364
-75
479
-510
753
-615
83
25
-628
621
-519
-209
86
-519
-452
277
-811
-286
682
-973
-493
1229
-1190
-940
2079
-1383
-1021
2400
-996
-901
1888
-187
-1336
1479
544
-1690
1481
1557
-2885
1772
1817
-3829
2419
1177
-2842
1258
1630
-2371
-263
2619
-2573
-1366
3794
-2983
-675
2768
-2409
-838
1430
-506
-2630
3553
-1727
-2081
2806
-1265
-1950
2282
-447
-2800
3155
-1376
-1349
1925
-603
-1205
441
655
-1156
226
1299
-1089
-913
1558
-775
-1188
1623
461
-1774
841
1526
-3085
1806
704
-1655
385
1750
-2401
713
1362
-1956
1051
321
-220
-1313
2706
-2602
688
1213
-1684
713
511
-260
-96
1303
-1634
669
833
-1733
1518
1201
-1442
1302
628
-1262
693
1460
-1155
1275
1439
-728
457
1597
-270
-144
2361
-520
197
1771
-140
-56
1875
-341
-152
1443
-485
16
693
289
-240
427
-542
-243
178
-1147
406
-142
-1161
-8
-716
-1214
-205
-237
-1294
-47
-204
-1503
-65
-63
-1524
387
497
-1975
1087
458
-2245
1376
403
-1884
840
887
-1779
343
1171
-2320
831
-16
-1386
-132
827
-1713
-869
1270
-2432
-151
-238
-445
-1959
1426
-1627
-1404
1479
-2605
292
-1082
281
-1573
389
211
-2291
1322
-752
-1527
904
318
-1647
1565
-155
-1512
1284
678
-1810
2093
765
-1528
2044
-426
106
429
1272
-409
608
1747
-901
1276
-211
972
1062
-1329
2396
153
-770
2175
-420
245
1320
346
-183
1137
1336
-1038
1219
1071
-826
1458
749
-371
1925
357
-41
1029
715
371
587
1366
436
1495
240
517
1478
241
1019
1231
1084
1014
1218
434
730
1426
78
930
1407
-23
1222
446
-387
803
206
-432
2
353
-537
-303
-504
-606
-694
-937
-796
-1063
-1030
-791
-1641
-1350
-704
-1914
-924
-1140
-1290
-1093
-943
-996
-1218
-283
-979
-692
-470
-288
-994
256
-522
-1032
636
-842
-931
308
-489
-1619
542
-1228
-1472
66
-780
-1777
-185
-469
-2649
45
-803
-2344
340
-754
-1986
291
-1323
-946
-442
-1185
-201
-178
-1019
-492
372
-1143
-694
554
-419
-336
584
12
-213
164
1057
-1124
873
1814
-1322
952
2531
-1815
833
3396
-2504
1651
3251
-2094
1215
3241
-1566
447
3750
-1274
286
4385
-2406
1790
2423
-942
1639
1624
1202
200
3085
-447
1554
1955
-330
2054
1863
419
1184
2605
-326
1715
2121
-61
2141
1768
240
1830
1649
199
2252
1265
591
2429
194
1188
1815
395
1189
1433
319
600
1016
-124
471
602
-262
86
-263
-1018
-325
-1040
-1179
-801
-1317
-1749
-1453
-1981
-2322
-1393
-2531
-2083
-1824
-2268
-2344
-2045
-1910
-2331
-1602
-2026
-1910
-1361
-1380
-1717
-957
-1034
-1816
-474
-979
-1197
-183
-1227
-1255
-620
-1077
-1293
-1034
-668
-1555
-1584
-737
-1891
-1782
-707
-2314
-1424
-744
-2650
-1508
-1047
-2364
-965
-765
-2340
-221
-1158
-2201
609
-1416
-986
846
-1017
-462
1216
-576
113
922
426
881
838
1543
905
849
1767
1276
859
2716
1640
616
3149
901
1352
2001
1942
1143
1843
2613
257
2936
863
1700
1695
1853
1899
1524
2419
769
2282
1259
1655
2494
1076
1622
2772
712
1741
2284
1164
1423
2988
1024
1764
3018
-73
2521
2219
1233
2075
2083
1031
2136
1382
1055
2189
816
1049
1216
523
310
603
77
-138
404
-912
-1063
-300
-2115
-1460
-1081
-2031
-2164
-1839
-2682
-2681
-2161
-3446
-2323
-2557
-2916
-2404
-2339
-2450
-2413
-2124
-2446
-1565
-1342
-1666
-943
-883
-1572
-701
-616
-1069
153
-331
-742
116
-615
-1070
-358
-775
-991
-415
-792
-1422
-1332
-1214
-1989
-1832
-829
-2060
-2261
-1135
-2705
-2125
-1193
-2074
-2084
-920
-1853
-2079
-736
-1834
-531
-1274
-807
160
-398
-755
-35
691
-302
1231
538
1564
688
593
1817
1103
2144
1366
2036
1752
1895
1324
1924
2155
1494
1952
1355
1886
1394
1413
1164
2018
1284
1200
1573
690
1196
1491
728
1388
2131
556
584
2073
1541
326
2117
1675
676
2027
1723
808
2410
2104
634
2534
2202
1028
1937
1948
1473
1988
1893
1810
1623
996
1210
365
15
812
639
-43
-302
-462
-1755
-1605
-1490
-2439
-1417
-1531
-2878
-2942
-2650
-3346
-3472
-3025
-2841
-2779
-2764
-2639
-2947
-2492
-2340
-2212
-1594
-967
-730
-1149
-790
-490
-403
202
573
348
807
644
126
662
676
235
562
178
-223
414
-540
-1111
-507
-1236
-1521
-677
-1373
-1699
-1625
-2175
-2095
-1898
-1804
-1994
-1326
-1900
-2246
-1465
-1797
-1735
-872
-1053
-1164
-111
-1138
-422
-265
277
451
183
1334
942
815
1046
1931
1107
2357
2288
1052
2464
1833
1767
1897
2199
1533
2469
1318
1126
2189
890
1593
1188
1914
1688
1271
1341
1557
1547
1691
1438
2039
2138
1227
2042
1539
1921
2367
1850
1680
2922
1976
1289
2791
1937
1900
2976
2231
1980
2381
2034
1883
1723
1785
1132
320
470
676
753
262
-474
-1288
-1878
-1438
-2075
-1805
-1311
-2408
-3261
-3340
-3183
-3713
-3634
-3175
-3448
-3306
-2900
-3695
-3604
-2864
-2971
-2551
-1777
-1300
-1637
-1470
-1187
-848
-109
317
407
480
841
714
641
753
644
822
637
385
386
28
-518
-752
-1518
-1227
-917
-1477
-1640
-1834
-2464
-2642
-2399
-2409
-2111
-1909
-1959
-2403
-1960
-2068
-2230
-1264
-909
-1017
-489
-401
-1108
-321
481
413
1016
1049
1179
1030
1142
1760
1620
2373
2366
1465
1777
1750
2014
1895
2267
1669
1512
1355
1032
1607
1191
1912
1165
1337
1522
1196
1239
1881
1560
2121
1728
1459
1841
1616
2196
2005
2306
2106
2491
1720
2048
2189
2052
2376
2223
1853
2073
2080
1721
1612
1515
1484
628
-167
-383
-196
548
159
-972
-1732
-2160
-2375
-2952
-2637
-1874
-2302
-3548
-4297
-4102
-3950
-4131
-4099
-3906
-3354
-3795
-4254
-3610
-3561
-3372
-2929
-2139
-1500
-1411
-1568
-1511
-895
13
468
628
940
969
1081
1107
1051
1198
1208
1261
1439
1093
418
-106
-667
-203
24
-549
-1100
-1291
-1659
-2097
-2057
-1956
-1796
-1814
-2225
-2551
-1736
-1826
-2306
-1686
-998
-1059
-999
-525
-664
57
521
559
1300
1645
1824
1739
2066
2885
3127
2848
3228
3681
2788
3000
3559
3251
2860
3498
2410
1945
2540
2124
1594
2219
2372
1131
1122
1767
1371
890
2204
2038
452
1857
1937
1154
2180
2067
1957
2654
2680
1986
2537
2581
2696
2746
2900
3193
2550
2150
2768
2506
1927
2653
1047
-855
-318
676
1072
512
-1174
-3045
-2885
-2803
-3393
-3458
-2237
-3364
-5220
-5748
-5239
-5104
-5462
-5169
-4852
-4360
-5045
-5447
-5383
-4467
-3679
-3360
-2661
-2026
-2295
-2656
-1816
-1198
-75
394
286
167
418
591
744
580
692
864
949
1048
101
-93
-585
-1388
-846
97
-1035
-2216
-2201
-2566
-2406
-2335
-2608
-2872
-2687
-3136
-3445
-2664
-2249
-2585
-2697
-2089
-1719
-1651
-1331
-728
-290
-74
774
1194
1182
2091
2381
2523
3345
4242
3762
3752
4238
4505
4732
4317
4812
3863
4518
4311
3256
3292
4087
3235
2282
3581
2544
2293
2213
2468
1638
2323
2248
1637
2484
2070
2089
2400
2591
2569
3213
3043
2725
3345
3303
3095
3396
3279
3474
3490
3162
3454
3236
2149
858
134
20
1404
2349
273
-1936
-2932
-3121
-3223
-3026
-2908
-2875
-4004
-5980
-6980
-5727
-5323
-5799
-5666
-5359
-5219
-6404
-6773
-5782
-4693
-3958
-3578
-3090
-3171
-3287
-3026
-2377
-463
254
-95
-431
-210
298
362
775
662
1111
1075
429
72
-16
-623
-1240
-945
-780
-1024
-2468
-3353
-3481
-2825
-2865
-3662
-3657
-3801
-4767
-4826
-3923
-3325
-3323
-3887
-3813
-3281
-2918
-2684
-1911
-1379
-782
-398
-273
572
1109
2065
2579
3060
3869
3690
3750
4495
4940
5486
5812
4940
5030
4936
4631
4374
5045
4766
4244
3821
2990
3649
2820
3425
2774
2821
2564
2491
2689
2005
3359
3347
3285
3256
3670
3618
4072
4454
4421
4923
4672
4167
4748
5063
4723
5245
4970
4012
3031
1102
714
2076
3770
2376
46
-2124
-2804
-2175
-3158
-3220
-1942
-2648
-5445
-7019
-6787
-5460
-5576
-6131
-6236
-5042
-6283
-7475
-6669
-5723
-4144
-4264
-3862
-3403
-3222
-3647
-3111
-1265
9
598
-236
-749
87
632
863
972
1220
1399
803
450
-105
-123
-551
-1282
-1052
-968
-2418
-3559
-3510
-3696
-3355
-4130
-4906
-4800
-5287
-5891
-5615
-4693
-4629
-4914
-5440
-5057
-4201
-4094
-3624
-2850
-1977
-1799
-1538
-643
192
1024
1714
2392
3252
3587
3868
4276
5023
5638
5822
5691
5490
5434
5191
5369
5296
5187
4560
3917
3618
3516
3364
3169
2627
2425
2524
2083
1739
1896
2519
2486
2744
2957
2779
2651
3181
3777
4119
4365
4358
4468
4654
4803
4989
5413
5392
4875
2715
1736
2149
3724
4559
2171
-282
-997
-1405
-2176
-2233
-1935
-1824
-3415
-6124
-7168
-5634
-5568
-6054
-6194
-5992
-6245
-7504
-7645
-6703
-4821
-4558
-4875
-4236
-3773
-3607
-3534
-2496
-508
561
91
-655
-212
721
1469
1625
1614
2002
1649
1064
729
830
667
-68
-634
-442
-1190
-2517
-3206
-3199
-2731
-3461
-4704
-5004
-5014
-5430
-5785
-5577
-4690
-4832
-5622
-5931
-5041
-4172
-3799
-3601
-2851
-1781
-1874
-1327
-313
997
2108
2176
2689
3926
4495
4919
5227
6033
6538
6505
6039
5952
6671
6195
5860
5481
5324
4807
4471
3880
3543
3841
2833
2340
2301
2307
1907
2210
1892
2033
2424
2048
2071
2448
3340
3206
3474
3362
3865
4408
4514
4909
5242
5365
5048
3829
1829
2230
3869
5519
4209
1134
-925
-864
-921
-1442
-1486
-873
-1803
-5017
-7381
-6672
-4884
-5156
-5992
-6684
-6277
-7384
-8174
-7519
-5927
-4537
-5137
-5307
-4615
-3942
-3861
-3445
-1732
-51
304
-606
-1027
12
1358
1933
1698
1857
1834
1535
1010
1132
1510
759
-260
-887
-517
-1342
-2347
-3026
-2890
-2728
-4141
-5145
-5200
-5225
-5315
-5901
-5639
-5039
-5682
-6333
-6138
-4920
-4132
-3857
-3954
-3117
-2454
-2194
-961
388
1599
2015
2105
2850
4060
5217
5634
5856
6622
6900
6656
6447
6572
6847
6838
6201
5783
5542
5048
4592
3566
3561
3587
3121
2480
2075
1654
1432
1540
1637
2037
1886
1531
1229
1971
2659
2650
2663
3014
3330
3999
4024
4301
4606
4705
3316
1671
1926
3473
5372
4265
1182
-974
-779
-596
-968
-1254
-940
-1969
-4738
-7476
-6725
-4999
-5116
-6252
-7476
-7256
-7802
-8610
-8307
-6520
-5304
-5948
-6624
-5813
-4873
-4365
-4055
-2605
-836
-539
-1136
-1609
-364
1162
2036
1733
1441
1588
1513
1553
1439
2174
1292
-45
-1212
-1018
-475
-1712
-2666
-3227
-2982
-3581
-5438
-6105
-5401
-5295
-5634
-6294
-5935
-5925
-6308
-6799
-5635
-3992
-3721
-3797
-4142
-2745
-1611
-425
575
1929
2963
2822
3373
4988
6489
7430
7678
7830
8391
8725
8548
8367
9016
9132
8915
8096
7329
6950
6489
6347
5804
5588
4932
3983
3289
3180
3223
2941
2989
2837
2645
2089
2257
2784
3443
3727
3192
3210
3670
4481
4690
5032
5058
4995
3966
1859
1625
3727
6066
5266
1638
-758
-1137
-1033
-1199
-1152
46
-1367
-5006
-8210
-7954
-5685
-5035
-6468
-7713
-7752
-8903
-9995
-9745
-7517
-6133
-6554
-7302
-7334
-6691
-6079
-5492
-3727
-1799
-1392
-2403
-3158
-2163
-482
727
820
899
746
393
-171
147
874
653
-595
-1756
-1857
-1891
-2645
-4156
-4261
-3910
-4426
-5818
-6949
-7202
-6944
-7177
-7261
-6703
-6596
-7479
-8111
-7359
-5892
-4470
-4487
-4545
-3992
-2857
-1739
-347
1153
2022
2665
3286
4165
5710
6869
7219
7642
8342
8763
8769
8850
8798
9183
8959
8541
8480
8194
7696
6596
6381
6516
6311
5686
4838
4475
4608
4391
4032
3924
4040
4372
4006
3680
3659
3896
4369
4494
5128
5451
5832
5194
4884
3060
2025
2864
5081
7140
4818
1029
-699
-563
88
343
796
1528
-1266
-5307
-7910
-5495
-2987
-2920
-5235
-6791
-7269
-8299
-8219
-7370
-5273
-5305
-6499
-6954
-6478
-5699
-5431
-5250
-3383
-1989
-1791
-2918
-3755
-2784
-1139
-27
-282
-398
-584
-1176
-1893
-1411
257
378
-1743
-3962
-4386
-3215
-3129
-4321
-5227
-5355
-5768
-7186
-7996
-7454
-7036
-7291
-7953
-7934
-7450
-7410
-7975
-7678
-6190
-4903
-4608
-5211
-4712
-3316
-2005
-982
236
1470
2059
2108
2715
4640
6557
6993
6646
6821
7654
8010
7923
8326
8624
8537
7776
7350
7859
7829
6851
5956
6255
6627
6347
5577
5148
5310
5389
5061
5086
5559
5934
5658
5318
5432
5430
5815
5969
6742
7636
7762
6869
6467
5301
3599
3868
5325
8252
7751
3568
239
-228
662
1273
1280
2310
1045
-2643
-6817
-6699
-3393
-1730
-2944
-5208
-6012
-7221
-7378
-7140
-4987
-3601
-4648
-5922
-5810
-4828
-4114
-4403
-3721
-2202
-956
-1364
-2716
-2728
-1815
-595
-735
-670
-568
-580
-1913
-2932
-2005
-847
-1025
-3791
-5337
-5569
-4562
-4686
-5746
-6599
-7174
-7922
-8943
-8763
-7860
-7846
-8583
-9581
-9256
-8147
-7717
-7837
-7995
-6712
-6267
-5925
-5645
-4345
-3017
-2457
-1915
-922
517
1116
1300
2301
4092
5086
5109
4993
5228
5789
6164
6276
6743
6684
5994
5375
5531
6155
5904
5119
4396
4513
4954
4931
4725
4572
4683
4585
4629
4911
5659
5997
5893
5765
5718
6059
6564
6898
7551
8084
7977
7564
7273
5315
3517
4180
6164
9084
7274
3254
385
-118
151
428
2017
3519
1419
-3515
-7513
-6290
-2705
-1249
-2288
-3666
-4717
-6549
-6943
-6021
-2990
-1842
-2807
-3982
-3871
-2930
-2562
-2705
-1606
-118
990
362
-835
-978
-465
-213
-393
364
1071
614
-1683
-2956
-2526
-1379
-1851
-3907
-4853
-5329
-5310
-6105
-6706
-7072
-7500
-8216
-8906
-8399
-7727
-8089
-8954
-9513
-8199
-6778
-6114
-6501
-6770
-5963
-5594
-4628
-3481
-1609
-1013
-1405
-1213
11
1840
2414
2594
3460
4536
5018
4751
4713
4967
5270
5257
5271
5674
5164
4248
3534
3758
4324
4013
3405
2600
2895
3128
3144
3396
3548
3865
3548
3660
4330
5436
6140
5809
5641
5735
5971
6545
7563
8464
9049
8450
7605
6204
4071
3518
4699
8220
8941
5530
1810
-733
-1078
-859
118
2628
3190
-447
-6095
-7805
-5918
-3314
-2725
-3222
-3049
-4348
-6182
-6938
-4962
-2617
-2332
-2643
-2370
-1281
-853
-1847
-1799
-520
1113
1877
1830
1505
1180
556
-550
-451
755
1881
1111
-780
-2065
-2492
-2361
-3230
-4605
-4679
-5173
-5640
-6395
-7383
-7999
-8638
-9067
-8922
-8234
-7714
-8020
-8985
-9328
-8456
-6923
-5510
-5340
-5547
-5427
-5219
-4235
-2783
-1027
17
-56
47
612
1549
2717
3443
4184
4916
5055
4916
4840
4671
4638
4723
4868
4912
4429
3691
3041
2702
2561
2463
2362
2018
2173
2140
2107
2267
2191
2649
3012
3507
3776
4202
4888
5223
5396
5093
5635
6365
7210
7659
7441
7578
7460
6525
3939
3067
3694
6296
7396
4970
2072
-390
-1247
-1669
-1421
500
1657
9
-4590
-7642
-6733
-4156
-2829
-3691
-4200
-4488
-4555
-5880
-5902
-3904
-2596
-2156
-2440
-1898
-624
-661
-1528
-1752
-143
1433
2215
2112
1427
1012
-163
-792
-305
1174
1729
1049
-521
-2000
-2892
-3120
-3851
-4336
-4136
-4715
-4718
-5902
-7334
-8294
-8772
-8021
-7451
-6638
-6306
-6761
-7348
-8270
-7582
-5862
-3840
-2833
-3402
-3998
-3697
-2614
-1553
67
1229
1955
2265
2044
2495
3491
4755
5222
5659
6167
6015
5983
5506
5177
5076
5229
5306
5147
4844
4034
3483
2867
2708
2761
2942
3335
3032
2880
2558
2595
2946
3193
4042
4303
4925
5075
5054
4983
4860
5173
5862
7108
7268
7560
6770
6269
5329
3239
2996
2559
5435
6545
4813
2391
-1560
-2163
-2413
-1750
-368
106
-193
-3649
-6737
-7833
-6106
-4164
-3961
-4446
-5343
-4940
-5537
-5952
-5849
-5091
-3663
-3045
-2098
-1686
-1738
-2331
-3023
-2613
-1509
186
960
1118
87
-1585
-2521
-2564
-1127
-284
25
-936
-2252
-3241
-4474
-5455
-5772
-5674
-5093
-4589
-5502
-6828
-8494
-9269
-8861
-7927
-6507
-5897
-5772
-6438
-7573
-7394
-6236
-4288
-2870
-2771
-2975
-2664
-1796
-798
182
915
1966
2976
3666
4268
4628
5199
5579
6179
6731
6944
7265
6905
6413
5930
5552
5527
5736
5641
5008
4480
3829
3560
3430
3386
3532
3494
3723
3637
3713
3729
3698
4155
4463
5241
5594
5985
5940
5670
5554
5429
6395
6805
7746
7663
6810
5984
3838
3248
2076
3440
5102
5249
4493
431
-1641
-3245
-2949
-1381
-1303
-710
-2517
-4606
-6484
-7147
-6178
-5727
-5101
-5800
-5738
-5686
-5631
-5348
-6031
-6018
-5980
-4808
-3095
-2092
-1840
-2764
-3620
-4159
-3542
-2229
-516
166
-524
-1884
-3364
-3228
-2670
-1663
-1130
-1632
-2243
-3541
-4509
-5058
-5570
-5179
-5174
-4904
-5283
-6381
-6586
-7147
-6899
-6795
-6580
-6024
-5556
-4980
-5246
-4776
-4394
-4051
-3451
-3034
-1926
-720
361
1049
1243
1734
2053
2715
3792
4810
5859
5947
6236
6555
6480
6103
5803
6317
6453
6532
6221
5973
6234
5518
4251
3917
4082
3854
4156
4271
4305
4224
3770
3155
3113
3538
3830
4435
5074
5453
5334
5289
5121
5145
5413
6002
6428
6896
7064
6754
6246
6261
6522
6510
6192
5118
4336
3426
3319
3418
4122
3795
1927
-438
-2309
-2375
-1967
-1276
-1565
-2547
-4524
-6351
-6756
-6244
-5470
-5694
-6510
-7288
-7603
-7104
-6411
-5920
-6040
-6757
-6951
-6205
-4632
-3506
-3245
-3861
-4667
-4671
-3978
-2699
-1709
-1449
-2283
-3414
-3964
-3582
-2569
-2232
-2491
-3205
-4110
-4636
-4883
-4729
-4533
-4526
-4946
-5390
-5484
-5223
-5295
-5499
-5433
-5558
-4907
-4574
-4131
-3700
-3759
-3686
-3661
-3047
-2268
-1576
-976
-769
36
332
625
1428
1503
1954
2872
3211
3550
4576
4413
4275
3949
4054
4845
4967
5009
4802
4418
4331
4172
4007
4487
4380
3625
3307
3572
3703
4347
4437
3765
3475
3497
3622
4360
5502
5971
5675
5177
4879
4846
5619
5989
6489
6899
6414
6188
6075
6347
6569
6254
5731
5196
4799
4618
4785
4922
4551
3665
2101
622
97
123
361
380
-349
-1696
-3111
-4174
-4591
-4475
-4414
-5025
-5504
-5871
-6129
-6137
-6142
-6233
-6451
-6511
-6543
-5817
-4894
-4428
-4206
-4212
-4195
-3942
-3512
-3003
-2391
-2023
-2166
-2409
-2366
-2259
-2278
-2625
-2823
-2915
-3319
-3717
-3923
-3808
-3708
-3986
-4412
-4742
-5010
-5318
-5313
-4907
-4448
-4001
-3916
-4131
-4222
-3763
-3465
-3254
-2513
-1797
-964
-858
-770
-266
383
899
827
1822
2077
2531
2862
2854
3659
3681
4047
4130
3772
3507
3913
3741
4096
4597
4094
4333
3654
3045
3266
3486
3847
3722
3857
3579
3453
3765
4169
4890
4836
4278
3836
4570
5280
5941
6224
6135
5917
5318
5346
5865
6485
6742
6433
5223
4508
4852
5046
5496
5229
4026
3019
1761
1133
1221
1625
1196
-85
-1714
-3074
-3468
-3426
-3357
-3720
-4437
-5673
-6438
-6816
-6576
-6059
-6180
-6618
-6963
-6696
-6129
-5731
-5375
-5091
-4781
-4589
-4429
-3614
-2563
-1668
-1715
-1995
-1918
-1513
-1038
-913
-889
-983
-904
-1081
-1505
-1693
-1952
-2551
-3158
-3518
-3703
-3601
-3653
-4073
-4507
-4912
-5184
-5306
-5086
-4909
-4722
-4463
-4342
-4080
-3424
-2778
-2342
-2106
-1804
-1273
-642
193
948
1695
2325
2211
1966
3180
3780
3569
3936
4095
4148
4756
4325
3436
4693
4310
3061
3392
3566
3318
3659
3222
1679
2036
2906
2665
2429
2887
2823
3217
3286
2254
3359
4489
3722
3390
4019
4994
5531
6069
6252
5695
5151
4496
4865
5564
5988
6184
5783
5285
4649
4256
3507
2966
2263
1751
1688
657
-166
-1106
-1927
-3203
-3750
-4049
-4673
-4952
-6018
-6841
-7137
-6856
-6899
-6926
-7044
-7286
-6954
-6501
-6257
-5589
-4837
-4146
-3719
-3091
-2346
-1768
-1157
-870
7
519
879
1005
1103
1245
1088
973
743
638
143
-510
-873
-1497
-1929
-2634
-3103
-3594
-3956
-4266
-5063
-5214
-5492
-5285
-5213
-5084
-4917
-4794
-4624
-4387
-3557
-2803
-2115
-1538
-1037
-72
769
1515
2429
2783
3100
3531
4187
4849
5710
6344
6162
6513
5902
5400
5723
5656
5727
5532
5798
4727
3992
3207
2190
2371
2749
2566
1949
1866
1358
1418
1683
1611
1675
2007
1471
1535
2522
3280
3825
3964
4088
4174
4538
4538
4630
4670
4377
4291
4449
4698
4963
4862
4275
3419
1805
283
-1674
-2547
-3067
-2524
-1809
-2389
-3041
-5456
-7122
-8810
-8892
-8597
-8263
-7820
-8038
-7555
-7287
-6813
-6558
-6760
-6894
-6943
-6018
-4264
-2732
-1103
-632
-204
-270
176
760
1135
1637
1515
1809
2012
2482
2713
2498
1620
157
-1285
-2427
-2887
-3008
-2909
-3198
-3854
-4653
-5308
-5956
-6298
-6314
-6416
-6502
-6128
-5379
-4401
-3280
-2503
-2051
-1599
-1178
-761
289
1360
2396
3364
4193
4843
5504
5859
5861
6069
6153
6391
6932
7220
7319
6860
6284
5461
4948
4474
4045
4094
3942
3601
2861
2723
2320
2146
1784
1371
1545
1939
2309
2523
3162
3205
3116
2964
3013
3347
3872
4069
4075
4281
4342
4384
4452
4443
4450
4124
3869
3044
1775
455
-1466
-1746
-2210
-1069
-917
-1376
-2639
-5174
-6359
-7890
-7224
-6995
-6639
-6617
-7201
-6743
-6803
-6147
-6021
-6223
-6119
-6530
-5478
-4492
-2937
-1832
-1375
-732
-667
-105
61
268
451
409
763
971
1508
1690
1425
551
-761
-1799
-3085
-3551
-4062
-4030
-4281
-4726
-5165
-5681
-6012
-6410
-6584
-6700
-6670
-6173
-5302
-4109
-3025
-2093
-1507
-1031
-449
126
1042
1758
2581
3314
4214
5176
6006
6518
6616
6560
6499
6633
6856
6870
6845
6479
6102
5810
5605
5274
4778
4375
3743
3277
2664
2290
2042
2021
2203
2505
3175
3314
3385
2913
2820
2843
3207
3691
3800
4161
3840
3989
3799
4046
4216
4205
4358
3768
3913
2511
1592
-285
-1829
-2028
-2578
-785
-1327
-739
-2530
-4198
-5234
-6525
-5638
-6087
-5308
-5741
-5656
-5242
-5105
-4067
-4290
-3960
-4314
-4379
-3789
-3730
-2662
-2458
-1525
-973
-373
119
91
-200
-726
-1063
-1182
-874
-800
-672
-1067
-1739
-2588
-3609
-4313
-5036
-5553
-6131
-6611
-6832
-7009
-6725
-6611
-6232
-6130
-6101
-5734
-5458
-4499
-3752
-2789
-1762
-912
282
1075
1927
2410
2748
3084
3431
4066
4595
5237
5605
5947
6216
6256
6258
5933
5549
5172
4747
4606
4357
4236
3910
3504
3052
2583
2227
1849
1880
1689
2209
2325
2898
3334
3558
3978
3910
4049
4133
4084
4521
4561
5053
5154
5084
5255
4886
5533
5111
5556
4291
2900
988
-1527
-1644
-2620
-989
-803
-770
-1128
-3238
-3604
-5136
-4914
-5118
-5275
-5031
-5164
-4303
-3791
-2720
-2232
-1708
-1553
-1651
-1384
-1594
-1095
-970
-205
542
1327
1874
1802
1614
697
328
-678
-904
-1425
-2025
-2204
-3476
-3684
-4966
-5655
-6330
-7613
-7829
-9166
-9292
-9677
-9596
-8826
-8705
-7692
-7633
-6727
-6092
-5031
-3764
-2885
-1619
-942
293
1183
2248
3208
3833
4501
4758
5124
5246
5524
5672
6012
6272
6296
6315
5695
5437
4750
4425
4089
3518
3235
2358
1924
1368
977
946
535
751
588
1110
1511
2115
2838
2979
3654
3330
4008
3827
4278
4515
4408
5072
4625
5475
5163
5943
5785
5701
4899
2919
1515
-1429
-1598
-2890
-1757
-1518
-1736
-1491
-3247
-3076
-4337
-4133
-4334
-4648
-4600
-4928
-4099
-3441
-1800
-791
425
1000
934
1211
708
1324
1296
1939
2320
2692
3040
2861
2999
2353
2262
1092
176
-989
-2480
-3037
-4398
-4893
-5811
-7023
-7701
-9030
-9554
-10100
-10544
-10460
-10518
-10284
-9925
-9525
-8685
-7571
-6375
-5033
-3863
-2863
-1704
-782
413
1436
2280
2905
3291
3602
3894
4288
4514
4982
5031
5148
5116
4876
4889
4535
4253
3905
3354
3053
2606
2183
1927
1412
1233
999
979
1159
1358
1752
2239
2728
3289
3640
4077
4259
4626
4658
4756
4761
4462
4676
4265
4796
4781
5361
5274
4999
3576
1783
-319
-2129
-2398
-3177
-2403
-3054
-3028
-3272
-3727
-3214
-3240
-2711
-2812
-3137
-3396
-3271
-2542
-1537
-82
857
2068
2553
3164
3863
4203
4595
4232
3873
3372
3135
2882
2998
2952
2640
2127
997
169
-688
-1745
-2556
-4149
-5650
-7027
-8520
-8598
-9018
-8810
-8829
-9304
-8930
-9028
-8263
-7731
-6998
-6381
-5731
-5051
-4034
-2785
-1625
-276
388
1315
1488
1904
2027
2132
2296
1908
1969
1517
1675
1640
1855
2157
2220
2184
1876
1537
1247
1094
638
574
-86
-21
-289
103
608
1168
1918
2319
3091
3568
4321
4762
5164
5239
5377
5225
5408
5215
5152
4983
4831
4936
5047
4845
4715
3527
2008
-28
-2250
-2836
-3675
-3239
-3709
-3946
-4045
-4090
-3554
-3134
-2448
-2178
-2198
-2511
-2319
-1603
-524
609
1297
2087
2597
3460
4289
5064
5503
4881
4354
3359
3109
2721
2250
1849
995
185
-843
-1479
-1776
-1975
-2818
-4019
-5549
-6689
-7315
-7706
-7466
-7698
-7550
-7708
-7239
-6233
-5214
-4089
-3565
-3110
-2656
-1988
-1029
5
663
1100
1270
1757
2394
2931
3140
2808
2217
1417
772
470
335
239
-6
-347
-361
-287
-104
42
-141
-215
-764
-967
-1258
-1285
-1302
-1526
-1176
-831
261
933
1760
2328
2884
3490
3755
4124
4063
4079
3666
3293
3000
2943
3367
3548
3956
3663
3755
2943
1739
118
-1667
-1886
-2552
-2533
-3316
-3276
-2849
-2265
-1620
-1047
146
631
827
450
781
1600
2183
2280
2203
2659
3296
4198
4780
5229
5412
4962
4641
3944
3340
2507
1552
607
-615
-1640
-2393
-2327
-2305
-2672
-3466
-4413
-4922
-5445
-5903
-6315
-6580
-6751
-6691
-6282
-5424
-4141
-3151
-2296
-1853
-1376
-660
109
825
940
913
853
1261
1801
1999
2127
2034
1966
1811
1424
1192
983
665
116
-444
-634
-477
-208
-142
-163
-175
55
121
83
-489
-1165
-1575
-1724
-1394
-1173
-762
-342
42
456
685
1192
1517
1613
1291
563
307
2
175
70
125
369
836
829
-55
-1346
-2629
-2637
-2980
-3264
-3983
-3974
-3470
-3064
-2536
-1667
220
1396
1685
1424
1906
3199
3884
3656
3295
3712
4441
4862
4926
5060
5428
5329
4788
4181
3844
3491
2685
1462
214
-547
-902
-1108
-1597
-2249
-2758
-3056
-3280
-3704
-3985
-3995
-4019
-4056
-4214
-3678
-2826
-1985
-1490
-1106
-398
291
948
1273
1655
1973
2097
2002
1999
2062
2085
1913
1500
1212
1017
959
722
508
349
309
333
254
165
169
250
294
372
412
632
451
200
-401
-471
-377
-262
-365
-566
-428
-331
-109
-163
160
109
67
-600
-980
-1332
-1527
-1733
-2018
-2079
-2081
-1938
-2312
-3087
-4253
-4830
-4872
-4906
-5523
-5957
-5670
-4861
-4250
-3722
-2381
-535
601
824
1209
2524
3693
3711
3045
3020
3774
4155
4005
3965
4318
4621
4444
4042
4017
3790
3222
2044
964
222
-277
-702
-1402
-2099
-2464
-2442
-2312
-2340
-2468
-2139
-2033
-1927
-1940
-1362
-409
241
519
915
1834
2808
3309
3676
4187
4615
4762
4325
4213
4201
4140
3562
2942
2540
2377
2071
1749
1340
1208
1034
785
730
696
936
897
904
874
1166
1343
1208
722
453
260
121
-282
-502
-304
-173
-261
-530
-268
26
14
-565
-995
-1279
-1600
-2332
-3008
-3326
-3577
-3857
-4571
-5379
-6484
-7170
-7495
-7590
-8007
-8461
-8328
-7758
-7280
-6956
-5864
-4328
-3072
-2658
-1877
-294
1267
1685
1462
1757
2517
2898
2804
2818
3174
3336
3041
2994
3217
3448
2998
2137
1259
534
-106
-873
-1824
-2761
-3476
-3923
-4180
-4448
-4222
-3827
-3401
-3213
-2856
-1882
-855
-62
512
1476
2542
3321
3770
4498
5496
6361
6655
6679
6910
7114
7179
6925
6669
6366
5908
5327
4740
4482
4446
4279
3837
3311
3186
3415
3503
3214
2898
2830
2707
2308
1985
2026
2131
1698
1058
885
1304
1511
1325
1046
1013
992
746
641
520
273
-447
-1138
-1679
-2179
-2818
-3617
-4616
-6017
-7362
-8137
-8378
-8790
-9465
-9686
-9238
-8630
-8364
-7872
-6889
-5988
-5565
-5190
-4056
-2848
-2225
-2172
-1697
-683
97
379
472
861
1143
1166
1067
1134
1152
846
295
-195
-463
-818
-1428
-2392
-3244
-3811
-4155
-4655
-5371
-5873
-5897
-5610
-5308
-4870
-4171
-3247
-2463
-1533
-331
1157
2312
3034
3717
4698
5786
6417
6633
6706
7013
7253
7389
7350
7399
7341
7113
6908
6962
7212
7108
6667
6219
6225
6336
6264
5833
5417
5135
4944
4893
4805
4763
4383
4060
3797
3892
4075
4035
3714
3095
2858
2901
3185
2904
2362
1817
1493
1194
565
62
-944
-2272
-4157
-5415
-5949
-6396
-7122
-8131
-8241
-8069
-7413
-7023
-6248
-5689
-5370
-5086
-4632
-3663
-3269
-2998
-3263
-3019
-2809
-2371
-2172
-2159
-2184
-2209
-1958
-1859
-1762
-1957
-2121
-2549
-2962
-3454
-3906
-4684
-5610
-6507
-6963
-7318
-7704
-8179
-8392
-8219
-7916
-7364
-6868
-6103
-5559
-4722
-3785
-2499
-1376
-441
402
1280
2328
3180
3965
4363
4779
5024
5361
5595
5758
5833
5750
5713
5737
6003
6145
6087
5935
6008
6284
6322
6226
6040
6079
5854
5612
5433
5454
5295
4853
4761
4922
5262
5008
4902
4841
5177
5120
5102
4981
4841
4449
3924
3740
3326
2741
1364
225
-1035
-1708
-2658
-3296
-4089
-4456
-4553
-4288
-3611
-3001
-2162
-1826
-1129
-648
271
526
600
176
-38
-239
-417
-577
-895
-1097
-1448
-1453
-1443
-1264
-1424
-1677
-2167
-2531
-3027
-3505
-4359
-5219
-6197
-6805
-7386
-7786
-8240
-8592
-8716
-8745
-8396
-8195
-7575
-7313
-6601
-6171
-5162
-4367
-3462
-2864
-2214
-1355
-689
48
299
871
983
1365
1374
1721
1854
2014
2107
2255
2608
2820
3142
3291
3640
3957
4313
4508
4585
4651
4673
4599
4414
4165
3991
3646
3422
3227
3279
3250
3214
3401
3604
4024
4001
4264
4161
4201
3829
3470
2995
2013
1122
-183
-657
-1668
-2005
-2743
-2687
-2676
-2265
-1462
-665
546
1092
2267
2828
3868
4044
4377
4174
3972
3700
3362
3178
2625
2325
1900
1859
1673
1597
1388
1050
595
68
-445
-1109
-1965
-2876
-3887
-4662
-5414
-5831
-6444
-6813
-7004
-6749
-6484
-6245
-5687
-5054
-4334
-3974
-3123
-2323
-1540
-1345
-866
-226
298
423
407
671
664
532
167
126
-60
-336
-665
-778
-672
-678
-617
-565
-191
220
594
816
980
1274
1308
1278
979
941
624
339
-31
2
92
152
234
458
967
1261
1575
1490
1595
1227
879
-79
-828
-1874
-2796
-3966
-4755
-5091
-5287
-5266
-5154
-4118
-3158
-1848
-865
723
1880
2927
3586
4353
4801
4754
4644
4475
4409
3981
3839
3662
3599
3351
3454
3564
3461
3066
2768
2370
1594
610
-212
-1028
-2157
-3267
-3944
-4348
-4893
-5306
-5181
-4734
-4365
-3920
-3071
-2061
-1258
-484
473
1540
2298
3004
3669
4376
4751
5061
5211
5265
5133
4912
4596
4069
3551
3023
2566
1950
1475
1102
818
405
157
86
95
-102
-248
-302
-280
-443
-637
-737
-832
-879
-997
-838
-779
-552
-501
-255
-167
-86
-95
-341
-771
-1584
-2248
-3237
-4289
-5627
-6547
-7284
-7973
-8470
-8489
-7852
-7306
-6503
-5357
-3690
-2353
-1330
-219
935
1710
1854
2078
2261
2184
1758
1552
1609
1514
1411
1512
1866
2005
2099
2267
2290
1939
1370
907
192
-828
-1860
-2605
-3330
-4135
-4580
-4587
-4410
-4231
-3704
-2794
-1884
-1020
-117
948
1800
2560
3283
4013
4595
5100
5668
6119
6528
6856
7269
7408
7433
7382
7336
6949
6404
5888
5416
4743
4007
3500
3106
2684
2194
2040
1870
1765
1434
1399
1205
1049
752
612
476
251
258
177
296
85
242
48
-143
-785
-1272
-1957
-3019
-4154
-5280
-6001
-7124
-7801
-8284
-8017
-7925
-7465
-6638
-5453
-4347
-3507
-2367
-1472
-694
-526
-184
-138
-227
-598
-863
-1068
-1410
-1611
-1758
-1731
-1877
-1881
-1869
-1955
-2237
-2556
-2843
-3356
-4040
-4662
-5187
-5658
-6224
-6416
-6440
-6173
-5905
-5300
-4493
-3602
-2599
-1699
-600
219
1221
1876
2641
3153
3824
4363
4798
5273
5740
6333
6564
6920
7114
7429
7338
7243
7081
6964
6662
6269
6025
5812
5641
5374
5268
5165
5107
4948
4789
4625
4448
4256
3969
3765
3565
3469
3281
3113
2991
2819
2605
2102
1688
965
293
-756
-1690
-2766
-3701
-4565
-5359
-5784
-6089
-5830
-5669
-4977
-4308
-3154
-2251
-1294
-405
449
1104
1270
1479
1413
1331
763
351
-82
-429
-913
-1323
-1515
-1707
-1934
-2272
-2535
-2901
-3463
-4194
-5066
-5936
-6980
-7983
-8993
-9735
-10315
-10687
-10737
-10464
-9790
-9041
-7926
-6736
-5274
-4030
-2691
-1479
-300
603
1339
2066
2596
3060
3298
3698
3932
4234
4375
4654
4825
4993
5109
5199
5242
5170
5171
5070
4953
4730
4654
4550
4416
4235
4206
4277
4286
4303
4404
4646
4804
4972
5082
5176
5165
5062
4754
4127
3430
2695
1787
421
-845
-1796
-2658
-3847
-4738
-4843
-4636
-4643
-4443
-3344
-2029
-1092
-308
1022
2294
2989
3292
3781
4091
3924
3544
3287
2931
2452
2141
1939
1602
1274
1342
1282
836
218
47
-467
-1563
-2925
-3744
-4719
-6184
-7588
-8348
-8788
-9533
-9867
-9651
-8934
-8470
-7643
-6592
-5367
-4406
-3380
-2402
-1684
-1073
-519
-17
74
316
639
970
940
1156
1601
1961
1987
2139
2525
2675
2522
2395
2474
2331
2019
1801
1816
1746
1646
1690
1934
2178
2366
2584
2814
2990
2966
2742
2384
1996
1417
504
-423
-1155
-1823
-2765
-3495
-3710
-3636
-3757
-3658
-2934
-2011
-1347
-749
286
1235
1827
2110
2592
2882
2891
2735
2659
2518
2307
2258
2205
2137
2113
2399
2510
2391
2242
2341
2160
1540
846
418
-140
-1075
-1944
-2414
-2703
-3128
-3305
-3083
-2543
-2061
-1374
-572
318
1050
1804
2380
2641
2718
2757
2650
1966
1301
821
513
-364
-1112
-1348
-1244
-1585
-2018
-1781
-1313
-1201
-1544
-1291
-930
-836
-1274
-1314
-1121
-1059
-1245
-1250
-869
-518
-131
205
801
1374
2017
2401
2665
2887
3099
3017
2555
2084
1716
1194
351
-421
-868
-1279
-1834
-2258
-2325
-2266
-2319
-2325
-2192
-1981
-1958
-1959
-2062
-2138
-2340
-2526
-2806
-3069
-3228
-3277
-3245
-3212
-2934
-2552
-2053
-1674
-1179
-674
-164
149
364
550
703
744
606
495
443
444
322
263
352
546
639
718
919
1185
1329
1392
1531
1676
1713
1675
1684
1704
1652
1575
1594
1654
1672
1697
1840
2040
2188
2328
2550
2836
3016
3124
3247
3418
3491
3460
3424
3425
3436
3370
3296
3190
3184
3139
2983
2637
2371
2147
1678
893
182
-245
-891
-1852
-2622
-2810
-3063
-3587
-3833
-3377
-2907
-2799
-2503
-1670
-914
-663
-374
208
623
554
499
597
510
148
-73
-205
-533
-904
-1000
-1129
-1555
-1932
-1993
-2209
-2854
-3399
-3604
-3981
-4794
-5413
-5599
-5832
-6347
-6548
-6262
-5915
-5706
-5211
-4363
-3526
-2787
-1928
-986
-236
419
1052
1545
1742
1938
2163
2178
1934
1809
1839
1662
1275
1061
1092
931
579
378
429
338
49
-114
-75
-69
-215
-213
-66
122
238
496
849
1218
1615
2077
2628
3042
3513
3906
4339
4466
4539
4511
4492
4188
3668
3185
2750
2271
1398
813
432
333
-243
-481
-332
110
106
152
731
1373
1670
1631
2142
2506
2638
2285
2356
2312
2134
1686
1425
1228
959
731
433
294
108
132
-68
-236
-408
-378
-617
-1050
-1413
-1606
-2003
-2660
-3130
-3382
-3675
-4105
-4274
-4149
-3976
-3831
-3468
-2860
-2248
-1732
-1132
-495
0
299
605
789
798
652
540
351
62
-249
-457
-611
-816
-966
-998
-972
-1060
-1114
-1131
-1193
-1399
-1611
-1822
-2077
-2388
-2637
-2808
-2931
-2959
-2832
-2543
-2196
-1760
-1200
-585
-59
426
917
1316
1505
1620
1750
1773
1639
1517
1509
1492
1431
1448
1580
1719
1795
1892
2046
2135
2098
2046
1993
1837
1600
1384
1162
876
645
498
358
214
190
280
377
472
629
849
1015
1125
1231
1360
1368
1267
1146
1034
860
641
467
344
270
226
246
300
417
573
760
931
1083
1202
1249
1208
1102
976
796
582
327
44
-262
-559
-850
-1090
-1272
-1451
-1641
-1804
-1927
-2023
-2086
-2135
-2170
-2182
-2191
-2213
-2220
-2228
-2233
-2201
-2118
-2029
-1915
-1745
-1534
-1258
-905
-523
-150
218
564
871
1149
1374
1492
1538
1537
1483
1386
1279
1145
952
725
482
221
-95
-466
-855
-1273
-1716
-2130
-2480
-2784
-3013
-3117
-3109
-2986
-2752
-2416
-1991
-1524
-1037
-532
-23
439
860
1269
1598
1850
2110
2349
2492
2591
2669
2665
2642
2627
2519
2328
2134
1898
1612
1347
1049
690
372
132
-42
-205
-361
-434
-400
-273
-11
311
535
768
1111
1425
1692
1934
2012
2025
2097
1993
1749
1600
1278
855
828
765
220
-111
-202
-629
-857
-678
-931
-1440
-1476
-1543
-1838
-1770
-1692
-1898
-1804
-1526
-1496
-1304
-985
-954
-751
-274
-139
-128
150
246
184
419
592
430
337
349
197
42
-45
-271
-563
-812
-1046
-1219
-1342
-1523
-1671
-1715
-1782
-1826
-1775
-1750
-1810
-1829
-1787
-1792
-1792
-1748
-1696
-1622
-1476
-1285
-1065
-820
-575
-303
23
329
575
809
1022
1162
1295
1445
1523
1536
1581
1635
1657
1704
1784
1851
1924
2025
2127
2205
2266
2306
2305
2285
2226
2112
1966
1801
1595
1370
1167
965
751
571
400
214
61
-47
-166
-278
-344
-415
-487
-534
-573
-616
-629
-600
-560
-506
-462
-412
-340
-244
-126
-6
101
171
237
297
344
360
339
288
195
77
-61
-219
-403
-594
-759
-925
-1078
-1205
-1318
-1406
-1459
-1499
-1526
-1517
-1540
-1567
-1550
-1555
-1585
-1580
-1576
-1616
-1588
-1526
-1500
-1426
-1299
-1208
-1084
-887
-746
-596
-393
-253
-152
3
100
124
211
282
276
341
427
448
531
680
770
887
1075
1193
1281
1420
1482
1473
1499
1468
1346
1252
1148
964
821
724
583
478
434
377
333
357
378
380
429
477
492
518
555
555
550
569
564
542
553
555
530
534
542
524
510
504
465
406
361
282
183
92
-17
-132
-245
-340
-439
-520
-569
-615
-636
-637
-629
-608
-583
-548
-519
-504
-490
-480
-495
-525
-552
-600
-655
-693
-726
-765
-766
-755
-745
-690
-618
-560
-475
-382
-322
-262
-203
-192
-202
-207
-255
-307
-333
-373
-421
-412
-393
-373
-289
-202
-125
-17
79
145
211
266
280
290
297
270
251
241
232
239
271
308
355
423
481
547
608
655
698
728
725
707
691
633
576
535
458
382
331
257
174
131
72
-12
-58
-115
-211
-279
-341
-446
-514
-549
-610
-631
-598
-575
-530
-420
-311
-208
-63
67
166
287
386
428
466
495
468
423
379
293
189
102
0
-109
-202
-288
-374
-437
-476
-519
-541
-532
-519
-501
-454
-400
-355
-287
-208
-145
-68
20
96
180
279
367
443
536
616
675
734
765
766
755
732
671
601
523
426
319
223
122
14
-77
-160
-242
-310
-362
-407
-438
-445
-435
-414
-372
-320
-265
-191
-114
-47
22
85
142
190
229
256
268
271
266
245
202
151
90
9
-72
-145
-221
-291
-343
-389
-426
-444
-453
-452
-434
-415
-398
-380
-364
-358
-361
-366
-381
-411
-437
-465
-498
-525
-542
-551
-552
-543
-530
-498
-468
-430
-391
-349
-294
-235
-167
-92
-15
62
147
231
312
385
458
524
577
631
677
718
755
790
808
822
831
831
820
793
759
710
655
588
511
430
342
253
170
93
28
-21
-54
-70
-65
-41
-5
41
94
157
212
263
306
335
354
364
363
354
342
322
302
279
251
223
186
148
106
59
4
-60
-122
-189
-256
-324
-387
-434
-477
-502
-523
-534
-534
-537
-534
-530
-533
-543
-557
-583
-609
-636
-666
-688
-707
-719
-729
-729
-722
-713
-702
-684
-660
-624
-576
-526
-464
-396
-328
-250
-174
-99
-25
38
98
153
203
247
287
321
353
383
414
436
459
475
475
477
466
454
437
411
386
358
332
320
314
322
335
360
393
433
483
522
563
594
616
624
618
597
556
504
449
398
344
293
253
218
195
175
161
155
146
136
121
99
70
35
-2
-44
-81
-119
-146
-168
-178
-183
-186
-185
-184
-177
-176
-177
-193
-216
-239
-270
-300
-337
-380
-416
-450
-484
-515
-537
-559
-585
-605
-618
-631
-642
-653
-665
-669
-667
-664
-651
-634
-617
-592
-554
-506
-452
-385
-319
-248
-173
-92
-11
69
143
204
265
314
358
394
423
446
458
470
482
489
496
500
502
500
493
486
474
453
423
395
364
337
314
293
279
267
265
271
279
287
303
315
329
333
326
315
298
273
247
215
187
159
130
107
88
74
65
64
60
54
49
41
30
19
4
-15
-33
-54
-77
-92
-105
-117
-131
-145
-157
-162
-170
-182
-202
-220
-248
-280
-312
-345
-384
-425
-463
-504
-531
-554
-578
-594
-594
-583
-575
-561
-543
-523
-491
-455
-425
-391
-354
-314
-278
-237
-189
-142
-95
-46
1
54
109
157
200
238
270
302
329
345
355
361
366
367
364
361
361
357
357
362
365
366
366
366
355
348
335
335
330
317
311
304
302
298
296
302
309
317
324
332
332
321
306
287
265
241
210
173
132
91
50
7
-32
-63
-96
-125
-152
-177
-197
-217
-236
-251
-265
-274
-278
-280
-276
-272
-264
-260
-256
-243
-231
-220
-208
-199
-197
-202
-208
-225
-245
-261
-286
-311
-339
-362
-389
-412
-424
-440
-445
-444
-435
-422
-405
-383
-356
-322
-281
-243
-202
-158
-110
-58
-6
46
95
149
199
248
291
332
370
404
436
453
467
478
477
476
465
447
426
397
363
330
294
257
222
188
152
117
85
61
45
28
22
14
14
20
24
39
52
69
90
108
125
139
149
152
151
149
144
134
118
98
74
47
17
-8
-30
-56
-74
-91
-106
-119
-129
-135
-142
-143
-145
-145
-146
-148
-152
-162
-169
-182
-191
-208
-223
-234
-256
-266
-280
-291
-299
-301
-300
-297
-289
-273
-254
-234
-210
-185
-155
-126
-95
-68
-44
-15
5
25
38
52
68
77
85
92
92
96
97
96
99
102
107
112
117
122
126
133
142
149
153
159
162
163
167
167
166
162
159
158
146
142
130
116
110
98
87
77
68
57
47
39
28
16
12
7
4
5
4
8
13
18
21
28
30
38
45
50
53
55
56
50
45
37
25
10
-4
-20
-38
-54
-71
-86
-100
-112
-125
-133
-138
-141
-136
-132
-123
-113
-106
-93
-80
-71
-59
-50
-43
-35
-27
-21
-17
-12
-12
-12
-13
-13
-10
-10
-8
-8
-6
-2
-1
2
9
9
10
18
20
21
28
24
29
29
28
26
19
17
14
15
8
0
2
1
-1
-1
1
4
10
19
23
29
38
44
47
49
51
47
50
49
43
34
25
24
15
8
-5
-18
-22
-31
-41
-44
-52
-60
-61
-71
-78
-84
-86
-85
-89
-90
-88
-91
-95
-93
-89
-85
-83
-82
-77
-69
-67
-60
-54
-48
-41
-36
-28
-18
-12
-4
-1
2
11
19
33
44
48
57
66
82
89
96
107
112
123
128
131
132
138
139
141
143
136
128
125
120
116
108
96
88
78
68
56
46
35
24
14
6
2
-7
-10
-10
-10
-7
-5
6
11
21
25
35
39
38
43
41
46
44
40
37
27
22
8
2
-5
-19
-33
-45
-56
-66
-84
-97
-104
-124
-138
-147
-161
-171
-176
-180
-180
-179
-176
-177
-174
-167
-161
-154
-146
-139
-131
-124
-116
-112
-106
-99
-93
-85
-73
-65
-55
-47
-32
-23
-12
3
16
31
49
65
73
92
102
116
128
137
151
157
162
161
164
165
167
160
151
150
143
128
117
105
95
87
76
68
63
55
44
37
34
30
26
29
32
34
40
47
53
59
71
79
82
89
92
94
96
98
97
100
93
81
74
66
58
49
39
16
-4
-15
-32
-51
-65
-87
-108
-125
-140
-157
-171
-177
-186
-190
-191
-190
-188
-183
-183
-179
-166
-154
-146
-140
-128
-122
-115
-108
-105
-98
-85
-82
-72
-62
-65
-56
-48
-47
-41
-34
-27
-18
-9
-4
4
6
10
23
33
35
35
46
50
50
58
61
61
64
66
72
72
69
76
75
77
83
88
95
89
85
95
90
88
100
94
81
81
87
87
86
88
79
65
67
68
63
59
49
49
47
42
43
43
33
20
22
29
26
23
17
5
3
6
6
-3
-17
-18
-24
-31
-22
-33
-42
-42
-49
-47
-45
-48
-50
-53
-55
-49
-52
-50
-48
-49
-51
-53
-39
-39
-42
-35
-34
-34
-28
-24
-24
-19
-20
-16
-9
-8
-15
-12
2
-12
-21
-3
-19
-28
-3
-7
-33
-28
-24
-32
-31
-27
-33
-43
-41
-35
-28
-29
-32
-28
-18
-16
-8
5
1
-3
8
23
25
30
35
28
32
43
47
49
38
32
40
32
30
30
20
15
13
12
12
6
-2
-2
-7
-5
-3
-2
-5
-4
5
-2
1
14
1
5
23
15
20
29
20
27
37
29
28
35
22
19
36
21
-3
17
12
-11
7
9
-23
-26
-9
-26
-26
-21
-27
-35
-38
-33
-31
-25
-28
-31
-27
-14
-16
-11
-6
-9
-8
3
13
8
8
8
7
9
13
20
15
3
10
14
5
6
5
5
0
-1
3
-1
-7
-5
1
-4
-7
1
-5
-12
3
3
-6
-2
1
-12
2
1
-4
1
-10
-4
7
6
-9
1
1
-11
10
12
-11
-1
10
1
-2
22
0
-6
10
9
3
9
9
-4
6
6
8
2
2
-1
-7
7
8
3
2
0
-1
-2
3
0
-5
-5
0
1
-1
5
-1
-5
2
7
3
-1
-2
-5
-3
-1
-1
-7
-11
-15
-11
-14
-14
-11
-14
-18
-16
-8
-18
-13
-13
-12
-6
-3
5
5
9
12
16
23
23
30
28
29
34
35
34
25
32
22
24
19
17
10
4
5
-5
-1
-15
-20
-18
-24
-21
-25
-23
-26
-27
-23
-25
-16
-19
-13
-16
-10
-6
-3
4
-3
11
1
9
9
10
9
5
6
3
4
-4
-1
-10
-12
-17
-14
-20
-17
-23
-25
-24
-24
-20
-21
-14
-16
-5
-8
3
6
8
13
19
