-1
0
-1
0
1
-1
-1
0
1
1
0
0
0
2
1
0
-2
0
-1
-1
1
1
1
0
-1
0
-1
1
0
0
-1
2
1
-1
0
-1
0
0
-1
-2
0
1
1
1
1
1
0
-1
1
-1
0
0
2
0
0
1
0
0
0
-1
0
0
0
-1
-1
1
1
0
-1
-1
2
2
0
0
-1
1
0
0
-1
-3
0
-1
0
-1
0
1
1
1
-1
0
1
0
0
-1
1
0
-2
-2
-2
2
3
0
0
0
0
0
0
0
-1
0
0
-2
-2
0
1
-2
-2
-2
-2
-1
-2
-2
-2
-1
-1
-3
-2
-2
-1
-1
-4
-4
-2
-3
-1
-3
-3
-1
-2
-2
-3
-1
-1
0
1
-1
-1
-1
1
1
0
2
5
6
4
3
3
4
5
6
5
3
5
7
6
6
4
6
6
5
6
4
3
2
2
0
0
0
0
-1
-2
-3
-3
-3
-4
-6
-5
-5
-5
-4
-7
-6
-7
-6
-7
-7
-6
-9
-8
-10
-9
-9
-10
-11
-12
-13
-12
-13
-16
-15
-14
-14
-14
-14
-15
-13
-12
-11
-12
-12
-8
-7
-8
-8
-5
-4
-4
-2
0
1
-1
0
3
4
4
6
6
4
5
5
5
6
7
6
6
6
6
6
5
7
7
7
5
7
8
9
8
6
6
7
7
8
7
6
6
8
7
7
5
6
6
4
7
7
10
8
10
14
17
17
18
19
24
26
27
28
30
32
33
35
35
35
35
33
32
28
26
23
21
15
12
8
2
-3
-6
-11
-14
-17
-22
-28
-29
-33
-35
-35
-36
-35
-35
-34
-32
-30
-26
-21
-18
-14
-8
-5
0
5
8
14
18
22
27
28
30
33
33
34
35
34
35
34
31
30
27
24
21
17
14
12
8
4
1
-4
-10
-13
-16
-18
-23
-27
-31
-36
-41
-44
-45
-49
-52
-54
-57
-60
-62
-64
-66
-71
-72
-74
-75
-77
-80
-79
-80
-80
-81
-80
-75
-73
-70
-66
-60
-54
-49
-44
-36
-28
-19
-10
-1
6
13
24
34
43
51
61
70
78
85
92
99
106
111
115
119
123
123
124
123
120
119
111
105
97
89
78
68
57
44
32
17
5
-8
-20
-33
-44
-57
-68
-81
-89
-97
-107
-113
-120
-124
-129
-133
-134
-133
-131
-130
-127
-122
-114
-107
-98
-90
-84
-77
-69
-63
-54
-46
-39
-29
-19
-11
-2
7
17
26
34
39
47
60
70
84
97
110
119
128
136
145
157
168
181
193
198
201
201
199
196
191
183
175
166
150
131
115
97
81
62
46
31
14
1
-11
-18
-21
-23
-21
-16
-9
3
13
27
42
58
73
89
101
111
113
112
105
92
75
53
27
-6
-45
-88
-136
-184
-236
-284
-329
-375
-416
-451
-482
-510
-533
-556
-574
-585
-591
-591
-585
-573
-562
-546
-523
-495
-462
-424
-380
-337
-290
-243
-189
-133
-72
-11
48
108
167
223
276
326
374
419
457
488
514
535
554
565
564
555
538
517
492
471
453
438
422
405
394
388
387
395
410
430
448
467
492
529
573
620
671
714
748
770
787
802
814
820
816
797
758
697
620
534
439
330
214
88
-51
-197
-347
-494
-635
-767
-895
-1008
-1108
-1197
-1268
-1319
-1344
-1348
-1336
-1299
-1243
-1170
-1080
-973
-855
-726
-592
-457
-324
-196
-80
25
120
199
256
290
301
292
262
211
145
64
-34
-147
-268
-390
-511
-624
-730
-830
-920
-1003
-1076
-1129
-1162
-1173
-1161
-1131
-1083
-1017
-935
-841
-729
-598
-456
-311
-158
-2
157
311
466
617
762
895
1012
1115
1204
1275
1331
1374
1400
1404
1389
1365
1337
1295
1243
1187
1127
1066
1012
967
931
906
886
869
873
885
898
924
961
991
1008
1007
992
968
934
892
847
787
695
567
416
244
56
-133
-304
-469
-646
-828
-1001
-1164
-1322
-1462
-1562
-1616
-1648
-1652
-1625
-1575
-1517
-1443
-1330
-1188
-1030
-861
-680
-499
-331
-186
-46
81
188
288
376
445
486
501
494
461
413
359
307
244
172
98
11
-93
-208
-317
-418
-521
-614
-704
-804
-911
-1018
-1119
-1215
-1294
-1344
-1378
-1406
-1430
-1445
-1441
-1422
-1379
-1305
-1200
-1081
-955
-812
-656
-500
-337
-151
43
232
416
595
759
899
1021
1136
1225
1287
1344
1381
1389
1372
1334
1279
1208
1127
1039
953
868
775
686
614
543
463
409
379
367
372
401
446
480
528
602
696
804
907
1016
1134
1238
1321
1402
1491
1554
1596
1632
1651
1635
1577
1491
1387
1263
1113
959
796
599
361
110
-139
-396
-647
-869
-1073
-1272
-1458
-1628
-1761
-1874
-1968
-2009
-1987
-1926
-1844
-1733
-1587
-1435
-1269
-1056
-822
-582
-334
-86
151
348
519
682
824
934
1021
1090
1124
1105
1047
972
872
750
620
493
347
173
-15
-205
-407
-612
-802
-973
-1150
-1343
-1522
-1703
-1874
-2028
-2142
-2240
-2336
-2416
-2460
-2489
-2503
-2479
-2417
-2320
-2205
-2060
-1884
-1699
-1517
-1315
-1053
-790
-532
-265
-1
241
457
661
878
1059
1186
1317
1436
1494
1504
1510
1490
1433
1373
1323
1255
1158
1044
938
847
771
677
619
631
618
585
621
702
751
817
956
1097
1202
1320
1478
1638
1784
1913
2010
2140
2202
2191
2199
2226
2155
2061
2026
1914
1782
1603
1379
1145
904
622
341
128
-136
-422
-697
-955
-1196
-1427
-1628
-1779
-1858
-1936
-1986
-2015
-1992
-1951
-1913
-1801
-1606
-1407
-1222
-971
-747
-542
-367
-191
27
228
383
492
626
689
692
671
647
612
507
407
301
180
23
-165
-332
-482
-654
-852
-1003
-1150
-1318
-1464
-1564
-1660
-1758
-1911
-2085
-2193
-2244
-2253
-2209
-2105
-2079
-2102
-2148
-2122
-2042
-1952
-1758
-1543
-1343
-1164
-1002
-874
-704
-500
-272
46
375
675
896
1024
1172
1331
1437
1608
1822
1952
2062
2083
2078
2038
2010
1968
1856
1896
1941
1758
1543
1592
1373
1093
1217
1109
1008
1186
1046
896
1133
1077
896
1213
1353
1275
1536
1600
1561
1813
1859
1771
1989
2122
1919
1926
1971
1685
1525
1503
1312
1174
1182
899
544
463
183
-291
-429
-561
-942
-1140
-1302
-1610
-1858
-2018
-2266
-2418
-2394
-2432
-2466
-2424
-2359
-2369
-2329
-2152
-1978
-1756
-1464
-1184
-943
-701
-512
-357
-138
86
250
392
536
579
585
599
516
416
379
300
193
106
-34
-183
-300
-511
-667
-739
-884
-1058
-1175
-1217
-1286
-1409
-1543
-1568
-1707
-1981
-2009
-1872
-1752
-1745
-1720
-1678
-1697
-1855
-1866
-1594
-1434
-1316
-1163
-909
-786
-782
-735
-416
-169
-89
333
640
810
855
963
1114
1186
1339
1497
1760
1822
1916
1836
1807
2037
1524
1810
2101
1689
1650
1832
1536
1142
1580
1033
1172
1459
1011
1150
1217
1122
952
1123
1123
1190
1225
1317
1568
1310
1442
1625
1489
1630
1777
1762
1641
1776
1507
1188
1307
1257
1017
1076
1030
664
550
360
44
-160
-231
-518
-624
-805
-1129
-1313
-1545
-1763
-2000
-2023
-2068
-2154
-2245
-2266
-2282
-2415
-2347
-2216
-2110
-1939
-1783
-1561
-1363
-1273
-1159
-927
-742
-662
-490
-297
-236
-231
-156
-140
-187
-171
-158
-163
-155
-234
-275
-296
-379
-456
-458
-462
-542
-599
-581
-576
-709
-771
-835
-961
-1144
-1143
-1102
-1076
-1074
-1138
-1174
-1335
-1348
-1364
-1308
-1172
-1096
-1072
-956
-876
-882
-770
-491
-362
-195
147
393
488
644
798
963
1277
1378
1644
1807
2264
1967
2042
2517
2194
2334
2294
2594
2522
2095
2387
2058
2082
1952
1362
1955
1891
1229
1286
1679
1053
1051
944
1066
952
653
1028
699
1058
555
833
919
1024
890
808
1564
930
909
997
1048
961
942
957
955
963
566
634
643
345
228
241
56
-248
-420
-594
-827
-1098
-1295
-1427
-1630
-1769
-2033
-2074
-2219
-2391
-2459
-2437
-2431
-2600
-2325
-2301
-2272
-2097
-1901
-1832
-1735
-1386
-1325
-1148
-953
-826
-723
-574
-439
-448
-254
-213
-288
-172
-143
-200
-122
13
-48
-27
-31
-31
-83
-83
-64
-188
-156
-330
-412
-514
-540
-528
-647
-722
-791
-871
-1048
-941
-1057
-1075
-966
-998
-938
-940
-792
-855
-682
-552
-384
-159
59
170
217
576
630
857
958
1559
1417
1504
1996
1576
1914
2119
1740
1688
2516
1605
1670
2077
1302
1593
1268
989
1081
1400
526
776
833
680
219
295
879
-195
600
209
74
617
240
268
579
632
458
476
1172
806
448
1217
912
1088
1119
1084
1316
1270
1012
950
1155
1059
823
827
743
546
592
161
-146
12
-368
-765
-823
-888
-1142
-1371
-1510
-1711
-1809
-2001
-2193
-2208
-2051
-2154
-2264
-1906
-1823
-2040
-1892
-1434
-1378
-1368
-1048
-772
-618
-534
-385
-222
-41
-93
-85
131
235
135
77
250
245
120
56
147
106
-50
149
-80
-166
-39
-263
-509
-335
-442
-700
-543
-751
-923
-801
-709
-1366
-1208
-890
-1298
-1299
-1129
-1024
-1183
-1224
-1018
-897
-777
-725
-771
-230
-148
-178
28
226
829
391
618
1472
864
1250
1727
1281
995
2218
1910
488
2126
2026
767
1324
2081
369
805
2247
-320
711
1765
27
280
1183
651
-182
767
891
161
561
616
590
449
570
1256
340
460
1516
685
167
1810
946
164
1761
1173
647
1595
1536
889
1445
1287
826
1106
1284
588
550
987
527
178
90
86
-233
-657
-758
-869
-927
-1190
-1516
-1467
-1513
-1943
-2141
-1889
-1955
-2168
-2033
-1696
-1869
-1919
-1506
-1567
-1432
-1012
-956
-819
-369
-194
-371
53
277
1
214
616
466
417
802
463
441
719
359
363
585
376
204
276
350
80
-225
-132
-125
-432
-551
-525
-503
-806
-1044
-796
-1010
-1384
-1247
-1162
-1578
-1320
-1223
-1576
-1483
-1227
-1269
-1366
-1025
-933
-954
-541
-376
-915
343
-29
-436
828
468
362
628
1242
560
497
1350
900
682
1229
665
498
1596
557
-235
1761
344
39
1350
384
108
1122
942
-610
1506
715
-365
1384
904
-80
713
1283
124
494
1570
288
118
1619
781
-276
1692
1234
-202
1499
1190
557
1186
1662
652
1269
1988
790
1000
1554
1063
799
830
806
883
539
800
223
40
192
-277
-585
-440
-390
-891
-816
-971
-1302
-1283
-1483
-1683
-1522
-1246
-1569
-1482
-1140
-1420
-1480
-1124
-994
-944
-551
-438
-454
-118
-80
-250
72
389
220
460
736
303
653
533
175
383
436
70
189
255
-80
-73
-274
-528
-627
-751
-1155
-879
-1169
-1325
-1043
-1488
-1895
-1437
-1516
-2196
-1650
-1494
-2003
-1740
-1464
-1697
-1855
-1108
-1302
-1804
-567
-586
-1209
-446
100
-562
-55
34
749
118
841
893
298
1717
724
360
1174
1771
131
764
1731
419
327
1531
193
455
993
524
315
691
875
-52
531
1339
-219
93
1927
-132
38
1704
363
-191
1469
707
194
1199
1252
311
1344
905
760
1455
1062
1239
1440
1213
1318
1892
1015
1572
1757
1583
1656
1693
1565
1410
1743
895
710
1444
798
858
951
678
326
156
-29
-294
-197
-535
-387
-466
-996
-1077
-996
-1490
-1644
-1206
-1329
-1418
-1135
-1372
-1322
-1392
-1529
-1041
-781
-1119
-675
-399
-537
-729
-412
-163
-364
-104
186
-224
115
9
-445
-98
-347
-409
-434
-163
-619
-923
-535
-729
-1591
-1418
-1251
-1478
-1661
-1509
-1346
-1868
-1941
-1699
-2113
-2012
-1652
-1604
-2124
-1177
-1087
-2373
-852
-1066
-1622
-716
-252
-665
-118
61
57
-5
274
1218
-45
987
2016
594
556
2049
1320
105
1779
1989
159
1338
2037
-187
567
1942
13
-26
1513
863
-375
666
850
-279
555
584
423
169
1117
483
-57
1363
829
-163
1568
1364
-4
1713
1759
634
874
2175
1204
1197
1951
1353
2041
1823
1314
1440
2531
1769
711
2279
2373
1024
1333
2370
1145
679
1672
817
-149
1011
1144
-203
284
667
-765
-554
-299
-1095
-1022
-360
-1286
-1683
-855
-1697
-2266
-1686
-1545
-1965
-1574
-1422
-1661
-1651
-1734
-1477
-1243
-1224
-973
-708
-801
-836
-304
-678
-549
-235
-208
-245
-62
-201
-490
254
-790
-558
177
-638
-849
-386
-526
-901
-863
-911
-1249
-1748
-1447
-971
-1380
-1696
-1099
-1565
-1927
-1707
-1957
-1518
-1210
-1587
-1392
-776
-1035
-2102
-626
-811
-1476
449
-200
-472
331
-109
100
397
-174
1228
902
847
789
879
1490
99
797
1401
810
1292
615
725
1488
-78
234
993
697
243
641
824
356
14
583
496
184
814
897
774
235
1354
1091
-95
1441
1338
830
1313
1818
1214
1070
1751
1144
1221
2385
1558
1136
2595
1715
784
1815
2274
1556
1166
1898
2296
608
1503
1477
1286
940
828
881
20
588
406
235
-265
146
-210
-893
-781
-817
-1023
-959
-1159
-1419
-1247
-1367
-2010
-1920
-1559
-1512
-1684
-1451
-1249
-1319
-1541
-1422
-788
-1078
-816
-256
-449
-605
151
-163
-509
220
36
47
109
427
-133
77
113
-477
-481
-14
-396
-872
-182
-640
-954
-1328
-1421
-1537
-1549
-1327
-1458
-1458
-1694
-1757
-1867
-2393
-1611
-1610
-1946
-1249
-1086
-1748
-1272
-1461
-1870
-500
-1371
-241
-56
-795
-218
199
-533
-610
1437
-135
366
1436
941
-318
1661
1032
-670
1964
1577
-147
1322
1992
-549
739
1348
342
330
1335
1155
-318
1340
856
-298
1368
688
1113
1016
950
1778
873
986
1385
1554
1410
1849
1409
1877
2262
1165
1434
2703
1728
1158
2520
2190
1478
1848
2166
1233
2269
1505
1008
2069
1734
573
916
2071
347
79
988
205
-440
105
31
-548
-456
-326
-1164
-1183
-867
-1180
-1580
-1099
-1118
-1664
-1596
-1435
-1719
-1799
-1502
-1402
-1288
-1234
-1127
-1192
-998
-964
-903
-711
-309
-311
-333
-19
-7
-122
-95
102
-130
109
507
-176
-30
79
-451
-724
-534
-585
-887
-494
-1099
-1123
-1280
-1663
-1971
-1770
-1630
-1907
-1354
-2118
-1853
-2034
-2274
-2251
-1985
-1435
-1897
-1338
-1740
-1226
-1720
-1808
-1056
-965
-841
-738
82
-590
-571
28
-332
76
497
772
525
1073
1273
137
1101
1221
1164
487
1578
2214
57
784
1896
742
-445
2307
944
-374
2110
727
-130
1151
1554
-555
1313
1915
476
958
1567
1332
597
1346
1811
1019
1714
1626
1061
1900
1718
1331
1181
2368
1297
1561
1709
1875
1656
1444
1485
1488
1960
1205
1136
1643
1532
782
973
1457
505
94
544
93
102
233
115
-300
-364
-516
-749
-1069
-565
-773
-1099
-943
-842
-1326
-1325
-1143
-1487
-1079
-905
-915
-945
-668
-743
-1044
-666
-432
-551
-480
42
-228
-307
108
-327
-374
-292
-73
-325
-290
-199
-597
-805
-751
-1336
-1165
-951
-1387
-1386
-1325
-1655
-2082
-1903
-2237
-2478
-2067
-1747
-2352
-1979
-2211
-2281
-2577
-2152
-2034
-2049
-1506
-1684
-1731
-1389
-1435
-2062
-945
-874
-1314
94
-452
-726
-308
-268
-89
-315
1416
-358
1018
1767
-334
1298
1207
610
750
1896
1275
570
1624
1558
-575
1401
1573
-285
1929
436
575
644
872
763
441
1496
832
1274
849
1845
1644
1083
1941
1407
2048
1930
2070
1743
2575
2236
1308
3037
1560
2151
2841
2092
2171
2527
2320
1294
2375
2415
1635
1976
2675
1375
1498
2522
1168
1104
1891
1052
-55
775
941
19
122
512
-61
-723
-425
-552
-1208
-989
-665
-1288
-1392
-754
-1620
-2010
-1456
-1559
-1777
-1359
-999
-1444
-1481
-1272
-1514
-1473
-922
-846
-908
-666
-568
-823
-1181
-702
-683
-895
-566
-645
-684
-1067
-1183
-1469
-1284
-1210
-1567
-1415
-1279
-1630
-2178
-1811
-1698
-2153
-2302
-2132
-2327
-2027
-1889
-2365
-2028
-2263
-2216
-1967
-2072
-1634
-1581
-1429
-1607
-954
-1284
-1418
-751
-1136
-276
-4
-235
-470
632
-161
-875
1706
585
-259
1485
2070
-172
1206
1906
33
1405
2036
787
1011
2736
-32
-353
2358
469
395
1667
470
542
718
514
688
640
1463
1011
507
1398
2292
317
938
2823
1023
1336
2565
1970
716
3001
2281
351
3121
2849
753
2237
3861
1133
1551
2993
1883
1464
2549
2258
1786
2265
1796
1690
1904
1940
1196
1068
1296
649
-170
724
945
-197
-213
233
-487
-1027
-882
-953
-1134
-986
-1114
-1279
-1291
-1650
-2104
-1962
-1645
-1726
-1331
-1464
-1512
-1456
-1612
-1974
-1323
-823
-1114
-768
-415
-682
-1146
-819
-809
-889
-440
-361
-641
-689
-882
-1470
-1339
-1200
-1433
-1288
-849
-1646
-1932
-1393
-2258
-2237
-2054
-2107
-2473
-2097
-1860
-2473
-2352
-2340
-2380
-2597
-1746
-1608
-1923
-1434
-1356
-1439
-1470
-739
-911
-764
239
-368
-104
595
219
-387
1393
721
178
1781
1026
405
1522
1869
165
2013
1431
853
1020
2306
127
657
1860
115
794
667
1380
-255
999
692
153
1324
530
634
871
1252
939
1364
1778
743
2085
1538
1534
1664
2046
2295
1519
2040
2335
1898
2040
2191
2182
2535
2125
2029
2070
2409
1842
2035
2660
2291
1819
1838
2389
1547
1586
1681
1418
968
712
535
110
661
281
-313
-503
-285
-894
-1515
-1233
-1213
-1382
-1489
-1452
-1859
-1912
-1975
-2525
-2197
-1639
-1589
-1818
-1527
-1338
-1780
-1591
-1381
-976
-670
-519
-422
-342
-263
-592
-497
-261
-67
-128
-121
165
-734
-985
-419
-1307
-1167
-583
-856
-1432
-1435
-1577
-2032
-2070
-2153
-2183
-2350
-1946
-2446
-2284
-2243
-2766
-2780
-2496
-1783
-2301
-1702
-1388
-1956
-1656
-1222
-1270
-859
-445
-368
-77
-67
544
-97
579
793
692
1186
1084
1626
664
1178
2016
1244
803
1812
1936
950
924
1780
1004
807
947
993
675
801
560
93
813
567
571
280
880
336
310
903
1346
913
775
2037
1032
1025
1542
1958
1366
2100
2004
1387
2609
1856
1863
1688
2619
2280
1925
2144
2120
2467
1881
2124
2096
2186
2043
1877
1674
1575
1286
667
203
188
644
651
-63
-404
-840
-1317
-1593
-1646
-1366
-1382
-1441
-1993
-2475
-2012
-2224
-3044
-2530
-1611
-1823
-1847
-1533
-1766
-1777
-1563
-1339
-624
105
-245
-333
182
167
142
282
549
781
693
456
242
269
-182
-552
-531
-241
-414
-906
-1196
-1464
-1650
-2210
-1969
-1875
-1883
-1949
-2489
-2822
-2930
-2894
-2876
-2393
-1904
-2453
-2564
-2507
-2550
-2283
-1764
-1377
-1290
-912
-971
-736
-684
-316
-171
367
835
694
1051
1049
664
605
1379
1980
1170
1312
2182
1081
456
1503
1509
752
1244
1202
784
229
659
-51
-402
1172
110
-486
1287
135
-1545
976
1038
-407
1022
1973
666
890
1715
1235
1326
2547
2325
1991
3093
2798
1942
2181
3423
2734
3224
3695
2880
3040
3317
2693
2378
3270
3432
2738
2501
2364
1381
642
596
681
1290
1493
295
-1032
-1357
-1492
-2052
-1681
-1226
-1160
-1742
-2743
-3058
-2718
-2739
-3258
-2553
-1485
-1307
-1876
-2266
-1804
-1653
-1608
-835
425
736
259
94
237
668
712
908
1408
1785
1385
658
530
545
-91
-250
200
293
-232
-926
-1169
-1725
-1986
-1899
-1771
-1613
-1951
-2542
-2908
-3226
-3722
-3108
-2423
-2764
-2923
-3131
-3229
-3466
-3299
-2624
-2046
-1930
-2138
-1888
-1541
-1546
-1193
-670
-330
426
685
385
388
838
835
1043
1399
2095
1881
1464
773
1346
2301
1019
1199
1705
1635
806
114
577
1767
-369
-562
1410
766
-329
-265
14
-35
238
-220
903
1182
546
-64
677
2041
883
1704
2164
1882
2606
2545
2569
2840
3401
3148
3156
3490
3793
4077
3317
2925
3791
4114
3273
2674
2906
2215
1193
898
1525
1677
1130
220
-776
-1301
-1322
-1876
-1986
-1632
-1900
-2687
-3598
-3756
-3639
-3622
-3771
-3286
-2686
-2432
-3122
-3450
-2481
-1953
-1847
-1175
173
330
-417
-193
615
1106
1329
1734
2206
2212
1725
1271
1381
1389
1451
1069
1079
1134
260
-335
-887
-869
-802
-1148
-1454
-1781
-2131
-2814
-3267
-3127
-3187
-3489
-4047
-3969
-3920
-4113
-4250
-4297
-4054
-4126
-3745
-3541
-3190
-3086
-2773
-2239
-1892
-1364
-923
-385
-155
199
738
1120
1220
1735
2068
2016
2430
2443
2487
2282
2192
2689
2256
1999
1676
1800
2090
692
896
1405
631
318
59
630
208
-198
-328
242
667
-70
30
1188
792
750
1161
1661
2432
1738
2695
2941
3428
3478
3324
3997
4039
4417
4448
4468
4627
4812
4349
3805
4168
3871
3048
2328
2010
1995
1897
1520
715
145
-921
-1605
-1621
-1775
-1906
-2460
-2996
-3871
-4375
-4251
-4034
-4109
-4258
-3844
-3520
-3705
-3931
-3388
-2723
-2381
-1843
-1085
-544
-533
-562
167
908
1523
1748
1984
2089
1939
1974
2067
2288
1987
1802
1729
1466
1004
481
275
-54
-373
-730
-1020
-1342
-1969
-2518
-2578
-2753
-3385
-3865
-4355
-4576
-4610
-4429
-4641
-5184
-5200
-5055
-4760
-4679
-4265
-3950
-3636
-3295
-2953
-2116
-1514
-1344
-843
297
936
1087
1555
2124
2454
2964
3548
3879
3896
3795
3793
3932
3961
3961
3881
3333
2964
3131
2425
1810
2241
1649
602
1099
997
89
54
-9
16
326
374
206
897
846
514
1119
1848
2436
2386
2526
3288
3604
3462
3876
4238
4718
4970
4546
4341
4713
4448
3253
2589
2843
2919
2293
1814
1363
480
-1044
-1996
-1580
-1397
-2339
-3399
-3680
-4314
-5420
-5691
-5124
-4714
-5230
-5570
-5106
-4842
-5184
-4935
-3975
-3211
-2677
-2216
-1850
-1574
-939
-337
348
1335
1964
1949
1800
2028
2320
2705
2866
2715
2629
2316
1866
1546
1421
1290
805
376
-61
-473
-911
-1505
-1949
-1988
-2171
-2852
-3342
-3916
-4759
-5300
-4896
-4271
-4458
-5228
-5777
-5601
-5390
-5251
-4720
-3842
-3417
-3735
-3630
-2866
-2132
-1716
-880
182
741
946
986
1418
2168
3024
3483
3698
3902
3767
3537
3459
3963
4420
4088
3507
3308
3008
2448
2189
2004
1945
1797
1295
827
678
411
32
534
1000
1171
1365
1019
850
1265
2018
2476
3018
3268
3400
3620
3638
4092
4420
5001
5055
4951
4853
4610
4161
3351
3129
2901
2874
2709
2392
1402
-73
-875
-1311
-1221
-1360
-1890
-2840
-3763
-4338
-4984
-4885
-4637
-4523
-4910
-5232
-4983
-4820
-4643
-4484
-3614
-2889
-2576
-2297
-1860
-1314
-916
-51
641
1278
1654
1542
1582
1986
2423
2500
2716
2516
2126
1842
1583
1453
1278
1122
459
-20
-394
-849
-1316
-1737
-1947
-2103
-2423
-3128
-3494
-3777
-4354
-5084
-5245
-4620
-4155
-4578
-5448
-5529
-5090
-4796
-4550
-3839
-3066
-3019
-3209
-2993
-2058
-1118
-569
-172
419
988
1115
1402
1987
2818
3229
3174
3400
3687
3741
3622
3687
4036
4239
3982
3451
3106
2953
2856
2650
2441
2287
2016
1451
1018
1256
1438
1634
1796
1982
2047
1868
1981
2434
3304
3704
3941
4156
4421
4577
4348
4559
5029
5762
5598
4944
4147
3283
2665
2112
2375
2540
2442
1081
-1072
-2601
-2884
-2087
-2239
-2918
-3795
-4556
-5767
-6879
-6451
-5395
-4793
-5604
-5985
-5713
-5546
-5582
-5167
-3577
-2606
-2349
-2453
-2029
-1441
-921
111
1113
2003
1993
1729
1543
1769
2459
2987
3053
2405
2113
1786
1150
775
985
1062
155
-639
-1021
-1482
-2145
-2451
-2423
-2598
-2984
-3554
-4026
-4290
-4429
-4653
-5047
-4984
-4412
-4068
-4370
-4786
-4388
-3774
-3496
-3198
-2466
-1747
-1667
-1713
-1320
-290
291
378
692
1147
1560
1700
1967
2327
2719
2653
2514
2800
3024
3046
2755
2861
3023
2949
2712
2382
2302
2271
2281
1949
1749
1658
1485
1380
1282
1540
1818
2139
2309
2427
2479
2574
3208
3816
4124
4151
4485
4833
4918
4886
4802
5167
5531
5519
4698
3600
2873
2577
2269
1598
1521
1726
866
-1550
-3411
-3111
-2126
-2482
-3842
-4266
-4397
-5485
-6833
-6458
-4730
-4155
-5031
-5658
-5049
-4407
-4336
-3960
-2684
-1420
-1177
-1384
-1192
-340
506
1039
1609
2275
2632
2276
1744
1748
2447
2920
2426
1740
1465
1200
441
-36
95
8
-706
-1643
-1999
-2266
-2625
-3006
-3234
-3224
-3453
-3725
-4220
-4274
-4241
-4470
-4877
-4963
-4048
-3451
-3487
-4060
-3748
-2906
-2600
-2377
-1833
-693
-515
-739
-478
536
1214
1045
1344
1782
2290
2189
2257
2571
2766
2853
2617
2707
2653
2792
2664
2453
2480
2528
2518
1964
1850
2104
2327
1957
1436
1466
1612
1766
1667
2076
2626
2869
2811
2745
3271
3792
4337
4587
4896
5195
5104
5115
5394
6076
6101
5796
5539
5039
4111
2899
2780
2849
2356
1299
690
346
-1324
-3183
-3827
-2883
-2860
-4352
-5592
-5949
-6196
-7317
-7366
-6183
-5200
-5836
-6913
-6610
-5703
-4790
-4354
-3384
-2412
-1974
-1888
-1643
-496
612
1518
1815
2139
2546
2649
2571
2439
3000
3390
3120
2237
1601
1435
1027
606
212
-77
-821
-1824
-2443
-2782
-3049
-3532
-3891
-4180
-4661
-5002
-5164
-5139
-5516
-6160
-6302
-5784
-4795
-4500
-4714
-4932
-4544
-3775
-3306
-2566
-1712
-875
-884
-972
-203
961
1758
1702
2103
2592
2913
2854
2980
3584
3747
3723
3366
3393
3398
3246
3035
2794
3015
2910
2536
1919
1812
2089
2045
1692
1286
1368
1359
1365
1525
2059
2553
2529
2467
2658
3336
3859
4168
4409
4742
5091
5112
5166
5499
6078
6161
5672
5001
4432
3992
3369
2735
2033
1669
1527
988
-447
-2293
-3120
-3002
-2989
-3810
-4611
-4882
-5466
-6678
-7350
-6368
-5183
-5200
-6032
-6107
-5360
-4866
-4426
-3551
-2195
-1479
-1400
-1225
-501
567
1320
1945
2438
2940
3066
2887
2698
2871
3379
3425
3001
2255
1780
1264
695
416
295
-39
-1037
-1954
-2506
-2776
-3180
-3496
-3546
-3757
-4294
-4864
-4873
-5032
-5562
-6106
-5566
-4380
-3954
-4373
-4921
-4473
-3778
-3152
-2509
-1607
-887
-1077
-1217
-693
708
1669
1811
1746
2017
2470
2508
2737
3134
3685
3638
3162
2924
2993
3226
2942
2771
2813
2922
2465
1662
1526
1844
2114
1768
1443
1431
1534
1426
1390
2058
2781
3128
2936
2998
3574
4218
4702
4875
5132
5284
5399
5605
5977
6390
6393
5900
5126
4327
3439
2785
2228
1656
1094
753
258
-1573
-3924
-5046
-4455
-4017
-4954
-6021
-6566
-7346
-8660
-8888
-7425
-5966
-6245
-7268
-7290
-6376
-5306
-4510
-3373
-2239
-1525
-1124
-784
89
1218
2346
2991
3276
3738
4057
3858
3429
3607
4257
4342
3510
2456
1664
1060
593
216
-111
-756
-1818
-2946
-3896
-4261
-4290
-4310
-4588
-5156
-5530
-6001
-6324
-6648
-6757
-6038
-4952
-4014
-4272
-4928
-4842
-3760
-2438
-1566
-561
117
117
-347
63
1680
3183
3523
3072
3041
3093
3298
3537
4110
4607
4282
3566
2806
2768
2893
2972
2809
2471
2199
1536
895
585
948
1310
1312
917
550
504
396
829
1670
2700
3092
2902
2984
3564
4523
5131
5544
5779
5942
6035
6276
6701
7008
7025
6500
5929
4796
3474
2424
1717
1509
1206
1055
-143
-2753
-5415
-6345
-5360
-4717
-5229
-6449
-7695
-9151
-10115
-9480
-7577
-6156
-6585
-7388
-7602
-6710
-5448
-4184
-2682
-1689
-932
-574
-114
683
1817
3114
3925
4375
4640
4703
4252
3965
4194
4893
4926
4005
3000
1756
1039
634
588
392
-581
-1850
-3180
-4010
-4318
-4150
-4047
-4423
-5194
-5722
-6097
-6193
-6137
-6455
-5822
-4770
-3607
-3450
-4163
-3973
-3013
-1722
-759
577
1650
1436
720
950
2700
4428
4876
4309
4122
3804
3899
4410
4895
5330
4668
3659
2756
2631
2861
2765
2447
1835
1649
1079
257
-96
222
496
461
304
55
133
-122
326
1439
2587
3349
3530
3837
4157
5024
5661
6151
6784
7268
7985
7917
7706
7615
7777
7188
5771
4672
3806
3060
1583
560
587
101
-2288
-5593
-6993
-6732
-6352
-7386
-8353
-8817
-10031
-11574
-12059
-10214
-8512
-8350
-9159
-9200
-7905
-6856
-5736
-4552
-3025
-1786
-1212
-655
315
1799
2719
3299
3839
4759
5187
4608
3963
3920
4404
4206
3539
2630
1587
509
-636
-1103
-1406
-1996
-3283
-4821
-5903
-6289
-6223
-6391
-6650
-6869
-7102
-7480
-7803
-7854
-7511
-6568
-5204
-3723
-3137
-3349
-3328
-2509
-986
819
2617
3598
3418
2809
3060
4607
6282
7065
7019
6423
5685
5472
5737
6289
6461
5834
4817
3816
3219
2906
2711
2384
2061
1780
1096
353
-120
-187
61
359
584
699
557
372
790
1839
3232
4362
5003
5243
5487
5890
6311
7172
8072
8896
9295
8992
8784
8454
8003
7066
5783
4780
3811
2815
1602
712
98
-1455
-3979
-6304
-7107
-6867
-7115
-8112
-8943
-9850
-10972
-11789
-11341
-9595
-8549
-8557
-8884
-8507
-7251
-6078
-4719
-3396
-2015
-944
-373
377
1396
2510
3337
3945
4635
5279
5210
4575
4022
3787
3767
3350
2680
1696
370
-958
-2047
-2605
-3153
-4044
-5161
-6405
-7359
-7903
-8004
-7939
-7972
-8179
-8439
-8562
-8842
-8645
-7795
-6309
-4749
-3954
-3517
-3309
-2520
-1393
252
2253
3568
4181
3993
4079
4915
6197
7134
7600
7473
6900
6543
6128
6229
6227
6029
5390
4476
3756
2945
2583
1986
1645
1440
956
485
-94
-462
-589
-273
136
612
670
618
1032
1903
3121
4215
5452
6266
6828
6996
7176
8205
9191
10119
10584
10681
10756
10313
9555
8388
7129
5938
4656
3715
2917
2335
1333
-986
-3900
-6376
-7356
-7187
-7091
-7563
-8582
-10152
-11819
-12766
-12335
-10611
-9153
-8552
-8780
-8757
-7959
-6935
-5439
-3961
-2070
-465
370
1022
1507
2316
3097
4061
5217
6070
6130
5332
4260
3276
2863
2777
2640
1669
-20
-1790
-3372
-4459
-5563
-6252
-6992
-8084
-9263
-10383
-10740
-11026
-11086
-11311
-11317
-11110
-11220
-10706
-10013
-8405
-6950
-6006
-5171
-4428
-3113
-2076
-433
1348
3063
4106
4355
4858
5503
6423
6989
7714
7884
7888
7539
6895
6701
6181
6118
5608
5129
4462
3689
3025
2086
1742
1302
1125
715
454
211
-72
-153
-66
580
861
1523
2107
3042
3933
4557
5620
6501
7545
7925
8292
8855
9734
10533
10878
11134
10971
10768
9562
8170
6803
5660
4980
4069
3660
2857
1418
-1188
-4261
-5993
-6338
-5707
-5607
-6347
-7636
-9342
-10903
-11343
-10220
-8418
-7072
-6969
-7124
-7031
-6465
-5266
-3842
-1969
-421
841
1639
2074
2614
2924
3639
4474
5549
6335
6255
5528
4283
3185
2241
1889
1699
1312
247
-1432
-3131
-4879
-6173
-7190
-7591
-7960
-8460
-9108
-9967
-10718
-11579
-11921
-11910
-11294
-10486
-9414
-8350
-7783
-7500
-7493
-6566
-5023
-2938
-1167
54
877
1222
1848
2581
3910
5073
5906
6203
6123
6072
5943
6018
5761
5625
5395
5376
5145
4386
3488
2567
2196
1922
1992
1900
1576
902
112
-44
201
805
1084
1271
1515
2024
2748
3487
4436
5322
6197
6778
7305
7816
8257
8727
9264
10039
10605
10735
10289
9418
8290
6959
5799
4891
4323
3921
3435
2561
759
-1815
-4468
-6017
-6097
-5384
-4934
-5558
-7053
-8994
-10445
-10758
-9771
-8120
-6848
-6271
-6266
-6236
-6042
-5432
-4315
-2768
-993
596
1890
2600
2750
2528
2546
3234
4459
5678
6220
5881
4806
3436
2223
1446
1104
917
477
-387
-1763
-3410
-5162
-6618
-7525
-7925
-8017
-8339
-8914
-9964
-11004
-11808
-11925
-11385
-10564
-9601
-8943
-8327
-8112
-7739
-7107
-5826
-4080
-2406
-904
-58
630
988
1709
2653
3822
4906
5515
5848
5568
5298
4887
4868
4938
5003
4988
4644
4176
3197
2407
1726
1513
1369
1171
1011
674
525
202
250
225
349
486
912
1856
2714
3529
3781
4364
5012
5986
6821
7449
7978
8062
8393
8682
9563
9952
9906
9261
8492
7905
6930
5961
4453
3406
2604
2608
2645
1886
-41
-2988
-5193
-6235
-5595
-4671
-4165
-4818
-6402
-7953
-8868
-8464
-7520
-6384
-5632
-5001
-4349
-3819
-3327
-2973
-2392
-1572
-319
1301
2837
3857
3966
3609
3273
3402
4004
4705
5231
5125
4439
3239
1993
1013
353
-50
-570
-1262
-2297
-3449
-4618
-5594
-6410
-7178
-7964
-8636
-9020
-9083
-8938
-8915
-9086
-9443
-9433
-8979
-7922
-6803
-5816
-5118
-4565
-3830
-3015
-1880
-929
12
707
1560
2468
3203
3644
3530
3411
3246
3509
3925
4450
4745
4509
3967
3128
2583
2167
2130
2182
2197
2084
1626
1122
567
414
527
885
1133
1155
1177
1361
1938
2670
3392
3992
4422
4868
5300
5927
6623
7195
7493
7412
7484
7596
7969
8054
8018
7703
7095
6126
4656
3122
1621
932
882
1459
1600
691
-1537
-4287
-6410
-7193
-6515
-5282
-4387
-4644
-5806
-7253
-8095
-8063
-7332
-6376
-5419
-4488
-3566
-2656
-1875
-1393
-1216
-1075
-532
591
2154
3571
4395
4450
4002
3438
3029
2940
2974
3026
2795
2369
1587
681
-373
-1365
-2290
-3052
-3688
-4373
-5026
-5828
-6519
-7319
-7878
-8487
-8806
-8952
-8752
-8312
-7821
-7248
-6977
-6653
-6509
-5965
-5187
-3918
-2568
-1378
-461
13
401
645
1153
1694
2359
2887
3188
3350
3324
3352
3304
3343
3335
3331
3225
2972
2722
2491
2416
2365
2247
1967
1530
1198
1094
1347
1754
2015
1972
1651
1594
1851
2774
3858
4945
5597
5900
5953
5978
6295
6740
7352
7804
8223
8491
8706
8643
8261
7425
6440
5173
3985
2710
1752
963
583
380
-112
-1036
-2969
-5080
-7194
-8022
-7898
-6847
-5907
-5688
-6214
-7358
-8070
-8355
-7705
-6716
-5442
-4085
-2816
-1528
-693
-21
192
428
866
1650
2894
4055
5157
5603
5674
5206
4431
3567
2688
2218
1835
1696
1269
525
-534
-1853
-3021
-4308
-5319
-6504
-7418
-8136
-8429
-8353
-8366
-8390
-8934
-9272
-9510
-8996
-8118
-6932
-5753
-4777
-3742
-2834
-1721
-767
164
822
1404
2123
2955
3981
4755
5274
5267
4947
4465
4020
3885
3851
4017
3942
3749
3231
2643
2091
1612
1304
903
651
374
359
429
612
764
653
533
408
916
1732
3028
4152
5116
5721
6034
6417
6765
7545
8010
8667
8893
9326
9447
9501
9375
8899
8133
6324
4174
1518
-197
-1164
-861
-307
-326
-1741
-4572
-7491
-9647
-10122
-9733
-8943
-8648
-8767
-8971
-8823
-8083
-7312
-6841
-6877
-6798
-6072
-4460
-2234
-43
1618
2356
2364
2085
2048
2560
3473
4574
5390
5682
5299
4439
3479
2567
1812
907
-84
-1200
-2218
-2924
-3422
-3662
-4279
-5098
-6566
-8086
-9595
-10552
-10590
-10026
-8675
-7835
-6991
-7164
-7091
-7153
-6387
-5193
-3881
-2478
-1589
-221
850
2366
3158
3683
3521
3156
3047
3256
4111
4801
5368
5334
4992
4338
3468
2738
2242
2178
2236
2242
2219
2014
1923
1708
1689
1490
1039
349
-204
54
898
2294
3468
4517
5055
5445
5642
6078
6512
7059
7476
8199
9019
9929
10544
10827
10862
10229
9036
6754
4276
1705
216
-149
578
1365
1031
-634
-3311
-5667
-7150
-7544
-7351
-7280
-7396
-7760
-7477
-6618
-5257
-4237
-3982
-4295
-4806
-4667
-3788
-2093
-280
1114
1809
1872
1823
1857
2177
2557
2715
2460
1722
868
137
-270
-504
-864
-1549
-2602
-3762
-4675
-5265
-5501
-5786
-6169
-6665
-7057
-6928
-6627
-6037
-6103
-6369
-7005
-7184
-6594
-5511
-3836
-2886
-1958
-1913
-1362
-874
-48
609
704
766
388
687
939
1626
1877
1735
1359
731
591
299
470
325
407
423
733
1303
1821
2257
2157
1984
1648
1700
1952
2504
2967
3226
3304
3338
3683
4168
4984
5555
6206
6384
6706
6817
7184
7526
7751
8071
8023
8432
8372
8733
8265
7456
5641
3238
1078
-784
-1145
-1219
-559
-656
-1184
-2118
-3144
-3419
-3778
-3627
-4095
-4304
-4432
-3843
-2540
-1140
208
671
783
428
292
337
591
959
1163
1413
1485
1657
1646
1507
1036
230
-823
-2010
-2999
-3779
-4247
-4668
-5196
-5868
-6656
-7242
-7600
-7605
-7508
-7364
-7239
-7091
-6728
-6343
-5819
-5463
-5053
-4636
-4010
-3139
-2273
-1324
-752
-179
67
333
432
434
433
279
317
155
115
-187
-528
-984
-1486
-1899
-2384
-2721
-3087
-3194
-3176
-2876
-2450
-1897
-1328
-761
-197
295
784
1217
1728
2267
2907
3499
4018
4409
4687
4959
5226
5547
5911
6244
6673
7031
7382
7538
7442
7276
6842
6772
6523
6698
6637
6544
6201
5174
3960
1777
-66
-2090
-3074
-3373
-3132
-2390
-2230
-1719
-1822
-1388
-1237
-1048
-1010
-1220
-841
-301
1177
2580
4079
4997
5497
5738
5721
5770
5456
5132
4421
3828
3175
2682
2214
1597
924
-125
-1111
-2425
-3526
-4760
-5845
-6901
-7986
-8783
-9596
-9729
-9755
-9108
-8492
-7719
-7049
-6652
-6098
-6014
-5522
-5475
-4865
-4283
-3231
-1900
-809
505
953
1695
1621
1846
1546
1261
943
492
597
400
706
336
71
-727
-1469
-2141
-2873
-3228
-3935
-4082
-4472
-4108
-3783
-3019
-2374
-1835
-1285
-981
-311
108
901
1330
1905
2277
2703
3254
3672
4302
4533
5043
5282
5887
6381
6872
7129
6942
6700
6182
6033
5893
6002
5993
5687
5015
3682
1956
-208
-2302
-4031
-5124
-5463
-5386
-4999
-4677
-4297
-3903
-3364
-2752
-2192
-1650
-1164
-461
484
1733
3137
4500
5804
6846
7804
8378
8714
8545
8081
7360
6573
5874
5131
4460
3582
2676
1587
457
-756
-2086
-3384
-4784
-5953
-7121
-7959
-8721
-9170
-9365
-9222
-8693
-8039
-7229
-6680
-6180
-5915
-5531
-5089
-4502
-3824
-3210
-2496
-1808
-862
22
899
1369
1521
1326
1034
830
687
635
403
101
-354
-717
-995
-1164
-1329
-1644
-2032
-2522
-2844
-3022
-2897
-2645
-2261
-1846
-1390
-828
-207
543
1188
1772
2071
2238
2257
2283
2426
2619
3040
3446
4099
4670
5370
5846
6108
6083
5676
5305
4768
4723
4642
4885
4695
4086
2754
767
-1255
-3312
-4548
-5539
-5799
-6101
-6078
-5919
-5472
-4572
-3710
-2623
-2048
-1352
-952
-205
653
1708
2931
4015
5345
6403
7680
8470
9088
9056
8644
7901
6924
6022
4932
4046
2959
2106
1149
371
-462
-1315
-2190
-3222
-4138
-5196
-5963
-6740
-7084
-7273
-7047
-6622
-6075
-5450
-5035
-4533
-4316
-3902
-3723
-3341
-3122
-2764
-2357
-1876
-1191
-669
-67
94
278
109
49
-117
-253
-389
-672
-781
-1040
-1010
-1147
-1069
-1198
-1257
-1345
-1400
-1242
-1130
-768
-577
-193
40
444
861
1354
1934
2330
2753
2816
2894
2729
2680
2642
2747
3034
3302
3770
4032
4401
4497
4561
4435
4191
4017
3769
3786
3594
3381
2565
1293
-504
-2489
-4143
-5450
-6027
-6413
-6405
-6466
-6270
-5902
-5275
-4424
-3695
-2937
-2447
-1764
-1051
-52
1010
2048
3053
3881
4847
5673
6582
7136
7428
7276
6800
6141
5274
4412
3359
2380
1352
548
-90
-528
-881
-1346
-1878
-2610
-3230
-3800
-4096
-4280
-4346
-4378
-4387
-4235
-3960
-3459
-2977
-2496
-2224
-2011
-1882
-1709
-1517
-1349
-1220
-1161
-1039
-881
-604
-399
-291
-418
-670
-1000
-1275
-1470
-1648
-1812
-2041
-2184
-2270
-2117
-1879
-1539
-1254
-1005
-743
-462
-37
370
813
1098
1358
1549
1800
2100
2376
2637
2753
2889
2971
3184
3442
3765
4067
4288
4473
4536
4619
4636
4718
4767
4789
4664
4233
3441
2149
555
-1270
-2971
-4444
-5534
-6221
-6567
-6543
-6282
-5734
-5082
-4333
-3642
-3008
-2400
-1797
-1089
-353
465
1254
2074
2888
3747
4592
5307
5790
5919
5760
5322
4743
4035
3233
2315
1310
298
-631
-1401
-2009
-2487
-2896
-3214
-3417
-3445
-3352
-3205
-3149
-3232
-3419
-3557
-3519
-3255
-2797
-2270
-1715
-1189
-620
-61
479
866
1050
1011
837
654
482
365
193
2
-273
-482
-645
-740
-891
-1170
-1576
-2085
-2489
-2783
-2775
-2629
-2268
-1850
-1331
-747
-146
481
922
1302
1420
1548
1546
1625
1693
1791
1957
2085
2395
2644
3077
3340
3640
3751
3810
3821
3717
3701
3574
3674
3646
3750
3553
3101
2166
792
-734
-2352
-3574
-4633
-5199
-5673
-5784
-5683
-5198
-4339
-3312
-2127
-1186
-268
312
884
1277
1694
2032
2305
2638
3001
3623
4195
4771
4961
4923
4533
3950
3174
2206
1129
-180
-1486
-2799
-3768
-4462
-4777
-4930
-4961
-4905
-4786
-4561
-4399
-4250
-4267
-4258
-4215
-3938
-3472
-2824
-2061
-1274
-428
382
1218
1902
2430
2662
2666
2511
2340
2188
1981
1731
1413
1143
901
738
508
213
-204
-696
-1224
-1679
-1959
-2049
-1926
-1698
-1304
-858
-309
182
649
1040
1407
1745
1959
2086
2030
2001
1911
1966
2034
2237
2473
2728
2998
3177
3409
3430
3388
3057
2758
2470
2322
2152
1717
958
-321
-1781
-3397
-4666
-5654
-6285
-6808
-7198
-7257
-6885
-5920
-4699
-3234
-1895
-673
301
1175
2056
2891
3568
3886
4093
4344
4869
5479
6012
6320
6366
6170
5704
5107
4351
3430
2195
715
-820
-2171
-3201
-4013
-4645
-5155
-5458
-5602
-5624
-5606
-5593
-5539
-5448
-5257
-4999
-4592
-4067
-3370
-2540
-1535
-377
832
1948
2779
3318
3583
3711
3648
3417
2998
2527
2091
1759
1533
1369
1254
1092
896
591
287
-36
-322
-628
-887
-1081
-1150
-1119
-1029
-846
-596
-203
201
622
896
1097
1192
1303
1428
1595
1821
2028
2275
2425
2659
2837
3058
3088
3010
2830
2663
2530
2188
1623
582
-732
-2381
-3979
-5433
-6499
-7282
-7919
-8356
-8538
-8146
-7349
-6150
-4872
-3517
-2312
-1296
-436
349
1144
1750
2190
2493
3002
3701
4512
5212
5744
6106
6258
6180
5823
5268
4448
3373
2066
738
-443
-1364
-2122
-2776
-3281
-3564
-3625
-3662
-3760
-3931
-4023
-4010
-3912
-3774
-3495
-3061
-2540
-1913
-1101
-28
1141
2148
2850
3340
3724
3986
4044
3913
3683
3395
3056
2726
2465
2320
2190
1993
1733
1523
1422
1316
1160
919
723
537
371
173
14
-63
-177
-335
-541
-616
-622
-561
-508
-328
9
427
821
1137
1492
1759
1954
1954
1932
1922
1939
1860
1570
1118
357
-672
-1965
-3222
-4383
-5410
-6433
-7396
-8000
-8138
-7781
-7111
-6090
-4899
-3688
-2585
-1555
-553
286
774
872
889
1045
1410
1874
2364
2841
3285
3675
3948
4093
4007
3585
2760
1628
386
-752
-1705
-2566
-3362
-3983
-4289
-4350
-4335
-4332
-4275
-4047
-3719
-3378
-2953
-2302
-1534
-828
-166
608
1525
2386
3005
3415
3836
4290
4596
4690
4696
4670
4534
4269
3964
3737
3554
3286
2928
2663
2657
2816
2971
3064
3137
3195
3164
3000
2779
2582
2329
1931
1443
1043
797
634
502
449
556
745
871
901
924
960
927
761
545
446
469
484
364
53
-540
-1509
-2786
-4122
-5256
-6212
-7136
-8052
-8715
-8913
-8625
-7937
-6921
-5689
-4445
-3329
-2289
-1228
-207
519
826
881
954
1179
1520
1894
2215
2489
2733
2934
3062
3045
2748
2080
1041
-251
-1542
-2649
-3612
-4551
-5387
-5949
-6179
-6231
-6274
-6259
-6051
-5606
-5050
-4401
-3542
-2468
-1398
-460
462
1501
2556
3344
3764
4039
4385
4702
4821
4803
4788
4710
4469
4122
3830
3644
3431
3093
2779
2726
2963
3328
3717
4157
4626
5012
5217
5271
5268
5175
4926
4552
4204
3963
3773
3585
3442
3399
3398
3339
3137
2846
2529
2178
1757
1313
996
788
583
263
-152
-785
-1774
-3111
-4555
-5786
-6756
-7583
-8362
-8831
-8866
-8493
-7846
-6917
-5747
-4600
-3661
-2888
-2030
-1177
-549
-285
-231
-179
-34
207
513
829
1051
1226
1373
1494
1535
1363
914
147
-866
-1977
-2978
-3856
-4733
-5555
-6221
-6553
-6713
-6861
-7007
-6876
-6415
-5807
-5151
-4403
-3402
-2374
-1428
-531
573
1678
2514
2958
3264
3702
4065
4202
4082
3945
3717
3391
2974
2670
2490
2237
1898
1605
1671
1973
2418
2850
3387
3923
4362
4729
5036
5347
5497
5592
5568
5638
5677
5743
5782
5834
5924
5888
5784
5511
5336
5018
4696
4207
3812
3439
3030
2544
1902
1148
-129
-1669
-3424
-4757
-5888
-6845
-7800
-8378
-8407
-8069
-7330
-6346
-4929
-3690
-2637
-1828
-855
-37
441
505
312
144
-49
-65
-47
40
-31
-20
66
216
250
38
-402
-1070
-1941
-2935
-3836
-4678
-5572
-6512
-7271
-7684
-7849
-8090
-8268
-8152
-7579
-6840
-6064
-5269
-4288
-3206
-2268
-1322
-286
846
1660
2151
2475
3022
3598
3849
3779
3559
3398
3115
2779
2391
2131
1811
1389
1071
1021
1310
1641
1975
2259
2624
3037
3463
3841
4086
4297
4401
4489
4512
4583
4715
4869
5079
5253
5495
5669
5862
5946
5975
5913
5786
5651
5324
4907
4241
3493
2317
819
-967
-2600
-3908
-5059
-6046
-6946
-7267
-7249
-6717
-5986
-4770
-3404
-2136
-1084
-129
934
1684
2140
2057
1936
1642
1499
1325
1228
1029
807
768
793
936
826
649
111
-536
-1495
-2377
-3298
-4267
-5376
-6489
-7280
-7844
-8111
-8496
-8605
-8542
-7982
-7306
-6507
-5701
-4814
-3832
-3019
-2093
-1244
-250
365
784
1031
1529
2049
2274
2248
2031
2012
1856
1739
1440
1276
1011
707
483
473
800
1071
1330
1436
1791
2215
2714
3001
3147
3260
3326
3355
3245
3252
3268
3350
3310
3386
3599
4024
4383
4667
4925
5258
5595
5709
5623
5250
4722
3698
2357
669
-843
-2260
-3520
-4690
-5622
-6052
-6098
-5574
-4844
-3649
-2440
-1087
90
1267
2342
3172
3730
3775
3656
3295
3121
2807
2482
1973
1611
1517
1591
1709
1683
1688
1486
1165
540
-112
-914
-1864
-3114
-4373
-5359
-6017
-6526
-7090
-7384
-7316
-6705
-6012
-5210
-4439
-3495
-2606
-1856
-1165
-519
102
271
243
112
320
418
283
-119
-438
-517
-662
-828
-1161
-1297
-1521
-1664
-1769
-1579
-1173
-870
-632
-448
102
673
1203
1419
1565
1749
1852
1909
1777
1811
1699
1603
1422
1471
1826
2170
2553
2759
3269
3670
4078
4130
3945
3484
2542
1373
-191
-1473
-2917
-4128
-5418
-6302
-6695
-6622
-5936
-5061
-3610
-2233
-539
975
2628
4020
5080
5773
5913
5908
5492
5189
4530
3892
3045
2436
2095
1953
1946
1835
1861
1715
1626
1267
861
173
-700
-1843
-3040
-4041
-4838
-5458
-6083
-6375
-6231
-5495
-4571
-3492
-2355
-1034
252
1412
2446
3359
4054
4280
4215
4013
3955
3690
3180
2430
1805
1351
939
494
19
-293
-640
-893
-1067
-929
-701
-542
-503
-402
-47
325
652
734
857
909
960
886
800
732
515
281
-37
0
96
300
322
436
655
868
1026
857
615
-106
-1016
-2371
-3649
-4919
-6072
-7180
-8217
-8746
-8897
-8364
-7619
-6360
-4970
-3285
-1617
17
1574
2822
3838
4274
4511
4371
4260
3896
3423
2802
2255
1950
1734
1695
1548
1563
1460
1382
1137
833
387
-294
-1130
-2125
-2925
-3667
-4266
-4920
-5332
-5351
-4915
-4160
-3286
-2168
-933
435
1691
2956
4165
5198
5870
6152
6357
6477
6464
6040
5411
4766
4246
3749
3127
2563
2044
1689
1285
1036
980
1118
1239
1172
1189
1321
1684
1849
1922
1857
1899
1936
1840
1755
1628
1671
1560
1604
1678
1983
2187
2282
2356
2377
2393
1997
1458
505
-613
-2182
-3829
-5399
-6801
-8118
-9497
-10412
-10869
-10652
-10261
-9459
-8337
-6809
-5219
-3749
-2278
-941
256
873
1207
1274
1363
1191
775
166
-398
-743
-979
-1097
-1279
-1298
-1317
-1228
-1326
-1466
-1740
-2099
-2696
-3503
-4283
-5008
-5610
-6405
-6986
-7285
-6919
-6323
-5500
-4504
-3156
-1506
73
1728
3236
4832
5960
6826
7333
7842
8104
7941
7510
6964
6709
6297
5922
5340
5048
4812
4647
4496
4431
4577
4530
4420
4120
4116
4097
4035
3693
3303
3042
2793
2576
2217
2070
1983
2114
2285
2624
3074
3547
4006
4307
4533
4491
4247
3618
2627
1236
-349
-1866
-3273
-4611
-5926
-6912
-7400
-7369
-7039
-6444
-5492
-4248
-2937
-1771
-673
395
1269
1711
1729
1591
1440
1161
621
-92
-781
-1338
-1789
-2199
-2560
-2861
-3123
-3410
-3746
-4093
-4470
-4924
-5571
-6353
-7133
-7805
-8425
-9086
-9674
-10004
-9913
-9519
-8885
-8048
-6925
-5560
-4088
-2552
-1008
525
1851
2914
3717
4391
4874
5066
4957
4719
4517
4325
4117
3861
3708
3664
3720
3800
3956
4165
4365
4478
4516
4585
4674
4704
4554
4310
4056
3866
3634
3347
3082
2948
2945
3020
3200
3504
3908
4226
4421
4470
4394
4022
3274
2177
905
-442
-1837
-3194
-4410
-5287
-5777
-5817
-5431
-4617
-3479
-2126
-681
803
2243
3468
4356
4859
5065
5008
4729
4230
3587
2862
2157
1546
1035
607
215
-161
-559
-1002
-1509
-2121
-2890
-3841
-4920
-6037
-7141
-8173
-9090
-9819
-10303
-10460
-10238
-9653
-8770
-7641
-6311
-4850
-3338
-1879
-513
671
1626
2338
2836
3142
3254
3202
3030
2813
2560
2328
2095
1901
1740
1613
1521
1444
1396
1353
1330
1296
1290
1290
1297
1263
1215
1176
1155
1146
1144
1222
1371
1631
1937
2318
2715
3097
3361
3464
3359
2989
2347
1401
285
-971
-2219
-3446
-4503
-5300
-5713
-5720
-5341
-4570
-3496
-2159
-732
754
2166
3453
4453
5160
5575
5748
5705
5440
5044
4546
4066
3596
3212
2840
2513
2145
1752
1293
754
127
-671
-1598
-2677
-3745
-4812
-5787
-6667
-7340
-7783
-7946
-7797
-7341
-6611
-5721
-4673
-3570
-2411
-1323
-302
558
1258
1799
2189
2477
2648
2752
2787
2831
2848
2893
2937
3009
3080
3142
3202
3209
3181
3100
2998
2817
2608
2375
2155
1928
1718
1559
1471
1467
1525
1671
1860
2088
2260
2386
2401
2269
1947
1391
620
-344
-1406
-2547
-3689
-4787
-5711
-6404
-6819
-6935
-6735
-6232
-5508
-4603
-3592
-2487
-1400
-440
311
909
1365
1657
1791
1805
1757
1634
1509
1442
1449
1447
1417
1310
1148
923
615
215
-326
-986
-1717
-2398
-3048
-3638
-4128
-4447
-4591
-4559
-4315
-3886
-3330
-2728
-2051
-1330
-615
-8
559
1145
1634
1944
2177
2380
2499
2625
2758
2845
2899
2997
3116
3214
3291
3337
3420
3520
3570
3529
3410
3210
2964
2731
2508
2307
2111
1963
1930
2032
2232
2465
2718
2920
3010
2934
2657
2139
1395
489
-528
-1635
-2752
-3704
-4460
-5044
-5324
-5213
-4797
-4176
-3351
-2340
-1281
-321
528
1227
1667
1832
1810
1628
1219
650
21
-539
-959
-1324
-1668
-1963
-2181
-2361
-2467
-2477
-2613
-3060
-3609
-3992
-4357
-4803
-5238
-5617
-5953
-6105
-6007
-5701
-5133
-4405
-3688
-2891
-1927
-1196
-717
157
1317
1875
1941
2196
2218
1967
2221
2793
2850
2645
2789
2918
2883
3069
3449
3693
3810
3924
3863
3625
3443
3429
3444
3455
3386
3183
3057
3122
3357
3653
3889
3883
3656
3418
3125
2662
2095
1470
688
-165
-939
-1553
-1983
-2279
-2398
-2298
-1995
-1588
-1100
-428
376
1063
1582
2105
2507
2616
2593
2632
2523
2130
1720
1375
970
498
110
-182
-516
-915
-1307
-1687
-2144
-2716
-3356
-3928
-4466
-5092
-5733
-6192
-6490
-6717
-6699
-6377
-5901
-5373
-4719
-3929
-3091
-2292
-1593
-978
-372
147
410
573
711
690
665
835
988
952
970
1082
1112
1124
1202
1250
1216
1144
1035
896
719
511
301
125
-12
-143
-228
-243
-215
-111
93
350
601
883
1200
1474
1699
1898
2020
2034
1982
1875
1708
1474
1202
935
697
521
429
393
408
521
681
854
1078
1328
1522
1660
1800
1876
1878
1851
1772
1634
1462
1284
1111
952
810
650
495
368
227
82
-26
-152
-341
-534
-689
-856
-1015
-1125
-1222
-1291
-1307
-1307
-1264
-1137
-995
-886
-742
-570
-421
-258
-72
79
237
449
652
820
1037
1254
1377
1482
1573
1545
1398
1173
831
388
-115
-666
-1236
-1801
-2379
-2897
-3239
-3468
-3667
-3712
-3555
-3356
-3119
-2733
-2251
-1810
-1439
-1066
-699
-416
-243
-116
42
151
140
191
358
432
407
468
581
558
439
361
253
23
-270
-533
-740
-975
-1265
-1451
-1471
-1490
-1557
-1477
-1259
-1130
-1044
-759
-389
-159
25
317
644
844
985
1173
1381
1459
1432
1488
1616
1608
1480
1492
1564
1493
1379
1396
1402
1244
1089
1043
970
773
588
507
431
292
198
263
369
403
524
821
1109
1298
1537
1874
2112
2228
2373
2528
2551
2454
2376
2308
2136
1899
1718
1564
1342
1101
944
802
564
306
116
-94
-389
-700
-962
-1219
-1526
-1797
-1971
-2105
-2229
-2282
-2215
-2101
-1985
-1806
-1574
-1375
-1194
-989
-794
-652
-544
-426
-314
-237
-170
-94
-21
13
18
35
18
-85
-237
-416
-639
-908
-1199
-1490
-1785
-2066
-2293
-2473
-2596
-2653
-2657
-2587
-2447
-2265
-2043
-1791
-1547
-1327
-1107
-894
-723
-579
-438
-313
-190
-45
110
267
431
591
731
867
995
1068
1108
1135
1135
1118
1115
1123
1124
1149
1218
1302
1390
1491
1590
1655
1708
1750
1763
1752
1710
1636
1552
1466
1358
1239
1132
1017
881
775
697
591
479
403
336
255
201
180
156
132
144
189
248
326
408
510
624
730
842
962
1070
1143
1199
1258
1275
1239
1178
1093
951
755
547
311
31
-293
-623
-957
-1316
-1678
-2007
-2317
-2609
-2859
-3049
-3179
-3275
-3327
-3320
-3252
-3148
-3023
-2852
-2645
-2442
-2232
-1981
-1724
-1491
-1243
-992
-755
-527
-309
-103
78
241
388
522
641
734
805
865
921
942
945
948
928
880
840
793
734
676
628
590
560
550
555
568
589
614
639
663
678
680
673
663
641
615
600
586
575
585
616
664
720
784
860
936
1009
1080
1127
1158
1172
1159
1136
1098
1040
973
906
832
756
684
610
534
448
359
261
147
27
-102
-237
-371
-499
-618
-720
-803
-863
-894
-906
-892
-863
-825
-775
-726
-680
-639
-612
-597
-587
-592
-603
-615
-630
-637
-637
-630
-613
-586
-548
-501
-447
-393
-339
-283
-233
-181
-135
-98
-49
-4
44
99
151
210
277
344
412
471
523
569
607
621
622
608
580
543
491
432
373
310
249
194
141
93
51
9
-25
-60
-92
-116
-146
-171
-197
-229
-253
-274
-295
-314
-332
-356
-372
-391
-412
-430
-452
-468
-484
-495
-504
-514
-511
-502
-487
-457
-423
-388
-342
-288
-236
-178
-123
-72
-18
28
68
96
116
127
132
133
124
102
69
30
-13
-58
-100
-144
-182
-206
-222
-221
-204
-172
-120
-43
48
155
265
366
470
577
688
793
877
944
1002
1057
1108
1146
1173
1191
1199
1204
1192
1149
1083
1007
928
831
698
538
373
218
75
-60
-188
-302
-385
-435
-457
-463
-456
-433
-385
-332
-278
-231
-196
-159
-121
-85
-57
-35
-16
5
28
42
42
29
-1
-44
-109
-195
-306
-437
-579
-728
-874
-1009
-1131
-1240
-1319
-1377
-1408
-1412
-1397
-1367
-1325
-1268
-1198
-1123
-1053
-988
-918
-845
-768
-685
-620
-563
-520
-482
-448
-425
-407
-402
-399
-390
-367
-328
-279
-211
-109
25
177
328
465
602
756
928
1087
1203
1273
1331
1402
1470
1515
1529
1530
1538
1564
1552
1476
1378
1300
1243
1176
1035
844
662
524
420
314
204
91
33
27
45
73
89
144
229
321
404
462
511
571
647
705
740
754
765
772
785
774
728
663
585
491
375
224
51
-136
-328
-518
-715
-904
-1070
-1220
-1349
-1446
-1522
-1575
-1608
-1621
-1609
-1582
-1537
-1476
-1404
-1316
-1218
-1106
-988
-865
-738
-629
-538
-464
-417
-394
-394
-419
-468
-526
-583
-631
-672
-705
-702
-670
-617
-553
-489
-419
-332
-224
-119
-39
24
91
176
269
367
469
575
699
829
947
1034
1107
1177
1237
1265
1242
1181
1093
1014
936
847
751
655
577
526
492
467
450
457
474
499
512
517
524
530
533
520
502
467
431
399
366
331
300
272
243
221
197
166
131
101
62
10
-48
-108
-175
-248
-320
-391
-466
-536
-599
-657
-714
-766
-803
-828
-857
-876
-876
-879
-879
-869
-849
-834
-819
-796
-777
-765
-749
-723
-697
-673
-633
-581
-522
-460
-380
-296
-215
-133
-61
3
51
97
134
157
167
177
191
210
246
294
351
419
494
565
631
699
753
791
811
807
784
752
705
656
605
557
509
466
437
408
386
368
352
336
311
278
246
203
159
121
80
32
-11
-35
-63
-87
-100
-101
-93
-88
-65
-36
-9
26
71
124
166
212
267
310
342
362
383
376
343
302
240
148
33
-81
-207
-359
-503
-634
-762
-884
-985
-1056
-1121
-1170
-1184
-1178
-1165
-1132
-1070
-1003
-928
-828
-713
-596
-472
-331
-191
-57
75
202
302
376
443
484
492
475
443
388
318
242
164
88
20
-35
-80
-118
-136
-141
-142
-133
-108
-78
-48
-9
38
93
148
210
282
353
421
498
565
621
670
714
746
756
752
736
705
666
622
574
516
463
403
347
286
223
166
111
63
17
-26
-57
-75
-85
-77
-60
-30
0
40
90
128
157
183
197
184
163
129
83
24
-44
-108
-169
-237
-291
-330
-376
-403
-419
-437
-451
-464
-470
-480
-497
-506
-507
-509
-508
-486
-460
-430
-392
-344
-297
-261
-219
-182
-161
-154
-143
-144
-157
-175
-194
-215
-226
-233
-229
-212
-185
-144
-95
-35
32
104
166
225
283
323
347
359
366
364
353
343
326
320
313
300
303
289
276
269
245
216
174
125
75
22
-31
-63
-97
-119
-123
-121
-99
-77
-48
-8
29
59
92
110
125
131
129
127
114
101
102
99
96
98
95
98
94
88
82
74
55
25
1
-39
-79
-116
-167
-210
-247
-291
-317
-340
-358
-354
-350
-338
-313
-284
-254
-214
-178
-145
-118
-96
-79
-74
-72
-69
-58
-48
-35
-16
2
21
43
62
81
94
107
120
121
122
120
112
108
98
95
96
97
108
125
145
176
208
252
298
338
376
400
414
412
389
360
324
286
256
216
190
178
157
154
152
142
141
134
110
85
44
-7
-45
-95
-136
-165
-192
-200
-199
-187
-167
-150
-126
-98
-86
-66
-67
-81
-88
-114
-142
-175
-212
-234
-261
-287
-300
-319
-332
-339
-348
-352
-350
-352
-349
-343
-333
-325
-317
-302
-291
-276
-253
-232
-205
-173
-148
-116
-77
-48
-11
31
68
111
147
179
203
215
226
220
219
213
196
187
173
160
148
139
135
135
143
150
164
174
185
194
200
213
217
216
216
218
214
211
212
215
217
223
233
243
257
261
255
238
216
193
165
131
104
78
50
33
17
0
-9
-20
-38
-44
-55
-78
-92
-109
-131
-141
-152
-156
-152
-146
-133
-120
-115
-102
-97
-92
-90
-102
-113
-127
-150
-181
-208
-240
-268
-295
-321
-348
-371
-389
-409
-423
-421
-419
-407
-383
-351
-313
-273
-215
-160
-99
-35
22
86
139
190
239
276
300
320
337
342
347
340
333
316
298
279
248
221
189
161
133
102
81
63
47
43
46
55
70
93
118
146
178
206
239
265
286
301
308
314
306
292
269
247
214
179
145
110
72
29
-6
-47
-87
-122
-154
-184
-206
-226
-235
-241
-247
-240
-235
-218
-202
-184
-162
-148
-134
-124
-110
-110
-111
-110
-123
-137
-151
-172
-194
-219
-244
-266
-291
-310
-331
-345
-353
-362
-365
-361
-358
-350
-341
-325
-305
-283
-257
-231
-204
-168
-126
-84
-37
11
66
121
176
224
276
325
374
414
441
465
474
481
479
464
441
409
374
330
284
240
195
145
106
67
38
16
-3
-5
-9
-4
9
26
46
74
111
141
176
210
232
257
280
292
302
300
294
289
274
254
230
203
170
139
107
66
27
-5
-41
-71
-101
-131
-154
-179
-201
-214
-227
-239
-247
-251
-254
-259
-258
-260
-265
-265
-268
-273
-279
-288
-301
-313
-331
-351
-370
-392
-405
-423
-432
-437
-435
-426
-408
-384
-350
-307
-262
-208
-150
-90
-26
38
100
151
202
252
287
314
331
340
341
334
311
285
253
222
185
143
103
60
30
-3
-34
-56
-62
-65
-59
-43
-21
7
43
86
129
172
220
267
314
350
387
419
433
451
457
450
437
417
393
356
312
271
226
175
122
68
14
-38
-86
-122
-164
-205
-230
-254
-271
-281
-282
-281
-279
-268
-247
-228
-210
-185
-164
-143
-120
-99
-81
-73
-65
-59
-57
-56
-61
-72
-82
-93
-105
-120
-140
-153
-163
-171
-178
-185
-183
-179
-173
-162
-152
-134
-109
-81
-57
-31
-3
25
46
71
96
115
131
141
152
149
144
138
124
116
92
75
53
25
4
-20
-42
-63
-82
-94
-103
-112
-112
-108
-104
-91
-75
-51
-24
6
40
71
106
140
170
203
230
252
269
281
292
296
292
283
266
244
218
192
158
122
88
49
11
-28
-62
-91
-120
-145
-167
-187
-201
-206
-207
-204
-199
-188
-175
-156
-136
-114
-91
-68
-46
-26
-2
19
32
46
58
68
67
68
67
63
65
55
46
34
22
11
-2
-11
-21
-29
-38
-43
-53
-58
-60
-61
-62
-58
-57
-53
-51
-49
-47
-42
-42
-43
-39
-41
-39
-41
-43
-39
-40
-45
-43
-34
-31
-23
-15
-12
4
15
24
40
57
70
86
104
118
131
135
139
143
142
133
131
119
97
84
70
45
17
-6
-30
-52
-76
-95
-108
-123
-134
-137
-137
-138
-126
-110
-96
-66
-49
-28
9
29
51
82
103
122
143
159
164
170
161
156
149
124
109
87
59
32
1
-27
-55
-80
-109
-133
-147
-162
-176
-181
-184
-184
-174
-162
-148
-129
-105
-79
-50
-31
-10
21
45
59
75
100
106
104
117
118
110
105
90
76
63
51
33
18
5
-10
-25
-31
-41
-56
-61
-55
-54
-63
-63
-49
-49
-46
-26
-22
-23
-5
6
-1
5
12
13
23
21
17
23
27
19
23
25
21
25
23
24
29
24
18
24
21
12
12
11
-1
-3
-1
-10
-13
-16
-22
-29
-25
-25
-32
-32
-31
-31
-23
-16
-11
1
9
15
17
28
35
34
29
31
30
17
18
17
-1
-6
-3
-18
-21
-21
-24
-28
-30
-30
-30
-23
-11
-7
-4
6
26
32
30
52
52
47
61
56
42
47
43
22
15
11
-4
-12
-20
-30
-35
-48
-56
-57
-59
-60
-60
-57
-48
-38
-36
-26
-10
-9
2
13
18
19
28
37
37
30
33
39
41
33
25
34
29
14
10
20
9
-13
-2
3
-15
-16
-12
-20
-22
-23
-27
-28
-28
-35
-32
-21
-20
-23
-16
-1
3
-2
7
24
15
13
38
38
27
38
48
33
30
30
14
10
5
-9
-19
-26
-44
-52
-54
-56
-59
-58
-53
-44
-46
-42
-26
-17
-10
4
24
34
45
61
67
77
79
77
76
77
74
59
49
32
16
2
-8
-19
-37
-49
-50
-59
-67
-63
-64
-68
-60
-51
-49
-30
-13
-6
9
21
30
47
54
58
63
63
65
64
54
48
49
30
20
19
5
-10
-11
-16
-33
-34
-37
-46
-44
-47
-51
-46
-42
-42
-31
-29
-24
-16
-16
-11
-4
0
1
3
3
6
11
5
5
9
8
2
4
3
-5
-4
-6
-12
-13
-16
-14
-19
-23
-18
-13
-11
-15
-17
-12
-5
-6
-4
7
8
12
21
22
29
33
36
36
34
35
34
32
27
20
16
11
6
0
-4
-8
-19
-23
-17
-16
-19
-17
-13
-11
-8
-8
0
11
18
19
21
28
30
32
31
30
28
28
29
25
19
13
9
2
-6
-12
-12
-13
-20
-23
-22
-21
-20
-22
-22
-16
-14
-17
-16
-10
-6
-9
-4
-3
0
3
0
-2
-2
-3
-4
-4
-4
-7
-8
-7
-8
-8
-5
-6
-6
-5
-6
-4
3
2
-2
2
9
10
12
12
11
12
10
8
4
4
8
1
-3
-4
-4
-3
-8
-14
-17
-11
-16
-22
-21
-23
-21
-19
-17
-22
-14
-10
-16
-15
-13
-5
4
7
10
9
18
16
10
18
25
26
24
25
24
23
19
13
9
10
9
11
11
5
5
3
1
-7
-9
-4
-4
-4
-7
0
2
-3
0
-3
-2
1
-1
2
1
1
4
3
1
2
3
6
5
-1
-1
3
1
-4
1
3
1
-5
1
4
-2
-1
-4
-1
-1
-2
-4
-4
0
1
3
0
0
1
2
5
-1
-4
3
4
-4
-5
1
-2
-8
-6
-8
-7
-10
-12
-11
-13
-15
-13
-10
