3
-1
-8
-10
-10
-5
3
9
11
8
3
-6
-10
-11
-8
-1
6
10
9
6
-1
-6
-8
-6
-3
2
4
6
6
1
-2
-4
-3
-2
1
0
1
1
0
-1
-1
1
1
0
1
0
-1
-3
-2
1
3
3
2
0
-3
-4
-5
-3
-1
4
7
5
1
-3
-8
-8
-6
-3
2
5
6
4
0
-3
-4
-4
0
3
3
0
0
-1
-2
-1
4
5
4
4
0
-3
-7
-7
-2
4
8
8
1
-6
-10
-8
-5
4
10
13
11
1
-11
-18
-16
-6
6
18
22
16
6
-10
-19
-18
-12
2
15
20
18
8
-8
-18
-19
-16
-6
7
15
15
7
-1
-10
-15
-16
-11
-1
12
20
19
15
5
-6
-19
-22
-15
-1
15
26
30
22
3
-19
-35
-38
-28
-3
21
36
32
17
-7
-30
-43
-35
-16
10
31
37
29
7
-14
-29
-28
-15
7
26
33
26
8
-9
-23
-23
-10
4
17
22
16
2
-14
-22
-22
-15
-3
7
12
7
-4
-12
-17
-13
-3
6
13
16
10
2
-8
-10
-5
7
22
31
31
22
4
-18
-32
-35
-28
-9
12
27
29
18
-2
-24
-42
-47
-40
-19
6
27
39
39
25
10
-5
-11
-11
-2
9
16
19
14
8
1
1
2
5
3
-6
-20
-34
-42
-40
-24
3
28
43
39
18
-12
-40
-51
-40
-9
30
62
73
58
26
-15
-46
-53
-38
-11
21
40
37
21
-10
-36
-47
-39
-20
1
17
25
17
2
-10
-13
-6
3
12
16
15
11
8
8
8
7
2
-8
-21
-29
-32
-19
4
28
40
35
10
-27
-59
-72
-55
-11
41
84
98
75
22
-37
-80
-87
-55
2
59
90
82
38
-19
-74
-101
-84
-38
22
66
80
51
-1
-57
-89
-85
-42
22
79
106
89
40
-23
-70
-86
-61
-8
50
88
89
54
-1
-52
-82
-77
-42
4
44
58
42
7
-34
-59
-57
-28
11
49
64
47
6
-36
-66
-69
-38
12
59
88
81
35
-23
-73
-97
-76
-21
40
91
109
75
15
-44
-90
-95
-57
-5
46
81
78
42
-6
-50
-77
-72
-44
-8
24
49
47
25
3
-23
-45
-42
-31
-13
19
45
53
54
42
7
-19
-37
-45
-31
2
31
46
49
28
-11
-40
-53
-52
-24
14
32
34
22
-14
-40
-35
-19
7
45
55
31
-3
-42
-71
-56
-8
38
83
100
62
-1
-59
-108
-116
-66
1
67
125
136
85
10
-79
-158
-168
-111
-17
106
198
206
138
11
-137
-233
-228
-137
13
165
248
220
98
-70
-219
-274
-204
-50
130
255
266
158
-18
-185
-264
-212
-56
127
249
257
145
-39
-197
-260
-204
-44
140
243
229
110
-68
-209
-240
-166
-18
138
208
165
52
-89
-177
-162
-71
44
140
162
94
-12
-106
-151
-113
-22
65
124
136
89
12
-56
-112
-128
-92
-37
31
102
138
132
90
5
-94
-150
-154
-111
-15
78
140
165
110
5
-104
-183
-193
-123
-6
104
192
192
96
-32
-143
-181
-133
-6
115
181
188
94
-51
-154
-176
-122
9
142
180
151
50
-103
-188
-188
-117
28
146
155
109
10
-118
-151
-110
-50
58
152
124
58
-18
-114
-117
-75
-10
58
114
143
100
34
-53
-118
-135
-114
-81
-10
64
91
137
111
41
22
-21
-90
-130
-160
-160
-50
80
183
266
230
115
-34
-240
-325
-271
-127
102
237
307
249
91
-50
-242
-311
-249
-108
24
152
232
149
136
-11
-138
-103
-108
-9
77
124
133
137
48
-76
-87
-154
-101
-33
9
117
151
106
-3
-140
-241
-237
-193
-59
104
174
266
183
-5
-17
-86
-125
-17
36
40
52
50
-17
74
134
126
148
-65
-102
-241
-437
-248
-127
151
426
450
330
63
-184
-530
-621
-537
-251
315
525
723
610
184
-25
-392
-554
-421
-112
202
412
431
111
-48
-256
-318
-192
-148
119
204
178
14
-226
-260
-219
15
139
258
254
122
107
-247
-300
-78
31
333
411
280
35
-228
-462
-667
-511
-175
293
616
657
541
175
-239
-545
-600
-504
-124
287
393
445
291
60
-197
-301
-193
-21
256
239
131
43
-176
-252
-319
-282
-46
135
283
163
52
51
-53
-126
-280
-94
55
230
398
96
10
-98
-111
-178
-201
122
228
373
227
-43
-136
-231
-128
-199
-370
-208
-72
40
96
131
288
165
228
-50
-411
-198
-70
218
228
271
253
-13
-60
-300
-316
-101
157
402
286
124
60
-236
-421
-379
-265
-108
69
354
152
95
136
-203
-74
-15
16
-26
-130
-82
-77
109
12
247
351
186
230
-225
-371
-105
96
63
225
298
98
174
-279
-422
-383
-217
122
-2
165
158
279
79
-175
-248
-655
-534
-331
-54
288
606
809
695
326
12
-317
-552
-129
212
310
174
85
-47
-258
-47
42
269
428
216
-165
-760
-1106
-1105
-755
-436
51
535
544
724
682
443
191
-52
-94
-234
-116
-39
213
603
600
637
273
36
-88
-280
-276
-472
-446
-459
-595
-623
-454
-323
-73
174
124
164
-27
-225
-252
-42
245
694
901
728
702
265
9
-166
-218
-73
-7
204
69
-140
-325
-136
-159
-188
100
-293
-502
-611
-898
-1063
-651
3
197
614
830
921
997
679
470
302
84
-1
-258
-558
-314
178
550
479
329
289
-37
-352
-714
-865
-978
-752
-135
-221
-204
184
296
155
309
403
4
67
336
288
47
183
304
97
22
-9
-344
-333
113
172
465
657
760
283
-368
-1036
-1574
-996
-813
-13
740
700
888
589
259
-275
-436
-155
-22
280
238
-287
-693
-410
-260
101
621
554
698
304
-347
-592
-738
-625
-65
503
282
97
72
-224
120
566
496
491
443
249
-196
-570
-691
-360
70
214
514
132
-157
26
-389
-628
-447
-267
10
354
224
-330
-359
-303
-376
-107
-5
338
623
476
97
-492
-521
-394
-114
281
585
1063
995
616
67
-380
-429
-335
4
139
317
220
-30
-67
-386
-291
-184
-178
-171
-414
-396
-460
-180
127
231
171
22
102
-338
-272
7
143
518
594
576
343
170
-20
-100
-214
-278
57
-75
14
61
-286
-285
-372
-113
-31
108
504
436
307
-17
-183
-472
-285
34
-11
235
174
11
-395
-425
-396
-332
115
195
426
344
85
-47
-216
-330
-295
-71
110
587
911
697
377
183
-191
-606
-595
-658
-405
237
277
158
192
229
234
68
-158
-348
-326
-315
-189
-86
2
374
465
328
136
69
9
-12
39
-87
-295
-535
-361
-222
-119
86
233
418
260
100
-186
-341
-63
252
322
207
326
217
125
-51
-341
11
262
143
147
27
-263
-315
-405
-596
-420
-100
-16
-10
-108
-119
115
-64
-70
292
364
347
223
62
-127
-125
-15
-116
11
389
664
549
329
264
81
-116
-385
-498
-479
-356
-120
-317
-334
-168
-237
-124
-68
-15
267
410
262
139
31
-172
-87
-94
-24
404
493
446
442
206
-71
-86
-268
-420
-268
-307
-365
-431
-403
-258
-78
118
170
226
198
120
-22
-43
88
232
382
265
140
19
-186
-178
-98
-21
136
325
211
-62
-132
-499
-577
-358
-329
-27
238
375
370
258
-77
-290
-154
-117
155
388
449
478
321
44
-308
-355
-300
-130
63
47
153
101
20
-114
-271
-290
-329
-212
-199
-181
-59
147
246
227
391
269
252
279
76
-13
-58
-38
17
143
200
319
261
37
-64
-347
-464
-371
-273
-88
65
110
61
-3
-133
-156
-179
-296
-255
-251
-331
-301
-66
193
374
551
585
408
197
12
-152
-233
-159
63
129
107
215
263
190
115
133
2
-142
-136
-217
-243
-141
1
-10
-125
-176
-255
-309
-302
-153
-6
107
184
76
-2
-48
-62
48
168
279
417
446
344
272
192
135
115
41
-22
-44
-120
-200
-182
-189
-213
-167
-240
-351
-412
-477
-495
-461
-346
-170
45
242
420
535
513
465
354
232
177
161
167
153
145
67
-21
-89
-116
-93
-85
-82
-135
-227
-298
-383
-391
-297
-153
12
117
124
82
36
18
85
193
309
387
354
225
35
-143
-245
-254
-202
-109
-27
3
3
-29
-57
-38
9
42
37
-18
-115
-179
-213
-172
-21
150
300
394
376
276
136
-28
-154
-215
-210
-113
21
129
191
167
59
-90
-254
-357
-345
-241
-87
67
141
152
127
45
-20
-33
-7
65
124
139
135
109
72
60
44
17
-5
-41
-87
-110
-106
-52
34
80
74
14
-94
-202
-283
-319
-272
-165
-53
27
71
98
125
174
234
281
286
241
147
7
-126
-183
-161
-101
-23
14
-7
-52
-101
-134
-149
-123
-77
-61
-84
-105
-109
-91
-22
65
134
186
209
167
56
-76
-186
-259
-286
-237
-127
6
141
256
292
240
147
45
-65
-150
-157
-105
-45
16
64
67
47
40
32
7
0
20
28
17
-10
-49
-95
-125
-122
-99
-61
13
99
150
181
197
176
143
105
51
4
-30
-37
-14
20
61
117
146
142
126
85
41
7
-33
-68
-92
-124
-152
-184
-226
-242
-239
-222
-172
-93
-14
50
90
98
73
25
-12
-25
-24
20
91
148
181
205
205
185
182
187
185
168
130
73
-2
-72
-111
-122
-90
-29
48
107
131
118
52
-36
-119
-184
-214
-203
-161
-104
-53
-27
-19
-24
-42
-56
-58
-49
-37
-32
-24
-22
-22
-14
5
25
43
67
77
54
17
-26
-83
-140
-180
-199
-185
-142
-86
-29
15
47
68
80
96
118
137
144
138
116
73
34
-6
-33
-45
-52
-45
-32
-15
0
14
22
20
19
9
1
-7
-16
-21
-32
-48
-63
-73
-74
-63
-41
-22
-13
-18
-40
-54
-51
-18
43
123
202
272
308
306
280
235
194
168
158
166
190
220
252
277
292
285
259
219
161
94
23
-38
-82
-109
-120
-117
-108
-96
-81
-68
-58
-49
-42
-43
-54
-73
-112
-162
-223
-276
-321
-347
-354
-356
-353
-361
-376
-405
-440
-481
-513
-522
-502
-460
-398
-337
-288
-254
-245
-251
-272
-286
-297
-291
-272
-246
-217
-202
-199
-218
-240
-264
-286
-293
-283
-264
-243
-216
-189
-143
-87
-18
55
120
173
210
242
275
328
383
463
559
629
662
671
681
688
692
697
695
699
720
727
730
723
703
695
697
727
777
844
918
989
1052
1078
1078
1047
1006
937
868
802
727
656
575
497
407
314
203
76
-51
-185
-316
-434
-524
-607
-664
-693
-711
-725
-744
-758
-791
-818
-836
-849
-853
-851
-840
-845
-855
-881
-925
-976
-1020
-1055
-1093
-1110
-1112
-1105
-1094
-1070
-1038
-1004
-960
-919
-867
-811
-745
-677
-609
-536
-472
-413
-359
-305
-258
-206
-145
-83
-11
62
142
219
289
362
421
472
519
556
594
628
665
701
734
756
774
777
769
749
720
693
662
640
623
621
633
664
709
766
834
890
937
959
967
963
959
968
1006
1069
1154
1255
1355
1447
1510
1545
1541
1514
1473
1433
1388
1335
1266
1136
938
643
285
-141
-584
-1028
-1441
-1789
-2064
-2240
-2377
-2428
-2444
-2405
-2330
-2221
-2048
-1850
-1576
-1293
-979
-679
-381
-116
97
293
425
554
614
656
628
543
398
170
-100
-446
-781
-1151
-1473
-1763
-2000
-2155
-2277
-2319
-2339
-2288
-2213
-2090
-1936
-1746
-1515
-1283
-1001
-745
-462
-205
53
287
489
687
837
977
1057
1114
1112
1069
997
893
782
657
552
444
368
298
254
217
199
200
200
234
279
367
468
609
771
948
1137
1329
1527
1697
1857
1973
2069
2126
2173
2206
2230
2274
2303
2350
2379
2411
2437
2445
2470
2473
2513
2526
2547
2528
2429
2249
1886
1425
774
64
-751
-1559
-2307
-3010
-3545
-4024
-4264
-4434
-4380
-4217
-3911
-3481
-3006
-2417
-1880
-1265
-763
-231
205
609
969
1255
1574
1764
1992
2062
2105
1994
1763
1441
940
429
-245
-865
-1573
-2182
-2761
-3248
-3599
-3908
-4009
-4122
-3985
-3889
-3593
-3286
-2916
-2472
-2085
-1562
-1201
-707
-365
52
360
672
948
1124
1325
1361
1444
1327
1269
1047
830
579
284
64
-241
-410
-657
-777
-909
-971
-986
-983
-870
-790
-592
-462
-256
-103
75
240
366
537
652
845
987
1207
1390
1610
1822
2008
2192
2292
2420
2472
2596
2667
2823
2977
3184
3437
3675
3976
4203
4483
4654
4860
4957
5055
5060
4997
4851
4453
3961
3062
2112
789
-487
-1878
-3157
-4248
-5222
-5765
-6288
-6298
-6321
-5895
-5470
-4805
-4054
-3309
-2403
-1702
-797
-177
619
1180
1811
2341
2797
3298
3589
3965
4023
4098
3852
3482
2910
2100
1245
153
-867
-2024
-3017
-3999
-4801
-5435
-5943
-6185
-6383
-6266
-6161
-5788
-5401
-4883
-4267
-3677
-2931
-2307
-1557
-959
-319
200
649
996
1218
1375
1353
1288
1043
776
374
-35
-487
-930
-1320
-1679
-1955
-2184
-2320
-2395
-2392
-2341
-2221
-2060
-1833
-1597
-1314
-1052
-745
-452
-128
194
502
829
1116
1436
1668
1931
2103
2303
2431
2537
2607
2650
2728
2803
2970
3161
3471
3779
4173
4546
4969
5373
5766
6090
6371
6582
6721
6806
6737
6583
6103
5488
4426
3271
1764
266
-1318
-2792
-4015
-5084
-5676
-6207
-6186
-6145
-5627
-5123
-4364
-3564
-2749
-1822
-1089
-193
433
1259
1832
2486
2967
3444
3882
4167
4413
4375
4320
3970
3510
2752
1858
834
-263
-1419
-2632
-3726
-4715
-5477
-6146
-6613
-6901
-6944
-6817
-6633
-6320
-5879
-5289
-4666
-4073
-3420
-2708
-1939
-1255
-701
-169
303
740
970
1084
1106
1077
935
604
217
-218
-585
-1038
-1487
-1883
-2170
-2304
-2484
-2549
-2580
-2445
-2293
-2184
-2015
-1895
-1598
-1449
-1178
-966
-607
-213
142
586
928
1454
1763
2172
2382
2695
2915
3067
3188
3229
3414
3518
3732
3832
4144
4408
4858
5165
5606
5993
6485
6933
7224
7538
7554
7751
7438
7302
6710
6314
5599
4654
3463
1858
571
-1090
-2285
-3868
-4813
-5685
-6060
-6248
-6359
-5926
-5571
-4683
-4193
-3286
-2583
-1622
-813
-193
540
1097
1973
2446
3068
3401
3867
4196
4270
4239
3833
3494
2690
1841
611
-635
-1916
-3332
-4585
-5951
-6827
-7687
-8089
-8431
-8433
-8139
-7722
-6985
-6437
-5531
-4872
-3958
-3335
-2693
-2150
-1716
-1212
-994
-623
-533
-240
-182
-33
-8
2
11
-149
-295
-652
-949
-1384
-1765
-2182
-2546
-2811
-3019
-3087
-3091
-2944
-2725
-2411
-2047
-1689
-1308
-1007
-689
-448
-155
91
393
658
988
1339
1702
2090
2394
2796
3053
3424
3593
3839
3970
4123
4309
4390
4669
4802
5203
5498
5911
6355
6664
7217
7444
8009
8119
8324
8236
7897
7678
6846
6506
5437
4923
3596
2312
800
-816
-1875
-3572
-4404
-5788
-6011
-6521
-6541
-6480
-6352
-5536
-5177
-4087
-3568
-2336
-1423
-376
601
1384
2600
3334
4375
4782
5415
5731
5888
5835
5270
4814
3773
2911
1468
186
-1341
-2807
-4171
-5622
-6568
-7649
-8067
-8660
-8667
-8636
-8281
-7748
-7281
-6364
-5781
-4743
-4180
-3296
-2696
-2106
-1554
-1321
-777
-717
-304
-409
-260
-326
-361
-413
-751
-830
-1266
-1433
-1997
-2312
-2700
-2913
-3073
-3288
-3216
-3169
-2785
-2572
-2148
-1804
-1270
-802
-468
-145
26
355
463
753
885
1192
1420
1641
1913
2061
2381
2467
2724
2796
3070
3270
3452
3649
3833
4255
4621
5160
5611
6215
6813
7402
7876
8247
8590
8872
9024
8994
8782
8501
8061
7441
6717
5983
5384
4559
3410
1734
185
-1229
-2375
-3773
-5072
-6022
-6419
-6487
-6674
-6496
-6199
-5245
-4535
-3522
-2686
-1443
-291
618
1456
2098
3190
3788
4480
4521
4865
4958
4918
4484
3654
2937
1844
839
-737
-2156
-3727
-5140
-6559
-7970
-9003
-9890
-10331
-10722
-10792
-10539
-10058
-9323
-8625
-7617
-6582
-5506
-4462
-3670
-2718
-2142
-1440
-1128
-753
-485
-384
-204
-420
-304
-591
-603
-977
-1200
-1450
-1852
-2127
-2659
-2768
-3062
-3070
-3260
-3194
-2936
-2594
-2132
-1813
-1271
-765
-130
290
648
982
1273
1588
1791
2091
2287
2540
2678
2858
3046
3175
3345
3391
3635
3807
4171
4371
4684
5057
5579
6212
6765
7430
7954
8616
8978
9360
9415
9599
9506
9419
9039
8555
8117
7373
6821
5670
5226
4271
3878
2460
966
-649
-2154
-2981
-4833
-5646
-7213
-6954
-7426
-7168
-7106
-6679
-5310
-4784
-3161
-2809
-890
-127
1166
1640
2157
3203
3398
4196
3547
4049
3669
3806
3145
2270
1711
546
-43
-1840
-2835
-4504
-5509
-6898
-8204
-9058
-9988
-10051
-10674
-10320
-10270
-9286
-8597
-7574
-6481
-5317
-3959
-3095
-1995
-1405
-501
-245
176
168
404
385
309
177
29
108
-85
-140
-455
-474
-751
-1027
-1468
-1811
-2009
-2324
-2585
-2803
-2637
-2332
-2002
-1652
-1205
-455
259
890
1303
1741
2169
2461
2621
2638
2685
2644
2574
2446
2389
2408
2447
2522
2679
3015
3475
3937
4400
4891
5559
6226
6872
7342
7813
8240
8588
8788
8797
8819
8798
8738
8488
8131
7808
7439
6969
6236
5544
4951
4345
3398
1743
128
-1570
-2746
-4335
-5812
-7141
-7847
-7974
-8354
-8297
-8325
-7294
-6466
-5294
-4419
-3140
-1605
-402
680
1160
2225
2914
3717
3752
3792
3849
3811
3573
2726
2026
1097
267
-1065
-2510
-3947
-5287
-6567
-8056
-9265
-10273
-10779
-11189
-11337
-11177
-10615
-9695
-8736
-7570
-6360
-4938
-3713
-2578
-1712
-920
-360
-29
137
167
236
124
66
-83
-64
-115
-159
-298
-466
-637
-969
-1344
-1834
-2273
-2733
-3132
-3388
-3432
-3244
-2936
-2511
-1874
-1109
-236
509
1180
1737
2209
2539
2636
2699
2614
2598
2426
2382
2339
2474
2676
2909
3327
3806
4524
5088
5756
6246
6922
7475
8063
8414
8751
9037
9295
9511
9498
9570
9466
9588
9274
9115
8515
8259
7580
6968
5982
5151
4394
3289
1936
-188
-1626
-3352
-4208
-5988
-7015
-8080
-8078
-8069
-8245
-7928
-7550
-5965
-5233
-3855
-3165
-1430
-129
1010
1666
2162
3267
3765
4293
3863
3923
3808
3633
2978
1894
1163
87
-939
-2630
-4111
-5513
-6881
-8225
-9780
-10608
-11359
-11453
-11789
-11536
-11045
-10019
-8926
-7829
-6474
-5096
-3558
-2574
-1471
-804
147
372
695
555
823
831
755
599
392
629
412
498
-44
-1
-394
-592
-1261
-1820
-2233
-2637
-2807
-3150
-2959
-2771
-2168
-1713
-1018
-274
501
1208
1671
2139
2406
2634
2652
2650
2686
2695
2791
2817
3089
3374
3807
4199
4694
5360
5970
6585
6991
7537
8000
8443
8750
9010
9388
9590
9787
9748
9850
9801
9639
9179
8673
8213
7565
6688
5492
4644
3635
2493
303
-1676
-3589
-4663
-6224
-7868
-9210
-9793
-9433
-9720
-9368
-9395
-7822
-6855
-5414
-4582
-3117
-1309
-77
1147
1461
2931
3604
4596
4358
4506
4671
4680
4338
3153
2473
1346
396
-1440
-3167
-4807
-6340
-7871
-9751
-11003
-12038
-12409
-12888
-12991
-12590
-11762
-10504
-9489
-7948
-6529
-4745
-3480
-2242
-1080
-98
743
835
1191
1170
1518
1243
996
752
667
754
270
58
-464
-443
-939
-1441
-2084
-2515
-2652
-3092
-3206
-3406
-2923
-2579
-2079
-1614
-958
-56
525
1138
1427
2054
2449
2741
2854
2957
3393
3576
3875
3878
4302
4705
5142
5502
5813
6476
6950
7502
7742
8220
8732
9239
9589
9761
10029
10293
10440
10361
10042
9799
9426
8962
8222
7280
6405
5396
4529
3145
1433
-674
-2592
-4126
-5645
-7216
-8750
-9600
-9787
-9814
-9687
-9436
-8448
-7253
-5975
-4841
-3589
-1873
-487
825
1476
2572
3590
4557
4908
4905
5160
5210
5167
4300
3470
2447
1442
2
-1757
-3375
-5003
-6460
-8219
-9680
-10847
-11506
-11983
-12304
-12195
-11662
-10654
-9653
-8403
-7000
-5327
-3858
-2563
-1455
-198
794
1456
1681
1837
2126
2136
2057
1546
1460
1268
1247
793
446
191
-49
-356
-1066
-1428
-1883
-1991
-2458
-2647
-2703
-2451
-2105
-1901
-1427
-950
-173
198
643
969
1507
1877
2034
2163
2309
2754
2926
3181
3227
3663
4047
4482
4764
5106
5690
6174
6779
7120
7816
8342
8977
9350
9732
10135
10406
10553
10287
10080
9676
9188
8325
7257
6257
5204
4196
2636
699
-1272
-3215
-4552
-6287
-7663
-9150
-9667
-9895
-10036
-9840
-9592
-8344
-7553
-6165
-5368
-3775
-2400
-1159
-143
504
1802
2649
3733
3869
4308
4574
4795
4612
3858
3252
2208
1249
-394
-1907
-3452
-4971
-6520
-8252
-9431
-10468
-10893
-11518
-11656
-11567
-10923
-10083
-9281
-8165
-6976
-5419
-4313
-3152
-2321
-1041
-257
482
650
954
1323
1465
1522
1096
1196
1030
1189
718
572
238
108
-267
-868
-1182
-1608
-1658
-2106
-2147
-2234
-1930
-1654
-1412
-961
-506
169
453
869
1172
1644
1969
2098
2314
2501
2971
3146
3452
3576
3989
4350
4633
4895
5106
5598
5933
6449
6790
7438
8018
8645
9204
9691
10273
10679
11022
10985
10872
10592
10047
9292
8168
7200
6029
4943
3225
1161
-825
-2734
-3921
-5743
-7042
-8549
-8816
-9082
-9213
-9196
-8978
-7801
-7206
-5988
-5477
-3883
-2769
-1543
-751
26
1396
2379
3567
3752
4472
4850
5352
5151
4520
3916
2938
1959
214
-1322
-3026
-4547
-6223
-7908
-9073
-10033
-10415
-10978
-11018
-10841
-10148
-9316
-8566
-7537
-6496
-5164
-4233
-3329
-2514
-1505
-644
-109
238
513
969
1197
1181
1058
1016
1137
985
748
370
139
-143
-628
-1097
-1556
-1676
-1922
-1974
-2102
-1888
-1623
-1285
-963
-593
-17
358
736
872
1225
1468
1685
1740
1806
2071
2264
2506
2515
2731
2938
3219
3359
3458
3790
4092
4619
4842
5418
5921
6803
7467
8203
8879
9575
10371
10719
11098
10829
10898
10193
9747
8479
7615
6363
5170
3371
1057
-790
-2745
-3722
-5810
-6906
-8413
-8268
-8646
-8670
-8786
-8378
-7194
-6698
-5609
-5237
-3503
-2616
-1378
-953
-4
1208
2188
3023
3109
3818
4179
4650
4246
3679
3099
2282
1266
-459
-1929
-3556
-4970
-6620
-8151
-9120
-9894
-10128
-10625
-10367
-10058
-9088
-8307
-7419
-6378
-5350
-4080
-3457
-2523
-2057
-1056
-632
-176
-12
186
581
492
679
365
684
515
562
194
-57
-249
-723
-1002
-1698
-1776
-2118
-2006
-2115
-1947
-1622
-1296
-715
-441
230
561
1124
1323
1588
1813
1913
2124
2012
2236
2222
2517
2533
2687
2826
2955
3172
3141
3387
3492
3890
4088
4396
4813
5360
6182
6802
7628
8259
9174
9906
10467
10756
10691
10685
10192
9663
8553
7682
6521
5172
3164
1003
-795
-2284
-3697
-5467
-6796
-7561
-7639
-7982
-8225
-8261
-7503
-6785
-6120
-5636
-4587
-3331
-2251
-1552
-913
254
1367
2365
2677
3235
3709
4314
4252
3911
3398
2876
2065
748
-645
-2053
-3341
-4900
-6390
-7618
-8354
-8901
-9349
-9576
-9305
-8686
-7921
-7249
-6340
-5334
-4174
-3305
-2512
-1784
-1021
-314
33
405
524
861
805
866
743
783
747
542
397
55
-50
-512
-797
-1321
-1580
-1851
-1998
-1977
-1959
-1639
-1440
-933
-579
-6
387
792
1134
1393
1704
1758
1913
1893
2070
2091
2164
2196
2298
2479
2505
2566
2526
2653
2763
2860
2967
3089
3470
3849
4405
4926
5618
6388
7094
7865
8384
9014
9190
9303
9005
8631
8045
7228
6399
5074
3514
1431
-251
-1692
-3056
-4620
-6085
-6650
-6930
-7037
-7462
-7309
-6693
-6019
-5470
-5107
-4040
-3088
-2083
-1713
-1047
-160
838
1601
1798
2274
2627
3245
3049
2733
2211
1811
1069
-183
-1324
-2530
-3529
-4996
-6204
-7179
-7670
-8133
-8603
-8621
-8275
-7526
-6969
-6273
-5458
-4432
-3389
-2597
-1812
-1212
-430
92
497
702
810
943
842
888
680
693
439
270
-43
-299
-560
-1010
-1316
-1765
-1898
-2190
-2157
-2148
-1887
-1557
-1166
-625
-163
479
890
1367
1647
1976
2197
2294
2378
2361
2498
2423
2435
2399
2540
2612
2552
2555
2555
2738
2726
2816
2866
3127
3437
3824
4338
4901
5578
6205
6905
7549
8122
8477
8633
8657
8559
8183
7620
6872
6010
4509
2643
814
-468
-1715
-3385
-4897
-5745
-5708
-6003
-6321
-6465
-5659
-4876
-4414
-4082
-3346
-2156
-1462
-1085
-933
-126
727
1394
1493
1630
2153
2684
2781
2273
1936
1709
1206
61
-1219
-2136
-3067
-4294
-5769
-6683
-7121
-7446
-7945
-8206
-7805
-7097
-6389
-5925
-5187
-4250
-3190
-2486
-2031
-1613
-975
-410
-176
-161
-64
186
304
214
81
205
307
224
-99
-259
-380
-592
-1044
-1507
-1778
-1961
-2118
-2271
-2200
-1947
-1573
-1197
-798
-198
398
931
1204
1560
1884
2177
2190
2128
2231
2301
2293
2068
2181
2275
2464
2320
2408
2535
2797
2804
2773
2920
3185
3559
3678
4056
4375
5091
5425
5947
6188
6756
7026
7166
7063
6877
6762
6263
5681
4179
2790
1086
143
-1244
-2593
-4018
-4631
-4665
-4969
-5118
-5103
-4045
-3454
-2833
-2551
-1522
-571
-70
48
109
747
1116
1458
1262
1397
1645
1955
1938
1503
1307
944
490
-660
-1700
-2625
-3616
-4911
-6352
-7057
-7587
-7875
-8453
-8341
-7763
-6860
-6049
-5326
-4218
-3205
-2101
-1603
-1105
-822
-400
-247
-433
-639
-797
-633
-860
-1052
-1205
-941
-808
-936
-1034
-1031
-852
-1071
-1339
-1660
-1712
-1842
-1994
-2031
-1957
-1592
-1292
-819
-402
278
909
1419
1787
2125
2579
2720
2743
2619
2767
2698
2481
2201
2149
2295
2239
2242
2206
2544
2715
2936
3041
3354
3762
4116
4488
4701
5227
5595
6053
6133
6420
6691
6899
6838
6509
6366
6082
5598
4123
2497
1031
150
-999
-2617
-4023
-4594
-4414
-4676
-4956
-4741
-3546
-2482
-1907
-1360
-278
1008
1562
1626
1633
2140
2555
2551
2184
1962
2160
2297
2097
1480
1090
827
262
-880
-2098
-2958
-3898
-5191
-6671
-7514
-7907
-8243
-8722
-8742
-8061
-7020
-6008
-5123
-3983
-2706
-1466
-709
-244
77
499
617
290
-258
-577
-657
-1023
-1615
-2094
-2031
-1980
-2138
-2436
-2411
-2205
-2140
-2311
-2495
-2420
-2304
-2198
-2181
-2004
-1660
-1180
-737
-315
231
865
1396
1721
2037
2419
2758
2852
2871
2930
3036
2907
2672
2502
2481
2488
2343
2334
2331
2555
2585
2764
2930
3220
3513
3686
4027
4174
4547
4488
4631
4625
4859
4914
4719
4638
4503
4731
4104
3076
1624
865
286
-693
-2018
-3204
-3247
-3324
-3500
-3940
-3392
-2340
-1571
-1153
-648
703
1646
2049
1823
2084
2631
2915
2716
2167
2115
2130
2206
1679
1124
703
343
-380
-1590
-2478
-3310
-4175
-5631
-6663
-7202
-7349
-7839
-8227
-7934
-7075
-6014
-5325
-4309
-3298
-1821
-950
-138
85
639
1048
1207
893
347
458
212
-10
-1003
-1100
-1310
-1333
-2009
-2459
-2493
-2641
-2771
-3399
-3334
-3449
-3111
-3168
-2924
-2549
-2028
-1279
-881
-140
354
1282
1718
2163
2528
3015
3516
3506
3791
3738
3998
3626
3557
3358
3277
3093
2846
2992
2854
3068
2982
3430
3537
3808
3992
4295
4650
4574
4636
4422
4614
4465
4359
3972
3735
3763
3545
2959
1552
500
-300
-767
-1883
-3194
-3942
-4011
-3899
-4323
-4298
-3636
-2479
-1893
-1445
-514
825
1784
1903
2021
2500
3214
3427
3155
2799
2715
2847
2669
2124
1422
969
447
-472
-1668
-2688
-3478
-4612
-5894
-6880
-7176
-7458
-7911
-8176
-7768
-6884
-6123
-5375
-4592
-3402
-2344
-1378
-862
-403
123
611
826
541
516
567
691
193
-238
-432
-447
-749
-1396
-1726
-1985
-2130
-2665
-3008
-3194
-3172
-3140
-3114
-2823
-2504
-1898
-1417
-831
-325
353
1022
1496
1929
2369
2961
3268
3501
3706
3994
4062
3920
3818
3724
3588
3365
3199
3145
3044
3145
3291
3604
3774
4064
4417
4794
5067
5047
5141
5025
5089
4724
4447
3920
3665
3365
2846
1909
571
-377
-1204
-1721
-2813
-3671
-4202
-4049
-4041
-4209
-3988
-3283
-2413
-2110
-1583
-718
414
934
1104
1445
2078
2718
2885
2895
2779
2840
2831
2616
2138
1440
842
24
-921
-2122
-3033
-3928
-4978
-6071
-6742
-6808
-7029
-7298
-7450
-6814
-6156
-5541
-5066
-4300
-3479
-2816
-2223
-1783
-1240
-926
-489
-377
-134
8
325
308
126
5
-19
-80
-560
-935
-1341
-1490
-1954
-2303
-2606
-2662
-2725
-2724
-2501
-2228
-1844
-1566
-1144
-768
-287
206
697
1149
1636
2252
2842
3309
3721
4124
4505
4622
4617
4517
4487
4274
3973
3740
3715
3810
3858
4077
4390
4896
5269
5709
5911
6191
6217
6303
6055
5694
5156
4609
4112
3288
2406
892
-392
-1776
-2323
-3146
-4003
-4840
-4852
-4298
-4274
-4064
-3633
-2344
-1899
-1552
-1065
159
1024
1046
1222
1709
2704
2980
3195
3187
3339
3395
3235
2943
2023
1222
242
-610
-1997
-3209
-4065
-4896
-5883
-6801
-6747
-6627
-6625
-6922
-6425
-5678
-5044
-4775
-4343
-3769
-3359
-3015
-2710
-2272
-2142
-1829
-1606
-1156
-1036
-761
-669
-586
-705
-805
-830
-1148
-1473
-1933
-1940
-2152
-2275
-2464
-2333
-2163
-2063
-1810
-1557
-1214
-1184
-1020
-858
-599
-442
-329
-26
334
901
1341
1918
2382
2961
3442
3765
3906
3920
4060
3916
3742
3463
3603
3640
3752
3894
4394
5014
5450
5907
6263
6834
6950
7085
6853
6709
6155
5526
4886
4133
3117
1351
-164
-1427
-1875
-2842
-3891
-4650
-4409
-3885
-3919
-3702
-3045
-1793
-1449
-1195
-635
599
1312
1250
1380
1948
2927
3238
3430
3377
3536
3568
3379
2875
1905
1086
104
-919
-2301
-3313
-3986
-4790
-5661
-6189
-5796
-5503
-5513
-5536
-4983
-4158
-3859
-3597
-3471
-3075
-3051
-2906
-2688
-2597
-2422
-2423
-1903
-1797
-1425
-1394
-1216
-1407
-1680
-1699
-1969
-2222
-2966
-3056
-3229
-3134
-3234
-3047
-2628
-2314
-1742
-1351
-742
-570
-265
-127
-63
-79
-119
96
4
172
372
974
1329
1654
2172
2709
3134
3098
3356
3518
3616
3328
3255
3466
3621
3739
3869
4465
5040
5608
5995
6453
6907
7257
7482
7440
7087
6561
6035
5529
4345
2574
725
-314
-963
-2034
-3312
-3965
-3590
-3420
-3583
-3462
-2358
-1378
-1311
-1312
-449
935
1398
1185
1264
2141
3035
3439
3530
3563
3628
3563
3259
2550
1618
695
-374
-1736
-3008
-3688
-4125
-5005
-5946
-6036
-5237
-4774
-4885
-4890
-4125
-3427
-3254
-3389
-3302
-3111
-3282
-3241
-3216
-2780
-2814
-2553
-2432
-1975
-1704
-1623
-1725
-2125
-2114
-2368
-2515
-3383
-3773
-4013
-3972
-4137
-4293
-3908
-3582
-3023
-2731
-1931
-1341
-797
-487
-112
368
588
870
872
1073
1150
1442
1642
1732
1883
2086
2424
2448
2540
2656
2863
2847
2797
2935
3187
3273
3340
3544
4050
4366
4662
4911
5374
5837
6190
6489
6366
6257
5963
5889
4958
3405
1773
898
455
-779
-1970
-2639
-2115
-2159
-2483
-2385
-1252
-286
-497
-570
189
1627
1928
1624
1576
2419
3290
3579
3668
3655
3819
3662
3354
2650
1883
1029
-56
-1422
-2665
-3143
-3489
-4166
-5195
-5200
-4492
-3812
-3952
-3943
-3334
-2757
-2599
-2905
-2607
-2643
-2580
-3045
-2731
-2462
-2055
-2030
-2122
-1916
-1828
-1442
-1877
-2185
-2737
-2570
-2752
-3198
-3769
-3958
-3797
-4101
-4276
-4395
-3965
-3890
-3775
-3530
-2908
-2249
-1817
-1289
-815
-100
441
1004
1175
1302
1463
1753
1935
1825
1863
1921
2179
2148
2328
2485
2770
2901
3046
3328
3490
3674
3575
3743
3709
4005
4126
4492
4628
4746
4790
4895
4906
4183
2859
1480
789
454
-366
-1413
-2000
-1614
-1254
-1160
-981
-205
542
689
778
1283
2286
2769
2899
2833
3327
4181
5018
5278
4870
4594
4622
4643
3751
2460
1310
461
-720
-2103
-3011
-3417
-3752
-4398
-4661
-4408
-3751
-3286
-2996
-2794
-2548
-2173
-1786
-1496
-1471
-1469
-1357
-1129
-922
-815
-788
-957
-1330
-1786
-2163
-2450
-2861
-3372
-3865
-4109
-4181
-4228
-4378
-4569
-4707
-4792
-4886
-4956
-4909
-4761
-4601
-4329
-3829
-3051
-2316
-1685
-1142
-496
94
455
569
543
627
643
675
578
614
683
881
1025
1335
1727
2180
2502
2700
2895
3142
3435
3587
3734
3902
4246
4519
4570
4540
4578
4538
3715
2281
959
358
79
-754
-1615
-2078
-1596
-1322
-1121
-1007
-333
292
610
776
1165
2119
2963
3612
3760
4305
5255
6399
6846
6575
6281
6152
5935
4955
3734
2532
1589
476
-744
-1695
-2286
-2478
-2868
-3123
-3432
-3155
-2871
-2519
-2453
-2346
-1996
-1659
-1049
-804
-134
62
732
882
1315
1262
1193
831
94
-555
-1469
-1789
-2550
-2811
-3460
-3512
-3785
-3846
-4027
-4304
-4462
-4949
-5038
-5408
-5266
-5374
-5024
-4711
-4126
-3499
-2895
-2095
-1498
-798
-608
-359
-366
-206
-196
-231
-210
-278
-218
-369
-177
-16
346
457
561
727
948
1299
1433
1781
1976
2528
2864
3371
3532
3781
3743
3469
2502
1184
-33
-762
-1148
-1700
-2118
-2319
-1836
-1426
-964
-756
-251
182
533
665
878
1478
2227
3092
3668
4451
5333
6451
7169
7401
7217
6885
6524
5761
4754
3502
2571
1721
999
141
-518
-879
-1023
-1143
-1530
-1804
-2091
-1944
-1953
-1767
-1838
-1508
-1024
-255
486
994
1701
2130
2804
2688
2716
2168
1964
1336
791
178
-268
-388
-772
-969
-1650
-1931
-2604
-3066
-3937
-4623
-5193
-5543
-5644
-5828
-5584
-5346
-4662
-4272
-3724
-3411
-2944
-2638
-2457
-2351
-2331
-2034
-1829
-1375
-1235
-925
-886
-615
-501
-338
-327
-439
-468
-624
-534
-614
-335
-131
370
692
996
1176
1232
1109
285
-923
-2400
-3260
-3668
-3766
-3900
-3994
-3634
-3173
-2531
-2217
-1645
-1131
-506
-239
-102
273
1032
2242
3282
4319
5105
6121
6913
7474
7484
7194
6781
6130
5307
4191
3326
2624
2229
1719
1228
853
693
726
601
429
111
12
36
191
362
480
844
1200
1803
2137
2533
2801
3155
3447
3433
3341
2907
2772
2438
2423
2143
2056
1872
1692
1457
964
580
-100
-529
-1272
-1744
-2328
-2576
-2733
-2727
-2607
-2577
-2418
-2461
-2320
-2409
-2385
-2593
-2690
-2842
-2828
-2685
-2447
-2091
-1843
-1514
-1397
-1175
-1176
-1058
-1142
-1137
-1315
-1423
-1513
-1465
-1251
-1051
-680
-531
-287
-535
-921
-1940
-3002
-4176
-4900
-5283
-5429
-5376
-5401
-5144
-5101
-4789
-4692
-4213
-3810
-3221
-2797
-2348
-1703
-931
216
1219
2414
3236
4082
4482
4739
4679
4515
4347
4010
3703
3131
2779
2362
2225
2003
1851
1648
1400
1198
816
605
300
349
425
759
1056
1394
1803
2166
2726
3056
3540
3690
3989
4018
4105
4022
3890
3828
3629
3641
3337
3309
2975
2931
2634
2427
2056
1626
1277
789
597
234
313
210
433
420
514
453
328
214
-94
-285
-740
-981
-1420
-1597
-1850
-1887
-1894
-1793
-1644
-1560
-1428
-1439
-1356
-1394
-1366
-1446
-1473
-1521
-1488
-1421
-1297
-1171
-1080
-1174
-1520
-2215
-3146
-4202
-5139
-5767
-6080
-6040
-5910
-5683
-5686
-5726
-5950
-6013
-5954
-5624
-5129
-4587
-3951
-3401
-2717
-2126
-1327
-614
185
774
1181
1322
1207
1065
818
763
649
743
746
845
830
800
753
679
734
722
855
858
997
1027
1187
1298
1495
1718
1968
2291
2510
2795
2907
3135
3238
3487
3644
3892
4086
4282
4463
4575
4733
4772
4892
4823
4785
4501
4210
3760
3343
2929
2581
2380
2233
2297
2319
2461
2465
2518
2402
2279
2046
1776
1519
1221
991
659
416
92
-100
-318
-408
-495
-535
-570
-679
-774
-966
-1039
-1128
-1070
-1063
-1016
-1063
-1146
-1301
-1525
-1745
-2052
-2337
-2737
-3093
-3500
-3790
-4032
-4134
-4163
-4155
-4148
-4238
-4363
-4589
-4780
-4982
-5048
-5012
-4802
-4476
-4062
-3621
-3227
-2892
-2689
-2558
-2532
-2506
-2460
-2350
-2185
-1981
-1732
-1479
-1200
-961
-703
-457
-195
60
279
476
619
767
857
957
1015
1094
1163
1250
1339
1429
1539
1628
1747
1829
1958
2056
2191
2302
2433
2588
2776
3013
3266
3566
3834
4101
4280
4397
4414
4372
4267
4135
3999
3876
3810
3745
3697
3613
3482
3282
3042
2754
2447
2169
1933
1756
1632
1518
1416
1336
1220
1094
925
729
545
375
214
86
-8
-72
-115
-196
-308
-459
-638
-852
-1086
-1334
-1579
-1826
-2067
-2292
-2510
-2694
-2857
-2974
-3082
-3158
-3223
-3280
-3332
-3394
-3469
-3569
-3672
-3773
-3845
-3903
-3909
-3877
-3818
-3746
-3696
-3678
-3709
-3767
-3848
-3912
-3939
-3911
-3823
-3678
-3490
-3281
-3053
-2820
-2579
-2328
-2053
-1750
-1403
-1024
-651
-291
0
217
365
466
558
683
843
1030
1210
1347
1436
1471
1478
1503
1567
1689
1854
2009
2158
2298
2436
2602
2831
3114
3440
3760
4022
4206
4324
4401
4492
4603
4724
4837
4889
4868
4752
4581
4402
4242
4116
4005
3879
3696
3457
3172
2882
2623
2404
2223
2032
1790
1470
1070
641
244
-80
-295
-398
-435
-458
-520
-653
-865
-1133
-1403
-1629
-1773
-1819
-1767
-1658
-1533
-1424
-1359
-1344
-1370
-1417
-1464
-1508
-1543
-1592
-1653
-1748
-1877
-2027
-2189
-2346
-2499
-2641
-2779
-2916
-3060
-3210
-3360
-3513
-3657
-3785
-3888
-3954
-3970
-3933
-3836
-3694
-3523
-3330
-3125
-2912
-2684
-2454
-2207
-1940
-1670
-1398
-1132
-887
-674
-493
-344
-220
-119
-40
25
96
174
264
362
471
579
679
768
840
925
1009
1088
1188
1308
1449
1624
1818
2030
2255
2467
2652
2802
2905
2952
2946
2894
2820
2755
2705
2684
2690
2700
2714
2711
2672
2606
2512
2400
2275
2140
2009
1896
1809
1744
1699
1652
1594
1516
1405
1277
1137
1013
919
857
825
806
777
718
626
512
393
287
205
148
95
35
-40
-120
-200
-272
-350
-449
-574
-738
-941
-1171
-1417
-1655
-1854
-2009
-2113
-2176
-2208
-2227
-2240
-2258
-2300
-2367
-2461
-2558
-2640
-2665
-2611
-2492
-2337
-2169
-2034
-1942
-1884
-1854
-1817
-1766
-1704
-1613
-1515
-1433
-1380
-1372
-1388
-1409
-1416
-1396
-1347
-1294
-1260
-1267
-1304
-1339
-1324
-1237
-1074
-849
-609
-402
-271
-227
-230
-239
-208
-98
80
299
500
635
685
677
656
661
728
862
1033
1204
1333
1403
1432
1443
1468
1526
1621
1729
1827
1903
1941
1961
1983
2021
2085
2172
2258
2314
2331
2307
2252
2194
2155
2153
2161
2152
2126
2078
2035
2001
1987
1984
1989
1977
1925
1855
1765
1639
1485
1303
1097
889
693
532
394
298
235
183
140
57
-69
-215
-360
-514
-661
-790
-916
-1034
-1143
-1234
-1297
-1336
-1352
-1350
-1348
-1361
-1387
-1441
-1532
-1637
-1736
-1809
-1843
-1846
-1843
-1844
-1870
-1931
-2021
-2135
-2253
-2362
-2449
-2502
-2515
-2491
-2442
-2374
-2294
-2211
-2126
-2038
-1948
-1851
-1745
-1636
-1522
-1412
-1299
-1184
-1073
-957
-847
-742
-641
-553
-481
-423
-368
-310
-224
-107
29
177
305
404
473
518
554
602
690
825
1003
1198
1389
1562
1694
1789
1867
1956
2083
2241
2420
2591
2711
2768
2775
2743
2710
2701
2708
2743
2756
2735
2675
2557
2401
2228
2050
1887
1746
1621
1519
1405
1292
1178
1044
910
770
633
502
378
246
110
-32
-184
-328
-452
-560
-653
-729
-792
-846
-905
-970
-1033
-1090
-1146
-1192
-1232
-1266
-1294
-1318
-1346
-1382
-1416
-1454
-1503
-1561
-1625
-1701
-1780
-1854
-1923
-1972
-2007
-2033
-2046
-2048
-2035
-2017
-1983
-1941
-1894
-1835
-1773
-1705
-1626
-1539
-1440
-1335
-1221
-1111
-1013
-926
-841
-759
-685
-609
-530
-441
-366
-309
-255
-204
-164
-121
-57
13
89
168
252
336
420
505
592
697
814
948
1089
1226
1356
1469
1563
1647
1732
1820
1900
1961
2007
2035
2035
2005
1969
1929
1881
1833
1782
1714
1646
1568
1487
1419
1361
1314
1269
1223
1171
1107
1031
949
862
774
697
630
560
480
395
305
213
128
53
-2
-40
-73
-108
-140
-173
-201
-235
-263
-277
-301
-318
-340
-383
-444
-514
-589
-677
-761
-837
-904
-968
-1043
-1120
-1185
-1245
-1300
-1346
-1370
-1382
-1381
-1382
-1375
-1354
-1320
-1292
-1242
-1186
-1125
-1052
-986
-921
-860
-803
-753
-693
-651
-611
-579
-556
-537
-528
-515
-507
-501
-487
-468
-447
-420
-398
-366
-333
-292
-240
-189
-132
-73
-12
49
122
206
285
365
438
496
548
594
642
691
739
783
820
848
862
861
854
843
844
848
855
859
861
851
827
795
760
730
703
681
666
643
619
588
545
499
462
435
414
401
396
394
390
385
377
366
353
345
344
346
342
337
330
318
288
255
221
184
148
119
98
78
50
15
-27
-76
-133
-186
-220
-250
-263
-278
-303
-334
-378
-418
-451
-476
-490
-497
-509
-511
-524
-547
-564
-580
-593
-595
-597
-598
-599
-601
-605
-603
-605
-606
-606
-605
-601
-598
-601
-612
-631
-644
-654
-656
-657
-661
-673
-681
-685
-680
-661
-634
-596
-555
-509
-473
-435
-385
-331
-265
-209
-151
-91
-44
-6
29
67
109
151
189
224
257
292
316
335
361
384
414
448
482
511
535
561
585
609
638
663
696
732
766
792
813
829
845
857
874
886
895
896
887
878
862
838
820
789
750
710
661
622
585
553
523
487
449
405
364
322
291
270
255
240
211
169
128
82
40
0
-35
-76
-120
-168
-230
-286
-339
-384
-426
-459
-490
-524
-555
-578
-598
-607
-617
-625
-633
-645
-652
-658
-658
-658
-664
-685
-700
-709
-725
-733
-739
-743
-744
-741
-739
-733
-722
-709
-681
-646
-615
-586
-552
-514
-473
-432
-388
-343
-303
-266
-232
-195
-158
-114
-71
-32
13
51
80
110
140
178
218
255
296
328
355
383
403
428
458
486
510
535
552
566
582
589
593
595
594
598
594
588
577
557
543
521
502
486
454
419
389
370
368
361
353
343
324
300
281
279
287
303
306
290
269
245
220
199
183
169
151
124
87
51
17
-10
-35
-67
-89
-116
-140
-160
-179
-189
-207
-228
-244
-267
-282
-295
-308
-317
-334
-354
-374
-397
-415
-433
-452
-459
-472
-478
-485
-494
-497
-502
-504
-496
-485
-476
-454
-443
-424
-403
-388
-373
-359
-340
-322
-301
-289
-269
-255
-238
-217
-203
-187
-168
-143
-127
-111
-102
-87
-63
-37
-9
-1
8
15
33
59
89
117
136
147
155
164
179
206
228
240
245
249
257
266
274
277
274
275
283
296
314
323
333
340
341
353
370
395
410
412
413
412
413
411
413
418
415
407
395
388
383
380
377
371
359
342
329
316
306
297
287
266
241
225
205
192
178
157
132
105
75
46
22
3
-19
-51
-86
-123
-155
-178
-198
-219
-242
-269
-302
-321
-330
-339
-343
-353
-367
-383
-394
-399
-397
-395
-400
-405
-418
-426
-424
-419
-413
-407
-400
-399
-403
-412
-421
-410
-391
-373
-363
-360
-358
-356
-341
-322
-298
-270
-247
-232
-218
-203
-178
-154
-126
-102
-81
-61
-42
-21
-1
21
40
61
83
108
131
157
175
189
208
233
260
281
296
306
317
323
329
339
347
354
361
363
364
366
367
371
367
368
368
364
361
363
363
359
354
341
330
327
319
314
310
299
283
267
249
234
221
201
179
149
124
103
75
57
30
3
-25
-47
-65
-90
-102
-118
-137
-158
-174
-188
-200
-211
-221
-233
-246
-263
-273
-278
-280
-287
-289
-295
-298
-304
-314
-315
-322
-319
-314
-305
-306
-304
-307
-309
-300
-289
-277
-266
-253
-241
-236
-228
-211
-198
-183
-173
-163
-153
-139
-126
-113
-96
-75
-62
-47
-29
-12
5
17
37
52
66
75
87
100
118
126
138
149
157
165
176
187
195
207
215
220
227
235
234
242
242
244
246
248
247
240
238
236
236
238
232
229
228
222
214
205
197
186
175
164
149
144
124
106
92
84
74
60
47
36
27
19
14
1
-5
-15
-30
-33
-37
-51
-61
-74
-81
-87
-92
-100
-107
-112
-123
-124
-127
-131
-137
-143
-147
-148
-150
-154
-163
-161
-166
-164
-159
-162
-160
-161
-163
-164
-163
-157
-155
-152
-153
-151
-143
-133
-125
-122
-111
-103
-94
-84
-78
-68
-60
-53
-45
-39
-28
-17
-13
-2
5
19
29
41
47
58
71
80
88
94
99
104
109
111
116
115
119
123
121
123
123
128
128
129
130
127
121
122
122
119
114
111
108
99
96
89
82
76
74
67
64
63
58
56
50
49
47
40
38
32
29
28
22
18
10
8
7
1
-7
-10
-13
-17
-19
-26
-24
-24
-28
-33
-36
-44
-45
-52
-57
-63
-64
-67
-77
-74
-79
-80
-82
-84
-84
-90
-93
-97
-103
-108
-108
-109
-110
-107
-104
-104
-102
-100
-97
-95
-99
-94
-91
-91
-85
-80
-72
-68
-62
-58
-51
-44
-35
-26
-26
-22
-15
-13
-2
2
8
21
27
31
37
45
45
46
56
56
54
61
68
71
72
75
81
81
86
91
90
85
85
86
83
84
83
85
84
81
87
87
82
80
83
78
71
73
72
68
63
64
64
57
55
52
46
42
43
39
34
34
33
27
22
20
13
7
3
1
-5
-11
-16
-18
-19
-20
-25
-32
-36
-38
-46
-51
-52
-53
-59
-62
-61
-64
-68
-63
-63
-71
-75
-77
-74
-77
-74
-74
-74
-72
-72
-73
-78
-67
-63
-70
-67
-63
-60
-64
-61
-55
-52
-46
-41
-36
-31
-26
-17
-20
-16
-6
-4
0
4
11
11
15
24
25
32
39
41
41
40
45
48
50
49
51
57
57
54
51
58
58
58
60
61
57
53
59
55
52
54
54
47
50
50
46
42
46
43
41
39
44
41
34
37
31
24
24
24
21
17
18
15
14
12
9
4
2
4
1
-6
-10
-9
-11
-13
-15
-19
-16
-17
-22
-27
-27
-30
-35
-32
-37
-39
-40
-39
-39
-43
-43
-43
-46
-46
-43
-43
-46
-48
-45
-43
-41
-41
-37
-35
-35
-32
-33
-31
-27
-29
-29
-23
-17
-18
-18
-13
-8
-4
-4
-1
-3
1
-5
-5
-3
-2
-2
2
4
7
9
8
11
8
9
7
8
9
10
9
13
11
11
9
14
15
16
17
14
18
18
19
19
18
20
24
21
21
20
22
22
22
21
20
22
23
24
19
20
18
21
21
20
20
17
18
19
19
14
13
13
12
11
12
8
10
12
8
5
7
7
6
3
-1
1
-2
-3
-3
-10
-8
-1
-5
-8
-5
-8
-7
-8
-8
-11
-15
-14
-14
-16
-18
-16
-15
-19
-20
-13
-15
-15
-15
-18
-19
-16
-17
-18
-19
-19
-19
-19
-21
-17
-15
-15
-12
-15
-18
-16
-14
-14
-12
-14
-13
-11
-11
-9
-5
-4
