1
-1
-1
0
0
0
-2
1
1
1
1
0
1
0
1
2
1
0
1
2
3
3
1
1
1
3
2
2
1
1
4
2
1
1
1
3
4
3
2
1
3
1
0
3
2
2
1
1
1
1
-1
-1
0
-1
1
1
0
0
0
0
1
1
-1
-1
-1
-1
-2
-1
-1
-1
-2
-1
-1
-2
0
-1
-2
-3
-3
-3
-1
-1
-2
-3
-3
-3
-3
-2
-3
-3
-3
-3
-4
-2
-3
-1
0
-1
-1
-1
-1
-1
-2
2
0
-2
-2
0
1
1
1
0
2
3
4
3
3
3
3
4
3
2
3
4
4
4
5
5
4
3
5
5
4
3
5
4
5
4
2
2
3
4
2
2
2
1
1
-2
-4
-1
-1
-2
-3
-4
-4
-4
-4
-5
-6
-6
-6
-6
-7
-8
-6
-9
-7
-9
-10
-10
-9
-9
-9
-8
-7
-6
-7
-6
-6
-5
-5
-5
-3
-2
-1
-2
-1
2
1
2
5
3
4
6
7
8
9
9
10
10
11
11
11
11
12
14
14
14
14
15
15
16
16
16
16
16
17
15
13
13
13
14
12
12
11
13
10
9
9
7
6
3
3
3
1
0
-1
-4
-5
-7
-8
-9
-11
-14
-14
-15
-18
-20
-22
-22
-24
-27
-27
-27
-26
-27
-28
-30
-29
-31
-31
-29
-26
-26
-22
-21
-18
-18
-18
-16
-13
-9
-5
-3
1
6
6
8
10
13
17
20
24
27
31
33
37
37
38
42
43
47
50
51
52
50
51
51
53
52
53
52
50
48
44
42
41
39
35
32
29
27
23
16
13
10
7
2
-3
-11
-18
-21
-23
-27
-31
-34
-38
-43
-44
-47
-52
-51
-53
-54
-56
-57
-58
-56
-54
-54
-51
-47
-45
-40
-35
-34
-30
-28
-24
-21
-13
-5
0
6
12
17
23
28
34
38
41
46
53
56
55
61
61
61
65
68
69
70
70
66
63
62
57
53
47
41
36
30
20
10
-2
-15
-26
-41
-57
-71
-88
-103
-118
-136
-152
-164
-177
-190
-201
-209
-219
-226
-230
-234
-232
-226
-219
-213
-203
-190
-176
-162
-145
-129
-113
-92
-71
-46
-30
-8
15
29
46
64
79
93
113
128
137
158
175
186
202
219
232
243
260
272
284
301
315
332
339
347
361
369
377
381
379
377
369
355
339
315
289
263
224
191
153
107
63
9
-42
-95
-146
-192
-244
-289
-336
-381
-418
-450
-474
-491
-506
-509
-510
-508
-500
-488
-476
-456
-429
-394
-359
-315
-276
-237
-195
-162
-125
-87
-55
-22
3
35
67
83
97
118
132
124
143
168
155
173
199
182
189
215
216
198
227
252
219
250
287
278
287
322
334
332
376
394
396
428
456
455
444
461
459
418
419
402
356
329
287
233
160
97
38
-52
-112
-169
-266
-347
-427
-515
-596
-662
-703
-749
-790
-810
-831
-854
-855
-852
-843
-806
-752
-691
-614
-529
-458
-388
-319
-253
-174
-97
-37
23
113
149
162
253
266
225
291
305
230
274
306
227
238
250
201
162
141
165
77
41
136
45
65
113
59
134
91
141
217
201
309
341
412
457
492
607
595
649
779
785
800
889
908
847
866
908
838
820
825
766
680
609
561
420
305
256
118
-23
-98
-203
-372
-494
-605
-755
-865
-928
-1019
-1088
-1097
-1168
-1181
-1147
-1169
-1138
-1075
-1029
-966
-863
-757
-662
-564
-439
-342
-287
-193
-86
-69
-28
61
81
106
120
131
132
39
26
30
-65
-54
-123
-97
-111
-335
-92
-89
-519
-137
78
-584
-243
336
-464
-411
549
-116
-474
743
438
-370
786
936
-142
663
1283
310
605
1498
833
622
1455
1110
602
1186
1154
672
963
1107
760
759
838
609
483
418
307
225
77
-20
-50
-255
-411
-410
-613
-768
-736
-827
-915
-896
-911
-957
-967
-925
-907
-876
-765
-675
-604
-473
-395
-374
-255
-185
-204
-78
51
31
112
233
154
104
173
75
-45
20
-1
-80
-74
-93
-178
-279
-311
-366
-429
-448
-417
-335
-410
-335
-262
-340
-213
-328
-144
36
-363
246
300
-371
636
398
-159
851
387
327
730
529
742
541
655
896
647
697
896
938
567
717
1193
273
473
1347
287
434
1368
555
299
1058
558
-159
563
516
-133
510
649
26
246
210
-392
-430
-477
-733
-746
-642
-829
-870
-897
-1298
-1347
-1519
-1748
-1564
-1465
-1448
-1206
-1140
-1174
-1142
-1141
-1091
-1036
-778
-596
-380
-108
-14
48
57
26
55
108
236
406
486
643
635
529
537
427
283
347
384
346
540
652
541
529
496
275
203
239
115
162
288
297
299
251
110
-28
-136
-313
-306
-216
-204
-69
-2
-110
-157
-151
-250
-315
-159
-11
88
352
448
404
425
407
410
480
517
770
901
759
1090
853
498
835
614
132
796
670
79
846
459
-251
-22
398
-733
-431
716
-929
-392
723
-754
-721
385
-384
-1006
412
45
-888
487
483
-387
470
900
53
526
780
114
203
596
410
445
832
542
533
384
10
-232
-424
-605
-654
-612
-775
-745
-895
-1124
-1428
-1631
-1816
-1876
-1716
-1654
-1449
-1376
-1294
-1230
-1302
-1194
-1104
-1001
-668
-362
-178
170
336
273
432
473
451
689
928
973
1203
1363
1164
1212
1207
942
970
1064
962
1100
1249
1091
978
901
646
469
465
315
269
304
162
76
-90
-357
-566
-769
-947
-988
-972
-936
-911
-1048
-1099
-1219
-1330
-1290
-1247
-1117
-945
-669
-497
-363
-392
-302
-337
-257
-20
188
459
411
957
520
557
816
264
378
782
339
434
1162
70
399
539
-122
-287
350
84
-577
849
110
-351
641
342
-308
340
803
-251
658
1131
432
909
1476
1146
1029
1779
1275
1006
1360
1260
1103
1462
1685
1289
1465
1250
860
575
393
60
-87
52
-214
-257
-396
-767
-1123
-1318
-1766
-1914
-1791
-1881
-1723
-1610
-1761
-1810
-1764
-1900
-1894
-1652
-1574
-1308
-877
-749
-600
-442
-473
-470
-273
-143
49
365
471
578
611
527
442
395
361
292
492
515
534
632
430
192
142
-16
-151
-58
-81
-73
-124
-164
-395
-643
-739
-908
-1047
-1055
-1007
-1108
-954
-1052
-1202
-1209
-1315
-1222
-1082
-859
-722
-437
-221
-170
89
188
181
505
738
831
1079
1572
1195
1521
1671
1071
1724
1126
1668
1395
1169
1723
1082
835
1182
1017
-89
1108
715
-141
695
823
-301
60
1243
-557
115
1339
-124
429
1352
424
364
1398
972
798
1747
1265
1014
1549
1193
835
1369
806
828
1388
916
895
946
398
-129
70
-572
-734
-516
-853
-992
-1056
-1419
-1724
-1887
-2326
-2416
-2454
-2468
-2275
-2176
-2092
-2105
-2102
-2087
-1989
-1734
-1608
-1171
-971
-780
-344
-241
-268
-41
-32
23
373
516
709
757
784
705
664
586
449
481
539
514
660
758
464
504
266
4
-1
-189
-57
49
-78
-8
-61
-400
-511
-690
-904
-1001
-899
-668
-687
-579
-545
-798
-853
-884
-917
-681
-536
-239
85
79
227
364
0
420
410
-105
1674
192
1108
1674
144
1559
99
1573
470
417
1912
382
507
1802
226
341
974
317
542
197
1455
-308
607
789
-483
626
21
191
231
344
300
280
587
-107
560
267
28
541
605
377
624
1008
372
811
636
702
471
672
734
488
867
536
689
594
367
254
280
-287
-39
-272
-566
-351
-863
-969
-1069
-1342
-1545
-1553
-1814
-1814
-1812
-1703
-1755
-1648
-1572
-1672
-1426
-1381
-1233
-1000
-785
-691
-414
-203
-148
40
60
184
250
336
430
551
485
599
566
463
575
398
449
353
344
334
192
326
251
-4
198
43
-138
-186
-97
-257
-557
-142
-349
-664
-432
-314
-994
-620
-434
-1086
-594
-231
-1085
-184
-188
-1063
529
-1007
130
157
-849
1483
-676
777
675
233
946
-24
1668
37
681
1861
-41
1366
1050
717
834
724
1204
39
1405
643
417
1220
295
396
670
381
-105
673
378
-343
567
468
-860
389
207
-885
161
94
-246
-466
462
22
-840
695
170
-562
803
676
-13
835
1117
414
678
1378
744
554
1758
923
633
1685
817
517
988
625
-14
279
277
-554
-199
-396
-1013
-934
-1211
-1606
-1543
-1760
-1943
-1731
-1955
-1914
-1831
-1779
-1896
-1638
-1397
-1608
-1087
-861
-878
-676
-294
-389
-358
4
164
9
141
729
4
328
692
83
129
531
212
-383
805
25
-601
881
-330
-463
382
-301
-108
-611
499
-440
-604
335
-3
-809
182
314
-799
179
-68
665
-1206
880
1013
-1530
1580
795
-834
1356
963
-384
1596
460
790
1326
94
2068
-162
1428
954
157
1669
-322
1424
385
-327
1760
-802
94
1115
-1054
123
171
-146
-1358
710
38
-2664
1719
-702
-2099
755
135
-1986
-260
1193
-2026
-351
842
-897
-790
780
-226
-881
1104
-211
-365
941
150
-42
625
1019
-277
846
1385
-18
512
1869
129
245
1804
621
8
1308
1216
-434
1038
838
-109
195
615
31
-496
276
-178
-745
-405
-439
-923
-847
-858
-963
-1064
-1242
-913
-1208
-1393
-860
-1236
-1280
-642
-1395
-921
-320
-1607
-125
-458
-1370
725
-1269
-3
331
-1460
1570
-1578
1114
-562
-82
1156
-1689
1811
-862
64
399
51
-586
555
27
-889
1118
-1401
1080
-1005
-202
871
-1537
485
201
-377
-853
1514
-591
-879
1734
-19
-951
1360
1354
-1641
1793
1396
-975
1767
944
139
1337
792
496
1690
-429
1591
1257
-795
1751
873
-388
941
971
-389
594
600
-206
81
654
-687
302
469
-1362
1053
-163
-1482
1198
-380
-1282
760
-58
-1371
613
346
-1777
894
315
-1533
646
317
-857
-73
745
-638
-362
1008
-645
165
103
205
246
-501
770
255
-547
531
700
-632
160
1058
-753
-38
1095
-595
-346
1020
-361
-747
997
-374
-705
301
102
-940
-128
188
-871
-481
187
-922
-343
-295
-555
-388
-411
-641
-6
-641
-528
309
-995
251
-479
-50
-13
-490
304
50
-511
509
-269
184
22
-321
794
-564
-139
765
-352
-875
1571
-848
-876
1474
-563
-1302
1390
-297
-1589
1454
-542
-921
586
-151
-467
-315
997
-1597
996
-232
-805
1233
-1181
562
275
-122
-422
1502
-1093
317
1701
-1855
1742
-91
444
-307
1072
609
-1076
1914
87
-610
1228
588
-962
1523
-231
229
23
628
114
-926
1845
-1223
41
998
-947
257
-203
430
-730
87
568
-1052
520
134
-906
600
-131
-510
333
-43
22
-653
827
-206
-769
764
70
-607
50
1007
-1175
54
948
-797
-701
1635
-1034
-749
1762
-1073
-508
829
170
-1218
577
824
-1262
80
982
-657
-782
1235
-248
-1122
1221
-321
-487
272
187
-608
412
-380
296
-199
-598
1254
-1343
240
902
-1442
631
584
-1416
1105
-498
-44
77
-212
735
-1657
1973
-1119
-970
2412
-2259
250
1507
-1897
375
986
-1663
902
-333
-274
158
-457
415
-737
172
372
-970
397
527
-1219
642
400
-1075
888
-41
-483
1122
-1111
839
522
-1142
1267
164
-617
750
382
-363
355
231
534
-747
760
631
-1358
1311
55
-874
736
241
-713
104
574
-707
-253
994
-1111
-8
779
-1195
110
745
-1263
171
1055
-1685
512
862
-1773
1066
-13
-601
444
-165
594
-1421
1783
-1010
-477
1826
-1710
1031
-124
402
-649
655
242
-781
1110
-549
821
-827
1014
91
-936
1494
-854
582
97
-11
659
-510
302
927
-1149
745
864
-1408
1456
-370
-211
539
-334
492
-443
45
685
-797
9
867
-1174
102
622
-973
270
-499
496
-759
-461
1125
-1735
541
-70
-475
-335
-29
197
-1388
1381
-1120
-483
1198
-1641
351
520
-1315
493
243
-933
366
-131
-123
-310
-26
655
-1388
928
239
-1353
947
180
-785
249
764
-631
-178
1172
-915
416
102
357
-213
-51
1074
-738
210
917
-290
-482
1657
-1124
397
846
-881
1081
-674
408
439
-503
278
404
-378
83
413
-596
529
-710
417
312
-1168
848
-42
-797
524
-233
-161
-446
453
180
-1227
1212
-780
150
-233
451
-393
-440
1557
-1325
389
579
-516
134
216
349
-650
513
991
-1377
928
368
-775
328
428
-376
-410
1153
-552
-680
1304
-613
-880
1272
-568
-876
979
146
-1373
903
731
-1805
753
802
-1650
603
688
-925
-224
1081
-511
-665
719
-15
-829
743
-97
-607
546
-221
240
-731
700
-307
-466
1078
-904
-2
587
-269
-346
318
-212
301
-580
776
-63
-861
1451
-1156
718
-238
-642
1115
-565
-439
1010
-680
44
364
-328
446
-1412
1916
-1591
591
-54
-213
-28
158
210
-1496
1887
-1649
482
337
-786
433
-162
523
-785
-111
993
-1214
159
1274
-1658
924
801
-1228
1034
-671
910
-823
362
647
-708
642
303
-284
59
576
-618
552
-464
321
418
-957
1155
-546
-196
785
-789
234
151
-413
537
-499
252
196
-509
739
-782
665
-643
497
-237
-142
353
-165
-20
-138
528
-562
-237
975
-1278
495
504
-1112
810
-262
-194
248
-131
-423
501
-69
-412
86
317
-143
-555
805
-366
-447
921
-523
-266
654
-347
-141
296
-241
90
217
-527
740
-580
-41
977
-1378
798
440
-1072
994
-441
251
-350
446
241
-1354
1989
-1241
-152
1174
-744
-249
802
296
-1774
1705
42
-1781
1617
-375
-121
-596
1279
-594
-1471
2688
-2305
95
1266
-1150
-551
1390
-623
-1562
2631
-2186
255
1084
-1748
1089
-294
-338
618
-1031
1138
-860
429
296
-1474
2351
-1604
53
1365
-1683
1535
-868
925
-984
422
1138
-1746
1261
111
-837
1113
-236
-646
1105
-1055
1127
-739
171
436
-590
889
-983
892
-367
-136
339
286
-1149
1149
-199
-672
1120
-1215
1366
-1134
366
497
-885
266
590
-553
-338
953
-545
-577
997
-366
-909
1495
-890
-553
1293
-946
-375
826
-267
-886
1306
-713
-705
1597
-1122
-563
1385
-655
-825
1347
-294
-1238
1651
8
-1590
1415
523
-1721
1334
321
-1400
1335
191
-1289
1340
-174
-743
703
195
-619
-47
1427
-2078
991
873
-2050
1054
451
-850
-147
364
452
-1758
1371
-253
-907
469
324
-703
-420
1394
-1544
126
1017
-996
-457
1390
-1230
313
185
71
-725
932
-202
-1040
1442
-551
-762
1094
-115
-820
813
-52
-222
-295
910
-779
-63
817
-591
111
371
-223
184
285
-299
-19
685
-195
-562
1454
-1148
480
603
-760
555
75
-142
517
-506
184
359
-235
-13
359
46
-478
846
-639
8
398
-417
256
-285
289
-198
-501
987
-1181
395
213
-589
324
-559
370
-247
-865
1053
-729
-562
999
-730
-168
456
-684
451
-400
-85
428
-324
270
-125
528
-281
0
601
-252
121
286
306
-126
376
185
-18
307
-120
301
-46
228
-325
601
-244
-421
699
-587
-23
-80
-12
-203
-454
210
-145
-649
-48
340
-624
-660
1029
-760
-728
752
175
-1293
249
1779
-2690
1181
1339
-2307
1712
-751
779
-662
-573
2552
-2891
1095
1496
-2271
1403
79
-597
537
-509
807
-941
239
765
-1387
1174
-586
145
395
-842
1112
-820
155
287
-224
-411
839
-670
174
-81
594
-782
113
1140
-1903
1510
-155
-632
599
315
-410
39
373
158
-656
775
69
-510
610
-125
125
-190
66
311
-216
-494
1101
-762
-320
951
-910
117
149
-292
44
-176
96
19
-494
574
-440
-94
546
-559
417
147
-46
142
427
-302
484
497
-612
1146
-159
322
179
302
566
-586
778
299
-352
361
447
-263
45
-52
377
-824
-112
618
-1327
267
-318
-414
-422
-689
326
-1208
-191
0
-967
170
-789
196
-575
-544
831
-1263
430
415
-899
745
-258
223
-56
-115
1019
-1079
730
646
-869
702
515
-621
323
1114
-1547
1467
-334
-278
751
-763
1158
-789
503
474
-579
554
-89
-208
752
-1330
1414
-449
-1022
1681
-1144
201
-26
437
-932
522
307
-1127
1016
-260
-420
-201
1206
-1576
233
1448
-1945
979
5
-93
-374
82
573
-753
153
132
376
-1127
673
320
-1124
438
548
-873
-72
994
-1205
354
108
6
-461
546
436
-1147
1514
-415
-364
1256
-323
121
748
474
-311
730
981
-594
858
830
-154
202
935
-55
133
522
198
349
-387
454
191
-1025
331
-81
-1109
81
-349
-761
-459
-744
-539
-840
-874
-583
-229
-890
-912
588
-1028
-1374
1238
-796
-1292
1286
264
-1737
1581
218
-1173
879
491
-170
-291
1498
-426
-428
1699
-1502
1238
-229
-60
804
-555
963
-645
495
267
-414
639
-168
714
-469
304
876
-977
544
170
546
-1698
1935
-395
-1388
1680
-704
-146
-352
941
-1226
378
76
-615
511
-503
227
-512
884
-1362
419
774
-1658
1093
-35
-385
-107
9
436
-1209
386
1222
-2252
1368
400
-1701
924
-313
207
-1211
1238
276
-1841
1967
-571
-791
838
120
-405
943
-56
559
332
119
939
-501
1652
-413
847
1153
-113
1279
95
1035
125
361
767
101
659
106
876
-245
88
395
-656
-39
-319
-377
-526
-326
-423
-1056
-185
-1014
-1160
-576
-726
-1001
-497
-351
-755
-484
-606
-102
-902
-68
379
-887
731
14
-69
205
154
44
224
94
458
186
-131
726
-481
110
393
-695
816
-776
521
261
-1122
1449
-1379
498
206
-1046
2012
-2028
1574
104
-1655
2386
-2055
1722
-1243
1194
-194
-1038
2408
-3025
2415
-1108
-186
754
-484
556
-1130
1618
-2002
747
405
-890
828
-281
491
-1045
906
-756
37
371
-275
440
-339
645
-732
161
132
-518
780
-618
502
345
-1324
1408
-605
-570
1271
-792
856
-562
664
581
-1107
1839
-379
86
1381
-24
1012
330
411
946
290
924
634
996
692
365
713
-197
189
697
287
195
318
501
-510
-816
158
-1068
-659
118
-1017
-809
-899
-339
-1754
-1513
-430
-1732
-988
-498
-707
-890
-263
-902
-725
-558
-216
303
-636
1058
-308
444
542
-262
838
-16
701
139
464
735
19
150
552
-187
-61
717
-343
-197
279
357
-1268
854
166
-1655
1315
-781
-829
911
-504
-1018
729
-623
-1051
667
-130
-1176
272
897
-2447
720
1110
-2646
1487
130
-1332
1157
-513
123
-120
-156
691
-630
828
-348
597
173
-838
1054
-100
-376
1023
379
-1007
1894
-861
-224
1769
-1924
1823
154
-859
1472
-69
-488
615
209
-243
92
586
319
-1412
1782
-623
-1223
1824
-553
-667
1102
282
-1223
1731
-387
306
831
-200
1456
-325
1623
232
594
1360
-86
1453
1083
530
1293
894
-329
562
930
678
430
932
319
-681
211
-386
-991
-124
-103
-1409
-927
-717
-1344
-1339
-1809
-1434
-1606
-1577
-710
-1299
-832
-1081
-1177
-596
-1210
-213
469
-479
-445
1657
-335
-489
2074
-372
-101
1515
703
-400
1639
614
-906
1592
-100
-233
821
-36
-377
29
153
-737
130
-281
-775
-111
-868
-104
-748
-683
-649
-495
-727
-1535
423
-929
-1886
616
-847
-2172
1460
-1300
-979
185
64
-733
-512
1835
-2270
2037
-383
197
1223
-711
2340
-1675
1875
699
-267
1326
871
57
269
1532
-537
859
563
789
-256
475
1368
-1049
925
486
-84
426
57
639
61
-311
903
-7
-766
1395
31
-680
948
16
-301
800
138
281
661
676
573
350
1579
323
964
1573
276
1803
1233
728
1531
1618
814
1492
1633
657
1512
250
278
687
496
918
476
121
-278
-462
-1045
-1400
-737
-760
-1654
-1362
-1278
-1905
-1945
-1961
-2292
-2360
-1749
-1377
-1349
-1295
-908
-1581
-1728
-673
-610
-266
176
210
-306
809
-13
-82
955
-259
827
137
1298
276
62
684
-932
540
-321
515
-219
-192
-102
-825
-662
-748
-238
-1405
61
-698
-976
-298
-1014
-1557
-925
-237
-1556
-125
-328
-1270
-1123
-302
-1266
-897
461
-738
-140
79
526
-1259
1026
261
-1209
2757
-550
1028
1200
431
824
-850
2851
-660
704
2333
-575
902
271
1185
-1188
1123
1151
-812
1141
109
431
-884
680
143
-152
683
147
434
-264
234
331
-191
-16
1117
93
84
684
364
-208
556
792
44
1357
969
657
961
1167
722
1045
1656
955
1955
1240
1126
1672
1176
1559
1395
1656
1471
1044
618
38
439
833
676
759
289
-273
-442
-1030
-1390
-613
-902
-1372
-931
-1467
-1553
-1545
-2009
-2326
-1951
-1707
-1312
-847
-1185
-964
-1525
-1794
-892
-579
-229
242
102
-389
124
219
-572
143
176
41
261
755
395
-934
302
-836
-1106
417
-12
-410
-756
-190
-1419
-1277
-568
-1193
-1608
-802
-332
-1638
-700
-1123
-1768
-1706
-981
-845
-903
-275
-1078
-1378
-1025
-563
-952
-356
119
-95
-665
848
361
-1027
1035
613
-208
921
2429
358
236
2151
-115
61
2464
1169
-152
1575
1370
-308
460
1661
-7
-367
2000
421
-777
1096
765
-718
-307
1806
-74
-281
1764
83
-480
739
771
-195
551
1444
488
329
1215
403
475
823
912
1426
1104
1157
1275
1068
1047
1632
1518
1326
1925
1790
1129
1509
1752
1641
1436
1779
1853
1167
1039
262
170
739
1104
880
209
110
-371
-1029
-1192
-1077
-748
-738
-1208
-1676
-1388
-1404
-1986
-2164
-2178
-1846
-1268
-976
-1147
-1171
-1315
-1602
-1527
-608
-8
45
-184
-206
81
-317
-107
-3
49
-198
207
729
-445
21
-154
-1413
-737
182
-331
-1122
-229
-985
-2112
-868
-617
-1669
-1232
-905
-2105
-1757
-902
-1305
-1949
-1193
-1491
-1476
-1159
-1110
-1035
-1802
-952
-1388
-830
-158
-537
-1170
-263
-14
-1369
438
629
-619
-40
1472
-262
320
1934
30
7
1727
922
-78
1769
609
395
912
1161
354
664
1492
-100
157
1228
626
286
913
489
287
281
1324
347
514
1575
199
430
1247
784
659
1449
1363
565
1285
1682
304
1753
1845
677
1977
1949
1443
1629
2153
1653
1507
2666
1604
1915
2681
1394
1890
2426
1896
1750
1938
1053
308
1083
1082
903
1166
261
78
-406
-944
-805
-679
-958
-1157
-1177
-1990
-1593
-1398
-2117
-2513
-2226
-1920
-1761
-1622
-1579
-1621
-1963
-1885
-1364
-1085
-895
-635
-877
-876
-508
-526
-800
-723
-757
-698
-216
-650
-779
-677
-1524
-1182
-960
-1043
-905
-1202
-1652
-1838
-1588
-1318
-1666
-1437
-1482
-1839
-1437
-1907
-1931
-1676
-1596
-1751
-1159
-1202
-1352
-1352
-1867
-1486
-1297
-796
-793
-483
-913
-584
-416
-707
-214
136
56
278
607
569
875
577
1060
767
1118
2040
923
1450
1530
743
1581
1261
1241
1072
2062
1010
434
2298
213
686
2305
227
928
1984
685
542
1319
1332
1023
1559
1322
1198
1376
1321
1379
1893
1418
1422
2037
1278
1888
2048
1479
1430
2437
2031
1872
3081
1354
2032
2853
1466
2494
2730
1822
2253
2511
2245
1954
1988
871
554
1067
1033
1540
759
30
-175
-1078
-1300
-737
-1103
-1516
-1121
-2063
-2861
-1976
-2252
-3190
-2903
-2684
-2715
-2388
-2409
-2462
-2707
-2733
-2241
-1768
-1386
-1435
-1019
-1453
-1287
-475
-765
-798
-407
-701
-452
-226
-524
-626
-590
-1227
-892
-251
-798
-767
-1126
-1476
-1771
-1264
-823
-1549
-1197
-1163
-1749
-1557
-1471
-1741
-1821
-1668
-1461
-1467
-1183
-1106
-1812
-1854
-1404
-1485
-1222
-635
-859
-1045
-837
-667
-687
-218
-326
41
162
323
537
801
544
843
1190
709
1895
1505
837
2228
1038
927
2640
95
2190
1605
891
2182
723
1453
1357
751
1485
1274
1111
1790
533
974
1753
1044
1029
1885
1419
1070
1573
1670
1565
1382
2014
1536
1022
2982
1554
1221
2577
1581
1578
3116
1594
1658
3052
1374
2157
2328
2292
1459
2289
2425
1626
2490
1714
347
58
1220
583
1086
990
-113
-774
-1003
-1494
-1434
-1306
-1368
-1094
-2628
-2472
-2553
-2735
-3056
-3366
-2595
-2608
-2522
-2540
-2709
-3050
-3031
-2352
-1625
-1397
-1216
-1409
-1663
-1285
-809
-704
-728
-459
-580
117
-627
-611
-171
-1114
-1199
-541
61
-433
-1096
-1096
-1621
-1964
-1066
-896
-1454
-1463
-1287
-1890
-2006
-1532
-2268
-2039
-1601
-1711
-1854
-1418
-1465
-2227
-1522
-1373
-1707
-833
-653
-1142
-912
-368
-313
-455
-133
-41
670
467
276
1051
1781
629
609
2364
1587
834
2541
2067
1108
1696
2251
2240
747
1754
3040
782
1331
1906
2032
395
1199
2877
337
482
2784
951
103
2058
1898
356
1115
2777
528
1536
2401
736
1458
2043
2327
1254
1985
2656
1656
1875
2022
2439
2347
2089
2036
2654
2117
2157
2827
1645
1687
2516
2546
2083
1615
961
-93
73
1414
2101
708
-1189
-1129
-267
-1610
-2208
-1093
-802
-1985
-2775
-2793
-2871
-2567
-2948
-3478
-3165
-2309
-2169
-2745
-3439
-2879
-2212
-2384
-1852
-1067
-900
-1736
-1854
-1050
-367
-430
-600
-445
-344
73
-288
-556
-359
-803
-998
-107
57
-515
-1039
-1539
-1824
-1476
-610
-1213
-1728
-1579
-1852
-2111
-1850
-1697
-2013
-2073
-2630
-2091
-1805
-1973
-1794
-2212
-1681
-1928
-1964
-1157
-1581
-1360
-867
-631
-496
-770
-283
-252
-173
953
1259
111
1172
1877
773
1549
2317
2025
1873
1939
2217
2164
2111
2365
1668
2545
1866
1816
2299
170
2642
2581
-450
1509
2462
514
435
2068
1173
250
2588
611
-130
3041
1773
488
2285
2526
708
2285
3020
900
2762
3384
1343
2475
3697
2380
2061
2782
2923
2384
2520
2589
2616
2511
2060
2425
2699
1282
-19
93
1027
2307
1392
-1343
-1801
-250
-845
-2743
-2229
-1299
-1705
-2657
-3964
-3811
-2973
-2671
-4124
-4237
-2504
-2677
-3668
-3700
-3220
-2602
-2371
-2148
-1755
-1387
-1540
-2050
-1411
-633
-101
-399
-766
-450
-228
-185
-670
-377
-315
-777
-494
-476
-709
-1056
-1504
-1644
-1435
-934
-1448
-1960
-1688
-2080
-2207
-2075
-2095
-2339
-2665
-2669
-2557
-2089
-2364
-2929
-2753
-2465
-2173
-2124
-2079
-1769
-1747
-1402
-1063
-904
-317
-63
-30
109
874
1593
1219
1529
2075
2089
2355
2786
2901
2377
3287
3393
2227
2710
3810
2962
1829
3226
1873
1449
3354
1736
869
1516
1791
967
320
1649
950
909
1074
359
1924
1145
1066
1679
1471
1889
1924
2099
2018
2970
3291
2282
2713
3636
3102
3216
3437
3443
3732
3809
3753
3361
3260
3570
2589
1918
2124
1844
2065
1925
1014
-157
-662
-913
-1085
-1597
-2303
-1817
-1954
-3515
-4395
-4036
-3682
-3937
-3923
-4165
-4341
-3771
-4080
-4268
-3637
-3154
-2738
-2540
-2390
-1989
-1819
-1898
-1450
-367
-227
-354
-265
-123
134
207
285
-81
24
355
147
54
-157
-469
-787
-899
-677
-855
-1114
-1332
-1561
-1620
-1704
-1770
-1978
-2599
-2921
-2748
-2193
-2187
-2993
-3597
-3408
-2889
-3028
-3087
-2889
-2798
-2490
-2468
-2501
-2150
-1628
-1219
-857
-309
-70
201
572
760
1578
2330
2497
2974
3040
3207
3380
3516
4014
4175
4076
3956
3911
3508
2883
3173
3274
2654
1992
1612
2022
1352
1049
595
576
826
307
708
45
253
791
794
742
775
1425
1368
1549
2106
2388
2247
2630
3132
3231
3259
3317
3826
3896
4398
4607
4110
3469
3222
2778
2690
2981
3350
2883
1529
747
-138
-172
-596
-1355
-1390
-1629
-2214
-3570
-4651
-4595
-3956
-4159
-4915
-4749
-4792
-5180
-5013
-4967
-4521
-3947
-3593
-3260
-3153
-2676
-2484
-2001
-1431
-897
-96
-176
-172
178
518
770
684
768
839
946
1129
923
545
91
4
126
-4
-137
-371
-765
-1182
-1407
-1479
-1686
-1937
-2060
-2178
-2587
-3372
-4007
-3679
-3061
-3105
-3945
-4440
-4258
-3965
-3622
-3798
-3664
-3206
-3009
-2998
-2836
-2077
-1049
-635
-706
-417
257
813
1466
2347
2859
3143
3177
3393
3928
4355
4569
4663
5025
4774
4364
4074
3723
3726
3774
3755
2989
1886
1737
1496
1467
1177
789
727
33
346
267
-55
181
302
867
714
839
968
977
1790
2473
2564
2374
2547
3158
3501
3864
4439
4565
4517
4088
3230
2558
3030
4242
4763
3768
1920
808
843
1059
196
-689
-435
-405
-1626
-3636
-4582
-3689
-3016
-3971
-4661
-4528
-4550
-4998
-5411
-5246
-4209
-3567
-3637
-3764
-3377
-2778
-2536
-2276
-1648
-531
-120
-514
-341
232
798
1075
1003
921
1166
1671
1636
1357
1208
843
828
1025
801
737
554
76
-464
-480
-485
-913
-1187
-1390
-1656
-1807
-2756
-3806
-3827
-3117
-2827
-3648
-4460
-4829
-4558
-4072
-4509
-4410
-4104
-3891
-3795
-3898
-3365
-2562
-1931
-1687
-1421
-1035
-724
320
1343
1763
2112
2284
2872
3563
4103
4348
4514
5021
5056
4787
4824
4746
4629
4486
4560
4172
3233
2660
2369
2287
2353
1793
849
465
926
438
44
621
454
93
77
258
489
844
1194
1169
1686
2150
1882
1890
2714
3314
3456
3254
3381
3519
2685
1889
2240
3956
5063
3192
784
181
1451
1960
256
-903
-231
259
-1341
-3729
-3858
-2649
-2181
-3367
-4538
-4267
-3790
-4212
-4888
-4561
-3544
-3213
-3494
-3526
-3058
-2788
-2608
-2003
-1225
-764
-902
-1143
-825
9
592
562
457
507
569
934
1285
962
590
823
895
1020
969
516
237
161
102
30
-95
-572
-1175
-1103
-1267
-2223
-3256
-3309
-2501
-2298
-3506
-5074
-5043
-4140
-4188
-4879
-5121
-4551
-4211
-4760
-5147
-4456
-3047
-2295
-2582
-2902
-2318
-1205
-393
182
891
1556
1923
2210
2763
3521
4100
4318
4505
4734
4934
4779
4434
4618
5066
5006
4102
3265
3156
3046
3052
2714
1920
1731
1655
1114
680
1015
1194
830
716
588
452
870
1113
1171
1460
1799
1693
1919
2160
2072
2633
3241
3321
2398
1222
1414
2811
4506
3634
1274
797
1525
2190
899
-656
7
1433
613
-2429
-3667
-2189
-1015
-1754
-3651
-3974
-3297
-3185
-3981
-4400
-3580
-2927
-2915
-3421
-3468
-2782
-2591
-2338
-1672
-960
-736
-1268
-1397
-687
424
762
297
232
589
1008
1291
1014
734
1055
1578
1519
1221
934
750
970
1046
925
831
420
-22
-115
-53
-778
-1952
-2036
-1294
-1133
-2350
-3913
-4108
-3339
-3171
-4131
-4764
-4436
-4267
-4600
-5010
-4837
-3901
-3230
-3428
-3770
-3180
-2223
-1641
-1208
-538
262
723
1000
1585
2399
3136
3397
3742
4111
4287
4281
4137
4523
4803
4777
4408
3693
3350
3221
3385
3260
2493
2110
1621
1527
1504
1195
1058
1010
1012
770
650
595
828
1432
1389
1229
1420
1935
2176
1763
2078
2810
3147
2600
1106
1014
2211
3490
3617
1926
594
919
1624
1220
-193
-411
765
1043
-974
-3185
-2910
-1213
-880
-2477
-3639
-3355
-2842
-2942
-3701
-3739
-2806
-2329
-2575
-3111
-3070
-2515
-2057
-1583
-1213
-809
-953
-1669
-1373
-120
643
298
-399
-334
629
1071
423
98
485
1078
1197
600
270
470
776
825
681
537
357
9
-324
-168
-308
-1253
-2195
-1848
-824
-1360
-2997
-4162
-3850
-2720
-3133
-4328
-4767
-4320
-3959
-4505
-4864
-4411
-3603
-3306
-3634
-3626
-2980
-2112
-1705
-1270
-481
49
314
645
1460
2307
2758
3026
3170
3549
3843
3677
3764
4041
4301
4143
3524
3074
2889
3081
3425
2836
2083
1633
1567
1684
1618
1367
1176
1352
1403
966
922
1232
1612
1668
1858
2067
1955
2262
2337
2411
2938
2791
2916
2431
1532
1349
1904
3481
3704
1403
-329
128
1776
1266
-941
-1247
553
924
-1729
-4034
-3058
-598
-592
-3179
-4210
-3006
-1815
-2585
-4036
-3321
-1812
-1472
-2278
-3043
-2324
-1438
-1235
-1154
-760
-299
-624
-1078
-767
305
1000
479
-282
-104
811
996
415
69
202
949
1079
287
-214
-35
565
841
298
-232
-142
-212
-543
-1048
-1606
-1397
-901
-928
-2046
-3283
-3102
-2687
-2560
-2868
-3382
-3364
-3512
-3904
-4081
-3512
-2562
-2500
-3147
-3598
-2937
-1940
-1386
-1119
-1023
-519
-68
270
716
1222
1980
2466
2793
2936
2755
2603
2892
3669
3935
3595
2865
2331
2468
2816
3058
2672
2087
1710
1457
1419
1260
1269
1522
1755
1378
921
896
1097
1747
2049
2058
2025
1997
2092
2228
3174
3242
2659
2909
3203
3353
2044
744
1632
3714
4698
1982
-722
-56
1670
1755
-542
-1459
255
988
-1258
-3999
-3372
-969
-547
-2666
-4326
-3327
-2150
-2516
-3679
-3657
-2134
-1500
-2099
-2814
-2636
-1684
-1153
-922
-751
-453
-515
-996
-793
196
1048
737
-233
-344
441
1113
572
-187
6
693
950
207
-542
-297
398
539
-89
-410
-502
-576
-1035
-1695
-1459
-974
-878
-1801
-3151
-3152
-2707
-2429
-2900
-3449
-3025
-3033
-3700
-4325
-3859
-2512
-2037
-2522
-3485
-3475
-2286
-1270
-822
-822
-651
-390
28
595
1012
1638
2133
2491
2800
2751
2497
2267
2762
3593
3757
2953
1855
1589
2154
2607
2397
1814
1250
967
1020
701
510
894
1183
1078
605
235
292
842
1538
1505
1586
1786
1507
1496
2071
3079
3328
2714
2422
2874
3721
2759
778
992
3424
5307
3264
-442
-963
1502
3007
620
-1896
-639
1367
187
-3508
-4354
-1437
307
-1675
-4551
-4190
-2079
-1791
-3293
-4070
-2549
-1198
-1693
-2887
-2836
-1398
-773
-964
-905
-262
258
-397
-811
144
1616
1843
403
-533
384
1897
1741
300
-81
879
1533
752
-336
-181
644
765
-25
-505
-574
-1024
-1457
-1311
-446
-447
-2139
-3302
-2847
-1804
-2080
-3385
-3519
-2684
-2277
-3389
-4676
-4044
-2308
-1523
-2630
-3626
-3098
-1991
-1438
-1466
-849
-187
-43
-129
68
1121
1745
1912
2276
2710
3004
2680
2492
2832
3485
3830
3189
2328
1907
2229
2706
2324
1562
1291
1324
975
461
259
241
383
259
-78
124
-13
-477
-227
496
924
669
595
746
1105
1790
1892
2161
2441
2490
2796
3213
3216
2027
1004
1932
4195
5220
2598
-488
-35
2733
3156
-11
-1704
453
2286
-132
-4097
-3877
-485
766
-2023
-4805
-3853
-1531
-1502
-3573
-4233
-2290
-793
-1571
-3127
-2876
-1270
-574
-798
-837
-90
248
-411
-585
560
1960
1682
142
-341
1003
2368
1605
145
165
1380
1781
543
-338
161
1042
901
-89
-605
-1031
-1194
-940
-471
-403
-1730
-2842
-2809
-2209
-2146
-3038
-3320
-3080
-2826
-3205
-4229
-4263
-3381
-2292
-2387
-3353
-3536
-2875
-1935
-1665
-1262
-580
-489
-393
-181
688
1455
1600
1955
2449
2863
2591
2351
2807
3354
3588
3125
2474
2155
2177
2340
2217
1834
1317
1135
917
445
45
128
372
6
-550
-596
-251
-245
-541
-509
-112
405
332
111
194
816
1620
1588
1506
1657
2205
2765
2748
2726
1751
843
1633
3637
4871
2473
-471
-14
2481
2898
-346
-1800
512
2344
168
-3900
-3943
-669
850
-1497
-4459
-3785
-1602
-1330
-3259
-4092
-2086
-587
-1276
-2946
-2742
-963
-307
-555
-671
156
703
-49
-401
560
2254
2274
683
-34
1059
2603
2200
750
604
1701
2279
1098
80
641
1681
1544
265
-696
-642
-210
10
-166
-838
-1619
-1951
-2010
-2057
-2411
-2603
-2528
-2741
-3033
-3421
-3589
-3410
-3058
-2639
-2602
-3000
-3132
-2738
-2011
-1364
-883
-738
-635
-375
297
912
1206
1644
2262
2746
2616
2226
2548
3222
3500
3148
2691
2646
2518
2156
1986
2205
2028
1380
793
662
655
247
-25
-248
-459
-414
-525
-599
-1016
-1171
-657
-326
-260
-582
-569
-1
410
547
400
698
1263
1643
1867
1949
1657
380
-173
1510
4166
4169
386
-1837
148
3083
2036
-1702
-1736
1522
2241
-1620
-5054
-2818
1045
1009
-2802
-4858
-2732
-537
-1527
-3718
-3261
-658
162
-1652
-3317
-1996
251
567
-400
-503
863
1193
-5
-281
1556
3350
2365
194
157
2147
3385
2045
661
1174
2690
2545
790
294
1455
2369
1614
94
95
45
-393
-569
45
609
-1001
-2802
-2827
-1739
-1224
-2538
-3350
-2882
-2357
-2943
-4384
-4194
-2664
-1448
-2290
-3853
-3732
-2326
-1147
-1163
-1218
-471
-65
45
-95
678
1835
2375
2493
2362
2488
2601
2596
2850
3260
3617
3076
2079
1486
1796
2584
2395
1455
717
705
749
96
-271
-129
79
-190
-883
-1012
-992
-1105
-994
-663
-308
-605
-993
-930
-340
370
345
167
167
442
1019
1305
1310
325
-732
-352
1548
3138
1588
-1339
-1741
465
1720
-551
-2532
-1091
1108
-50
-3804
-4578
-1557
603
-1169
-4270
-4100
-1672
-845
-2592
-3929
-2320
-86
-8
-1903
-2756
-1098
678
895
159
301
1198
1124
605
1073
2721
3348
1903
724
1465
3140
3257
1823
1180
2163
3128
2291
886
826
2041
2535
1386
333
374
967
301
-872
-467
683
813
-1341
-3255
-2514
-768
-325
-2225
-3288
-2279
-1610
-2468
-3934
-3037
-779
-314
-2067
-3767
-2579
-336
508
-91
-514
415
974
727
646
1819
3369
3212
2225
1896
2731
3285
2725
2507
3015
3584
2601
881
671
1765
2727
1845
362
-121
53
158
-523
-580
-41
-141
-717
-1549
-1515
-1069
-749
-547
-711
-784
-947
-874
-360
-119
14
82
73
120
421
836
722
-471
-1446
-449
1914
2549
-235
-2802
-1824
732
801
-2082
-3118
-861
551
-1814
-5095
-4282
-961
-46
-2671
-4996
-3731
-1440
-1444
-3285
-3702
-1713
-149
-692
-2215
-2124
-450
708
640
293
824
1345
1187
1063
1691
2905
3037
2097
1464
1964
3110
3168
2304
1746
2091
2716
2228
1416
1398
1887
1960
774
-144
247
923
697
-593
-1173
-689
-521
-1302
-2433
-2227
-1260
-1290
-2455
-3265
-2566
-1765
-1936
-2637
-2543
-1396
-922
-1497
-1962
-1106
344
700
458
506
1303
1982
1896
2044
2829
3562
3339
2773
2931
3473
3727
3161
2574
2706
2931
2615
1726
1208
1388
1471
1048
253
-221
-52
-206
-484
-659
-810
-739
-963
-1256
-1204
-999
-583
-901
-1096
-788
-332
4
-492
-593
237
569
322
-119
528
714
-918
-2272
-1002
2217
2591
-1281
-4165
-2862
223
-63
-2923
-3432
-1365
-896
-4031
-6311
-4125
-796
-1142
-4663
-6032
-3801
-1695
-2418
-4333
-3692
-1359
-359
-1656
-2988
-1863
277
1198
654
185
1059
1740
1536
1236
2223
3746
3639
1987
1047
2398
4169
3894
2173
1406
2416
3043
2318
1266
1459
2105
1667
720
-362
-425
171
470
517
-617
-1700
-2185
-1994
-1358
-1599
-1785
-1804
-2049
-2533
-3053
-2485
-1345
-612
-1230
-2092
-1616
-347
525
319
505
1475
2140
2279
1986
2617
3701
4064
3998
4027
4416
4363
3976
3894
4334
4753
4091
3070
2502
2634
2915
2453
1892
1198
659
433
169
409
305
-280
-747
-1062
-851
-741
-722
-822
-1220
-1148
-813
-275
-194
-614
-490
105
559
211
-30
255
-326
-1613
-1958
199
2482
977
-2858
-4549
-2369
-145
-1413
-3664
-3410
-1837
-2780
-5956
-6706
-3734
-1311
-3209
-6581
-6713
-3939
-2480
-4111
-5532
-4012
-1572
-1307
-3199
-3818
-1903
159
479
-196
130
1284
1423
615
782
2751
4320
3354
1193
892
2950
4488
3638
1878
1661
2592
2755
1889
1305
1759
1939
1316
331
-583
-605
-304
179
39
-1174
-2153
-2651
-2319
-2184
-2444
-2148
-2021
-2431
-3485
-3784
-2506
-1147
-917
-1995
-2348
-1286
-24
348
165
845
1832
2387
2458
2579
3272
3737
4084
4595
5188
5225
4470
4175
4647
5447
5538
4678
3771
3219
3304
3646
3605
2989
1779
1045
1138
1536
1574
953
401
195
60
-43
-37
206
105
-361
-522
-124
378
303
138
395
719
584
77
167
-165
-1394
-2211
-965
1546
1379
-2041
-4861
-4328
-1981
-1882
-3426
-3848
-3083
-3738
-6464
-7629
-5392
-2684
-3245
-6284
-7440
-5710
-3829
-4261
-5406
-4701
-2791
-1968
-3029
-3837
-2771
-1028
-105
-141
199
939
875
177
279
2028
3749
3295
1462
569
1736
3266
3313
2271
1588
1616
1495
1193
1162
1588
1506
338
-532
-728
-116
-351
-1769
-2338
-1949
-688
-1024
-3045
-4172
-3945
-2239
-1743
-2328
-2616
-2726
-2510
-2838
-2202
-494
788
502
-1065
-948
915
3082
3452
2634
2910
3729
4507
4235
4398
5661
6269
6044
5145
5349
6023
5793
5186
4859
5503
5547
4478
3349
2975
3487
3518
3182
2681
2254
1912
1481
1572
1847
1971
1777
1428
1320
1220
1175
1350
1775
2075
2117
1778
1478
1493
1745
1804
459
-1505
-1963
46
2517
1493
-2314
-5160
-4663
-2913
-3085
-3934
-3694
-3286
-5288
-8856
-9387
-6067
-2860
-3957
-7607
-8911
-6988
-4778
-4927
-5698
-4797
-3044
-2503
-3668
-3978
-2402
-518
-5
-513
71
1314
1538
426
-160
1445
3327
3238
1311
13
749
1923
1989
1131
568
284
-352
-1113
-996
-68
77
-930
-2424
-2922
-2756
-3036
-3143
-2901
-2025
-2109
-3667
-4934
-5047
-3605
-2506
-2228
-2191
-2485
-2933
-3637
-2938
-634
1499
1605
-297
-1273
-82
2376
3842
3720
3436
3385
3736
3879
4395
5389
5872
5542
4712
4837
5565
5647
4808
3935
4499
5273
4965
3541
2498
2959
3570
3539
2984
2646
2599
2114
1925
2388
3247
3295
2389
1852
2208
3051
3304
3095
3114
3097
3127
2919
3050
3603
3682
3176
1462
-657
-1359
-18
2648
3094
174
-3513
-5368
-4795
-4212
-3859
-2783
-2287
-4394
-9007
-11433
-8917
-4387
-2919
-5746
-8607
-8792
-7081
-5936
-5487
-4199
-2889
-2737
-3935
-4300
-2416
-252
414
-341
-199
1331
2292
1540
300
774
2428
3096
2038
797
1024
1632
1374
341
-265
-18
-228
-1089
-1752
-1662
-1096
-1545
-2699
-3837
-4613
-4494
-4040
-3081
-2565
-3487
-4940
-6196
-5725
-4292
-3043
-2232
-2531
-3096
-3886
-3853
-2210
-108
1409
1082
92
-185
668
2384
3696
4484
4401
3943
3750
4120
5149
5712
5681
5142
4854
5168
5286
5107
4348
3862
3974
4118
4010
3268
2806
2837
3026
3024
2708
2649
2665
2763
2939
3364
3901
3860
3574
3395
3857
4513
4817
5077
5114
4958
4519
4347
4906
5474
5418
4717
3478
1442
-531
-724
1820
4338
3004
-1435
-5376
-5956
-4921
-4541
-3654
-2210
-2298
-6523
-12014
-12473
-7403
-2445
-3142
-7310
-9286
-7786
-5867
-5669
-5070
-2952
-1206
-1979
-3805
-3081
-316
1532
790
-373
762
2747
3284
1873
677
1180
1880
1708
973
1078
1742
1371
-341
-2210
-2524
-1740
-1180
-1626
-2623
-2977
-3383
-4124
-5461
-6359
-5562
-4344
-3321
-3921
-5260
-6007
-6392
-5682
-5005
-3776
-2413
-2161
-2749
-4143
-4063
-2265
12
1448
1206
784
483
738
1518
2786
4391
4836
4220
3146
3192
4263
4839
4766
4123
4097
4306
4094
3758
3229
3116
2813
2444
2408
2568
2872
2563
2019
1650
1841
2410
2867
3215
3395
3607
3780
3811
3880
4228
4841
5361
5373
5219
5235
5494
5664
5501
5385
5524
5527
5174
4084
2066
145
-741
843
3145
3275
440
-3863
-5955
-6076
-5416
-4280
-2854
-1730
-4052
-9094
-12281
-10135
-4704
-2396
-4628
-7650
-7539
-5463
-4773
-5045
-4095
-1477
-421
-1826
-2838
-1220
1684
2186
451
-392
1092
3205
3330
2198
1439
1183
645
-360
-182
1116
2078
1164
-1156
-3081
-3835
-3469
-2397
-1374
-997
-2324
-4660
-6293
-7017
-5680
-4363
-2403
-1684
-3402
-5494
-7835
-6319
-4130
-2321
-1638
-2396
-1706
-2648
-3347
-3393
-1828
1362
2008
1539
324
464
1881
2323
2911
2883
3585
4022
3938
4127
3789
3678
3112
3187
3750
4153
4145
3353
2697
1793
1232
1266
1924
3018
3102
2349
1202
804
1277
1939
2763
3164
3534
3692
3743
3583
3332
3495
4249
5338
5743
5405
4634
4500
4550
4461
4311
4496
5146
4982
4224
2384
789
-618
-1190
88
1870
3155
931
-2742
-5637
-6173
-4389
-3121
-1900
-1959
-3186
-5477
-7664
-7073
-4877
-2938
-3088
-4415
-4540
-3593
-2492
-2318
-2587
-2467
-2102
-1383
-439
755
1497
1152
177
-499
-291
416
1224
1925
2077
1281
-394
-1944
-2102
-1003
321
516
-524
-2039
-3256
-3522
-3096
-2204
-1792
-2176
-3122
-3819
-3526
-2682
-1795
-1906
-2711
-3434
-3340
-2145
-858
-126
-565
-1521
-2025
-1725
-588
533
1165
1070
489
150
166
575
1108
1459
1658
1456
1262
986
929
817
531
418
434
1127
1396
1380
444
-67
-185
-273
507
598
1385
1354
1333
939
514
1328
1378
2035
2109
2194
2424
2454
2908
2832
2818
2607
2186
2268
2570
2919
2962
2588
2135
1382
1040
1283
1677
1982
1673
881
151
6
480
928
1124
841
75
-390
-326
274
718
612
104
-407
-386
-72
176
57
-289
-685
-932
-957
-775
-628
-786
-1199
-1769
-2076
-2037
-1700
-1519
-1747
-2177
-2559
-2499
-2181
-1847
-1830
-2029
-2157
-2201
-1995
-1745
-1482
-1275
-1230
-1219
-1286
-1202
-1051
-931
-767
-696
-511
-340
-173
-65
-92
-123
-301
-307
-191
149
521
681
577
156
-137
-449
-369
-151
138
246
30
-270
-753
-816
-954
-840
-834
-724
-669
-808
-848
-1174
-1011
-908
-601
-508
-501
-550
-579
-257
81
412
525
534
350
628
929
1327
1454
1503
1452
1400
1788
1893
2014
1936
1822
1640
1759
1968
2072
2022
1811
1414
1035
1082
1112
1298
1244
992
563
167
164
230
370
259
-202
-489
-544
-37
431
560
352
-205
-284
-145
550
1089
1283
1170
863
882
1038
1515
1648
1539
1201
854
684
788
1155
1320
1209
572
-317
-1101
-1363
-1099
-720
-553
-886
-1611
-2327
-2718
-2655
-2342
-2114
-2108
-2302
-2408
-2285
-1969
-1629
-1443
-1351
-1339
-1286
-996
-532
-37
349
488
450
476
494
708
910
1152
1458
1368
1309
1063
1042
1089
1032
1000
729
655
509
437
436
321
-14
-418
-861
-1015
-809
-786
-827
-1050
-1406
-1696
-2034
-1986
-1964
-1900
-1377
-1564
-1319
-1307
-1431
-1415
-1481
-767
-770
-134
198
262
496
526
766
730
1207
1287
1261
1122
1342
1389
1537
1879
1460
1070
574
572
517
943
1228
781
196
-403
-660
-619
-74
199
-40
-429
-835
-1158
-913
-401
3
-48
-408
-741
-699
-33
704
1123
927
563
143
128
699
1540
2259
2275
1742
1012
503
603
1094
1477
1499
921
-19
-841
-867
-297
176
70
-840
-2052
-2977
-3059
-2457
-1500
-865
-979
-1766
-2649
-2811
-2272
-1421
-612
-215
-309
-369
-132
389
996
1648
1611
1299
1452
1666
2113
2677
3128
3100
2888
2398
1536
1193
1299
1612
1833
1930
1597
691
82
-519
-687
-639
-589
-463
-841
-898
-1208
-1660
-1625
-1538
-1382
-1683
-1824
-2197
-2453
-1899
-1482
-1074
-969
-1065
-1947
-2032
-1815
-1314
-528
-281
-32
-861
-638
-568
-96
755
863
497
-310
-94
-219
407
982
594
504
82
-27
-132
3
26
-119
78
86
480
431
184
-265
-624
-722
-140
445
928
1413
880
622
128
421
1175
1825
2234
1874
1568
1332
1523
1921
2085
2085
1694
1243
1068
1056
1367
1458
1379
765
-302
-1526
-2330
-2130
-1179
-105
-99
-1187
-2841
-3988
-4058
-3258
-2335
-1957
-2409
-3055
-3090
-2267
-836
-48
-251
-1232
-1889
-1467
21
2035
3479
3889
3227
2217
1663
2056
3091
4049
4496
4314
3734
3040
2554
2402
2523
2447
1764
488
-733
-1253
-917
-171
91
-540
-2053
-3701
-4499
-4120
-2982
-2023
-1963
-2671
-3378
-3365
-2727
-1955
-1531
-1778
-2218
-2250
-1563
-316
737
1114
558
-265
-645
-481
294
1104
1760
1890
1543
988
450
447
696
937
817
413
5
-240
-244
52
434
543
186
-557
-1178
-1088
-352
230
632
705
894
1210
1560
1674
1697
1980
2183
2660
2872
3282
3374
3518
3560
3470
3542
3282
3222
2876
2919
2774
2689
1779
182
-1928
-3772
-3826
-2978
-1091
-882
-1938
-4412
-7021
-8045
-8174
-6527
-5361
-4700
-5053
-5774
-5366
-4593
-3337
-3048
-3363
-3588
-3329
-1796
142
2393
3839
4089
3505
2581
2391
2876
3974
5143
5919
5984
5231
4145
3507
3449
3441
2776
1266
-207
-911
-455
433
784
-189
-2477
-5028
-6520
-6082
-4403
-2669
-2272
-3074
-4263
-4852
-4372
-3448
-2342
-1791
-1505
-1253
-688
435
1493
2353
2371
1970
1507
1394
2052
2999
4125
4561
4230
3283
2120
1614
1564
1911
2005
1624
1117
497
292
187
-14
-395
-1142
-1601
-1699
-1197
-487
-229
-370
-881
-1050
-704
103
1020
1810
2446
2942
3416
3651
3771
3671
3709
4036
4631
5383
6037
6241
6260
5770
5211
4609
3092
1452
-1407
-2990
-3194
-1853
462
393
-665
-4250
-7419
-9379
-10024
-8334
-7385
-6381
-6829
-7277
-6619
-5900
-4690
-4876
-5386
-5810
-5759
-4224
-2248
531
2638
3616
3684
2913
2569
2420
2891
3858
4819
5478
5201
4459
3971
3858
3806
3017
1336
-458
-1724
-1867
-1176
-461
-380
-1473
-3371
-5102
-6195
-6160
-5526
-4825
-4007
-3825
-3483
-3513
-3303
-2675
-2225
-1273
-1005
-507
-166
345
1581
2532
3682
3719
3262
2675
2233
2721
3041
3565
3507
3109
2779
2235
2170
1837
1476
926
171
-144
-492
-584
-738
-897
-665
-459
-145
-188
-593
-887
-1122
-736
-135
701
1618
2308
3161
3717
4462
4809
4893
4760
4431
4749
5113
5960
6688
7075
7466
6974
6458
5411
3601
1691
-1492
-3317
-4129
-3110
-909
-494
-656
-3437
-6182
-8369
-9698
-8727
-8256
-7350
-7414
-7451
-6102
-4867
-3063
-2732
-3008
-3471
-3999
-3333
-2251
-128
1957
3523
4408
4444
4206
3734
3387
3380
3483
3273
2497
1358
757
766
1079
907
-368
-2107
-3974
-5025
-5218
-5089
-4848
-5427
-6084
-6691
-6766
-6148
-5754
-5082
-4936
-4598
-4263
-3941
-3071
-2269
-789
433
1557
2211
2220
2354
2430
3174
3818
4147
4005
3467
3377
3505
4025
4118
3593
2554
1345
688
472
681
735
586
286
-74
-400
-766
-943
-925
-567
-169
153
331
418
712
1100
1666
2238
2631
3099
3610
4483
5660
6453
7013
6645
6312
6119
6289
6945
7369
7897
8000
7930
7448
6728
5043
2942
-186
-2569
-3513
-3216
-1458
-1264
-1259
-2816
-4554
-5732
-7268
-7110
-7372
-7052
-6931
-7021
-5636
-4367
-2443
-1497
-1214
-1050
-1414
-1264
-1096
-78
1290
2575
3405
3604
3576
3296
3146
2986
2902
2289
944
-772
-2222
-2673
-2721
-2817
-3538
-4647
-5592
-6293
-6463
-6542
-6715
-7166
-7938
-8390
-8379
-7857
-6958
-6089
-4863
-3765
-2864
-2360
-2241
-1659
-930
181
1043
1572
2045
2335
2997
3655
4173
4134
3324
2345
1581
1436
1631
1686
1494
1039
651
398
276
238
120
-119
-467
-805
-1018
-912
-543
213
1012
1726
2108
2168
2278
2353
2683
2803
3093
3372
3894
4712
5554
6626
7112
7338
6853
6336
5975
5855
5878
5966
6098
6339
6505
6205
5952
4353
2515
-721
-3222
-4127
-4063
-2445
-2588
-2462
-3306
-3923
-3817
-4419
-3706
-3897
-3889
-4392
-4799
-3585
-2014
127
1172
1789
2052
2177
2342
2420
3066
3425
3739
3209
2719
2516
2349
2587
2146
1780
556
-1244
-2984
-4492
-4790
-5310
-6127
-7512
-8750
-8964
-8696
-8017
-7718
-7722
-8025
-8388
-8393
-7914
-7176
-6419
-5728
-4856
-3684
-2597
-1584
-745
191
933
1172
1021
835
1070
1542
1961
2119
2000
1609
1028
499
309
359
243
-286
-1003
-1473
-1490
-1213
-824
-368
-12
198
163
182
450
930
1461
1913
2384
2930
3410
3864
4299
4648
4917
4717
4633
4645
5080
5637
5903
6221
6192
6285
6017
5664
5442
5267
5252
5139
4996
5031
5016
5016
4664
3174
984
-1950
-3548
-3720
-2978
-2184
-2690
-2953
-3367
-3067
-2602
-2261
-1394
-1140
-1231
-1950
-2073
-947
753
2179
2662
2879
3126
3687
4135
4622
5097
5126
4686
3531
2611
2061
1822
1728
1213
525
-746
-2242
-3367
-3959
-4125
-4924
-6527
-8225
-9054
-8732
-7896
-7341
-7123
-7005
-6882
-6540
-6319
-5747
-5205
-4680
-4231
-4046
-3420
-2842
-1802
-786
14
362
-135
-556
-792
-438
-162
-362
-842
-1464
-1843
-2343
-2655
-2739
-2535
-2396
-2745
-3081
-3210
-2699
-2041
-1482
-1018
-756
-357
-72
516
1360
2217
2924
3231
3663
4177
4733
5104
5325
5491
5492
5135
4691
4632
4998
5606
5582
5451
5015
4941
4844
4456
4443
3954
4134
3682
3541
3547
3376
3855
2777
1574
-1011
-2875
-3192
-3062
-1981
-2679
-2817
-3094
-2649
-1698
-1317
103
744
1300
460
-157
545
1870
3291
3059
3034
3123
4005
4668
4859
5464
5506
5472
4090
2801
1934
1440
1218
57
-981
-2462
-3444
-4056
-4253
-4121
-4890
-5983
-7487
-7973
-7733
-7253
-6777
-6663
-6152
-5920
-5568
-5113
-4133
-2763
-2124
-2038
-2408
-2059
-1252
-505
-84
-115
-59
-315
-536
-867
-858
-796
-1096
-1746
-2772
-3511
-4123
-4320
-4412
-4513
-4729
-5024
-4820
-4333
-3607
-3067
-2629
-2021
-1417
-791
-341
407
1343
2288
2960
3356
4006
4706
5436
5817
6014
6095
5980
5755
5483
5446
5599
5605
5585
5283
5121
5020
4842
4921
4570
4446
4042
3774
3692
3386
3477
2727
1385
-834
-2996
-3383
-3194
-2578
-3166
-3746
-3401
-2820
-1889
-1537
-121
1448
2161
1439
533
1510
3393
4529
3816
2989
3363
4455
5086
4940
5376
6001
6040
4689
2946
2296
2073
1707
54
-1816
-3395
-4412
-4786
-4982
-4814
-5232
-6010
-7021
-7520
-7253
-6799
-6059
-5683
-5439
-5599
-5651
-4728
-3319
-1720
-1343
-1437
-1363
-796
119
354
636
642
605
134
-544
-705
-599
-438
-1008
-1873
-2672
-3176
-3455
-3875
-4196
-4590
-4873
-5113
-5034
-4542
-3971
-3270
-2860
-2358
-1871
-1232
-475
224
933
1403
1962
2533
3287
3914
4361
4712
4930
5071
4928
4830
4804
4867
4829
4527
4475
4426
4505
4436
4271
4407
4405
4444
4202
4003
3983
3810
3664
2943
1486
-486
-2524
-3113
-3053
-2913
-3475
-4104
-3698
-3152
-2462
-2069
-813
815
1519
988
418
1540
3370
4258
3507
2647
2952
3802
4337
4270
4735
5482
5609
4687
3321
2867
2803
2413
842
-1330
-3149
-4244
-4681
-5117
-5571
-6181
-6679
-7176
-7493
-7308
-6573
-5405
-4834
-5000
-5454
-5311
-4222
-3195
-2544
-2514
-2257
-1600
-776
141
802
1505
1748
1532
940
437
320
184
-214
-1115
-1993
-2483
-2529
-2533
-2896
-3357
-3785
-4062
-4362
-4488
-4191
-3564
-2999
-2822
-2603
-1929
-832
125
698
1124
1721
2410
3032
3578
4147
4724
4994
5020
4822
4840
4997
5084
4923
4578
4401
4316
4213
4135
4115
4259
4379
4296
4368
4380
4538
4299
3795
3250
1864
60
-2396
-3633
-3805
-3912
-4345
-5258
-4736
-3882
-2918
-2300
-1271
736
1802
1799
1188
2068
3892
4822
4352
3350
3663
4378
4875
4712
4882
5552
5576
4969
3870
3495
3277
2626
1253
-667
-2380
-3879
-4730
-5322
-5882
-6749
-7597
-7906
-7741
-7271
-6823
-5962
-5113
-4700
-4800
-4732
-3768
-2613
-2067
-2463
-2693
-2166
-1072
-225
195
614
1016
1259
938
666
587
552
26
-1187
-2372
-3051
-3049
-3075
-3449
-3968
-4232
-4182
-4135
-4129
-4034
-3589
-3193
-3083
-3095
-2686
-1626
-553
134
495
1085
2020
2891
3487
3890
4383
4749
4737
4425
4371
4735
5042
4919
4490
4265
4303
4286
4254
4146
4241
4278
4229
4367
4384
4550
4260
3900
3155
1461
-615
-2801
-3512
-3862
-4490
-5394
-5836
-4783
-3870
-2998
-2172
-375
1638
2353
2256
2439
4079
5489
5637
4760
4298
4801
5191
5355
5221
5590
5828
5547
4976
4320
4084
3500
2567
954
-922
-2594
-3840
-4532
-5419
-6445
-7573
-8074
-8074
-7790
-7357
-6735
-5701
-5041
-4649
-4492
-3612
-2445
-1706
-1886
-2675
-2657
-2230
-1254
-896
-602
-296
-113
231
155
591
670
495
-370
-1544
-2278
-2765
-2821
-3342
-3935
-4605
-4762
-4491
-4182
-3834
-3739
-3310
-3110
-2894
-2707
-2253
-1379
-921
-602
-447
401
1606
2564
3233
3575
4201
4553
4713
4671
4775
4974
4785
4475
4119
4124
4219
4315
4438
4519
4684
4945
5124
5168
4909
4684
4428
3140
1023
-1538
-2764
-3156
-3941
-5159
-6319
-5834
-5148
-4492
-3681
-1945
472
1672
2102
2582
4289
6103
6825
6362
5562
5473
5742
6210
6150
6013
5941
5980
6022
5560
5265
4936
4472
3308
1488
-164
-1590
-2688
-3919
-5217
-6518
-7677
-8248
-8155
-7538
-6913
-6280
-5581
-4813
-4076
-3339
-2490
-1962
-2031
-2476
-2692
-2466
-2157
-1982
-1781
-1513
-1215
-951
-554
-23
207
86
-435
-1041
-1626
-2114
-2499
-3185
-4080
-4873
-4985
-4658
-4429
-4361
-4138
-3552
-3049
-2697
-2370
-1868
-1545
-1578
-1607
-1331
-710
-162
349
879
1564
2298
3008
3620
3944
4163
4317
4485
4335
3837
3438
3361
3504
3517
3459
3782
4188
4439
4472
4603
5095
4582
2995
609
-1110
-1844
-2981
-4314
-5918
-6347
-6291
-6174
-5364
-3833
-1371
131
948
1748
3356
5371
6431
6683
6149
5826
5684
5927
6236
6127
5939
5699
5891
5879
5754
5742
5700
5265
3873
2310
1047
99
-1109
-2714
-4249
-5553
-6425
-6917
-6787
-6364
-5921
-5492
-5006
-4182
-3424
-2601
-2029
-1806
-1912
-2242
-2128
-1870
-1539
-1496
-1613
-1505
-1241
-657
-228
49
83
-6
-173
-630
-1125
-1631
-2052
-2722
-3513
-4013
-4084
-3872
-3773
-3530
-3081
-2525
-2106
-1808
-1399
-1113
-1021
-1140
-1145
-1046
-947
-777
-479
-20
353
837
1454
2200
2768
3042
3273
3365
3568
3566
3596
3525
3398
3436
3281
3284
3113
3349
3350
2553
1072
-508
-1008
-1563
-2593
-4347
-5645
-6034
-6366
-6336
-5954
-4456
-3027
-2125
-1237
300
2792
4666
5664
5648
5611
5912
6241
6509
6103
5682
5241
5183
5244
5326
5695
5904
5893
5134
4213
3382
2646
1758
289
-1373
-3120
-4239
-4766
-4897
-4942
-4979
-4448
-3642
-2702
-2079
-1418
-643
-202
-228
-685
-807
-764
-753
-1024
-1402
-1403
-1145
-587
-195
109
357
610
770
449
-76
-700
-1194
-1882
-2777
-3454
-3719
-3578
-3504
-3351
-2931
-2220
-1475
-1030
-708
-519
-348
-352
-509
-692
-876
-934
-1024
-1079
-1059
-801
-283
235
638
820
1039
1369
1786
2117
2214
2249
2264
2329
2226
2162
2328
2497
1956
431
-1155
-1870
-1933
-2581
-4046
-5441
-6009
-6117
-6238
-5959
-4880
-3476
-2669
-2223
-1196
804
2931
4158
4402
4213
4304
4747
5263
5298
4794
4196
3848
3799
3736
3906
4275
4519
4177
3396
2883
2687
2492
1693
394
-1131
-2482
-3295
-3690
-3803
-3989
-3922
-3411
-2546
-1566
-612
552
1534
2079
2021
1881
1970
1993
1680
828
-21
-635
-821
-787
-763
-676
-547
-194
4
61
46
65
-71
-715
-1471
-2060
-2249
-2438
-2705
-2761
-2504
-1932
-1396
-780
-112
560
1138
1463
1694
1683
1600
1381
1027
587
89
-93
-189
-265
-438
-433
-65
277
576
709
1077
1423
1488
1362
1207
1407
1141
150
-1558
-2936
-3469
-3918
-4732
-6040
-6745
-6898
-6776
-6536
-5845
-4368
-3084
-2204
-1534
-117
1886
3545
4427
4418
4374
4484
4975
5338
5073
4371
3613
3391
3205
3044
2961
3032
2956
2336
1722
1383
1387
1044
166
-1044
-2305
-3195
-3750
-3944
-4220
-4463
-4347
-3712
-2711
-1716
-546
696
1859
2586
3108
3731
4334
4643
4331
3731
3039
2529
2095
1612
1060
484
160
-86
-281
-473
-525
-607
-1030
-1592
-2049
-2174
-2361
-2693
-2954
-2981
-2764
-2521
-2048
-1430
-781
-244
236
856
1362
1780
2036
2261
2300
2073
2020
2045
2077
1728
1329
1207
1172
1163
968
1090
1237
1268
1100
954
1189
989
124
-1551
-2992
-3793
-4545
-5652
-7252
-8283
-8832
-8994
-8972
-8371
-6864
-5346
-4050
-2942
-1050
1394
3563
4952
5449
5800
6073
6548
6767
6415
5581
4656
4195
3744
3290
2881
2792
2737
2258
1615
1112
972
624
-148
-1283
-2485
-3485
-4291
-4837
-5361
-5708
-5748
-5341
-4621
-3751
-2601
-1226
239
1444
2484
3446
4333
5008
5290
5249
4893
4475
4013
3535
2921
2226
1703
1284
881
398
82
-130
-455
-972
-1461
-1708
-1985
-2377
-2805
-2984
-2958
-2871
-2654
-2320
-1892
-1537
-1079
-465
168
640
938
1319
1682
1951
2149
2383
2541
2393
2109
1925
1954
1931
1742
1592
1533
1540
1475
1521
1677
1475
516
-1032
-2308
-3060
-3786
-5082
-6693
-7900
-8608
-9016
-9184
-8684
-7541
-6340
-5412
-4315
-2395
52
2213
3526
4220
4791
5487
6211
6542
6276
5582
4933
4479
4025
3522
3179
3036
2723
2110
1478
1209
1169
911
202
-841
-1886
-2763
-3437
-4097
-4813
-5406
-5641
-5476
-5078
-4381
-3286
-1919
-662
361
1430
2659
3824
4589
4939
5008
4915
4741
4490
4136
3601
3003
2517
2120
1683
1266
1042
879
530
-9
-437
-650
-924
-1389
-1830
-2017
-2039
-2054
-2019
-1847
-1591
-1322
-970
-545
-172
105
432
899
1352
1663
1890
2093
2179
2146
2163
2306
2392
2286
2127
2082
2101
2099
2133
2092
1543
223
-1362
-2469
-3107
-4009
-5554
-7180
-8262
-8816
-9182
-9274
-8780
-7902
-7126
-6472
-5317
-3363
-1127
595
1555
2186
2995
4104
5103
5512
5269
4804
4511
4307
3997
3613
3328
3003
2398
1679
1256
1226
1180
780
3
-928
-1776
-2459
-3043
-3757
-4622
-5335
-5617
-5535
-5266
-4714
-3743
-2528
-1411
-378
853
2285
3569
4443
4971
5280
5432
5452
5310
4923
4269
3607
3132
2708
2154
1637
1411
1342
1136
795
626
643
539
191
-153
-282
-347
-516
-735
-838
-817
-716
-529
-299
-88
136
525
1032
1456
1720
1933
2145
2226
2204
2236
2354
2356
2147
1936
1903
1993
2073
2080
1815
1001
-338
-1628
-2453
-3102
-4205
-5778
-7148
-7941
-8306
-8533
-8439
-7898
-7169
-6534
-5811
-4479
-2614
-855
204
709
1215
2053
3056
3718
3818
3496
3177
3040
2967
2803
2552
2271
1803
1180
622
382
298
51
-497
-1269
-2009
-2600
-2978
-3346
-3851
-4435
-4784
-4737
-4488
-4139
-3614
-2786
-1875
-1053
-214
867
2076
3098
3802
4256
4575
4798
4961
4912
4577
3998
3438
2992
2485
1868
1323
1036
795
492
194
173
340
408
305
179
207
224
233
163
154
199
328
540
712
949
1191
1627
2006
2329
2549
2805
3067
3149
3262
3286
3423
3307
3124
2896
2775
2746
2636
2558
2003
1082
-356
-1580
-2531
-3407
-4618
-6247
-7522
-8448
-8802
-9063
-8846
-8281
-7489
-6615
-5636
-3970
-2048
-150
970
1681
2339
3210
4132
4521
4458
3904
3469
3101
2812
2445
1982
1559
915
295
-285
-544
-739
-1135
-1783
-2648
-3363
-3941
-4277
-4669
-5153
-5581
-5738
-5487
-5125
-4631
-4020
-3128
-2168
-1270
-289
836
2040
2965
3621
4020
4337
4629
4828
4823
4498
4037
3560
3172
2701
2117
1592
1177
814
396
76
-45
-18
-61
-228
-371
-429
-382
-346
-329
-348
-276
-60
234
530
802
1158
1558
1997
2333
2671
2995
3268
3454
3586
3780
3896
3955
3832
3753
3673
3644
3655
3582
3248
2332
1122
-127
-1011
-1931
-3192
-4780
-6245
-7199
-7886
-8265
-8386
-7995
-7402
-6709
-5774
-4341
-2439
-711
550
1311
2107
3069
3994
4492
4386
4023
3658
3441
3123
2679
2212
1743
1226
579
64
-274
-548
-1019
-1744
-2540
-3296
-3847
-4316
-4768
-5312
-5768
-5914
-5774
-5473
-5165
-4648
-3947
-3134
-2381
-1569
-604
332
1105
1619
2077
2482
2878
3160
3283
3243
3073
2928
2784
2603
2292
1970
1708
1468
1203
952
845
807
744
622
564
581
577
541
483
446
419
446
557
722
884
1048
1305
1646
1995
2305
2625
2936
3169
3330
3492
3627
3648
3550
3403
3255
3102
3013
2977
2763
2058
1037
182
-321
-902
-1986
-3305
-4411
-5203
-5968
-6616
-6863
-6717
-6503
-6320
-5765
-4617
-3097
-1710
-648
180
1042
2104
3193
3901
3970
3753
3653
3651
3398
2884
2412
2006
1447
726
170
-139
-483
-1073
-1796
-2488
-3137
-3706
-4185
-4723
-5408
-6008
-6226
-6189
-6191
-6144
-5734
-4999
-4276
-3610
-2739
-1651
-642
149
869
1572
2141
2567
2934
3186
3213
3131
3126
3123
2942
2688
2558
2432
2116
1716
1504
1455
1308
1059
917
921
929
949
1092
1309
1457
1569
1763
2005
2206
2415
2715
3003
3146
3236
3426
3686
3886
3979
3901
3522
2906
2343
1907
1275
235
-906
-1826
-2623
-3480
-4170
-4427
-4464
-4604
-4697
-4313
-3463
-2570
-1869
-1250
-622
17
709
1405
1862
1962
1960
2109
2252
2174
2027
2034
2042
1813
1493
1360
1322
1061
561
37
-478
-1119
-1839
-2522
-3232
-4031
-4739
-5172
-5484
-5803
-5925
-5639
-5098
-4575
-4003
-3172
-2178
-1275
-466
379
1158
1705
2087
2449
2695
2696
2576
2477
2307
1949
1554
1303
1078
715
321
79
-81
-306
-545
-673
-740
-861
-973
-992
-994
-1047
-1087
-1031
-949
-922
-858
-662
-397
-171
27
279
603
967
1313
1592
1776
1890
2031
2170
2225
2171
2089
2029
1903
1719
1602
1609
1579
1398
1170
1053
1031
930
717
455
185
-94
-361
-592
-827
-1052
-1228
-1315
-1327
-1262
-1050
-731
-412
-119
241
691
1144
1509
1784
2000
2149
2218
2208
2127
1981
1769
1513
1218
904
626
401
192
-24
-233
-397
-499
-571
-645
-730
-825
-926
-1038
-1139
-1242
-1370
-1517
-1665
-1804
-1923
-2013
-2068
-2090
-2102
-2088
-2018
-1905
-1766
-1612
-1471
-1345
-1219
-1074
-926
-829
-786
-757
-725
-704
-686
-650
-609
-578
-546
-484
-409
-349
-307
-279
-284
-337
-430
-542
-680
-870
-1090
-1291
-1469
-1618
-1710
-1729
-1679
-1578
-1408
-1149
-824
-465
-89
302
695
1061
1403
1722
1994
2210
2377
2512
2603
2654
2666
2645
2585
2477
2338
2193
2029
1844
1653
1483
1330
1193
1110
1095
1115
1157
1236
1365
1507
1640
1765
1879
1929
1915
1874
1785
1638
1448
1246
1016
757
509
299
103
-102
-284
-433
-574
-706
-806
-881
-958
-1027
-1053
-1046
-1022
-965
-871
-763
-657
-545
-422
-320
-264
-250
-286
-387
-535
-717
-934
-1189
-1465
-1729
-1971
-2178
-2336
-2443
-2488
-2488
-2441
-2319
-2137
-1906
-1636
-1348
-1024
-665
-289
102
484
833
1143
1404
1591
1695
1701
1594
1365
1015
576
89
-436
-998
-1553
-2058
-2486
-2816
-3036
-3138
-3114
-2984
-2761
-2464
-2097
-1653
-1199
-757
-321
99
508
888
1248
1569
1834
2072
2296
2479
2619
2732
2818
2856
2834
2788
2741
2642
2491
2309
2099
1851
1567
1274
952
598
233
-121
-457
-787
-1064
-1272
-1414
-1498
-1509
-1403
-1216
-976
-691
-353
4
343
673
970
1220
1394
1501
1573
1590
1562
1510
1452
1381
1291
1229
1189
1141
1080
1012
929
787
599
380
105
-224
-594
-979
-1369
-1751
-2083
-2359
-2569
-2695
-2736
-2674
-2525
-2310
-2029
-1719
-1384
-1044
-725
-431
-186
15
164
267
327
345
345
330
292
247
208
174
137
107
62
13
-42
-120
-201
-313
-437
-562
-711
-853
-984
-1092
-1178
-1244
-1252
-1219
-1154
-1039
-889
-698
-496
-289
-67
133
311
467
601
696
756
800
831
840
837
845
842
844
852
857
868
856
841
816
754
687
601
501
388
264
171
86
20
-10
-7
31
95
202
329
463
597
734
865
952
1020
1057
1059
1028
965
897
798
693
595
493
407
322
253
197
131
77
22
-38
-108
-197
-284
-362
-461
-553
-615
-658
-682
-680
-632
-555
-464
-335
-190
-47
92
226
344
434
491
526
533
502
454
392
313
213
107
2
-114
-236
-362
-497
-637
-778
-913
-1051
-1178
-1290
-1379
-1437
-1477
-1473
-1436
-1368
-1268
-1153
-1003
-850
-697
-534
-391
-238
-108
4
118
222
324
411
505
594
666
732
785
820
818
784
719
608
469
300
116
-83
-289
-468
-632
-755
-826
-857
-827
-753
-641
-488
-319
-143
30
188
334
451
538
599
635
656
667
677
692
714
755
803
854
905
957
996
1014
1011
970
901
791
651
501
317
127
-49
-224
-366
-481
-549
-575
-571
-508
-425
-319
-187
-50
75
182
277
333
353
346
314
264
194
118
46
-19
-70
-105
-124
-135
-133
-124
-123
-129
-160
-197
-252
-333
-414
-504
-586
-672
-739
-770
-786
-763
-716
-648
-562
-465
-363
-267
-187
-123
-75
-50
-44
-43
-54
-69
-90
-107
-110
-109
-95
-70
-44
-22
-5
6
1
-11
-35
-69
-112
-159
-209
-256
-285
-299
-291
-264
-211
-145
-72
12
94
168
236
296
337
357
374
385
385
392
408
431
467
516
575
638
710
773
820
857
866
845
795
718
613
489
353
204
53
-85
-205
-300
-370
-418
-441
-439
-412
-376
-332
-277
-230
-194
-162
-138
-124
-118
-118
-121
-117
-108
-92
-65
-35
6
51
100
146
190
236
274
298
310
312
298
276
250
214
178
140
95
49
0
-48
-91
-139
-183
-230
-283
-331
-383
-431
-466
-495
-517
-526
-525
-522
-511
-496
-479
-454
-429
-407
-386
-370
-356
-343
-327
-302
-266
-227
-181
-128
-77
-18
41
98
154
207
246
272
283
285
273
252
222
184
146
114
87
70
67
76
101
138
188
240
298
357
400
434
458
461
449
428
396
353
303
255
211
174
147
128
121
124
136
154
166
174
172
164
145
116
77
28
-27
-87
-148
-203
-255
-295
-327
-343
-356
-364
-353
-344
-323
-301
-273
-235
-191
-145
-92
-39
14
76
136
195
253
301
336
359
369
361
334
293
235
168
87
-4
-95
-183
-265
-342
-405
-457
-498
-531
-560
-573
-581
-585
-581
-575
-562
-540
-511
-467
-415
-343
-254
-156
-47
71
191
309
422
527
610
672
716
730
720
691
644
576
495
411
326
238
159
92
31
-17
-56
-91
-115
-137
-156
-170
-194
-220
-241
-265
-287
-306
-321
-325
-320
-306
-280
-243
-198
-143
-88
-29
31
80
126
164
191
203
203
195
182
156
125
93
62
31
3
-21
-43
-56
-63
-67
-65
-56
-45
-27
-4
22
59
99
136
177
221
266
307
347
383
411
435
447
451
445
430
406
370
326
274
214
148
82
11
-58
-127
-192
-255
-308
-357
-401
-432
-456
-469
-475
-474
-465
-450
-430
-404
-373
-339
-306
-271
-235
-201
-167
-134
-103
-73
-51
-26
-4
15
32
46
60
66
73
79
85
84
82
81
75
64
53
41
24
6
-11
-30
-46
-72
-87
-106
-122
-132
-138
-140
-138
-135
-124
-106
-88
-59
-35
-7
23
52
76
96
116
132
148
162
166
168
171
172
177
180
187
194
204
218
227
242
255
275
287
297
307
308
308
304
299
285
270
253
229
206
176
144
109
65
24
-25
-73
-126
-187
-245
-298
-349
-395
-433
-462
-481
-483
-476
-453
-418
-376
-314
-247
-175
-103
-32
39
103
159
209
244
269
278
278
263
234
196
146
92
26
-34
-102
-168
-226
-279
-321
-362
-384
-391
-388
-367
-336
-293
-241
-181
-105
-32
45
119
190
257
315
365
406
438
459
465
463
449
422
384
343
297
238
175
112
46
-21
-81
-144
-205
-253
-295
-334
-358
-376
-380
-375
-358
-334
-305
-260
-210
-158
-99
-37
20
76
138
188
235
274
299
319
328
329
313
289
257
211
161
102
41
-21
-86
-140
-196
-240
-271
-298
-312
-318
-308
-290
-268
-235
-207
-168
-128
-90
-46
-4
38
77
119
163
199
241
280
311
339
361
373
372
366
346
313
273
221
159
92
26
-42
-113
-170
-230
-275
-314
-341
-363
-374
-370
-360
-346
-320
-290
-261
-221
-176
-136
-93
-42
-3
42
82
118
150
178
201
221
234
244
249
251
245
238
227
210
189
160
129
93
54
11
-33
-77
-120
-154
-182
-206
-215
-216
-209
-191
-166
-137
-107
-76
-45
-13
11
29
38
49
56
60
64
73
74
85
99
111
122
132
142
145
144
133
115
86
50
6
-42
-89
-137
-183
-215
-239
-260
-268
-257
-241
-214
-169
-127
-79
-23
27
74
121
161
192
221
241
259
266
265
263
250
242
222
197
172
142
105
64
28
-13
-55
-95
-134
-171
-204
-228
-251
-268
-278
-284
-280
-273
-259
-242
-220
-195
-166
-134
-105
-76
-49
-25
4
28
48
71
84
99
114
129
144
158
168
177
190
197
195
197
195
191
185
177
162
144
129
110
88
69
42
21
-2
-29
-51
-74
-91
-114
-132
-141
-153
-160
-162
-162
-163
-157
-146
-135
-120
-104
-82
-64
-42
-16
1
19
35
43
50
54
53
51
49
45
39
35
28
27
31
33
40
40
45
50
49
53
45
35
33
32
30
25
19
11
17
19
18
15
9
9
2
-3
-9
-16
-25
-33
-35
-42
-51
-52
-56
-60
-65
-68
-68
-70
-72
-65
-62
-55
-45
-39
-27
-18
-14
-6
6
10
19
33
38
48
55
61
68
73
79
83
84
84
75
62
53
39
25
15
4
-6
-13
-20
-21
-20
-23
-26
-34
-38
-40
-43
-50
-50
-50
-48
-42
-39
-29
-19
-10
-2
6
10
13
14
14
14
10
2
0
-4
-9
-12
-12
-13
-15
-13
-6
-3
8
18
23
31
37
42
49
50
47
48
43
41
32
20
11
2
-7
-14
-20
-24
-26
-28
-29
-30
-35
-37
-40
-42
-37
-38
-36
-23
-21
-17
-4
4
13
19
16
22
23
21
27
25
23
19
11
11
10
6
5
4
0
-2
-2
-2
-3
-2
-1
1
1
0
-4
-6
-7
-8
-8
-9
-14
-9
-12
-13
-12
-14
-10
-7
-4
-3
3
3
5
9
5
11
13
13
20
20
24
35
37
39
43
38
35
32
21
15
8
-7
-17
-33
-48
-61
-77
-83
-84
-84
-78
-73
-66
-49
-33
-18
0
18
37
55
70
79
89
96
92
86
77
65
51
38
26
12
0
-16
-32
-44
-51
-56
-60
-60
-56
-52
-46
-42
-40
-39
-33
-27
-21
-11
-4
4
15
21
25
25
34
40
44
49
50
50
48
43
36
26
11
1
-13
-23
-33
-42
-47
-52
-54
-49
-44
-35
-19
-6
8
24
35
42
47
48
44
35
26
16
-1
-15
-31
-46
-46
-50
-57
-47
-35
-25
-3
12
22
42
54
64
73
72
68
62
44
27
3
-21
-38
-58
-69
-73
-82
-84
-79
-73
-70
-53
-41
-21
3
20
38
57
65
69
69
68
72
70
65
62
52
38
25
8
-4
-18
-32
-37
-46
-52
-55
-56
-63
-66
-64
-63
-54
-43
-30
-18
-3
11
25
27
33
40
46
54
61
60
57
56
45
38
20
6
-8
-21
-28
-33
-40
-50
-55
-55
-54
-47
-39
-28
-18
2
16
24
35
41
45
48
44
43
33
24
11
-1
-13
-22
-30
-34
-39
-42
-38
-31
-27
-14
-6
5
20
30
37
39
38
40
34
26
20
11
1
-4
-13
-19
-24
-29
-29
-30
-27
-26
-20
-15
-7
-1
4
14
14
16
14
11
14
15
16
16
16
12
8
2
-6
-8
-10
-11
