-2
-1
-1
2
1
1
-1
-2
0
0
-1
-1
1
0
2
1
-2
-1
1
1
0
-1
-2
0
0
0
1
0
0
-1
0
1
-2
-2
-2
-1
-1
1
1
2
0
0
1
1
2
0
1
-1
0
0
0
1
0
0
-1
-2
-2
-1
2
1
-1
-1
0
0
1
0
0
0
0
-1
-1
0
0
2
0
1
1
1
0
0
1
-1
0
-1
0
-1
-1
0
0
0
0
-2
1
0
1
1
-1
2
0
0
1
1
1
0
1
1
0
0
-1
0
0
0
-1
0
-1
-1
0
-1
-2
0
0
0
1
-1
0
-1
-1
0
-1
-1
2
2
1
0
0
1
0
0
0
0
0
0
0
-1
0
1
1
1
0
2
0
-1
0
0
0
1
-2
-2
-2
-1
0
0
0
0
0
-1
0
-1
-1
-2
-1
0
1
-1
-1
0
2
0
0
0
0
0
-1
1
1
-1
2
2
0
0
1
2
1
0
2
0
0
1
-1
0
1
0
0
0
0
0
0
0
2
2
2
1
0
0
1
0
0
-1
0
-1
0
0
0
0
-1
1
0
0
1
-1
1
1
0
1
0
-1
-2
0
1
0
-2
-1
-1
-1
0
1
-1
1
1
0
-1
-2
0
1
1
0
-1
0
0
0
0
0
0
-1
-1
0
1
1
1
0
0
1
-2
1
-1
0
0
0
0
1
0
-2
0
1
-1
0
0
-1
0
1
0
-1
1
0
1
1
1
1
0
-1
-1
1
0
-1
-1
-1
1
0
0
-1
0
0
-1
0
1
1
0
-2
-1
1
1
0
0
0
-1
-1
-1
-2
0
1
1
1
-1
-1
-1
-1
0
0
0
1
1
-1
0
0
1
1
-1
-1
-1
-1
1
0
0
1
-1
0
0
0
0
0
2
0
0
1
0
0
-1
0
-1
-1
0
-1
1
-1
-2
-2
-3
-2
-3
-2
-2
-3
-4
-3
-1
-1
-1
-1
-3
-2
-1
-1
0
-1
-1
0
0
1
1
1
1
1
1
1
1
0
0
-1
1
0
1
3
2
1
0
0
0
0
0
-2
-1
1
1
1
0
1
0
-1
-1
0
-1
0
-2
-1
0
-1
0
-1
0
1
1
0
-1
-1
1
-2
-2
-1
0
0
-3
-1
0
0
0
-3
0
1
1
0
0
3
3
1
3
5
5
5
5
5
6
6
5
4
5
7
7
3
5
6
3
2
0
1
0
-1
-3
-6
-4
-6
-8
-8
-9
-10
-13
-14
-13
-13
-15
-15
-16
-15
-16
-17
-16
-16
-14
-12
-12
-11
-8
-5
-4
-4
0
3
2
4
8
11
10
13
15
18
19
21
20
23
24
23
23
23
25
22
19
20
19
18
15
13
14
10
8
5
4
2
0
-2
-3
-4
-5
-4
-7
-8
-9
-8
-7
-10
-9
-8
-8
-8
-8
-7
-6
-5
-5
-5
-6
-7
-7
-6
-8
-8
-8
-9
-10
-10
-10
-12
-13
-15
-13
-15
-16
-16
-18
-19
-18
-19
-21
-20
-21
-19
-21
-21
-19
-18
-17
-16
-14
-10
-9
-10
-6
-1
2
4
6
12
16
17
20
25
30
34
35
37
42
45
46
46
47
48
48
47
45
45
42
39
37
33
31
26
24
19
14
13
9
6
3
4
2
1
0
-1
1
1
-2
-2
1
2
1
-1
-3
-5
-9
-13
-16
-20
-24
-32
-40
-46
-50
-56
-62
-67
-73
-78
-82
-82
-81
-80
-82
-82
-77
-71
-64
-58
-53
-48
-41
-32
-27
-19
-9
1
7
6
6
14
26
30
28
26
26
34
41
43
47
50
55
66
76
83
87
90
97
105
109
115
124
133
130
119
112
113
112
99
89
89
89
78
54
36
31
23
7
-8
-5
3
-8
-39
-74
-101
-113
-119
-124
-137
-163
-197
-226
-248
-266
-287
-296
-290
-293
-312
-326
-315
-284
-256
-240
-219
-185
-142
-98
-54
-11
32
72
113
156
197
232
261
283
301
317
335
348
352
348
348
349
342
330
324
325
321
295
262
246
251
255
223
164
115
91
69
18
-39
-79
-107
-157
-234
-292
-313
-332
-373
-413
-424
-426
-436
-441
-417
-383
-368
-353
-300
-228
-187
-182
-164
-105
-52
-38
-44
-32
-1
7
-33
-75
-78
-64
-84
-138
-163
-147
-151
-195
-222
-185
-139
-145
-151
-82
8
13
-32
2
138
243
249
237
295
393
462
511
571
624
655
720
855
1000
1050
1002
977
1064
1177
1181
1124
1189
1361
1311
845
323
273
613
684
190
-388
-580
-632
-1002
-1502
-1602
-1360
-1386
-1845
-2235
-2196
-1979
-1892
-1797
-1534
-1311
-1304
-1239
-809
-234
58
105
289
675
959
1032
1142
1396
1565
1465
1258
1174
1171
1091
930
739
494
179
-85
-206
-317
-557
-824
-932
-955
-1090
-1274
-1255
-1056
-996
-1163
-1219
-940
-611
-568
-652
-494
-141
41
8
71
358
610
641
628
742
882
921
960
1075
1116
989
885
966
1037
873
616
558
617
506
184
-82
-146
-206
-397
-623
-747
-808
-923
-1081
-1184
-1205
-1183
-1156
-1103
-1042
-980
-853
-692
-502
-337
-180
5
206
385
522
693
857
1024
1133
1191
1242
1314
1409
1469
1492
1458
1412
1372
1315
1237
1189
1162
1140
1112
1025
774
342
3
7
215
149
-342
-820
-965
-1018
-1361
-1769
-1779
-1495
-1479
-1919
-2284
-2140
-1738
-1542
-1530
-1404
-1105
-839
-623
-305
108
439
604
786
1049
1268
1369
1449
1579
1627
1441
1154
984
921
776
452
94
-207
-491
-788
-1040
-1230
-1474
-1741
-1843
-1785
-1792
-1951
-2025
-1813
-1527
-1428
-1366
-1083
-674
-457
-396
-169
217
550
723
908
1160
1302
1343
1453
1681
1826
1788
1722
1746
1788
1806
1786
1769
1705
1556
1482
1519
1556
1450
1261
1188
1191
1099
821
616
608
577
478
379
334
-97
-1044
-1542
-859
199
-151
-1748
-2564
-1683
-707
-1449
-2651
-2237
-696
-389
-1745
-2563
-1512
-92
25
-604
-591
18
219
262
692
1225
1137
701
835
1336
1347
816
635
995
1074
432
-263
-382
-227
-348
-786
-1172
-1408
-1597
-1783
-1935
-2072
-2160
-2010
-1757
-1763
-2073
-2141
-1627
-976
-791
-965
-835
-317
86
161
244
604
964
1028
953
1005
1154
1248
1299
1312
1160
869
718
803
831
542
149
35
64
-107
-445
-583
-487
-520
-794
-985
-869
-693
-718
-805
-661
-458
-414
-401
-140
268
369
221
307
789
1182
1102
966
1222
1692
1779
1426
1278
1636
2020
1886
1537
1528
1847
1949
1725
1476
1378
1315
1328
1502
1412
1074
962
1602
1729
-62
-2258
-1775
1575
3114
183
-3748
-3575
-305
431
-2341
-3918
-1707
334
-1348
-4297
-3964
-1145
102
-1026
-1903
-1291
-937
-964
-155
1371
1511
92
-363
1091
2414
1883
939
1214
2023
1706
635
187
540
793
443
-159
-955
-1709
-1875
-1329
-1075
-1990
-3147
-3055
-2000
-1733
-2734
-3413
-2624
-1439
-1423
-2205
-2300
-1399
-566
-520
-790
-782
-432
13
420
632
504
282
374
734
924
791
627
692
822
754
544
426
448
565
673
673
423
135
151
522
869
704
339
335
791
983
721
640
1203
1773
1376
715
973
2271
2909
2307
1607
2015
3024
3157
2666
2399
3071
3682
3551
1948
-190
-519
1893
4375
2594
-1812
-3477
-270
1875
-964
-4634
-3320
653
200
-4148
-5928
-2350
548
-746
-3020
-2301
-528
-780
-1220
239
2031
1037
-592
187
2509
2726
1080
895
2471
3033
1316
89
778
1822
1258
20
-446
-479
-912
-1460
-1387
-1337
-1945
-2736
-2660
-2062
-1987
-2572
-2863
-2391
-1844
-1835
-2113
-1979
-1518
-1263
-1463
-1556
-1111
-473
-334
-751
-930
-553
-111
-263
-555
-316
146
-53
-852
-1086
-553
-148
-629
-1275
-1373
-1201
-1321
-1615
-1646
-1681
-1849
-2009
-1866
-1782
-1903
-1881
-1530
-1179
-1193
-1137
-742
-240
-96
39
571
1168
1241
1113
1589
2578
3062
2734
2538
3090
3724
3633
3372
3564
4040
3896
3378
3232
3689
3892
3502
3206
3179
3284
3048
3101
3026
2889
2771
2998
2359
-411
-2630
-985
3636
4219
-987
-5736
-3601
1163
359
-4722
-5817
-799
1562
-2687
-7352
-5058
325
1356
-1683
-3065
-1102
193
163
753
2521
2471
870
789
2870
4087
2743
1714
2447
3361
2252
533
69
577
628
-122
-949
-2046
-3076
-3378
-2814
-2859
-4034
-4948
-4412
-3355
-3537
-4497
-4629
-3434
-2274
-2122
-2520
-2472
-1665
-830
-546
-638
-413
171
579
460
274
538
868
784
326
246
411
282
-218
-457
-119
-106
-791
-1610
-1542
-1061
-1058
-1630
-2112
-2105
-1999
-1916
-1868
-1873
-1989
-1813
-1410
-1187
-1220
-999
-276
352
463
435
952
1695
2133
2352
2793
3325
3695
3862
3892
3969
4053
4586
5159
5144
4158
3419
3890
4859
5033
4076
3118
3069
3551
3564
3082
2530
2887
3506
3815
607
-3537
-3517
2218
6670
2084
-5735
-7346
-206
2696
-2451
-7343
-3718
2206
-47
-6665
-7755
-933
2424
-495
-3847
-1923
526
-77
-452
1923
4119
1719
-752
659
4255
4304
1883
1085
2507
2834
801
-463
82
526
-588
-1617
-2058
-2779
-4041
-4343
-3387
-3162
-4880
-6371
-5648
-3890
-3451
-4572
-5193
-4393
-2975
-2434
-2491
-2422
-1635
-666
-396
-892
-1081
-147
892
1101
431
41
57
171
141
307
355
-345
-1159
-1269
-712
-647
-1243
-1790
-1628
-1466
-1813
-2106
-1904
-1614
-1632
-1587
-1461
-1418
-1584
-1262
-241
333
-77
-376
423
1515
1769
1558
1927
2869
3209
2921
3120
3961
4393
4257
4158
4282
4195
3909
4334
4934
4728
3342
2745
3559
4286
3908
2893
2446
2652
2950
3003
2650
2326
2407
3290
3764
6
-4410
-3577
3896
7580
1052
-7700
-6974
1894
3123
-4279
-8580
-2098
3615
-986
-8986
-7868
507
2710
-1990
-4977
-1676
356
-1018
-1350
1992
3592
285
-1799
779
4083
2882
646
987
2610
1893
-334
-544
430
87
-1235
-1301
-1152
-2582
-4351
-3966
-2044
-2142
-4626
-5871
-4156
-2167
-2565
-4252
-4461
-2811
-1472
-1576
-2101
-1673
-492
426
163
-732
-631
617
1564
1048
120
28
523
425
-148
-131
177
-274
-1304
-1571
-937
-765
-1588
-2119
-1574
-1023
-1496
-2205
-1999
-1126
-646
-735
-1025
-1020
-616
190
865
850
693
1087
2035
2402
2148
2194
3057
3877
3715
3255
3304
4048
4514
4273
3977
3930
4078
3840
3786
3875
3781
3280
2643
2694
3098
3187
2736
1995
1824
2409
3038
2849
1896
2086
2940
3837
681
-3896
-3733
2636
7406
2192
-6109
-7547
353
3040
-3316
-8360
-3606
2991
-417
-8229
-9158
-1197
2012
-2111
-5490
-2625
-114
-1920
-2678
430
3235
280
-2619
-813
3051
2769
255
5
1480
1648
-314
-1041
-559
-529
-1365
-1347
-1267
-2794
-4559
-4379
-2474
-2167
-4316
-5880
-4487
-2449
-2667
-4394
-4777
-3122
-1608
-1664
-2372
-1974
-799
123
-135
-911
-675
623
1414
661
-57
331
1171
815
-238
-178
822
845
-550
-1238
-459
213
-547
-1450
-973
-2
-278
-1359
-1388
-329
379
62
-425
-293
216
706
977
1227
1398
1603
1844
1984
2178
2528
3098
3340
3165
2925
2923
3459
3933
4092
3722
3280
3205
3225
3674
3570
3276
2679
2445
2642
2657
2592
2157
2028
1891
2203
2583
2453
2114
2341
3383
3344
-659
-4748
-2861
4635
7245
38
-7974
-6418
1689
1732
-5477
-8106
-1153
2854
-3258
-10366
-7756
425
1315
-3443
-5297
-1930
-1026
-2649
-1717
2203
3047
-866
-2453
710
3836
2425
565
1206
2395
1333
-506
-332
503
-23
-1158
-1099
-1256
-2935
-4325
-3492
-1721
-2217
-4772
-5831
-4018
-2058
-2532
-4243
-4646
-3072
-1572
-1545
-2120
-1739
-457
304
-263
-1184
-560
1038
1659
638
-138
364
1055
673
-118
315
1053
524
-1031
-1287
-113
602
-200
-1294
-1068
-313
-256
-902
-832
-154
320
178
-183
-160
334
1200
1732
1599
1029
1000
1897
2915
3073
2587
2372
2844
3321
3424
3354
3679
4373
4293
3417
2672
3510
4791
5175
3845
2199
2292
3370
4151
3433
2822
2279
2499
2629
2429
2664
3186
4206
3811
1514
-3017
-4342
12
5618
4824
-2795
-7859
-5123
334
-1114
-5915
-5972
-1388
-921
-6603
-9897
-5749
158
-614
-4737
-5736
-3303
-1909
-1685
-206
1565
819
-1638
-1211
1867
3408
2221
1487
2172
2218
741
-78
987
1744
471
-1153
-1414
-1553
-2441
-3198
-2612
-1973
-3094
-5237
-5671
-3817
-2309
-2778
-4502
-5013
-3673
-2081
-1800
-2234
-1838
-677
85
-662
-1543
-772
1200
2103
1184
15
82
1062
1444
1082
895
947
485
-212
-419
166
681
431
-575
-1218
-1099
-638
-241
-438
-751
-924
-600
-613
-669
-363
385
947
488
-67
44
1241
2006
2075
1731
1610
1933
2258
2712
2973
3521
3640
3257
2532
2594
3851
4933
4509
2774
2168
2950
3867
3587
3229
3335
3409
2752
2123
2691
3640
4291
4015
3110
148
-2959
-2689
2167
5777
2469
-4253
-6668
-2744
-446
-2932
-5712
-3504
-935
-3532
-8152
-7974
-2868
-552
-2764
-5261
-4088
-2431
-2259
-1715
388
1487
-288
-1416
400
3073
2754
1264
1683
3370
2975
722
-3
1418
2329
901
-796
-1280
-1155
-1789
-2388
-2207
-2017
-2963
-4359
-4383
-3214
-2421
-3144
-3972
-3642
-2369
-1774
-2077
-2011
-910
306
112
-767
-858
533
1775
1924
1297
981
1127
1197
1403
1641
1698
982
457
472
771
486
-118
-270
-208
-368
-886
-914
-895
-1057
-1280
-813
-233
-515
-1244
-1128
169
929
588
49
543
1354
1619
1564
1915
2501
2561
2527
2849
3396
3380
3214
3495
3990
3910
3462
3649
3986
3655
2855
3192
4310
4440
2961
1951
3020
4341
4116
2833
2324
1351
-1029
-2760
-628
3302
3118
-1781
-5823
-4735
-2582
-3248
-4930
-3613
-1642
-3743
-7960
-8266
-3748
-997
-2508
-4479
-3223
-1606
-2186
-2409
243
3088
2070
-440
-251
2611
3852
2801
2161
2883
2792
1019
-15
673
1441
490
-1041
-1929
-2428
-3269
-3792
-3329
-2842
-3437
-4704
-5155
-4659
-4029
-3859
-3651
-3174
-2759
-2715
-2565
-1765
-620
117
-11
-329
-57
856
1484
1472
1262
1396
1582
1258
703
646
1117
1158
513
-313
-618
-517
-423
-585
-845
-1107
-1443
-1635
-1665
-1415
-1070
-783
-904
-1114
-932
-320
282
433
588
991
1470
1458
1549
2227
3097
3302
2890
2928
3639
4347
4306
4074
4038
4195
4229
4200
4130
4021
3798
3664
3567
3327
3224
3449
3595
2937
2510
2804
3401
2118
-582
-2202
-762
1792
1883
-271
-2663
-2970
-2912
-3247
-3867
-3146
-2055
-2635
-4556
-6113
-5163
-3397
-2068
-2207
-2394
-2491
-2412
-1606
-194
1277
1291
839
813
1867
2511
2342
2206
2458
2582
1837
1012
342
-5
-393
-518
-724
-1832
-3576
-4519
-3907
-3166
-3470
-4578
-5028
-4678
-4312
-4477
-4382
-3582
-2648
-2197
-2399
-2314
-1625
-294
477
631
389
542
1225
1719
1838
1518
1619
1431
1172
703
725
923
653
-116
-938
-879
-898
-1031
-1467
-1285
-1108
-1410
-2093
-2299
-1394
-615
-411
-890
-789
-263
404
731
917
1470
1901
2193
2146
2492
3143
3882
4309
4123
3942
3934
4644
5554
5981
5414
4403
4320
4793
5204
4841
4407
4413
4378
4024
3278
3353
3673
3655
2465
80
-1765
-1755
693
2042
636
-2813
-4550
-3806
-3349
-3974
-4328
-2607
-2338
-4531
-7243
-6349
-3124
-1617
-2468
-3343
-2317
-1735
-1540
-946
1065
2243
1696
958
1458
2589
2509
2415
2791
3169
1915
116
-520
75
367
-706
-1886
-2798
-3501
-4529
-5005
-4677
-4180
-4471
-5411
-5693
-5270
-4808
-4713
-4131
-3095
-2382
-2676
-2869
-1800
-34
566
-17
-148
884
2023
1898
1270
1143
1837
1726
988
430
648
777
112
-727
-1185
-1028
-1460
-1900
-1950
-1526
-1731
-2378
-2595
-2083
-1343
-1270
-1188
-763
-112
18
186
670
1449
2007
2285
2493
2741
3041
3355
4007
4459
4523
4304
4496
5097
5791
5765
4961
4226
4456
5237
5656
4995
3925
3626
4189
4629
3868
2969
2462
2917
1933
-558
-2664
-1312
1701
1793
-1506
-4872
-4079
-2595
-2977
-4923
-4025
-1928
-2415
-5290
-6548
-3780
-1531
-1685
-3104
-2050
-630
-504
-897
113
2012
2272
1706
1585
2756
2954
2536
2455
2934
2633
1198
214
60
316
-433
-1481
-2450
-3076
-3720
-4333
-4773
-5173
-5151
-5155
-5049
-5268
-5366
-5217
-4628
-3924
-3370
-2826
-2441
-1867
-1280
-779
-663
-187
860
1857
1800
871
507
1259
1955
1569
889
699
693
95
-653
-771
-380
-623
-1459
-1875
-1725
-1734
-2014
-1897
-1312
-913
-1216
-1477
-903
77
768
1156
1460
1659
2010
2665
3451
3872
3699
3800
4706
5583
5314
4757
5043
6138
6576
5641
4554
4890
6025
6050
5064
4149
4343
4860
4840
3906
3195
2883
2690
2134
430
-1608
-1933
373
1732
-166
-4003
-5098
-3168
-2232
-4105
-5160
-3120
-1931
-3832
-6308
-5073
-2108
-1152
-2407
-2224
-578
-334
-930
-174
2088
2788
1909
1428
2665
3313
2410
1861
2519
2885
1495
10
-526
-254
-853
-2024
-2800
-3283
-4188
-5304
-5584
-5431
-5354
-5994
-6379
-6272
-5988
-5913
-5505
-4597
-4015
-3939
-4025
-3361
-2546
-1895
-1351
-333
258
-236
-912
-608
616
1259
1038
493
320
-169
-689
-619
-64
-40
-916
-1752
-2010
-1812
-1935
-1977
-1694
-1382
-1508
-1777
-1635
-1097
-339
200
607
924
1283
1773
2420
3060
3464
3873
4272
4676
4972
5328
6022
6842
7025
6210
5608
6225
7412
7437
6211
5514
6144
6740
5959
4796
4652
5055
4789
3312
1061
-1061
-1301
888
2659
702
-3745
-5378
-3256
-2006
-4388
-6088
-3738
-1269
-3329
-7299
-6888
-2812
-579
-2048
-3020
-1659
-456
-629
-155
2054
3411
2829
2116
3120
4196
3896
3329
3883
4618
3731
1989
929
1098
1137
451
-701
-1952
-3158
-4092
-4376
-4515
-4925
-5844
-6481
-6640
-6535
-6510
-6476
-6115
-5683
-5327
-5296
-5131
-4731
-3796
-2617
-1694
-1513
-1899
-1873
-1169
-70
439
476
422
493
304
-135
-266
74
531
121
-912
-1753
-1633
-1117
-995
-1392
-1847
-1937
-2055
-2103
-1784
-949
-449
-600
-850
-413
606
1342
1724
2191
2956
3289
3272
3663
4973
6373
6790
6337
6130
6767
7501
7874
8008
8295
8428
8318
8066
7831
7351
6725
6493
6073
3995
618
-463
2151
4488
1758
-3772
-5677
-3086
-1929
-4934
-7018
-4690
-2308
-4889
-8890
-8175
-3823
-1998
-3656
-4265
-2360
-1063
-1552
-882
1775
3544
2835
2198
3425
4794
4624
4160
4840
5371
4311
2546
1980
2302
2077
888
-383
-1327
-2383
-3571
-4453
-4629
-4667
-5164
-6248
-7150
-7231
-6757
-6444
-6557
-6437
-5977
-5693
-5902
-5756
-4536
-2955
-2276
-2684
-2917
-2359
-1450
-781
-226
270
250
-289
-642
-205
336
228
-313
-585
-773
-1407
-1958
-1702
-990
-1129
-2163
-2904
-2607
-2025
-1879
-1750
-1342
-1097
-1391
-1414
-603
636
1279
1273
1326
1812
2668
3606
4573
5085
5202
5356
6030
6802
7180
7443
7963
8812
9087
8573
7676
7406
7978
8191
6519
3262
1739
3634
6050
4416
-223
-2548
-1091
-300
-2937
-4847
-2909
-823
-3403
-7564
-7329
-3595
-2117
-3984
-4504
-2472
-1400
-2732
-2852
-77
2422
2181
1101
1673
2812
3110
3247
4265
4874
3922
2578
2349
2763
2422
1572
1093
828
-233
-1922
-2967
-2682
-2009
-2357
-3860
-5194
-5277
-4598
-4386
-4822
-4997
-4725
-4687
-5165
-5138
-4161
-3051
-2851
-3176
-3172
-2888
-2650
-2296
-1299
-437
-603
-1593
-1911
-1110
-261
-346
-1032
-1325
-1300
-1352
-1605
-1577
-1370
-1225
-1205
-1236
-1531
-2134
-2213
-1256
-23
-17
-1008
-1450
-483
714
902
484
739
1915
2840
2796
2265
2411
3478
4806
5408
5105
4600
4829
5969
6984
6868
5945
5806
6466
5823
2937
964
3197
7061
6554
1134
-2552
-666
2106
531
-2403
-1331
1506
-53
-4854
-5641
-1241
1602
-558
-2896
-1526
420
-359
-1204
971
3543
2866
583
601
2543
3387
2778
2689
3138
2449
854
194
871
1230
409
-860
-1695
-2187
-2710
-3230
-3553
-3537
-3493
-3834
-4558
-4836
-4271
-3657
-3938
-4574
-4228
-3036
-2282
-2459
-2404
-1657
-1106
-1427
-1702
-925
157
393
-190
-447
-287
-287
-589
-533
-174
-406
-1329
-2053
-1833
-1502
-1768
-2387
-2371
-1882
-1803
-2442
-3077
-2841
-2042
-1319
-1307
-1590
-1707
-1184
-424
-27
-90
59
1062
2114
2297
1566
1515
2645
4093
4435
3903
3679
4215
4962
4986
4622
4417
4808
4404
2245
-458
-409
2824
4874
2190
-2629
-3797
-1496
-575
-2658
-3200
-560
671
-2564
-5701
-3569
915
2075
28
-306
1588
2486
1777
2521
5111
6345
5132
3942
4627
5552
5552
5370
5683
5239
3532
1972
1710
2028
1569
436
-801
-1840
-2874
-3711
-4209
-4405
-4456
-4629
-5089
-5757
-5993
-5597
-5043
-4913
-4892
-4414
-3648
-3088
-2693
-2002
-1280
-1019
-1007
-500
412
903
855
920
1340
1357
760
340
633
949
593
-19
-365
-728
-1493
-1911
-1395
-726
-1146
-2372
-2950
-2418
-1765
-1781
-1878
-1497
-946
-927
-1212
-1065
-214
887
1510
1415
1004
1146
2044
3140
3607
3464
3354
3626
4064
4177
3978
3829
4128
4224
2848
30
-1651
-184
2388
2091
-1377
-3967
-3685
-3056
-4215
-4890
-3119
-1616
-3473
-6311
-5706
-2515
-1030
-1883
-1608
478
1398
380
634
3499
5928
5687
4631
5207
6443
6580
6211
6658
7208
6478
4963
4027
3738
3151
2338
1875
1401
142
-1647
-2751
-2784
-2446
-2647
-3385
-4085
-4369
-4475
-4835
-5032
-4473
-3219
-2554
-3028
-3719
-3295
-1978
-1085
-847
-649
-161
-158
-437
-205
746
1228
618
-158
-197
252
74
-493
-886
-839
-1087
-1610
-1834
-1561
-1337
-1712
-2165
-2313
-1924
-1637
-1409
-1226
-955
-919
-1072
-770
94
1104
1292
1120
1087
1660
2306
2992
3740
4167
4012
3492
3722
4351
4804
4403
3396
1460
-747
-1164
1002
3059
1181
-3091
-5371
-4258
-3658
-5102
-5587
-3498
-2478
-5520
-8660
-7418
-3309
-1813
-3083
-3315
-1436
-347
-928
-366
2179
4431
4425
3941
4425
5184
5268
5466
6444
6975
6151
4531
3541
3296
3485
3631
3082
1597
-146
-979
-1043
-1072
-1309
-1315
-1366
-2114
-3128
-3527
-3022
-2412
-1837
-1178
-926
-1529
-2163
-1435
108
926
472
100
469
920
906
819
1132
1167
610
-103
-146
116
23
-503
-1118
-1525
-1793
-1660
-1287
-1100
-1576
-2262
-2459
-2044
-1506
-1292
-1109
-962
-1043
-1397
-1228
-220
856
1077
636
600
1042
1525
1932
2702
3536
3735
3386
3297
3696
4008
4027
3445
1761
-561
-1025
1479
3758
1886
-2639
-4621
-3226
-2635
-4470
-4831
-2137
-1045
-4770
-8627
-6999
-2381
-1040
-3119
-3541
-1382
-585
-2149
-2184
947
3607
3027
1445
1776
3046
3209
2881
3622
4594
3955
2108
1014
1328
1910
1796
1034
49
-928
-1704
-2029
-1857
-1402
-1162
-1424
-1998
-2360
-2356
-2189
-1751
-710
577
953
201
-392
284
1539
2192
2365
2777
3066
2324
1176
1194
2485
3206
2316
946
421
411
-18
-486
-251
161
-395
-1638
-2184
-1670
-1173
-1377
-1616
-1353
-1137
-1474
-1728
-1237
-475
-171
-70
353
636
300
128
1095
2491
2717
1742
1229
2118
3402
3698
3104
2710
2719
1716
-1023
-3035
-1173
3106
3911
-994
-6050
-5755
-2809
-3012
-5205
-4048
-680
-1676
-7078
-9046
-4472
49
-773
-3029
-1834
257
-814
-2445
-197
3841
4555
2299
1416
2641
3117
2434
2916
4486
4413
2103
137
154
849
744
162
-275
-1042
-2497
-3726
-3708
-2764
-2069
-2170
-2724
-3279
-3682
-3798
-3212
-1766
-192
372
-219
-756
-238
907
1771
2434
3338
3934
3317
2116
2104
3541
4584
3969
2755
2417
2656
2262
1390
1244
1870
1943
815
-386
-447
163
222
-302
-532
-378
-560
-1210
-1438
-752
126
368
17
-369
-420
-53
669
1434
1673
1301
1010
1490
2493
2989
2681
2363
2181
806
-1780
-2575
425
3841
2441
-2728
-5416
-3675
-2437
-4526
-5620
-2580
-173
-3504
-8595
-8212
-3309
-956
-2731
-3510
-1396
-407
-2208
-2766
189
3206
3126
1865
2055
2707
2233
1912
3219
4561
3768
1624
460
627
757
335
24
-170
-984
-2386
-3384
-3318
-2634
-2165
-2346
-2993
-3699
-3965
-3620
-2835
-1904
-1155
-889
-1145
-1365
-941
101
1055
1661
2091
2297
2023
1642
2001
3038
3645
3079
2208
2110
2657
2788
2283
1948
2109
2112
1592
1231
1438
1718
1521
1237
1227
1168
735
479
956
1654
1733
1264
1094
1366
1614
1628
1738
2053
2541
2964
3052
2619
2083
2086
1948
330
-2058
-1904
1354
3285
43
-4927
-5780
-3276
-2832
-5101
-5145
-2435
-2277
-6487
-8957
-5818
-1730
-2025
-4284
-3508
-1070
-988
-2542
-1533
1603
3006
1818
1104
2068
2551
1863
1656
2804
3244
1913
104
-514
-322
-349
-690
-1272
-2061
-3126
-3708
-3665
-3321
-3204
-3357
-3701
-4035
-3795
-3004
-2058
-1644
-1461
-1121
-573
-85
409
1274
2251
2794
2536
2299
2695
3498
3893
3587
3129
2901
2963
2943
2788
2347
1913
1739
1688
1451
923
776
1184
1618
1184
337
26
461
943
1018
1224
1483
1492
1171
1348
2024
2496
2340
2209
2791
3361
3328
2826
2822
2923
1785
-985
-2732
-663
3266
3675
-1163
-5680
-5316
-2718
-3020
-4885
-3891
-1338
-2611
-7321
-8665
-4713
-1159
-2103
-3811
-2592
-826
-1663
-2700
-570
2568
2928
1251
1158
2496
2639
1567
1800
3337
3455
1369
-608
-714
-179
-398
-1217
-1893
-2674
-3764
-4576
-4647
-4451
-4591
-4829
-4832
-4631
-4510
-4277
-3729
-3025
-2488
-2033
-1357
-413
578
1337
1832
2067
2324
2952
3910
4532
4478
4142
4060
4171
4159
4153
4208
3987
3329
2788
2640
2469
1982
1807
2227
2273
1181
-95
-49
994
1532
1074
605
662
933
1167
1551
1983
2089
2112
2512
3038
2927
2545
2803
3121
1578
-1392
-2194
943
4150
2529
-2272
-4495
-2987
-2378
-4232
-4458
-1575
-633
-4665
-8538
-7069
-3221
-2720
-4455
-3843
-1510
-1703
-3945
-3705
-434
1785
1249
753
1727
2269
1380
1097
2554
3815
3192
1733
1049
747
21
-664
-516
-262
-1090
-2784
-4129
-4590
-4699
-4791
-4686
-4298
-4226
-4838
-5630
-5686
-4699
-3225
-2018
-1546
-1682
-1820
-1237
116
1583
2501
2812
2791
2610
2606
3187
4291
5109
5024
4361
3859
3642
3417
3307
3644
4134
3940
2840
1586
1058
1359
1961
2355
2310
1868
1303
1092
1459
2199
2851
3146
3190
3252
3388
3442
3479
3718
3703
2281
-243
-1109
1511
4763
3929
-712
-3855
-2995
-1626
-2511
-3041
-1001
67
-3394
-7821
-7511
-3669
-2005
-3400
-3881
-2628
-2877
-4969
-5122
-2121
483
278
-772
-642
-320
-857
-912
569
2058
1790
317
-759
-1116
-1273
-1263
-948
-818
-1477
-2779
-4052
-4745
-4631
-3905
-3260
-3320
-4003
-4697
-4944
-4586
-3647
-2424
-1524
-1352
-1661
-1779
-1185
157
1667
2464
2255
1695
1689
2377
3252
3930
4321
4295
3880
3466
3405
3533
3638
3909
4298
4114
2942
1652
1486
2425
3152
2802
1949
1585
1740
1796
1627
1692
2218
2870
3170
2910
2364
2221
2856
3281
2018
-242
-617
1868
3950
2500
-644
-1551
-496
-884
-2479
-1636
1430
1688
-2367
-5435
-3557
-266
-402
-2414
-2079
-98
-386
-2741
-3220
-941
761
201
-582
-248
-173
-1197
-1698
-615
510
20
-1430
-2267
-2354
-2462
-2757
-2845
-2900
-3441
-4306
-4734
-4525
-4228
-4158
-4107
-3853
-3680
-3712
-3598
-2995
-2178
-1560
-1173
-834
-427
-13
431
893
1374
1765
2038
2161
2201
2238
2336
2462
2557
2660
2692
2613
2469
2409
2312
2044
1699
1644
1908
2040
1727
1347
1399
1751
1919
1839
1989
2437
2750
2691
2674
3005
3477
3721
3485
2384
487
-620
786
3610
4182
1221
-1921
-2101
-919
-1311
-2163
-913
912
-492
-4275
-5407
-2567
-182
-1204
-2763
-1718
119
-453
-2331
-2198
55
1698
1480
705
436
381
228
409
1013
1376
952
-121
-1196
-1795
-1847
-1808
-2098
-2808
-3504
-3905
-4257
-4637
-4697
-4107
-3360
-3167
-3637
-3894
-3297
-2120
-1074
-498
-108
355
846
1085
1361
2058
3043
3603
3456
3035
2867
3009
3217
3405
3436
3194
2714
2333
2105
1827
1389
1016
893
852
533
8
-311
-245
36
231
259
264
433
735
1124
1503
1745
1761
1629
1240
188
-1187
-1307
813
3117
2447
-933
-3167
-2348
-1088
-1634
-2168
-581
744
-1364
-4909
-5099
-1810
227
-1065
-2480
-1325
306
-351
-2040
-1732
571
2241
1959
839
315
421
607
699
897
1160
1004
-44
-1679
-2694
-2532
-1964
-2246
-3323
-4184
-4470
-4798
-5333
-5305
-4459
-3574
-3588
-4140
-4182
-3237
-1914
-882
-154
614
1525
2187
2486
2907
4071
5549
6328
6116
5784
6070
6617
6790
6576
6433
6403
6204
5675
5022
4393
3779
3231
2914
2699
2184
1256
320
-150
-178
-132
-316
-616
-760
-685
-618
-687
-715
-656
-1045
-2315
-3514
-2911
-521
939
-530
-3197
-3845
-2536
-2071
-2989
-2803
-802
-1
-2243
-4782
-4172
-1600
-677
-1888
-2506
-1325
-310
-1099
-2515
-2434
-729
879
947
-296
-1469
-1499
-691
-197
-501
-1025
-1224
-1501
-2424
-3532
-3832
-3283
-3005
-3648
-4607
-5035
-5012
-5080
-5116
-4543
-3533
-3097
-3597
-4074
-3369
-1705
-271
395
853
1557
2199
2598
3258
4563
5914
6470
6280
6186
6605
7113
7277
7263
7406
7543
7247
6547
5974
5728
5610
5423
5006
4380
3752
3190
2701
2345
2074
1812
1541
1216
888
653
539
576
663
259
-1132
-2745
-2679
-414
1568
578
-2400
-3866
-2716
-1465
-1947
-2559
-1572
-460
-1487
-3669
-3979
-2023
-561
-1243
-2484
-2214
-882
-554
-1820
-3014
-2438
-569
429
-644
-2553
-3176
-2191
-1292
-1748
-2862
-3359
-3258
-3514
-4401
-5136
-5056
-4633
-4825
-5710
-6418
-6277
-5651
-5381
-5526
-5339
-4570
-3978
-4078
-4177
-3294
-1697
-554
-275
-129
481
1307
2025
2778
3605
4111
4135
4143
4545
5104
5349
5265
5166
5136
5042
4901
5008
5287
5060
4321
3853
3980
4299
4227
3710
3374
3564
3714
3358
2803
2652
3050
3396
3153
2575
2259
2194
1734
844
576
1522
2532
2041
268
-1027
-866
-65
180
-241
-715
-960
-1183
-1465
-1595
-1519
-1447
-1501
-1610
-1606
-1463
-1419
-1634
-1894
-1849
-1518
-1273
-1317
-1501
-1620
-1673
-1721
-1770
-1845
-2001
-2141
-2115
-2064
-2273
-2705
-3028
-3053
-2927
-2882
-2954
-3055
-3159
-3234
-3187
-3042
-2915
-2828
-2682
-2461
-2276
-2169
-1993
-1636
-1218
-932
-785
-668
-541
-351
8
515
932
1048
957
905
1051
1371
1745
2155
2521
2604
2345
2156
2325
2687
2973
3103
3174
3195
3017
2637
2385
2469
2710
2800
2569
2117
1690
1469
1423
1304
1017
793
801
852
647
230
-73
-64
105
143
-37
-259
-312
-203
-113
-148
-244
-264
-187
-130
-132
-126
-78
-35
-56
-152
-280
-349
-326
-316
-411
-563
-662
-725
-858
-1047
-1148
-1116
-1088
-1172
-1299
-1377
-1400
-1414
-1433
-1425
-1364
-1267
-1197
-1197
-1227
-1189
-1039
-865
-747
-659
-545
-415
-307
-208
-79
67
184
289
413
537
635
705
787
880
943
988
1052
1149
1264
1355
1395
1389
1372
1375
1412
1475
1523
1535
1501
1425
1323
1226
1165
1141
1124
1081
976
826
666
530
410
304
202
84
-64
-250
-459
-663
-854
-1044
-1233
-1408
-1570
-1731
-1905
-2067
-2191
-2288
-2374
-2436
-2452
-2427
-2387
-2349
-2309
-2255
-2174
-2064
-1934
-1801
-1661
-1519
-1377
-1229
-1070
-916
-776
-639
-499
-346
-200
-69
67
193
300
373
417
487
577
667
752
821
870
898
917
952
1017
1100
1172
1227
1263
1294
1319
1345
1380
1435
1505
1548
1553
1560
1604
1664
1710
1752
1799
1849
1892
1924
1970
2016
2047
2067
2071
2064
2035
1985
1934
1877
1804
1705
1575
1438
1316
1188
1032
851
668
495
320
139
-33
-202
-406
-634
-841
-1012
-1170
-1341
-1509
-1657
-1823
-2011
-2177
-2283
-2358
-2447
-2550
-2652
-2743
-2845
-2923
-2946
-2948
-2961
-2982
-2997
-2999
-2995
-2949
-2859
-2730
-2596
-2471
-2345
-2212
-2040
-1834
-1606
-1380
-1165
-941
-718
-529
-356
-157
63
268
441
612
771
896
988
1092
1224
1359
1463
1548
1632
1707
1766
1822
1896
1988
2083
2158
2205
2254
2332
2419
2479
2517
2577
2649
2685
2682
2679
2704
2707
2662
2606
2555
2479
2367
2264
2185
2090
1938
1768
1625
1486
1323
1138
980
829
644
435
230
40
-151
-357
-561
-758
-951
-1141
-1328
-1523
-1691
-1814
-1930
-2058
-2173
-2241
-2289
-2345
-2382
-2377
-2348
-2335
-2329
-2287
-2216
-2161
-2120
-2049
-1949
-1869
-1822
-1770
-1691
-1609
-1553
-1503
-1435
-1373
-1330
-1295
-1260
-1219
-1175
-1126
-1083
-1057
-1021
-964
-919
-863
-798
-724
-645
-576
-496
-381
-284
-202
-98
36
171
273
365
502
648
751
846
970
1109
1215
1292
1386
1498
1577
1615
1660
1733
1793
1815
1815
1824
1825
1812
1779
1731
1693
1663
1627
1562
1480
1396
1316
1221
1125
1057
993
895
754
630
541
449
328
221
153
72
-47
-163
-243
-304
-388
-462
-499
-521
-575
-649
-693
-699
-709
-734
-742
-728
-710
-693
-674
-646
-602
-549
-484
-407
-325
-230
-148
-80
-6
84
181
252
304
368
439
470
467
459
468
468
444
401
353
283
196
115
50
-26
-133
-252
-346
-419
-493
-579
-668
-734
-764
-784
-814
-847
-855
-805
-751
-733
-700
-636
-568
-506
-433
-330
-235
-206
-183
-93
2
28
21
60
119
102
41
37
54
-2
-111
-162
-169
-243
-378
-460
-485
-565
-693
-773
-791
-855
-965
-1008
-978
-1003
-1094
-1107
-1019
-967
-988
-937
-791
-701
-693
-605
-385
-215
-153
-48
178
382
452
553
789
1012
1098
1181
1388
1588
1638
1654
1804
1995
2049
2016
2064
2169
2183
2114
2095
2123
2083
1960
1863
1822
1749
1577
1394
1282
1183
1027
829
653
520
384
226
88
-20
-125
-238
-337
-372
-378
-436
-508
-503
-432
-397
-432
-435
-360
-303
-302
-281
-222
-208
-265
-294
-245
-241
-354
-470
-504
-539
-683
-857
-952
-1035
-1198
-1392
-1516
-1609
-1776
-1970
-2077
-2140
-2265
-2426
-2516
-2533
-2586
-2673
-2700
-2664
-2637
-2646
-2611
-2493
-2362
-2268
-2159
-1994
-1807
-1641
-1458
-1241
-1009
-806
-614
-397
-153
62
237
435
667
890
1056
1193
1359
1543
1712
1852
1995
2121
2211
2292
2404
2530
2598
2618
2644
2686
2715
2703
2673
2642
2598
2533
2455
2374
2258
2138
2037
1945
1830
1685
1539
1407
1293
1212
1150
1041
888
768
723
707
646
559
499
442
368
318
301
268
180
94
60
19
-99
-228
-292
-335
-419
-548
-679
-806
-954
-1062
-1101
-1174
-1334
-1520
-1628
-1671
-1747
-1848
-1908
-1947
-2033
-2135
-2164
-2144
-2157
-2192
-2157
-2069
-2050
-2095
-2073
-1929
-1769
-1691
-1638
-1544
-1447
-1377
-1271
-1095
-934
-869
-839
-746
-605
-500
-435
-335
-190
-77
-36
3
99
225
351
478
599
688
725
788
935
1101
1218
1277
1331
1404
1455
1484
1534
1604
1651
1657
1632
1588
1520
1452
1442
1466
1431
1301
1151
1059
1004
939
872
817
745
625
504
427
379
332
286
284
268
171
49
7
66
123
120
84
52
10
-20
3
69
90
36
-5
-9
-37
-120
-190
-175
-154
-223
-359
-473
-551
-632
-686
-701
-718
-829
-976
-1038
-1011
-990
-1010
-1005
-959
-914
-911
-889
-802
-688
-578
-471
-376
-318
-281
-211
-88
43
125
167
185
187
202
235
278
294
273
248
215
166
103
66
73
67
23
-46
-106
-150
-172
-164
-142
-126
-135
-151
-147
-123
-78
-13
58
118
156
177
202
240
315
401
453
446
405
395
383
359
341
321
272
171
50
-47
-125
-210
-274
-325
-401
-528
-666
-726
-710
-690
-698
-708
-715
-735
-737
-662
-532
-430
-385
-339
-264
-213
-180
-86
67
187
203
175
194
252
310
372
458
510
483
433
448
531
606
651
695
736
729
701
717
794
876
915
908
866
811
774
788
823
809
730
631
547
466
392
349
325
275
167
54
-31
-91
-126
-132
-121
-156
-247
-325
-321
-267
-225
-219
-226
-233
-239
-232
-189
-127
-88
-86
-99
-104
-108
-119
-114
-107
-97
-125
-191
-260
-309
-338
-384
-447
-514
-584
-661
-743
-819
-884
-935
-985
-1034
-1092
-1160
-1232
-1249
-1219
-1183
-1171
-1184
-1171
-1141
-1095
-1023
-913
-797
-718
-654
-575
-477
-379
-265
-115
32
120
158
212
332
473
582
648
699
753
803
868
948
1017
1045
1066
1110
1160
1176
1173
1189
1242
1284
1277
1246
1217
1210
1226
1250
1245
1197
1125
1072
1066
1053
1003
942
890
845
790
721
639
560
492
453
413
340
227
109
60
47
6
-73
-177
-261
-318
-357
-378
-412
-466
-542
-599
-631
-668
-707
-743
-759
-764
-793
-840
-891
-917
-916
-907
-905
-931
-974
-1004
-1008
-986
-967
-973
-1000
-1038
-1051
-1056
-1050
-1026
-1017
-1014
-1024
-1038
-1041
-1029
-1001
-959
-910
-874
-860
-841
-802
-732
-645
-556
-480
-429
-370
-292
-188
-80
3
76
152
253
356
441
511
569
636
722
817
895
937
963
1004
1073
1141
1179
1196
1210
1233
1261
1287
1298
1295
1285
1280
1274
1249
1204
1169
1153
1136
1097
1033
950
869
818
792
758
683
574
477
429
400
361
301
212
126
59
28
15
-23
-80
-138
-176
-210
-257
-294
-309
-318
-338
-379
-409
-442
-477
-493
-484
-482
-535
-604
-638
-631
-634
-666
-697
-738
-796
-869
-900
-890
-902
-941
-1000
-1032
-1044
-1076
-1099
-1102
-1080
-1068
-1070
-1060
-1039
-995
-941
-878
-806
-740
-685
-619
-523
-420
-326
-243
-181
-91
18
118
204
266
312
364
435
516
578
609
620
640
678
695
708
718
730
734
716
710
707
709
689
674
679
665
620
575
570
584
575
535
489
468
465
447
432
411
385
350
331
344
345
343
309
275
266
262
266
268
258
238
229
231
219
204
194
190
189
183
159
133
122
108
103
93
54
-6
-40
-38
-53
-91
-153
-199
-241
-294
-364
-403
-428
-470
-525
-600
-644
-675
-701
-743
-781
-800
-815
-814
-828
-835
-811
-777
-753
-726
-693
-652
-575
-511
-476
-408
-340
-284
-214
-152
-92
-32
14
40
76
131
154
160
171
175
184
185
147
127
133
131
110
74
61
59
62
47
39
67
93
95
102
122
165
208
227
244
283
338
354
363
373
388
403
414
401
383
377
356
333
301
257
226
209
180
133
107
91
74
71
49
40
49
75
83
91
110
131
171
197
205
201
233
258
265
264
249
251
251
221
173
139
113
91
46
-14
-59
-91
-120
-161
-202
-228
-238
-244
-268
-272
-259
-250
-229
-217
-215
-189
-142
-120
-91
-58
-47
-26
-5
7
15
32
29
12
4
-19
-50
-67
-87
-115
-130
-163
-213
-239
-251
-263
-279
-297
-303
-293
-279
-279
-265
-226
-189
-157
-135
-114
-71
-32
-3
9
31
65
87
99
89
79
78
78
50
27
9
-13
-37
-83
-122
-139
-144
-165
-188
-193
-195
-202
-206
-210
-189
-158
-138
-126
-100
-66
-42
-21
5
36
60
75
84
105
115
128
142
150
158
157
156
156
171
173
176
186
194
200
210
226
241
263
285
299
317
335
341
359
369
375
383
385
389
386
377
360
349
333
311
286
263
239
207
171
140
105
88
65
43
28
4
-21
-49
-63
-72
-80
-95
-105
-107
-106
-108
-116
-118
-113
-114
-135
-150
-162
-178
-186
-200
-212
-219
-233
-250
-280
-296
-311
-332
-351
-376
-397
-410
-429
-449
-461
-458
-458
-480
-479
-486
-492
-500
-507
-499
-488
-468
-468
-457
-428
-423
-388
-367
-335
-300
-280
-239
-214
-172
-128
-88
-29
7
57
95
129
181
213
261
296
323
347
363
384
388
416
429
428
445
442
433
425
418
414
403
403
388
375
367
353
354
350
358
359
365
370
358
367
379
389
412
433
445
454
455
463
466
474
474
470
465
444
421
402
378
341
312
274
217
153
93
32
-28
-76
-134
-192
-242
-295
-350
-391
-430
-474
-502
-531
-564
-580
-588
-590
-596
-591
-577
-574
-560
-554
-539
-524
-515
-501
-484
-454
-438
-420
-391
-380
-366
-351
-330
-306
-297
-272
-264
-243
-222
-203
-175
-160
-134
-112
-97
-77
-60
-37
-14
-1
16
21
34
33
45
63
67
82
89
93
98
109
120
126
145
152
162
180
195
215
237
263
283
303
331
348
373
401
420
439
456
474
486
495
505
503
505
497
483
471
459
436
408
381
348
311
271
239
187
148
105
64
24
-19
-57
-97
-123
-157
-183
-212
-232
-249
-268
-278
-290
-292
-293
-293
-289
-288
-284
-286
-279
-266
-264
-263
-258
-252
-242
-237
-234
-226
-219
-213
-206
-204
-197
-200
-201
-195
-185
-177
-175
-170
-164
-158
-150
-140
-136
-125
-119
-111
-101
-98
-90
-82
-65
-54
-40
-31
-24
-10
1
13
27
51
61
81
97
108
128
134
159
175
192
203
212
225
234
242
248
257
257
263
265
266
255
249
251
236
233
223
212
201
181
168
158
140
118
97
83
70
52
34
21
9
-3
-19
-34
-49
-63
-75
-83
-88
-96
-103
-113
-116
-113
-121
-125
-129
-124
-119
-120
-123
-128
-127
-124
-121
-119
-122
-122
-118
-121
-119
-112
-112
-117
-115
-110
-108
-116
-114
-115
-116
-116
-121
-127
-124
-125
-125
-129
-127
-124
-121
-120
-117
-113
-108
-98
-89
-74
-64
-53
-39
-21
-11
-4
18
30
47
72
88
101
114
137
151
167
177
193
202
205
211
216
224
225
233
235
233
228
225
226
216
219
216
210
203
196
182
177
176
167
167
156
150
140
133
130
121
124
110
95
85
72
59
42
32
19
-6
-21
-36
-53
-65
-85
-100
-111
-129
-147
-157
-178
-195
-207
-221
-236
-243
-250
-264
-273
-276
-272
-280
-281
-284
-280
-283
-287
-280
-274
-264
-262
-250
-237
-226
-216
-193
-176
-170
-152
-133
-111
-102
-83
-62
-52
-28
-13
3
11
26
43
59
59
72
90
92
98
104
114
122
131
139
140
141
146
164
176
176
181
193
203
210
220
233
242
247
267
269
270
283
294
300
297
302
299
296
291
280
269
260
248
234
227
196
171
157
135
109
83
61
29
-5
-21
-46
-81
-109
-131
-164
-191
-198
-213
-235
-259
-276
-282
-296
-314
-323
-326
-337
-344
-338
-348
-354
-354
-353
-355
-358
-338
-330
-332
-326
-314
-310
-296
-276
-251
-234
-215
-192
-171
-152
-126
-98
-68
-44
-20
10
42
59
77
102
115
139
167
173
177
188
201
207
209
212
216
214
219
217
203
204
217
221
218
219
214
219
233
241
244
244
254
268
271
271
278
287
295
300
292
293
287
278
273
260
245
231
209
168
124
99
86
68
46
16
-34
-70
-93
-121
-155
-179
-194
-217
-230
-243
-265
-278
-285
-294
-305
-297
-278
-276
-282
-287
-282
-265
-251
-249
-239
-225
-218
-207
-201
-190
-181
-164
-163
-171
-158
-133
-127
-127
-112
-101
-98
-89
-75
-67
-54
-36
-25
-17
-1
17
24
33
48
59
80
97
114
136
133
126
129
145
152
159
167
171
167
163
153
144
147
153
144
137
128
120
112
112
124
130
122
114
114
118
124
119
117
114
118
119
115
110
111
103
79
51
46
50
44
26
6
-16
-47
-73
-76
-73
-79
-103
-130
-143
-147
-151
-167
-165
-138
-122
-137
-158
-154
-132
-119
-117
-120
-106
-81
-76
-81
-78
-69
-68
-73
-67
-60
-66
-86
-100
-89
-74
-74
-95
-110
-103
-94
-92
-88
-72
-58
-78
-104
-90
-35
11
21
17
41
84
107
112
126
169
216
223
214
218
249
271
264
249
263
289
283
245
215
217
226
211
181
161
155
142
104
62
46
52
49
28
1
-9
-16
-38
-66
-87
-96
-108
-125
-135
-140
-143
-164
-191
-189
-169
-160
-178
-200
-197
-177
-164
-174
-189
-182
-157
-139
-138
-146
-156
-158
-153
-143
-130
-120
-105
-90
-82
-83
-98
-113
-113
-97
-85
-90
-99
-101
-99
-106
-127
-128
-107
-85
-92
-112
-103
-74
-52
-61
-77
-50
13
54
52
46
79
144
180
182
195
243
304
335
326
319
347
379
400
396
381
388
398
402
398
393
383
361
333
290
251
250
269
272
226
147
118
144
151
109
53
34
46
24
-35
-75
-55
-27
-67
-127
-146
-119
-118
-188
-246
-232
-190
-197
-246
-265
-233
-204
-239
-293
-305
-301
-339
-416
-445
-389
-296
-282
-371
-404
-356
-327
-348
-396
-414
-366
-338
-367
-368
-328
-280
-263
-290
-306
-287
-254
-223
-198
-180
-117
-70
-77
-101
-120
-69
21
52
-16
-29
24
69
106
75
92
151
207
247
249
272
291
304
323
371
438
494
495
482
531
568
576
576
596
619
594
525
457
488
540
543
487
375
360
427
435
339
230
242
273
299
287
209
204
205
203
201
158
130
112
145
180
185
111
5
24
78
113
76
24
-120
-883
-1930
-2054
-955
244
364
-400
-917
-690
-423
-570
-597
-142
310
159
-471
-822
-439
218
390
-94
-412
-17
487
212
-670
-1088
-517
402
260
-753
-1242
-827
-370
-720
-1157
-775
138
109
-1363
-2397
-1615
-181
128
-599
-866
128
917
-15
-1098
-352
1317
1715
562
-362
279
1400
1050
-4
84
1042
1561
1100
407
456
1090
1066
165
-165
383
917
745
-188
-674
-81
565
399
-70
-155
46
282
164
-48
203
483
400
151
145
479
625
365
252
620
805
482
238
324
523
436
173
355
646
366
52
246
389
88
-234
-123
255
179
-482
-717
-284
-101
-506
-835
-593
-283
-499
-1013
-930
-349
-340
-834
-1073
-618
-48
-326
-878
-753
-246
-135
-515
-703
-218
282
-54
-532
-268
257
288
-152
-369
47
462
172
-169
71
342
152
-279
-370
4
343
104
-430
-461
-161
-56
-166
-350
-363
-219
-129
-27
178
177
-223
-446
-118
352
428
112
-35
166
391
348
220
263
282
265
305
566
839
616
87
-161
239
855
907
367
-20
175
466
409
137
69
216
183
-16
2
283
374
-12
-504
-460
164
599
272
-415
-692
-305
247
222
-190
-320
-87
168
41
-255
-230
53
120
-171
-337
-22
500
497
-174
-676
-379
311
529
97
-300
-140
148
-41
-463
-470
-6
307
41
-425
-490
-140
70
-154
-443
-407
-77
141
45
-168
-261
-196
-156
-122
-11
129
168
29
-141
-170
-28
133
187
103
-40
-89
-60
6
47
48
46
2
-82
-144
-132
-86
-57
-38
-24
-26
-85
-146
-131
-60
-57
-135
-125
49
210
96
-201
-317
-110
157
176
28
12
151
133
-118
-271
-74
232
227
-46
-125
124
290
46
-314
-280
107
306
95
-141
-43
190
154
-90
-144
95
260
133
-45
24
231
242
53
-19
149
328
284
88
-5
86
227
282
231
138
93
124
181
170
72
16
96
207
205
88
-1
6
44
38
4
8
26
3
-43
-50
-7
4
-47
-112
-124
-83
-63
-86
-114
-96
-31
9
-34
-116
-149
-103
-42
-26
-28
9
57
46
-37
-101
-72
9
58
50
40
47
31
-46
-123
-119
-48
12
-5
-68
-106
-106
-115
-170
-226
-208
-135
-96
-119
-150
-139
-147
-224
-297
-251
-96
3
-42
-116
-97
-41
-68
-165
-162
-24
89
74
4
21
82
34
-83
-104
13
126
115
51
52
90
53
-55
-89
34
190
220
127
44
57
98
83
41
65
160
238
212
110
66
110
179
186
129
96
135
161
110
27
30
126
184
122
14
-18
31
57
11
-34
-9
60
79
16
-61
-79
-45
-7
0
-8
-27
-51
-61
-59
-46
-44
-42
-34
-33
-53
-88
-97
-71
-50
-49
-65
-69
-65
-64
-71
-65
-40
-21
-27
-60
-77
-68
-50
-42
-55
-45
-13
1
-18
-60
-69
-37
-23
-53
-78
-62
-10
-7
-69
-112
-91
-26
-4
-55
-100
-68
-5
15
-46
-105
-76
0
35
-7
-64
-40
34
62
32
-6
23
82
96
52
9
28
86
113
100
82
82
97
101
86
78
85
90
79
51
45
47
45
36
34
49
43
7
-26
-35
-7
18
12
-14
-24
-8
4
-11
-39
-29
13
52
38
-6
-18
16
59
61
28
17
45
71
53
1
-24
13
64
65
8
-40
-25
11
5
-52
-92
-64
-10
1
-47
-99
-91
-51
-40
-77
-108
-85
-22
9
-20
-62
-68
-32
-7
-21
-46
-32
20
61
42
-10
-33
-17
13
25
6
-5
7
22
14
-21
-47
-35
5
41
40
8
-14
-11
4
10
-14
-7
17
53
62
23
-5
-3
39
62
47
12
5
32
43
23
-9
-4
39
65
43
-8
-27
7
43
35
4
-4
21
49
24
-17
-30
5
39
28
-13
-42
-19
-1
-2
-28
-36
-8
4
-18
-55
-65
-37
-12
-17
-34
-41
-31
-26
-38
-45
-36
-18
-5
-18
-33
-40
-32
-31
-27
-18
-9
5
0
-8
-11
-13
-15
-21
-20
-2
3
1
-17
-23
-16
-9
-12
-14
-6
8
21
5
-7
-14
-7
6
9
10
16
25
30
23
16
21
23
36
30
27
18
17
20
25
28
30
26
27
31
24
24
8
10
17
22
18
-1
-6
2
-6
-5
-18
-16
-9
-15
-21
-31
-26
-20
-19
-27
-20
-13
-9
-12
-9
4
9
19
17
24
32
46
49
41
40
46
53
52
41
42
41
42
27
12
13
11
9
-13
-26
-29
-28
-32
-44
-52
-51
-45
-43
-48
-50
-35
-18
-12
-11
-6
8
26
24
24
29
41
51
44
35
33
38
42
29
14
7
12
10
-8
-23
-28
-23
-30
-39
-47
-44
-39
-41
-42
-48
-41
-38
-30
-32
-36
-18
-16
-12
-13
-11
0
-1
4
2
7
13
13
14
17
22
25
27
24
29
25
28
27
22
26
22
21
14
12
10
1
1
-6
-3
-7
-12
-11
-16
-10
-9
-11
-7
-4
3
2
2
6
5
13
11
10
15
14
15
14
8
10
8
7
3
1
6
5
6
-1
-2
0
2
4
-4
-4
3
-2
-7
-11
-15
-9
-11
-12
-18
-18
-19
-19
-22
-21
-21
-18
-19
-18
-14
-10
-5
-3
-4
2
9
9
15
10
16
17
19
21
14
15
16
12
10
5
5
9
-4
-2
-4
-10
-6
-12
-14
-14
-13
-8
-17
-10
-9
-10
-8
-11
-7
-6
1
5
0
3
5
9
10
8
9
16
14
13
9
12
13
11
10
10
11
12
7
3
1
3
1
-4
-6
-8
-4
-7
-10
-11
-10
-6
-7
-3
-6
-5
-2
-4
0
2
0
4
4
7
5
6
9
4
3
3
3
3
2
0
3
0
-1
-1
-5
-4
-3
-3
-3
-3
-3
-3
-6
-3
-4
-4
2
-2
-2
1
-2
5
2
0
4
1
6
6
0
1
0
1
4
5
3
-1
3
1
-1
2
-1
0
4
3
4
2
-2
2
4
3
4
2
-1
-1
0
-5
-5
-6
-9
-7
-8
-5
-5
-7
-7
-8
-1
-3
1
0
-2
3
4
5
2
0
6
6
10
8
4
3
1
6
2
0
0
-3
1
-3
-2
0
-4
2
0
-4
2
-1
-1
1
-1
1
-1
1
-3
-5
-4
-4
-6
-6
-8
-8
-7
-7
-5
1
0
-2
-1
-4
2
5
6
10
12
17
15
13
7
3
7
2
5
7
2
4
-1
-9
-10
-12
-11
-9
-8
-8
-4
-3
-6
-6
-6
-4
-4
-2
0
6
7
6
1
0
3
2
5
6
3
5
2
-2
-4
-7
-3
1
3
3
3
3
-1
-1
-1
-1
-1
-3
0
2
2
2
0
-2
-4
-2
-1
-1
-1
-1
-1
1
