0
0
1
1
1
-1
0
-1
0
1
-1
-1
0
1
0
1
1
-1
1
0
-1
0
0
-1
-2
-1
0
0
0
-1
1
0
0
-1
1
2
2
1
0
0
0
-1
-2
0
2
0
-1
-2
-1
1
0
-1
-2
0
1
0
-1
0
1
0
2
0
1
1
-1
0
-1
-1
0
0
1
2
0
-1
0
-1
1
-1
-1
0
1
1
-1
-1
-2
-1
0
0
-1
-1
0
0
1
0
0
0
-1
0
1
2
0
0
-1
0
0
2
2
0
-1
-1
1
-1
1
0
1
-2
-2
1
0
-1
-1
0
1
1
0
0
0
-1
0
-1
0
0
-2
-1
-1
0
-1
0
1
0
0
-1
0
1
1
2
2
0
-1
-2
-1
-1
0
-2
-2
1
-1
-1
0
0
-1
-1
-1
-1
1
0
0
0
2
0
0
0
0
1
0
-1
0
1
1
0
1
1
0
1
0
0
0
-1
0
1
0
-1
-1
0
2
2
1
1
0
1
-1
-1
1
0
1
-1
-2
0
0
2
2
1
0
-1
-1
-1
1
0
0
1
0
0
-2
-1
1
1
2
1
-1
1
-1
1
-1
1
3
-1
-2
-1
1
0
0
-1
-1
-1
0
2
0
0
1
0
-2
-2
-1
1
0
1
0
-1
-1
0
0
1
1
-2
1
0
1
1
0
3
0
-1
-1
1
2
0
-1
1
2
-1
-1
0
1
1
0
0
-3
-2
0
0
1
0
0
0
-1
0
2
4
0
1
0
0
0
0
0
0
-1
-1
0
1
-1
1
1
-2
0
1
0
0
-1
0
2
0
-2
0
1
1
2
0
-1
0
0
0
1
-2
0
2
0
0
1
0
1
1
1
1
1
0
0
0
0
1
2
0
0
-1
-1
0
1
0
-1
1
0
1
0
-1
0
0
-1
-1
0
1
0
0
-1
-1
-1
-1
-1
1
2
2
1
-2
-1
0
0
0
0
0
0
-1
0
1
1
2
1
0
1
1
2
1
-2
0
0
-1
-1
-2
0
-1
1
4
0
0
-1
-2
0
0
-1
1
0
1
0
-2
1
0
-1
1
1
-1
-1
-1
0
0
2
1
-2
1
-1
-3
-1
-1
0
-1
0
0
0
2
0
-2
2
2
-1
0
-2
1
0
1
2
-1
1
-1
-3
1
2
-3
0
-1
-2
1
-1
-1
1
3
1
-3
0
-2
-2
2
2
-2
2
0
-1
1
1
0
1
3
-1
0
1
2
-2
3
1
-1
0
1
0
2
1
1
-1
-1
1
-1
0
0
-2
0
2
-1
0
0
0
1
3
2
-1
-1
1
-1
1
2
-2
-2
1
-1
-3
2
0
-4
3
0
-3
3
2
-2
1
2
-3
-2
0
1
-2
3
2
-3
3
0
-3
2
1
0
0
2
0
-3
3
0
-2
2
0
-4
0
0
-1
0
1
0
-2
4
2
-2
2
1
-4
1
2
-2
1
2
1
-1
3
1
-4
2
3
-6
3
2
-5
2
0
-3
1
2
-1
-2
2
0
-4
5
0
-5
4
1
-2
4
2
-3
2
0
0
-2
2
0
-2
2
0
-4
4
-1
-3
2
-1
1
1
0
0
0
0
1
-3
3
-3
-1
2
-2
2
-1
-4
3
-2
0
4
-3
4
1
-2
0
3
-2
-1
1
-1
-5
7
-2
1
1
0
2
-8
9
-10
1
8
-7
4
6
-5
0
-5
7
-11
-2
23
-25
19
8
-21
18
-9
-5
6
-4
12
-19
17
4
-28
29
-7
-23
28
-8
-9
17
1
-7
-7
24
-32
10
21
-26
6
19
-23
9
6
-6
1
-5
15
-25
15
8
-27
24
8
-34
32
4
-42
47
-4
-51
75
-45
-27
86
-91
54
-8
-19
45
-72
77
-28
-59
126
-101
-5
98
-125
63
-3
-19
12
-23
59
-54
-1
74
-91
24
49
-69
17
23
12
-73
104
-35
-61
115
-100
35
7
-38
40
-31
7
49
-102
114
-74
-45
154
-185
109
58
-195
244
-163
7
130
-182
146
-66
9
33
-65
90
-63
-50
187
-216
78
132
-221
125
69
-190
166
-68
-27
113
-226
288
-186
-116
379
-349
27
284
-300
64
136
-157
86
-66
62
60
-269
346
-89
-329
533
-293
-155
400
-294
30
124
-170
230
-262
144
144
-347
246
55
-276
235
-63
-21
45
-175
413
-482
121
383
-498
25
573
-588
69
409
-340
-39
91
250
-511
217
373
-525
38
585
-612
66
364
-261
-125
94
308
-495
82
513
-504
-132
639
-418
-241
521
-157
-319
322
79
-247
-33
392
-253
-280
578
-248
-336
473
-46
-358
240
213
-365
52
281
-195
-202
392
-186
-175
276
-91
-85
-3
253
-340
89
224
-261
14
201
-159
11
-19
124
-73
-124
243
-85
-174
203
60
-376
437
-144
-233
349
-145
-63
-25
186
-43
-372
512
-59
-535
580
-39
-442
314
209
-469
169
307
-366
-67
370
-117
-416
525
28
-442
159
567
-765
56
705
-648
-232
906
-535
-402
905
-408
-427
526
147
-766
439
450
-795
158
751
-813
-107
911
-736
-168
689
-198
-568
535
437
-1276
938
312
-1128
725
321
-711
75
735
-676
-110
545
-111
-582
568
193
-709
354
405
-717
189
450
-443
-88
367
84
-691
524
311
-720
68
880
-889
-168
1120
-932
-56
671
-174
-889
1201
-243
-1048
1287
-374
-367
-5
817
-821
-22
650
-378
-245
141
908
-1857
1459
254
-1755
1425
281
-1358
627
949
-1571
792
210
-478
63
168
212
-681
599
182
-691
305
427
-620
-58
723
-628
108
310
-144
-333
521
-233
-427
721
-430
-3
167
31
-211
247
-274
145
126
-332
285
-14
-98
-6
65
38
-102
70
-40
54
-64
-18
169
-279
453
-462
93
342
-369
-123
612
-432
-300
882
-830
207
403
-508
101
332
-438
311
-256
307
-91
-353
503
-124
-380
470
-6
-541
780
-719
550
-401
149
361
-832
608
339
-1030
545
906
-1967
1531
10
-1455
1681
-569
-781
1190
-360
-930
1411
-830
-255
1033
-1000
477
2
-77
-98
57
121
-290
349
-321
423
-515
612
-614
280
164
-491
665
-769
912
-713
173
98
122
-564
570
125
-953
1356
-958
44
477
-208
-462
759
-241
-567
1047
-997
442
220
-585
439
130
-523
406
138
-706
817
-325
-501
878
-320
-656
1077
-610
-159
410
-175
-17
-10
216
-328
263
-145
92
-341
751
-703
-36
994
-1218
394
525
-652
-38
672
-587
-29
587
-474
-240
791
-524
-444
930
-269
-769
1014
1
-1288
1595
-727
-599
1190
-484
-719
1228
-207
-1616
2457
-1417
-713
1884
-1118
-449
1171
-399
-1020
1839
-1417
-135
1677
-2021
1008
451
-1057
457
788
-1700
1283
233
-1679
1994
-1196
256
248
-471
460
-175
-329
643
-168
-872
1682
-1396
-72
1590
-1856
572
1128
-1608
455
1274
-2131
1564
-221
-1036
1550
-887
-566
1578
-1017
-791
2118
-1798
292
1131
-1438
450
1052
-1692
712
952
-1645
793
515
-985
490
380
-986
953
-278
-650
950
-257
-555
630
-40
-540
706
-715
515
-67
-120
-267
645
-84
-894
818
341
-1225
740
513
-1389
1479
-631
-746
1345
-218
-1765
2295
-663
-1151
1356
-245
-599
563
-53
-647
1107
-873
51
490
-84
-477
358
168
-495
544
-442
0
676
-638
-397
1195
-593
-947
1800
-1196
-177
1140
-1021
-10
969
-1050
240
525
-681
491
-332
242
-25
-217
168
58
-294
382
-40
-432
696
-481
-25
417
-595
448
62
-463
487
-229
114
-27
-592
1053
-611
-486
1088
-544
-276
504
-212
-477
1056
-968
38
1090
-1217
357
567
-913
630
225
-1320
1745
-745
-938
1831
-1128
-286
1072
-468
-819
1397
-579
-711
1130
-549
-173
491
-110
-800
1613
-1311
-126
1250
-1376
972
-370
-437
908
-351
-779
1020
-363
-145
85
61
-234
473
-468
-105
878
-1003
347
562
-1001
365
1047
-1963
1527
159
-1740
2056
-622
-1659
2736
-1554
-888
2541
-2109
256
1467
-1816
540
992
-1497
758
396
-1038
747
101
-672
249
660
-1037
414
642
-1142
498
818
-1515
692
1008
-1721
712
950
-1594
630
681
-920
232
422
-360
-256
834
-1028
284
814
-1013
173
673
-906
646
-301
-506
1188
-776
-173
387
203
-741
608
-271
-130
606
-434
-473
1140
-534
-835
1657
-1392
555
468
-988
586
438
-958
578
50
-137
-111
50
294
-621
668
-472
40
304
-395
15
164
72
-508
410
11
-346
171
-13
28
-8
-193
142
469
-1019
797
199
-877
779
-69
-503
656
84
-1076
1220
111
-1531
1343
368
-1595
1410
-169
-1319
2142
-1504
-462
2157
-1727
-382
2177
-2193
484
1424
-2102
1399
39
-928
893
-30
-1280
1736
-665
-1117
2053
-1286
-42
718
-729
-64
969
-1008
-60
1206
-935
-199
739
-378
-222
583
-662
414
273
-561
498
156
-901
1012
-418
-551
1179
-907
413
272
-804
445
679
-1622
1249
394
-1863
1795
-375
-1076
1242
-334
-889
1505
-773
-1178
2486
-1755
-462
1978
-1787
386
1152
-1908
975
736
-1512
707
554
-1171
512
754
-1493
972
95
-435
-73
415
-439
85
530
-967
554
238
-39
-812
835
1
-841
975
-605
-3
705
-588
-321
1054
-769
-162
801
-537
-63
425
-84
-213
300
-165
-223
639
-366
-578
1178
-451
-589
551
-82
68
-316
69
293
-262
-46
105
-471
748
-314
-807
1268
-452
-590
670
-110
-364
454
-247
128
-220
480
-462
54
725
-1162
650
566
-1353
984
450
-1383
1004
-48
-773
807
-184
-787
1525
-1106
-252
1035
-838
281
-137
161
-139
601
-869
388
625
-1224
717
28
-48
-322
985
-1265
480
578
-1295
1111
-292
62
-541
1163
-1058
106
785
-728
427
-258
-34
179
297
-696
740
-135
-525
442
-453
225
604
-1136
808
59
-617
422
-83
161
-359
504
-240
-219
527
-450
-212
527
-565
12
995
-1356
579
577
-1070
855
-506
-35
689
-646
-141
1081
-1133
111
744
-1193
1140
-278
-358
261
321
-911
431
820
-1081
222
730
-807
-89
979
-1026
234
549
-873
357
435
-625
559
-183
-268
348
-179
158
159
-334
191
-74
-117
-113
412
-65
-327
197
350
-566
20
579
-719
661
-161
-294
282
-188
-166
177
126
-98
18
66
-400
289
11
-496
996
-632
-112
477
-434
-190
757
-465
-276
994
-982
382
-180
94
-254
284
-95
-132
475
-635
322
-399
898
-695
122
277
-145
42
-214
-172
493
84
-732
665
-54
-259
-110
-58
151
546
-1257
908
164
-745
425
-78
244
-129
219
-162
18
94
-248
-88
260
-185
-166
649
-663
-12
563
-280
162
-392
149
448
-342
-281
894
-488
-521
483
-234
263
197
-367
-109
755
-940
-120
1212
-465
-802
888
-167
-494
617
-433
164
364
-778
56
765
-484
94
260
-307
329
-544
49
987
-830
73
482
-603
27
169
-159
461
-109
10
-104
-44
233
-847
693
399
-787
498
-162
-430
414
-350
-23
468
-157
-302
32
-6
-253
221
42
-64
97
-117
-299
223
190
-215
183
-27
-104
34
8
-187
365
-95
-242
98
42
232
-282
248
19
-269
-108
17
112
147
-157
32
-26
-240
-278
38
411
-488
167
257
-306
-326
258
2
-99
-22
99
331
-32
-64
21
21
-146
-49
250
406
-14
-111
-38
-96
167
145
191
324
-303
-59
177
292
50
320
45
-578
277
460
-227
589
114
-548
93
-126
118
632
201
-443
-158
-27
-136
-196
704
324
-684
66
-102
-448
610
-71
-141
347
-286
-457
174
290
-198
-31
25
-373
-23
52
-66
86
97
-286
-578
202
-31
-344
489
-90
-393
82
-496
-171
185
-31
23
23
-8
-161
-339
78
-37
-157
231
87
-149
59
-17
-79
-15
-26
79
47
63
-4
114
169
-180
-73
215
-4
46
98
261
-75
-179
213
-7
2
231
-138
26
72
-142
47
248
-19
-222
-16
-162
-42
247
79
185
125
-282
-203
-66
173
168
241
406
-8
-282
-123
-271
-35
299
109
235
120
-508
-404
-213
-262
-4
247
139
-285
-394
-278
-283
-76
223
221
-31
-194
-170
-79
152
152
213
260
8
-162
2
205
78
51
210
68
22
-41
-20
242
121
-49
44
135
137
-42
126
372
135
91
244
225
251
205
230
295
261
269
253
292
345
315
224
213
304
235
208
252
258
326
216
86
184
189
203
275
253
227
205
95
104
103
183
175
27
178
217
-114
-65
60
-62
-171
-91
36
-206
-383
-247
-330
-371
-219
-344
-336
-302
-559
-561
-367
-386
-343
-245
-240
-388
-467
-412
-458
-460
-348
-350
-336
-230
-406
-454
-348
-658
-735
-475
-511
-479
-328
-347
-495
-545
-521
-499
-375
-280
-237
-239
-293
-340
-351
-254
-109
13
151
73
12
94
64
78
271
442
528
623
670
764
905
935
966
1098
1206
1175
1133
1332
1478
1439
1604
1746
1552
1418
1582
1556
1346
1408
1455
1253
1074
873
412
31
-122
-463
-852
-950
-1108
-1557
-1869
-2024
-2355
-2612
-2516
-2452
-2515
-2456
-2422
-2504
-2420
-2159
-1925
-1693
-1411
-1133
-889
-727
-593
-434
-248
-118
18
179
183
124
157
112
-80
-202
-260
-345
-409
-387
-495
-641
-736
-812
-853
-828
-761
-706
-572
-408
-311
-296
-129
232
604
866
1218
1549
1628
1699
2087
2531
2634
2674
2929
3086
2964
2934
3092
3189
3042
2904
2908
2940
2741
2447
2502
2698
2672
2679
3007
3145
2834
2701
2901
2797
2264
1559
504
-953
-1794
-1400
-778
-1132
-2225
-3020
-3456
-4341
-5266
-4868
-3707
-3640
-4149
-3239
-1719
-1884
-3120
-3022
-1695
-851
-426
635
1679
1432
638
829
1569
1389
840
1275
1966
1510
474
-50
-695
-1871
-2607
-2408
-2275
-2853
-3660
-4073
-4343
-4927
-5409
-5084
-4217
-3863
-3803
-3476
-3035
-2983
-2766
-2049
-1299
-739
-7
968
1715
2051
1933
1921
2118
2477
2697
2987
3102
2755
2148
1754
1471
930
577
566
729
489
128
-224
-336
-501
-490
-138
454
907
1015
1188
1494
1824
1868
2046
2516
3204
3565
3702
3746
3735
3535
3482
3921
4319
4293
3993
3997
4068
3979
3620
3235
3087
3021
2658
2337
2846
2844
128
-4059
-5181
-2556
-885
-2589
-4211
-3134
-3004
-5818
-7499
-4603
-1982
-3440
-4856
-1553
2107
689
-2596
-2319
375
1058
988
2390
3952
2731
918
938
1818
875
-683
-567
618
763
-444
-1545
-2735
-4152
-5054
-4283
-3213
-3168
-3663
-3451
-2980
-3274
-3826
-3755
-2843
-1545
-139
881
1048
866
622
567
381
590
471
46
-394
-138
-8
-956
-2262
-2993
-2677
-2793
-2720
-2612
-1789
-1900
-1993
-2105
-1367
-1143
-947
-429
550
1038
705
625
548
688
503
1023
1170
1265
925
1069
737
268
-207
-175
-74
5
187
169
164
51
244
268
590
994
1924
2861
3725
4059
4268
4477
4812
5023
5381
6160
6833
7155
7203
7266
6484
5340
4602
5047
5237
4369
2467
73
-3110
-5994
-6357
-4442
-3241
-4641
-6123
-6147
-6003
-7349
-7621
-5280
-2471
-1374
-343
2185
3928
2993
1226
2183
4701
6405
6674
6978
6521
5209
3609
2645
2040
1020
161
-223
-257
-1174
-2740
-5033
-6651
-7218
-6585
-5616
-4880
-4624
-4501
-4350
-4300
-3880
-3120
-1800
-323
1308
2512
2985
2498
1802
1475
1846
2165
2366
2384
2352
1928
1047
-777
-3285
-5129
-5391
-4742
-5118
-5899
-5948
-5454
-6322
-7019
-6438
-4624
-3584
-2619
-825
1229
1467
341
161
1158
2297
2430
2627
2543
2064
787
-21
-963
-1786
-2182
-1724
-1141
-1068
-1471
-2108
-2491
-2428
-1505
-529
643
1656
2521
2685
2842
3207
3935
4899
5915
7023
7565
7510
6794
6359
6260
6396
6094
5784
6002
6310
5960
4750
3830
3112
2734
2612
3189
3099
960
-3180
-6562
-6618
-4043
-1760
-1739
-2732
-3683
-4367
-5301
-5093
-3165
-473
609
1178
2829
4864
4677
2088
457
2079
5175
6256
5652
4519
2848
389
-1407
-1844
-1446
-2111
-3122
-3451
-3210
-3972
-6102
-8246
-8890
-7833
-6253
-4606
-3788
-3547
-3870
-4015
-3676
-2739
-1743
-495
887
2061
2622
2042
1030
213
-24
190
578
921
891
297
-820
-1751
-3205
-5803
-7832
-7092
-4581
-3955
-5156
-5763
-5276
-5944
-6726
-5575
-2260
55
559
943
2153
2489
1141
394
1686
3900
4422
3912
3081
2068
326
-814
-1004
-275
434
670
568
413
-15
-855
-1170
-203
1760
3074
3836
4268
4330
3566
3401
4233
5497
6407
6959
7340
7289
6493
4999
4208
4493
5345
5395
4984
4574
4396
3594
2622
2302
2415
2502
2656
3178
2940
432
-4392
-7561
-6620
-3055
-773
-770
-2180
-3734
-5304
-6184
-5012
-2516
-479
229
1368
3117
4107
2333
-345
-907
1335
4107
5500
5091
3401
692
-1969
-2893
-2521
-2249
-2786
-2940
-2871
-2897
-4290
-6668
-8469
-8418
-6868
-4683
-2668
-1888
-2119
-2930
-3295
-2676
-1498
-483
914
2549
3402
3064
1991
875
133
-171
50
878
1602
1248
143
-1131
-2216
-3569
-5634
-7101
-6395
-4287
-3280
-3445
-4008
-4485
-5229
-5345
-3841
-760
1705
2516
2551
2808
2863
2235
1708
2188
3644
4539
4389
3352
1626
-507
-1598
-1455
-668
204
551
93
-197
-339
-870
-1246
-307
1443
3104
4168
4358
3758
3091
3152
3793
4805
5560
6014
6067
5897
5099
3961
2990
2897
3460
3722
3760
3401
2837
2069
1955
2054
2242
2330
2839
3790
3660
970
-3909
-6886
-5942
-2133
213
242
-1455
-3392
-5459
-6458
-5023
-2155
-251
-349
420
2578
4004
1881
-1122
-1947
399
3296
4750
4465
2973
183
-2893
-3875
-3160
-2391
-2699
-3111
-3117
-2744
-3732
-6263
-8518
-8648
-6910
-4428
-2092
-1059
-1760
-3111
-3516
-2833
-1758
-539
959
2375
2963
2520
1672
463
-877
-1545
-888
297
1191
969
-369
-2009
-3293
-4187
-5018
-5930
-6812
-5974
-3698
-2564
-3804
-5031
-5049
-4667
-3719
-1452
1623
3205
2757
1804
2292
3074
2904
2358
2937
4318
4824
3746
1851
140
-1007
-980
-201
613
1172
1037
277
21
400
387
534
1747
3501
4877
5153
4281
3456
3710
4241
4801
5541
6110
6099
5546
4774
4206
3787
3127
2968
3535
4124
4023
3205
2308
2003
2477
3143
3473
3148
3149
3465
1929
-2646
-7315
-7277
-2848
721
-210
-2319
-3485
-4972
-7491
-7269
-3119
1172
1145
-869
334
3528
3232
-1002
-3223
-719
3760
5346
4019
2045
352
-2389
-4786
-4587
-2320
-1127
-2409
-3890
-3888
-3711
-5642
-8354
-9257
-7076
-3780
-1539
-1199
-2010
-3155
-3766
-3304
-1947
113
2028
2910
2777
2513
2063
1235
-91
-1130
-439
1642
2726
1851
17
-1625
-2673
-3225
-3722
-4019
-4413
-4683
-4218
-3090
-2658
-3247
-3957
-3776
-2229
-259
1604
2753
2914
2144
2153
2846
3613
3604
3335
3616
4148
3568
1980
641
-349
-482
-10
687
755
385
-289
-353
-129
109
290
917
2103
3027
3219
3046
2829
2601
2984
3664
4509
5039
4861
4401
4400
4131
3318
2479
2251
2779
3573
3906
3628
2744
1891
1843
2354
2653
2589
2727
3378
3122
-568
-6368
-9181
-6147
-1091
687
-1323
-3417
-4801
-7029
-8478
-5901
-1111
691
-964
-1313
2055
4268
1230
-3522
-3560
912
5002
5684
3934
1445
-1312
-3596
-3968
-2205
-589
-972
-2746
-3445
-2868
-3176
-5590
-8265
-8511
-5678
-1839
179
-489
-2483
-3724
-3594
-2568
-866
1128
2254
2193
1923
1926
1827
807
-1052
-1902
-399
1861
2524
1184
-975
-2313
-2817
-3104
-3510
-3851
-4062
-3847
-3365
-2834
-2629
-3100
-3435
-2769
-1019
842
2219
2486
2230
2105
2429
2904
3356
3332
3212
3457
3277
2228
672
-458
-756
-261
85
248
-97
-641
-917
-762
-399
169
651
1281
2302
2822
2856
2639
2526
2813
3746
4425
4970
5122
4923
4813
4914
4530
3649
2908
2757
3442
3930
3951
3385
2778
2296
2330
2218
1983
1795
2163
2940
2316
-1548
-7065
-9244
-6265
-1452
128
-1570
-3921
-5598
-7356
-7658
-4710
-548
652
-964
-766
2429
4370
1529
-2485
-2591
1312
4763
5417
3674
838
-2092
-3883
-3554
-1812
-714
-1686
-3281
-3863
-3456
-3782
-5421
-7337
-7368
-4896
-1395
474
-431
-2401
-3243
-2682
-1428
421
2236
3102
2616
1943
2158
2608
1661
-58
-511
951
2720
2917
1388
-275
-1141
-1641
-2059
-2505
-2733
-2305
-1714
-1927
-2432
-2526
-2366
-2293
-1851
-386
1601
2302
1464
852
1449
2210
2336
2046
2178
2832
3019
1954
413
-529
-733
-521
-251
193
348
-380
-1480
-1439
-527
90
102
319
1182
2069
2223
1787
1532
1718
2451
3208
3658
4015
4369
4289
3810
3490
3378
3282
2944
2911
3264
3472
3026
2381
2092
2217
2451
2206
1820
1567
1899
2459
2220
-671
-5578
-8851
-7346
-2478
516
-709
-3907
-5799
-7060
-7790
-6533
-2517
494
-25
-1509
85
2917
2058
-1862
-3566
-451
3657
5201
3736
1510
-945
-3020
-3911
-2625
-671
-296
-1920
-3457
-3393
-3137
-4181
-6206
-6921
-5472
-2415
-7
493
-918
-2496
-2999
-2188
-501
1664
3521
3859
3000
2331
2704
2846
1886
544
604
2120
3436
3069
1468
-87
-1106
-1790
-2280
-2385
-2002
-1428
-1604
-2692
-3456
-3157
-2758
-2709
-2129
-490
966
996
160
124
904
1376
1359
1602
2393
2932
2337
783
-318
-494
-307
-303
-209
150
180
-695
-1721
-1643
-841
-227
38
550
1171
1398
1127
1041
1508
2137
2696
3121
3475
3747
4043
4103
3926
3538
3268
3388
3804
3951
3558
2855
2351
2239
2453
2622
2450
1761
1300
1316
1665
2058
2043
-6
-4643
-8708
-8037
-2659
1283
238
-3498
-5232
-5914
-6761
-6704
-3078
1062
1590
-787
-665
2403
3039
-595
-3763
-1562
3210
5705
4050
1571
-581
-2374
-3898
-3153
-655
1110
67
-2283
-3298
-2917
-2816
-4190
-5511
-5178
-2315
734
1890
401
-1637
-2868
-2705
-1287
1421
4181
4996
3652
1878
1495
1926
1942
975
638
1725
3183
3062
1599
-21
-1201
-2153
-2562
-2048
-1409
-1518
-2322
-3000
-3464
-3789
-4067
-3845
-2952
-1666
-543
-7
-138
-558
-588
-91
854
1623
1994
1930
1737
1284
667
-55
-560
-588
-293
-42
-153
-502
-1093
-1516
-1556
-962
-290
-12
-77
266
1356
2560
2951
2270
1662
2029
3124
3943
4527
5074
5255
4423
3200
2940
3808
4377
3743
2762
2610
3193
3395
2828
2050
1503
1157
1312
2158
3351
3742
2217
-2179
-7634
-9842
-5651
947
3237
-168
-4065
-5767
-7179
-8375
-5806
289
3180
198
-2818
55
4136
2749
-2804
-4277
186
5113
5651
3748
2295
465
-2825
-5010
-2565
2045
3311
-433
-3860
-3527
-1523
-2343
-5472
-7232
-5331
-1717
509
202
-1581
-3150
-4111
-3922
-2047
1508
4046
3538
968
33
1804
3641
2575
-150
-854
1358
3684
3652
2107
462
-1186
-3298
-4348
-3215
-1168
-999
-3227
-5669
-6062
-4863
-4310
-4748
-4557
-2690
-738
-185
-625
-441
117
172
45
1161
3346
4487
3391
1356
562
705
523
-243
-140
754
1135
98
-1185
-1620
-1413
-1302
-1048
166
1907
2987
2704
2171
2302
2944
3204
3376
4181
5641
6615
6225
5003
4195
4258
4355
3841
3352
3786
4617
4422
2837
975
342
1100
2218
2993
3718
3563
-143
-7299
-11943
-8248
39
3705
142
-4168
-5327
-6338
-8715
-7615
-1257
3320
533
-4031
-1912
4193
4745
-1809
-6150
-2491
4120
6373
4804
3515
2362
-1025
-4457
-3204
1858
4549
1833
-2303
-3234
-1375
-579
-2646
-5840
-7081
-5023
-1244
1059
175
-2388
-4080
-4229
-3662
-2114
895
3407
2602
-264
-584
2571
4505
2053
-1354
-921
2629
4926
4404
3068
1924
-93
-2655
-3239
-1108
759
-485
-3595
-5250
-4702
-3979
-4433
-5136
-4830
-3612
-2422
-1554
-916
-783
-1349
-1748
-739
1398
2911
2803
1910
1266
990
931
1094
1117
751
460
624
707
265
-239
-306
-152
97
872
2259
3441
3558
2805
2360
3059
4111
4265
3930
4516
5710
5862
4691
3676
3426
3091
2484
2680
3842
4367
3131
1199
447
989
1736
2237
2023
-865
-6566
-10201
-7063
-518
1562
-2048
-5287
-5422
-6095
-8030
-6298
-61
3229
-691
-4953
-1761
4835
5080
-1320
-5099
-1508
3985
5459
4189
3606
2618
-784
-3855
-2308
2422
4529
1709
-2339
-3524
-2003
-556
-1316
-4200
-6791
-6090
-2257
792
105
-2497
-3736
-3579
-3608
-2850
354
3607
2792
-1109
-2241
1470
4944
3531
-216
-950
1726
4124
4623
4483
3757
1275
-1861
-2760
-1089
413
-244
-2374
-4393
-5304
-4900
-4128
-4510
-6009
-6556
-4912
-2464
-1288
-1562
-2028
-1879
-1176
-128
1196
2473
3029
2505
1653
1683
2548
2805
1889
1102
1462
2095
2001
1567
1247
615
-195
24
1540
2767
2470
1537
1572
2626
3260
2831
2519
3433
4641
4697
4003
3885
4120
3654
2851
3009
3947
4238
3353
2119
1487
1673
2108
1262
-1930
-6158
-7937
-5613
-1953
-1023
-3034
-5090
-6120
-7340
-8061
-5621
-1020
792
-1753
-3596
-706
3671
3890
285
-1990
-501
2262
3827
4627
5086
3834
492
-2102
-1336
1336
2284
546
-1682
-2322
-1453
-565
-1095
-3307
-5688
-6093
-4102
-1580
-405
-754
-1829
-3009
-3480
-2291
172
1740
999
-522
-220
1908
3351
2735
1271
532
758
1753
3476
5027
4746
2299
-544
-1799
-1265
-355
-445
-1617
-2777
-3042
-2814
-3089
-4119
-5258
-5821
-5463
-4022
-1943
-367
-291
-1383
-2180
-1553
152
1626
2174
2264
2624
3136
3230
2827
2401
2206
2185
2449
3205
4101
4172
2972
1338
631
1222
2255
2763
2670
2427
2217
2030
2035
2412
2893
3095
3093
3349
4040
4645
4494
3558
2716
2693
3223
3506
3478
3574
3115
634
-3575
-6391
-5497
-2585
-1290
-2447
-4038
-5131
-6730
-8512
-8102
-5126
-2734
-3234
-4405
-3072
-73
1087
-385
-1875
-1474
-4
1359
2802
4248
4326
2317
-126
-815
329
1438
1116
-407
-1919
-2341
-1578
-933
-1855
-4039
-5598
-5335
-4088
-3122
-2618
-2313
-2570
-3451
-3703
-2260
-225
262
-861
-1413
-143
1638
2280
1930
1585
1412
1238
1572
2816
4063
3927
2329
527
-348
-201
292
339
-372
-1391
-1944
-1811
-1598
-2006
-3090
-4140
-4294
-3308
-1777
-674
-594
-1350
-2038
-1709
-333
1044
1462
1230
1383
2238
3094
3339
3113
2835
2650
2716
3308
4288
4855
4323
3088
2255
2436
3131
3464
3107
2400
1857
1772
2144
2609
2682
2243
1788
1914
2640
3370
3503
3074
2589
2447
2611
2955
3439
3652
2657
72
-2761
-3819
-2746
-1374
-1287
-2252
-3437
-4902
-6656
-7432
-6285
-4529
-4311
-5385
-5421
-3535
-1650
-1494
-2351
-2561
-1876
-963
128
1616
2805
2679
1501
572
599
1111
1351
911
-181
-1333
-1626
-970
-587
-1505
-3057
-3884
-3802
-3594
-3406
-2770
-2039
-2174
-2971
-2965
-1615
-282
-255
-961
-1013
-174
794
1487
2004
2189
1794
1280
1413
2168
2651
2216
1124
118
-212
193
755
637
-334
-1318
-1452
-843
-321
-431
-1044
-1694
-1892
-1360
-388
237
-7
-744
-1097
-631
259
855
817
438
325
856
1864
2721
2933
2557
2120
2130
2713
3562
4135
4065
3525
3157
3412
3971
4045
3391
2628
2423
2713
2956
2925
2762
2527
2142
1834
2035
2679
3130
2968
2555
2466
2708
2878
2670
1977
707
-871
-1950
-1900
-1169
-835
-1425
-2625
-4003
-5308
-6068
-5829
-4998
-4684
-5236
-5702
-5166
-4054
-3440
-3530
-3642
-3351
-2767
-1909
-631
739
1422
1179
640
569
1099
1808
2155
1711
606
-338
-381
141
93
-963
-2266
-3021
-3311
-3464
-3347
-2928
-2846
-3530
-4225
-3875
-2694
-1943
-2180
-2619
-2365
-1454
-435
378
899
1041
901
880
1232
1680
1714
1166
374
-69
178
794
952
199
-921
-1414
-985
-285
-27
-252
-586
-757
-639
-174
428
676
352
-103
-49
585
1238
1386
1048
622
503
864
1568
2207
2376
2077
1747
1832
2368
3008
3356
3305
3112
3186
3662
4155
4167
3736
3372
3393
3597
3672
3666
3688
3532
3041
2584
2649
3051
3161
2813
2471
2419
2393
2101
1539
660
-632
-1939
-2408
-1765
-878
-811
-1736
-3082
-4303
-5017
-4931
-4239
-3769
-4096
-4710
-4678
-3940
-3322
-3346
-3673
-3814
-3634
-3080
-2019
-699
160
168
-244
-311
209
982
1527
1523
1028
514
543
1013
1136
399
-798
-1708
-2120
-2290
-2311
-2177
-2226
-2842
-3718
-4011
-3506
-2916
-2879
-3146
-3035
-2333
-1385
-562
17
362
570
846
1310
1781
1954
1736
1333
1053
1105
1430
1617
1234
354
-420
-603
-379
-254
-403
-603
-661
-590
-406
-78
231
249
32
15
460
1103
1490
1498
1335
1175
1108
1263
1680
2061
2043
1680
1407
1540
1921
2230
2346
2362
2393
2522
2790
3107
3292
3295
3258
3299
3412
3574
3846
4150
4227
4010
3779
3773
3820
3631
3328
3241
3350
3252
2670
1610
162
-1418
-2503
-2470
-1566
-903
-1370
-2811
-4393
-5405
-5543
-4910
-4101
-3893
-4405
-4835
-4435
-3469
-2851
-2994
-3448
-3594
-3169
-2202
-924
131
429
59
-266
15
759
1409
1558
1169
564
259
520
954
805
-148
-1320
-2109
-2462
-2633
-2695
-2729
-3075
-3851
-4565
-4606
-4110
-3803
-3981
-4225
-4026
-3357
-2503
-1703
-1063
-623
-284
153
699
1120
1237
1160
1149
1316
1613
1873
1837
1384
694
174
48
122
44
-250
-559
-680
-579
-339
-101
-41
-191
-295
-42
568
1184
1486
1481
1389
1407
1626
2035
2440
2575
2342
1999
1880
2020
2179
2187
2139
2199
2375
2531
2602
2620
2652
2719
2816
2955
3137
3376
3661
3905
4020
4008
3974
3951
3884
3748
3632
3622
3598
3333
2643
1448
-141
-1684
-2508
-2306
-1571
-1264
-1924
-3288
-4689
-5553
-5597
-4935
-4143
-3879
-4143
-4241
-3671
-2740
-2199
-2309
-2628
-2582
-1968
-940
151
854
904
520
279
565
1208
1672
1555
914
212
-37
238
538
287
-553
-1518
-2191
-2531
-2657
-2652
-2669
-2973
-3518
-3891
-3791
-3482
-3458
-3741
-3865
-3483
-2730
-1945
-1312
-850
-547
-321
-28
413
878
1140
1166
1176
1402
1839
2173
2074
1577
1043
795
818
854
718
420
70
-216
-313
-175
35
43
-213
-455
-351
112
589
787
748
728
931
1359
1842
2170
2210
2025
1829
1817
1980
2140
2161
2113
2138
2257
2350
2309
2165
2016
1991
2159
2493
2859
3057
3058
3018
3093
3282
3466
3581
3666
3725
3732
3638
3485
3324
3018
2325
1075
-460
-1667
-2064
-1761
-1387
-1513
-2263
-3384
-4520
-5288
-5379
-4850
-4239
-4066
-4208
-4019
-3221
-2291
-1866
-1989
-2142
-1876
-1157
-186
798
1504
1694
1448
1179
1294
1701
1929
1609
863
196
-47
42
6
-508
-1431
-2444
-3250
-3696
-3763
-3618
-3605
-3981
-4543
-4779
-4463
-3984
-3868
-4100
-4147
-3623
-2686
-1779
-1146
-749
-504
-329
-99
297
820
1215
1311
1224
1264
1573
1902
1886
1464
954
684
662
699
653
526
326
48
-192
-206
23
208
73
-275
-436
-154
371
738
812
801
947
1262
1601
1854
1959
1904
1761
1724
1915
2205
2340
2243
2104
2112
2198
2199
2037
1811
1690
1776
2094
2501
2750
2697
2469
2340
2440
2666
2869
3004
3120
3227
3267
3197
3034
2768
2254
1311
-39
-1306
-1817
-1420
-770
-741
-1521
-2628
-3611
-4334
-4650
-4287
-3468
-2986
-3219
-3503
-2969
-1861
-1256
-1526
-1898
-1578
-712
100
711
1279
1668
1600
1242
1138
1454
1702
1392
647
26
-176
-153
-357
-981
-1839
-2625
-3208
-3656
-3956
-4021
-3950
-4051
-4412
-4680
-4471
-3950
-3615
-3601
-3513
-2971
-2124
-1365
-854
-452
-64
188
274
444
921
1471
1605
1289
1065
1342
1770
1738
1240
776
648
687
724
838
1012
951
541
147
197
558
738
556
321
375
657
925
1082
1194
1305
1393
1490
1641
1794
1868
1824
1732
1730
1914
2216
2441
2458
2338
2228
2132
1994
1907
2032
2346
2628
2737
2751
2757
2710
2583
2575
2856
3241
3359
3113
2810
2705
2665
2506
2292
2058
1376
-198
-2102
-2998
-2370
-1335
-1273
-2213
-3201
-3872
-4570
-5093
-4699
-3543
-2900
-3341
-3706
-2771
-1141
-398
-855
-1328
-985
-233
368
1006
1880
2516
2378
1756
1390
1482
1521
1049
182
-564
-821
-705
-744
-1390
-2491
-3525
-4207
-4671
-4935
-4799
-4393
-4292
-4721
-5059
-4694
-3906
-3456
-3463
-3313
-2596
-1582
-740
-202
123
251
223
292
732
1399
1761
1499
914
624
840
1150
1056
545
35
-153
-20
247
433
383
47
-333
-400
-80
330
499
370
188
259
602
1027
1299
1326
1225
1213
1395
1709
1989
2080
1894
1571
1478
1766
2208
2429
2327
2090
1896
1782
1798
2016
2288
2373
2300
2323
2526
2665
2543
2353
2420
2767
3085
3165
3048
2798
2451
2127
2018
2125
1969
855
-1213
-3112
-3443
-2257
-1089
-1099
-1975
-2942
-3957
-4946
-4985
-3584
-1981
-1726
-2461
-2325
-754
713
722
-97
-371
159
892
1674
2717
3501
3134
1815
883
1069
1656
1602
714
-453
-1355
-1796
-1820
-1872
-2517
-3628
-4497
-4728
-4614
-4480
-4370
-4342
-4582
-4824
-4319
-3000
-1897
-1790
-2120
-1822
-803
202
837
1178
1213
913
689
1039
1736
1989
1354
274
-455
-453
-103
-45
-491
-1118
-1478
-1383
-999
-624
-538
-784
-1051
-994
-447
338
768
597
280
394
1021
1716
1981
1751
1380
1233
1478
1978
2394
2410
1949
1448
1394
1832
2384
2552
2218
1739
1522
1746
2273
2728
2832
2698
2606
2696
2926
3114
3140
3057
3026
3187
3527
3777
3600
2982
2357
2051
1992
1835
1063
-827
-3505
-5284
-4744
-2766
-1657
-2315
-3663
-4787
-5789
-6210
-4975
-2467
-838
-1119
-1556
-225
1958
2674
1671
863
1464
2746
3720
4393
4793
4169
2373
724
511
1200
1284
145
-1546
-2902
-3586
-3694
-3732
-4414
-5684
-6503
-6205
-5343
-4805
-4671
-4574
-4503
-4505
-3897
-2226
-501
-29
-508
-426
718
1824
2074
1890
1749
1497
1074
1008
1397
1488
569
-973
-2053
-2145
-1752
-1730
-2238
-2768
-2858
-2521
-2050
-1657
-1432
-1460
-1546
-1326
-501
708
1460
1228
577
493
1170
1984
2304
2158
1962
1901
1893
1946
2085
2160
1892
1458
1440
2003
2633
2674
2078
1457
1326
1627
2152
2733
3157
3222
2983
2773
2855
3070
3114
2994
2908
2980
3236
3544
3517
2865
1925
1329
1230
1249
863
-513
-3108
-5704
-6181
-4138
-1895
-1657
-3030
-4404
-5316
-5774
-4908
-2335
178
564
-399
13
2384
4186
3563
1891
1566
2809
4124
4678
4731
4098
2305
112
-850
-225
447
-343
-2366
-4243
-5088
-4978
-4668
-5025
-6159
-7027
-6620
-5270
-4159
-3812
-3744
-3497
-3146
-2441
-830
1194
2178
1606
906
1539
2932
3472
2787
1821
1318
1196
1106
850
324
-653
-2104
-3359
-3475
-2556
-2038
-2789
-3886
-3982
-3012
-1976
-1470
-1355
-1376
-1284
-805
109
1035
1342
895
374
624
1594
2386
2322
1701
1376
1686
2240
2551
2477
2219
2044
2079
2404
3035
3645
3585
2807
2240
2572
3268
3555
3632
3975
4341
4257
3903
3760
3812
3672
3350
3296
3673
3922
3331
2128
1253
1068
1050
840
355
-1221
-4506
-7641
-7538
-4287
-1623
-1993
-3827
-4950
-5588
-5999
-4518
-695
2338
1898
240
1334
4627
5981
4118
2245
2882
4695
5476
5241
4735
3325
533
-1942
-2047
-504
-72
-1939
-4588
-6229
-6604
-6345
-6155
-6648
-7654
-7892
-6577
-4811
-4137
-4423
-4528
-4148
-3594
-2398
-33
2225
2342
626
-245
1054
2679
2610
1453
856
829
450
-112
-202
-312
-1467
-3193
-3822
-2807
-1595
-1698
-2794
-3500
-3204
-2446
-1732
-1077
-610
-668
-1050
-984
-235
397
123
-649
-796
24
989
1199
748
416
606
1089
1518
1933
2419
2698
2578
2558
3233
4269
4681
4258
3916
4266
4788
4770
4518
4748
5327
5492
5085
4688
4535
4240
3708
3466
3695
3698
2844
1560
782
699
600
132
-413
-1365
-3749
-7024
-8406
-6267
-2996
-1994
-3261
-4429
-4807
-5247
-4986
-2317
1588
3291
2168
1541
3574
5887
5494
3346
2661
4145
5700
5813
4919
3441
1135
-1351
-2370
-1490
-402
-922
-2965
-5076
-6105
-5986
-5596
-5894
-6796
-6917
-5394
-3340
-2680
-3556
-4485
-4489
-3825
-2574
-467
1612
1890
219
-1210
-710
717
1050
157
-595
-460
-86
-130
-520
-972
-1610
-2313
-2459
-1588
-361
2
-795
-1635
-1410
-497
17
-148
-300
-85
162
-18
-391
-739
-1093
-1528
-1599
-864
194
446
-253
-759
-256
710
1213
1365
1854
2676
3162
3286
3584
4326
4820
4671
4442
4851
5615
6087
6082
6002
6021
5866
5397
4930
4847
5039
5061
4572
3789
2818
1809
988
503
190
47
-304
-1920
-5547
-9120
-9205
-5655
-2622
-2980
-4885
-5685
-5841
-6398
-5461
-1668
2118
2282
631
1558
4948
6133
3699
1552
2974
5860
6788
5751
4479
2972
568
-1369
-1017
771
1100
-810
-3243
-4437
-4620
-4665
-5114
-5839
-6239
-5376
-3548
-2546
-3536
-5298
-5830
-5000
-3783
-2424
-724
123
-1015
-2921
-2942
-1136
-163
-1332
-2607
-2074
-792
-724
-1532
-1649
-1187
-1331
-2008
-1744
-360
552
-68
-983
-765
147
301
-428
-880
-512
-164
-527
-1162
-1514
-1699
-2139
-2472
-1962
-802
-190
-422
-661
-181
598
992
1209
1845
2656
3086
3202
3577
4355
4836
4703
4547
4980
5696
6218
6429
6627
6797
6751
6505
6382
6462
6565
6264
5577
4926
4402
3695
2701
1748
1154
948
499
-1263
-4918
-8576
-9226
-6435
-3658
-3564
-5249
-6517
-7332
-7918
-6711
-2893
627
824
-572
341
3418
4543
2588
969
2630
5522
6630
5687
4394
2949
950
-543
148
2155
2724
910
-1428
-2394
-2449
-2746
-3566
-4179
-4135
-3142
-1917
-1626
-2965
-4844
-5779
-5355
-4198
-2833
-1710
-1767
-3299
-4914
-4641
-3023
-2395
-3506
-4189
-3189
-1939
-1937
-2255
-1680
-890
-744
-735
133
1324
1630
788
131
425
919
545
-243
-459
-393
-900
-1861
-2377
-2455
-2628
-2967
-2679
-1620
-659
-506
-477
42
663
877
1304
2436
3457
3473
2980
3149
4014
4707
4668
4584
4919
5382
5581
6051
6946
7523
7355
7051
7279
7717
7995
7810
7257
6438
5734
5166
4780
4453
3703
2489
1101
-652
-3821
-7045
-7630
-5130
-3243
-3972
-5789
-6665
-7451
-8449
-7571
-3798
-122
-3
-1618
-1230
1293
1809
52
-652
1692
4019
4161
2991
2157
1093
-632
-1532
-352
1721
2118
725
-829
-1307
-1661
-2125
-2476
-2225
-1850
-1278
-961
-1560
-3255
-4809
-5147
-4595
-3851
-3256
-2863
-3428
-4867
-5994
-5605
-4625
-4388
-4804
-4672
-3891
-3107
-2570
-2158
-1819
-1459
-833
-10
848
1454
1464
807
125
55
299
180
-408
-1038
-1598
-2192
-2757
-3119
-3189
-2967
-2427
-1812
-1315
-884
-447
-139
30
400
1064
1777
2307
2678
2860
2910
3037
3337
3767
4183
4577
4969
5523
6073
6470
6932
7731
8372
8259
7799
7781
8160
8290
7956
7363
6687
6069
5399
4791
4357
3541
755
-3649
-6425
-5055
-1999
-1313
-3342
-5372
-6437
-7550
-7821
-5445
-1547
-253
-1931
-2854
-599
1337
116
-2106
-1313
1717
3477
3004
1829
718
-923
-1994
-1063
1492
2748
1662
-174
-523
-1
-130
-1199
-1915
-1606
-516
498
286
-1483
-3719
-4642
-4206
-3262
-2650
-2261
-2533
-3682
-5170
-5565
-4745
-4201
-4707
-4898
-3608
-2328
-2627
-3526
-3021
-1652
-976
-888
-26
1180
1164
-141
-956
-519
-16
-408
-1156
-1430
-1579
-2168
-3073
-3529
-3246
-2601
-2126
-1826
-1496
-1113
-872
-775
-738
-506
160
974
1233
946
959
1427
1748
1764
2162
3069
3944
4358
4659
5292
6204
6792
6860
7134
7995
8677
8399
7768
7532
7458
7119
6909
6941
6587
5633
4493
2811
-233
-3188
-3373
-808
749
-618
-2992
-4186
-4994
-5625
-4338
-981
918
-497
-2130
-944
1033
288
-1799
-1547
1162
2702
1966
718
99
-1004
-2196
-1715
672
2291
1557
-116
-667
-450
-871
-1695
-1735
-859
-280
-455
-1324
-2581
-4051
-4816
-4534
-3496
-2621
-2368
-3077
-4488
-5734
-5899
-5262
-4786
-4447
-3445
-2036
-1781
-2690
-3163
-2334
-1267
-516
333
1386
1650
906
-137
-682
-837
-978
-1198
-1245
-1175
-1632
-2821
-3963
-4022
-3264
-2518
-2145
-1702
-1329
-1341
-1715
-1954
-1895
-1523
-789
41
409
55
-519
-730
-199
785
1812
2572
3188
3547
3747
4237
5175
5980
6366
6847
7355
7456
7185
7118
6927
6493
6257
6476
6487
6032
4872
2161
-1535
-3161
-850
2252
2298
-312
-2232
-2940
-3513
-3289
-768
1982
1792
-255
-173
2025
2166
-517
-1910
465
3374
3648
1988
598
-644
-1962
-2003
136
2390
2323
628
-277
13
-214
-1188
-1472
-559
167
35
-518
-1347
-2772
-4169
-4446
-3651
-2792
-2634
-3020
-3583
-4208
-5243
-6401
-6431
-4690
-2448
-1476
-1790
-2493
-3048
-3255
-2367
-480
1219
1613
1222
864
515
-333
-1311
-1555
-995
-233
-44
-710
-2150
-3395
-3714
-3047
-2062
-1082
-479
-381
-684
-1072
-1506
-1666
-1181
-301
379
537
147
-734
-1374
-1220
-379
618
1637
2231
2221
2184
2727
3380
3791
4410
5455
6301
6407
5854
5155
4886
4981
5057
5279
5640
4378
395
-3347
-2945
449
2122
851
-736
-1419
-2430
-3201
-1636
1512
2684
1383
1085
3179
4182
1789
-849
-96
2734
4135
3719
2756
1416
-510
-1458
-413
1388
1884
1285
1057
1441
973
-724
-2002
-1535
-134
788
897
175
-1328
-3019
-3770
-3539
-3206
-3493
-3808
-3609
-3643
-5133
-7101
-7209
-5340
-3704
-3135
-2758
-2615
-3127
-3146
-1618
183
663
377
663
1228
963
-208
-1172
-1135
-434
60
33
-498
-1362
-2188
-2345
-1708
-725
-84
24
-113
-310
-716
-1207
-1096
-316
462
606
334
-280
-930
-1242
-888
-234
425
743
801
956
1303
1370
1218
1794
3100
4153
4246
4009
3699
3541
3518
3969
4393
3806
989
-2663
-3837
-1383
1002
290
-1772
-2585
-2912
-3910
-3602
-1070
1284
1140
680
2053
3772
2777
318
37
2798
5240
5279
4138
3467
2782
1576
1085
2074
3456
3654
3244
3133
3056
1840
242
-236
710
1610
1797
1476
843
-399
-1824
-2532
-2537
-2607
-3025
-3167
-3405
-4473
-6005
-6251
-5309
-4603
-4648
-4299
-3496
-2946
-2688
-2010
-995
-212
365
791
995
795
439
-76
-386
-303
71
-59
-773
-1547
-1814
-1789
-1680
-1356
-769
-234
-298
-763
-1078
-835
-534
-346
-28
642
921
423
-242
-282
41
276
566
1183
1832
1913
1533
1326
1769
2430
2821
2956
3177
3266
3085
2925
3184
3297
2594
687
-1547
-2700
-1775
-216
-251
-2040
-3590
-4038
-4276
-4216
-3027
-1396
-1194
-1787
-1319
104
166
-1006
-1302
449
2411
3060
2559
2002
1713
1494
1659
2343
3251
3643
3859
4099
3937
2764
1584
1698
2915
3733
3568
2882
2012
1028
287
118
-55
-725
-1527
-1697
-1664
-2362
-3672
-4429
-4155
-3575
-3179
-2833
-2479
-2384
-2225
-1582
-698
-215
35
502
954
824
247
-99
-46
113
-46
-474
-916
-1060
-1079
-1115
-1155
-1114
-1234
-1548
-1633
-1354
-1170
-1385
-1517
-1245
-912
-958
-1154
-1147
-900
-686
-482
-194
324
803
1151
1257
1475
1892
2591
3184
3393
3269
3212
3539
3837
3908
3334
2112
-134
-1954
-2007
-223
617
-734
-2933
-3794
-3789
-4028
-3880
-2634
-1477
-1907
-2462
-1804
-864
-1770
-2998
-2349
83
1361
841
-22
-38
75
-211
-40
1084
2475
2924
2738
2483
2188
1438
1084
1871
3144
3412
2732
2122
1902
1491
867
356
-86
-475
-454
-106
-347
-1440
-2515
-2712
-2211
-1562
-1052
-766
-642
-392
80
523
831
1237
1786
2180
2331
2320
2045
1490
1068
1057
1054
789
590
672
558
-6
-602
-858
-948
-1042
-984
-872
-998
-1325
-1503
-1505
-1601
-1774
-1785
-1548
-1311
-1206
-1139
-940
-613
-336
-176
-47
359
997
1551
1668
1574
1696
2065
2454
2567
2287
1114
-731
-2122
-1660
-69
660
-413
-1963
-2746
-3000
-3061
-2585
-1545
-1030
-1295
-1432
-906
-875
-1744
-2405
-1606
-119
690
481
1
-291
-580
-810
-598
309
1215
1560
1444
1274
859
241
120
810
1443
1359
1084
1112
963
287
-496
-1079
-1552
-1583
-960
-493
-1062
-2121
-2674
-2670
-2412
-1766
-845
-261
-49
326
880
1118
1218
1661
2390
3041
3553
3774
3475
2828
2326
2089
2112
2489
2956
2905
2293
1648
1130
649
474
835
1227
1180
861
518
-34
-759
-1145
-968
-494
-80
115
30
-196
-477
-726
-788
-313
587
1249
1277
1019
924
882
724
522
242
-588
-1803
-2427
-1764
-929
-1370
-2801
-3664
-3573
-3425
-3454
-3061
-2369
-2281
-2643
-2493
-1819
-1778
-2443
-2512
-1277
34
225
-278
-308
7
-184
-586
-133
1031
1601
1328
1141
1283
980
375
444
1226
1588
1230
919
967
705
-204
-1202
-1667
-1507
-1110
-910
-1233
-2018
-2862
-3271
-3085
-2517
-1960
-1508
-1022
-535
-217
-63
125
430
914
1691
2672
3319
3276
2818
2447
2309
2359
2642
3147
3525
3405
2884
2405
2161
1971
1791
1889
2314
2567
2236
1488
815
381
217
390
815
1115
1089
890
643
282
-32
65
586
1132
1456
1607
1462
936
332
42
-251
-967
-1757
-1767
-1203
-1067
-1750
-2600
-3089
-3338
-3367
-2928
-2248
-2020
-2304
-2447
-2206
-2244
-2797
-3151
-2646
-1820
-1450
-1510
-1464
-1379
-1619
-1965
-1827
-1199
-654
-363
-47
284
204
-232
-372
86
578
672
670
908
1014
596
-47
-422
-505
-446
-159
175
47
-625
-1254
-1389
-1195
-973
-742
-499
-336
-282
-255
-134
124
436
685
922
1309
1758
1951
1838
1715
1759
1917
2162
2501
2722
2579
2242
2135
2384
2673
2706
2534
2358
2255
2113
1862
1580
1379
1279
1291
1395
1448
1278
950
782
934
1226
1409
1457
1460
1446
1392
1217
798
114
-639
-1097
-1093
-917
-1066
-1679
-2402
-2828
-2947
-2925
-2849
-2688
-2496
-2355
-2242
-2208
-2343
-2555
-2541
-2200
-1754
-1460
-1297
-1172
-1113
-1180
-1336
-1456
-1407
-1124
-724
-455
-497
-716
-867
-865
-855
-895
-852
-656
-454
-455
-632
-829
-945
-948
-812
-618
-533
-570
-580
-484
-405
-473
-641
-772
-781
-589
-171
322
629
655
608
746
1053
1363
1624
1911
2228
2465
2529
2452
2326
2159
1980
1953
2217
2660
2917
2746
2292
1895
1734
1740
1821
1947
2106
2273
2408
2441
2275
1984
1828
2042
2534
2965
3081
2862
2444
2033
1725
1397
810
-43
-756
-956
-814
-1008
-1884
-3038
-3815
-4016
-3932
-3846
-3857
-3962
-4118
-4218
-4232
-4339
-4585
-4661
-4252
-3539
-2980
-2744
-2591
-2331
-2043
-1836
-1589
-1132
-508
68
446
623
662
716
851
1005
1036
945
870
876
846
640
302
-83
-383
-516
-531
-600
-815
-1047
-1135
-1141
-1242
-1465
-1698
-1820
-1783
-1547
-1197
-920
-828
-802
-631
-307
52
416
855
1355
1778
2016
2126
2264
2483
2726
2956
3247
3654
4077
4296
4233
4073
4005
4060
4132
4161
4152
4114
4056
3938
3705
3326
2941
2721
2735
2818
2777
2524
2112
1723
1473
1230
697
-138
-827
-903
-605
-677
-1477
-2534
-3186
-3326
-3302
-3363
-3520
-3732
-3972
-4149
-4269
-4454
-4718
-4784
-4452
-3900
-3497
-3340
-3262
-3152
-3012
-2803
-2420
-1883
-1337
-931
-691
-567
-444
-226
35
161
92
5
32
39
-154
-476
-731
-877
-1004
-1113
-1202
-1324
-1505
-1611
-1542
-1418
-1426
-1613
-1835
-1961
-1943
-1823
-1675
-1522
-1324
-1043
-746
-478
-185
200
664
1123
1550
1945
2304
2650
2985
3258
3449
3631
3924
4323
4625
4704
4584
4395
4268
4253
4310
4350
4324
4195
3974
3697
3480
3346
3238
3117
3051
3063
3053
2857
2368
1579
666
72
80
353
211
-561
-1476
-2047
-2305
-2481
-2591
-2535
-2433
-2426
-2482
-2564
-2734
-2939
-2946
-2613
-2151
-1796
-1586
-1481
-1581
-1900
-2146
-2023
-1574
-1085
-752
-635
-720
-879
-958
-943
-976
-1080
-1054
-837
-709
-923
-1359
-1735
-1929
-1958
-1843
-1654
-1575
-1693
-1874
-1960
-1983
-2066
-2227
-2398
-2474
-2431
-2310
-2225
-2244
-2249
-2092
-1746
-1318
-901
-509
-149
166
436
688
951
1254
1566
1846
2090
2302
2524
2736
2911
3044
3135
3178
3240
3387
3580
3720
3755
3716
3635
3562
3549
3572
3521
3387
3259
3248
3247
3024
2424
1507
610
138
155
216
-219
-1105
-1916
-2325
-2475
-2637
-2816
-2870
-2773
-2596
-2408
-2337
-2441
-2555
-2403
-1972
-1489
-1123
-842
-641
-629
-802
-895
-705
-295
129
442
628
689
683
678
644
492
321
358
610
755
533
57
-352
-544
-572
-517
-474
-478
-538
-591
-604
-725
-987
-1262
-1381
-1337
-1245
-1206
-1204
-1216
-1217
-1191
-1073
-822
-470
-54
321
582
683
674
684
787
931
1078
1238
1426
1525
1417
1170
974
952
1048
1180
1364
1556
1653
1624
1499
1413
1439
1575
1811
1978
1941
1752
1515
1316
1013
494
-65
-392
-371
-290
-543
-1139
-1835
-2273
-2344
-2220
-2096
-2155
-2349
-2483
-2464
-2369
-2355
-2401
-2313
-2072
-1767
-1515
-1328
-1238
-1288
-1343
-1220
-877
-457
-144
67
216
317
410
520
615
609
564
603
710
739
579
331
169
103
81
97
167
264
324
358
376
378
390
449
538
628
725
904
1155
1354
1408
1401
1479
1699
2016
2306
2472
2501
2476
2477
2492
2429
2298
2221
2261
2314
2208
1920
1556
1224
1011
904
900
932
882
768
612
494
426
372
374
375
311
197
-9
-290
-707
-1230
-1638
-1806
-1767
-1772
-2025
-2445
-2878
-3150
-3215
-3167
-3131
-3219
-3370
-3448
-3430
-3407
-3453
-3493
-3390
-3149
-2868
-2626
-2470
-2433
-2458
-2383
-2111
-1711
-1358
-1119
-926
-735
-563
-425
-308
-201
-133
-54
40
77
-9
-187
-328
-353
-342
-361
-374
-340
-250
-189
-167
-166
-148
-36
159
386
591
795
1076
1416
1766
2068
2363
2716
3126
3541
3871
4101
4244
4355
4474
4555
4590
4611
4662
4709
4644
4443
4181
3975
3824
3691
3520
3295
3077
2868
2690
2494
2251
1977
1722
1525
1299
942
432
-163
-725
-1197
-1600
-1915
-2220
-2556
-2901
-3201
-3373
-3466
-3520
-3551
-3552
-3527
-3533
-3584
-3641
-3671
-3621
-3475
-3244
-3013
-2887
-2863
-2861
-2801
-2690
-2537
-2341
-2135
-1956
-1882
-1870
-1856
-1808
-1729
-1658
-1592
-1561
-1614
-1733
-1891
-2035
-2142
-2216
-2212
-2150
-2101
-2091
-2115
-2060
-1960
-1825
-1658
-1460
-1199
-972
-747
-525
-243
121
511
964
1420
1878
2302
2716
3157
3568
3911
4172
4390
4592
4727
4820
4901
4997
5072
5062
5004
4920
4827
4722
4606
4501
4386
4233
4052
3868
3664
3435
3181
2946
2731
2460
2123
1717
1290
829
347
-104
-495
-806
-1092
-1373
-1632
-1890
-2133
-2347
-2497
-2593
-2669
-2726
-2764
-2777
-2804
-2847
-2846
-2759
-2581
-2371
-2173
-2012
-1918
-1857
-1798
-1684
-1516
-1338
-1203
-1141
-1151
-1214
-1292
-1361
-1425
-1500
-1636
-1813
-2023
-2238
-2440
-2626
-2762
-2873
-2942
-2987
-3017
-3001
-3001
-2954
-2912
-2829
-2687
-2540
-2318
-2117
-1866
-1588
-1285
-911
-537
-117
287
707
1139
1560
1972
2331
2637
2898
3108
3313
3501
3682
3830
3925
3996
4022
4042
4044
4039
4031
4007
3976
3920
3849
3744
3614
3445
3237
2975
2641
2275
1858
1444
1037
666
298
-98
-490
-871
-1178
-1401
-1538
-1615
-1720
-1865
-2040
-2195
-2306
-2374
-2354
-2248
-2104
-1979
-1905
-1820
-1729
-1607
-1425
-1193
-929
-713
-531
-356
-207
-93
-6
93
195
251
277
272
251
174
15
-185
-405
-621
-800
-911
-997
-1117
-1298
-1484
-1629
-1740
-1798
-1831
-1798
-1750
-1699
-1637
-1588
-1494
-1389
-1218
-991
-762
-519
-288
-21
225
429
608
813
1061
1319
1541
1735
1916
2086
2251
2399
2523
2621
2718
2840
2957
3015
2991
2922
2856
2782
2679
2544
2392
2215
1962
1626
1238
821
400
-5
-367
-711
-1054
-1404
-1752
-2077
-2380
-2622
-2748
-2781
-2782
-2802
-2842
-2875
-2893
-2832
-2668
-2414
-2138
-1903
-1685
-1479
-1283
-1087
-869
-611
-355
-113
96
254
346
386
444
540
610
633
621
617
595
506
369
234
133
61
-13
-100
-203
-304
-372
-410
-444
-483
-486
-420
-314
-230
-180
-99
51
230
411
576
748
947
1154
1345
1495
1629
1785
1983
2160
2268
2343
2442
2583
2698
2777
2838
2900
2956
2987
2968
2889
2763
2631
2507
2315
2015
1694
1427
1161
796
364
-21
-332
-649
-993
-1336
-1662
-2005
-2326
-2566
-2801
-3088
-3353
-3485
-3541
-3675
-3850
-3901
-3807
-3717
-3686
-3591
-3393
-3188
-3007
-2794
-2554
-2373
-2211
-1954
-1634
-1424
-1329
-1163
-884
-650
-545
-440
-230
-27
104
201
312
385
405
464
574
623
550
490
518
559
511
444
483
573
625
623
650
699
753
844
963
1060
1080
1103
1194
1297
1329
1300
1348
1483
1619
1700
1738
1807
1896
2007
2126
2218
2276
2327
2432
2504
2489
2404
2353
2386
2395
2334
2218
2133
2077
1997
1887
1732
1576
1447
1354
1241
1030
753
502
312
107
-170
-456
-688
-884
-1112
-1385
-1648
-1876
-2054
-2188
-2304
-2451
-2620
-2749
-2829
-2922
-3064
-3191
-3228
-3219
-3232
-3291
-3330
-3332
-3303
-3228
-3111
-2972
-2831
-2672
-2479
-2296
-2152
-2011
-1800
-1552
-1351
-1191
-1029
-833
-661
-513
-366
-210
-39
134
321
488
602
721
877
1036
1147
1232
1351
1500
1624
1674
1709
1754
1821
1902
1966
1993
2014
2112
2273
2397
2452
2510
2675
2889
3042
3121
3176
3243
3310
3324
3223
3009
2768
2609
2476
2200
1791
1432
1240
1080
794
437
157
-9
-119
-241
-469
-762
-995
-1090
-1166
-1388
-1694
-1865
-1849
-1842
-1969
-2124
-2145
-2034
-1878
-1783
-1757
-1740
-1609
-1357
-1182
-1188
-1224
-1110
-886
-755
-782
-834
-787
-646
-524
-489
-541
-580
-517
-409
-418
-561
-673
-655
-604
-651
-783
-887
-910
-870
-842
-872
-917
-897
-779
-660
-630
-649
-607
-483
-369
-330
-319
-270
-175
-70
7
54
107
213
359
472
531
585
678
781
847
867
874
901
938
959
934
890
861
844
826
777
718
674
648
617
565
501
437
395
361
308
246
201
167
141
95
34
-13
-39
-49
-54
-65
-71
-66
-46
-25
-15
-2
29
70
96
99
83
56
27
-13
-61
-122
-183
-232
-260
-288
-331
-362
-363
-332
-285
-233
-184
-143
-90
-23
35
76
99
137
200
246
265
269
284
316
369
409
423
437
464
519
558
560
547
562
599
620
598
553
526
516
520
498
443
402
388
399
395
344
293
280
286
287
246
182
134
109
93
43
-40
-103
-133
-149
-188
-257
-322
-349
-360
-385
-432
-496
-538
-556
-583
-643
-738
-811
-854
-898
-969
-1064
-1154
-1221
-1272
-1339
-1423
-1508
-1562
-1578
-1597
-1626
-1656
-1658
-1611
-1558
-1505
-1438
-1349
-1224
-1082
-947
-819
-684
-526
-353
-187
-42
99
237
387
522
630
734
833
941
1047
1141
1216
1286
1362
1442
1506
1544
1587
1629
1668
1691
1689
1682
1666
1642
1616
1580
1533
1495
1458
1422
1385
1341
1312
1292
1276
1264
1251
1249
1251
1243
1250
1239
1223
1200
1156
1111
1035
944
835
702
548
375
187
-12
-212
-424
-624
-818
-1013
-1195
-1371
-1528
-1662
-1782
-1880
-1967
-2045
-2120
-2181
-2231
-2269
-2302
-2315
-2318
-2320
-2305
-2294
-2267
-2227
-2182
-2117
-2044
-1964
-1873
-1792
-1712
-1631
-1543
-1447
-1349
-1259
-1163
-1070
-976
-878
-783
-668
-542
-409
-261
-106
51
228
404
588
788
978
1181
1378
1564
1743
1903
2053
2197
2324
2434
2523
2590
2654
2691
2715
2725
2720
2710
2686
2646
2593
2522
2442
2358
2248
2130
1994
1831
1657
1478
1275
1073
872
654
445
227
15
-185
-369
-533
-695
-849
-988
-1112
-1224
-1325
-1415
-1492
-1550
-1599
-1640
-1670
-1698
-1711
-1710
-1702
-1685
-1662
-1635
-1597
-1571
-1550
-1528
-1520
-1500
-1486
-1479
-1474
-1475
-1475
-1467
-1467
-1456
-1438
-1411
-1369
-1323
-1269
-1214
-1150
-1074
-998
-914
-819
-715
-607
-499
-381
-254
-115
40
203
373
556
742
934
1121
1299
1481
1657
1825
1981
2119
2240
2347
2434
2511
2562
2610
2629
2628
2620
2592
2543
2475
2393
2287
2167
2014
1843
1656
1456
1249
1024
787
550
310
72
-153
-378
-587
-780
-958
-1115
-1263
-1393
-1507
-1596
-1676
-1733
-1769
-1793
-1796
-1785
-1768
-1734
-1691
-1638
-1566
-1494
-1416
-1334
-1253
-1173
-1096
-1037
-970
-911
-865
-824
-796
-774
-759
-753
-748
-747
-751
-749
-746
-738
-718
-692
-661
-613
-567
-506
-427
-347
-248
-145
-36
84
208
336
470
605
736
879
1016
1149
1283
1403
1526
1636
1731
1823
1903
1962
2004
2040
2056
2055
2030
1992
1931
1857
1764
1663
1551
1421
1284
1134
978
809
646
482
317
156
-9
-168
-319
-465
-600
-729
-842
-947
-1042
-1119
-1186
-1247
-1291
-1331
-1362
-1379
-1391
-1391
-1390
-1385
-1381
-1377
-1362
-1350
-1332
-1317
-1296
-1272
-1257
-1228
-1198
-1177
-1150
-1114
-1079
-1043
-1001
-963
-924
-881
-838
-790
-741
-684
-622
-563
-493
-422
-349
-267
-180
-83
13
114
226
335
446
556
661
783
895
1008
1121
1221
1327
1417
1497
1580
1655
1719
1787
1832
1869
1902
1911
1914
1900
1868
1828
1774
1709
1631
1533
1425
1312
1182
1048
915
770
633
488
341
209
68
-69
-187
-310
-422
-516
-618
-700
-774
-845
-898
-948
-991
-1026
-1052
-1072
-1088
-1101
-1109
-1115
-1118
-1121
-1121
-1120
-1118
-1119
-1120
-1118
-1117
-1114
-1110
-1109
-1099
-1088
-1084
-1063
-1039
-1017
-987
-953
-917
-871
-825
-776
-716
-661
-597
-525
-461
-379
-301
-231
-140
-57
28
127
212
299
397
488
578
668
757
839
923
997
1071
1129
1174
1219
1256
1281
1303
1314
1309
1302
1275
1250
1209
1167
1123
1069
1009
945
875
806
731
653
587
510
439
368
294
231
162
94
33
-40
-96
-147
-213
-263
-315
-370
-414
-457
-506
-544
-581
-609
-631
-657
-674
-690
-704
-704
-703
-698
-687
-674
-658
-640
-625
-600
-572
-550
-518
-492
-469
-434
-405
-377
-347
-324
-295
-269
-239
-211
-185
-163
-144
-122
-99
-74
-51
-33
-12
9
26
46
63
76
99
121
134
154
168
189
205
219
230
248
262
271
280
285
292
293
291
292
293
289
285
279
268
260
247
240
232
218
207
194
179
167
149
134
120
100
83
66
49
25
4
-11
-31
-49
-67
-87
-102
-115
-130
-143
-143
-153
-157
-158
-159
-150
-141
-136
-125
-113
-101
-83
-68
-53
-39
-23
-7
6
18
34
45
51
62
64
72
76
78
83
79
82
79
76
73
62
53
44
32
20
4
-13
-31
-49
-55
-76
-93
-106
-132
-140
-149
-168
-169
-176
-186
-179
-184
-184
-172
-165
-152
-137
-117
-102
-81
-54
-35
-9
17
30
59
83
91
110
119
128
136
132
130
130
120
105
89
79
62
48
35
16
6
-6
-11
-22
-29
-25
-24
-20
-8
-2
7
25
37
50
73
85
100
119
130
149
161
167
175
183
178
182
173
167
165
150
143
129
108
99
82
57
40
20
5
-12
-32
-46
-59
-71
-80
-94
-103
-105
-119
-117
-121
-123
-126
-132
-132
-131
-132
-136
-133
-131
-134
-136
-133
-137
-134
-130
-132
-125
-123
-121
-114
-111
-98
-91
-90
-81
-72
-62
-55
-49
-39
-32
-24
-14
-11
0
12
19
29
33
45
52
58
65
67
74
78
88
91
95
97
105
108
107
109
106
113
112
115
120
124
125
125
129
123
124
124
114
107
103
103
94
87
75
61
49
37
21
1
-15
-33
-52
-68
-85
-108
-120
-143
-163
-178
-193
-203
-214
-219
-225
-223
-221
-219
-216
-205
-191
-173
-155
-136
-112
-92
-67
-46
-23
1
20
36
52
74
86
97
103
106
116
121
118
115
115
114
113
100
93
89
82
73
65
62
54
44
35
26
22
22
17
16
13
15
19
22
25
36
46
47
55
63
73
81
83
89
93
98
100
98
95
95
93
91
86
81
71
63
52
38
30
20
5
-6
-22
-36
-51
-71
-87
-99
-110
-130
-141
-159
-168
-179
-193
-196
-206
-209
-210
-208
-201
-196
-192
-180
-165
-152
-143
-128
-105
-94
-78
-60
-43
-32
-16
-8
3
17
34
43
48
56
64
73
79
84
89
93
94
102
102
105
108
103
106
101
97
94
92
91
85
80
73
73
70
68
67
62
61
60
55
56
54
50
47
45
49
43
40
39
30
26
23
18
16
18
12
11
8
10
11
5
1
-2
-13
-12
-16
-22
-26
-30
-36
-44
-48
-53
-59
-60
-62
-66
-70
-69
-69
-71
-64
-66
-66
-61
-58
-55
-48
-49
-44
-38
-34
-29
-29
-20
-15
-9
-7
-1
6
5
8
9
15
21
20
18
23
20
18
15
15
19
12
14
9
9
7
0
2
-2
1
-3
-6
-5
-5
-3
-7
-10
-8
-4
-6
-7
-8
-7
-7
-3
0
-3
0
1
5
6
9
13
12
14
17
21
18
16
17
15
14
9
6
6
2
4
2
0
1
3
3
7
12
12
14
18
22
20
28
30
28
29
28
29
29
33
32
28
26
26
23
24
23
24
21
17
18
14
14
10
9
5
6
4
0
0
-1
-1
-5
-6
-9
-13
-10
-13
-17
-22
-27
-30
-32
-36
-44
-44
-47
-49
-49
-49
-50
-55
-51
-46
-43
-41
-39
-34
-28
-24
-21
-19
-17
-12
-13
-13
-8
-6
-2
-2
1
2
4
5
10
12
16
16
13
19
24
23
23
22
20
23
23
24
22
18
19
21
22
19
19
13
17
16
15
16
13
14
10
17
16
17
13
15
16
17
19
14
13
16
17
15
18
14
18
12
12
5
10
5
6
7
0
10
7
5
1
9
1
-1
1
-2
-1
-4
-6
-8
-14
-16
-16
-17
-17
-18
-24
-23
-22
-22
-23
-20
-18
-22
-14
-18
-12
-17
-13
-17
-16
-12
-14
-10
-16
-11
-20
-17
-17
-16
-16
-15
-10
-11
-8
-10
-3
-7
-6
-4
0
3
1
6
2
7
5
7
0
3
3
-1
0
3
3
1
4
3
10
6
15
8
19
14
19
19
16
20
10
19
6
9
1
8
-1
-5
0
-9
-4
-5
-2
-4
0
-1
0
-2
-2
-4
-3
-5
-4
-12
-10
-9
-14
-17
-18
-14
-18
-11
-14
-10
-9
-9
-8
-6
-4
-4
-6
-9
-4
-7
-5
-5
-2
-6
-2
-1
3
4
2
9
9
13
13
15
14
17
17
16
16
13
11
10
13
15
13
7
14
14
7
10
5
13
11
10
13
10
13
6
12
6
11
7
8
9
7
7
4
8
7
5
6
8
7
8
5
8
3
7
0
5
5
2
5
2
6
3
4
1
4
1
-1
1
0
0
-2
-6
-9
-8
-8
-12
-8
-12
-9
-16
-13
-14
-13
-15
-15
-14
-21
-15
-20
-10
-20
-13
-18
-19
-15
-15
-9
-15
-6
-13
-13
-15
-8
-9
-10
-5
-9
-6
-10
-6
-5
-5
-6
-5
2
-2
3
2
2
3
4
4
2
4
3
0
2
5
3
5
7
9
6
9
7
12
7
13
13
10
14
5
10
5
10
2
1
2
-2
2
-1
0
-1
0
-2
1
0
4
2
3
0
3
0
-1
1
-2
0
-4
-2
-5
0
-2
0
3
3
4
3
4
6
5
4
4
2
3
