19
19
20
22
22
23
23
23
22
22
23
21
21
22
22
21
19
20
19
16
14
13
12
9
7
6
4
3
1
-4
-8
-11
-12
-13
-14
-14
-15
-16
-17
-18
-18
-19
-19
-21
-18
-19
-20
-22
-24
-27
-28
-28
-29
-29
-31
-33
-33
-36
-36
-37
-35
-35
-35
-34
-32
-28
-22
-16
-14
-14
-17
-17
-16
-14
-14
-12
-11
-7
-3
1
3
0
-2
-6
-6
-6
-3
2
6
9
10
8
7
6
4
6
8
10
12
15
18
23
28
34
37
37
37
38
38
38
36
35
35
36
37
34
26
18
9
4
6
9
13
13
8
4
-1
-4
-5
-5
-2
-1
-2
-3
-8
-11
-16
-19
-18
-19
-24
-29
-34
-39
-42
-45
-47
-53
-61
-68
-73
-80
-86
-88
-91
-92
-94
-94
-95
-99
-101
-100
-93
-80
-67
-54
-46
-42
-40
-38
-29
-16
-3
8
16
21
24
28
30
31
25
19
15
14
15
14
11
6
0
-3
-2
-1
-7
-14
-14
-5
10
26
37
42
40
36
40
51
62
69
76
83
92
99
102
100
92
85
87
95
103
109
111
108
107
109
109
104
94
85
79
78
82
90
91
84
79
79
80
77
66
50
30
18
20
32
38
30
3
-35
-73
-95
-99
-93
-90
-104
-132
-164
-187
-197
-194
-179
-160
-144
-129
-114
-100
-96
-98
-95
-85
-63
-29
12
48
71
77
74
70
71
79
88
90
88
82
75
71
71
68
55
36
10
-14
-29
-34
-35
-36
-36
-34
-33
-38
-42
-51
-62
-61
-55
-45
-47
-47
-38
-21
1
21
25
13
-10
-30
-24
9
59
100
126
146
169
192
211
224
234
253
286
338
394
430
450
451
444
435
412
375
321
265
209
164
144
140
98
-7
-118
-195
-248
-299
-340
-377
-417
-444
-437
-399
-369
-378
-432
-513
-576
-585
-535
-449
-378
-360
-409
-491
-561
-586
-553
-472
-383
-315
-250
-179
-136
-156
-210
-261
-287
-277
-217
-106
28
120
137
86
14
-57
-99
-90
-57
-30
-12
5
34
53
45
19
-4
-11
-4
40
131
268
393
482
569
663
737
817
926
1051
1174
1293
1426
1556
1650
1702
1747
1785
1792
1710
1561
1433
1342
1242
1117
1025
971
867
629
338
110
-18
-99
-196
-304
-376
-377
-352
-364
-416
-453
-464
-509
-611
-721
-769
-753
-769
-884
-1050
-1187
-1300
-1460
-1684
-1912
-2099
-2260
-2415
-2563
-2691
-2817
-2939
-3023
-3058
-3049
-2992
-2875
-2718
-2567
-2453
-2345
-2207
-2058
-1930
-1808
-1598
-1263
-868
-491
-132
199
430
574
728
939
1148
1322
1495
1691
1878
1989
2047
2097
2129
2059
1908
1830
1916
2104
2305
2554
2891
3246
3511
3709
3876
3961
3927
3892
4040
4402
4814
5103
5245
5303
5254
4965
4442
3885
3396
2723
1641
404
-416
-617
-681
-1099
-1802
-2393
-2877
-3615
-4564
-5168
-5153
-4990
-5231
-5664
-5650
-5067
-4374
-3909
-3534
-3067
-2623
-2317
-1980
-1386
-602
160
811
1366
1747
1884
1908
1933
1809
1278
398
-466
-1138
-1774
-2509
-3234
-3788
-4279
-4886
-5607
-6279
-6784
-7124
-7319
-7388
-7343
-7137
-6606
-5696
-4634
-3673
-2758
-1638
-392
641
1424
2326
3553
4778
5611
6154
6754
7426
7870
7963
7935
8011
8034
7850
7499
7201
7045
6918
6674
6273
5817
5501
5370
5261
4991
4626
4400
4335
4245
3959
3566
3180
2533
1265
-420
-1802
-2260
-2204
-2445
-3156
-3797
-4045
-4293
-4937
-5500
-5509
-5324
-5728
-6671
-7120
-6574
-5616
-4844
-4217
-3417
-2615
-2149
-1719
-1011
-130
534
974
1413
1792
1961
2314
3132
4001
4111
3420
2672
2127
1252
-185
-1746
-2971
-4280
-6099
-7887
-8872
-9091
-9343
-9947
-10564
-10912
-11133
-11186
-10816
-10005
-9144
-8341
-7285
-5775
-4071
-2320
-479
1489
3162
4366
5527
7045
8656
9870
10648
11400
12167
12616
12778
12878
12907
12559
11774
10973
10397
9799
8955
7939
7018
6201
5433
4825
4428
4081
3551
2999
2710
2616
2390
1936
1019
-511
-2674
-4539
-5110
-4578
-4164
-4451
-4992
-5097
-5193
-5638
-5910
-5451
-4886
-5341
-6640
-7314
-6720
-5627
-4798
-4124
-3147
-2263
-1716
-1097
-19
1095
1714
1873
2026
2063
1952
2223
3255
4342
4497
3781
3153
2803
2020
547
-1118
-2600
-4393
-6768
-9001
-10404
-11150
-11820
-12596
-13215
-13553
-13707
-13370
-12608
-11769
-11122
-10289
-8856
-7059
-5418
-3728
-1673
641
2574
4088
5790
7819
9746
11178
12309
13517
14665
15469
15960
16146
16097
15750
15207
14486
13592
12519
11427
10235
8870
7488
6367
5518
4658
3601
2608
1980
1596
1247
891
526
-201
-1882
-4294
-6437
-7302
-7005
-6540
-6542
-6729
-6777
-6650
-6645
-6321
-5439
-4551
-4614
-5554
-6396
-6183
-5361
-4431
-3641
-2878
-2174
-1507
-514
957
2319
3151
3485
3504
3138
2394
2135
2782
3550
3423
2549
1851
1691
1223
268
-989
-2296
-4065
-6623
-9195
-11186
-12649
-13807
-15116
-16097
-16762
-16724
-15782
-14386
-13157
-12100
-10874
-9022
-7181
-5458
-3612
-1488
538
2211
3828
6103
8580
10851
12596
14129
15685
17005
18070
18899
19188
19009
18483
17879
17218
16187
15097
13868
12516
10850
9238
7797
6636
5177
3664
2162
1016
131
-516
-925
-1230
-1680
-2762
-4547
-6679
-8128
-8490
-8157
-8176
-8457
-8649
-8254
-7745
-7035
-5872
-4326
-3420
-3747
-4607
-4785
-4175
-3369
-2902
-2556
-2161
-1734
-983
284
1958
3262
4032
4227
3968
3114
2309
2160
2394
2019
778
-477
-1003
-1185
-1518
-2221
-3000
-4164
-6024
-8404
-10739
-12515
-14166
-15741
-17518
-18772
-19333
-18577
-16927
-15066
-13218
-11386
-9034
-6581
-4268
-2122
-66
1725
3080
4231
5906
8180
10647
12765
14501
16109
17838
19400
20702
21300
21122
20332
19305
18118
16879
15461
14252
12752
11130
9384
7876
6848
5625
4251
2652
1143
-132
-1073
-1721
-2039
-2412
-2769
-3684
-5302
-7089
-8144
-7981
-7468
-7610
-7888
-8052
-7596
-6928
-6039
-4629
-3190
-2658
-3246
-4064
-4026
-3190
-2510
-2168
-2233
-2284
-2225
-1607
-364
1131
2127
2681
2738
2390
1754
1358
1559
1603
695
-904
-2344
-2768
-2801
-2909
-3389
-4118
-5125
-6673
-8532
-10345
-11706
-13031
-14543
-16332
-17746
-18021
-17039
-15300
-13573
-11868
-9809
-7353
-4668
-2202
121
2098
3580
4606
5574
7060
8993
11049
12636
13896
15127
16703
18412
19661
20245
19892
19251
18277
17085
15780
14494
13204
11641
9820
8107
6855
5872
4862
3692
2561
1525
597
31
-455
-676
-1126
-1521
-2431
-4257
-5899
-7192
-6855
-6874
-7213
-7683
-8134
-7641
-7333
-6388
-5206
-3928
-3548
-4086
-4621
-4242
-3425
-2945
-2939
-3302
-3588
-3627
-3009
-1699
-346
628
1248
1588
1786
1738
1861
2238
1993
862
-1046
-2477
-2835
-2874
-3040
-3645
-4239
-5010
-6089
-7448
-8537
-9426
-10523
-12130
-14105
-15531
-16045
-15546
-14487
-13472
-12126
-10491
-8188
-5374
-2563
58
2130
3724
5027
6089
7426
8916
10333
11354
12040
13023
14592
16380
17789
18549
18610
18597
18113
17396
16438
15184
13816
11871
9971
8243
6908
5797
4581
3425
2471
1629
1171
865
664
507
-6
-373
-1772
-3583
-5447
-6512
-6507
-7162
-7789
-8696
-9017
-8825
-8421
-7343
-5917
-4624
-4236
-4372
-4314
-3482
-2825
-2684
-3117
-3868
-4412
-4614
-3919
-2716
-1596
-723
60
920
1820
2505
3267
3832
3418
2050
151
-1093
-1569
-2156
-3080
-4146
-5066
-5795
-6728
-7474
-7971
-8559
-9414
-10950
-12505
-13657
-14211
-14073
-13759
-13359
-12474
-11039
-8662
-5739
-2773
63
2343
4350
5930
7237
8621
9831
10701
11115
11234
11881
13079
14440
15624
16204
16704
17119
17262
17071
16362
15384
14034
12175
10390
8609
7212
5859
4359
3166
2141
1666
1444
1440
1485
1509
1376
993
-503
-2367
-4152
-5245
-5734
-7014
-8038
-9334
-9929
-10062
-9802
-8679
-7343
-6136
-5586
-5265
-4704
-3625
-3032
-2965
-3647
-4592
-5237
-5577
-5105
-4460
-3787
-3018
-2139
-957
321
1543
2864
3755
3684
2837
1647
962
423
-595
-2008
-3478
-4649
-5672
-6656
-7396
-7867
-8409
-9139
-10186
-11170
-11762
-12039
-11931
-11831
-11692
-11001
-9737
-7703
-5345
-2981
-617
1506
3497
5244
6811
8408
9711
10543
10980
11169
11832
12771
13774
14570
15027
15587
16146
16561
16495
16169
15444
14507
13113
11613
10191
8755
7440
5782
4463
3312
2566
2269
1870
1895
1619
1507
927
-820
-2341
-4274
-5012
-6083
-7581
-8845
-10576
-11167
-11747
-11452
-10602
-9574
-8656
-8005
-7472
-6398
-5167
-4350
-3926
-4398
-4708
-5088
-4942
-4431
-3993
-3400
-2699
-1779
-696
571
1880
3401
4309
4467
4063
3382
3151
2420
1262
-339
-2030
-3500
-5088
-6433
-7489
-8338
-9172
-10160
-11144
-11784
-12023
-11842
-11491
-11272
-10962
-10206
-8889
-6998
-5048
-2966
-1085
721
2533
4405
6307
8099
9597
10512
11195
11714
12721
13787
14732
15339
15521
15985
16310
16644
16475
16104
15250
14088
12753
11269
10079
8676
7398
5695
4361
3105
2391
1959
1597
1648
1146
1098
37
-1461
-2766
-4533
-4884
-6329
-7652
-9105
-10867
-11125
-11844
-11267
-10593
-9898
-9059
-8632
-7845
-6538
-5341
-4439
-4201
-4514
-4588
-4762
-4356
-3974
-3696
-3375
-2815
-2140
-1098
162
1511
3057
3703
4050
3894
3694
3831
3036
2037
452
-1166
-2677
-4358
-5910
-7084
-8462
-9426
-10491
-11446
-11524
-11863
-11209
-11049
-10681
-10026
-9210
-7591
-5912
-4189
-2346
-776
862
2669
4222
6002
7376
8699
9642
10282
11066
12017
12955
13712
14206
14568
15216
15619
15806
15682
15068
14397
13327
12346
11184
9863
8545
7010
5537
4249
3272
2584
2152
1660
1494
991
787
-205
-1459
-2745
-4232
-4914
-6377
-7617
-9126
-10580
-11070
-11837
-11362
-11089
-10362
-9672
-9079
-8029
-6847
-5537
-4636
-4157
-3992
-3830
-3794
-3397
-3222
-2912
-2697
-2168
-1517
-590
619
1857
3210
3999
4547
4762
4874
5012
4303
3450
1934
455
-1293
-3180
-4840
-6538
-7853
-9282
-10235
-11109
-11370
-11417
-11241
-10874
-10746
-10073
-9395
-8092
-6671
-5307
-3746
-2492
-891
655
2358
4130
5746
7274
8446
9504
10622
11860
12951
13776
14302
14736
15144
15414
15472
15376
14847
14158
13170
12108
11075
9769
8647
7232
5887
4659
3613
2868
2279
1733
1335
1083
561
251
-835
-1954
-3087
-4600
-5192
-6642
-7662
-8739
-10361
-10521
-11503
-10863
-10606
-10058
-9332
-9010
-8021
-7153
-5932
-5182
-4442
-4412
-4149
-4086
-3865
-3321
-3074
-2559
-2225
-1806
-881
117
1451
2664
3469
4125
4548
4702
5040
4691
4283
3221
1537
10
-2079
-3625
-5296
-6917
-8150
-9575
-10483
-11083
-11396
-10967
-10763
-10109
-9627
-8854
-7796
-6533
-5133
-3697
-2392
-1124
298
1620
3323
4736
6324
7689
8991
10306
11551
12710
13715
14467
15002
15516
15728
15950
15820
15344
14712
13660
12700
11564
10345
9131
7783
6460
5243
4068
3092
2303
1549
1072
676
272
-113
-847
-2080
-3237
-4915
-5828
-6841
-8096
-8853
-10808
-11421
-12398
-12380
-11637
-11379
-10292
-10100
-9242
-8352
-7130
-5917
-4983
-4570
-4342
-4234
-4039
-3449
-2932
-2325
-1863
-1475
-799
234
1413
2879
3931
4788
5451
5635
6132
6035
5848
5090
3686
2144
145
-1667
-3654
-5277
-7104
-8422
-9879
-10902
-11242
-11685
-10887
-10877
-9944
-9359
-8507
-7099
-6092
-4482
-3362
-2099
-920
319
1685
3189
4725
6249
7836
9141
10660
11963
13207
14365
15021
15712
15967
16099
16000
15603
14932
14139
13025
11947
10651
9284
8031
6620
5485
4249
3253
2228
1352
552
-121
-547
-1021
-1425
-2120
-3334
-4471
-5937
-6842
-7608
-8752
-9442
-10945
-11651
-12049
-12198
-11186
-10969
-9892
-9524
-8784
-7809
-6752
-5615
-4829
-4433
-4340
-4131
-4041
-3403
-2968
-2365
-1898
-1447
-773
301
1438
2884
3975
4797
5577
5854
6400
6534
6322
5878
4563
3330
1599
-73
-1724
-3440
-5003
-6499
-7830
-8854
-9351
-9694
-9373
-9272
-8789
-8183
-7477
-6265
-5322
-4163
-3152
-2224
-1099
5
1257
2653
3999
5444
6859
8188
9627
10956
12132
13179
13781
14365
14583
14687
14502
14049
13364
12544
11592
10529
9442
8207
7079
5818
4654
3624
2612
1803
987
114
-436
-1285
-1580
-2106
-2556
-2917
-4051
-4815
-6137
-7059
-7611
-8592
-9068
-10134
-10963
-11130
-11501
-10507
-10265
-9276
-8876
-8278
-7513
-6656
-5505
-4805
-4185
-4191
-3918
-3765
-3182
-2505
-1852
-1207
-579
70
1213
2349
3857
5105
5960
6663
6891
7249
7377
7173
6646
5343
3866
2027
314
-1413
-3084
-4704
-6391
-7705
-9000
-9532
-9888
-9759
-9414
-9241
-8597
-8062
-6916
-5737
-4636
-3498
-2643
-1493
-331
1110
2540
4011
5390
6759
8169
9505
11052
12257
13368
14008
14359
14639
14608
14581
14118
13383
12358
11217
10044
8863
7573
6247
4867
3398
2133
892
-120
-983
-1842
-2557
-3246
-3850
-4127
-4407
-4531
-4706
-5257
-5835
-6542
-7155
-7313
-7767
-8167
-8600
-9527
-9326
-9728
-8795
-8393
-7674
-7072
-6732
-5935
-5179
-4039
-3279
-2601
-2539
-2209
-2082
-1485
-887
-246
292
778
1268
2064
3102
4196
5346
5913
6367
6499
6439
6576
6029
5519
4180
2678
1039
-730
-2125
-3748
-4941
-6449
-7455
-8497
-9061
-9099
-9223
-8554
-8504
-7752
-7133
-6250
-4904
-4034
-2677
-1762
-548
671
1960
3328
4594
5918
7039
8373
9371
10654
11573
12353
12962
13086
13342
13125
12888
12340
11492
10504
9328
8091
6769
5407
4015
2703
1390
158
-976
-1951
-2767
-3239
-3771
-3992
-4357
-4523
-4483
-4396
-4120
-4044
-4225
-4596
-4943
-5361
-5272
-5639
-5834
-6224
-7072
-6835
-7330
-6397
-6150
-5585
-5084
-4949
-4141
-3541
-2539
-1859
-1347
-1242
-1054
-941
-530
-6
388
783
1005
1237
1861
2459
3334
3974
4283
4489
4388
4326
4246
3851
3340
2382
1266
107
-1055
-2106
-3100
-4168
-5201
-6108
-6940
-7280
-7504
-7485
-7216
-7118
-6473
-5889
-4908
-3770
-2798
-1592
-654
436
1577
2674
3803
4764
5575
6390
7186
8031
8954
9607
10166
10447
10557
10687
10567
10349
9774
8898
7824
6649
5433
4283
3008
1696
432
-867
-1811
-2698
-3320
-3799
-4234
-4451
-4500
-4464
-4208
-3989
-3714
-3241
-2952
-2463
-2228
-2347
-2284
-2707
-2676
-2736
-3096
-3025
-3881
-3873
-4224
-4017
-3495
-3359
-2748
-2776
-2168
-1829
-981
-442
19
204
40
208
114
478
612
658
677
541
686
1061
1450
2013
2192
2279
2307
2199
2322
2196
1922
1365
516
-333
-1138
-1905
-2560
-3415
-4214
-5015
-5581
-5838
-5855
-5703
-5475
-5240
-4801
-4229
-3350
-2439
-1459
-643
133
873
1704
2562
3377
4043
4568
5000
5434
5983
6462
6998
7180
7402
7317
7379
7262
7098
6737
6051
5316
4355
3546
2634
1700
717
-413
-1405
-2312
-2989
-3452
-3905
-4193
-4492
-4483
-4309
-3830
-3301
-2766
-2230
-1772
-1033
-413
311
736
687
705
237
272
100
-168
-308
-1166
-1336
-1855
-1669
-1374
-1172
-775
-832
-546
-405
73
340
531
334
-71
-441
-861
-896
-1065
-1140
-1354
-1580
-1591
-1334
-898
-267
124
460
653
772
1109
1206
1332
1060
612
74
-506
-873
-1315
-1642
-2158
-2589
-2927
-3167
-3010
-3037
-2710
-2740
-2545
-2333
-2079
-1506
-1220
-697
-507
-157
153
528
968
1250
1578
1727
2023
2275
2629
2984
3205
3457
3518
3706
3783
3871
3816
3608
3258
2797
2361
1829
1344
662
10
-717
-1369
-1862
-2273
-2525
-2705
-2820
-2759
-2552
-2133
-1516
-853
-116
590
1232
1963
2636
3338
3902
4172
4161
3876
3450
3082
2709
2201
1712
778
171
-591
-888
-1040
-1205
-1261
-1610
-1781
-1979
-1929
-1898
-1887
-2150
-2507
-2903
-3204
-3225
-3205
-3076
-3021
-2996
-2818
-2417
-1817
-997
-364
291
768
1237
1878
2359
2921
3073
3053
2811
2486
2244
1909
1556
969
334
-357
-943
-1327
-1750
-1972
-2466
-2774
-3131
-3335
-3327
-3433
-3366
-3521
-3535
-3551
-3426
-3205
-2982
-2721
-2486
-2140
-1722
-1176
-584
-27
547
1030
1578
2069
2501
2849
3017
3092
3067
3002
2878
2703
2409
2120
1760
1497
1234
1023
845
665
567
550
642
798
1053
1312
1686
2084
2546
3060
3501
3987
4406
4752
4998
4990
4788
4376
3837
3237
2605
1766
969
-78
-917
-1701
-2263
-2608
-2986
-3238
-3572
-3771
-3862
-3825
-3749
-3748
-3861
-4046
-4155
-4155
-3977
-3675
-3408
-3060
-2712
-2167
-1393
-552
439
1233
2018
2699
3343
4048
4558
4974
5031
4910
4599
4223
3775
3163
2403
1391
329
-760
-1765
-2638
-3571
-4404
-5313
-6038
-6559
-6902
-6991
-7111
-7083
-7074
-6914
-6618
-6196
-5721
-5292
-4866
-4409
-3832
-3129
-2330
-1460
-605
303
1245
2216
3252
4142
4998
5618
6120
6512
6730
6852
6751
6529
6177
5759
5327
4839
4345
3772
3258
2753
2372
2059
1775
1542
1276
1171
1134
1297
1509
1777
2026
2242
2524
2795
3108
3277
3319
3086
2679
2184
1573
1023
241
-510
-1486
-2382
-3150
-3773
-4078
-4421
-4533
-4729
-4737
-4613
-4356
-3934
-3669
-3370
-3266
-3115
-2935
-2687
-2291
-1999
-1593
-1282
-834
-246
432
1248
1900
2533
2975
3348
3669
3879
4013
3876
3561
3016
2404
1730
1024
277
-615
-1574
-2628
-3597
-4493
-5251
-5944
-6617
-7210
-7745
-8049
-8167
-8077
-7816
-7529
-7076
-6586
-5858
-5056
-4145
-3231
-2349
-1453
-582
389
1343
2304
3197
4031
4845
5631
6388
7056
7571
7943
8141
8243
8214
8081
7760
7244
6612
5892
5193
4480
3747
2998
2186
1455
810
342
-8
-304
-543
-788
-870
-814
-543
-174
200
599
910
1296
1720
2201
2612
2837
2849
2619
2297
1892
1502
973
308
-474
-1353
-2077
-2670
-2988
-3227
-3419
-3609
-3761
-3781
-3663
-3427
-3235
-3176
-3269
-3427
-3546
-3566
-3478
-3382
-3313
-3261
-3122
-2820
-2303
-1664
-984
-406
73
526
949
1449
1830
2112
2157
1991
1768
1459
1226
902
521
9
-640
-1213
-1799
-2159
-2529
-2843
-3191
-3578
-3819
-3966
-3887
-3712
-3515
-3286
-3099
-2733
-2316
-1692
-1101
-530
-29
394
911
1447
2090
2644
3132
3507
3849
4242
4643
5046
5323
5451
5468
5393
5326
5204
5002
4658
4163
3591
3001
2449
1905
1349
745
120
-477
-993
-1389
-1708
-1961
-2161
-2297
-2320
-2204
-1946
-1575
-1104
-590
-23
553
1114
1684
2154
2572
2811
2889
2757
2439
2012
1486
941
286
-389
-1121
-1829
-2390
-2856
-3102
-3375
-3558
-3773
-3937
-3993
-4022
-3931
-3949
-3975
-4080
-4154
-4114
-4023
-3768
-3558
-3254
-2947
-2531
-1953
-1336
-552
124
851
1487
2120
2775
3325
3889
4248
4543
4672
4699
4697
4515
4357
3993
3618
3108
2541
1983
1340
797
187
-334
-873
-1385
-1769
-2153
-2319
-2517
-2556
-2630
-2669
-2602
-2547
-2318
-2158
-1892
-1703
-1536
-1302
-1087
-712
-441
-104
120
311
538
723
1046
1238
1456
1540
1577
1639
1646
1767
1713
1642
1391
1089
788
407
101
-379
-832
-1398
-1881
-2248
-2567
-2699
-2860
-2832
-2764
-2482
-2049
-1543
-898
-334
370
1010
1729
2378
2915
3376
3645
3912
3988
4037
3892
3607
3220
2710
2269
1713
1212
584
-17
-599
-1122
-1478
-1833
-2061
-2349
-2524
-2650
-2651
-2546
-2456
-2294
-2228
-2049
-1894
-1625
-1325
-1024
-674
-394
12
406
945
1480
2030
2575
3039
3567
3985
4459
4768
5014
5118
5090
5031
4805
4587
4181
3752
3217
2648
2101
1477
944
264
-347
-1014
-1599
-2152
-2760
-3292
-3939
-4466
-4986
-5358
-5642
-5906
-6049
-6187
-6099
-5943
-5591
-5199
-4808
-4407
-4042
-3579
-3167
-2729
-2390
-2135
-1940
-1780
-1541
-1312
-1035
-799
-586
-395
-183
87
350
549
637
644
571
481
389
286
132
-59
-238
-349
-341
-236
-25
208
501
838
1261
1784
2328
2889
3366
3824
4229
4646
5063
5405
5677
5809
5872
5848
5806
5703
5481
5140
4647
4105
3497
2896
2277
1610
892
162
-491
-1058
-1519
-1934
-2280
-2601
-2875
-3036
-3089
-3032
-2961
-2862
-2738
-2539
-2253
-1883
-1425
-959
-477
-4
503
1067
1636
2173
2601
2945
3159
3304
3395
3391
3275
2975
2571
2072
1548
1018
467
-113
-779
-1438
-2082
-2645
-3153
-3662
-4155
-4714
-5235
-5702
-6074
-6386
-6708
-6998
-7291
-7480
-7551
-7483
-7305
-7108
-6843
-6535
-6086
-5545
-4919
-4244
-3615
-2992
-2392
-1727
-1045
-361
280
845
1381
1870
2397
2914
3396
3807
4115
4359
4544
4715
4820
4846
4759
4574
4327
4026
3730
3409
3067
2686
2294
1946
1658
1464
1332
1277
1258
1305
1435
1654
1971
2313
2675
3023
3379
3728
4085
4445
4740
5009
5187
5333
5445
5520
5565
5509
5388
5144
4824
4407
3927
3390
2711
1975
1133
279
-566
-1387
-2123
-2851
-3509
-4122
-4587
-4938
-5189
-5325
-5430
-5447
-5453
-5381
-5216
-5006
-4742
-4489
-4175
-3848
-3451
-2976
-2466
-1900
-1398
-891
-412
57
516
887
1203
1365
1428
1373
1267
1122
890
602
198
-239
-707
-1140
-1523
-1911
-2285
-2698
-3067
-3396
-3636
-3782
-3909
-4002
-4109
-4128
-4067
-3894
-3618
-3328
-2983
-2655
-2252
-1778
-1238
-676
-163
320
733
1161
1582
1989
2340
2589
2771
2887
3002
3092
3150
3142
3026
2872
2664
2457
2233
1967
1654
1287
920
566
265
-3
-239
-443
-620
-709
-721
-635
-479
-275
-7
308
684
1101
1550
2005
2433
2851
3217
3554
3814
4012
4159
4221
4234
4180
4093
3950
3786
3602
3381
3170
2897
2614
2265
1867
1432
934
406
-202
-826
-1492
-2164
-2785
-3365
-3844
-4286
-4621
-4850
-4964
-4939
-4818
-4577
-4292
-3957
-3580
-3164
-2695
-2236
-1767
-1338
-918
-515
-128
279
662
1039
1365
1662
1939
2191
2446
2640
2799
2865
2845
2764
2612
2423
2155
1836
1430
968
483
-12
-472
-925
-1354
-1801
-2236
-2646
-3004
-3282
-3526
-3736
-3951
-4151
-4333
-4445
-4478
-4467
-4423
-4384
-4300
-4178
-3971
-3678
-3344
-2994
-2661
-2312
-1933
-1508
-1051
-600
-184
173
500
820
1140
1438
1674
1839
1921
1961
1982
1986
1951
1838
1666
1434
1196
973
761
562
340
128
-64
-173
-205
-157
-51
73
250
466
779
1164
1596
2041
2449
2851
3219
3619
4003
4372
4660
4853
4994
5071
5173
5254
5323
5341
5294
5217
5114
5056
4982
4904
4729
4455
4079
3616
3133
2601
2035
1353
578
-248
-1054
-1750
-2354
-2850
-3315
-3713
-4022
-4191
-4184
-4047
-3813
-3594
-3402
-3219
-2990
-2691
-2378
-2094
-1895
-1766
-1667
-1544
-1354
-1132
-915
-776
-698
-618
-503
-323
-153
-37
-37
-148
-314
-492
-642
-830
-1083
-1448
-1874
-2290
-2639
-2884
-3094
-3297
-3530
-3762
-3942
-4017
-3995
-3935
-3900
-3935
-3989
-4024
-3966
-3840
-3693
-3577
-3498
-3404
-3256
-2990
-2639
-2252
-1870
-1528
-1171
-759
-284
217
690
1100
1437
1745
2064
2396
2712
2963
3155
3287
3400
3511
3622
3718
3737
3687
3591
3493
3408
3324
3233
3115
2993
2868
2791
2748
2746
2767
2789
2835
2891
2966
3049
3141
3220
3271
3306
3305
3291
3227
3133
3004
2849
2683
2500
2323
2138
1971
1822
1702
1599
1498
1420
1333
1271
1206
1139
1025
846
595
257
-107
-504
-906
-1351
-1848
-2378
-2936
-3421
-3845
-4160
-4427
-4672
-4869
-5021
-5078
-5063
-4970
-4841
-4726
-4624
-4519
-4375
-4205
-3997
-3795
-3618
-3455
-3289
-3072
-2799
-2485
-2150
-1824
-1483
-1120
-716
-298
124
513
829
1082
1274
1424
1509
1531
1461
1308
1109
879
656
430
193
-68
-344
-602
-833
-1012
-1164
-1318
-1480
-1648
-1784
-1872
-1893
-1860
-1802
-1717
-1597
-1419
-1166
-845
-472
-62
364
804
1282
1792
2307
2805
3272
3700
4085
4434
4747
5004
5194
5305
5342
5323
5233
5074
4846
4548
4177
3745
3270
2775
2270
1756
1246
747
271
-166
-557
-884
-1158
-1373
-1534
-1650
-1726
-1753
-1742
-1687
-1591
-1460
-1300
-1131
-946
-748
-539
-322
-99
113
310
502
684
860
1035
1202
1346
1458
1548
1614
1655
1674
1649
1560
1383
1103
731
295
-176
-662
-1181
-1734
-2328
-2920
-3454
-3889
-4208
-4438
-4609
-4721
-4772
-4739
-4611
-4401
-4142
-3878
-3623
-3366
-3087
-2770
-2421
-2056
-1696
-1337
-973
-583
-145
320
783
1223
1634
2023
2394
2740
3036
3269
3417
3483
3477
3415
3286
3096
2844
2538
2197
1843
1490
1140
784
418
48
-293
-586
-845
-1073
-1275
-1463
-1602
-1689
-1712
-1688
-1619
-1512
-1372
-1194
-981
-729
-454
-189
66
336
598
845
1084
1295
1455
1579
1674
1725
1751
1737
1676
1572
1429
1257
1070
856
613
346
61
-221
-495
-748
-988
-1200
-1381
-1525
-1618
-1665
-1668
-1630
-1545
-1423
-1265
-1070
-847
-613
-380
-143
87
309
516
703
855
973
1068
1134
1175
1197
1199
1175
1140
1096
1046
994
937
873
806
736
662
589
524
442
345
231
98
-54
-224
-405
-595
-775
-964
-1148
-1316
-1457
-1561
-1625
-1650
-1635
-1583
-1503
-1390
-1240
-1074
-892
-706
-528
-371
-221
-81
49
175
292
402
509
627
757
902
1056
1208
1372
1539
1696
1852
1992
2111
2195
2251
2270
2243
2178
2059
1895
1693
1447
1162
856
523
165
-200
-576
-957
-1302
-1624
-1932
-2198
-2424
-2598
-2717
-2781
-2798
-2775
-2700
-2590
-2447
-2277
-2084
-1878
-1662
-1452
-1233
-997
-759
-523
-293
-63
153
373
587
792
974
1130
1257
1351
1405
1416
1393
1313
1173
989
773
524
250
-35
-322
-605
-868
-1099
-1291
-1435
-1537
-1602
-1620
-1608
-1546
-1439
-1303
-1143
-958
-760
-541
-311
-67
184
423
666
901
1129
1355
1571
1776
1963
2129
2285
2424
2532
2618
2677
2694
2679
2637
2562
2457
2310
2126
1912
1664
1398
1107
787
451
113
-234
-587
-918
-1224
-1502
-1748
-1954
-2103
-2195
-2235
-2211
-2129
-2001
-1834
-1629
-1394
-1130
-850
-572
-291
-10
264
532
788
1032
1265
1473
1668
1839
1992
2132
2243
2308
2335
2337
2285
2192
2064
1890
1674
1424
1137
807
452
78
-304
-701
-1104
-1492
-1875
-2241
-2574
-2880
-3136
-3334
-3493
-3605
-3653
-3645
-3572
-3443
-3251
-3014
-2750
-2460
-2148
-1830
-1507
-1178
-879
-601
-345
-107
110
321
520
706
883
1045
1208
1369
1509
1633
1731
1787
1816
1796
1723
1608
1429
1198
943
648
330
9
-323
-638
-912
-1151
-1323
-1438
-1496
-1488
-1438
-1329
-1168
-978
-744
-485
-238
6
248
474
689
880
1042
1175
1267
1345
1409
1455
1513
1562
1593
1628
1651
1668
1695
1707
1724
1732
1716
1694
1653
1596
1532
1456
1359
1252
1123
988
839
673
519
348
174
10
-157
-328
-487
-637
-785
-902
-997
-1080
-1147
-1182
-1191
-1194
-1163
-1105
-1033
-945
-839
-734
-626
-507
-397
-295
-192
-100
-20
46
102
154
190
206
214
214
193
165
127
58
-35
-139
-269
-414
-564
-726
-894
-1078
-1261
-1436
-1600
-1730
-1840
-1940
-2003
-2039
-2058
-2029
-1964
-1882
-1750
-1587
-1417
-1220
-1009
-792
-563
-327
-79
160
390
624
822
1001
1181
1326
1445
1563
1637
1669
1685
1671
1623
1551
1450
1317
1148
956
750
528
318
116
-97
-294
-476
-643
-779
-883
-939
-957
-941
-888
-801
-682
-533
-355
-159
51
270
501
724
930
1137
1328
1490
1645
1775
1877
1964
2027
2053
2057
2046
2005
1935
1847
1738
1601
1439
1261
1068
865
663
452
232
17
-196
-412
-607
-779
-931
-1057
-1170
-1254
-1313
-1360
-1375
-1363
-1339
-1292
-1222
-1144
-1055
-955
-857
-759
-655
-552
-458
-379
-306
-258
-234
-212
-202
-218
-254
-313
-393
-484
-582
-690
-801
-904
-1002
-1096
-1187
-1259
-1316
-1358
-1374
-1372
-1355
-1316
-1263
-1206
-1124
-1032
-933
-816
-695
-574
-442
-307
-166
-30
110
251
379
509
631
738
846
957
1047
1135
1213
1273
1324
1359
1385
1400
1408
1406
1393
1375
1346
1304
1259
1219
1170
1118
1067
1007
948
890
827
755
688
616
544
473
403
332
264
205
149
100
60
32
9
-2
0
15
41
79
131
182
234
293
353
414
470
522
563
602
630
638
630
612
582
530
458
374
275
163
30
-112
-268
-435
-601
-774
-947
-1116
-1290
-1453
-1593
-1724
-1846
-1949
-2028
-2082
-2118
-2134
-2131
-2108
-2061
-2000
-1918
-1828
-1728
-1614
-1499
-1379
-1249
-1114
-985
-856
-725
-599
-475
-357
-240
-126
-20
83
183
279
370
460
543
624
702
776
845
907
966
1019
1064
1101
1127
1153
1162
1159
1148
1131
1106
1068
1017
968
911
856
795
729
680
629
576
531
489
457
438
423
408
404
405
413
421
437
456
475
499
521
544
557
571
584
596
608
612
615
612
606
594
572
542
509
480
440
385
326
252
166
78
-13
-106
-211
-319
-425
-527
-626
-720
-802
-877
-939
-984
-1019
-1039
-1053
-1052
-1031
-1002
-965
-917
-862
-808
-756
-705
-651
-599
-555
-518
-487
-467
-452
-446
-450
-454
-470
-485
-508
-531
-562
-596
-624
-649
-678
-700
-716
-732
-742
-744
-738
-727
-705
-676
-635
-583
-528
-464
-393
-313
-218
-114
-4
112
233
356
483
616
751
884
1012
1131
1245
1350
1448
1539
1615
1672
1716
1743
1747
1736
1710
1668
1605
1537
1453
1353
1244
1119
997
871
738
605
474
348
227
113
1
-97
-185
-265
-331
-387
-430
-461
-478
-485
-486
-474
-451
-420
-381
-339
-290
-238
-190
-143
-103
-62
-27
4
22
32
31
16
-7
-44
-93
-148
-206
-271
-335
-416
-497
-578
-654
-723
-790
-845
-893
-927
-951
-971
-973
-968
-947
-914
-873
-820
-757
-692
-628
-551
-477
-403
-326
-254
-186
-122
-67
-18
29
62
86
104
110
106
104
90
67
46
16
-21
-65
-108
-151
-189
-228
-266
-301
-331
-368
-407
-431
-451
-465
-464
-456
-443
-429
-408
-383
-343
-293
-242
-163
-84
3
91
175
266
366
475
588
703
817
929
1035
1122
1202
1293
1374
1447
1512
1556
1589
1602
1596
1574
1545
1508
1451
1382
1294
1197
1077
952
825
701
566
424
281
138
-4
-151
-285
-409
-527
-636
-733
-819
-886
-945
-992
-1021
-1032
-1032
-1019
-987
-947
-901
-838
-764
-684
-595
-500
-403
-311
-220
-132
-43
42
117
187
245
295
336
358
370
369
358
338
307
254
193
117
32
-61
-166
-268
-364
-454
-542
-618
-691
-766
-829
-885
-926
-949
-962
-959
-936
-902
-865
-821
-769
-710
-648
-582
-513
-439
-370
-304
-236
-167
-112
-69
-17
32
72
106
132
162
188
210
230
243
252
267
287
303
308
317
341
364
373
392
422
451
469
486
511
532
532
531
548
571
573
569
583
595
596
585
588
613
621
612
616
632
639
629
623
630
632
625
609
608
588
545
508
484
451
412
367
320
280
217
140
64
-5
-82
-164
-239
-302
-362
-430
-485
-526
-561
-607
-643
-663
-678
-687
-692
-683
-664
-646
-635
-618
-599
-581
-566
-547
-517
-489
-460
-440
-414
-393
-376
-359
-336
-310
-294
-270
-254
-239
-238
-252
-269
-286
-299
-316
-330
-331
-324
-317
-321
-318
-321
-329
-324
-314
-285
-248
-212
-173
-127
-73
-29
1
45
93
128
158
193
231
265
285
303
329
344
352
355
363
378
388
393
399
400
404
410
416
421
427
435
442
450
457
475
484
487
491
509
516
508
497
494
479
451
427
411
393
358
321
294
274
238
196
168
143
113
84
67
46
24
6
-11
-21
-32
-54
-68
-77
-92
-104
-111
-116
-120
-125
-145
-173
-190
-214
-250
-288
-318
-349
-380
-415
-442
-459
-491
-528
-553
-564
-580
-606
-618
-608
-595
-587
-570
-541
-518
-505
-492
-460
-412
-380
-346
-298
-242
-198
-164
-118
-66
-31
-1
36
71
106
126
141
155
157
157
149
153
157
153
149
148
150
146
135
130
129
131
141
150
176
196
207
229
254
281
295
309
331
352
368
378
396
408
421
426
437
446
446
443
439
434
412
396
380
368
356
337
318
293
267
241
212
188
165
142
120
99
83
64
44
22
-6
-28
-44
-56
-70
-97
-122
-135
-157
-179
-194
-205
-219
-234
-244
-254
-262
-271
-272
-277
-295
-303
-306
-311
-320
-332
-339
-338
-345
-343
-342
-340
-339
-339
-339
-337
-332
-341
-339
-340
-338
-335
-322
-304
-289
-270
-253
-231
-214
-193
-176
-165
-158
-145
-128
-115
-107
-96
-83
-69
-49
-39
-29
-12
2
14
22
29
35
39
45
56
68
85
106
126
138
156
172
192
210
216
219
223
231
236
235
230
228
235
248
265
271
271
276
285
292
290
289
285
282
280
273
267
265
263
253
240
224
208
199
187
172
160
149
140
126
112
99
93
85
71
64
50
44
43
41
39
34
35
36
40
39
31
27
20
15
9
-1
-12
-27
-46
-65
-81
-101
-119
-137
-158
-179
-204
-222
-241
-254
-270
-282
-295
-306
-299
-308
-313
-316
-309
-298
-286
-267
-253
-231
-214
-190
-173
-154
-134
-123
-112
-96
-83
-76
-59
-39
-21
-10
-1
13
19
27
34
31
27
23
26
24
27
26
20
13
23
19
19
11
4
-2
-26
-30
-50
-65
-76
-85
-91
-88
-93
-86
-87
-80
-67
-65
-42
-20
-1
22
40
69
92
122
160
169
193
213
228
253
268
274
289
293
299
301
292
300
286
274
260
241
235
214
195
180
148
130
108
85
69
44
22
3
-18
-28
-38
-54
-59
-74
-73
-73
-80
-76
-87
-84
-75
-81
-72
-78
-69
-65
-69
-65
-65
-69
-67
-74
-85
-89
-104
-98
-109
-118
-118
-130
-127
-132
-139
-135
-145
-148
-151
-150
-148
-143
-140
-137
-133
-122
-115
-108
-106
-106
-99
-97
-83
-76
-67
-56
-41
-26
-18
-6
3
12
25
28
35
33
35
34
36
30
41
42
51
51
41
49
36
35
22
11
10
2
-9
-10
-19
-15
-14
-19
-6
-3
3
21
23
37
47
59
79
84
104
111
116
134
140
148
161
163
173
176
172
183
173
175
171
158
163
147
143
136
115
112
93
82
64
43
33
10
-11
-24
-42
-55
-63
-81
-82
-92
-94
-98
-106
-109
-121
-120
-119
-125
-122
-122
-115
-108
-106
-102
-92
-93
-84
-78
-76
-60
-64
-55
-46
-40
-31
-29
-22
-18
-19
-18
-17
-17
-17
-18
-25
-21
-26
-27
-28
-36
-33
-34
-38
-40
-44
-44
-46
-44
-37
-30
-28
-21
-12
0
8
7
21
30
37
39
44
48
65
67
77
83
96
102
99
104
99
102
94
83
72
73
65
66
61
54
52
46
48
46
38
35
29
31
32
31
31
24
23
21
15
6
5
2
4
0
-5
-5
-12
-8
-9
-10
-8
-18
-22
-20
-21
-25
-19
-18
-21
-25
-31
-36
-43
-47
-53
-56
-62
-70
-71
-73
-74
-82
-88
-89
-92
-96
-107
-104
-104
-107
-109
-109
-106
-105
-105
-106
-101
-93
-88
-79
-76
-71
-66
-56
-49
-41
-27
-17
-2
7
17
24
29
34
41
50
53
56
56
64
72
80
82
85
92
94
90
94
95
92
92
90
89
87
82
77
74
66
70
71
69
71
69
71
67
68
66
57
57
57
53
52
52
57
56
49
42
44
45
44
42
37
35
33
36
33
30
25
22
18
16
12
9
8
2
3
-1
-4
-3
-12
-18
-23
-26
-31
-34
-46
-51
-48
-56
-63
-68
-73
-81
-87
-87
-87
-90
-90
-88
-92
-95
-99
-103
-102
-109
-111
-109
-102
-101
-97
-94
-93
-88
-86
-80
-73
-65
-56
-49
-42
-36
-33
-27
-26
-23
-19
-16
-8
-1
2
11
15
19
24
29
33
32
34
31
34
35
33
32
29
26
24
23
28
32
37
42
44
51
51
52
45
45
48
44
47
46
47
46
41
44
44
47
53
61
63
65
64
62
59
55
50
46
46
43
44
42
42
41
38
37
41
43
41
33
23
21
18
12
6
5
10
9
4
-1
-4
-8
-4
-3
-2
-6
-9
-12
-16
-18
-23
-26
-30
-35
-37
-33
-37
-39
-39
-43
-40
-40
-42
-48
-45
-42
-44
-43
-46
-44
-41
-43
-44
-42
-44
-44
-45
-45
-46
-45
-39
-38
-33
-30
-27
-28
-25
-22
-20
-15
-12
-9
-9
-7
-5
-1
5
11
13
19
21
23
28
28
29
30
25
23
16
18
17
16
20
16
17
19
18
14
14
15
19
16
18
20
14
18
12
18
18
19
24
19
18
14
16
13
12
10
10
17
18
13
7
6
6
11
5
1
1
-2
-3
-5
-6
-5
-1
0
2
1
3
-1
-4
-11
-19
-19
-19
-13
-12
-13
-13
-18
-16
-17
-11
-8
-2
-1
-8
-17
-20
-22
-16
-12
-13
-8
-9
-5
-6
-5
-10
-10
-3
-4
-2
-6
-4
-2
-4
-5
-6
1
14
20
19
21
17
12
5
1
0
5
9
5
3
-4
3
5
3
1
5
12
12
12
3
1
-2
3
3
7
10
11
15
8
6
8
16
17
15
9
9
14
12
6
0
1
1
3
3
5
3
0
-1
-1
-2
0
-3
-4
-6
-11
-10
-4
-6
-13
-17
-14
-12
-10
-12
-13
-12
-10
-13
-19
-20
-20
-16
-16
-20
-19
-20
-19
-15
-13
-11
-9
-9
-9
-4
0
2
3
5
7
6
10
11
15
12
6
2
-1
3
2
3
-2
2
1
-6
-9
-12
-14
-9
-6
-9
-9
-11
-2
-1
-2
