0
2
2
1
-2
-4
-2
0
4
5
3
-1
-5
-4
-1
3
4
2
-1
-3
0
0
3
3
-1
-3
-2
-1
0
1
3
2
0
-2
-4
-2
1
2
1
0
-1
0
0
-1
-1
0
1
2
2
1
-2
-2
-2
0
2
4
3
1
-2
-4
-2
-1
3
4
2
-1
-4
-4
0
2
2
0
-1
-2
0
1
2
1
0
-3
-3
0
2
4
2
-1
-6
-7
-4
1
4
5
2
0
1
2
4
2
-3
-4
-3
2
6
7
5
4
3
1
1
2
2
1
-2
-5
-3
2
7
9
3
-6
-8
-5
4
9
5
-1
-7
-6
-2
4
7
4
-1
-4
-4
-1
5
9
9
3
-5
-9
-3
7
14
13
4
-6
-11
-9
-6
-2
-3
-6
-8
-7
-8
-10
-12
-13
-14
-16
-18
-19
-19
-18
-16
-16
-16
-14
-12
-8
-8
-7
-6
-1
3
4
-7
-20
-28
-23
-9
10
22
24
18
9
1
-5
-10
-14
-18
-23
-27
-27
-18
-5
3
-1
-14
-30
-41
-38
-32
-27
-32
-42
-47
-41
-26
-10
1
2
-7
-20
-27
-25
-13
6
15
10
-1
-11
-9
8
21
20
12
-3
-12
-15
-22
-23
-23
-23
-31
-42
-51
-64
-67
-68
-66
-71
-74
-73
-70
-67
-70
-70
-62
-48
-27
-14
-5
5
22
41
53
65
73
89
103
112
122
125
129
132
130
127
120
108
93
76
62
52
42
33
18
1
-13
-22
-27
-40
-41
-46
-47
-45
-43
-40
-28
-15
-6
3
12
22
33
44
52
58
65
70
74
74
72
69
62
59
54
49
40
25
14
5
-2
-8
-15
-22
-29
-35
-39
-40
-40
-38
-35
-36
-38
-34
-26
-17
-15
-13
-11
-12
-9
-6
0
-1
-5
-10
-12
-13
-14
-17
-20
-21
-25
-28
-27
-26
-26
-26
-27
-28
-26
-22
-16
-13
-13
-10
-4
2
7
11
15
15
14
14
15
18
16
15
12
10
11
12
14
11
7
5
4
5
6
5
6
7
7
8
16
25
27
20
15
22
24
25
24
28
31
29
25
30
37
32
18
10
9
15
16
19
18
16
8
3
3
3
-1
-10
-23
-36
-44
-43
-43
-45
-61
-80
-98
-107
-114
-118
-123
-130
-144
-162
-174
-171
-169
-172
-188
-190
-181
-168
-164
-160
-152
-141
-138
-135
-122
-101
-94
-93
-87
-70
-56
-43
-32
-27
-21
-23
-25
-29
-36
-44
-42
-43
-53
-72
-93
-100
-102
-101
-78
-46
-23
-21
-32
-27
-6
17
44
92
156
222
265
294
338
394
444
492
547
602
631
631
633
668
717
763
800
834
853
845
822
794
758
695
631
593
590
597
598
584
550
469
368
279
238
204
150
72
9
-45
-93
-145
-174
-209
-269
-379
-476
-538
-575
-638
-738
-862
-971
-1071
-1141
-1191
-1217
-1255
-1338
-1448
-1543
-1598
-1627
-1635
-1640
-1645
-1659
-1694
-1712
-1676
-1595
-1501
-1417
-1331
-1241
-1147
-1055
-926
-765
-632
-566
-539
-469
-342
-202
-83
32
129
181
190
218
308
412
461
489
551
656
756
837
943
1066
1176
1229
1284
1360
1438
1475
1514
1599
1738
1877
1987
2066
2125
2153
2191
2268
2388
2535
2680
2816
2908
2966
2996
3079
3166
3223
3228
3268
3322
3328
3154
2888
2604
2359
2079
1825
1613
1392
908
97
-824
-1506
-1926
-2255
-2630
-3021
-3445
-4006
-4633
-5012
-4963
-4739
-4684
-4851
-4994
-4945
-4783
-4496
-3964
-3251
-2665
-2381
-2180
-1785
-1179
-585
-103
315
576
588
427
370
505
598
455
101
-324
-806
-1337
-1790
-2090
-2357
-2799
-3366
-3828
-4080
-4167
-4164
-4025
-3854
-3736
-3665
-3443
-2964
-2350
-1731
-1137
-536
67
699
1450
2316
3154
3773
4214
4577
4931
5253
5536
5752
5823
5718
5478
5265
5128
4968
4744
4417
4059
3713
3351
3057
2835
2674
2487
2307
2188
2183
2165
2096
2042
2188
2424
2581
2528
2449
2396
2363
2265
2254
2321
2216
1521
476
-539
-935
-1151
-1472
-1980
-2544
-3110
-3868
-4538
-4654
-4352
-4180
-4621
-5259
-5561
-5584
-5420
-5116
-4512
-4024
-3889
-3891
-3339
-2407
-1377
-608
196
860
1103
1030
1254
1876
2472
2498
2244
1990
1727
1368
988
786
466
-212
-1237
-2321
-3314
-4080
-4644
-5000
-5483
-6077
-6536
-6603
-6366
-6014
-5596
-5033
-4556
-4176
-3756
-3081
-2142
-1251
-410
327
1054
1860
2839
3934
4891
5538
6066
6573
7000
7218
7314
7390
7270
6818
6164
5619
5276
4930
4428
3857
3192
2608
2000
1522
1057
643
297
10
-180
-317
-265
-23
177
427
694
1163
1614
1793
1935
2143
2452
2674
2722
2956
3041
2499
1510
468
238
47
-501
-1238
-1941
-2348
-3172
-4053
-4235
-3961
-3855
-4560
-5369
-5600
-5606
-5571
-5403
-4966
-4551
-4547
-4435
-3589
-2556
-1574
-794
243
1210
1453
1548
2094
3014
3515
3244
3003
3110
3077
2770
2296
2110
1740
955
-117
-1122
-2108
-2992
-3903
-4631
-5520
-6345
-6822
-6884
-6806
-6748
-6552
-5935
-5327
-4810
-4265
-3517
-2569
-1808
-1039
-305
537
1458
2440
3388
4216
4905
5752
6516
7048
7291
7514
7705
7583
7070
6557
6127
5659
4953
4189
3505
2744
2021
1314
764
214
-327
-633
-817
-969
-1163
-1097
-817
-665
-536
-258
306
754
851
1094
1504
2063
2354
2541
2934
3005
2381
1376
528
402
4
-632
-1292
-1891
-2356
-3235
-3815
-3790
-3566
-3640
-4296
-4749
-4929
-5029
-5053
-4720
-4318
-4155
-4231
-3893
-2936
-2062
-1221
-358
807
1625
1812
2162
2986
3879
4105
3828
3705
3792
3665
3300
3005
2755
2288
1437
475
-391
-1296
-2032
-2888
-3817
-4893
-5853
-6309
-6544
-6730
-6809
-6629
-6079
-5656
-5151
-4372
-3403
-2478
-1767
-1069
-364
384
1155
1997
2712
3351
3999
4793
5597
6087
6584
7086
7420
7303
6897
6649
6227
5584
4671
3781
3013
2101
1267
503
-45
-631
-1140
-1343
-1536
-1717
-1793
-1598
-1327
-1286
-1052
-625
-106
113
205
612
1195
1689
1943
2203
2616
2345
1766
953
716
658
80
-383
-1129
-1589
-2236
-2954
-3129
-3119
-2944
-3328
-3662
-3808
-3757
-3756
-3520
-3092
-2945
-2917
-2931
-2282
-1565
-920
-219
655
1684
2086
2495
3230
4207
4765
4680
4542
4419
4246
3718
3255
2842
2212
1345
257
-548
-1443
-2164
-2835
-3654
-4520
-5627
-6258
-6659
-6926
-7165
-7303
-6976
-6634
-6187
-5476
-4447
-3364
-2523
-1641
-828
71
822
1664
2361
2811
3253
3740
4470
4955
5352
5866
6336
6541
6307
6207
6089
5693
4950
4044
3306
2427
1421
524
-194
-797
-1483
-1815
-1938
-2038
-1992
-1789
-1244
-916
-611
-122
424
927
987
1271
1757
2211
2472
2427
2796
2633
2207
1406
890
985
463
15
-781
-1307
-1827
-2686
-3050
-3251
-3089
-3397
-3890
-4112
-4065
-3915
-3804
-3316
-3044
-2826
-2836
-2356
-1521
-896
-185
467
1481
2032
2382
3019
3896
4688
4749
4647
4535
4474
4104
3612
3198
2511
1692
574
-277
-1136
-1995
-2674
-3552
-4350
-5457
-6205
-6606
-6898
-7108
-7396
-7234
-6876
-6428
-5786
-4913
-3849
-2977
-2042
-1118
-123
715
1545
2349
2863
3393
3864
4581
5154
5509
5919
6289
6641
6587
6555
6581
6372
5815
5034
4424
3749
2868
1927
1120
386
-452
-1028
-1349
-1528
-1707
-1788
-1456
-1133
-828
-491
-37
509
558
692
929
1250
1482
1218
1412
1146
665
-129
-822
-620
-1001
-1366
-2081
-2555
-2793
-3509
-3620
-3617
-3242
-3393
-3858
-3990
-3835
-3414
-3264
-2708
-2475
-2258
-2304
-1904
-935
-347
412
869
1710
2196
2492
3206
4034
4766
4686
4426
4293
4299
3989
3519
3015
2289
1386
179
-597
-1420
-2178
-2931
-3853
-4612
-5636
-6193
-6499
-6638
-6819
-7050
-6857
-6447
-5870
-5232
-4335
-3377
-2424
-1455
-401
714
1685
2685
3523
4217
4809
5376
6058
6510
6750
6905
7067
7136
6981
6827
6713
6334
5678
4958
4339
3697
2803
1898
969
72
-819
-1506
-1895
-2288
-2575
-2767
-2558
-2273
-1906
-1362
-778
-139
59
457
825
1221
1475
1353
1564
995
346
-639
-1142
-1049
-1643
-2062
-2885
-3185
-3481
-4041
-3776
-3538
-3069
-3446
-3842
-3762
-3534
-3190
-3130
-2667
-2678
-2749
-2918
-2306
-1334
-859
-197
291
1229
1621
2104
3126
4022
4542
4172
4020
4044
3975
3544
3035
2532
1644
569
-516
-1060
-1763
-2548
-3305
-4126
-4801
-5637
-5887
-5944
-6068
-6314
-6427
-6018
-5515
-4912
-4200
-3285
-2422
-1568
-506
681
1855
2793
3761
4561
5178
5743
6348
7007
7197
7166
7195
7298
7247
6963
6808
6592
6095
5427
4832
4371
3687
2821
1944
1073
202
-649
-1219
-1679
-2149
-2542
-2655
-2454
-2179
-1786
-1271
-651
-199
212
714
1147
1532
1545
1702
1443
705
-138
-1077
-1216
-1818
-2428
-3126
-3781
-3924
-4449
-4413
-4133
-3759
-3569
-3924
-3828
-3657
-3310
-3177
-3003
-2860
-3080
-3171
-3132
-2322
-1885
-1398
-886
-187
714
1082
2078
3013
3791
3966
3734
3957
3978
3887
3380
2840
2137
1107
135
-688
-1153
-1961
-2770
-3640
-4349
-4968
-5536
-5603
-5822
-6032
-6349
-6264
-5795
-5302
-4613
-3905
-3041
-2238
-1245
45
1346
2515
3412
4395
5205
5932
6567
7223
7692
7631
7586
7629
7783
7667
7353
7088
6635
6048
5403
4911
4346
3499
2533
1583
725
-189
-916
-1490
-2034
-2583
-3020
-2969
-2782
-2409
-1971
-1366
-674
-162
450
1107
1717
2095
2184
2383
1861
1099
-34
-702
-1041
-1941
-2728
-3729
-4254
-4649
-5144
-4941
-4619
-4177
-4201
-4331
-3940
-3562
-3135
-2995
-2718
-2750
-3030
-3133
-2778
-2090
-1870
-1457
-957
-69
692
1319
2569
3557
4239
4257
4326
4701
4710
4413
3763
3057
2053
855
-204
-1013
-1772
-2800
-3707
-4587
-5198
-5827
-6188
-6276
-6560
-6778
-7002
-6693
-6189
-5672
-5049
-4379
-3522
-2634
-1431
-44
1288
2360
3310
4322
5215
6055
6737
7397
7640
7577
7570
7639
7809
7644
7362
6956
6451
5932
5423
4974
4349
3537
2619
1757
929
126
-456
-1006
-1565
-2147
-2446
-2377
-2194
-1851
-1471
-896
-343
178
734
1376
1907
2239
2422
2536
2007
1225
157
-391
-872
-1684
-2549
-3526
-4133
-4614
-4994
-4872
-4522
-4192
-4130
-4146
-3714
-3194
-2726
-2462
-2304
-2353
-2593
-2627
-2306
-1916
-1762
-1551
-1167
-490
157
834
1881
2787
3355
3503
3721
4128
4237
3938
3379
2625
1708
617
-387
-1224
-2110
-3108
-4057
-4856
-5467
-5990
-6283
-6382
-6566
-6720
-6724
-6339
-5707
-5154
-4585
-3924
-3193
-2299
-1217
15
1163
2065
2953
3829
4741
5586
6381
7056
7371
7460
7559
7790
7973
7894
7593
7152
6647
6100
5579
5039
4375
3488
2545
1677
841
165
-434
-979
-1555
-2066
-2259
-2149
-1862
-1526
-1116
-625
-67
437
1050
1663
2180
2505
2701
2637
2024
1306
342
15
-642
-1423
-2395
-3327
-3880
-4421
-4700
-4592
-4362
-4296
-4351
-4338
-3801
-3378
-3048
-2863
-2823
-2881
-3025
-2809
-2328
-2014
-1850
-1582
-990
-200
501
1347
2388
3184
3603
3827
4185
4559
4516
4118
3501
2609
1632
478
-469
-1451
-2556
-3694
-4746
-5630
-6437
-7014
-7280
-7452
-7677
-7774
-7554
-6952
-6231
-5504
-4684
-3867
-3006
-1953
-716
548
1605
2485
3363
4176
5007
5804
6648
7231
7497
7641
7888
8183
8295
8208
7903
7451
6843
6248
5675
4990
4089
3063
2098
1138
317
-378
-927
-1468
-2010
-2317
-2246
-1941
-1570
-1133
-654
-103
347
907
1537
2091
2441
2561
2570
2013
1434
454
135
-424
-1127
-2054
-2969
-3459
-3961
-4222
-4196
-3943
-3893
-3906
-3896
-3344
-2860
-2519
-2311
-2248
-2260
-2432
-2267
-1801
-1434
-1365
-1303
-924
-278
342
991
1875
2565
2913
3025
3251
3638
3746
3473
2944
2150
1291
273
-599
-1468
-2490
-3622
-4707
-5647
-6488
-7098
-7447
-7620
-7843
-7952
-7763
-7181
-6390
-5555
-4656
-3745
-2859
-1865
-689
534
1612
2438
3217
3917
4588
5246
5943
6532
6885
7085
7359
7668
7898
7985
7882
7630
7207
6721
6204
5580
4737
3791
2814
1848
927
119
-516
-1163
-1647
-2007
-1948
-1739
-1391
-909
-419
142
594
1170
1758
2295
2581
2695
2565
1894
1256
286
-26
-772
-1514
-2467
-3255
-3787
-4264
-4393
-4228
-3910
-3873
-3724
-3525
-2847
-2376
-1996
-1760
-1721
-1847
-2024
-1897
-1484
-1307
-1315
-1251
-909
-326
230
1008
1858
2456
2762
2911
3244
3542
3588
3189
2631
1745
792
-247
-1208
-2190
-3402
-4492
-5681
-6579
-7414
-7888
-8246
-8475
-8605
-8555
-8094
-7447
-6549
-5646
-4570
-3591
-2488
-1297
-7
1168
2200
3182
3978
4684
5312
5972
6548
6993
7271
7546
7770
7945
8005
8037
7908
7580
7084
6586
5975
5150
4274
3287
2320
1221
306
-491
-1119
-1663
-2050
-2093
-1923
-1625
-1103
-440
271
835
1403
2103
2705
3119
3269
3174
2565
1798
688
221
-609
-1441
-2559
-3472
-4091
-4726
-4955
-4819
-4403
-4287
-4141
-3884
-3085
-2432
-1969
-1550
-1378
-1364
-1609
-1541
-1157
-969
-1003
-1076
-781
-320
163
833
1730
2416
2795
3001
3369
3795
3862
3541
2983
2169
1122
-47
-1175
-2301
-3624
-4907
-6119
-7120
-7918
-8448
-8758
-8830
-8823
-8609
-8050
-7252
-6298
-5319
-4240
-3155
-2061
-896
290
1327
2319
3172
3982
4652
5289
5880
6442
6916
7271
7595
7883
8074
8099
8075
7934
7626
7159
6618
5949
5087
4100
3111
2110
1147
186
-647
-1289
-1841
-2172
-2235
-2025
-1729
-1288
-717
-44
540
1162
1763
2334
2596
2730
2491
2028
1226
305
-153
-1029
-1776
-2927
-3573
-4153
-4601
-4784
-4666
-4274
-4231
-4016
-3721
-2850
-2358
-1883
-1559
-1287
-1244
-1342
-1095
-661
-469
-576
-506
-80
405
756
1331
2098
2604
2780
2953
3373
3762
3588
3196
2619
1916
881
-235
-1235
-2482
-3809
-5248
-6232
-7231
-7982
-8601
-8852
-8884
-8939
-8560
-7864
-6858
-5979
-4995
-3836
-2576
-1415
-227
891
1947
2770
3603
4404
5162
5764
6260
6824
7227
7619
7911
8236
8374
8216
8047
7746
7395
6789
6078
5290
4248
3190
2038
1119
189
-742
-1485
-2150
-2533
-2745
-2701
-2315
-1921
-1298
-778
-154
615
1180
2028
2270
2765
2440
2051
1360
629
413
-565
-1163
-2480
-3141
-3867
-4287
-4309
-4301
-3975
-4154
-3977
-3659
-2865
-2256
-1831
-1565
-1426
-1497
-1482
-1253
-738
-630
-790
-732
-395
209
559
1265
2019
2538
2725
2873
3495
3887
3883
3382
2871
2110
1107
-3
-1051
-2203
-3697
-5101
-6341
-7172
-8052
-8540
-8902
-8941
-8984
-8643
-7825
-6903
-5856
-5022
-3802
-2682
-1417
-257
864
1860
2650
3469
4317
5111
5839
6458
7088
7544
7939
8428
8835
9119
8938
8834
8514
8168
7510
6747
5962
4837
3678
2339
1398
353
-629
-1523
-2244
-2631
-3031
-3034
-2788
-2290
-1809
-1427
-785
-104
557
1105
1497
1970
1673
1269
514
204
-144
-919
-1589
-2591
-3166
-3922
-4190
-4099
-3946
-3777
-3968
-3699
-3357
-2716
-2186
-1746
-1464
-1525
-1643
-1546
-1208
-757
-798
-776
-694
-336
165
588
1398
1974
2405
2510
2707
3212
3430
3423
2941
2353
1549
487
-328
-1419
-2361
-3832
-5012
-6053
-6891
-7450
-7948
-7985
-8148
-8051
-7735
-6972
-5992
-5089
-4146
-3178
-2176
-1108
-31
1116
2047
2817
3535
4322
5137
5846
6531
7133
7571
7904
8208
8591
8760
8730
8482
8144
7670
7034
6351
5580
4620
3465
2328
1363
445
-406
-1199
-1783
-2257
-2575
-2548
-2337
-1948
-1666
-1329
-768
-363
235
528
1036
899
455
-125
-624
-637
-1390
-1849
-2859
-3350
-4008
-4377
-4191
-4025
-3681
-3935
-3687
-3328
-2651
-2082
-1681
-1403
-1423
-1659
-1535
-1258
-832
-857
-964
-774
-533
30
436
1294
1951
2284
2569
2740
3443
3635
3655
3277
2593
1921
764
58
-1095
-2111
-3548
-4778
-5697
-6616
-7167
-7659
-7716
-7772
-7690
-7280
-6516
-5533
-4614
-3748
-2769
-1828
-757
256
1322
2214
2933
3729
4504
5379
6059
6814
7447
8009
8391
8792
9161
9405
9332
9106
8754
8266
7667
6851
6054
4923
3841
2633
1636
666
-348
-1144
-1937
-2421
-2826
-2904
-2820
-2702
-2579
-2348
-2002
-1558
-1197
-748
-634
-888
-1334
-1816
-1687
-2053
-2328
-3137
-3601
-4080
-4453
-4387
-4210
-3710
-3762
-3625
-3354
-2674
-2006
-1454
-1101
-922
-1065
-1085
-882
-475
-345
-545
-576
-440
-83
263
771
1481
1875
2094
2239
2672
3156
3234
3035
2536
1826
1004
-49
-847
-1972
-3125
-4431
-5537
-6269
-7081
-7420
-7707
-7606
-7463
-7231
-6467
-5619
-4496
-3629
-2667
-1673
-752
317
1265
2242
3020
3690
4462
5191
5996
6737
7446
8123
8568
9028
9419
9780
9961
9774
9510
9000
8433
7653
6741
5814
4627
3504
2257
1265
298
-559
-1278
-1978
-2392
-2786
-2829
-2869
-2820
-2723
-2628
-2373
-2170
-1889
-1680
-1972
-2204
-2819
-2621
-2899
-2953
-3436
-3819
-3992
-4378
-4205
-4133
-3583
-3485
-3357
-3124
-2670
-2043
-1537
-1184
-953
-1039
-1017
-831
-470
-227
-338
-262
-163
159
501
907
1597
1897
2175
2225
2559
2942
3059
3017
2498
1932
997
117
-761
-1669
-2782
-4046
-5207
-6153
-6898
-7358
-7588
-7691
-7688
-7560
-6960
-6145
-5096
-4115
-3185
-2323
-1422
-327
766
1750
2515
3142
3802
4506
5353
6121
6874
7426
7863
8316
8805
9370
9597
9594
9342
8967
8545
7859
7278
6333
5345
4104
3000
2127
1192
492
-407
-1039
-1696
-2108
-2181
-2307
-2297
-2385
-2366
-2134
-2124
-1720
-1912
-2102
-2707
-3097
-2962
-3288
-3325
-3970
-4086
-4388
-4610
-4353
-4063
-3454
-3436
-3258
-2850
-2283
-1619
-1212
-841
-638
-820
-659
-458
6
87
-39
126
184
546
730
1269
1840
1979
2130
2107
2562
2804
2850
2668
2134
1570
610
-109
-945
-1789
-2994
-4189
-5290
-6157
-6837
-7252
-7456
-7646
-7687
-7501
-6815
-5962
-4919
-4005
-3092
-2236
-1174
-80
1006
1867
2526
3112
3657
4394
5058
5744
6260
6691
7041
7466
7991
8486
8631
8656
8434
8297
7969
7558
7070
6234
5388
4259
3499
2625
1890
1089
250
-372
-1038
-1271
-1475
-1596
-1779
-1896
-1825
-1736
-1654
-1513
-1946
-2295
-3134
-3185
-3470
-3723
-4247
-4847
-5051
-5509
-5436
-5260
-4653
-4306
-4155
-3794
-3124
-2310
-1632
-1152
-723
-590
-534
-266
88
439
335
266
371
498
790
994
1577
1900
2041
2153
2356
2855
3064
3044
2826
2292
1847
1006
382
-510
-1561
-2625
-3933
-4759
-5794
-6341
-6847
-7156
-7241
-7345
-6819
-6295
-5364
-4523
-3649
-2698
-1788
-709
223
1052
1765
2313
2876
3357
3897
4460
4896
5396
5699
6132
6568
7051
7460
7596
7722
7645
7621
7361
7067
6535
5878
5076
4192
3427
2566
1937
1110
502
-122
-513
-676
-849
-889
-1004
-921
-838
-756
-611
-570
-1010
-1497
-2371
-2522
-3096
-3525
-4278
-5014
-5354
-5959
-5851
-5805
-5175
-4786
-4546
-3982
-3306
-2274
-1502
-926
-424
-337
-193
-26
265
522
246
149
50
182
405
573
1185
1437
1733
1835
2164
2764
3037
3183
2917
2544
2086
1361
768
-142
-1094
-2284
-3501
-4459
-5386
-5972
-6477
-6780
-6915
-6954
-6527
-5932
-5057
-4241
-3448
-2579
-1711
-709
131
900
1495
2005
2433
2873
3344
3865
4325
4721
5081
5440
5936
6403
6825
7018
7102
7079
6992
6783
6462
5947
5313
4532
3680
2904
2096
1494
761
205
-346
-663
-766
-850
-788
-872
-697
-641
-428
-366
-188
-492
-978
-1765
-2312
-2661
-3305
-3870
-4796
-5260
-5800
-6037
-5898
-5573
-4939
-4686
-4171
-3479
-2536
-1531
-877
-284
0
66
313
474
775
613
320
272
177
433
515
984
1417
1625
1916
2127
2789
3250
3476
3456
3129
2828
2246
1705
1010
91
-1041
-2250
-3320
-4157
-4952
-5505
-5960
-6263
-6401
-6295
-5747
-5066
-4327
-3654
-2965
-2119
-1204
-343
393
912
1392
1778
2182
2686
3093
3574
3856
4210
4588
5018
5632
6042
6444
6551
6658
6738
6714
6551
6155
5627
4997
4229
3479
2742
2060
1413
725
171
-243
-449
-502
-532
-570
-544
-493
-338
-194
-141
-112
-695
-1178
-2124
-2489
-3108
-3811
-4506
-5548
-5942
-6689
-6746
-6660
-6361
-5839
-5737
-5052
-4334
-3304
-2286
-1707
-1003
-819
-527
-126
117
505
209
139
68
49
439
543
1240
1488
1816
2164
2582
3483
3885
4195
4114
3816
3597
3024
2640
1809
705
-546
-1899
-2761
-3745
-4468
-5147
-5766
-6073
-6300
-5903
-5364
-4648
-4028
-3474
-2686
-1796
-804
-7
554
993
1367
1787
2280
2763
3178
3457
3749
4147
4596
5198
5720
6241
6476
6663
6831
7022
6992
6729
6285
5700
5046
4248
3531
2744
2045
1260
558
41
-308
-411
-538
-555
-630
-540
-469
-208
-172
-59
-461
-973
-1756
-2402
-2829
-3663
-4288
-5442
-6070
-6814
-7137
-7105
-6986
-6540
-6376
-5874
-5166
-4175
-3083
-2248
-1560
-1057
-845
-299
23
496
462
242
213
91
393
491
937
1314
1522
1838
2146
2899
3510
3818
3921
3690
3530
3134
2757
2178
1212
53
-1230
-2199
-3087
-3894
-4641
-5300
-5789
-6063
-5956
-5512
-4899
-4328
-3767
-3114
-2264
-1311
-455
258
734
1179
1590
2057
2578
2940
3269
3492
3867
4257
4725
5248
5743
6133
6340
6538
6788
6927
6843
6574
6130
5604
4903
4208
3486
2806
2077
1314
684
233
-26
-194
-287
-358
-316
-317
-150
-73
22
-115
-670
-1225
-2043
-2391
-3203
-3878
-4861
-5762
-6411
-7051
-7122
-7171
-6907
-6716
-6476
-5851
-5048
-4037
-3070
-2397
-1680
-1449
-876
-441
58
296
98
105
20
189
395
605
1047
1161
1430
1718
2284
3035
3365
3675
3553
3495
3277
3007
2669
1934
952
-209
-1219
-2066
-2897
-3691
-4357
-4983
-5353
-5546
-5228
-4715
-4144
-3641
-3098
-2308
-1414
-499
279
865
1250
1601
1962
2460
2798
3032
3150
3339
3657
3996
4459
4919
5311
5623
5849
6181
6456
6569
6516
6132
5724
5122
4592
3976
3248
2502
1681
1019
489
114
-26
-152
-255
-299
-349
-76
25
232
146
-282
-693
-1516
-1782
-2608
-3225
-4241
-5201
-5893
-6629
-6799
-6961
-6865
-6776
-6688
-6137
-5363
-4414
-3390
-2818
-2041
-1798
-1185
-661
-194
173
-65
-47
-204
-98
140
225
620
603
808
1073
1565
2360
2665
2991
2898
2908
2883
2709
2523
1840
975
-58
-949
-1654
-2457
-3215
-3946
-4514
-4888
-5097
-4886
-4506
-4001
-3567
-3021
-2268
-1423
-552
183
854
1320
1743
2168
2617
3020
3228
3450
3638
3888
4213
4574
5072
5376
5649
5856
6111
6439
6501
6496
6129
5655
5100
4436
3879
3036
2267
1339
557
-69
-548
-789
-991
-1200
-1294
-1324
-1068
-778
-593
-433
-815
-982
-1592
-1750
-2218
-2768
-3462
-4371
-4951
-5583
-5810
-5870
-5865
-5722
-5673
-5256
-4525
-3661
-2664
-2079
-1457
-1056
-599
48
424
767
577
439
422
350
559
471
726
730
727
901
1186
1835
2134
2286
2275
2211
2246
2075
1902
1495
700
-122
-1058
-1644
-2356
-3051
-3714
-4397
-4807
-5169
-5050
-4766
-4381
-4056
-3655
-2992
-2182
-1311
-505
162
707
1202
1706
2275
2761
3129
3372
3600
3886
4196
4589
5005
5335
5550
5702
5960
6276
6474
6447
6189
5841
5403
4882
4398
3758
3076
2223
1438
795
260
-54
-439
-737
-1030
-1172
-1066
-986
-746
-939
-1269
-1752
-2151
-2288
-2798
-3260
-4111
-4779
-5374
-5852
-5933
-6024
-5845
-5832
-5700
-5146
-4383
-3358
-2569
-1920
-1292
-953
-261
298
919
1153
1016
1078
958
1153
1182
1318
1465
1228
1217
1238
1692
2118
2160
2205
2001
2032
1899
1803
1646
1006
214
-732
-1379
-1983
-2712
-3384
-4147
-4727
-5252
-5435
-5224
-4898
-4595
-4361
-3825
-3072
-2131
-1240
-463
185
729
1306
1890
2520
2953
3239
3460
3667
3970
4246
4653
4982
5164
5308
5412
5756
5966
6054
5910
5641
5394
4945
4593
4052
3472
2770
2039
1474
880
508
90
-303
-640
-898
-863
-868
-722
-910
-1269
-1712
-2131
-2277
-2746
-3166
-3924
-4588
-5191
-5677
-5786
-5885
-5737
-5744
-5638
-5165
-4440
-3436
-2628
-1939
-1299
-896
-225
365
1040
1352
1303
1344
1244
1365
1347
1406
1478
1216
1064
959
1237
1575
1592
1566
1360
1317
1194
1110
1026
578
-104
-892
-1500
-1960
-2530
-3073
-3639
-4149
-4516
-4673
-4425
-4023
-3652
-3287
-2776
-2013
-1092
-202
632
1223
1748
2233
2713
3246
3509
3696
3725
3785
3930
4016
4285
4440
4554
4618
4660
4944
5110
5212
5104
4866
4680
4310
4006
3512
2919
2272
1561
1033
489
52
-366
-821
-1146
-1402
-1440
-1404
-1404
-1548
-1887
-2240
-2479
-2680
-2986
-3442
-4060
-4616
-5156
-5416
-5561
-5592
-5555
-5564
-5295
-4884
-4143
-3319
-2577
-1881
-1345
-708
-47
614
1189
1406
1536
1545
1609
1691
1654
1662
1485
1287
1098
1026
1175
1224
1212
1048
892
826
686
608
367
-20
-572
-1177
-1630
-2089
-2514
-2964
-3422
-3745
-3946
-3876
-3628
-3247
-2787
-2307
-1648
-877
26
918
1685
2327
2835
3338
3788
4142
4339
4374
4344
4295
4282
4295
4317
4308
4247
4214
4261
4359
4414
4363
4209
3997
3752
3449
3078
2587
1981
1355
791
319
-115
-560
-991
-1362
-1578
-1655
-1655
-1668
-1798
-2017
-2261
-2433
-2559
-2775
-3130
-3638
-4161
-4569
-4831
-4944
-5041
-5114
-5151
-5035
-4658
-4119
-3448
-2833
-2272
-1707
-1127
-436
208
750
1100
1266
1409
1509
1643
1705
1635
1471
1199
1019
930
892
844
659
473
257
94
0
-149
-335
-738
-1203
-1628
-2008
-2249
-2584
-2903
-3225
-3470
-3471
-3336
-2942
-2520
-2069
-1524
-912
-34
862
1759
2538
3125
3706
4155
4640
4999
5170
5213
5041
4941
4822
4741
4644
4407
4205
3961
3834
3756
3658
3538
3253
2971
2652
2349
2032
1586
1108
574
108
-300
-655
-945
-1240
-1460
-1615
-1630
-1583
-1575
-1626
-1749
-1824
-1898
-1968
-2121
-2387
-2725
-3117
-3411
-3628
-3753
-3869
-4005
-4054
-4017
-3780
-3433
-3028
-2610
-2257
-1850
-1420
-910
-426
-40
270
453
626
758
893
985
954
863
689
583
504
420
306
106
-91
-346
-542
-729
-945
-1204
-1599
-1951
-2297
-2540
-2752
-2967
-3110
-3261
-3238
-3093
-2765
-2303
-1839
-1278
-694
44
850
1659
2457
3085
3688
4185
4658
5090
5359
5555
5564
5550
5499
5411
5337
5138
4933
4654
4383
4149
3864
3584
3195
2775
2321
1847
1412
923
445
-39
-500
-888
-1235
-1491
-1681
-1821
-1899
-1949
-1964
-1989
-2032
-2056
-2075
-2078
-2131
-2255
-2404
-2579
-2708
-2793
-2835
-2838
-2859
-2816
-2725
-2530
-2256
-1989
-1705
-1476
-1219
-949
-674
-400
-217
-70
16
101
196
248
310
299
268
213
148
120
51
-41
-213
-425
-664
-941
-1215
-1547
-1898
-2317
-2740
-3109
-3426
-3638
-3811
-3904
-3913
-3786
-3483
-3049
-2466
-1834
-1146
-400
413
1292
2128
2930
3607
4211
4764
5240
5665
5948
6138
6222
6247
6251
6198
6118
5940
5704
5418
5094
4760
4344
3884
3339
2738
2117
1475
855
219
-385
-958
-1468
-1877
-2212
-2441
-2609
-2713
-2755
-2765
-2741
-2737
-2723
-2704
-2680
-2646
-2649
-2664
-2696
-2711
-2669
-2575
-2419
-2240
-2032
-1791
-1504
-1158
-806
-474
-201
20
216
370
486
531
498
421
303
183
59
-55
-168
-288
-396
-501
-575
-638
-719
-815
-968
-1165
-1407
-1684
-1988
-2337
-2719
-3136
-3543
-3890
-4158
-4327
-4411
-4383
-4233
-3936
-3460
-2851
-2130
-1348
-530
342
1231
2128
2961
3698
4340
4874
5349
5740
6044
6239
6329
6372
6357
6327
6255
6123
5950
5699
5427
5104
4727
4294
3772
3211
2584
1943
1294
650
41
-567
-1095
-1568
-1945
-2222
-2436
-2567
-2682
-2739
-2782
-2817
-2824
-2861
-2877
-2920
-2957
-2979
-2998
-2965
-2924
-2805
-2625
-2386
-2065
-1714
-1306
-892
-470
-69
272
575
785
929
981
929
801
590
356
71
-234
-527
-816
-1059
-1272
-1434
-1554
-1649
-1717
-1787
-1854
-1940
-2061
-2215
-2413
-2639
-2896
-3167
-3419
-3651
-3830
-3931
-3932
-3819
-3587
-3221
-2724
-2113
-1410
-634
183
1012
1838
2639
3382
4042
4602
5058
5425
5699
5885
5985
6001
5954
5867
5754
5605
5420
5211
4970
4703
4411
4095
3759
3392
3002
2589
2162
1725
1279
849
420
-5
-416
-813
-1184
-1544
-1895
-2239
-2577
-2881
-3163
-3407
-3607
-3758
-3847
-3872
-3811
-3685
-3491
-3231
-2915
-2543
-2132
-1692
-1263
-855
-468
-126
172
402
580
697
760
785
750
686
593
489
366
233
96
-54
-208
-383
-571
-776
-1010
-1272
-1568
-1870
-2205
-2560
-2918
-3288
-3600
-3902
-4134
-4297
-4390
-4371
-4265
-4015
-3668
-3215
-2666
-2046
-1339
-609
158
911
1617
2297
2890
3436
3888
4257
4556
4755
4926
5027
5086
5114
5106
5090
5029
4963
4861
4729
4563
4333
4073
3741
3367
2953
2489
2010
1511
1014
538
93
-304
-646
-928
-1151
-1308
-1410
-1470
-1497
-1512
-1529
-1537
-1562
-1607
-1667
-1756
-1849
-1966
-2076
-2173
-2262
-2299
-2312
-2270
-2186
-2067
-1891
-1707
-1488
-1257
-1033
-807
-618
-435
-299
-184
-118
-110
-117
-186
-262
-380
-520
-655
-825
-977
-1157
-1320
-1492
-1677
-1835
-2013
-2153
-2298
-2426
-2520
-2612
-2646
-2673
-2635
-2560
-2447
-2248
-2026
-1713
-1370
-955
-481
12
575
1123
1708
2290
2837
3378
3840
4276
4633
4924
5152
5280
5367
5352
5292
5167
4977
4775
4503
4239
3938
3617
3306
2954
2606
2213
1810
1369
897
424
-92
-586
-1107
-1605
-2062
-2509
-2875
-3203
-3452
-3618
-3711
-3697
-3613
-3442
-3211
-2924
-2603
-2254
-1876
-1509
-1133
-792
-483
-193
48
264
428
556
648
701
734
739
726
687
636
561
464
360
216
62
-128
-344
-579
-846
-1108
-1396
-1688
-1971
-2250
-2504
-2733
-2916
-3071
-3176
-3235
-3256
-3206
-3137
-2987
-2807
-2587
-2291
-2005
-1649
-1296
-923
-528
-146
279
659
1064
1452
1819
2192
2506
2827
3079
3299
3492
3614
3747
3797
3834
3825
3758
3699
3562
3421
3233
3032
2835
2591
2378
2152
1934
1717
1489
1290
1064
859
648
440
255
55
-110
-279
-448
-589
-736
-861
-982
-1092
-1172
-1238
-1281
-1311
-1332
-1338
-1337
-1326
-1307
-1280
-1255
-1222
-1180
-1142
-1099
-1065
-1029
-993
-963
-926
-889
-855
-814
-775
-742
-706
-677
-653
-641
-642
-651
-682
-719
-768
-829
-895
-980
-1065
-1148
-1227
-1297
-1368
-1415
-1455
-1475
-1477
-1466
-1425
-1363
-1265
-1150
-1013
-835
-655
-446
-229
-1
243
481
738
975
1219
1449
1660
1864
2029
2186
2300
2390
2470
2499
2518
2500
2462
2407
2311
2215
2082
1944
1799
1640
1484
1310
1149
989
836
681
529
387
236
100
-35
-167
-288
-411
-517
-626
-732
-823
-910
-973
-1024
-1064
-1078
-1081
-1077
-1065
-1040
-1013
-976
-938
-903
-861
-820
-764
-718
-682
-639
-600
-556
-512
-468
-420
-376
-329
-277
-233
-199
-168
-154
-142
-142
-161
-189
-238
-288
-349
-433
-507
-596
-684
-761
-839
-900
-953
-991
-1011
-1016
-1008
-977
-923
-852
-765
-659
-527
-382
-228
-54
119
310
509
711
909
1103
1293
1477
1636
1782
1900
1989
2047
2074
2060
2013
1935
1818
1670
1503
1315
1113
898
699
497
311
147
0
-112
-193
-253
-291
-309
-304
-290
-272
-255
-236
-227
-229
-245
-273
-309
-351
-393
-443
-485
-518
-552
-574
-585
-593
-591
-588
-578
-567
-559
-551
-550
-552
-552
-556
-565
-575
-569
-561
-546
-522
-481
-428
-360
-281
-195
-101
-7
86
160
229
284
319
325
310
283
232
158
83
-1
-98
-181
-255
-329
-385
-420
-439
-451
-443
-417
-376
-327
-263
-196
-133
-56
26
90
161
241
312
377
458
539
615
701
788
863
934
1010
1068
1098
1120
1121
1091
1029
944
828
680
525
352
153
-47
-239
-428
-604
-757
-890
-1005
-1089
-1135
-1163
-1167
-1145
-1104
-1054
-988
-910
-831
-751
-662
-569
-483
-389
-293
-199
-98
7
118
236
350
466
581
685
784
868
935
987
1015
1016
992
948
890
807
705
601
496
385
277
169
69
-27
-104
-177
-243
-298
-346
-390
-423
-449
-477
-510
-536
-560
-591
-618
-633
-653
-666
-657
-635
-610
-561
-491
-418
-331
-236
-138
-30
86
201
308
415
514
607
687
762
824
863
895
915
909
884
843
779
699
599
486
356
207
52
-107
-271
-440
-601
-748
-882
-999
-1098
-1170
-1208
-1221
-1218
-1185
-1127
-1047
-945
-832
-707
-567
-426
-276
-139
-4
132
257
367
471
567
654
734
802
863
918
965
1001
1028
1044
1050
1047
1023
981
922
843
745
628
504
369
227
84
-56
-193
-320
-434
-541
-625
-689
-732
-758
-761
-742
-705
-651
-590
-527
-459
-393
-329
-269
-220
-172
-132
-100
-72
-39
-8
13
40
61
84
108
128
150
172
190
208
232
256
273
285
292
304
304
298
289
268
237
198
150
97
36
-39
-122
-210
-299
-392
-491
-578
-658
-722
-775
-815
-827
-826
-808
-772
-719
-641
-554
-452
-331
-202
-69
66
190
315
427
524
617
694
762
816
856
885
907
912
902
886
861
821
778
732
675
625
560
480
397
303
204
101
-5
-108
-205
-302
-392
-467
-535
-591
-633
-659
-666
-659
-639
-595
-540
-471
-392
-313
-232
-156
-83
-19
37
85
121
154
181
192
197
198
189
181
159
129
102
71
44
17
-15
-47
-64
-81
-94
-103
-119
-126
-130
-129
-129
-127
-122
-109
-102
-100
-100
-106
-118
-135
-157
-191
-224
-255
-285
-310
-329
-345
-353
-355
-348
-331
-296
-252
-198
-126
-45
45
134
228
322
414
499
575
637
699
751
789
811
825
819
796
760
715
659
585
510
435
356
278
193
99
13
-77
-171
-253
-333
-413
-480
-544
-607
-651
-688
-722
-739
-748
-738
-716
-683
-641
-586
-522
-438
-350
-262
-163
-70
18
105
189
260
326
384
425
456
468
462
447
416
368
309
245
173
95
15
-64
-139
-209
-273
-322
-368
-399
-414
-426
-422
-413
-384
-348
-313
-271
-228
-190
-155
-118
-87
-56
-28
2
29
55
80
110
140
172
206
245
287
330
376
428
484
532
578
613
642
660
664
657
639
608
571
521
464
393
319
239
166
97
28
-32
-91
-137
-177
-212
-238
-251
-256
-255
-260
-259
-259
-256
-251
-253
-257
-260
-270
-277
-286
-296
-302
-301
-297
-287
-278
-265
-246
-231
-210
-187
-166
-142
-124
-111
-105
-102
-106
-113
-126
-144
-167
-192
-215
-236
-261
-285
-301
-305
-302
-294
-278
-250
-222
-182
-133
-82
-25
26
79
127
168
200
225
249
269
279
283
280
275
270
258
248
240
229
225
226
229
233
246
267
281
300
319
336
355
370
373
374
372
358
341
315
291
258
223
186
145
111
77
44
5
-16
-41
-67
-78
-89
-98
-100
-112
-124
-124
-124
-134
-144
-148
-157
-163
-177
-191
-196
-203
-210
-203
-209
-215
-205
-205
-207
-200
-195
-191
-175
-169
-166
-158
-155
-151
-150
-161
-172
-176
-189
-204
-217
-233
-247
-258
-268
-275
-279
-274
-274
-266
-250
-230
-198
-173
-145
-115
-80
-47
-8
31
61
107
148
187
226
269
303
334
371
395
422
448
468
473
488
498
487
491
497
484
473
461
437
410
384
351
308
268
239
189
137
104
60
15
-17
-42
-76
-98
-110
-143
-148
-151
-178
-179
-175
-189
-193
-184
-191
-179
-160
-161
-144
-130
-135
-125
-109
-115
-111
-113
-130
-133
-143
-166
-177
-191
-209
-217
-237
-253
-257
-272
-293
-303
-321
-334
-328
-335
-342
-328
-327
-318
-305
-298
-277
-263
-243
-219
-195
-170
-142
-110
-84
-57
-25
6
40
75
115
142
171
208
230
246
283
304
313
346
365
371
386
396
382
381
393
384
373
377
373
361
349
340
322
301
301
284
248
243
236
198
181
169
135
118
111
81
71
68
36
11
3
-32
-56
-62
-95
-111
-117
-140
-150
-144
-159
-157
-148
-153
-141
-132
-137
-134
-126
-138
-127
-127
-141
-126
-130
-138
-125
-138
-154
-146
-159
-185
-188
-210
-234
-236
-257
-286
-284
-296
-312
-311
-336
-345
-351
-364
-360
-357
-359
-340
-323
-309
-280
-253
-225
-181
-143
-101
-50
-6
39
88
124
167
225
260
304
351
381
416
455
475
482
497
512
520
523
525
518
503
501
489
460
437
419
386
354
331
294
254
229
190
151
119
81
44
13
-32
-70
-92
-132
-166
-192
-218
-242
-259
-284
-298
-290
-295
-291
-275
-275
-270
-251
-245
-250
-228
-216
-211
-185
-174
-160
-150
-149
-143
-130
-135
-138
-133
-139
-139
-146
-166
-168
-166
-177
-181
-179
-187
-189
-195
-207
-214
-220
-218
-217
-215
-200
-186
-175
-158
-138
-118
-95
-58
-25
14
61
96
133
170
202
242
275
306
341
370
395
409
424
434
440
449
446
444
447
442
434
429
412
397
380
358
341
317
292
275
249
220
185
150
113
77
48
16
-24
-63
-94
-127
-163
-196
-227
-250
-265
-278
-287
-281
-277
-275
-263
-247
-236
-227
-213
-189
-158
-138
-125
-111
-102
-95
-95
-91
-91
-93
-97
-106
-117
-137
-160
-179
-195
-224
-245
-264
-282
-302
-323
-340
-352
-361
-371
-369
-361
-348
-334
-322
-303
-280
-257
-228
-201
-160
-119
-76
-20
29
76
125
172
216
263
310
353
400
442
482
506
525
541
549
556
556
553
549
535
512
495
471
445
418
388
362
335
298
264
237
211
187
159
125
99
75
46
19
-16
-40
-63
-85
-109
-135
-154
-178
-194
-210
-225
-236
-248
-258
-266
-273
-266
-259
-258
-245
-225
-214
-207
-197
-185
-172
-162
-152
-147
-143
-148
-158
-164
-177
-187
-200
-215
-234
-255
-270
-292
-315
-326
-336
-340
-343
-348
-349
-343
-338
-324
-305
-279
-249
-214
-173
-145
-113
-71
-29
10
46
86
128
159
193
233
276
319
352
389
419
442
453
466
480
479
487
490
487
480
466
451
434
415
395
383
367
349
335
313
291
273
254
236
216
193
170
153
137
118
94
69
44
22
-6
-34
-58
-84
-102
-114
-134
-158
-182
-206
-226
-244
-254
-263
-270
-276
-280
-281
-283
-282
-276
-274
-267
-266
-269
-280
-290
-296
-303
-302
-307
-322
-336
-350
-371
-385
-400
-408
-408
-406
-397
-400
-398
-386
-378
-357
-331
-297
-255
-217
-180
-140
-95
-49
-3
51
106
159
195
233
270
306
348
393
436
476
503
517
524
517
509
497
485
473
461
442
419
387
347
320
294
271
254
236
217
203
188
171
161
162
163
159
160
167
175
175
172
174
171
160
152
138
127
117
105
95
78
50
15
-22
-50
-78
-107
-131
-153
-178
-204
-234
-257
-272
-286
-294
-309
-321
-342
-364
-378
-393
-401
-405
-408
-411
-425
-433
-440
-448
-451
-452
-438
-420
-414
-412
-397
-386
-371
-344
-310
-274
-241
-198
-157
-119
-83
-41
12
61
102
143
188
218
248
281
317
350
379
410
426
433
431
423
405
381
360
345
324
297
269
239
207
175
142
116
99
83
76
60
53
54
47
53
67
79
92
118
147
171
182
210
234
240
250
264
275
276
273
268
250
224
205
176
145
113
89
52
10
-28
-71
-112
-157
-189
-223
-254
-286
-319
-345
-374
-399
-419
-429
-443
-453
-460
-464
-464
-466
-462
-453
-446
-433
-416
-396
-389
-374
-343
-322
-292
-265
-229
-189
-150
-118
-78
-25
13
54
92
142
177
208
244
280
310
339
372
393
409
415
421
414
410
394
373
351
325
304
272
249
221
191
158
140
109
81
66
54
34
15
10
6
-2
-6
11
27
47
69
98
114
122
143
161
166
164
173
177
175
174
177
169
151
137
114
85
44
6
-31
-70
-102
-142
-182
-212
-238
-278
-315
-339
-369
-397
-414
-419
-437
-448
-445
-441
-445
-444
-438
-423
-415
-398
-378
-358
-346
-320
-288
-261
-244
-218
-177
-149
-111
-77
-27
2
35
73
111
138
166
208
235
260
276
309
321
344
359
371
370
373
384
373
368
353
344
325
315
307
291
274
261
244
224
210
182
160
131
124
107
85
92
97
95
92
98
102
93
88
94
89
77
84
92
92
99
113
110
89
78
59
34
5
-13
-43
-72
-92
-107
-138
-170
-193
-231
-263
-298
-315
-341
-368
-381
-384
-392
-401
-396
-395
-399
-397
-386
-379
-373
-365
-341
-327
-315
-300
-277
-261
-245
-218
-197
-174
-163
-137
-117
-99
-80
-52
-28
-10
16
42
65
83
115
139
159
186
209
233
249
271
299
311
322
336
350
362
364
374
372
373
367
360
343
321
308
288
273
249
244
228
213
194
182
162
140
134
112
107
88
93
91
96
95
90
95
87
87
67
65
49
42
32
24
11
-1
-6
-28
-49
-77
-105
-137
-161
-187
-213
-230
-249
-263
-281
-300
-324
-336
-353
-375
-378
-389
-391
-395
-394
-385
-379
-374
-360
-350
-335
-320
-304
-289
-277
-255
-234
-213
-195
-168
-151
-125
-110
-83
-57
-45
-11
0
28
37
65
99
118
151
168
201
220
249
265
292
307
322
353
358
384
386
401
408
403
408
395
394
382
374
359
341
318
293
276
251
226
204
183
154
124
107
88
69
54
35
20
2
0
-14
-18
-27
-25
-25
-24
-20
-32
-29
-40
-28
-42
-46
-58
-59
-60
-69
-77
-92
-90
-108
-121
-144
-158
-184
-198
-218
-233
-241
-257
-265
-282
-288
-303
-312
-323
-330
-334
-339
-336
-335
-330
-321
-312
-303
-283
-273
-260
-242
-233
-214
-190
-167
-145
-118
-99
-71
-42
-21
1
30
56
77
106
115
146
164
184
219
230
253
261
285
300
316
322
329
338
338
350
336
349
341
344
335
316
309
286
283
257
247
225
215
193
170
145
120
103
78
56
36
27
14
9
-5
-17
-27
-31
-45
-54
-72
-70
-69
-71
-67
-73
-67
-67
-70
-92
-96
-105
