27
1
-6
-28
-32
-13
-3
25
23
23
3
-12
-18
-23
-2
-1
21
17
7
5
-17
-8
-9
3
12
14
5
-8
-5
-24
-7
7
7
27
12
-3
-8
-22
-22
-5
0
7
28
12
3
5
-20
-14
-2
-15
9
10
1
12
6
-2
3
4
-20
6
-10
-19
16
-7
13
25
8
-2
-2
-20
-33
5
-11
11
37
12
20
1
-15
-25
-21
-15
-9
24
14
32
18
-4
1
-35
-21
-13
-6
8
25
21
5
26
-20
-19
-4
-32
-3
9
7
12
21
3
-2
5
-22
-5
-7
-19
10
-2
13
19
12
5
0
-7
-32
1
-19
-5
21
6
18
14
9
-22
1
-17
-26
20
-8
8
17
1
-6
7
1
-11
22
-10
-8
-3
-20
-6
-3
12
12
17
14
7
-13
-16
-14
-28
-2
15
6
25
26
-11
-4
-3
-26
-16
11
-9
-2
28
-1
2
23
-3
-21
5
-17
-22
12
10
3
25
16
-10
-1
-17
-14
-25
10
8
4
38
14
-3
-6
-5
-49
0
-1
-19
37
13
11
25
9
-16
-1
-33
-30
-8
-21
24
35
21
43
12
-32
-9
-45
-47
2
3
21
60
35
11
6
-50
-45
-40
-21
22
34
50
47
3
-22
-31
-67
-33
2
8
57
62
23
13
-25
-64
-51
-37
-5
41
57
53
32
-10
-36
-55
-44
-12
9
44
43
19
8
-27
-46
-18
-16
11
59
24
18
3
-64
-55
-27
-26
41
77
41
58
-3
-66
-45
-79
-44
22
30
65
84
20
4
-19
-93
-39
-33
-33
64
38
41
61
-10
-32
-19
-56
-51
22
-7
41
76
17
30
-23
-53
-74
-55
-19
25
84
77
87
17
-44
-74
-115
-99
-17
47
67
150
114
-13
12
-95
-201
-48
-36
-23
140
133
23
88
-2
-148
-37
-57
-71
37
65
27
53
51
-42
-34
1
-28
-18
42
1
-22
22
-27
-43
48
20
9
67
-10
-28
-20
-79
-65
14
25
59
104
45
35
-29
-112
-102
-91
-33
60
95
121
140
36
-55
-83
-170
-126
-30
-18
91
172
118
68
28
-80
-115
-89
-107
-40
31
81
77
57
87
14
-49
-9
-66
-109
27
-24
-86
115
61
-41
133
34
-104
71
-25
-174
41
21
-105
85
76
-49
70
64
-72
-2
42
-63
-55
8
-18
-48
40
71
-9
59
98
-71
-79
36
-109
-107
123
7
-22
196
15
-131
82
-60
-205
102
33
-91
186
67
-98
88
-24
-160
24
-17
-75
84
35
32
86
13
16
-38
-66
-44
-123
-49
69
9
110
180
-14
52
3
-246
-74
-52
-137
131
134
29
197
44
-146
-1
-123
-140
70
-24
43
151
-16
-2
11
-110
7
37
-56
110
61
-79
37
-77
-138
62
10
0
176
65
-19
38
-134
-145
-18
-62
46
157
83
98
38
-134
-99
-87
-107
70
109
78
132
9
-123
-100
-113
-73
77
123
137
119
3
-90
-168
-157
-56
10
116
190
111
40
-13
-157
-154
-50
-51
41
130
52
15
7
-86
-91
4
3
23
77
7
-48
-27
-58
-54
67
74
29
74
-41
-151
-73
-104
-73
160
154
95
188
-28
-205
-101
-231
-196
124
93
120
294
57
-71
6
-206
-181
35
-50
9
120
-22
-10
45
-28
62
119
76
60
-70
-146
-147
-198
-38
126
126
275
213
-73
-57
-147
-306
-17
107
47
294
173
-165
-77
-177
-302
80
201
142
366
177
-188
-143
-270
-364
-11
124
139
359
248
-4
18
-103
-225
-62
-41
-82
54
33
-51
59
90
58
162
139
-9
-49
-153
-294
-225
-115
-43
167
300
243
227
110
-141
-209
-230
-271
-97
69
103
228
230
78
41
-51
-182
-126
-87
-70
58
75
33
35
-56
-128
-119
-125
-63
37
84
136
131
68
16
-79
-137
-132
-148
-66
39
61
142
153
54
59
24
-61
24
29
-57
-20
-98
-223
-138
-87
-38
165
226
160
144
19
-130
-129
-117
-126
-63
-31
-68
-37
63
134
232
313
209
28
-117
-299
-348
-178
-21
149
307
240
96
-5
-146
-161
-47
13
87
121
34
-20
-55
-84
-22
28
47
92
62
27
45
0
-19
-3
-65
-70
-17
-22
49
134
91
81
60
-60
-80
-52
-89
-32
22
-27
-11
26
-3
49
111
66
45
9
-103
-136
-109
-102
-24
72
82
89
79
1
-39
-45
-74
-65
-37
-42
-28
-8
-18
-19
-17
-37
-48
-51
-58
-63
-61
-70
-86
-94
-96
-97
-81
-51
-32
-19
-14
-31
-38
-31
-35
-24
-5
-12
-14
-4
-8
18
69
88
107
116
64
5
-39
-112
-145
-130
-135
-103
-38
-21
1
31
-5
-35
-43
-88
-97
-61
-52
-25
23
37
54
85
87
89
104
100
90
100
102
92
92
86
49
7
-27
-65
-64
-11
45
107
164
156
114
69
7
-27
-18
7
36
67
75
55
38
22
11
28
67
93
99
96
56
3
-41
-76
-87
-52
-5
35
69
75
53
22
-3
-25
-25
-11
-6
-2
2
-1
4
25
39
55
60
36
-5
-55
-102
-132
-134
-114
-76
-45
-34
-38
-72
-109
-144
-168
-166
-138
-95
-40
13
43
63
70
63
60
58
59
65
67
52
33
-1
-43
-76
-103
-114
-115
-108
-100
-92
-83
-73
-68
-66
-66
-74
-83
-92
-94
-78
-42
6
68
124
159
167
146
109
67
33
17
22
42
67
80
71
42
-2
-43
-74
-83
-65
-26
31
94
144
179
197
193
175
147
122
108
110
131
161
191
209
202
169
114
39
-42
-110
-158
-183
-185
-165
-132
-95
-54
-17
11
29
36
37
28
14
8
19
33
56
94
136
163
169
162
140
109
65
20
-20
-53
-89
-124
-152
-171
-178
-188
-191
-188
-181
-185
-198
-215
-231
-243
-251
-243
-222
-192
-162
-130
-109
-106
-117
-134
-155
-184
-202
-213
-217
-220
-231
-234
-251
-273
-303
-324
-340
-358
-367
-359
-334
-306
-276
-244
-211
-186
-170
-164
-156
-143
-116
-88
-51
-6
45
87
111
132
171
218
249
283
332
393
439
469
502
543
594
638
689
731
770
794
791
753
702
655
581
504
426
387
350
313
307
332
381
419
493
573
656
717
761
809
821
817
786
761
712
654
605
539
465
357
268
167
30
-129
-274
-399
-555
-726
-888
-1007
-1150
-1324
-1484
-1617
-1735
-1878
-1990
-2075
-2117
-2143
-2141
-2102
-2030
-1916
-1783
-1627
-1474
-1299
-1120
-945
-800
-656
-514
-384
-278
-201
-135
-82
-62
-73
-112
-156
-205
-271
-342
-403
-445
-473
-495
-512
-499
-466
-404
-328
-223
-101
48
213
391
559
730
913
1089
1244
1387
1541
1696
1849
1993
2137
2275
2415
2554
2679
2757
2825
2910
2983
2989
2949
2940
2956
2916
2802
2696
2629
2546
2358
2141
1968
1822
1635
1381
1160
981
857
681
436
147
-100
-354
-762
-1287
-1778
-2097
-2459
-2910
-3305
-3414
-3368
-3397
-3400
-3195
-2747
-2365
-2050
-1683
-1189
-710
-400
-143
63
278
420
506
507
448
454
477
424
216
56
-31
-195
-551
-971
-1268
-1637
-2181
-2830
-3347
-3792
-4301
-4789
-5129
-5257
-5300
-5183
-4897
-4444
-3894
-3220
-2444
-1703
-1007
-328
340
831
1194
1525
1847
2035
2106
2208
2328
2375
2290
2185
2072
1902
1652
1371
1057
701
377
113
-103
-322
-450
-436
-339
-198
8
349
697
1019
1335
1708
2089
2412
2704
2958
3206
3448
3730
3984
4132
4212
4316
4452
4480
4388
4251
4131
3971
3740
3516
3277
3040
2758
2452
2072
1597
1139
649
4
-926
-1811
-2458
-3006
-3757
-4599
-5022
-5066
-5031
-5123
-4926
-4323
-3634
-3094
-2584
-1798
-990
-341
52
421
832
1211
1509
1559
1486
1399
1512
1557
1347
1020
802
694
318
-200
-700
-1071
-1600
-2301
-2899
-3351
-3665
-4048
-4324
-4499
-4462
-4237
-3918
-3629
-3443
-3009
-2476
-1988
-1778
-1524
-1071
-690
-484
-405
-38
306
544
642
836
1137
1264
1279
1113
1033
870
677
333
-112
-431
-663
-772
-1050
-1234
-1259
-1090
-949
-876
-672
-415
-125
3
189
407
690
889
1016
1184
1429
1820
2117
2399
2559
2894
3229
3528
3762
3951
4257
4360
4514
4541
4753
4836
4795
4738
4582
4605
4386
4316
4003
3755
3409
2984
2629
2038
1648
791
-140
-1343
-2193
-2769
-3676
-4638
-5612
-5665
-5707
-5705
-5677
-5143
-4199
-3680
-2962
-2141
-790
53
525
1004
1605
2422
2748
3076
2997
3003
3024
3176
3242
2745
2326
1895
1726
1124
384
-294
-1001
-1784
-2849
-3538
-4146
-4624
-5251
-5723
-5834
-5730
-5337
-4993
-4496
-4008
-3283
-2481
-1801
-1300
-973
-554
-303
-147
-177
-181
-201
-284
-337
-373
-295
-297
-284
-319
-349
-452
-625
-848
-1152
-1431
-1716
-1929
-2159
-2310
-2334
-2219
-2033
-1830
-1533
-1170
-768
-418
-94
196
448
642
794
922
1055
1215
1371
1511
1703
2020
2350
2624
2812
3107
3483
3857
4104
4279
4506
4710
4957
5091
5234
5268
5346
5392
5353
5289
5113
5027
4688
4325
3814
3425
2989
2256
1225
-153
-1183
-2059
-2735
-3864
-4997
-5601
-5656
-5492
-5705
-5449
-4799
-3823
-3237
-2621
-1476
-235
743
1042
1578
2285
3105
3564
3570
3484
3341
3583
3660
3404
2694
2069
1782
1291
489
-610
-1437
-2276
-3286
-4350
-5219
-5725
-6268
-6757
-7119
-7101
-6690
-6148
-5574
-5074
-4309
-3263
-2204
-1431
-1024
-512
31
480
511
301
187
70
-23
-368
-602
-781
-858
-998
-1206
-1262
-1335
-1375
-1665
-1908
-2075
-2096
-2148
-2318
-2394
-2322
-1970
-1651
-1347
-1071
-640
-112
359
785
1111
1477
1697
1898
2037
2224
2402
2486
2610
2722
3036
3276
3548
3739
4008
4393
4737
5069
5244
5539
5839
6167
6341
6416
6509
6593
6572
6431
6191
5984
5620
5131
4560
3948
3473
2741
2041
742
-575
-1887
-2703
-3413
-4724
-5806
-6618
-6282
-6406
-6473
-6347
-5502
-4347
-3908
-2941
-1913
-193
640
1256
1894
2647
3660
3914
4209
3750
3703
3729
3749
3266
2109
1560
1001
529
-750
-1838
-2640
-3534
-4544
-5740
-6223
-6772
-7193
-7737
-7855
-7605
-7205
-6573
-6092
-5362
-4523
-3201
-2127
-1377
-789
35
890
1195
1253
1211
1310
933
435
-12
-251
-684
-1340
-1764
-2030
-2095
-2381
-2597
-2852
-2935
-2876
-2804
-2770
-2837
-2618
-2280
-1914
-1670
-1304
-766
-286
113
515
1083
1566
1873
2065
2284
2520
2667
2757
2740
2763
2826
2960
3032
3031
3165
3377
3688
3807
4031
4330
4703
5058
5284
5647
5824
6134
6225
6338
6264
6115
6077
5717
5350
4684
4332
3832
3220
2446
1373
215
-1211
-2163
-3033
-4061
-5388
-6325
-6374
-6378
-6555
-6592
-5794
-4680
-3989
-3201
-1912
-182
984
1613
2367
3294
4204
4540
4688
4465
4131
3961
3823
3420
2348
1448
855
358
-655
-1882
-2760
-3598
-4586
-5758
-6468
-7004
-7613
-8266
-8565
-8364
-8025
-7543
-7041
-6205
-5206
-3867
-2490
-1333
-394
497
1602
2328
2707
2566
2463
2190
1679
949
100
-523
-1293
-1859
-2542
-2884
-3111
-3196
-3335
-3534
-3371
-3173
-2832
-2875
-2726
-2443
-1974
-1627
-1398
-940
-485
178
668
1274
1761
2287
2768
3090
3327
3403
3556
3495
3358
3165
3151
3178
3093
3063
3227
3644
3992
4322
4724
5290
5866
6390
6857
7218
7525
7791
7998
7944
7691
7430
7239
6900
6225
5543
4967
4422
3621
2745
1739
336
-1161
-2438
-3223
-4464
-6003
-7210
-7461
-7379
-7836
-7891
-7236
-5870
-5117
-4286
-2839
-968
556
1213
2190
3165
4258
4628
4720
4484
3991
3811
3506
3033
1715
661
-16
-602
-1678
-3094
-3986
-4872
-5823
-7004
-7717
-8181
-8823
-9388
-9703
-9344
-8935
-8367
-7736
-6839
-5558
-4159
-2474
-1263
-36
1002
2201
3088
3399
3555
3228
2978
2035
1269
231
-718
-1773
-2857
-3458
-4251
-4437
-4916
-4865
-5013
-4800
-4394
-4051
-3509
-3342
-2543
-2103
-1378
-936
-182
573
1111
1869
2409
3264
3592
4078
4275
4528
4611
4471
4395
3978
3799
3487
3432
3202
3079
3167
3353
3736
3959
4457
4912
5449
5893
6360
6838
7079
7345
7456
7541
7359
7107
6874
6571
6077
5387
4783
4216
3577
2840
1921
524
-980
-2205
-2919
-4065
-5650
-6985
-7353
-7248
-7773
-8055
-7618
-6243
-5465
-4834
-3644
-1863
-167
529
1428
2304
3501
4066
4238
4086
3661
3661
3473
3149
1925
936
402
-70
-1022
-2489
-3386
-4163
-4982
-6172
-7032
-7503
-8116
-8703
-9114
-8923
-8614
-8203
-7633
-6877
-5731
-4386
-2782
-1452
-341
864
2171
3289
3703
3942
4064
3938
3310
2392
1649
764
-230
-1427
-2299
-2982
-3598
-4078
-4493
-4622
-4722
-4469
-4213
-3919
-3616
-3150
-2477
-1987
-1423
-779
116
771
1386
2098
2860
3450
3790
4175
4384
4527
4422
4324
4073
3749
3542
3418
3327
3146
3294
3563
3903
4203
4687
5326
5828
6287
6683
7263
7548
7728
7838
7943
7900
7586
7410
7078
6774
6066
5477
4825
4217
3463
2520
1454
-296
-1801
-3227
-4049
-5603
-7290
-8496
-8778
-8691
-9358
-9226
-8475
-6750
-5929
-4890
-3267
-1150
694
1424
2626
3566
4894
5235
5315
4968
4482
4431
3955
3335
1767
791
77
-628
-1944
-3573
-4493
-5491
-6470
-7840
-8641
-9207
-9821
-10307
-10550
-10165
-9790
-9096
-8309
-7178
-5775
-4114
-2337
-958
340
1711
3185
4038
4303
4405
4528
4171
3263
2237
1419
534
-684
-1859
-2760
-3278
-3900
-4367
-4787
-4867
-4775
-4529
-4262
-4119
-3678
-3202
-2530
-2173
-1595
-837
18
693
1267
2171
2975
3692
4081
4597
4913
5095
5095
5013
4859
4545
4402
4226
4107
3940
4077
4283
4501
4735
5199
5729
6086
6341
6647
7070
7145
7162
7055
7090
6713
6333
5948
5665
5162
4323
3821
3191
2878
1961
1354
170
-1176
-2544
-3631
-4280
-5909
-7097
-8203
-7929
-8237
-8487
-8264
-7250
-5759
-5247
-3820
-2437
-213
831
1738
2659
3548
4550
4530
4705
3952
3731
3329
3020
2105
698
-4
-771
-1398
-2915
-3987
-4854
-5730
-6761
-7851
-8235
-8814
-9218
-9621
-9483
-9056
-8586
-7755
-6946
-5661
-4308
-2575
-1038
164
1445
2687
3927
4250
4443
4436
4334
3751
2741
2011
1046
194
-1054
-1842
-2535
-3105
-3543
-4004
-4093
-4317
-4034
-3962
-3700
-3582
-3197
-2586
-2176
-1616
-1104
-97
598
1376
2101
3095
3998
4604
5175
5565
6038
6134
6245
6072
5898
5697
5567
5409
5140
5048
5104
5311
5380
5578
5877
6271
6429
6623
6838
7064
7137
7053
6935
6634
6435
6028
5660
4834
4080
3459
2951
2317
1276
487
-921
-2257
-3746
-4547
-5464
-7055
-8327
-8987
-8465
-8811
-8950
-8625
-7155
-5840
-5124
-3638
-1944
236
1022
2010
2968
4077
4759
4603
4559
3841
3681
3196
2701
1390
18
-669
-1405
-2334
-4088
-5106
-5896
-6720
-7904
-8863
-9102
-9500
-9833
-10129
-9731
-9105
-8395
-7600
-6597
-5187
-3627
-1889
-483
716
1893
3215
4123
4372
4272
4169
3942
3198
2163
1130
322
-678
-1689
-2559
-3105
-3470
-3826
-4094
-4274
-4087
-3843
-3579
-3474
-3255
-2748
-2196
-1734
-1388
-710
96
878
1552
2327
3269
4064
4704
5143
5637
5958
6121
6068
5894
5779
5609
5473
5173
4979
4926
5032
5138
5160
5328
5603
5892
6042
6175
6324
6452
6472
6341
6139
5911
5657
5243
4564
3797
3190
2715
2151
1321
585
-482
-1787
-3117
-4022
-4655
-6034
-7363
-8227
-7907
-7969
-8325
-8225
-7150
-5747
-5122
-3925
-2467
-386
619
1440
2394
3436
4293
4265
4355
3824
3615
3247
2897
1920
640
-70
-700
-1407
-2904
-3974
-4705
-5454
-6488
-7468
-7767
-8142
-8552
-8893
-8661
-8092
-7618
-6999
-6220
-4922
-3462
-1915
-560
548
1889
3097
4181
4465
4554
4537
4313
3738
2655
1874
858
10
-1199
-1996
-2608
-3034
-3389
-3915
-3881
-3888
-3419
-3431
-3207
-2998
-2456
-1949
-1725
-1274
-816
52
526
1232
1873
2776
3503
4053
4643
5086
5538
5609
5694
5634
5624
5519
5308
5112
4898
4922
4939
5014
5038
5204
5582
5829
6040
6141
6441
6660
6707
6616
6400
6264
5924
5425
4649
3883
3288
2626
1960
976
264
-867
-2264
-3651
-4605
-5131
-6610
-7892
-8849
-8431
-8488
-8808
-8687
-7679
-6151
-5461
-4027
-2583
-480
518
1511
2655
3763
4674
4624
4774
4267
4120
3722
3226
2142
803
136
-598
-1448
-3017
-4086
-4799
-5608
-6566
-7526
-7793
-8257
-8601
-8875
-8621
-8160
-7730
-7050
-6279
-5038
-3705
-2148
-926
167
1385
2719
3743
3995
3939
3939
3854
3213
2144
1160
390
-464
-1512
-2494
-3015
-3317
-3634
-4092
-4219
-3969
-3569
-3393
-3375
-3053
-2489
-1953
-1730
-1435
-851
-86
511
957
1564
2357
3136
3649
4041
4455
4875
5123
5120
5086
5106
5150
5019
4824
4752
4891
5029
5025
5084
5346
5786
6064
6243
6438
6785
7091
7150
7059
6811
6657
6232
5596
4689
3926
3281
2437
1542
519
-177
-1558
-2963
-4294
-4796
-5547
-6969
-8026
-8394
-7812
-8187
-8161
-7813
-6378
-5449
-4602
-3193
-1540
190
858
2107
3078
4331
4735
4909
4790
4347
4184
3710
3132
1681
674
-42
-731
-1973
-3447
-4233
-4999
-5793
-6838
-7273
-7467
-7777
-8026
-8005
-7432
-6983
-6362
-5806
-4917
-3824
-2491
-1236
-449
456
1513
2759
3113
3060
2970
3173
2929
2021
1225
628
271
-693
-1467
-2088
-2198
-2480
-2914
-3231
-3293
-2890
-2839
-2844
-2985
-2458
-1913
-1634
-1566
-1202
-345
202
600
960
1781
2478
2925
3243
3639
4068
4258
4396
4469
4572
4705
4816
4890
4857
5027
5349
5566
5625
5688
6179
6560
6855
6899
7356
7680
7841
7591
7454
7247
6711
5952
4998
4323
3240
2418
1219
278
-1506
-2893
-4110
-4698
-5813
-7236
-7907
-8030
-7646
-8222
-7853
-7238
-5862
-5440
-4594
-3165
-1458
-268
128
1258
2351
3552
3715
3825
3781
3814
3833
3391
2708
1614
984
364
-567
-1886
-3138
-3854
-4884
-5930
-6904
-7179
-7485
-7988
-8198
-7891
-7113
-6659
-6112
-5446
-4331
-3128
-1998
-1074
-384
429
1324
1995
2151
1940
1908
1797
1478
772
160
-276
-762
-1247
-1848
-2062
-2315
-2386
-2747
-2976
-3002
-2780
-2651
-2935
-2981
-2691
-2079
-1966
-1922
-1592
-821
-178
125
606
1277
2002
2314
2579
2912
3271
3492
3492
3623
3681
3960
4059
4229
4272
4529
4935
5140
5362
5440
6105
6459
6935
7081
7621
8057
8202
8254
7993
8012
7285
6785
5834
5171
4167
3059
1976
252
-1283
-3001
-3743
-4918
-6237
-7467
-7879
-7514
-7869
-7775
-7515
-6166
-5524
-4922
-3835
-2355
-885
-589
350
1205
2500
2842
3061
3236
3291
3593
3450
3401
2518
1999
1548
1041
-8
-1370
-2179
-3222
-4337
-5639
-6207
-6631
-7324
-7804
-7750
-6982
-6533
-5986
-5288
-4158
-2954
-1827
-755
-73
611
1247
1894
1968
1634
1398
1210
847
77
-398
-645
-887
-1339
-1622
-1469
-1372
-1387
-1600
-1509
-1474
-1427
-1590
-1759
-1889
-1951
-1844
-1854
-1747
-1610
-1140
-713
-261
214
810
1388
1708
2035
2299
2568
2598
2563
2654
2733
2912
2872
3061
3245
3630
3937
4165
4522
4891
5577
5919
6408
6734
7310
7710
7875
8051
8005
7945
7414
7021
6557
5949
5050
3885
2787
1127
-453
-2041
-3077
-4421
-5972
-6966
-7365
-7266
-7777
-7593
-7001
-5848
-5348
-4599
-3296
-1891
-942
-594
406
1314
2116
2143
2310
2478
2652
2807
2728
2504
1904
1619
1289
706
-302
-1345
-2158
-3283
-4412
-5455
-6085
-6854
-7605
-7872
-7633
-7116
-6770
-6120
-5218
-4012
-2820
-1760
-885
-188
560
1181
1416
1281
992
827
385
-159
-698
-937
-1177
-1543
-1673
-1624
-1324
-1362
-1303
-1311
-1157
-1186
-1337
-1538
-1775
-1852
-1981
-1974
-2036
-1843
-1553
-1151
-761
-251
397
940
1324
1632
2038
2322
2371
2279
2305
2444
2476
2412
2356
2564
2831
3109
3280
3544
4021
4542
5087
5421
5968
6391
6936
7185
7510
7615
7558
7386
7120
6996
6436
5952
5105
4303
2801
1361
22
-960
-2361
-4017
-5089
-5549
-5757
-6505
-6654
-6221
-5288
-4959
-4392
-3398
-2070
-1251
-802
-89
685
1328
1460
1630
1699
1842
2003
2121
1964
1569
1447
1429
1109
328
-425
-914
-1679
-2722
-3777
-4420
-5120
-5882
-6452
-6539
-6390
-6188
-5813
-5186
-4376
-3471
-2538
-1750
-1077
-448
268
543
634
487
579
358
58
-259
-410
-510
-772
-674
-674
-525
-741
-642
-662
-730
-1013
-1308
-1452
-1748
-1860
-2027
-1989
-2023
-1786
-1419
-1042
-683
-249
345
731
992
1281
1675
1855
1715
1632
1756
1945
1852
1671
1666
1945
2227
2386
2478
2776
3222
3678
4031
4375
4835
5213
5571
5765
6090
6127
6139
5949
5985
5853
5601
5271
4835
4094
2759
1733
922
250
-1386
-2779
-3532
-3539
-4136
-4973
-4986
-4218
-3465
-3444
-2796
-1693
-392
-46
250
831
1569
1914
1706
1566
1451
1618
1538
1185
621
339
434
124
-596
-1375
-1614
-2010
-3007
-4034
-4629
-4823
-5556
-6222
-6549
-6250
-5956
-5737
-5284
-4768
-3856
-3087
-2242
-1881
-1394
-780
-352
-353
-705
-500
-421
-483
-935
-881
-591
-453
-439
-447
-120
-86
-45
-280
-429
-662
-914
-1213
-1624
-1755
-1765
-1645
-1718
-1530
-991
-406
-82
145
685
1200
1434
1410
1585
1749
1685
1431
1396
1549
1565
1462
1440
1792
2103
2423
2574
2953
3345
3806
4180
4414
4662
4815
5129
5134
5095
4882
4813
4730
4543
4328
4096
4004
3658
2851
1786
1051
791
78
-1255
-2385
-2523
-2368
-3006
-3594
-3315
-2209
-1878
-1853
-1254
65
933
858
1017
1513
2129
1923
1585
1283
1226
1145
890
547
45
-71
-130
-346
-997
-1433
-1559
-1949
-2772
-3571
-3755
-4014
-4589
-5227
-5291
-5010
-4869
-4736
-4525
-3920
-3401
-2745
-2367
-1982
-1658
-1330
-1103
-1234
-1179
-1233
-1078
-1315
-1243
-1111
-871
-776
-684
-312
-238
-136
-268
-94
-274
-542
-791
-867
-928
-1197
-1187
-1096
-784
-590
-236
156
501
837
1094
1411
1533
1674
1716
1710
1603
1510
1570
1515
1399
1258
1462
1694
1893
2050
2342
2788
3143
3510
3760
4082
4266
4462
4525
4404
4212
3958
3838
3542
3202
2882
2711
2310
1368
397
-246
-443
-1033
-1967
-2559
-2464
-2227
-2494
-2447
-1792
-846
-502
-245
636
1738
2333
2195
2320
2641
2923
2723
2323
1984
1665
1561
1315
972
430
166
-84
-620
-1219
-1679
-2045
-2919
-3769
-4272
-4426
-4862
-5472
-5710
-5604
-5295
-5159
-4846
-4524
-4047
-3504
-2893
-2367
-2123
-1790
-1486
-1186
-1151
-1004
-824
-836
-933
-845
-520
-535
-730
-829
-712
-773
-1027
-1191
-1334
-1534
-1721
-1667
-1574
-1533
-1404
-1081
-650
-260
157
577
879
1117
1449
1878
2126
2173
2230
2435
2607
2576
2503
2449
2356
2171
2086
2058
2065
2017
2048
2238
2483
2773
2988
3290
3512
3818
3970
4007
3882
3622
3498
3200
2892
2346
1987
1372
371
-777
-1642
-1864
-2431
-3173
-3815
-3517
-3089
-3041
-2807
-2002
-797
-396
46
959
2291
2875
2743
2898
3335
3803
3616
3399
3111
2937
2799
2627
2284
1610
1125
618
-18
-902
-1536
-2120
-2965
-3917
-4404
-4425
-4639
-5060
-5294
-4932
-4524
-4226
-4130
-3874
-3537
-3135
-2690
-2448
-2217
-2043
-1556
-1276
-1026
-744
-332
-141
-277
-81
172
269
-265
-646
-841
-1027
-1478
-2053
-2337
-2622
-2661
-2703
-2463
-2239
-1841
-1347
-848
-280
185
744
980
1267
1576
2108
2409
2502
2713
3055
3448
3473
3553
3541
3570
3329
3118
2896
2662
2406
2101
2056
1968
2126
2160
2398
2515
2773
2964
3034
2977
2712
2658
2314
2052
1430
1020
193
-875
-1938
-2650
-2784
-3354
-3812
-4180
-3613
-3207
-2935
-2512
-1705
-805
-616
-69
666
1688
1851
1826
2104
2605
3104
3094
3244
3160
3303
3319
3328
3015
2449
2001
1300
537
-474
-1119
-1912
-2831
-3634
-3948
-3920
-4248
-4501
-4540
-4128
-3942
-3863
-3813
-3682
-3500
-3429
-3138
-2980
-2692
-2441
-1937
-1480
-1009
-441
-4
274
334
648
807
691
199
-203
-463
-879
-1380
-1904
-2167
-2463
-2596
-2595
-2435
-2221
-2044
-1731
-1470
-1139
-903
-668
-492
-301
160
641
1171
1563
2198
2851
3450
3910
4231
4604
4629
4654
4457
4416
4199
3847
3598
3393
3473
3347
3406
3354
3482
3547
3515
3465
3127
2911
2453
2154
1570
973
216
-906
-1962
-2972
-3248
-3657
-4122
-4539
-4344
-3666
-3339
-2875
-2315
-1362
-946
-555
76
917
1441
1329
1572
1927
2479
2573
2678
2768
2784
2851
2805
2778
2331
1873
1303
771
-16
-730
-1330
-1968
-2629
-3118
-3143
-3232
-3415
-3684
-3568
-3420
-3407
-3578
-3680
-3630
-3668
-3561
-3466
-3103
-2843
-2404
-1943
-1377
-789
-340
36
140
320
353
338
32
-355
-697
-1023
-1295
-1604
-1747
-1889
-1906
-1860
-1672
-1479
-1301
-1148
-1016
-947
-940
-956
-999
-1001
-939
-662
-328
137
619
1231
1844
2437
3005
3444
3837
4010
4186
4266
4381
4355
4298
4254
4276
4372
4426
4474
4467
4483
4395
4254
3973
3666
3227
2764
2187
1638
866
-217
-1348
-2232
-2606
-3085
-3527
-3921
-3732
-3407
-3071
-2624
-2057
-1456
-1228
-770
-237
462
759
919
1115
1374
1771
2050
2343
2287
2225
2188
2234
2048
1565
998
353
-254
-903
-1461
-2017
-2539
-2886
-3031
-3021
-2991
-2947
-2891
-2912
-2908
-2986
-3122
-3412
-3651
-3712
-3674
-3507
-3303
-2862
-2413
-1857
-1262
-623
-101
152
288
283
265
40
-259
-627
-1019
-1343
-1578
-1641
-1709
-1702
-1623
-1425
-1122
-818
-504
-331
-224
-181
-115
-89
-140
-147
-100
108
373
713
995
1306
1656
2042
2352
2546
2747
2885
3039
3116
3315
3422
3549
3632
3818
4102
4293
4524
4545
4654
4550
4511
4288
3993
3619
3033
2404
1305
293
-765
-1302
-1830
-2387
-2801
-2985
-2683
-2542
-2100
-1762
-1258
-1032
-800
-384
-4
437
519
738
800
1138
1540
1935
2124
2019
2072
2084
2108
1731
1193
517
-167
-784
-1447
-2039
-2632
-3001
-3228
-3332
-3334
-3269
-3127
-3088
-3048
-3066
-3136
-3300
-3533
-3639
-3709
-3604
-3403
-3058
-2693
-2310
-1786
-1256
-779
-549
-396
-365
-390
-519
-747
-978
-1301
-1585
-1830
-1924
-1962
-1972
-1909
-1768
-1492
-1155
-752
-393
-148
80
298
523
628
694
806
957
1190
1361
1577
1719
1916
2109
2283
2421
2446
2509
2476
2531
2547
2592
2551
2490
2525
2614
2814
2976
3137
3211
3278
3348
3393
3357
3210
2959
2511
1801
971
198
-294
-713
-1104
-1451
-1572
-1385
-1100
-688
-315
83
322
540
732
957
1190
1292
1325
1257
1349
1577
1868
1960
1903
1831
1778
1729
1494
1090
491
-125
-706
-1251
-1821
-2349
-2739
-3027
-3208
-3265
-3190
-3055
-3003
-2957
-2905
-2828
-2788
-2821
-2849
-2918
-2851
-2704
-2370
-2141
-1883
-1739
-1488
-1258
-1116
-1082
-1182
-1324
-1504
-1625
-1780
-1859
-2072
-2266
-2430
-2474
-2440
-2373
-2259
-2132
-1907
-1621
-1186
-824
-510
-278
-26
253
510
784
995
1185
1309
1521
1727
1936
2088
2216
2333
2416
2532
2612
2719
2734
2737
2687
2652
2628
2601
2609
2611
2665
2653
2642
2576
2491
2394
2215
1896
1350
641
-81
-670
-1025
-1277
-1406
-1495
-1394
-1102
-587
54
631
1112
1410
1713
1998
2388
2688
2910
2976
3020
3158
3346
3545
3557
3415
3089
2770
2353
1919
1317
599
-172
-930
-1522
-2014
-2318
-2676
-2846
-3050
-2994
-2898
-2717
-2573
-2572
-2499
-2563
-2383
-2357
-2105
-2053
-1796
-1696
-1435
-1254
-1120
-1036
-1158
-1265
-1520
-1671
-1926
-2047
-2314
-2474
-2685
-2821
-2926
-3037
-3106
-3239
-3267
-3297
-3140
-3007
-2710
-2453
-2129
-1816
-1494
-1124
-811
-475
-252
15
190
455
651
874
1022
1183
1361
1540
1761
1931
2128
2277
2454
2556
2662
2682
2701
2717
2728
2744
2706
2627
2470
2311
2129
1923
1564
1037
298
-465
-1140
-1555
-1790
-1887
-1941
-1867
-1591
-1114
-414
243
854
1230
1575
1901
2374
2836
3240
3512
3640
3826
4030
4323
4465
4445
4115
3715
3224
2761
2229
1589
852
36
-611
-1178
-1434
-1754
-1912
-2215
-2330
-2392
-2287
-2102
-2057
-1937
-2038
-1817
-1706
-1233
-996
-576
-399
-136
83
286
433
305
124
-306
-602
-988
-1204
-1516
-1813
-2187
-2528
-2767
-2993
-3165
-3411
-3620
-3875
-3934
-3899
-3685
-3437
-3132
-2824
-2510
-2137
-1781
-1369
-1074
-791
-641
-429
-256
-26
199
371
555
678
926
1137
1433
1625
1762
1814
1768
1818
1788
1897
1824
1839
1737
1709
1736
1706
1706
1352
975
255
-306
-950
-1301
-1588
-1763
-1790
-1770
-1412
-1048
-393
104
662
976
1312
1642
2012
2443
2779
3153
3374
3692
3964
4303
4534
4622
4521
4265
3929
3493
3021
2518
1927
1349
796
342
22
-276
-414
-678
-729
-990
-980
-1166
-1164
-1262
-1294
-1159
-1095
-661
-487
156
389
1000
1216
1628
1682
1673
1521
1159
886
363
104
-442
-728
-1254
-1548
-1987
-2334
-2741
-3158
-3521
-3963
-4178
-4438
-4414
-4470
-4264
-4137
-3863
-3612
-3283
-2923
-2601
-2214
-1967
-1591
-1393
-1057
-853
-557
-368
-124
113
308
541
659
794
780
798
725
682
610
500
441
330
284
182
72
-207
-603
-1133
-1747
-2281
-2719
-2920
-3014
-2894
-2699
-2286
-1777
-1137
-444
199
754
1157
1568
1915
2359
2771
3227
3602
3931
4237
4505
4760
4864
4864
4630
4298
3797
3278
2735
2209
1684
1151
730
301
77
-147
-154
-236
-182
-207
-169
-142
-115
-7
35
246
348
644
837
1204
1453
1802
2041
2243
2339
2340
2294
2132
1997
1775
1596
1312
1047
699
359
-44
-446
-858
-1287
-1686
-2084
-2363
-2593
-2694
-2749
-2726
-2728
-2729
-2702
-2685
-2603
-2548
-2431
-2384
-2273
-2198
-2042
-1831
-1603
-1318
-1088
-817
-661
-441
-313
-174
-91
-64
-56
-139
-158
-300
-329
-508
-644
-933
-1291
-1766
-2318
-2845
-3387
-3730
-4014
-4060
-4045
-3832
-3558
-3145
-2672
-2155
-1618
-1152
-684
-259
238
745
1354
1942
2527
3026
3450
3794
4046
4184
4191
4048
3770
3406
2987
2611
2221
1915
1549
1260
924
698
519
420
403
331
354
268
362
402
641
888
1221
1579
1889
2260
2519
2878
3066
3309
3353
3385
3291
3180
3073
2917
2812
2585
2397
2061
1777
1400
1084
725
394
80
-232
-443
-651
-712
-804
-823
-930
-1029
-1182
-1327
-1440
-1561
-1618
-1711
-1732
-1769
-1692
-1596
-1422
-1247
-1104
-984
-949
-924
-956
-958
-996
-1028
-1088
-1170
-1247
-1348
-1437
-1568
-1762
-2063
-2479
-2982
-3542
-4061
-4515
-4840
-5027
-5076
-4991
-4804
-4488
-4111
-3670
-3237
-2824
-2484
-2181
-1898
-1587
-1212
-793
-311
155
629
1037
1436
1730
1970
2066
2058
1921
1694
1453
1173
992
755
636
449
359
269
259
308
343
470
477
617
666
890
1112
1461
1832
2197
2597
2879
3226
3414
3664
3738
3818
3768
3705
3623
3525
3492
3395
3365
3211
3104
2881
2690
2437
2204
1970
1737
1571
1412
1372
1331
1389
1389
1413
1354
1270
1129
960
767
542
339
119
-21
-157
-191
-211
-166
-152
-132
-164
-221
-303
-425
-552
-734
-897
-1136
-1320
-1561
-1748
-1991
-2227
-2532
-2892
-3274
-3710
-4043
-4405
-4580
-4766
-4761
-4741
-4594
-4388
-4146
-3792
-3524
-3157
-2957
-2666
-2515
-2275
-2076
-1850
-1585
-1394
-1119
-995
-761
-711
-573
-596
-606
-711
-870
-991
-1202
-1253
-1425
-1400
-1496
-1413
-1390
-1248
-1056
-868
-554
-342
56
299
749
1071
1546
1922
2328
2703
2956
3276
3392
3643
3661
3812
3775
3810
3769
3719
3701
3602
3602
3461
3442
3268
3210
3041
2962
2830
2748
2700
2629
2661
2615
2705
2677
2763
2735
2768
2719
2657
2581
2449
2358
2192
2102
1931
1843
1669
1550
1364
1195
982
729
499
184
-84
-435
-724
-1078
-1381
-1714
-2028
-2347
-2675
-2973
-3300
-3558
-3831
-4002
-4156
-4211
-4235
-4187
-4084
-3947
-3758
-3574
-3344
-3143
-2920
-2740
-2558
-2412
-2290
-2192
-2138
-2122
-2161
-2232
-2372
-2532
-2730
-2931
-3126
-3308
-3439
-3533
-3559
-3529
-3432
-3267
-3043
-2768
-2458
-2113
-1765
-1400
-1038
-681
-335
-9
312
611
913
1176
1442
1665
1883
2066
2221
2348
2428
2506
2530
2576
2579
2623
2660
2741
2848
2971
3128
3276
3451
3574
3722
3803
3913
3961
4038
4072
4104
4139
4118
4131
4057
4026
3893
3787
3597
3411
3182
2932
2690
2409
2160
1839
1572
1214
902
510
155
-232
-591
-907
-1216
-1428
-1642
-1731
-1856
-1890
-1956
-1972
-2014
-2048
-2060
-2083
-2042
-2012
-1892
-1784
-1584
-1410
-1184
-999
-833
-710
-667
-668
-776
-902
-1119
-1334
-1606
-1859
-2134
-2396
-2648
-2902
-3125
-3359
-3550
-3753
-3896
-4033
-4104
-4130
-4092
-3983
-3812
-3564
-3271
-2912
-2536
-2127
-1721
-1305
-904
-529
-182
129
402
622
803
937
1038
1104
1137
1145
1140
1125
1101
1068
1044
1027
1013
1019
1039
1074
1124
1198
1292
1406
1530
1668
1826
2001
2185
2368
2555
2735
2890
3013
3106
3162
3182
3157
3096
3014
2899
2775
2632
2494
2355
2218
2079
1926
1763
1579
1392
1178
963
745
530
338
172
33
-86
-182
-261
-311
-354
-377
-396
-401
-394
-381
-367
-346
-307
-272
-237
-204
-186
-188
-208
-252
-322
-411
-522
-652
-792
-947
-1108
-1270
-1437
-1590
-1744
-1888
-2014
-2126
-2215
-2281
-2320
-2331
-2310
-2253
-2161
-2045
-1901
-1734
-1563
-1382
-1194
-1011
-833
-666
-502
-359
-235
-118
-35
34
85
113
117
94
67
29
-23
-76
-124
-168
-207
-233
-247
-250
-253
-239
-232
-227
-221
-227
-225
-228
-224
-214
-199
-182
-180
-180
-188
-205
-224
-251
-278
-298
-315
-320
-302
-258
-185
-86
35
173
318
467
616
756
876
978
1065
1137
1192
1239
1269
1279
1281
1270
1238
1203
1157
1106
1050
984
909
830
763
704
658
631
616
616
636
670
716
777
841
906
977
1038
1088
1129
1162
1186
1198
1197
1185
1159
1124
1078
1021
949
866
779
688
584
471
352
229
109
-6
-113
-211
-305
-387
-449
-512
-561
-593
-624
-646
-674
-708
-746
-793
-846
-904
-974
-1050
-1124
-1201
-1278
-1355
-1432
-1505
-1577
-1648
-1717
-1787
-1850
-1908
-1961
-1994
-2012
-2010
-1996
-1967
-1920
-1863
-1797
-1720
-1630
-1536
-1437
-1332
-1222
-1109
-994
-872
-746
-618
-492
-377
-269
-172
-92
-24
29
72
107
135
163
191
220
262
319
392
482
589
725
875
1033
1216
1407
1612
1831
2046
2260
2478
2690
2881
3050
3196
3321
3411
3461
3476
3449
3385
3285
3150
2986
2793
2579
2353
2114
1867
1613
1355
1112
876
650
446
254
81
-72
-205
-323
-417
-505
-581
-645
-715
-770
-830
-888
-949
-1027
-1110
-1197
-1295
-1405
-1517
-1632
-1745
-1856
-1969
-2067
-2152
-2226
-2287
-2335
-2356
-2363
-2359
-2332
-2296
-2245
-2186
-2118
-2042
-1960
-1891
-1820
-1752
-1699
-1644
-1606
-1577
-1546
-1533
-1523
-1503
-1486
-1461
-1427
-1396
-1342
-1275
-1202
-1106
-1001
-887
-763
-630
-486
-333
-178
-27
125
275
431
585
722
861
996
1122
1253
1376
1500
1620
1743
1866
1984
2108
2225
2332
2442
2542
2626
2695
2753
2790
2810
2799
2767
2711
2628
2527
2399
2252
2090
1908
1720
1529
1329
1135
945
762
592
429
282
153
33
-68
-154
-224
-278
-324
-359
-386
-400
-407
-409
-408
-403
-395
-390
-384
-388
-393
-407
-430
-455
-490
-532
-588
-654
-724
-811
-901
-990
-1088
-1186
-1281
-1374
-1456
-1529
-1597
-1641
-1674
-1688
-1680
-1667
-1630
-1576
-1511
-1425
-1334
-1238
-1132
-1020
-910
-803
-694
-595
-505
-419
-348
-285
-237
-192
-158
-139
-121
-118
-119
-123
-128
-130
-137
-142
-138
-128
-115
-84
-47
-6
50
110
186
263
346
432
511
593
676
749
807
856
891
916
931
923
906
880
836
795
742
679
610
544
488
428
377
332
295
272
259
259
263
280
312
354
393
429
477
529
573
613
652
677
696
710
718
715
703
687
663
637
605
569
532
497
461
423
390
362
337
315
289
273
261
243
228
211
197
179
157
133
108
76
39
-3
-44
-89
-140
-182
-229
-274
-325
-377
-421
-469
-509
-554
-598
-634
-673
-714
-755
-794
-832
-878
-921
-956
-1001
-1036
-1072
-1109
-1140
-1172
-1190
-1204
-1212
-1211
-1209
-1191
-1162
-1124
-1091
-1040
-988
-935
-876
-820
-758
-705
-649
-601
-557
-515
-481
-449
-428
-411
-395
-374
-353
-334
-307
-281
-247
-204
-156
-97
-32
35
110
190
272
358
445
530
615
694
772
846
913
986
1048
1102
1155
1204
1250
1296
1339
1371
1404
1430
1453
1473
1490
1494
1487
1481
1461
1432
1393
1346
1290
1230
1157
1079
996
907
820
728
637
544
450
373
291
212
147
88
38
-9
-50
-84
-113
-138
-160
-172
-191
-208
-223
-244
-265
-290
-320
-357
-400
-449
-499
-557
-624
-686
-747
-808
-869
-932
-987
-1039
-1088
-1128
-1160
-1183
-1205
-1217
-1217
-1214
-1208
-1197
-1175
-1156
-1130
-1098
-1071
-1037
-995
-957
-922
-884
-833
-782
-736
-683
-625
-565
-500
-425
-351
-276
-203
-121
-39
30
112
189
262
323
385
450
502
540
584
618
642
670
697
718
738
761
777
791
802
816
830
837
845
851
853
852
846
839
831
818
798
778
753
729
699
669
643
607
576
550
522
490
459
432
405
378
354
336
306
276
259
234
211
183
162
138
107
81
50
18
-12
-35
-63
-105
-138
-171
-204
-250
-290
-321
-366
-401
-439
-482
-522
-554
-583
-622
-654
-677
-698
-722
-741
-744
-753
-759
-754
-755
-749
-740
-723
-706
-688
-664
-637
-610
-588
-551
-522
-495
-462
-435
-398
-373
-345
-306
-284
-256
-224
-196
-173
-146
-116
-94
-67
-46
-18
10
30
57
74
98
124
144
168
189
218
234
247
268
283
301
318
334
346
352
366
372
373
381
376
378
379
372
364
358
359
354
348
342
335
328
324
327
320
319
318
315
318
318
316
318
323
332
326
322
332
328
323
317
311
301
284
274
250
223
204
186
151
121
98
62
30
2
-28
-59
-91
-116
-145
-173
-196
-216
-231
-246
-250
-258
-268
-266
-275
-274
-267
-264
-255
-254
-243
-234
-230
-219
-208
-202
-203
-193
-191
-198
-193
-201
-208
-216
-220
-226
-237
-237
-243
-254
-264
-263
-260
-267
-262
-256
-249
-244
-232
-214
-205
-182
-160
-147
-124
-100
-75
-60
-41
-14
2
12
37
51
59
70
83
90
94
104
112
110
112
111
105
108
115
115
114
124
120
118
129
134
140
143
150
155
157
172
178
183
187
198
205
204
212
221
223
225
229
234
230
229
230
235
232
223
218
212
202
191
179
168
157
142
121
104
93
71
53
37
22
1
-17
-31
-52
-61
-70
-81
-101
-114
-118
-125
-128
-131
-140
-145
-145
-149
-153
-155
-156
-163
-167
-167
-168
-175
-175
-167
-179
-186
-191
-198
-200
-203
-206
-207
-211
-213
-206
-207
-208
-211
-208
-201
-199
-188
-182
-173
-163
-147
-139
-131
-118
-106
-88
-77
-67
-54
-39
-20
-7
2
8
23
32
38
49
61
75
80
81
91
105
112
119
124
133
140
143
147
153
164
169
173
179
183
194
193
194
199
201
202
195
194
197
194
188
180
172
172
160
148
136
124
114
97
84
76
63
49
33
23
14
3
-11
-22
-31
-35
-41
-52
-56
-55
-56
-62
-67
-66
-67
-72
-73
-70
-70
-71
-73
-72
-75
-76
-76
-77
-83
-90
-92
-97
-99
-103
-112
-117
-121
-122
-129
-134
-134
-132
-131
-132
-128
-124
-122
-122
-114
-103
-100
-97
-89
-76
-63
-51
-49
-37
-23
-11
-3
2
12
18
34
45
50
61
66
70
74
74
79
83
83
83
87
87
84
83
82
82
80
80
77
76
73
70
67
69
65
61
64
57
58
57
50
44
42
45
39
35
34
29
24
23
24
23
17
8
6
-2
1
4
-5
-4
-4
-8
-11
-12
-17
-20
-20
-25
-23
-25
-26
-26
-29
-27
-23
-28
-34
-31
-33
-35
-35
-36
-33
-31
-31
-28
-32
-33
-33
-33
-35
-32
-30
-27
-19
-25
-25
-21
-22
-22
-21
-21
-19
-19
-18
-12
-11
-7
-7
-6
-6
-5
-5
-6
1
3
4
9
10
12
9
9
13
12
11
11
9
8
15
14
16
15
15
18
13
11
10
7
6
1
6
8
3
6
3
4
4
-4
-9
-6
-11
-11
-4
-3
-5
-6
-10
-5
-11
-15
-12
-14
-13
-12
-7
-8
-3
-2
-6
-5
-11
-11
-9
-7
0
0
1
7
4
2
2
3
-1
-5
-5
2
1
2
5
9
11
10
6
3
6
5
5
7
11
12
13
13
14
12
15
15
13
12
9
11
9
9
9
8
11
8
4
5
3
5
8
0
-2
-3
-2
0
0
-3
-4
-4
-8
-9
-9
-11
-9
-7
-10
-8
-9
-9
-8
-12
-12
-10
-11
-14
-14
-12
-10
-6
-12
-12
-11
-11
-10
-12
-9
-7
-7
-9
-5
-7
-9
-8
-10
-15
-10
-3
-4
-1
0
2
4
8
7
