-23
19
7
-26
15
16
-25
7
18
-25
2
22
-21
-5
25
-16
-12
24
-9
-16
22
-3
-20
19
2
-21
13
10
-21
9
14
-19
4
16
-17
-2
18
-12
-6
19
-9
-11
17
-3
-13
15
2
-13
11
3
-15
7
9
-13
1
9
-9
-1
10
-7
-3
9
-5
-4
8
-5
-7
6
-2
-4
5
-3
-4
7
-3
-4
8
-4
-4
11
-6
-6
16
-7
-9
17
-7
-11
20
-5
-14
20
-3
-18
19
-3
-17
18
-1
-14
19
-3
-14
18
-4
-12
18
-8
-13
21
-8
-11
21
-10
-13
22
-10
-15
22
-8
-15
20
-4
-15
20
-2
-17
16
-1
-14
11
-3
-10
10
-4
-6
10
-2
-3
9
-6
-2
7
-7
2
5
-9
2
1
-8
3
2
-8
6
4
-11
3
7
-11
5
9
-13
1
15
-15
-6
19
-10
-8
16
-9
-12
21
-1
-21
16
6
-22
14
8
-22
16
10
-25
11
18
-16
-2
13
-4
-7
10
2
-11
7
13
-21
-5
31
-15
-23
30
-3
-23
26
-2
-32
30
16
-43
16
23
-32
14
10
-29
25
8
-34
22
4
-25
33
-5
-36
42
1
-45
38
9
-45
33
18
-48
20
29
-41
11
28
-41
8
26
-30
12
13
-27
21
1
-33
33
5
-37
39
3
-51
40
17
-58
30
32
-53
13
41
-46
-7
51
-25
-25
38
-8
-21
27
-5
-20
17
5
-11
-6
-4
20
4
-39
25
22
-55
33
21
-74
37
45
-93
12
70
-77
-9
70
-69
-13
65
-67
-15
54
-39
-19
26
-23
-5
11
-33
13
3
-25
15
-17
-13
29
-32
-20
44
-36
-9
28
-52
-4
47
-68
-18
68
-77
-12
52
-79
-22
71
-66
-61
81
-47
-69
73
-30
-84
83
-3
-93
66
18
-87
37
49
-94
28
59
-87
8
58
-69
-11
47
-58
-18
32
-24
-22
-5
7
-42
-9
44
-62
9
44
-66
-9
55
-66
-8
86
-94
0
87
-97
-12
87
-64
-14
75
-32
-65
99
-25
-68
116
-23
-48
67
-13
-62
101
-22
-35
80
-32
11
1
25
25
-50
68
18
-120
95
68
-184
92
88
-200
22
151
-195
-45
232
-223
-77
207
-147
-81
134
-18
-148
105
7
-142
77
31
-64
-25
66
-15
-65
38
64
-83
41
99
-92
25
96
-43
0
132
10
0
93
2
56
40
65
85
-13
104
28
-17
120
66
-49
174
51
-86
210
53
-80
207
151
-148
188
199
-146
89
326
-130
7
413
-206
20
320
-99
-12
228
-13
-94
168
-39
-40
47
-4
-79
-18
-1
-128
-19
-55
-127
-67
-90
-116
-97
-111
-85
-155
-105
-100
-101
-178
-79
22
-294
-32
67
-316
-72
141
-272
-143
192
-205
-220
136
-42
-301
103
56
-305
49
46
-163
-114
124
-78
-168
192
-115
5
0
35
98
-96
171
149
-141
157
347
-358
341
341
-342
372
311
-211
153
442
-230
55
477
-132
-54
390
15
-214
326
66
-201
207
73
-68
-26
114
-1
-172
101
69
-192
-25
170
-294
-92
151
-310
-99
73
-291
-159
5
-291
-204
-118
-277
-285
-111
-281
-352
-106
-335
-328
-203
-249
-311
-270
-155
-351
-249
-153
-81
-384
-201
228
-530
-180
469
-386
-395
776
-253
-591
1027
14
-639
924
518
-809
799
827
-740
502
1055
-411
68
1398
-329
31
1271
-115
134
866
417
-32
706
506
131
535
430
365
456
311
631
371
155
924
155
275
765
322
236
646
424
43
597
291
69
398
203
0
266
81
-190
137
-166
-288
-129
-381
-470
-286
-567
-710
-488
-785
-846
-774
-975
-1021
-883
-1070
-1110
-941
-1114
-1086
-1028
-1018
-1051
-858
-859
-865
-721
-707
-569
-692
-327
-408
-409
-260
-163
-74
-327
2
237
-376
35
655
-548
-19
1108
-693
-148
1193
-235
-522
1311
333
-1158
1785
327
-873
1398
674
-270
655
1355
-146
370
1617
182
252
1431
820
168
1099
1296
218
972
1457
396
606
1661
674
422
1708
1000
229
1549
1068
223
1739
1021
519
1465
1102
541
1112
987
206
761
673
90
595
591
-73
121
48
-575
-553
-354
-749
-902
-649
-944
-1212
-1154
-1340
-1648
-1592
-1497
-1605
-1590
-1334
-1466
-1632
-1439
-1441
-1494
-1284
-1111
-1064
-991
-805
-769
-748
-709
-585
-681
-497
-398
-474
-230
-484
-288
-515
-445
-626
-341
-490
-622
-173
-690
-371
-709
-351
-536
-719
-38
-282
-644
152
-161
-394
-7
315
-123
310
678
183
772
230
1150
280
949
1058
1168
716
933
2257
-223
1398
2171
103
1248
2282
477
810
2320
609
178
2182
823
380
1750
1285
184
1267
1113
290
992
761
760
867
1090
926
762
740
665
171
-100
486
841
447
678
361
-64
32
-614
-868
-642
-504
-723
-697
-733
-1028
-1170
-1759
-2145
-1903
-1607
-1523
-1255
-1210
-1562
-1543
-1704
-1811
-1498
-1062
-964
-704
-248
-460
-322
-403
-471
-418
-14
331
364
560
446
198
133
156
214
251
299
267
84
-10
-2
-322
-410
-244
-448
-316
-339
-485
-555
-853
-637
-784
-707
-547
-457
-719
-683
-312
-762
-673
-156
-331
-285
210
114
-82
416
-182
377
694
51
1243
606
522
1049
597
326
826
1086
-320
1239
1388
-504
986
1211
-797
361
1428
-396
-248
2163
-400
-748
2162
-56
-795
1539
1025
-1030
1298
1879
-741
1205
2072
-267
664
2352
541
290
2536
939
896
2209
1650
1257
1664
1604
622
1083
1417
1308
1471
1550
923
722
706
-14
-239
72
36
-276
-247
-326
-855
-1020
-1645
-2151
-1662
-1467
-1507
-1180
-1216
-1728
-1697
-1766
-1865
-1422
-964
-881
-618
-299
-408
-279
-455
-424
-243
59
493
538
494
401
157
-122
-92
-12
-69
-41
8
-371
-417
-511
-1064
-1128
-1087
-1252
-1097
-931
-1261
-1580
-1377
-1761
-1990
-1523
-1589
-1791
-1466
-1436
-1717
-1571
-1499
-1701
-1454
-1051
-1151
-760
-633
-809
-870
-618
-136
-533
91
267
597
-120
331
1064
-219
-222
1772
532
-885
2976
269
-600
1778
802
-603
811
2353
-1124
1531
2226
-638
1556
1274
184
1384
1834
674
1866
2223
586
1772
2169
1159
2009
2585
1401
2265
2747
1447
2087
2606
1674
2386
2861
2117
2550
2182
1414
1561
1658
1345
2011
2103
1198
1332
870
306
-50
-281
-288
-150
-324
-765
-577
-1277
-1829
-2107
-2444
-2163
-1887
-1790
-1905
-1743
-2055
-2309
-2337
-2220
-1840
-1470
-1230
-917
-599
-1000
-939
-975
-1107
-665
-248
-67
5
-41
-369
-656
-744
-872
-924
-429
-591
-703
-357
-838
-1269
-1310
-1353
-1644
-1294
-1018
-1463
-1442
-1509
-1833
-1847
-1607
-1796
-1652
-1458
-1778
-1648
-1737
-1736
-1524
-1587
-1255
-835
-737
-994
-461
-657
-734
-136
193
82
718
1500
-29
1576
1579
152
1940
1670
872
2724
1562
1911
2156
949
2223
1301
1648
1674
2421
1031
1232
2436
577
1025
2524
1023
780
2772
1099
921
2149
1558
551
2368
1661
1171
2589
1584
1614
1748
1833
1382
1940
2245
1446
2189
2078
1727
2049
2032
1358
1424
1619
521
1292
1809
922
1016
1095
-12
-178
-221
-868
-815
-552
-1048
-1496
-1187
-2002
-2419
-2498
-2979
-2823
-2564
-2559
-2491
-2356
-2708
-2653
-2662
-2699
-1963
-1752
-1521
-1063
-901
-958
-872
-887
-757
-315
-80
236
281
131
-118
-379
-538
-352
-54
-404
-172
-82
-601
-702
-704
-1226
-1157
-802
-1432
-778
-948
-1642
-1428
-1744
-2107
-1463
-1402
-2003
-1146
-1581
-2122
-1683
-1720
-1999
-1422
-977
-1278
-589
-380
-1088
-407
-751
-364
591
41
772
1687
724
334
2825
20
1261
3038
455
2227
2826
1836
761
3585
968
-196
4608
534
15
4285
798
-723
2983
1297
-790
2309
2180
-637
1656
2259
-590
1134
1597
494
1339
1433
1415
1257
1140
1512
889
1068
1916
1372
1523
1830
1783
1531
1528
2045
1406
1753
1689
944
1344
1366
1415
1359
1214
738
662
-88
-191
-215
-811
-437
-954
-1396
-1400
-1530
-2326
-2680
-2592
-2945
-2870
-2482
-2612
-2707
-2637
-2977
-2834
-2527
-2357
-1876
-1589
-1584
-1027
-861
-1135
-789
-583
-587
-193
268
74
-132
29
-409
-392
-26
0
-294
-214
-10
-576
-615
-317
-646
-979
-382
-505
-1068
-722
-931
-1758
-1328
-924
-1458
-1311
-992
-1619
-1762
-1433
-1599
-1800
-1276
-906
-1289
-804
-300
-957
-1007
-167
-428
-31
723
992
525
1025
1665
274
1422
2438
1011
1786
3429
1077
2129
2910
832
2681
1663
2234
2283
1421
2291
989
1844
903
1375
1877
340
2047
1046
208
1718
672
421
970
1220
734
731
1457
148
704
1437
95
878
1586
588
911
1095
1057
879
1082
1127
1011
1655
1474
1141
1823
1138
757
1178
600
1102
1365
895
547
842
-204
-790
-289
-1084
-1200
-817
-1233
-1872
-1665
-2109
-2923
-2821
-2931
-2909
-2874
-2621
-2375
-2724
-2660
-2378
-2471
-2419
-1631
-1315
-1370
-666
-244
-645
-263
-47
-309
120
525
372
493
724
234
260
219
405
3
-6
453
-39
114
-54
-65
-142
-644
24
-232
-844
-380
-1001
-1210
-910
-790
-1155
-1063
-921
-1695
-1468
-1301
-1537
-1402
-1049
-799
-987
-554
-517
-888
-948
-290
112
-279
520
1613
385
-741
3077
-439
-329
3477
-90
1694
1831
1682
753
926
2268
-454
1505
2601
-302
967
2234
-422
-88
1627
406
-61
1085
1464
-602
257
1651
-422
-564
2386
207
-514
2288
-41
218
562
576
748
630
1432
537
1276
1033
597
1203
833
1481
1585
1337
1658
2101
1329
910
1735
1215
296
1607
1572
658
1299
694
-322
-375
-206
-1181
-717
-259
-1242
-1419
-1256
-1943
-2652
-2006
-2379
-2566
-1888
-1993
-1996
-2067
-1841
-1830
-2059
-1592
-661
-1034
-904
160
-209
-475
40
366
-105
137
944
355
530
937
215
-79
559
113
66
561
266
-50
39
-229
-623
-123
-175
-548
-56
-123
-940
-1038
-1405
-1240
-1300
-1020
-474
-1189
-1084
-975
-1994
-1880
-1135
-958
-1603
-378
149
-1328
-847
-649
-742
-715
-428
144
898
227
-560
1869
-392
-737
1666
1161
-761
2013
2646
-1962
1996
2236
-2461
2232
2053
-1572
2376
1505
-1846
1117
1756
-2180
856
2533
-1349
-461
3171
-1184
-2023
3583
-949
-1021
2407
621
30
348
1563
114
-70
1538
996
531
1663
1232
1162
799
1577
1753
600
2077
2211
1434
1592
1946
1920
1428
1437
2112
1364
997
1320
1105
950
637
578
156
-183
-179
-769
-778
-625
-1479
-1401
-1227
-2016
-1849
-1677
-2200
-2258
-1583
-1809
-2322
-1175
-1103
-1959
-1007
-442
-1020
-620
47
-72
76
432
340
461
445
219
772
557
342
912
237
-40
437
-11
-176
117
-5
-485
-354
-244
-942
-604
-527
-1134
-773
-667
-1307
-1378
-1471
-1725
-1571
-1261
-1084
-1694
-1056
-1463
-2029
-1386
-1301
-1347
-1047
-931
-506
-826
-1046
-861
-224
-1198
-257
386
-231
44
279
304
-1223
2017
-596
-333
2793
-597
73
2154
291
-1660
3022
4
-1322
2982
400
-1388
1992
109
-1436
1935
364
-1000
1499
740
-906
754
754
-107
104
1406
453
666
1135
662
1320
-139
2084
2024
-371
2701
2266
169
1932
2723
881
2121
2924
1353
2460
2549
1735
1866
2477
2208
2132
1864
1879
1849
626
1350
1769
739
693
1206
229
-484
-53
-567
-1084
-479
-1141
-1202
-1056
-1668
-1863
-1815
-1860
-1768
-1606
-1665
-1217
-1135
-1498
-1115
-994
-906
-610
-353
-16
-213
111
-192
-538
110
218
-601
173
188
-608
-238
-520
-872
-993
-159
-1333
-1004
-386
-1613
-1213
-1525
-1740
-1170
-1647
-1617
-1473
-1609
-1827
-2111
-2063
-2197
-1492
-1851
-1882
-1356
-1725
-1966
-1948
-1835
-1607
-1196
-870
-1407
-764
-637
-1678
-398
-920
-1160
1196
-240
-1212
1581
-109
-587
25
1494
440
-112
2721
-657
1170
1193
-199
1191
1041
241
1648
1303
-652
1638
988
-284
104
2671
-150
88
2831
-588
572
1544
1049
127
2556
1604
260
2775
1203
997
1978
2588
964
2702
2673
1352
2556
2471
1768
2292
3057
1945
2850
2605
2277
2464
2264
2096
2276
2224
1699
1721
1277
1359
1524
983
408
726
83
-612
-526
-842
-607
-1311
-1584
-1293
-1859
-2187
-2147
-2067
-2639
-1975
-1635
-2382
-1534
-1513
-2027
-1473
-1128
-1272
-568
-476
-702
-265
-268
-565
-341
-13
-423
-91
-390
-55
-131
-1088
-874
-480
-1020
-1180
-306
-1054
-1448
-1253
-1354
-2001
-1140
-1361
-2318
-704
-1536
-2012
-1310
-2103
-2726
-1911
-1655
-1840
-1132
-1030
-2100
-1876
-1787
-2107
-1127
-879
-850
-558
-530
-813
-966
-869
-196
-727
206
1126
-407
305
451
-199
-154
1480
657
870
1783
-63
1043
765
242
1499
1161
664
1861
1266
-319
1202
1113
-573
1279
1912
181
1111
1546
353
506
1518
1106
1174
1699
1617
2084
986
1886
2349
846
2165
3093
1592
2256
3444
1311
1641
3190
2163
2171
3232
2431
1897
2672
1980
2024
2448
1850
1972
1344
1071
1769
1235
507
952
597
-559
-287
-353
-1299
-694
-700
-1961
-1843
-1547
-2322
-2714
-2214
-2006
-2291
-2237
-1672
-1839
-1958
-1621
-1387
-1201
-678
-185
-535
-277
300
-117
-50
485
365
-123
280
660
-276
69
14
-931
-537
-142
-667
-909
-495
-1235
-1637
-1253
-1592
-1798
-1425
-1712
-1709
-1522
-2051
-2527
-2909
-3311
-2846
-2149
-2277
-2048
-2174
-3179
-3177
-2699
-2868
-2105
-1328
-1500
-1679
-1152
-1473
-1895
-1029
-870
-431
225
154
-103
267
5
47
443
1627
1274
600
1406
628
916
897
587
2239
1642
450
1770
1032
121
771
848
814
1053
1957
1136
745
1219
285
1238
919
1563
2638
1321
1687
2083
1354
1193
2557
2405
2148
3274
2719
1643
2467
2397
2251
3304
3147
2779
2628
2411
2194
2592
2217
2436
2499
1120
1477
2199
1084
671
1021
246
-86
-152
-449
-799
-773
-1316
-1961
-1479
-1724
-2379
-2365
-2400
-2340
-2322
-2296
-1882
-2084
-1899
-1499
-1486
-1043
-586
-781
-653
82
484
156
448
833
255
485
906
672
324
350
-169
-74
150
68
-328
-646
-308
-1115
-963
-1309
-1139
-1216
-2008
-1295
-1625
-2004
-1948
-2302
-3185
-3464
-2907
-2838
-2932
-2616
-2718
-3342
-3238
-2934
-3128
-2754
-1861
-1698
-1907
-1191
-1208
-1456
-1243
-583
-1
-193
456
647
933
296
702
1201
1587
1329
1017
2332
1715
1236
578
2224
1722
1382
1576
1363
1506
406
1546
-178
917
1776
1290
803
662
2197
16
502
2282
1609
1381
1637
2347
2178
1457
2494
2188
2052
3071
2433
2917
2880
2877
2496
2262
3673
2369
1896
3037
3472
2884
2158
1285
703
1164
1447
1705
1550
1354
342
-666
-1295
-1040
-694
-828
-870
-1647
-2093
-2452
-2750
-2976
-2629
-2239
-2531
-2253
-2160
-2439
-2583
-2301
-1845
-1085
-457
-456
-328
-502
-199
450
540
910
1186
1037
1209
1319
935
572
270
324
535
408
297
-90
-782
-1301
-1089
-978
-1181
-1241
-1596
-1794
-2007
-2300
-2558
-2412
-2527
-3617
-3886
-3652
-3300
-3395
-3894
-3659
-3881
-4027
-4213
-3731
-3144
-3125
-2462
-2368
-2189
-1806
-1781
-1376
-516
-158
361
587
566
886
1255
1193
1814
2405
1890
2316
2251
2139
1796
1862
2408
2554
1544
1752
1295
1321
1122
379
1069
457
1737
357
288
1273
560
470
577
1357
1850
1409
1133
2031
1610
2345
2583
2609
2916
3387
3697
2581
3302
3475
3396
4061
4135
3933
3859
3802
2742
1369
732
1972
3611
3085
1531
439
-446
-929
-1735
-1496
-10
-143
-1927
-3310
-3267
-3374
-3714
-3449
-2808
-2321
-2845
-3678
-3468
-2938
-2928
-2427
-1243
-501
-304
-925
-881
-71
641
1283
1733
2345
2039
1426
1429
1971
2127
1691
1356
1716
1781
912
225
-103
-40
-549
-929
-622
-998
-1761
-2642
-2649
-2284
-2822
-3062
-3569
-4284
-4914
-5017
-4629
-4393
-4616
-5182
-5167
-5145
-5025
-5027
-4398
-3726
-3600
-3197
-2960
-2507
-1971
-1441
-626
362
892
1014
1258
1692
2349
2797
3297
3756
3789
3256
2984
3344
3451
3740
3225
2719
3092
1891
1495
1875
1023
1341
1010
529
565
234
-16
-237
608
661
446
923
1097
1032
1538
2282
2732
2792
3340
4013
3671
3633
4240
4790
5047
5554
5182
5181
5667
4944
3000
1479
2098
3645
4737
3368
1256
149
-528
-1664
-2116
-804
-230
-1332
-3384
-4303
-4556
-4600
-4546
-4266
-3492
-3688
-4500
-4870
-4429
-3894
-3456
-2501
-1369
-906
-1287
-1689
-1212
147
1242
1720
2161
1972
1498
1340
1848
2634
2542
1819
1690
2001
1665
780
191
297
138
-381
-580
-722
-1570
-2530
-2741
-2307
-2329
-2759
-3417
-4173
-4672
-5422
-5424
-4942
-4267
-4718
-5455
-5440
-5561
-5492
-5324
-4422
-3756
-3300
-3238
-3267
-2758
-2157
-1335
-451
477
1029
1160
966
1654
2598
3139
3825
3912
3935
3558
3185
3600
4006
3987
3768
3435
2738
2167
1574
1425
1488
1468
1044
547
345
-557
-277
175
84
510
562
599
770
1318
1574
1835
2560
3170
3522
3587
3405
3584
4266
4741
5275
5072
4998
5146
4619
2918
877
1205
2960
4305
2875
547
-247
-696
-1911
-3216
-1913
-326
-1115
-3506
-5048
-4917
-4752
-5020
-4634
-3483
-3475
-4861
-5550
-4577
-3579
-3396
-2837
-1635
-653
-1045
-1933
-1389
239
1599
1981
2244
2341
1825
1241
1889
3322
3691
2498
1709
2241
2324
1506
775
1004
1051
351
-359
-370
-718
-1685
-2337
-1867
-1100
-1860
-3020
-3717
-3996
-4825
-5194
-4251
-3266
-3413
-4832
-5667
-5516
-4714
-4070
-3664
-2922
-2555
-2803
-3301
-2748
-1494
-642
-146
423
855
624
483
1144
2721
3573
3525
3302
3291
3331
3198
3536
4121
4512
3857
2957
2566
2154
1707
1701
2070
1906
1045
-1
-195
333
823
702
408
827
920
826
1319
2271
2651
2797
3557
4078
4260
4291
3959
4463
5713
6547
6413
5842
5561
4554
3287
1986
2503
3871
4314
3017
335
-1116
-1781
-1710
-2337
-2085
-1289
-2307
-4512
-6413
-6120
-5162
-4667
-4859
-4854
-5080
-6043
-6437
-5508
-3763
-3064
-2955
-2840
-2345
-2053
-2219
-1384
133
1417
1760
1449
1071
1011
1336
2011
2881
3263
2406
983
718
1336
1491
1052
473
-91
-638
-1357
-1556
-1510
-1711
-2339
-2615
-2466
-2912
-3748
-4202
-4023
-4463
-4852
-5001
-4197
-4093
-4692
-4666
-4797
-4095
-3843
-3373
-3000
-2298
-1698
-1782
-1414
-744
88
367
1087
1371
1659
1802
2133
3141
3542
3730
3180
3311
3918
4138
4108
3899
3924
3509
3046
2928
2912
2451
2109
1949
1748
1246
303
300
801
1222
1216
677
530
681
954
1613
2386
2675
2396
2718
3607
3651
3839
4052
4249
4873
5406
5592
5302
4852
3601
2068
1472
2427
3592
3566
1595
-962
-1912
-1983
-1983
-2424
-2284
-2015
-3277
-5468
-6736
-5996
-4702
-4252
-4689
-5035
-5404
-5985
-6010
-4666
-2677
-2294
-2748
-2853
-2119
-1385
-1304
-645
760
1854
1520
826
853
1285
1668
2261
2644
2341
1400
301
476
1394
1568
791
-172
-1013
-1474
-1534
-1356
-1479
-1878
-2437
-2892
-2956
-3180
-3531
-3628
-3303
-4150
-4770
-4969
-3969
-3154
-3925
-3733
-3993
-3240
-3163
-3268
-2250
-1337
-455
-810
-740
-81
533
880
1737
2276
2565
2474
2326
3490
3707
3758
3498
3663
4378
4130
4006
3613
3514
3426
3079
3016
2979
2512
2103
1902
1400
1312
885
779
1083
1269
1652
1231
1055
962
1492
2573
2582
2835
3058
3141
3366
3725
3991
4093
4518
4933
5376
5473
5153
3712
2159
1512
2115
3627
3715
2309
-112
-1827
-2219
-2072
-1806
-1831
-2278
-3577
-5092
-6294
-6308
-5303
-4454
-4547
-5346
-5897
-6359
-6070
-4854
-3569
-2705
-2776
-3106
-2934
-2121
-1202
-447
480
1120
1120
660
465
976
2007
2594
2411
1860
921
449
575
1297
1670
1104
38
-1183
-1687
-1752
-1482
-1233
-1497
-2247
-2843
-3325
-3382
-3450
-3185
-3208
-4296
-4725
-4800
-3671
-3516
-3844
-3822
-3931
-3443
-3542
-2978
-2436
-1733
-1212
-928
-748
-408
105
654
1551
1714
2188
2139
2383
3072
3507
3762
3323
3575
4023
4080
3859
3767
3877
3681
3085
3025
3336
2828
2420
2100
2051
1702
990
1042
1315
1605
1371
1176
1234
1297
1327
1775
2061
2258
2672
2544
2891
2608
2827
3188
3200
3786
3870
4229
3816
2948
1957
737
620
1596
2674
2402
135
-2266
-2783
-2318
-1934
-2159
-2514
-2997
-4475
-6006
-6259
-5176
-4026
-4302
-4911
-5378
-5856
-5597
-4947
-3544
-2382
-2285
-2815
-2904
-2051
-1091
-374
333
1192
1409
921
317
728
1891
2499
2555
1955
1169
485
237
982
1770
1480
392
-764
-1305
-1310
-1251
-939
-864
-1408
-2044
-2480
-2455
-2430
-2570
-2275
-3240
-4013
-3778
-2967
-1834
-2793
-3189
-3133
-2940
-2737
-2789
-1477
-723
-554
-836
-811
-145
729
1181
1682
2122
2129
2413
2341
3365
4013
3948
3802
3604
4157
4196
4151
4167
4239
4094
3532
3199
3307
3222
2874
2831
2440
1906
1405
1385
1922
2095
1872
1592
1564
1659
1741
2093
2701
2690
2755
2999
2819
2916
2767
2851
3072
3408
3958
3538
3066
2366
1288
436
-306
543
1755
1331
-571
-2723
-3470
-3263
-2844
-2781
-3125
-3752
-4957
-6329
-6727
-5746
-4722
-4382
-5185
-6027
-6125
-5950
-5073
-3922
-2827
-2607
-3088
-3114
-2373
-1337
-506
168
796
1119
727
430
652
1527
2547
2640
1924
860
213
418
1179
1734
1490
380
-822
-1435
-1220
-696
-637
-909
-1399
-1867
-2241
-2464
-2569
-2209
-2638
-3583
-3840
-3327
-2402
-3032
-3733
-3743
-3031
-2765
-3417
-3017
-2245
-1597
-1589
-1445
-817
-13
177
200
794
1405
2078
2212
2766
3343
3679
3570
3392
4077
4500
4691
4588
4527
4484
4134
3762
3758
4090
3895
3457
2977
2526
2080
1921
2234
2410
2372
1900
1607
1671
1781
2062
2376
2728
2771
2669
2624
2545
2571
2668
2861
3154
3450
3412
2763
2213
1796
1198
313
-351
154
906
627
-1131
-2931
-3504
-3350
-3076
-3161
-3429
-4111
-5259
-6475
-6717
-5870
-4905
-4708
-5670
-6361
-6526
-6024
-5119
-4093
-3114
-3215
-3650
-3677
-2654
-1262
-494
-46
378
725
594
476
804
1934
2859
2806
2034
1185
996
1122
1844
2410
2234
1245
-223
-804
-460
159
285
-82
-669
-1413
-2065
-2389
-2213
-2019
-2092
-2476
-2818
-3173
-3659
-3561
-2996
-2329
-2248
-2852
-3199
-2987
-2191
-1332
-738
-294
-216
-352
-165
562
1625
2486
2770
2712
2649
3009
3672
4228
4650
4630
4440
4370
4288
4368
4469
4513
4416
4078
3589
3058
2856
2935
3020
2927
2532
1956
1532
1697
2254
2596
2500
2261
2279
2475
2580
2809
3349
3841
3682
2865
2499
3028
3908
4308
3870
3531
3160
1890
197
-853
-194
1466
1929
328
-2546
-4431
-4629
-4116
-3300
-3115
-3735
-5226
-7359
-8361
-7573
-5852
-4729
-5292
-6631
-7559
-7478
-6323
-4915
-3608
-2992
-3436
-3974
-3897
-2752
-1100
-59
554
707
429
138
4
734
2085
2897
2590
1322
258
66
603
1665
2097
1547
300
-1256
-1654
-838
183
422
-521
-1691
-2209
-2177
-1884
-1574
-1219
-1316
-2876
-4243
-4147
-2447
-776
-1373
-2626
-3382
-3303
-2834
-2291
-1031
-96
-235
-1200
-1769
-829
756
1544
1718
1634
1474
1499
1674
2822
4111
4345
3592
2734
3041
3731
4234
4572
4662
4434
3614
2854
2903
3628
4115
4056
3289
2388
1860
1834
2576
3349
3680
3118
2239
1849
2345
3269
3840
3791
3367
3234
2936
2847
2805
3314
3899
3730
3311
2494
1973
907
-256
-1034
-472
955
759
-1155
-3963
-4978
-4551
-3828
-3537
-3873
-4462
-6198
-7728
-8025
-6530
-4859
-4773
-5955
-7146
-7089
-6359
-5115
-4035
-3326
-3048
-3399
-3536
-2958
-1610
-467
169
531
552
406
23
97
1017
2279
2552
1597
360
-382
-44
798
1567
1442
658
-731
-1734
-1327
-352
483
257
-675
-1643
-1779
-1576
-902
-339
-194
-1437
-3386
-3203
-2161
73
-118
-1449
-1840
-2372
-1830
-1916
-617
416
432
-226
-1010
-358
727
1425
1562
2069
1675
1622
1389
1941
3420
3619
3589
2856
3007
3285
3318
3849
4211
4444
3772
2851
2748
3495
3904
4002
3574
2778
2443
2261
3060
3944
4158
3973
3263
3160
3479
3999
4709
4788
4834
4531
3851
3652
3953
4740
5160
4705
3918
3411
2271
863
-504
-898
467
1017
409
-2279
-4963
-5734
-5616
-4462
-4347
-4646
-5557
-7478
-8950
-8999
-7348
-5555
-5267
-6649
-7670
-7840
-6725
-5111
-3890
-2862
-3018
-3318
-3494
-2795
-1088
125
900
1002
672
310
72
307
1421
2355
2137
951
-579
-1156
-798
167
704
278
-855
-2444
-3250
-2870
-1886
-891
-865
-2006
-3158
-3613
-3009
-2079
-1234
-1672
-2881
-3353
-3166
-1732
-1087
-1101
-1235
-1388
-1391
-1565
-790
133
791
867
636
672
1286
1580
1775
2317
2442
2777
2463
2282
2499
2878
3312
3162
3172
2949
2730
2790
3023
3350
3330
2701
2121
2197
2536
2875
2736
2277
2041
2103
2450
2942
3494
3920
3845
3677
3782
4437
5263
5611
5733
5551
5278
4742
4918
5694
6394
6478
5419
4620
3063
1400
-2
-40
1696
2203
934
-2442
-5148
-6011
-5537
-4539
-4269
-4573
-6255
-8371
-9982
-9325
-7328
-5820
-5888
-7386
-8213
-8413
-7248
-5506
-3825
-2909
-3253
-3677
-3573
-2525
-1123
168
889
1212
1114
743
447
614
1598
2439
2380
1148
-371
-911
-791
-177
339
-141
-1089
-2605
-3616
-3650
-2872
-2053
-2085
-2778
-3788
-4280
-4367
-3415
-2680
-1689
-2897
-4821
-4424
-3284
-317
-441
-1292
-1759
-1879
-815
-819
939
2180
2522
1760
819
1236
2985
3975
3940
4203
3427
3657
3117
3461
4513
4668
4631
3400
3380
3307
3056
3362
3733
3996
3510
2350
1587
2024
2281
2924
3001
2271
1706
1359
2712
4145
5000
4935
4057
4025
4265
5190
6587
7316
7079
6099
5164
5882
7248
7768
7419
6176
5127
3130
961
282
1500
3280
2500
-493
-3640
-5418
-5979
-5684
-5032
-4270
-4728
-7337
-9905
-10805
-9086
-6715
-5780
-6249
-7707
-8615
-8456
-6965
-4498
-2677
-2337
-3022
-3503
-2763
-1127
314
1321
1685
1628
1390
887
953
1540
2257
2459
1534
262
-851
-1298
-1189
-1056
-1074
-1667
-2884
-4305
-5146
-4990
-4274
-3940
-4217
-4708
-5470
-6349
-6700
-5880
-4228
-3413
-3811
-4430
-4439
-3751
-3283
-2570
-1428
-383
17
-405
-365
459
1540
2299
2715
3081
3302
2943
2666
3268
4177
4755
4341
3784
3457
3104
3005
3062
3503
3498
2721
2010
1739
1904
2070
1927
1748
1551
1240
1048
1032
1378
1908
2386
2966
3577
3928
4180
4356
4874
5658
6287
7045
7125
7017
6513
6549
7686
8352
8446
7316
6462
5327
3544
1672
888
2565
3658
2775
-582
-3725
-5270
-5873
-5603
-5040
-3832
-4565
-7336
-10288
-10721
-8509
-6263
-5353
-6161
-6914
-7764
-7696
-6287
-3919
-1610
-1295
-1812
-2209
-1257
180
1097
1869
2446
2967
2701
2132
1813
2121
2404
2124
1567
704
-88
-1107
-1815
-2129
-2330
-2695
-3723
-4800
-5550
-5751
-5678
-5705
-5722
-5975
-6783
-7650
-7551
-6213
-4782
-4405
-4730
-4824
-4392
-3849
-3184
-2028
-604
253
321
223
689
1748
2689
3400
3842
4089
3947
3596
3786
4386
4968
4928
4425
3961
3573
3253
3087
3167
3185
2689
1832
1332
1236
1384
1405
1171
908
574
444
575
935
1391
1819
2220
2864
3586
4307
5010
5375
5878
6381
7161
7955
8215
8149
7914
8313
8934
9190
8875
8355
7437
5512
2889
947
1703
3478
3947
1718
-1980
-4590
-6326
-6886
-6533
-5075
-4036
-5695
-8948
-11208
-10593
-8258
-6319
-5781
-5887
-6393
-6866
-6425
-4830
-2195
-576
-204
-235
281
1553
2180
2554
3124
3944
4522
4260
3755
3471
3130
2441
1583
950
598
-119
-1234
-2388
-3391
-4113
-5064
-6068
-6633
-6911
-6995
-7434
-7914
-8149
-8768
-9316
-9335
-8152
-6539
-5889
-5992
-6152
-5576
-4699
-3876
-2763
-1248
12
553
532
780
1802
2800
3645
4090
4445
4577
4172
3993
4061
4500
4716
4353
3839
3233
2699
2261
2022
1976
1699
1029
375
8
23
138
0
-200
-446
-490
-230
152
775
1329
1797
2302
2926
3929
4954
5769
6239
6477
6941
7552
8199
8586
8562
8521
8533
8705
8697
8426
7788
6087
3580
975
196
1474
2866
2581
-207
-3599
-6358
-7882
-7949
-6820
-5054
-4695
-6548
-9388
-10932
-10152
-8011
-6199
-5279
-4958
-5006
-4850
-4431
-3176
-1487
-15
1212
2047
2965
3490
3577
3561
3657
4131
4663
5079
5131
4575
3253
1613
155
-592
-666
-714
-1114
-2397
-4218
-6022
-7347
-7775
-7639
-7330
-7182
-7530
-8118
-8995
-9868
-9766
-8657
-6632
-5012
-4543
-4618
-4816
-4249
-3317
-2045
-298
1348
2612
2818
2482
2604
3363
4436
5169
5464
5666
5641
5274
4667
4083
4070
4220
4207
3829
3036
2314
1509
849
384
176
204
112
-88
-339
-548
-802
-1027
-1036
-410
478
1267
1708
1891
2425
3098
4221
5402
6583
7409
7498
7516
7646
8321
8945
9278
9469
9524
9403
8743
7943
7243
6229
4309
1676
-43
219
1438
1606
-588
-3818
-6498
-7943
-8381
-8334
-7418
-6518
-6584
-8152
-10086
-10491
-9196
-7182
-5903
-5394
-4949
-4071
-2961
-2007
-1277
-518
630
1979
3395
4375
4908
5003
4636
4152
3762
4028
4748
5178
4582
2836
717
-972
-1865
-2127
-2204
-2600
-3634
-5272
-6982
-8214
-8774
-8851
-8663
-8410
-8177
-8381
-9064
-9699
-9692
-8416
-6688
-5061
-4158
-3837
-3456
-3183
-2456
-1497
29
1836
3164
3905
3820
3736
3858
4195
4690
5054
5490
5815
5762
5211
4220
3332
2885
2824
2984
2980
2676
1976
828
-311
-1030
-1013
-335
305
635
325
-454
-1144
-1446
-767
398
1681
2565
2818
3084
3301
4045
4960
5808
6544
6772
7231
7346
7419
7252
6990
7439
7680
7929
7256
6208
5078
3306
1386
-812
-1573
-784
556
864
-1085
-4234
-7163
-8625
-8472
-7405
-6102
-5228
-5363
-6297
-7657
-8321
-7819
-6507
-5015
-4110
-3289
-2290
-957
-16
-98
-657
-729
638
2900
4864
5560
4916
3731
2680
2162
2277
2758
3318
3368
2472
712
-1413
-2907
-3429
-3212
-3138
-3779
-4891
-5877
-6373
-6689
-7182
-7893
-8214
-8020
-7319
-6797
-6533
-6383
-6219
-5696
-5226
-4343
-3449
-2329
-1409
-941
-494
-151
739
1669
2681
3363
3627
3692
3523
3640
3943
4466
4804
4768
4422
3988
3754
3652
3588
3386
3119
2826
2544
2314
2051
1788
1551
1457
1618
1829
1964
1728
1364
1294
1652
2348
2854
3081
3173
3519
4206
4887
5297
5461
5548
5815
6097
6188
6044
5693
5565
5522
5691
5672
5341
4644
3638
2763
1900
1096
-35
-1252
-2070
-2077
-1469
-1161
-1842
-3546
-5562
-6919
-7115
-6241
-4911
-4003
-3924
-4762
-5674
-6097
-5753
-4929
-4193
-3591
-3119
-2295
-1246
-299
3
-558
-1349
-1524
-438
1370
2830
3033
1982
545
-466
-657
-346
-52
-188
-889
-1880
-2839
-3455
-3767
-4001
-4290
-4808
-5342
-5839
-6024
-5755
-5206
-4613
-4728
-5358
-6251
-6430
-5530
-3995
-2396
-1748
-1655
-2024
-2026
-1609
-882
92
845
1724
2345
2924
3150
3018
2728
2457
2613
2956
3503
3956
4235
4209
3687
2770
1828
1430
1750
2514
3054
2987
2421
1709
1284
1253
1433
1516
1516
1522
1587
2027
2439
2619
2619
2399
2284
2406
2892
3416
3966
4353
4340
4186
3868
3559
3441
3537
3701
3807
3633
3189
2655
2171
1767
1354
940
567
400
366
285
14
-460
-1031
-1567
-2103
-2602
-2956
-2947
-2377
-1587
-973
-1050
-1911
-3077
-3898
-3862
-3027
-1783
-834
-528
-737
-1248
-1631
-1787
-1772
-1634
-1352
-913
-414
26
130
-146
-764
-1524
-2099
-2267
-2010
-1532
-1180
-1278
-1845
-2750
-3714
-4383
-4559
-4319
-3886
-3573
-3591
-3834
-4118
-4257
-4171
-3952
-3714
-3536
-3328
-3019
-2526
-1918
-1418
-1123
-1036
-981
-758
-262
325
812
1107
1218
1315
1475
1571
1514
1414
1329
1424
1753
2059
2151
1991
1589
1168
1093
1275
1576
1957
2141
2130
2177
2184
2155
2341
2536
2727
3150
3494
3655
3834
3830
3754
3993
4245
4360
4518
4417
4144
4127
4178
4179
4253
4082
3638
3321
3048
2807
2742
2528
2048
1502
935
475
318
299
171
-93
-509
-929
-1113
-1034
-831
-720
-771
-957
-1130
-1146
-1068
-1099
-1319
-1636
-1836
-1639
-1026
-351
19
-123
-793
-1586
-2068
-2107
-1753
-1234
-887
-815
-964
-1312
-1747
-2169
-2539
-2763
-2771
-2645
-2495
-2413
-2508
-2756
-3064
-3377
-3652
-3873
-4015
-4019
-3859
-3557
-3253
-3098
-3161
-3407
-3654
-3687
-3422
-2945
-2393
-1968
-1710
-1539
-1370
-1171
-969
-839
-818
-750
-546
-119
434
910
1107
973
635
273
84
142
428
795
1122
1274
1177
872
497
189
91
255
531
820
1082
1282
1452
1685
1795
1776
1760
1810
2121
2792
3569
4083
4295
4071
3661
3511
3571
3781
4065
4186
4123
4177
4179
4065
3816
3267
2579
2046
1836
1842
2071
2138
1892
1467
888
372
-13
-219
-372
-426
-431
-456
-411
-368
-284
-258
-264
-333
-449
-440
-397
-297
-336
-566
-1007
-1420
-1508
-1248
-658
-210
-223
-823
-1734
-2553
-2890
-2607
-2033
-1478
-1314
-1584
-2067
-2505
-2739
-2784
-2750
-2785
-2844
-2835
-2678
-2357
-2028
-1871
-2004
-2360
-2776
-2997
-2897
-2509
-1997
-1643
-1565
-1805
-2168
-2509
-2639
-2571
-2373
-2128
-1900
-1650
-1418
-1206
-1168
-1320
-1672
-1997
-2120
-1870
-1307
-620
-58
190
157
-61
-208
-219
25
395
875
1353
1797
2182
2418
2544
2474
2357
2226
2277
2535
2966
3451
3795
3951
3861
3684
3509
3454
3505
3601
3651
3642
3578
3498
3438
3334
3204
2982
2778
2560
2513
2542
2652
2715
2614
2443
2099
1950
1811
1945
2071
2167
2162
1966
1869
1691
1745
1685
1630
1371
1047
904
998
1494
1974
2132
1561
198
-1547
-3110
-3843
-3484
-2415
-1124
-574
-894
-2204
-3811
-5083
-5706
-5389
-4806
-3927
-3437
-3019
-2743
-2491
-2142
-2137
-2188
-2630
-2843
-2764
-2119
-985
107
994
1126
783
56
-638
-1026
-1206
-1141
-1166
-1227
-1376
-1573
-1751
-2135
-2710
-3579
-4508
-5168
-5428
-5108
-4625
-4215
-4197
-4650
-5138
-5537
-5312
-4736
-3841
-3007
-2455
-1958
-1645
-975
-293
575
1226
1627
1919
2093
2570
3053
3709
4073
4191
3984
3627
3436
3414
3672
3865
3889
3575
3060
2572
2342
2374
2565
2578
2328
1786
1251
996
1091
1569
1982
2346
2310
2231
2103
2200
2515
2910
3379
3640
3962
4114
4488
4764
5124
5203
5089
4745
4288
3968
3699
3764
3754
3944
3737
3491
2599
1389
-423
-2477
-4199
-5403
-5229
-4737
-3612
-3452
-3786
-4915
-6151
-6631
-6786
-5910
-5395
-4627
-4240
-3608
-2563
-1434
-112
514
817
614
563
919
1676
2744
3569
4042
4040
3683
3277
2794
2376
1783
932
-62
-1165
-1956
-2596
-3081
-3757
-4814
-5998
-7198
-7810
-7943
-7650
-7409
-7636
-8107
-8840
-8892
-8485
-7288
-5951
-4844
-3888
-3483
-2607
-1840
-472
726
1707
2456
2671
3207
3511
4256
4721
5000
4861
4242
3687
3152
3121
3204
3296
3015
2313
1421
691
396
529
788
875
626
169
-94
-85
446
1014
1570
1838
1944
2227
2573
3298
3853
4454
4766
5044
5369
5741
6377
6810
7249
7242
7138
6843
6578
6316
6038
5718
5384
5031
4679
4314
3421
2128
-323
-2768
-5268
-6443
-6417
-5826
-4801
-5114
-5444
-6725
-7245
-7209
-6832
-5881
-5829
-5375
-5218
-4182
-2511
-740
1007
1786
2181
2238
2554
3333
4243
5068
5450
5378
5174
4858
4709
4515
4074
3321
1951
484
-1083
-2277
-3207
-4175
-5205
-6623
-7792
-8722
-8893
-8669
-8346
-8351
-9012
-9777
-10569
-10361
-9655
-8167
-6819
-5701
-4739
-4118
-2892
-1866
-344
653
1437
1884
2073
2677
3196
4080
4468
4556
4055
3352
2763
2469
2530
2530
2360
1716
990
259
-21
-31
167
240
48
-251
-565
-423
-77
622
1100
1394
1547
1679
2280
2932
3802
4321
4573
4746
4861
5390
5988
6684
7175
7275
7285
7096
7009
6846
6469
6056
5440
5083
4759
4581
4127
3056
1144
-1520
-4065
-5991
-6431
-6233
-5555
-5554
-6020
-6576
-7041
-6541
-6138
-5402
-5366
-5495
-5406
-4867
-3317
-1640
86
1122
1725
2128
2749
3630
4583
5158
5223
4944
4592
4654
4815
5176
5034
4437
3269
1734
385
-878
-1729
-2738
-3910
-5262
-6510
-7120
-7149
-6683
-6350
-6439
-7014
-7814
-8365
-8426
-7902
-7026
-6056
-5233
-4516
-3795
-2910
-1869
-872
-83
333
521
589
827
1248
1749
2080
2009
1594
944
477
224
215
156
-135
-525
-901
-871
-580
-146
136
159
108
69
300
713
1293
1879
2387
2740
3013
3315
3792
4461
5050
5458
5382
5216
5120
5378
5968
6415
6744
6670
6650
6683
6787
6757
6396
5892
5374
5120
4964
4935
4579
3833
2273
65
-2204
-4098
-4755
-4928
-4722
-4908
-5394
-5542
-5497
-4715
-4059
-3549
-3464
-3780
-3829
-3568
-2587
-1314
-176
592
933
1280
2011
3001
4049
4487
4235
3629
2960
2807
2741
2725
2328
1545
696
-203
-743
-1187
-1647
-2377
-3580
-4970
-6140
-6793
-6656
-6288
-5821
-5602
-5628
-5395
-5407
-5017
-5008
-4844
-4576
-4398
-3713
-3458
-2728
-2295
-1670
-975
-628
-159
-286
-352
-623
-783
-849
-1042
-1407
-1942
-2527
-2788
-2702
-2483
-2115
-2160
-1995
-1955
-1530
-954
-548
-49
-8
294
528
1093
1870
2606
3361
3771
4049
4260
4529
4963
5370
5447
5334
4790
4569
4500
4818
5311
5443
5671
5455
5584
5636
5674
5623
5144
4781
4388
4266
4347
4234
3781
2695
851
-850
-2480
-3046
-3285
-3518
-3660
-4280
-3984
-3719
-2804
-1991
-1545
-1103
-1354
-1292
-1238
-671
132
669
938
1022
1327
2181
3188
3993
4284
3817
3349
2698
2403
2028
1347
633
-412
-1089
-1705
-2074
-2180
-2471
-2804
-3684
-4670
-5404
-5685
-5401
-5201
-5022
-4983
-4637
-4096
-3445
-3036
-2839
-2611
-2420
-1917
-1799
-1486
-1526
-1395
-1250
-1296
-979
-954
-511
-591
-851
-1346
-1863
-2066
-2553
-3199
-4132
-4733
-4809
-4451
-4145
-3938
-3900
-3579
-3011
-2348
-1596
-1147
-589
-252
194
719
1382
2362
3207
3911
4245
4581
5141
5829
6332
6366
6092
5790
5604
5430
5325
5234
5325
5394
5445
5548
5674
5817
5653
5368
4966
4760
4534
4381
4061
3385
2204
366
-1139
-2277
-2512
-2793
-3167
-3401
-3444
-2829
-2533
-1984
-1483
-735
-125
-103
-55
137
838
1320
1334
1092
1161
1759
2585
3122
3303
3249
3025
2774
2244
1752
1104
382
-540
-1738
-2760
-3550
-3812
-3979
-4370
-5007
-5671
-5948
-5898
-5805
-5657
-5492
-5062
-4508
-4073
-3399
-2790
-1889
-1521
-1424
-1294
-956
-109
63
122
-250
-155
126
205
307
75
84
-343
-890
-1492
-1817
-2102
-2756
-3782
-4693
-5045
-4988
-4760
-4831
-4682
-4447
-3776
-3054
-2386
-1718
-1348
-939
-733
-300
316
1082
1860
2393
2815
3275
3877
4533
4986
5110
5070
4890
4793
4669
4632
4632
4540
4457
4414
4613
4932
5121
5094
4980
4857
4835
4640
4450
4018
3164
1756
-133
-1505
-2320
-2451
-2696
-3055
-3162
-2915
-2201
-1611
-875
-126
605
975
1029
1240
1831
2545
2846
2681
2452
2684
3250
3880
4150
4186
4064
3886
3650
3305
2837
2059
943
-487
-1842
-2905
-3593
-4207
-4863
-5558
-6044
-6284
-6326
-6277
-6157
-5912
-5674
-5286
-4902
-4269
-3803
-3429
-3223
-2902
-2223
-1570
-842
-527
-108
179
500
755
866
984
781
436
-150
-529
-834
-1101
-1655
-2346
-2997
-3481
-3809
-4236
-4522
-4848
-4884
-4848
-4469
-3822
-3059
-2323
-1857
-1364
-876
-241
237
649
982
1453
1948
2468
2984
3431
3898
4125
4371
4381
4490
4465
4478
4455
4344
4319
4261
4507
4652
4876
4889
5046
5243
5342
5257
4925
4600
3847
2657
900
-593
-1588
-2078
-2553
-2997
-2983
-2528
-1744
-1200
-509
314
1273
1835
1992
2237
2761
3428
3631
3542
3491
3862
4346
4654
4739
4800
4953
4910
4643
4165
3663
2950
1865
467
-943
-2089
-3105
-4157
-5277
-6210
-6784
-7108
-7330
-7462
-7342
-6970
-6495
-6013
-5503
-4931
-4486
-4282
-4255
-4070
-3553
-2867
-2267
-1833
-1342
-784
-237
156
455
678
729
504
46
-377
-703
-1073
-1702
-2421
-2982
-3311
-3587
-3918
-4218
-4418
-4531
-4586
-4454
-4054
-3461
-2901
-2393
-1846
-1140
-451
79
467
885
1403
1841
2192
2466
2838
3175
3461
3583
3679
3803
3883
3916
3831
3857
3856
3911
3810
3719
3727
3899
4232
4452
4602
4528
4409
3949
3072
1698
182
-1100
-2103
-2843
-3504
-3695
-3445
-2772
-2053
-1268
-247
928
2008
2648
3131
3657
4279
4589
4495
4301
4336
4583
4768
4867
4973
5182
5306
5206
4975
4705
4303
3516
2322
1023
-191
-1268
-2443
-3642
-4774
-5621
-6155
-6482
-6626
-6679
-6443
-6139
-5678
-5221
-4607
-3967
-3531
-3395
-3597
-3528
-3219
-2603
-2307
-2125
-1784
-1188
-513
-184
190
466
764
569
88
-302
-417
-530
-1215
-1984
-2538
-2633
-2794
-3152
-3524
-3688
-3592
-3580
-3457
-3155
-2580
-2044
-1636
-1137
-457
327
903
1270
1591
1974
2302
2458
2491
2558
2634
2705
2749
2911
3181
3331
3338
3224
3352
3501
3530
3268
2971
2935
2934
2955
2757
2717
2464
1772
451
-1098
-2193
-3042
-3736
-4736
-5358
-5440
-4941
-4235
-3505
-2322
-948
496
1454
2382
3493
4724
5530
5602
5493
5512
5865
6035
6025
5982
6074
6172
6082
5980
5874
5664
5006
3908
2686
1558
460
-861
-2362
-3714
-4741
-5402
-5942
-6284
-6347
-6088
-5639
-5204
-4574
-3853
-3085
-2762
-2771
-2811
-2560
-2104
-1980
-1975
-1921
-1426
-915
-519
-150
285
737
751
515
219
188
-6
-663
-1557
-2300
-2726
-3128
-3537
-3888
-4006
-3996
-4010
-3989
-3766
-3344
-2938
-2619
-2257
-1773
-1242
-733
-241
381
1096
1745
2168
2405
2670
2891
3070
3129
3169
3235
3167
3056
2878
2991
3159
3228
3105
2931
3065
3128
3232
3080
2993
2645
1757
408
-1234
-2444
-3609
-4615
-5764
-6534
-6762
-6606
-6054
-5383
-4133
-2780
-1355
-244
862
2184
3439
4457
4830
5087
5265
5580
5751
5784
5894
6032
6254
6297
6412
6482
6445
6034
5211
4224
3122
1959
531
-961
-2362
-3518
-4436
-5199
-5685
-5868
-5660
-5263
-4737
-4080
-3322
-2591
-2170
-1957
-1857
-1646
-1501
-1570
-1743
-1791
-1523
-1193
-824
-460
35
491
786
911
965
998
751
174
-610
-1278
-1861
-2390
-2900
-3239
-3370
-3355
-3266
-3083
-2742
-2367
-2047
-1830
-1561
-1296
-1065
-899
-699
-355
93
542
925
1314
1766
2200
2606
2921
3231
3448
3549
3574
3573
3679
3619
3511
3247
3210
3270
3400
3464
3377
3228
2597
1690
344
-876
-2191
-3462
-4801
-5984
-6685
-7086
-6959
-6677
-5828
-4805
-3541
-2332
-1068
308
1527
2571
3116
3564
3800
4052
4125
4160
4253
4380
4613
4764
5044
5289
5466
5358
4967
4452
3746
2908
1709
399
-940
-2134
-3177
-4108
-4658
-4980
-4863
-4678
-4202
-3621
-2880
-2184
-1743
-1344
-1175
-898
-984
-1056
-1296
-1314
-1239
-1112
-840
-566
-16
348
811
1042
1362
1427
1261
833
237
-285
-951
-1550
-2244
-2622
-2873
-2892
-2843
-2643
-2282
-1903
-1518
-1261
-955
-759
-628
-655
-656
-599
-467
-335
-211
11
336
777
1235
1739
2210
2645
2953
3190
3360
3483
3468
3340
3192
3135
3207
3314
3394
3310
2999
2371
1524
494
-566
-1739
-2935
-4143
-5162
-5917
-6341
-6414
-6189
-5602
-4802
-3728
-2563
-1199
110
1317
2222
2870
3319
3570
3708
3639
3596
3487
3514
3562
3745
4012
4293
4529
4554
4485
4166
3693
2867
1823
616
-638
-1789
-2910
-3732
-4377
-4589
-4597
-4280
-3775
-3128
-2404
-1880
-1361
-1115
-813
-856
-970
-1290
-1539
-1668
-1738
-1553
-1353
-812
-353
286
766
1309
1671
1787
1646
1188
711
5
-644
-1440
-2014
-2460
-2648
-2651
-2501
-2110
-1675
-1128
-715
-300
-52
79
20
-173
-334
-501
-579
-704
-696
-597
-295
153
673
1269
1784
2302
2649
2977
3166
3283
3267
3135
3037
2938
2998
2963
2909
2583
2102
1426
653
-125
-1009
-1832
-2769
-3541
-4273
-4671
-4837
-4712
-4354
-3845
-3042
-2136
-977
94
1184
2013
2700
3169
3454
3643
3618
3565
3299
3109
2889
2857
2863
2902
2936
2893
2897
2714
2467
1911
1239
335
-646
-1657
-2627
-3381
-4035
-4366
-4529
-4262
-3804
-3119
-2439
-1803
-1184
-732
-323
-251
-266
-545
-819
-1171
-1428
-1515
-1483
-1216
-955
-475
13
662
1155
1481
1569
1418
1129
562
-60
-815
-1443
-2034
-2452
-2665
-2612
-2236
-1725
-1068
-457
191
721
1099
1289
1293
1195
916
538
77
-267
-452
-476
-357
-142
228
694
1237
1790
2298
2739
3022
3169
3193
3176
3096
2851
2407
1693
893
11
-817
-1643
-2446
-3194
-3895
-4392
-4756
-4784
-4632
-4257
-3772
-3133
-2272
-1295
-183
791
1715
2412
3047
3542
3917
4178
4216
4175
3961
3832
3674
3623
3525
3375
3211
2994
2834
2501
2089
1400
604
-339
-1338
-2301
-3235
-3984
-4640
-4955
-5008
-4645
-4046
-3279
-2405
-1533
-597
180
851
1197
1345
1223
924
533
63
-322
-720
-936
-1060
-918
-626
-229
149
424
653
682
591
235
-211
-791
-1395
-1980
-2478
-2737
-2806
-2596
-2252
-1691
-1018
-259
450
1039
1537
1859
2041
1947
1696
1329
969
620
299
106
38
158
363
692
1091
1564
2026
2405
2709
2907
3016
2885
2440
1632
606
-525
-1705
-2879
-3971
-4867
-5564
-6038
-6225
-6019
-5463
-4684
-3773
-2722
-1534
-297
886
1921
2740
3356
3799
4108
4294
4348
4324
4212
4069
3910
3832
3806
3751
3613
3409
3216
2932
2536
1938
1225
372
-567
-1550
-2504
-3336
-4091
-4623
-4938
-4889
-4574
-3984
-3198
-2263
-1219
-211
775
1533
2132
2442
2561
2427
2093
1638
1069
538
-19
-401
-682
-791
-872
-858
-776
-698
-662
-768
-901
-1162
-1440
-1802
-2111
-2403
-2606
-2667
-2586
-2311
-1931
-1370
-780
-162
401
995
1543
1926
2143
2222
2271
2159
1973
1745
1594
1438
1256
1163
1153
1255
1352
1580
1872
2206
2472
2628
2597
2148
1390
337
-808
-2176
-3608
-4937
-6085
-7049
-7838
-8097
-7928
-7343
-6582
-5440
-4000
-2432
-883
564
1977
3042
3861
4396
4843
5008
4955
4796
4609
4418
4148
4036
3958
3892
3702
3623
3550
3351
2907
2334
1702
847
-165
-1230
-2148
-3104
-3964
-4610
-4832
-4797
-4516
-3917
-2992
-1850
-725
508
1640
2637
3266
3729
3939
3868
3516
3010
2509
1838
1229
673
374
46
-214
-355
-358
-377
-560
-689
-876
-1065
-1460
-1800
-2134
-2430
-2704
-2868
-2820
-2714
-2457
-2139
-1680
-1268
-804
-285
191
541
727
966
1130
1209
1165
1165
1197
1127
1072
1045
1169
1231
1365
1586
1893
2195
2365
2487
2246
1731
859
-67
-1188
-2476
-3767
-5014
-6062
-7107
-7722
-8015
-7867
-7557
-6904
-5845
-4533
-3047
-1625
-45
1293
2471
3332
4118
4644
4832
4828
4659
4514
4188
3999
3805
3679
3461
3342
3329
3249
3040
2622
2197
1530
709
-252
-1141
-2083
-3064
-3904
-4440
-4623
-4632
-4324
-3696
-2728
-1656
-448
841
2081
3085
3817
4374
4647
4641
4339
3904
3269
2565
1874
1307
822
376
99
-22
-29
-79
-63
-31
-32
-179
-392
-585
-833
-1149
-1487
-1681
-1826
-1931
-1952
-1837
-1652
-1466
-1196
-893
-597
-401
-216
-26
151
322
464
625
690
744
823
970
1085
1162
1314
1511
1735
1860
1971
1911
1624
1075
353
-480
-1431
-2342
-3321
-4335
-5363
-6066
-6461
-6703
-6840
-6696
-6091
-5271
-4319
-3248
-1870
-490
637
1536
2447
3334
3894
4154
4211
4247
4153
4014
3830
3577
3260
2963
2759
2502
2191
1829
1499
1021
367
-311
-888
-1493
-2292
-3078
-3623
-3887
-4079
-4152
-3933
-3383
-2665
-1819
-728
515
1720
2753
3704
4522
5080
5325
5299
5038
4518
3860
3169
2475
1737
1034
495
124
-152
-355
-399
-329
-238
-166
-43
97
125
49
-32
-86
-202
-358
-471
-502
-521
-516
-420
-248
-80
25
161
370
607
762
827
805
687
509
354
240
61
-132
-196
-52
135
237
318
426
384
-71
-778
-1365
-1791
-2541
-3755
-4900
-5531
-5930
-6561
-7130
-7127
-6593
-6055
-5547
-4631
-3198
-1780
-832
-82
849
1852
2491
2718
2750
2773
2763
2669
2475
2204
2018
1953
1898
1716
1590
1670
1751
1480
961
605
418
4
-824
-1625
-2066
-2355
-2795
-3207
-3239
-2936
-2595
-2212
-1495
-450
617
1513
2351
3231
4027
4566
4765
4691
4475
4217
3855
3295
2647
2125
1754
1359
949
738
806
914
903
967
1284
1649
1719
1565
1484
1493
1360
1042
717
492
300
108
22
93
232
384
560
824
1172
1518
1724
1723
1590
1449
1325
1057
655
254
-15
-246
-490
-679
-754
-911
-1330
-1862
-2249
-2489
-2962
-3709
-4483
-4966
-5342
-5783
-6161
-6226
-6010
-5764
-5417
-4785
-3799
-2838
-2062
-1414
-631
213
867
1199
1320
1408
1428
1333
1056
772
546
361
96
-166
-248
-192
-210
-436
-645
-681
-696
-941
-1363
-1736
-1979
-2205
-2496
-2667
-2640
-2488
-2257
-1889
-1303
-583
184
924
1658
2338
2983
3548
3907
4001
3979
4001
3959
3739
3347
3067
2938
2775
2515
2373
2441
2521
2475
2414
2536
2697
2685
2479
2292
2216
2172
2066
1883
1724
1615
1603
1654
1753
1844
1927
2017
2130
2321
2523
2679
2736
2804
2889
2957
2955
2956
2854
2338
1387
391
-302
-1117
-2435
-4043
-5184
-5862
-6550
-7342
-7670
-7299
-6803
-6457
-5914
-4695
-3297
-2267
-1694
-1060
-272
414
759
782
678
552
560
517
370
162
160
204
46
-308
-463
-438
-760
-1573
-2416
-2884
-3344
-4173
-5199
-5857
-6160
-6407
-6610
-6446
-5901
-5219
-4463
-3488
-2251
-991
126
1073
1905
2615
3238
3679
3829
3734
3653
3711
3739
3574
3387
3396
3476
3385
3202
3170
3147
2834
2167
1516
1097
720
83
-663
-1152
-1295
-1286
-1335
-1261
-916
-344
197
644
1177
1904
2572
2871
2966
3195
3568
3672
3425
3102
2982
2902
2616
2244
2037
2006
1930
1770
1655
1717
1768
1654
1382
1129
961
752
346
-170
-541
-741
-917
-1160
-1280
-1177
-912
-717
-510
-195
170
407
464
479
484
412
85
-397
-985
-1522
-2072
-2615
-3159
-3603
-3882
-4046
-4087
-4066
-3864
-3605
-3293
-3035
-2722
-2368
-2031
-1811
-1714
-1573
-1405
-1217
-1121
-986
-813
-601
-448
-322
-188
-95
-98
-249
-490
-803
-1167
-1618
-2128
-2627
-3037
-3314
-3504
-3579
-3486
-3191
-2754
-2262
-1655
-940
-151
572
1239
1884
2512
3065
3506
3867
4178
4437
4597
4684
4735
4762
4776
4730
4635
4546
4474
4438
4310
4181
4031
3951
3783
3548
3213
2857
2424
1805
1169
451
-127
-852
-1502
-2182
-2602
-2925
-3123
-3158
-3044
-2641
-2236
-1604
-1042
-231
450
1169
1711
2236
2699
3005
3241
3227
3273
3117
3052
2761
2553
2266
2008
1663
1220
803
272
-240
-977
-1684
-2498
-3231
-4043
-4812
-5492
-6039
-6397
-6643
-6641
-6475
-6037
-5475
-4770
-3956
-3063
-2114
-1240
-401
312
957
1438
1771
1975
2012
1984
1783
1566
1184
820
361
-65
-520
-1009
-1439
-1899
-2198
-2598
-2808
-3091
-3152
-3256
-3225
-3167
-3022
-2757
-2545
-2164
-1946
-1472
-1149
-590
-257
199
632
1144
1656
1987
2484
2793
3265
3368
3614
3616
3710
3535
3273
2970
2601
2325
1830
1519
1076
936
688
633
523
556
624
644
688
633
709
592
510
265
169
57
-12
-85
-75
116
353
689
1021
1490
1929
2352
2679
2971
3228
3346
3322
3142
2931
2659
2312
1886
1448
1060
687
334
-13
-250
-432
-586
-738
-838
-859
-870
-895
-959
-974
-973
-966
-1016
-1053
-1062
-1056
-1075
-1117
-1132
-1117
-1119
-1160
-1207
-1240
-1258
-1339
-1463
-1602
-1729
-1885
-2074
-2299
-2495
-2668
-2830
-2978
-3081
-3105
-3076
-3000
-2882
-2680
-2425
-2153
-1892
-1637
-1390
-1168
-994
-885
-820
-799
-802
-825
-840
-838
-803
-724
-598
-400
-152
157
491
856
1233
1638
2035
2404
2756
3067
3343
3546
3714
3814
3839
3742
3555
3282
2905
2420
1832
1209
542
-120
-781
-1352
-1819
-2148
-2339
-2366
-2202
-1879
-1411
-854
-206
481
1177
1815
2383
2855
3228
3495
3638
3693
3677
3607
3486
3320
3140
2952
2736
2477
2170
1815
1411
932
386
-206
-828
-1449
-2047
-2585
-3033
-3350
-3540
-3580
-3473
-3226
-2858
-2413
-1909
-1385
-877
-406
-7
306
532
663
711
681
588
455
288
106
-84
-277
-466
-649
-831
-1005
-1167
-1318
-1467
-1596
-1706
-1801
-1862
-1897
-1914
-1897
-1855
-1797
-1724
-1645
-1556
-1461
-1366
-1252
-1132
-1000
-852
-690
-511
-330
-151
19
167
270
331
341
289
185
31
-157
-355
-559
-742
-883
-968
-993
-949
-847
-695
-495
-268
-31
200
410
601
765
904
1023
1137
1255
1383
1535
1709
1909
2127
2352
2570
2761
2915
3005
3020
2957
2811
2589
2295
1937
1546
1141
739
359
31
-237
-438
-565
-619
-605
-538
-416
-257
-76
115
301
480
633
770
885
972
1035
1080
1112
1115
1102
1076
1021
943
845
710
546
357
132
-110
-363
-630
-892
-1137
-1356
-1541
-1677
-1776
-1831
-1836
-1805
-1750
-1674
-1580
-1492
-1407
-1334
-1277
-1231
-1198
-1173
-1151
-1127
-1091
-1049
-988
-923
-844
-756
-674
-600
-539
-496
-480
-486
-512
-563
-625
-691
-755
-800
-831
-838
-806
-741
-653
-533
-392
-243
-92
57
192
303
401
474
513
539
556
552
550
558
561
578
611
647
684
736
786
822
856
887
897
896
898
892
892
904
919
952
999
1057
1120
1202
1275
1331
1385
1409
1395
1359
1285
1171
1037
890
714
534
370
213
72
-39
-135
-201
-237
-265
-273
-271
-274
-279
-281
-289
-309
-331
-344
-361
-373
-360
-345
-313
-259
-195
-126
-46
29
97
157
188
209
217
194
145
90
25
-71
-161
-247
-344
-440
-529
-619
-711
-796
-884
-981
-1069
-1155
-1237
-1309
-1372
-1418
-1442
-1447
-1425
-1370
-1301
-1212
-1094
-969
-842
-709
-584
-475
-378
-305
-254
-225
-220
-227
-246
-276
-316
-356
-399
-435
-467
-498
-528
-544
-561
-579
-579
-579
-569
-532
-484
-417
-316
-184
-31
162
373
596
840
1077
1304
1520
1710
1859
1978
2059
2092
2092
2066
2002
1924
1841
1749
1661
1581
1502
1433
1378
1311
1246
1183
1102
1000
890
768
623
477
327
172
34
-94
-207
-285
-339
-375
-381
-360
-330
-287
-228
-174
-129
-81
-45
-17
-1
12
16
15
12
-1
-7
-19
-41
-65
-100
-153
-218
-296
-398
-513
-632
-769
-914
-1053
-1185
-1307
-1410
-1497
-1561
-1593
-1600
-1588
-1551
-1496
-1428
-1344
-1255
-1166
-1069
-973
-893
-806
-716
-644
-572
-497
-439
-393
-350
-323
-315
-316
-331
-361
-396
-447
-499
-534
-565
-575
-553
-508
-437
-323
-179
-19
160
349
531
706
863
984
1086
1160
1194
1212
1215
1196
1181
1177
1175
1188
1220
1257
1304
1350
1387
1405
1406
1379
1319
1242
1132
1003
871
730
599
486
393
326
289
275
287
314
344
372
391
397
382
347
302
237
166
103
41
4
-10
-4
35
99
171
260
350
427
493
534
544
519
471
392
288
174
55
-60
-167
-258
-334
-387
-421
-443
-457
-473
-497
-523
-564
-625
-690
-774
-865
-944
-1024
-1089
-1128
-1148
-1143
-1115
-1078
-1028
-973
-933
-913
-913
-930
-979
-1053
-1144
-1237
-1326
-1400
-1451
-1465
-1436
-1370
-1257
-1111
-950
-771
-592
-431
-293
-193
-133
-111
-130
-177
-243
-317
-383
-433
-458
-445
-396
-314
-201
-63
88
240
373
485
573
615
635
619
574
516
447
390
353
346
374
441
545
692
863
1043
1231
1410
1568
1696
1777
1816
1809
1751
1667
1547
1400
1255
1104
969
853
762
703
663
647
655
671
692
717
728
737
730
703
674
630
582
539
495
459
435
420
410
407
409
411
407
391
362
316
251
172
72
-39
-163
-298
-434
-578
-718
-851
-978
-1089
-1194
-1286
-1363
-1425
-1478
-1508
-1525
-1531
-1514
-1483
-1434
-1374
-1300
-1210
-1111
-1005
-896
-792
-695
-602
-528
-461
-412
-389
-374
-379
-402
-431
-466
-501
-533
-561
-583
-594
-591
-576
-541
-496
-442
-381
-316
-245
-172
-105
-32
40
106
175
238
303
378
451
526
598
670
727
783
828
853
861
850
816
768
701
624
545
464
385
318
264
222
203
204
214
232
266
306
339
373
407
443
475
498
526
557
593
647
712
774
841
907
978
1040
1088
1112
1118
1089
1027
939
824
694
540
383
217
52
-100
-234
-348
-440
-511
-566
-604
-628
-633
-619
-601
-587
-569
-557
-553
-556
-561
-563
-575
-594
-616
-638
-660
-673
-673
-678
-677
-680
-682
-677
-685
-684
-685
-696
-703
-714
-715
-716
-698
-669
-637
-605
-562
-511
-464
-422
-387
-351
-330
-323
-316
-316
-330
-345
-354
-369
-381
-379
-365
-344
-316
-273
-215
-147
-78
-1
82
160
227
289
343
395
439
468
502
527
546
569
594
621
645
675
699
720
732
742
760
767
762
753
743
726
712
703
696
679
662
648
635
620
611
609
601
588
570
551
538
531
523
516
498
474
453
425
399
370
334
288
222
154
83
12
-62
-135
-209
-297
-377
-439
-490
-535
-572
-605
-621
-633
-641
-632
-607
-570
-534
-488
-459
-437
-410
-387
-366
-353
-347
-352
-361
-374
-384
-388
-386
-376
-373
-373
-375
-384
-391
-405
-422
-447
-481
-512
-548
-579
-596
-604
-596
-583
-571
-547
-511
-473
-425
-370
-311
-256
-205
-153
-103
-62
-15
32
64
88
107
119
137
153
165
183
197
214
231
252
277
303
325
347
372
397
425
451
466
479
494
518
542
554
561
568
581
598
613
635
650
664
681
700
714
721
728
729
712
693
683
669
653
627
594
563
536
514
491
464
429
388
338
283
209
138
75
4
-83
-178
-272
-357
-430
-491
-545
-597
-641
-673
-693
-693
-694
-677
-643
-610
-572
-536
-499
-468
-432
-401
-375
-356
-352
-355
-363
-377
-390
-398
-406
-416
-419
-428
-428
-424
-424
-418
-411
-406
-403
-400
-400
-411
-419
-418
-415
-417
-413
-412
-406
-396
-378
-357
-329
-295
-263
-221
-187
-149
-103
-58
-17
11
46
71
100
129
150
174
198
236
270
301
347
388
426
465
502
535
559
577
575
564
556
537
511
476
440
394
361
341
319
310
305
303
309
321
332
335
347
353
351
352
357
358
358
356
348
349
355
359
353
341
325
298
264
215
156
92
34
-29
-100
-178
-249
-307
-352
-392
-418
-431
-444
-442
-431
-407
-380
-345
-301
-263
-227
-189
-154
-123
-93
-72
-52
-28
-16
-9
0
-3
-9
-10
-9
-19
-31
-49
-73
-100
-126
-161
-185
-206
-235
-258
-281
-301
-318
-321
-317
-321
-314
-302
-293
-275
-246
-216
-192
-160
-116
-83
-42
1
37
80
106
123
139
148
149
140
136
120
93
66
37
2
-28
-56
-76
-92
-103
-118
-126
-122
-124
-115
-86
-54
-24
10
36
71
113
157
195
241
291
326
357
391
411
419
427
424
413
403
388
357
325
286
239
201
164
121
81
42
0
-46
-89
-122
-149
-167
-178
-184
-178
-175
-163
-141
-120
-94
-64
-35
-10
19
39
52
58
58
69
67
54
40
21
3
-24
-56
-76
-103
-120
-139
-164
-188
-207
-217
-222
-228
-234
-231
-227
-218
-206
-195
-177
-153
-132
-105
-84
-62
-41
-23
-11
-3
4
2
-3
-8
-23
-38
-55
-72
-86
-108
-125
-141
-157
-164
-175
-181
-179
-174
-163
-154
-132
-109
-85
-57
-22
15
51
91
128
161
191
221
250
275
298
313
327
335
334
331
321
314
306
298
287
269
254
230
213
191
168
146
128
114
94
74
51
33
15
3
-9
-19
-28
-34
-43
-51
-49
-48
-49
-50
-46
-47
-50
-45
-46
-50
-57
-65
-70
-79
-90
-92
-95
-103
-111
-116
-116
-114
-116
-108
-102
-96
-88
-86
-77
-68
-65
-68
-61
-60
-61
-61
-69
-75
-87
-96
-100
-106
-115
-126
-129
-133
-133
-131
-129
-122
-116
-111
-95
-82
-70
-54
-50
-36
-22
-12
-2
6
14
19
25
31
34
38
40
46
53
56
65
75
87
99
105
110
118
132
139
139
135
128
126
120
108
93
75
62
48
32
12
-2
-8
-13
-16
-15
-8
-4
5
16
29
45
63
78
91
98
107
116
121
115
105
101
95
82
66
52
41
30
12
2
-9
-19
-24
-29
-32
-34
-32
-31
-30
-25
-24
-12
-6
-8
-7
-11
-14
-18
-24
-32
-41
-46
-60
-72
-82
-88
-91
-102
-111
-113
-108
-104
-104
-96
-85
-75
-65
-56
-44
-31
-26
-21
-13
-9
-5
-7
-9
-13
-15
-24
-30
-31
-40
-45
-45
-50
-47
-45
-40
-33
-26
-17
-9
4
12
26
39
43
54
61
64
70
67
68
68
66
65
57
52
47
39
35
28
17
12
8
6
0
-6
-5
-6
-7
-7
-10
-7
-5
-2
-1
2
3
3
8
11
10
6
3
4
2
-3
-9
-8
-11
-15
-10
-14
-13
-13
-5
2
5
9
16
21
25
34
37
39
39
38
39
34
24
11
7
2
-3
-10
-20
-28
-28
-25
-29
-40
-42
-32
-28
-24
-28
-38
-36
-31
-26
-28
-34
-32
-35
-33
-33
-34
-35
-31
-25
-22
-22
-18
-11
4
17
26
31
36
44
54
62
66
68
67
68
68
63
54
49
40
30
21
9
-3
-10
-19
-27
-32
-38
-39
-39
-43
-44
-38
-29
-18
-16
-14
-6
4
11
17
16
19
30
35
33
25
18
