7
6
8
8
6
6
6
5
4
3
2
1
-2
-4
-4
-6
-6
-6
-7
-6
-9
-9
-12
-13
-12
-12
-13
-15
-17
-16
-14
-13
-13
-12
-11
-11
-10
-9
-7
-5
-5
-3
-2
2
3
3
5
7
8
10
12
14
16
18
18
20
20
22
23
22
23
22
24
23
21
21
21
18
17
15
13
10
9
7
4
1
-1
-4
-9
-9
-11
-13
-16
-18
-19
-22
-25
-26
-27
-29
-29
-30
-29
-30
-30
-28
-29
-27
-26
-24
-21
-19
-18
-15
-12
-10
-6
-4
-1
1
5
8
11
14
17
21
25
26
27
30
33
33
33
33
34
34
34
35
33
33
29
29
28
25
21
18
16
13
10
6
2
0
-6
-9
-12
-14
-17
-22
-25
-28
-32
-34
-36
-39
-40
-40
-42
-44
-44
-43
-43
-42
-41
-39
-37
-36
-31
-28
-24
-22
-18
-13
-9
-5
0
4
8
11
16
21
26
31
35
38
41
44
47
48
51
52
53
53
53
51
50
49
48
44
41
36
31
29
23
17
11
3
-2
-9
-15
-21
-30
-36
-44
-51
-57
-64
-69
-74
-78
-84
-88
-91
-94
-96
-96
-97
-96
-93
-91
-87
-82
-78
-71
-66
-60
-52
-41
-31
-20
-10
1
11
22
34
45
56
67
78
90
100
108
117
124
130
135
140
144
147
150
152
152
151
146
141
134
127
120
113
106
97
87
71
59
42
28
14
-1
-14
-29
-41
-56
-71
-83
-99
-112
-124
-134
-145
-152
-161
-166
-170
-175
-178
-181
-183
-183
-180
-174
-166
-162
-155
-145
-135
-122
-110
-95
-81
-63
-46
-32
-13
4
22
40
56
73
92
110
127
140
154
165
175
184
193
200
206
209
209
209
206
201
194
181
173
161
149
135
118
104
84
62
38
16
-2
-22
-41
-58
-78
-100
-120
-137
-158
-174
-185
-196
-203
-211
-216
-220
-224
-224
-222
-219
-214
-204
-193
-181
-165
-147
-130
-112
-96
-77
-60
-39
-15
7
30
51
71
91
107
125
142
159
177
187
197
206
210
216
222
223
226
223
220
216
207
199
184
171
156
140
124
108
90
72
53
28
5
-19
-41
-62
-82
-96
-112
-131
-149
-167
-183
-194
-204
-211
-217
-219
-220
-219
-216
-212
-212
-210
-208
-199
-185
-166
-149
-131
-114
-97
-77
-60
-38
-18
7
30
53
77
102
130
152
173
189
206
225
244
267
283
295
305
312
316
314
312
311
309
300
284
267
247
228
206
182
154
124
94
60
25
-11
-47
-80
-113
-146
-175
-206
-237
-264
-290
-315
-339
-362
-381
-391
-395
-400
-405
-417
-423
-423
-416
-405
-399
-388
-373
-353
-331
-306
-285
-258
-228
-196
-168
-138
-106
-71
-28
15
58
98
139
172
206
236
270
303
327
349
369
392
408
427
442
450
456
470
482
487
485
479
474
469
456
440
425
407
391
370
345
320
298
273
247
218
186
157
124
91
52
12
-24
-55
-92
-136
-174
-209
-241
-276
-313
-350
-379
-407
-435
-462
-487
-511
-527
-535
-544
-546
-549
-548
-543
-532
-515
-500
-486
-466
-443
-409
-378
-355
-339
-332
-301
-268
-241
-220
-201
-182
-160
-127
-104
-83
-67
-44
-16
9
30
41
61
85
126
161
196
234
262
296
326
358
390
410
431
457
486
517
550
573
595
621
651
679
694
694
687
688
686
678
659
627
592
561
532
488
440
386
333
281
223
161
95
36
-27
-93
-156
-211
-262
-311
-357
-404
-445
-478
-510
-536
-556
-567
-572
-577
-586
-589
-591
-582
-566
-548
-531
-516
-499
-470
-431
-399
-385
-375
-345
-306
-278
-253
-233
-217
-202
-193
-178
-159
-157
-152
-151
-130
-113
-106
-100
-101
-92
-84
-68
-57
-51
-43
-37
-22
1
26
44
61
86
111
135
158
173
186
199
233
276
319
355
384
428
468
508
538
560
577
592
615
637
651
642
626
627
643
645
609
580
561
535
499
450
403
365
313
249
188
134
77
21
-20
-56
-106
-167
-217
-258
-314
-368
-403
-421
-433
-453
-473
-484
-488
-506
-521
-516
-496
-494
-494
-486
-473
-476
-478
-472
-469
-467
-456
-442
-436
-437
-439
-453
-465
-460
-446
-435
-422
-402
-392
-379
-369
-349
-333
-311
-278
-252
-213
-163
-126
-105
-67
-26
4
48
98
137
169
200
228
249
288
326
358
378
411
441
461
494
509
514
529
550
577
594
610
633
654
672
674
694
717
733
748
766
780
758
732
736
735
721
699
675
683
684
643
570
519
494
445
369
264
146
68
26
-23
-135
-263
-370
-468
-551
-633
-722
-793
-842
-906
-995
-1052
-1094
-1126
-1126
-1103
-1075
-1041
-976
-922
-877
-808
-733
-669
-588
-493
-411
-350
-294
-241
-210
-175
-130
-74
-48
-40
-41
-68
-92
-105
-123
-145
-156
-161
-190
-216
-234
-264
-292
-300
-285
-278
-267
-237
-228
-233
-214
-191
-164
-116
-62
-14
43
92
118
152
214
270
331
406
497
579
648
700
727
763
798
829
869
929
978
984
969
948
933
915
895
894
914
898
823
743
742
749
669
589
560
568
573
561
550
517
500
483
429
317
122
-35
16
209
239
69
-60
-129
-285
-482
-604
-624
-591
-607
-689
-770
-880
-1115
-1326
-1345
-1270
-1261
-1233
-1092
-1035
-1141
-1235
-1197
-1108
-1026
-897
-687
-477
-381
-399
-412
-343
-256
-155
4
196
291
251
207
197
136
61
95
211
273
247
164
42
-112
-240
-261
-205
-153
-142
-199
-273
-355
-492
-591
-569
-471
-381
-319
-303
-362
-436
-470
-440
-323
-150
29
187
299
331
303
306
381
532
732
901
984
986
908
808
794
868
968
1080
1189
1208
1100
922
809
780
757
778
920
1065
1046
982
987
930
804
747
714
624
571
648
834
1009
926
593
366
325
176
-60
-34
185
206
-16
-242
-440
-725
-1039
-1170
-1046
-857
-843
-972
-1057
-1149
-1366
-1531
-1433
-1197
-1002
-827
-663
-600
-680
-781
-736
-531
-303
-96
117
277
262
133
60
63
119
232
406
542
532
404
257
121
8
16
165
293
302
245
131
-38
-194
-282
-270
-162
-39
-17
-144
-400
-748
-1012
-1018
-860
-769
-806
-892
-1029
-1268
-1537
-1660
-1623
-1494
-1318
-1160
-1105
-1205
-1374
-1454
-1318
-1047
-755
-435
-137
-3
9
17
40
179
500
858
1131
1300
1229
973
832
818
836
1049
1330
1318
1195
1118
778
403
411
450
449
747
941
726
654
739
470
369
734
822
764
1086
1343
1255
1381
1593
1415
1340
1580
1569
1391
1520
1729
1724
1644
1456
1154
1017
963
710
486
542
518
162
-185
-343
-613
-1025
-1225
-1207
-1222
-1308
-1398
-1499
-1607
-1718
-1790
-1718
-1489
-1261
-1134
-1003
-849
-801
-819
-727
-485
-222
-4
174
258
247
208
154
107
186
359
441
437
425
329
134
-9
-53
-26
24
27
5
-77
-341
-694
-888
-862
-819
-854
-919
-1053
-1279
-1567
-1807
-1894
-1874
-1827
-1793
-1739
-1722
-1877
-2037
-2001
-1790
-1550
-1308
-978
-704
-592
-493
-328
-76
250
614
969
1264
1426
1380
1281
1344
1525
1638
1801
1990
1946
1812
1502
1212
1212
1074
1055
1013
1199
1288
760
595
735
593
344
776
997
772
1088
1215
858
910
1277
1171
1216
1872
1955
1639
1817
1819
1513
1606
1827
1519
1582
2100
1859
1176
1013
1014
533
216
351
347
44
-280
-605
-990
-1335
-1684
-1976
-1925
-1736
-1891
-2173
-2204
-2255
-2524
-2634
-2421
-2150
-1958
-1738
-1500
-1349
-1291
-1253
-1134
-906
-593
-329
-131
59
189
168
101
147
233
288
322
380
380
283
153
-2
-107
-192
-263
-365
-501
-560
-705
-934
-1052
-1149
-1309
-1431
-1520
-1607
-1696
-1781
-1869
-1918
-1886
-1907
-1911
-1823
-1699
-1672
-1577
-1339
-1181
-1013
-764
-420
-160
104
366
587
799
957
1179
1339
1629
1878
1834
2032
2172
1859
1828
2135
1638
1603
2200
1455
1291
1660
1412
834
1004
1495
620
632
1459
705
90
1424
1017
-30
1420
1565
279
1030
1990
794
658
2012
1379
775
1974
2017
1103
1601
2082
1065
1022
1755
1199
763
1506
1646
692
558
767
103
-360
-113
-264
-575
-477
-705
-1239
-1488
-1570
-2031
-2236
-1893
-1810
-2065
-2076
-1922
-2048
-2246
-2157
-1846
-1677
-1499
-1176
-991
-987
-824
-713
-687
-421
-135
-6
100
288
240
8
20
63
-68
-72
76
14
-139
-279
-473
-713
-918
-981
-1012
-935
-922
-1083
-1237
-1289
-1541
-1757
-1729
-1598
-1548
-1597
-1434
-1519
-1752
-1770
-1732
-1655
-1376
-1130
-996
-748
-595
-606
-518
-193
20
295
783
904
1145
1414
1264
1325
1738
1782
1725
2084
2326
2016
1514
2639
1726
904
3081
1775
1013
2253
2347
819
662
2903
744
811
2324
1366
1045
982
1957
502
768
2187
938
933
1708
1969
473
971
2414
658
827
2063
1608
699
1639
1987
759
1131
1819
830
379
1320
1013
145
628
1061
155
-225
155
-207
-837
-728
-668
-1072
-1279
-1261
-1872
-2072
-2058
-2364
-2610
-2411
-2232
-2693
-2645
-2429
-2618
-2695
-2451
-2141
-2105
-1878
-1506
-1504
-1344
-1112
-998
-865
-581
-301
-207
-112
23
-27
-42
-56
-125
-48
-8
-77
-284
-327
-387
-883
-854
-696
-900
-1076
-1002
-1075
-1493
-1526
-1519
-1584
-1539
-1396
-1440
-1472
-1542
-1678
-1681
-1503
-1313
-1250
-924
-629
-887
-550
-530
-286
-80
221
696
712
1275
1118
1317
1418
1756
1718
1935
2321
2356
2117
2072
2390
2195
1774
2183
2568
1827
1785
2199
1675
1151
1739
1570
1181
1636
1371
1056
1210
1053
889
561
1158
797
725
798
817
757
340
774
477
682
461
637
931
473
723
626
755
391
861
1122
578
1035
1208
816
252
854
726
140
573
924
480
-12
235
-117
-781
-616
-645
-960
-977
-904
-1462
-1879
-1842
-2182
-2482
-2351
-2039
-2210
-2418
-2154
-2189
-2508
-2388
-2015
-1930
-1767
-1288
-1129
-1111
-913
-770
-818
-549
-274
-180
5
241
267
72
136
182
-56
-161
53
150
-226
-253
-204
-437
-809
-718
-542
-808
-881
-680
-802
-1247
-851
-1115
-1485
-919
-879
-1193
-902
-695
-941
-955
-831
-622
-390
-259
-263
523
236
370
508
682
1042
656
1682
1406
1558
1568
1772
1769
1225
2241
1675
1771
1568
2293
1520
1076
2220
1209
1188
1557
1581
1013
882
1618
737
336
1471
686
260
1173
714
-248
1130
435
-160
609
607
164
303
382
138
588
17
32
706
559
-102
488
1141
75
303
1164
494
311
1010
977
303
883
1173
144
664
766
-42
232
399
102
-267
144
-357
-903
-726
-879
-1265
-1320
-1055
-1407
-1742
-1628
-1895
-2134
-2141
-2071
-1967
-1813
-1875
-1761
-1578
-1825
-1584
-1280
-1191
-1016
-605
-447
-516
-362
-148
-72
24
285
374
524
584
115
159
343
-36
-134
164
-6
-103
-301
-519
-471
-1094
-886
-616
-1381
-660
-799
-1378
-1339
-1076
-1565
-1385
-566
-1648
-500
-628
-1387
-191
-977
-697
309
-383
169
790
117
396
1282
-330
1203
1894
73
1448
2164
758
523
2498
565
741
1749
1560
1019
144
2529
758
-666
1895
1198
-221
770
1630
-382
797
562
311
385
49
1286
-295
379
918
562
-453
807
1354
-568
403
1764
173
-527
1904
610
-303
796
1610
235
-219
2171
326
45
1078
1006
543
383
1100
1139
-38
696
861
110
132
821
473
-231
676
228
-690
-223
345
-984
-525
220
-454
-1423
-336
-467
-1950
-993
-595
-1304
-1455
-585
-1113
-1592
-1073
-1072
-1260
-1145
-532
-834
-802
-347
-746
-444
-221
-396
-12
138
354
-126
378
364
-313
293
94
-49
113
178
-132
-285
-209
-547
-1041
-236
-981
-899
-860
-905
-1239
-1696
-722
-1903
-1277
-1167
-1277
-1119
-1646
-461
-1721
-1176
-614
-993
-445
-1191
405
-516
-957
538
-29
-824
1142
93
-68
938
695
-87
436
1398
32
532
1028
1083
-107
979
940
169
195
1871
-900
1105
1160
-1012
1270
439
-326
372
1194
-892
853
439
447
-435
1012
776
-946
1486
733
-145
724
1469
15
596
1593
222
863
1640
406
1018
1638
495
1145
1412
568
1493
1583
28
1791
1852
-346
1588
1943
157
1116
1868
502
465
1544
1055
-154
1483
1096
193
478
699
531
-177
284
622
-289
-121
478
-623
-730
77
-408
-1410
-80
-349
-1368
-819
-382
-1458
-1288
-353
-1321
-1338
-401
-889
-1534
-766
-578
-1459
-842
-520
-877
-775
-968
-295
-1166
-1110
-812
-578
-1231
-1281
-201
-1385
-1387
-1219
-766
-2019
-1384
-500
-2092
-1694
-923
-1072
-3021
-919
-248
-2889
-1295
-186
-1293
-2375
-134
-167
-2806
222
551
-1997
-710
1717
-791
-1943
1763
1183
-1905
287
2809
-652
-793
2140
1309
-1538
1974
1777
-1402
1740
2013
-1014
404
2695
186
-1078
1807
2663
-1893
78
3331
-488
-821
1891
1508
-991
826
2359
-1385
1164
2601
-912
222
2822
858
-1025
1977
2456
-557
972
2754
-161
1017
2766
-151
587
3051
691
-180
2006
1819
67
926
1655
615
1006
1176
244
1019
1460
-103
675
1540
101
470
862
325
496
204
649
73
509
347
-363
710
-174
-138
64
-20
-21
-331
-241
-59
-476
-947
-59
-502
-1205
-175
-778
-1399
-231
-1160
-1474
-775
-902
-1141
-1532
-699
-1266
-1332
-1370
-976
-1286
-1684
-770
-1455
-1108
-1680
-1157
-679
-2045
-1136
-718
-1723
-522
-1814
-1442
495
-2755
-726
-143
-2088
-148
-1287
-742
-622
-818
-665
-857
147
-827
-980
444
-96
-875
-968
1438
-713
-1702
1724
-498
-643
-17
714
-1176
349
137
-560
459
-190
199
-758
1153
-587
-627
1105
-10
71
-347
1078
1134
-1976
2182
661
-142
583
1146
1551
-752
2238
465
1208
975
1597
585
1627
2020
48
1950
1674
1212
491
2502
1177
927
1497
1413
1141
1364
993
929
1813
1116
739
674
1847
527
694
922
833
1069
938
343
207
1513
817
-657
902
1746
-455
82
1104
402
-435
530
753
-581
287
810
-873
115
501
-1097
2
106
-750
-660
-42
-548
-956
-527
-753
-835
-566
-956
-1053
-565
-1062
-827
-1102
-1386
-602
-762
-1893
-1087
-277
-1507
-1816
-483
-809
-2428
81
-1331
-2263
154
-1091
-2059
-1308
568
-2048
-2295
277
-299
-2656
-1521
1653
-2682
-2103
1407
-1839
-1584
-50
-48
-2059
-226
918
-2840
456
546
-1269
-1159
1102
412
-2147
577
1485
-838
-1802
3215
-522
-2017
2881
74
-1408
1901
944
-1254
1904
731
-201
788
1602
172
-199
2179
1294
-975
1258
2809
-384
-288
3069
1095
-1612
3825
772
-1113
2837
2051
-1007
756
3849
-1308
207
3649
-196
-655
3197
828
-1377
2165
1989
-1380
630
2666
-467
-662
1762
1086
-1073
842
906
-4
-259
982
322
-804
1022
470
-302
-583
1489
34
-1087
669
958
-757
-717
1279
196
-1465
524
1058
-1261
-826
1592
-378
-2032
1784
113
-2477
764
1392
-2963
-176
1911
-2002
-1405
949
-134
-2476
198
268
-1890
-1022
334
-1004
-2539
903
-861
-2739
233
-237
-2596
-1054
506
-2346
-2350
1491
-2114
-3256
1355
-1039
-2907
-1209
1299
-2840
-2217
1737
-2334
-2032
534
-210
-2478
-919
1656
-2172
-1564
1590
-999
-1556
1052
190
-1627
856
860
-977
-332
1569
108
-1158
1372
477
-115
534
452
412
841
248
394
1531
-1035
1772
1049
-709
1465
878
368
182
2266
-112
136
2297
588
47
1594
1757
-948
2554
1965
-1864
2871
1630
-566
1913
1125
1026
370
1771
967
-493
2441
291
-470
2231
361
-931
1948
458
-676
983
983
-1214
725
1282
-1378
600
763
68
-1206
1695
122
-1349
1349
152
-147
-591
1561
-284
-1211
1898
36
-804
28
1704
-699
-923
2332
-946
-523
963
439
-1175
2
1538
-1560
-127
347
-81
-1042
-550
841
-1508
-956
424
-513
-2438
246
239
-2876
-202
174
-2081
-1917
731
-1840
-2807
382
-701
-2650
-1398
622
-3015
-1145
-696
-1465
-1395
-1530
394
-3098
-389
-579
-1810
-1228
-291
-299
-2872
1299
-1219
-1204
38
-730
99
-776
133
71
3
-486
545
-304
524
441
97
-293
930
852
-873
1654
4
-7
1323
-25
892
399
559
388
68
1163
397
629
352
1859
-457
803
1081
198
1215
440
1884
94
1295
541
812
1510
596
1727
223
1462
1731
169
1147
1516
1211
-522
2278
1306
-677
2332
550
309
840
1113
310
251
2072
350
-401
1359
694
-383
1102
559
970
313
-777
1814
127
-363
1835
206
-1455
2232
976
-2939
2117
2245
-2147
117
2359
-1401
-1280
2362
-924
-1605
1724
105
-2514
224
1257
-2732
-1051
726
-1206
-1525
-333
-988
-2198
-979
-489
-2020
-1602
-76
-2155
-2203
-756
-1536
-2279
-543
-1505
-2432
-696
-1627
-2039
-1120
-700
-2705
-607
-650
-2706
-731
-583
-1404
-2712
803
-837
-2352
491
-745
-1794
-282
255
-2122
887
-199
-1236
1099
-1559
-302
1881
-1899
198
2044
-1851
141
2389
-1059
-1094
2535
-498
-326
2053
-492
-84
1409
-432
1072
476
228
1308
873
-212
-379
2576
118
160
1617
826
87
1762
1310
-971
2380
1666
-185
1785
1138
1035
950
1746
355
1449
2092
40
1838
593
609
2280
1084
412
885
1658
1199
86
1283
1046
1326
57
638
1328
606
546
641
700
566
1237
-106
-450
1397
1088
-452
6
1626
567
-866
694
469
357
-150
344
-114
13
441
-658
-429
-45
-414
-355
-897
-774
-101
-1330
-1411
-616
-569
-2116
-1280
-272
-1980
-1814
-512
-1540
-2176
-1170
-1111
-2074
-1326
-1096
-1741
-1386
-1149
-1257
-2134
-881
-520
-1302
-2054
-372
-228
-2721
-406
-458
-1155
-1056
145
-1482
-1538
765
-1147
-1835
527
320
-2773
437
406
-1934
-389
565
-478
-855
541
4
-1339
-17
1224
-1075
-51
1450
-583
399
160
924
-397
-362
2949
-529
-596
2580
955
-1356
1898
1879
-960
1957
2339
-520
1332
2186
864
-206
2498
2674
-692
1597
2576
216
1031
2967
-106
1034
2674
1277
75
1762
1765
717
646
1374
1613
48
1484
1204
664
707
1408
795
77
1155
1367
-120
1566
1112
247
837
976
924
612
1365
806
995
346
222
1244
512
-471
744
708
-518
-159
353
-946
-997
299
-1702
-1266
-114
-1790
-1770
-1654
-1312
-2096
-2216
-1809
-1869
-2515
-2038
-1828
-2446
-1997
-1960
-2473
-1777
-1424
-1668
-1584
-1923
-903
-1224
-1685
-1295
-666
-713
-971
-779
-1278
-680
-320
-1229
-521
-1022
337
-1082
-1773
545
-1365
-1223
138
-711
-803
318
-1136
-1207
108
-568
-250
-467
388
377
-1076
596
-655
173
399
62
814
776
259
-327
1243
85
858
833
453
1318
1417
872
-212
1075
2032
462
1026
2350
382
722
1800
1145
396
2034
1626
116
1780
2130
215
490
2245
687
255
1943
2132
-659
1121
2309
256
576
2308
244
-112
2802
969
56
1225
2343
4
568
2363
1289
335
2044
1464
-255
1129
1297
-60
262
1451
-51
-359
339
159
-1092
-664
-186
-936
-1277
-547
-1389
-1829
-1572
-1550
-1719
-2271
-1416
-2131
-2108
-1558
-1753
-2097
-1799
-1507
-1600
-1569
-549
-1051
-1373
-439
-996
-484
-364
2
-680
-242
371
-458
-76
-1030
-717
65
-266
-299
-657
-1188
-1255
-956
-1560
-1391
241
-1358
-2227
-670
-1360
-1779
-640
-700
-1913
-461
241
-1571
-781
168
-1167
-206
1059
-106
-866
1128
392
-803
1404
1145
229
632
1092
153
1172
1675
-221
1091
1399
1087
434
1024
1487
-199
1604
806
845
1553
591
664
1104
1015
770
1332
984
1494
717
1214
1219
914
1586
757
1860
1357
2083
1069
863
1975
1064
1948
1717
2038
1136
1646
2286
801
2090
2206
1162
1871
1849
1938
1326
1518
233
94
607
535
1115
391
-5
-611
-1033
-1472
-1040
-560
-1272
-1272
-1336
-2092
-2211
-2212
-2409
-2507
-1924
-1878
-2100
-2045
-1742
-2153
-2259
-1727
-943
-813
-1265
-660
-671
-676
-373
-438
-29
200
167
-164
-109
286
-216
-700
-376
6
-384
-353
-716
-1088
-1509
-2180
-1539
-854
-895
-1638
-1907
-1723
-2215
-2229
-1592
-1185
-1177
-847
-1453
-1483
-1067
-1284
-1404
-129
345
-21
-169
-430
-137
-425
646
819
938
897
591
784
269
663
623
1414
1155
1085
813
361
1494
266
428
815
1154
673
588
990
4
598
349
626
983
1308
1002
373
1362
479
505
1836
1210
1823
1528
1451
1377
1096
1290
1587
2720
1827
1793
1704
1514
1401
1750
2193
2119
2505
2032
1293
1684
1980
1414
833
539
432
764
905
587
64
-700
-765
-1499
-1483
-839
-857
-1517
-2075
-1856
-2686
-2549
-2401
-2461
-2330
-1977
-2144
-2361
-1880
-2094
-2228
-1611
-892
-755
-460
-654
-674
-340
-70
49
542
710
452
237
304
295
328
127
28
198
-37
-453
-564
-448
-1228
-1256
-878
-1434
-2068
-1826
-1913
-1547
-1385
-2307
-2244
-1914
-2117
-2432
-1572
-1089
-1413
-1684
-1242
-1047
-1313
-858
-440
-195
-150
418
84
292
848
601
630
1126
1687
873
1160
1994
1239
1052
1743
1226
1376
2095
1544
1177
1037
1680
560
319
1288
1627
568
379
1534
139
798
1153
521
1010
1766
1059
481
1763
1464
592
1875
2708
1270
1167
2113
1366
1679
2476
1891
2074
2113
1667
1377
2324
2499
1567
2064
2431
2253
1750
1050
-33
84
1145
1123
1190
860
-231
-1395
-1623
-1320
-1047
-564
-1117
-1976
-2093
-2454
-3134
-2982
-2258
-2585
-2347
-2051
-2203
-2416
-2844
-2545
-2128
-1204
-609
-631
-752
-639
-888
-652
478
855
788
608
478
482
442
549
359
319
438
161
-137
-282
-512
-1164
-1147
-1150
-995
-1049
-2029
-2472
-2805
-2381
-2088
-2176
-2253
-2486
-2635
-3263
-2918
-2343
-2121
-2073
-1739
-1655
-1975
-1708
-1647
-1212
-575
-227
204
98
282
212
299
869
1574
1595
1402
1837
1701
1325
1586
2656
1313
2392
2519
1418
1493
1611
1536
1076
1683
1054
1554
1230
1217
208
1099
1598
995
1373
1070
1806
1473
807
1437
1986
2088
2110
1497
2127
2052
2423
1692
1691
2566
2692
2397
1826
2458
2349
1813
1318
1226
1979
3126
1992
71
-455
401
621
250
26
261
-190
-1540
-2559
-2391
-1101
-1688
-2658
-2718
-2136
-2703
-3862
-3885
-3043
-2583
-2920
-2792
-2230
-2362
-3236
-3025
-1984
-848
-541
-944
-712
-471
-502
-505
205
1326
1190
797
647
795
1026
638
491
721
1113
679
76
-121
-343
-709
-921
-663
-640
-961
-2092
-2788
-2542
-2333
-2187
-2324
-2267
-2771
-3234
-3478
-3359
-2476
-2338
-2319
-2379
-1911
-2053
-2207
-1695
-1220
-557
-260
66
32
370
552
648
1261
1852
2029
1675
1849
1947
1949
2478
2546
2412
2409
2203
1661
1708
2306
1757
1599
1750
1080
1249
1366
1088
1021
1470
1551
1090
1335
1340
1447
1801
1804
2131
2425
2518
1962
2116
2841
3209
3419
2816
2910
2893
2735
2873
3429
3807
3459
2678
1781
901
354
881
2078
2416
943
-833
-1473
-1458
-2131
-1988
-1001
-657
-2073
-3801
-3970
-3510
-3626
-3856
-3134
-2275
-2527
-3729
-3948
-3216
-2721
-2377
-1413
-402
-564
-1267
-1385
-653
310
866
1288
1548
1471
1016
705
993
1477
1703
1466
1181
1041
661
61
-451
-423
-131
-340
-878
-1307
-1607
-2024
-2325
-2343
-2467
-3146
-3531
-3137
-2722
-3048
-3681
-3905
-3662
-3389
-3301
-2904
-2522
-2714
-3081
-2865
-2005
-1412
-1378
-1147
-873
-554
-139
61
344
858
1217
1411
1661
1829
1839
1842
1868
2120
2389
2484
2253
1885
1915
2025
1643
1373
1638
1285
1224
1291
966
708
784
1028
736
970
1117
1291
1275
1094
1318
1914
2398
2145
2304
2616
2939
2845
3013
3651
3798
3630
3610
3795
3598
3806
4041
3804
3655
3556
3006
1704
684
827
2044
2404
738
-753
-948
-1321
-2482
-2706
-1671
-1368
-2749
-4397
-4382
-3884
-4279
-4862
-4283
-3418
-3558
-4130
-4482
-3928
-3290
-2972
-2301
-1367
-1070
-1347
-1289
-814
220
1113
1203
1128
1264
1361
1276
1475
1822
1933
1564
1006
922
949
568
-73
-339
-345
-701
-1121
-1618
-2001
-2054
-2272
-2473
-2910
-3739
-4427
-4121
-3444
-3170
-3437
-4321
-4672
-4464
-3902
-3380
-2991
-2686
-2859
-2991
-2861
-2031
-1268
-958
-555
-41
542
467
506
1074
2018
2644
2790
3010
3040
3063
2793
3105
3692
3841
3602
3040
2813
2439
2262
2102
2116
2172
1745
1440
980
681
538
691
956
1024
930
815
1080
983
1123
1492
1979
2440
2266
2300
2734
3389
3510
3286
3207
3506
4199
4265
4044
3951
4060
3989
3210
2142
1479
1708
2292
2581
1851
343
-985
-1553
-1460
-1483
-1400
-1446
-2252
-3680
-4748
-4445
-3772
-3820
-4312
-4211
-3835
-4240
-4808
-4535
-3497
-2812
-2591
-2202
-1628
-1553
-1765
-1143
50
986
1242
1306
1350
1221
1317
1808
2570
2797
2361
1793
1520
1476
1379
1367
1314
1072
467
-303
-845
-937
-928
-1089
-1242
-1426
-1922
-2877
-3824
-4248
-3985
-3218
-2636
-2941
-4157
-5304
-5316
-4393
-3493
-3043
-3012
-3188
-3573
-3886
-3303
-2009
-1037
-803
-731
-581
-453
-215
457
1470
2310
2591
2487
2398
2316
2490
2942
3462
3797
3621
2926
2159
1916
2035
2503
2508
1827
1455
1016
391
225
647
977
1009
480
-100
309
840
1032
957
1099
1735
1945
1677
1941
2847
3126
2979
3131
3487
3856
3704
3503
3870
4422
4225
3177
2137
1680
1911
2461
2747
2067
590
-476
-948
-1324
-1423
-1053
-1097
-2278
-3631
-4210
-3999
-3969
-4345
-4229
-3843
-3949
-4635
-4900
-4386
-3815
-3469
-2910
-2058
-1861
-2129
-2010
-1345
-361
510
1036
1067
1015
1092
1319
1750
2107
2345
2345
2038
1544
1348
1527
1446
1154
952
728
251
-391
-756
-858
-839
-851
-1122
-1667
-2349
-2874
-3364
-3626
-3306
-2679
-2394
-3300
-4637
-4888
-3890
-3168
-3260
-2941
-2516
-2779
-3503
-3326
-1928
-772
-587
-755
-405
-38
176
618
1509
2568
2834
2653
2589
2768
2974
3413
3943
4023
3924
3335
2661
2404
2672
2917
2742
2313
1397
856
551
345
473
741
866
213
-383
-428
59
252
291
986
1239
1211
1073
1120
1622
2493
3089
2984
3134
3100
2977
3123
3602
4137
4007
3282
2181
1512
1730
2608
3022
2100
759
-232
-753
-1006
-1085
-1010
-1116
-1861
-3223
-4119
-4055
-3796
-3873
-4008
-3952
-4004
-4330
-4514
-4357
-3848
-3143
-2555
-2217
-2069
-1867
-1562
-889
-43
592
1049
1310
1424
1448
1768
2250
2568
2601
2405
2286
2173
2094
1853
1674
1628
1427
1017
440
46
-270
-418
-551
-783
-1061
-1540
-2157
-3040
-3690
-3697
-2994
-2396
-2983
-4257
-4970
-4512
-3999
-3753
-3261
-2808
-3007
-3711
-3654
-2668
-1592
-1187
-1038
-589
-228
-115
89
956
2030
2576
2698
2775
2907
2980
3292
3771
4192
4281
3864
3310
2953
2962
3012
2872
2497
1999
1535
936
455
372
555
469
-34
-301
-259
-286
-469
-273
301
544
537
609
922
1274
1632
1949
2149
2367
2509
2717
2959
3094
3028
2699
2090
1317
1205
2041
2689
1962
295
-714
-790
-802
-1067
-1181
-1198
-1918
-3178
-4059
-4011
-3638
-3669
-3847
-3962
-4077
-4457
-4704
-4468
-3882
-3087
-2627
-2609
-2784
-2525
-1933
-1287
-443
322
774
657
560
816
1409
2017
2307
2502
2401
2103
1690
1688
2024
2184
2098
1667
1225
642
295
264
338
323
-39
-451
-1056
-1555
-2192
-2880
-2856
-1915
-1079
-2045
-3854
-4621
-3755
-2729
-2578
-2494
-2293
-2455
-3309
-3460
-2298
-950
-480
-739
-688
-498
-275
100
1006
2109
2645
2656
2350
2385
2794
3500
4054
4210
4171
3827
3430
3029
3089
3432
3466
2913
2094
1692
1362
1025
811
960
1013
509
-21
-215
-92
-154
-69
341
631
576
384
564
889
1253
1528
1765
1969
2001
2038
2127
2286
2152
1505
665
539
1477
2204
1453
-250
-1199
-1075
-887
-1144
-1292
-1239
-1821
-3141
-4042
-3651
-2984
-3084
-3644
-3747
-3565
-3765
-4076
-3976
-3229
-2527
-2252
-2329
-2362
-2106
-1738
-1049
-248
471
744
630
496
584
1294
2051
2456
2352
2098
1892
1634
1722
1983
2304
2231
1771
1267
831
678
555
697
870
734
183
-570
-887
-1343
-2030
-2260
-1213
-157
-1157
-3237
-4102
-3018
-2067
-2164
-2220
-1877
-1979
-3074
-3447
-2383
-949
-557
-1055
-1184
-1008
-740
-581
108
1135
1803
1837
1360
1279
1702
2597
3224
3396
3381
3166
2867
2493
2756
3346
3550
2906
1997
1677
1556
1481
1317
1385
1249
796
463
299
297
110
333
707
879
674
405
549
790
1102
1255
1553
1766
1611
1397
1422
1667
1035
-61
-394
662
1631
909
-691
-1814
-1936
-2082
-2078
-1574
-1308
-2298
-4143
-4809
-4019
-3111
-3274
-3818
-3837
-3732
-3839
-3984
-3450
-2740
-2288
-2080
-1882
-1641
-1520
-1150
-677
31
750
1187
1022
572
692
1291
1955
2158
2076
1741
1228
963
1117
1648
1752
1354
611
137
28
-34
-23
-104
-101
-431
-849
-1185
-1323
-1728
-2643
-2845
-1833
-576
-1111
-2900
-3835
-3138
-1969
-1661
-1416
-1082
-1138
-2034
-2449
-1164
518
1010
206
-69
356
888
1175
1556
2270
2679
2721
2356
2344
2798
3339
3562
3491
3728
3774
3419
2888
2981
3596
3768
3267
2461
2157
2038
2006
2036
2186
2194
1716
1195
874
1133
1580
1867
1723
1400
1373
1437
1546
1556
1722
1901
1863
1781
1750
1750
1026
-168
-990
-479
764
1014
-246
-2123
-3105
-3317
-3137
-2783
-2397
-2602
-4074
-5660
-6052
-5012
-4063
-4128
-4549
-4773
-4694
-4783
-4477
-3741
-2862
-2289
-2032
-1725
-1570
-1311
-887
-87
821
1469
1696
1355
1073
1165
1746
2413
2641
2373
1696
1085
810
1141
1620
1592
1079
344
-289
-600
-513
-236
-320
-704
-1112
-1357
-1494
-1720
-1890
-2518
-3107
-2790
-1450
-737
-1978
-3514
-3662
-2305
-1363
-1217
-964
-782
-1198
-1975
-1276
457
1581
1149
382
636
1214
1828
1991
2380
2721
2868
2797
2591
2905
3072
3256
3179
3418
3733
3382
2742
2303
2900
3425
3350
2624
2077
2033
1818
1962
2335
2845
2427
1516
1137
1543
2430
2552
2386
2100
2092
2104
2010
2258
2480
2643
2232
1874
1873
1825
1044
-471
-1212
-620
511
393
-1114
-2878
-3771
-3782
-3742
-3484
-3186
-3432
-4895
-6516
-6749
-5732
-4787
-4899
-5347
-5561
-5387
-5197
-4937
-4293
-3498
-2795
-2458
-2148
-1822
-1366
-942
-478
373
1262
1836
1537
972
951
1574
2147
2215
2201
1674
867
377
679
1193
1078
490
-391
-853
-1065
-912
-794
-1053
-1418
-1898
-1890
-1996
-1932
-2477
-3697
-3991
-2820
-885
-1127
-2817
-3941
-3539
-2473
-1948
-786
-59
-431
-1853
-2294
-664
1238
2065
1503
1236
1239
1630
2145
2793
3577
3661
3532
3168
3479
3813
3848
3742
3726
4334
4360
3898
3090
2986
3388
3554
3587
3408
3176
2269
2005
2695
3684
3872
3143
2651
2307
2669
3194
3942
4205
3624
3060
2696
3183
3615
3906
3580
2921
2650
2167
1436
26
-615
-250
360
272
-1104
-2506
-3796
-4461
-4589
-3882
-2921
-3270
-4866
-6815
-7127
-6163
-4946
-4395
-4672
-4992
-5344
-5143
-4641
-3607
-2691
-2362
-2125
-1845
-1119
-761
-649
-456
214
1197
1763
1828
1217
716
527
825
1470
1776
1298
83
-860
-1112
-716
-302
-464
-1166
-2097
-2752
-2847
-2524
-2053
-2018
-2523
-3055
-3107
-2681
-3297
-4355
-4174
-2278
-725
-1579
-2881
-3379
-3001
-2761
-1907
61
983
96
-1911
-2277
-765
1153
2117
1973
1638
995
908
1203
2266
3360
3648
3219
2554
2899
3257
3344
3075
3338
4117
4254
3880
3205
2988
2835
2965
3481
4003
3833
2870
2413
2718
3587
4131
4331
4059
3513
3302
3537
4308
4750
4755
4255
3915
3971
4120
4136
3823
3730
3267
2223
656
-327
-142
288
237
-862
-2175
-3572
-4774
-5374
-5061
-4166
-4121
-5138
-6752
-7550
-7294
-6543
-5794
-5358
-5072
-5325
-5563
-5329
-4288
-3046
-2434
-2078
-1637
-876
-401
-145
145
618
1262
1733
2173
2243
1962
1357
906
1061
1406
1484
865
-31
-869
-1391
-1524
-1484
-1475
-1996
-2858
-3584
-3767
-3521
-3280
-3248
-3533
-3781
-3953
-4399
-4929
-4611
-3084
-1707
-1800
-2769
-3232
-3016
-2654
-1811
-230
1044
858
-384
-1074
-483
814
1931
2496
2477
1964
1448
1305
1754
2558
3142
3128
2716
2472
2461
2440
2234
2204
2613
3118
3297
3006
2485
1979
1828
2209
2961
3493
3408
3056
2861
3133
3714
4403
4894
4982
4932
4889
5137
5525
5868
5989
5914
5942
5926
5831
5492
5186
4798
3935
2690
1347
839
1016
1245
611
-1002
-2698
-4091
-4703
-4800
-4336
-3916
-4343
-5634
-7153
-7494
-6851
-5807
-5131
-4847
-4752
-4991
-4898
-4381
-3232
-2205
-1564
-1059
-625
-26
282
566
737
1091
1649
2138
2494
2201
1540
688
333
428
527
449
-136
-1010
-2148
-2868
-3017
-2851
-2891
-3467
-4127
-4639
-4724
-4678
-4540
-4464
-4539
-4778
-5190
-5258
-4709
-3593
-2727
-2519
-2782
-2892
-2590
-2076
-1208
-168
759
968
647
416
692
1412
2060
2560
2708
2616
2408
2276
2309
2420
2675
2869
2941
2799
2519
2213
1906
1724
1817
2223
2607
2611
2104
1472
1089
1198
1688
2282
2714
2758
2690
2586
2849
3323
3908
4484
4824
5149
5115
5193
5198
5289
5464
5603
6038
6089
5949
5236
4546
3907
2979
1882
611
441
772
1011
26
-1886
-3596
-4945
-5300
-5257
-4398
-3778
-4194
-5736
-7571
-7902
-7106
-5571
-4725
-4382
-4342
-4423
-4171
-3907
-3023
-2205
-1224
-496
81
671
897
1092
818
912
1324
2164
2772
2461
1599
413
-155
-398
-309
-255
-516
-1131
-2233
-3214
-3815
-3919
-3872
-4039
-4281
-4481
-4583
-4601
-4799
-4907
-5230
-5424
-5291
-4631
-3402
-2750
-2535
-3127
-3388
-3150
-2336
-977
-46
801
645
493
309
689
1624
2347
3052
2876
2825
2554
2738
3025
3121
3257
3040
3226
3141
3237
2994
2649
2280
1908
2078
2261
2648
2415
1958
1293
862
930
1243
1956
2272
2476
2252
2226
2423
2780
3412
3881
4586
4850
4989
4834
4740
4935
5084
5469
5565
5658
5308
4732
4184
3651
3187
2166
1075
275
281
642
422
-641
-2398
-3879
-4684
-4604
-4007
-3503
-3558
-4375
-5415
-6108
-5990
-5228
-4297
-3641
-3420
-3332
-3065
-2536
-2013
-1687
-1434
-910
-34
905
1469
1480
1132
729
652
975
1560
1951
1788
1090
140
-597
-1060
-1201
-1236
-1337
-1650
-2324
-3050
-3703
-4019
-4147
-4192
-4098
-3993
-3811
-3938
-4255
-4670
-4871
-4559
-3922
-2956
-2269
-1924
-2058
-2374
-2361
-1963
-1001
-50
740
1039
991
950
1009
1432
1854
2336
2603
2728
2793
2790
2885
2803
2641
2327
2173
2329
2711
3043
2864
2245
1413
963
1071
1557
2029
2080
1734
1146
724
692
1025
1422
1643
1725
1837
2131
2432
2582
2544
2501
2670
3019
3438
3769
3925
3891
3690
3416
3190
3083
3048
2991
2886
2718
2468
2052
1406
592
-266
-896
-1116
-888
-490
-422
-1054
-2382
-3803
-4604
-4329
-3243
-2135
-1767
-2391
-3500
-4377
-4464
-3826
-2917
-2225
-1987
-1986
-1950
-1693
-1379
-1261
-1382
-1537
-1366
-809
-81
365
236
-406
-1194
-1654
-1633
-1234
-850
-772
-1101
-1722
-2325
-2753
-2893
-2833
-2671
-2514
-2431
-2416
-2489
-2591
-2751
-2863
-2873
-2675
-2213
-1632
-1083
-860
-978
-1291
-1482
-1288
-739
-21
480
629
423
134
14
121
434
707
932
1032
1096
1165
1176
1156
1032
961
992
1227
1587
1887
2048
1937
1730
1513
1489
1688
2022
2439
2669
2748
2594
2353
2201
2234
2554
2927
3260
3272
3027
2723
2528
2676
2953
3223
3211
2946
2593
2328
2344
2443
2531
2342
1896
1382
986
969
1145
1377
1324
915
315
-226
-306
9
564
851
545
-325
-1412
-2018
-1850
-880
236
785
369
-872
-2122
-2733
-2292
-1229
-253
26
-541
-1418
-2104
-2163
-1826
-1468
-1427
-1732
-2002
-2035
-1696
-1347
-1268
-1605
-2212
-2653
-2717
-2300
-1733
-1325
-1321
-1721
-2244
-2664
-2714
-2436
-1953
-1526
-1389
-1527
-1856
-2069
-2043
-1759
-1414
-1246
-1283
-1487
-1558
-1416
-1080
-767
-704
-870
-1176
-1326
-1241
-916
-543
-333
-325
-548
-756
-875
-774
-498
-177
137
280
350
339
387
511
686
929
1136
1393
1580
1803
1997
2159
2345
2460
2633
2749
2917
3055
3144
3166
3070
2974
2863
2931
3043
3182
3202
3000
2695
2365
2218
2212
2298
2335
2289
2207
2104
2046
1899
1638
1243
859
715
865
1270
1568
1541
1055
320
-260
-428
-73
423
712
376
-516
-1567
-2267
-2199
-1594
-813
-541
-962
-1917
-2856
-3210
-2929
-2186
-1649
-1535
-1932
-2413
-2572
-2350
-1833
-1543
-1546
-1895
-2164
-2081
-1613
-933
-559
-573
-1069
-1587
-1840
-1657
-1117
-673
-473
-759
-1227
-1688
-1897
-1789
-1648
-1516
-1660
-1864
-2070
-2120
-1973
-1883
-1836
-2087
-2344
-2546
-2486
-2141
-1797
-1464
-1488
-1549
-1663
-1562
-1208
-823
-382
-228
-57
19
269
622
944
1253
1270
1307
1229
1369
1616
1930
2264
2370
2467
2342
2296
2232
2269
2431
2587
2854
2922
2938
2701
2425
2235
2186
2417
2608
2801
2694
2485
2218
2018
2030
2064
2234
2313
2455
2526
2550
2493
2285
2167
2054
2184
2365
2557
2579
2351
2042
1662
1501
1400
1356
1099
480
-434
-1537
-2319
-2659
-2373
-1863
-1512
-1679
-2470
-3437
-4257
-4401
-4028
-3299
-2675
-2379
-2334
-2408
-2251
-1959
-1506
-1175
-961
-794
-546
-64
485
1019
1235
1164
860
584
515
631
820
808
574
53
-518
-1027
-1346
-1580
-1869
-2276
-2848
-3328
-3691
-3717
-3640
-3523
-3617
-3949
-4292
-4602
-4435
-4107
-3463
-2999
-2629
-2392
-2209
-1709
-1239
-492
-53
405
696
1028
1545
1941
2479
2613
2785
2721
2743
2837
2841
2974
2831
2820
2619
2514
2350
2135
2055
1866
1858
1683
1557
1342
1138
1110
1123
1344
1381
1402
1262
1182
1238
1376
1696
1950
2299
2533
2807
3019
3230
3468
3584
3740
3754
3830
3842
3880
3913
3805
3652
3251
2852
2352
1769
948
-322
-1748
-3240
-4048
-4218
-3809
-3377
-3524
-4141
-5318
-6096
-6508
-6168
-5559
-5048
-4665
-4526
-3991
-3335
-2241
-1288
-611
-291
-330
-95
310
1268
2160
2904
3229
3107
2947
2686
2726
2597
2325
1632
683
-131
-801
-1090
-1419
-1893
-2750
-3911
-4922
-5622
-5693
-5513
-5374
-5501
-6042
-6537
-6887
-6641
-6030
-5333
-4704
-4508
-4076
-3606
-2580
-1543
-568
154
446
887
1222
2017
2671
3278
3531
3502
3522
3424
3616
3669
3784
3626
3329
2964
2567
2432
2405
2582
2682
2658
2431
2062
1774
1639
1799
2114
2430
2655
2684
2659
2534
2534
2594
2825
3143
3534
3927
4243
4586
4741
4840
4681
4544
4296
4274
4271
4369
4384
4203
3977
3466
3137
2307
1417
-214
-1902
-3493
-4392
-4324
-4069
-3469
-3751
-4050
-4926
-5373
-5611
-5628
-5331
-5446
-5038
-4799
-3725
-2684
-1440
-507
-125
176
27
444
753
1515
1982
2360
2615
2647
2889
2837
2951
2551
1986
1036
70
-660
-1328
-1705
-2251
-2741
-3430
-4132
-4677
-5094
-5160
-5300
-5436
-5729
-6126
-6293
-6460
-6153
-5842
-5279
-4802
-4503
-3994
-3670
-2848
-2337
-1590
-1149
-736
-223
105
821
1176
1762
1904
2052
2076
1990
2087
1969
2099
1948
1890
1694
1623
1746
1912
2147
2221
2304
2306
2326
2399
2561
2824
3114
3298
3437
3447
3439
3377
3387
3541
3710
3976
4095
4296
4451
4652
4750
4633
4463
4095
3917
3681
3620
3504
3387
3301
3117
3036
2658
1994
718
-1081
-2788
-4101
-4259
-4076
-3547
-3528
-3677
-3919
-4132
-4015
-4004
-3794
-3938
-4032
-3960
-3443
-2297
-1208
-109
395
788
982
1252
1665
1880
2001
1699
1521
1462
1695
1984
2054
1897
1394
717
-26
-738
-1266
-1890
-2487
-3202
-3785
-4160
-4354
-4277
-4206
-4133
-4258
-4470
-4585
-4813
-4919
-5176
-5042
-4768
-4336
-3958
-3641
-3037
-2556
-2063
-1969
-1829
-1674
-1495
-1290
-1180
-800
-486
-144
-29
16
66
37
34
-130
-221
-350
-246
45
521
996
1367
1722
2048
2367
2578
2850
3155
3543
3795
3929
4039
4171
4360
4453
4616
4768
4947
5030
5031
5125
5223
5395
5340
5170
4886
4616
4439
4226
4074
3871
3752
3655
3497
3285
2774
1894
405
-1375
-2828
-3550
-3417
-3133
-2852
-2819
-2768
-2702
-2682
-2495
-2349
-2129
-2244
-2385
-2309
-1802
-867
-41
731
1166
1555
1786
1959
2053
1872
1568
1058
739
515
452
403
325
253
-5
-375
-936
-1461
-1997
-2531
-3112
-3707
-4152
-4428
-4382
-4135
-3736
-3367
-3089
-2957
-3093
-3425
-3820
-3964
-3850
-3675
-3585
-3477
-3077
-2484
-1963
-1710
-1657
-1586
-1656
-1845
-2135
-2204
-2040
-1855
-1773
-1821
-1721
-1557
-1355
-1316
-1395
-1487
-1539
-1365
-1108
-698
-269
279
871
1374
1793
2145
2660
3163
3530
3664
3706
3894
4097
4331
4447
4684
4922
5100
5179
5172
5311
5303
5249
4868
4575
4310
4232
4126
3946
3846
3660
3608
3285
3071
2568
1903
709
-782
-1983
-2722
-2667
-2701
-2480
-2457
-2088
-1849
-1684
-1446
-1211
-743
-840
-927
-1130
-679
-34
559
990
1197
1675
1898
2188
2104
2041
1719
1198
579
-91
-439
-765
-896
-1261
-1600
-1976
-2193
-2306
-2504
-2837
-3459
-4012
-4479
-4628
-4615
-4352
-3905
-3399
-2960
-2797
-2698
-2622
-2386
-2308
-2431
-2667
-2689
-2399
-2046
-1717
-1430
-968
-561
-391
-581
-785
-833
-930
-1270
-1824
-2124
-2165
-2035
-2104
-2209
-2208
-2064
-1932
-1972
-1912
-1756
-1387
-1141
-922
-644
-99
668
1351
1933
2357
2852
3244
3456
3463
3445
3588
3769
3918
4043
4283
4675
4856
4842
4599
4527
4536
4429
4219
3857
3878
3792
3864
3612
3480
3137
2312
1070
-532
-1411
-2036
-2057
-2366
-2380
-2193
-1786
-1279
-1009
-290
245
822
668
529
624
1182
1864
2119
2371
2537
3037
3232
3382
3369
3377
3135
2464
1650
877
452
-56
-683
-1472
-2038
-2368
-2623
-2892
-3244
-3515
-3900
-4301
-4687
-4818
-4648
-4415
-4192
-4045
-3743
-3425
-3136
-2876
-2605
-2248
-2108
-1956
-1831
-1408
-988
-650
-423
-194
126
241
276
215
309
226
-64
-475
-767
-887
-1068
-1320
-1625
-1757
-1877
-1988
-2073
-1998
-1816
-1681
-1624
-1540
-1301
-946
-536
-127
342
757
1110
1284
1440
1554
1719
1858
1987
2178
2369
2648
2815
2987
3028
3156
3221
3243
3215
3159
3305
3323
3380
3117
2942
2467
1681
428
-959
-1950
-2724
-3078
-3462
-3298
-2983
-2382
-1880
-1245
-357
441
972
990
1116
1385
1903
2304
2660
3086
3561
4048
4447
4922
5325
5497
5147
4447
3629
2883
2140
1305
405
-423
-1067
-1536
-1888
-2160
-2369
-2616
-3008
-3544
-3981
-4226
-4310
-4520
-4727
-4789
-4517
-4208
-4051
-3857
-3545
-3074
-2917
-2818
-2638
-2125
-1722
-1594
-1427
-997
-360
-32
117
307
683
859
647
376
263
263
63
-212
-326
-207
-143
-264
-386
-364
-282
-361
-564
-730
-714
-566
-352
-96
244
596
822
880
876
1000
1182
1301
1222
1199
1300
1486
1578
1633
1865
2155
2359
2373
2470
2759
2951
2909
2610
2354
1897
1027
-153
-1336
-2085
-2816
-3304
-3770
-3708
-3551
-3258
-2862
-2166
-1173
-403
176
503
1014
1524
1967
2310
2594
2938
3183
3493
3887
4442
4955
5225
5247
5036
4767
4323
3722
2868
1889
926
54
-636
-1195
-1576
-1827
-2002
-2188
-2398
-2483
-2535
-2577
-2863
-3168
-3441
-3594
-3809
-4075
-4117
-3937
-3599
-3425
-3175
-2791
-2263
-1887
-1672
-1371
-998
-727
-746
-800
-655
-410
-301
-388
-384
-258
-123
-111
-84
44
185
159
14
-24
76
209
226
207
272
457
695
922
1151
1369
1504
1492
1416
1405
1515
1615
1638
1583
1572
1572
1568
1579
1670
1843
1966
2056
2157
2334
2461
2413
2171
1703
936
-108
-1329
-2399
-3365
-4063
-4665
-4857
-4815
-4455
-3931
-3205
-2307
-1509
-817
-360
114
492
847
1117
1375
1684
1998
2406
2871
3415
3901
4252
4473
4536
4503
4264
3873
3254
2497
1660
851
159
-440
-936
-1343
-1616
-1784
-1851
-1819
-1732
-1617
-1593
-1585
-1612
-1602
-1699
-1861
-2064
-2182
-2191
-2163
-2077
-1975
-1768
-1597
-1411
-1232
-996
-805
-756
-838
-941
-978
-1017
-1118
-1264
-1393
-1476
-1527
-1504
-1380
-1148
-898
-663
-429
-153
165
412
558
601
639
697
775
875
984
1133
1270
1410
1558
1749
1918
1982
1929
1792
1674
1577
1537
1518
1580
1741
1959
2197
2367
2427
2247
1768
996
25
-986
-2017
-2973
-3816
-4370
-4636
-4551
-4157
-3534
-2751
-1924
-1104
-372
288
832
1267
1538
1655
1706
1766
1887
2020
2175
2361
2566
2751
2860
2925
2887
2720
2358
1827
1206
536
-123
-780
-1371
-1855
-2171
-2329
-2350
-2203
-1917
-1511
-1072
-602
-140
300
635
794
825
756
657
495
329
161
36
-23
-53
-8
66
183
240
214
106
-72
-284
-574
-906
-1252
-1533
-1735
-1822
-1811
-1713
-1535
-1352
-1158
-971
-752
-535
-344
-172
-4
202
421
666
886
1079
1236
1361
1453
1487
1497
1455
1362
1212
1070
984
961
973
1009
1086
1131
1115
1002
741
270
-385
-1180
-2057
-2936
-3725
-4336
-4772
-5013
-5008
-4696
-4128
-3384
-2498
-1518
-526
399
1249
2007
2622
3055
3319
3444
3456
3388
3288
3161
2992
2810
2641
2488
2298
2049
1750
1348
800
128
-594
-1358
-2156
-2912
-3533
-3974
-4208
-4181
-3883
-3362
-2702
-1949
-1154
-409
216
706
1071
1298
1429
1518
1610
1686
1771
1907
2037
2115
2153
2170
2119
1959
1729
1474
1177
822
450
117
-179
-445
-659
-798
-877
-902
-861
-765
-649
-490
-272
-49
128
297
506
700
819
895
1005
1115
1156
1150
1166
1218
1243
1231
1238
1297
1352
1393
1433
1429
1336
1147
825
288
-476
-1347
-2297
-3334
-4402
-5353
-6058
-6572
-6927
-7006
-6674
-6056
-5299
-4381
-3261
-2069
-959
68
1021
1828
2431
2893
3255
3491
3620
3757
3911
3966
3932
3935
3921
3714
3321
2872
2370
1664
767
-128
-952
-1808
-2654
-3302
-3724
-4026
-4150
-3994
-3664
-3271
-2752
-2087
-1445
-915
-411
102
490
708
917
1197
1428
1504
1582
1752
1879
1915
1972
2061
2059
1958
1867
1768
1585
1352
1155
940
663
440
344
308
263
273
416
629
821
1006
1192
1356
1447
1487
1512
1510
1487
1443
1368
1291
1308
1406
1483
1551
1703
1895
2060
2223
2377
2441
2348
2116
1713
1068
194
-829
-1962
-3221
-4540
-5669
-6546
-7293
-7863
-7994
-7679
-7155
-6430
-5424
-4228
-3082
-2044
-1046
-127
567
1041
1422
1732
1889
2007
2238
2477
2589
2695
2910
3050
2961
2757
2548
2185
1532
748
37
-702
-1587
-2433
-3057
-3554
-3958
-4101
-3942
-3639
-3234
-2605
-1807
-1054
-385
304
932
1296
1421
1548
1663
1569
1322
1170
1121
1022
949
1022
1172
1258
1332
1447
1528
1496
1414
1338
1189
957
776
737
721
685
751
976
1236
1459
1695
1957
2167
2268
2312
2343
2331
2243
2095
1935
1788
1660
1561
1499
1486
1505
1569
1713
1892
2020
2063
2025
1836
1381
651
-252
-1281
-2455
-3706
-4845
-5762
-6481
-6983
-7119
-6848
-6267
-5445
-4395
-3186
-1975
-854
160
1027
1636
1992
2194
2266
2169
1986
1845
1733
1589
1455
1395
1357
1244
1045
797
457
-60
-689
-1338
-2054
-2872
-3678
-4329
-4853
-5264
-5447
-5317
-4923
-4334
-3544
-2565
-1489
-419
581
1427
2063
2515
2829
2932
2778
2501
2246
1981
1641
1337
1195
1156
1083
1007
1009
1074
1096
1029
919
806
685
561
450
356
331
419
589
772
995
1316
1680
1975
2185
2401
2638
2768
2736
2628
2529
2386
2153
1911
1746
1675
1703
1851
2113
2439
2765
3026
3085
2814
2236
1440
429
-857
-2293
-3651
-4843
-5943
-6877
-7421
-7514
-7300
-6848
-6085
-5019
-3813
-2595
-1375
-200
819
1623
2268
2740
2992
3085
3117
3082
2938
2773
2687
2622
2474
2268
2079
1836
1423
865
225
-545
-1505
-2552
-3547
-4489
-5399
-6148
-6591
-6736
-6648
-6294
-5621
-4695
-3673
-2634
-1563
-507
468
1245
1802
2180
2414
2547
2545
2425
2278
2189
2095
1940
1792
1747
1761
1700
1548
1421
1358
1284
1155
1034
1008
1070
1191
1335
1529
1816
2159
2491
2767
3018
3273
3444
3445
3325
3173
2978
2673
2284
1921
1645
1450
1360
1385
1511
1691
1857
1897
1690
1267
672
-123
-1137
-2256
-3297
-4273
-5202
-5982
-6427
-6534
-6441
-6121
-5529
-4731
-3835
-2877
-1888
-962
-206
426
960
1315
1490
1602
1693
1657
1564
1577
1701
1795
1802
1844
1913
1866
1671
1387
988
365
-465
-1352
-2267
-3236
-4194
-5026
-5705
-6231
-6479
-6399
-6115
-5689
-5047
-4198
-3277
-2364
-1421
-457
379
1043
1653
2229
2685
2999
3239
3426
3518
3515
3474
3388
3196
2937
2681
2418
2139
1883
1733
1653
1572
1559
1671
1842
1995
2139
2328
2532
2697
2874
3080
3298
3513
3690
3866
4016
4087
4070
3897
3507
2899
2147
1316
353
-744
-1839
-2822
-3693
-4452
-4977
-5161
-5061
-4738
-4197
-3433
-2509
-1544
-602
249
927
1404
1725
1870
1788
1522
1212
927
570
165
-109
-231
-341
-487
-599
-670
-780
-998
-1297
-1652
-2111
-2652
-3178
-3682
-4197
-4624
-4896
-5045
-5102
-5022
-4729
-4293
-3822
-3283
-2640
-1945
-1280
-665
-83
425
833
1163
1425
1590
1664
1705
1739
1708
1651
1644
1625
1528
1408
1342
1253
1040
775
575
391
137
-111
-250
-301
-332
-327
-180
102
416
726
1050
1393
1749
2078
2385
2603
2700
2808
2951
3050
3093
3131
3215
3272
3241
3233
3288
3328
3234
2948
2624
2336
1975
1477
841
161
-518
-1206
-1818
-2327
-2723
-2988
-3119
-3070
-2826
-2400
-1835
-1242
-695
-199
247
663
936
994
910
743
515
223
-82
-320
-524
-743
-935
-1077
-1156
-1203
-1287
-1420
-1591
-1764
-1931
-2082
-2239
-2381
-2441
-2465
-2474
-2413
-2234
-1979
-1754
-1572
-1342
-1033
-754
-569
-419
-198
73
246
305
404
651
921
1078
1180
1360
1629
1864
2047
2277
2549
2755
2865
2868
2784
2684
2595
2285
1512
533
-155
-632
-1421
-2531
-3424
-3841
-4189
-4647
-4792
-4388
-3848
-3527
-3085
-2190
-1072
-94
724
1425
1968
2485
3148
3682
3704
3471
3468
3599
3390
2947
2787
2772
2393
1758
1415
1403
1209
668
155
-205
-546
-879
-1167
-1542
-2099
-2523
-2647
-2753
-3028
-3186
-2997
-2740
-2597
-2300
-1611
-878
-339
140
752
1410
1923
2297
2495
2519
2475
2506
2440
2142
1787
1625
1567
1368
1159
1134
1227
1180
1029
951
941
862
616
279
-61
-336
-579
-866
-1214
-1494
-1579
-1550
-1547
-1553
-1422
-1171
-952
-825
-653
-398
-185
-100
-99
-36
87
172
152
94
94
156
184
118
1
-115
-249
-504
-865
-1245
-1609
-2026
-2519
-2990
-3333
-3541
-3685
-3764
-3721
-3480
-3089
-2632
-2156
-1643
-1080
-545
-107
219
480
656
697
596
439
292
120
-91
-298
-427
-473
-450
-347
-185
12
259
573
895
1172
1403
1634
1839
1945
1983
2033
2103
2113
2091
2129
2260
2425
2596
2828
3109
3387
3627
3849
3994
3986
3840
3601
3251
2712
2067
1439
842
194
-424
-852
-1067
-1195
-1268
-1138
-825
-467
-145
206
580
864
1028
1142
1192
1123
995
888
776
583
418
396
411
330
242
288
352
246
37
-118
-307
-674
-1155
-1611
-2073
-2628
-3194
-3666
-4079
-4470
-4734
-4830
-4852
-4821
-4616
-4225
-3815
-3420
-2926
-2323
-1771
-1328
-872
-397
-28
203
400
584
678
677
658
625
526
404
313
215
53
-126
-266
-397
-576
-767
-915
-1059
-1224
-1362
-1420
-1437
-1428
-1358
-1210
-1009
-754
-419
-34
349
713
1105
1498
1839
2112
2322
2480
2559
2584
2578
2530
2438
2320
2202
2104
2017
1956
1916
1861
1812
1783
1783
1778
1735
1684
1639
1575
1492
1419
1349
1251
1119
995
904
816
711
612
539
492
452
447
483
507
514
517
528
506
414
294
125
-130
-427
-704
-943
-1216
-1488
-1679
-1750
-1764
-1746
-1639
-1456
-1257
-1101
-937
-776
-689
-692
-745
-844
-982
-1139
-1282
-1398
-1513
-1575
-1550
-1462
-1356
-1247
-1099
-946
-861
-824
-800
-828
-931
-1088
-1241
-1377
-1516
-1611
-1644
-1613
-1515
-1349
-1115
-854
-590
-319
-70
131
273
366
415
395
332
268
213
169
143
161
230
333
462
620
778
921
1043
1145
1222
1247
1248
1250
1225
1198
1177
1171
1187
1200
1222
1257
1277
1278
1257
1216
1150
1030
891
749
574
389
206
35
-122
-272
-383
-453
-507
-527
-510
-447
-351
-241
-95
78
267
459
654
855
1037
1192
1333
1456
1542
1591
1629
1640
1616
1567
1512
1440
1334
1213
1085
936
744
534
319
83
-178
-440
-688
-940
-1193
-1421
-1600
-1762
-1910
-2010
-2070
-2125
-2163
-2167
-2135
-2108
-2071
-1993
-1892
-1785
-1662
-1493
-1291
-1087
-871
-642
-429
-261
-121
2
72
72
27
-56
-178
-344
-512
-644
-753
-843
-885
-870
-818
-740
-635
-495
-349
-214
-88
13
75
103
118
137
146
146
169
226
291
371
479
600
707
789
859
900
887
814
708
573
416
248
97
-24
-116
-151
-117
-16
135
327
562
822
1077
1314
1526
1694
1803
1859
1888
1880
1829
1760
1693
1627
1567
1510
1460
1405
1330
1251
1163
1055
903
720
520
299
59
-182
-416
-636
-827
-978
-1075
-1131
-1152
-1128
-1052
-949
-824
-680
-536
-401
-293
-199
-126
-101
-107
-131
-171
-224
-292
-366
-438
-516
-579
-623
-660
-699
-745
-795
-841
-897
-958
-1026
-1104
-1181
-1254
-1306
-1344
-1363
-1357
-1322
-1253
-1155
-1045
-918
-784
-651
-509
-382
-276
-202
-165
-148
-158
-197
-246
-310
-390
-470
-538
-594
-639
-664
-663
-633
-581
-505
-417
-334
-241
-139
-35
76
182
289
397
506
615
720
823
914
991
1056
1108
1130
1124
1085
1036
977
916
860
806
764
751
776
843
940
1061
1207
1368
1536
1700
1843
1950
2020
2061
2067
2041
1977
1876
1752
1607
1448
1270
1063
832
584
333
82
-180
-449
-708
-962
-1189
-1390
-1568
-1715
-1824
-1879
-1877
-1822
-1729
-1601
-1444
-1250
-1034
-803
-572
-352
-149
30
189
311
393
436
443
429
392
331
236
124
-5
-140
-280
-428
-588
-760
-922
-1070
-1211
-1350
-1485
-1623
-1745
-1826
-1871
-1885
-1876
-1846
-1789
-1695
-1566
-1401
-1209
-986
-739
-478
-216
25
240
437
629
810
963
1069
1110
1105
1078
1033
985
927
844
749
670
602
540
488
441
400
371
364
363
352
349
363
388
429
486
546
603
684
793
903
1007
1097
1159
1212
1273
1319
1329
1311
1254
1160
1069
984
879
760
637
510
383
279
182
73
-32
-118
-193
-260
-315
-373
-440
-493
-533
-581
-627
-675
-730
-765
-774
-780
-783
-761
-721
-658
-565
-463
-356
-237
-116
-6
117
236
319
393
457
466
450
443
426
370
269
137
-4
-136
-230
-290
-428
-655
-849
-975
-1059
-1096
-1147
-1266
-1421
-1553
-1592
-1545
-1552
-1562
-1394
-1237
-1281
-1213
-1039
-1087
-955
-361
-45
-218
-180
-129
-357
-207
282
299
0
-42
-127
-380
-354
-190
-203
-225
-146
-92
-139
-253
-228
8
210
312
407
340
133
184
488
649
676
725
697
653
783
994
1096
1094
1091
1129
1152
1129
1114
1107
1036
965
977
948
830
797
869
908
937
1000
1001
952
989
1094
1141
1115
1054
948
841
790
770
722
627
517
438
402
384
378
382
364
342
347
346
307
258
222
178
117
46
-49
-159
-253
-323
-385
-470
-589
-689
-748
-782
-811
-849
-922
-993
-1012
-1003
-987
-974
-978
-992
-984
-971
-965
-964
-979
-1013
-1036
-1067
-1145
-1220
-1270
-1324
-1368
-1381
-1398
-1416
-1372
-1276
-1171
-1050
-920
-800
-673
-507
-330
-184
-66
20
79
142
207
256
288
306
316
333
354
360
357
357
351
344
348
341
290
234
191
147
110
105
101
83
98
146
198
259
345
441
539
666
797
888
947
1010
1078
1138
1195
1240
1231
1186
1151
1115
1056
996
927
833
746
669
568
451
357
266
183
131
73
-14
-87
-120
-142
-141
-129
-144
-171
-165
-150
-141
-107
-97
-109
-91
-71
-85
-89
-90
-108
-113
-104
-114
-142
-161
-173
-190
-204
-218
-251
-287
-307
-332
-362
-401
-452
-488
-524
-560
-591
-629
-669
-700
-712
-718
-717
-710
-699
-670
-636
-592
-535
-478
-424
-361
-295
-239
-189
-144
-105
-74
-47
-36
-39
-43
-48
-65
-75
-85
-110
-121
-119
-118
-119
-105
-81
-61
-30
12
55
92
152
210
257
318
379
430
478
538
577
608
654
681
693
705
708
694
668
642
595
541
498
444
376
316
260
191
125
78
25
-17
-39
-66
-79
-84
-79
-67
-51
-30
-9
20
56
84
116
153
175
193
214
217
219
225
214
202
203
181
157
139
111
79
52
22
-14
-53
-82
-118
-165
-195
-233
-284
-310
-340
-384
-404
-414
-432
-438
-426
-422
-413
-381
-345
-315
-274
-232
-208
-180
-145
-128
-124
-107
-105
-118
-127
-144
-164
-180
-193
-209
-230
-234
-233
-228
-219
-198
-173
-146
-116
-83
-51
-20
12
51
82
100
132
157
162
174
192
189
188
196
195
180
177
179
164
153
151
135
120
124
124
113
118
118
113
121
135
140
145
168
186
194
207
217
223
227
233
229
216
210
192
175
158
133
104
82
58
40
17
-9
-20
-37
-38
-41
-49
-53
-47
-37
-33
-27
-17
-7
1
15
27
31
37
45
44
44
46
40
32
27
15
-3
-20
-36
-60
-86
-106
-134
-170
-196
-224
-269
-298
-317
-349
-375
-386
-403
-410
-406
-396
-385
-363
-328
-296
-256
-209
-157
-109
-64
-14
29
69
107
126
146
157
155
154
144
117
96
75
39
7
-22
-62
-103
-124
-151
-182
-194
-200
-209
-212
-201
-184
-169
-141
-110
-80
-41
-1
41
76
112
152
185
219
244
257
270
280
280
271
260
247
225
201
176
148
120
93
63
39
18
-7
-19
-30
-37
-40
-31
-15
2
22
44
79
115
158
198
239
281
324
362
398
427
447
464
469
472
459
434
413
374
334
287
237
181
123
64
4
-50
-102
-155
-201
-241
-279
-306
-330
-343
-351
-354
-353
-339
-323
-303
-276
-247
-211
-183
-145
-109
-73
-47
-20
8
25
39
45
49
44
33
14
-6
-29
-56
-91
-121
-157
-196
-235
-272
-304
-331
-358
-377
-387
-395
-393
-387
-373
-351
-320
-286
-243
-198
-158
-111
-59
-13
32
72
106
138
160
178
190
195
192
188
177
158
138
116
98
78
63
44
28
13
6
6
4
13
27
38
55
80
100
124
148
173
200
225
246
264
278
291
296
290
288
281
271
257
237
216
199
174
148
127
110
83
62
44
25
15
-1
-10
-24
-36
-38
-47
-53
-63
-68
-69
-76
-82
-87
-90
-95
-98
-97
-95
-94
-95
-97
-90
-90
-86
-82
-82
-79
-78
-78
-80
-82
-90
-93
-100
-109
-119
-127
-137
-143
-155
-162
-163
-177
-174
-175
-174
-160
-152
-143
-123
-110
-88
-66
-54
-32
-9
3
19
31
29
41
39
35
36
28
25
24
15
15
16
13
18
27
32
52
72
82
109
129
151
174
193
205
225
231
235
236
227
223
206
182
157
130
95
69
38
1
-24
-51
-78
-101
-114
-127
-125
-130
-123
-108
-97
-72
-49
-22
7
30
57
89
108
131
149
163
170
170
166
157
151
130
111
89
63
38
6
-23
-43
-73
-91
-109
-129
-140
-151
-160
-161
-162
-161
-144
-141
-130
-117
-108
-94
-80
-68
-52
-38
-35
-18
-16
-14
-4
-2
0
1
0
1
-4
-12
-13
-16
-30
-33
-42
-57
-59
-67
-77
-81
-90
-98
-95
-94
-94
-90
-86
-77
-64
-51
-41
-19
-5
13
32
48
65
78
89
99
111
114
117
114
111
109
99
89
79
63
46
32
23
7
-2
-13
-17
-19
-27
-22
-23
-20
-13
-2
7
16
28
36
49
57
66
72
77
82
82
83
82
78
72
64
58
51
41
32
20
14
2
-5
-12
-18
-23
-30
-31
-35
-39
-37
-40
-37
-29
-34
-30
-26
-24
-22
-21
-16
-16
-12
-13
-7
-9
-9
-5
-7
-4
-6
-10
-9
-6
-10
-7
-14
-16
-18
-24
-27
-30
-32
-38
-34
-36
-38
-37
-38
-35
-36
-34
-33
-26
-23
-19
-14
-13
-7
-2
1
3
7
9
13
15
12
13
9
8
6
4
5
7
2
0
1
-1
0
0
2
3
5
7
9
15
15
20
23
24
26
27
29
27
26
25
22
19
19
17
14
9
7
8
5
4
3
2
2
1
0
-1
1
0
-3
3
5
6
7
6
7
8
8
6
5
3
2
-4
-5
-7
-12
-16
-18
-18
-23
-25
-26
-25
-28
-29
-30
-27
-20
-21
-17
-17
-17
-15
-11
-8
-1
1
-1
4
10
9
7
9
5
7
7
5
8
8
5
4
9
11
13
12
7
8
11
9
16
13
13
17
15
19
14
10
6
9
12
9
10
4
1
1
1
0
4
0
-1
-2
-3
1
0
0
0
0
0
2
2
-3
1
3
4
6
4
