0
-1
-2
-1
0
-2
-1
-1
-1
1
1
1
1
1
0
-1
0
-2
1
1
-1
-1
0
1
2
1
-2
0
2
-1
0
-1
-1
0
0
0
-1
0
0
0
0
0
0
1
0
1
0
-2
-2
1
1
1
0
0
-1
-1
-1
0
0
1
-1
0
1
-2
-1
0
0
-1
-1
0
0
1
0
1
0
0
1
2
0
0
0
0
2
3
0
-2
-2
-2
0
0
1
0
-1
1
2
0
2
0
1
0
-1
2
2
1
-1
1
1
0
1
-2
-2
0
0
2
1
1
1
0
1
1
1
0
-1
0
1
0
0
0
0
-1
1
2
1
0
-1
-1
0
0
0
-1
-2
-2
2
0
-1
-1
0
-1
2
1
-1
-1
-2
1
3
2
1
1
0
1
1
1
0
-1
-1
0
0
0
-1
-1
0
1
0
0
0
-1
0
1
1
-1
0
0
0
0
0
-1
-1
-1
1
1
-1
-1
0
-1
0
-1
-1
-1
-1
0
0
0
-1
0
0
0
1
-1
-1
0
-1
-1
1
-1
-1
0
1
0
1
-1
-1
0
-1
-1
0
-1
1
1
-1
-1
1
0
1
1
-1
-1
0
-1
1
2
0
1
-1
-2
0
-1
0
4
1
-2
2
1
-2
1
-1
0
1
-3
0
0
0
-2
4
2
-4
0
-3
2
2
0
-1
2
1
-3
4
5
-2
2
-5
-4
0
0
2
4
7
-3
1
-2
-1
-4
-5
6
4
3
-3
-4
0
-1
-1
0
0
-1
2
4
-6
9
-5
-2
-6
0
1
0
8
-6
9
-7
-3
8
-3
-8
0
7
-6
1
1
-4
9
-2
-4
13
-9
-10
6
-5
-7
16
7
-4
8
-5
-11
2
-10
2
4
2
12
-3
3
-11
-10
9
-4
-1
15
-8
6
-2
-5
11
-20
2
4
-12
13
10
-11
9
-2
-3
-4
-5
1
-10
3
21
4
3
2
-26
14
-10
-12
21
-1
-16
22
-1
-18
11
-13
-1
14
2
3
8
-24
-19
23
-15
9
14
4
16
-27
11
-2
-42
32
-15
19
31
-42
-2
25
-14
-10
7
15
4
-60
52
16
-41
7
33
-56
48
-15
-56
42
116
-135
-112
500
-591
138
364
-556
334
157
-422
327
112
-514
395
30
-367
317
-16
-112
87
-43
44
-162
216
-119
-61
236
-190
-31
188
-206
11
224
-232
106
82
-120
-23
71
-38
-12
64
-37
57
-67
42
-115
153
-99
32
23
-18
89
-245
248
-49
-178
235
-77
-135
197
-132
-44
196
-112
-51
214
-224
17
130
-216
153
21
-60
72
-2
-44
20
-24
-21
49
-31
-3
0
56
-70
8
25
48
-90
31
92
-199
170
-154
67
18
24
-55
126
-16
-167
143
-47
-59
36
32
-57
35
43
-108
49
120
-258
239
-83
-19
-8
36
-15
-104
288
-349
177
151
-388
321
-173
155
-101
82
11
-41
80
-172
202
-144
204
-389
450
-378
75
145
-371
582
-388
-124
623
-440
-591
1095
-761
-100
865
-875
383
449
-869
202
736
-979
407
467
-583
176
13
-3
-159
162
-19
12
150
-142
-194
311
-11
-432
593
-196
-224
357
-310
73
115
-257
241
13
-203
140
5
-75
58
3
-63
211
-428
563
-612
292
108
-239
172
56
-79
-95
526
-740
323
432
-1096
547
648
-1310
979
70
-823
1139
-710
-514
1233
-920
254
154
-327
473
-376
-132
648
-652
112
497
-715
598
82
-692
779
-245
-113
303
-701
631
-119
-368
198
37
-115
440
-584
47
728
-947
420
106
-407
374
-494
706
-575
-105
923
-897
-17
989
-976
53
1275
-1885
1216
199
-1487
1212
265
-1144
672
618
-1110
538
326
-944
1053
-300
-812
1127
-280
-848
997
-93
-924
1141
-524
-359
943
-894
172
561
-667
54
596
-488
-156
424
-260
268
-290
-347
1034
-620
-233
651
-397
-189
420
-254
-510
1065
-731
88
586
-508
-192
431
224
-1390
1516
-471
-449
419
288
-729
382
241
-412
103
262
-364
260
239
-255
-270
682
-290
-360
537
-132
-374
-159
1107
-1380
613
93
2
-293
615
-595
-371
1742
-2210
1095
164
-685
352
277
-503
37
903
-1084
451
144
-42
-174
167
-394
144
324
-93
-622
891
-38
-783
599
37
-466
695
-475
19
334
-371
-294
1006
-719
-180
665
-708
862
-633
-327
691
-170
-697
1107
-653
702
-1784
1855
566
-2685
1930
-539
208
123
-332
-610
1836
-1082
-1205
1987
-733
-1119
1924
-991
517
-1195
1153
500
-1754
725
291
-428
454
613
-2271
2281
-556
-790
746
228
-1772
2523
-1355
83
184
-142
512
-832
1003
-820
603
-1233
1924
-1709
809
-377
91
376
-173
-192
-385
1435
-1696
1072
-329
-322
490
-511
600
-421
138
-43
78
-150
474
-892
883
-539
123
348
-347
-118
356
-278
-113
846
-1466
1380
-335
-717
1142
-735
-497
1402
-1656
1754
-1772
1584
-788
97
-337
538
7
-1136
1846
-1520
1024
-762
784
-1074
1082
-420
-560
754
219
-1201
1322
-615
-564
1496
-1309
91
795
-476
-453
1066
-937
111
998
-1613
1558
-987
-120
964
-1004
639
-333
324
-212
-401
978
-600
-222
-136
1192
-1185
411
383
-1109
1366
-1020
627
-582
608
-464
-86
1036
-1251
467
76
-114
-90
787
-1172
-238
2412
-2582
1094
-277
-86
737
-801
350
-674
1630
-1633
779
-720
1294
-1295
464
423
-668
793
-1249
1467
-1349
1130
-831
260
681
-914
469
-460
622
-555
473
-771
808
408
-1713
2009
-1624
451
776
-1078
649
-27
-452
1116
-1171
126
248
353
-545
-51
548
-275
387
-1101
794
228
-540
-166
541
-226
280
-592
696
-1118
1395
-622
-376
389
65
-107
-96
373
-686
1395
-1683
882
240
-675
176
490
-930
1440
-665
-1023
1841
-1951
1508
-1441
974
758
-924
-256
684
-854
319
657
-2099
3015
-1293
-857
1713
-1850
655
630
-1708
1670
468
-639
-812
797
51
-967
559
-50
839
174
-1314
694
404
-827
-274
381
-243
1851
-1327
-625
1542
-2444
2432
-1748
43
1399
-706
149
73
-1109
1175
-295
-1376
1958
-595
-210
556
-465
733
-1388
325
890
-595
-204
729
263
-626
609
-1884
2035
-446
-974
513
541
-181
691
-1988
283
2731
-2930
-92
1007
-364
1728
-342
-3420
2556
1080
-658
-685
-2279
3770
499
-2459
390
68
1671
-508
-2862
553
4332
-4081
894
864
-999
1389
-1140
-2495
2064
1973
-3254
1271
2220
-2411
1477
-1736
-815
2465
-397
-1236
833
2314
-2542
718
-1057
784
1094
-710
-2111
2019
1515
-2794
1171
309
-764
508
-1295
-475
1454
1322
-1640
-274
497
261
-1716
1753
1538
-5217
4532
-345
-1549
2483
-2056
-1614
6329
-5876
-3090
9634
-5588
-901
4061
-5460
5072
-1902
-1182
1643
-797
-2480
4267
-2644
2622
-2299
-4
2698
-6735
5874
2068
-5052
1020
1947
-4052
5462
-3652
2211
-750
-1095
-338
701
411
1196
-1397
1064
-1183
-2313
2638
232
-357
1311
767
-5160
2208
1114
933
-1237
-90
-1215
3760
-3062
-1209
2770
809
-1163
-1607
-226
677
895
-438
1987
-870
-1532
-128
574
-852
798
834
-398
300
13
-997
2071
-2497
-506
1864
-1289
422
1354
-263
565
-733
-2840
1113
1027
-382
531
425
348
-461
-93
-1399
281
483
533
659
-61
-1284
967
260
20
-1039
-319
1613
-1883
1208
-602
1940
-29
-2442
683
-607
-802
1089
1186
328
-117
-2518
1122
800
-1680
1290
61
552
-429
-1495
1878
-69
385
-800
-727
882
-146
489
-186
198
173
213
-2250
916
1453
-342
1102
-2835
-528
2022
-875
70
956
-471
-53
793
-2178
-679
1500
-878
2267
685
-1589
-444
1820
-2195
-1637
2252
-828
3359
810
-2491
-892
-616
-615
1676
-28
135
2150
-1278
-83
-3436
1399
849
261
532
-1373
1343
1218
-3597
1271
-51
-162
1477
-1719
2566
-2105
-1233
1742
1786
-2065
-355
-894
225
2917
-2065
2158
-5
-3656
1357
-1626
348
4186
1537
-3443
-1713
-955
1023
3317
-2397
456
1673
-1421
-719
-1261
2068
961
-1833
115
-396
1329
-1201
2363
-266
-4182
2234
-2379
4414
-26
-3630
3822
-2773
-673
1627
-968
775
1186
-1795
1801
-2252
1275
1780
-1993
-50
-1314
1300
929
476
1262
-2698
269
594
-4551
5824
-1270
-1153
4571
-7018
2678
1992
-3810
3008
-1041
-2143
2965
-92
-753
1557
-1636
-602
-379
-1676
4030
1026
-919
-1489
-298
-1288
923
3103
-3688
5162
-3626
-3332
2168
2277
1973
-2334
-1324
-635
1761
-1838
1532
256
1609
-2469
-2285
2640
1070
1304
-1887
-1946
-2012
2707
-431
2312
2232
-2435
462
-3449
-2880
2802
5520
-1978
-103
-1080
-1799
2828
-2299
703
811
1260
-2107
-481
689
67
2426
-1617
-1529
571
-322
815
-914
241
3184
-3173
975
-1900
1941
-1095
-1884
3490
436
-36
-1864
272
-2659
2880
-985
2591
149
-3724
2771
-3412
3823
-1653
1338
783
-4216
1447
217
2599
-1704
1730
-847
-2760
16
2098
-561
1998
-1348
-1537
4842
-4824
560
-1530
712
2433
-10
-996
1304
-320
-1923
434
-3750
6626
-1220
-2741
525
1244
570
-10
-340
-2291
2051
-4485
5210
1513
-2386
1132
-3337
688
1414
308
-72
39
-1645
2173
401
-1158
-875
730
-88
-473
1025
-1778
3668
-463
-1925
-1853
-80
2740
-966
2152
-1033
-1475
-1242
856
55
33
1991
-1249
1487
-1860
-559
799
-25
273
-718
1076
-933
803
1033
-122
-454
-224
-1453
363
1942
-481
-837
-343
1298
1122
-961
-3716
3770
-274
-2194
3040
-1841
269
377
-1377
747
2387
-3431
1101
1627
-2178
-800
988
1552
-193
874
-4564
2365
2414
-1568
1878
-3024
-3433
2806
1603
1383
452
-2217
1613
-2707
-3418
5222
2240
-2903
-598
-1226
2128
590
-345
1778
-477
-3770
-1019
2057
2469
1625
-1599
-564
-2719
-170
3433
166
-3588
944
85
403
-622
799
3578
-4640
-1985
-1757
666
4647
521
60
811
-3031
-2692
5
2454
1853
1160
964
-1901
1062
-1016
-2019
1618
281
613
3027
-1287
-842
-262
-355
750
-1621
-424
35
2634
-1555
96
2199
-2617
-1964
300
1350
596
-1200
-2303
2735
-1162
411
2055
-153
-65
-3511
-21
2217
-2195
2063
4676
-2831
891
-2302
-1612
128
-424
2708
2205
-152
-2483
843
-146
-1757
-1926
1978
-47
2073
-1213
-2718
941
-321
1333
-320
29
-1295
1022
-969
1581
18
-1512
1011
-249
3765
-2613
959
512
-2810
-167
452
2375
1586
-127
-1043
1457
-4287
-1056
1374
226
2626
-714
684
797
-2114
-873
-855
117
-200
575
1212
-1268
2063
918
222
-5378
-284
2171
17
2126
481
1318
-873
-2396
-2240
1325
-417
3993
281
-289
-1741
-2682
2647
142
58
1980
987
-3157
-1199
-85
679
-930
-564
1436
715
-180
-100
1487
-730
-2763
-3719
1865
2841
866
1106
-533
-1723
-277
-896
-1381
3218
246
302
-340
-837
764
616
-859
-2150
476
2183
856
-1690
412
-1080
-625
539
-463
2164
808
-2926
-1731
983
237
534
2580
-405
-1578
-461
-1100
754
1306
-1210
1724
1208
-2018
745
-349
239
-1946
-849
2963
846
269
545
-1357
-1181
-2138
257
2711
446
1174
-520
-980
-1127
-1448
2043
18
-107
2004
-596
-785
-900
432
814
-2656
878
2668
-580
253
-730
-997
549
-1069
-147
653
881
123
-1664
375
516
800
162
-1291
-432
1367
-1053
-165
1517
-118
-557
-976
517
807
718
-588
-1360
-218
1295
140
692
106
-794
-850
-1374
380
2041
1580
309
-1817
-840
22
-152
1228
-73
550
619
-524
1014
695
-1602
-1316
-1281
1443
1904
430
777
504
-1022
-2429
-2059
438
1755
1230
-675
-856
1862
201
-2393
-2663
-904
1967
1810
-542
343
1148
-823
-2942
-1039
1946
2376
-649
-848
1039
204
-109
-1042
-96
847
-324
-85
1986
118
-38
-639
-1975
-539
459
1416
616
-113
-724
-402
-196
-611
-381
9
-210
419
1115
745
-53
-844
-1522
-2108
-601
2159
2439
1972
-627
-2124
-915
-1851
371
1047
151
417
561
-831
118
76
-1069
-44
-1543
-1262
492
1426
240
934
-273
-1891
-735
-1324
-715
276
1321
796
1187
-83
-1507
-1080
-2153
-847
1290
1585
216
974
270
-943
-1227
-1841
-716
831
1460
375
641
213
-318
-621
-1292
485
910
-362
-813
-225
652
1669
752
510
320
-2162
-2051
-316
1479
2895
2780
1054
-1224
-2232
-1640
931
2072
1819
1746
385
-566
-683
655
2102
1243
-590
-800
-996
-634
2412
2943
2223
-65
-2155
-2355
-1502
575
2376
2972
1895
-646
-2246
-1618
-874
748
1926
1538
-217
-814
-988
-553
561
453
-174
-600
-1679
-762
517
361
735
-152
-1271
-2465
-1935
-160
936
977
-472
-1896
-2008
-2435
-1247
1233
1393
461
-2156
-3849
-3257
-1303
854
1764
1683
191
-1940
-3219
-3134
-1344
963
1417
1354
302
-566
-1349
-1887
-241
854
283
-314
-1008
-184
696
1536
2588
1386
-256
-1659
-1703
-528
1921
4305
4495
2105
-328
-1105
-536
150
2042
3438
2766
1639
1879
1393
1631
1323
1134
1591
895
975
1461
3018
3521
2970
1589
499
-2
161
1096
2117
2229
2459
2411
1342
759
419
-203
-584
-483
331
866
1326
1188
355
-1055
-3144
-3131
-2329
-1971
-1229
-1099
-1866
-2703
-4033
-4588
-4823
-4938
-4342
-4562
-4016
-3545
-3423
-3475
-4472
-4699
-4726
-4487
-3770
-3021
-2112
-1265
-1549
-1670
-1794
-2069
-2243
-1834
-216
728
1522
1026
19
-429
-1248
-402
1661
2679
2771
1550
-405
-1687
-1219
965
2252
2244
1482
537
-670
-1197
37
1430
1856
1169
1291
1279
1812
2010
2827
3364
2515
1841
1876
3758
4919
5301
5125
4070
3044
2183
2618
4314
5847
6736
6326
4544
3134
2814
3122
4059
4862
5486
5108
4507
4174
3816
3312
2180
1995
2010
2094
2650
2340
427
-2858
-5546
-6231
-4688
-2080
-454
-1778
-4788
-8698
-11094
-10289
-7920
-4967
-3610
-4160
-5557
-7063
-7544
-6961
-5429
-3679
-2447
-1342
-879
-553
-454
-233
509
1164
1844
1848
1562
1180
1523
1629
1416
918
-406
-1977
-3563
-3639
-3565
-3670
-4218
-5138
-5922
-7176
-7415
-7163
-6267
-5787
-5715
-5293
-5051
-4644
-4049
-2758
-1414
-560
180
634
1647
2827
3850
4372
4563
4347
4314
5044
6098
7682
8261
6983
4886
3790
3686
3964
4906
6159
6381
4705
2533
1477
1634
1697
2007
3592
4305
3568
2413
1831
1465
1388
2093
3519
4732
4375
3824
3662
3544
3503
4180
4696
4606
4914
5313
5903
5808
5448
5202
4796
4521
3790
2811
82
-3087
-4583
-3547
-496
1737
1515
-2530
-8449
-13472
-14766
-11434
-5940
-1645
-1394
-4665
-9169
-12072
-12432
-10027
-5632
-1891
-245
-858
-1710
-2399
-2367
-1456
100
2303
3348
3833
3973
4468
5253
5118
4567
3137
1983
982
367
1017
1596
1181
-1371
-4371
-6868
-8676
-8877
-8190
-6796
-6476
-7862
-9460
-10412
-10711
-9882
-7937
-6306
-4919
-4290
-3902
-3273
-2274
-1063
282
1525
2234
3467
4542
4944
5422
5801
6116
6177
6225
6522
6571
6226
5575
5101
4312
3107
2543
2200
1548
851
296
-411
-1156
-1226
-857
-668
-787
-785
-380
51
403
1140
2262
2837
2988
3556
4305
5035
5751
6028
6154
6406
6446
6965
7591
7767
7563
6419
5129
5261
6621
7062
5716
2550
-1823
-5077
-5056
-1663
2300
3120
-597
-6681
-11997
-13933
-11587
-6142
-1678
-1204
-4160
-8577
-11250
-11255
-9296
-4977
-951
627
-170
-1872
-2788
-1920
-376
1606
3922
5269
4992
4577
4762
5773
6466
5962
5060
4255
3390
2859
3031
3261
2943
1677
-897
-3340
-4686
-5778
-6561
-7313
-7468
-7608
-8365
-9450
-10037
-10484
-10811
-10560
-9455
-8192
-6828
-5876
-5569
-4637
-4422
-3901
-2706
-1230
376
1474
2320
2881
3385
3272
3245
3763
4387
5280
5826
5549
5046
3811
2830
2699
2634
2783
2424
1706
730
-307
-1238
-1358
-731
-503
-328
-85
-120
-81
453
1236
2564
3679
4175
4999
5847
6336
6677
7150
8056
8883
8962
8887
9141
9471
9885
9663
9035
8681
8173
7618
7665
7683
6045
1444
-3366
-4348
-949
3763
4512
907
-4433
-9946
-13932
-13199
-7245
-890
759
-3785
-9397
-11910
-12467
-10815
-6541
-1740
1212
-180
-3517
-4912
-4022
-2509
-155
2830
5001
5252
3827
2800
3452
4246
4501
4570
4340
3772
3179
2241
1508
819
-777
-2213
-2923
-3590
-4321
-5007
-7068
-9646
-12054
-12826
-11311
-9764
-9206
-9672
-11781
-13725
-14215
-12557
-9333
-6278
-4836
-5184
-5681
-5949
-4957
-2923
-772
954
1869
2464
3225
3926
4149
4467
4804
5106
5711
6163
6535
6619
5536
4073
3245
2932
3149
3324
2966
1904
735
-256
-777
-632
-386
-179
-40
-60
17
633
1635
2838
3714
4290
4793
5580
6344
7068
7928
8865
9444
9403
9437
9797
10648
10921
10522
10259
10153
9990
9464
9135
8219
5215
-324
-3907
-1095
5214
8216
3732
-4056
-9811
-12735
-13474
-9499
-2230
2131
-1802
-11568
-17378
-16298
-12159
-8022
-3740
-745
-1330
-5989
-9784
-8759
-4716
-849
1701
3888
4440
2990
1422
1571
3516
5166
5497
5732
5788
4993
3972
2693
1900
1444
198
-722
-1068
-1686
-2738
-4370
-6903
-9340
-11086
-11638
-10772
-9738
-9498
-10249
-12370
-14245
-14593
-13110
-9964
-7033
-5610
-6231
-7580
-7528
-5925
-3342
-972
510
1631
2365
2949
3589
4137
4998
6130
7182
7800
7709
7636
7459
6879
6152
5643
5618
5805
5482
4577
2959
1458
1016
864
593
219
-273
-417
-312
-140
293
1073
2175
3062
3386
3715
4732
6097
7567
8540
9158
9806
10216
10799
11499
12108
11977
11957
12465
12717
12369
11216
10415
9984
7464
2253
-2281
-598
5860
9185
3848
-5437
-11246
-12549
-12624
-10506
-4622
544
-3012
-14591
-22459
-20105
-11928
-5871
-3771
-3625
-5498
-9940
-12919
-10378
-4041
1543
3463
3460
2354
422
-264
1486
4834
7378
7682
7064
6172
4580
2790
1856
2089
2587
2027
730
-813
-2670
-4433
-6215
-7717
-8926
-10041
-11106
-12188
-12797
-12773
-12598
-12997
-13928
-14638
-14320
-12589
-10362
-8470
-7757
-7874
-7447
-6418
-4707
-2743
-1083
545
1879
2914
3586
3941
4926
6209
7230
7675
7421
7394
7447
7193
6871
6604
6098
5667
5101
4389
3206
1711
808
625
626
212
-290
-560
-675
-672
-556
52
1455
2891
3418
3696
4663
5899
7337
8582
9518
10331
10485
10964
12013
13200
13448
13192
13438
13448
12641
11515
11356
11930
10001
4486
-940
93
6411
9913
4915
-4364
-10197
-10969
-10458
-8616
-3664
587
-3656
-15691
-23321
-19377
-9366
-3276
-3653
-6435
-9382
-12543
-13594
-9391
-2688
1757
1913
-100
-1604
-2492
-1564
1489
4955
6773
6405
5301
4371
3023
1535
1407
2498
3635
3357
1491
-990
-3380
-5028
-6097
-6096
-5817
-6693
-8920
-11876
-13462
-13198
-12184
-11057
-10746
-11913
-13912
-14545
-12600
-9574
-7355
-6703
-7038
-7257
-6606
-5012
-2647
-35
1744
2503
2634
2878
4048
5628
6943
8105
8755
8935
8762
8423
8135
8212
8703
9154
8536
6849
5055
4016
3605
3583
3740
3240
2185
1108
415
409
764
1374
2104
3060
4017
4427
4436
4578
5831
8187
9875
10078
9742
10061
11003
11882
12306
13076
13910
13294
11895
10769
11575
11373
7293
2254
919
6188
10981
7360
-1761
-8756
-9234
-7330
-6216
-3399
-1107
-5045
-15527
-22758
-18546
-8748
-4108
-6764
-11176
-13891
-14979
-14180
-10344
-4814
-2063
-2469
-4178
-5280
-4944
-3361
163
3427
4761
4763
4172
3760
2544
1244
1849
3947
5705
5115
2259
-498
-2234
-3292
-3373
-3102
-2966
-4577
-8551
-11720
-12376
-11045
-9800
-9769
-10717
-12987
-15477
-15925
-13313
-9548
-7747
-8720
-10057
-10144
-9373
-7278
-4381
-1649
124
280
152
719
2304
4516
6522
7969
8690
8859
8789
8772
8950
9776
10475
10516
9816
7863
6340
5962
6290
6443
5255
3605
1989
1243
1152
1230
1526
1501
1538
1575
1836
2265
2925
4074
5159
5828
6097
7030
8789
9927
9848
9808
11327
13034
13113
12050
11669
12508
10894
6301
3086
6123
12911
13517
5381
-3865
-6329
-3240
-1799
-1603
37
-444
-7784
-17848
-19225
-10832
-3365
-4663
-10868
-14245
-14270
-13186
-11754
-9152
-6587
-5908
-5948
-5786
-5260
-5129
-4461
-1891
1422
3845
4386
3467
1936
473
412
3040
6991
8465
5439
52
-2645
-1491
182
141
-1739
-3532
-5481
-8424
-10211
-10038
-9016
-9366
-11504
-12982
-13115
-13045
-13063
-12999
-12000
-10290
-9403
-9213
-9201
-8604
-6886
-4895
-2813
-604
904
1418
1390
2353
5204
8236
9773
9623
8926
9208
10341
11447
12011
11678
11236
10509
9214
8266
7600
7603
7494
6393
4870
3506
2853
2389
2152
2621
3339
3258
1931
1287
2219
3846
4851
5353
5934
6186
6492
7383
8903
10163
10575
10615
10586
10589
8853
6007
5008
8410
14025
13642
5614
-2495
-3352
1255
3278
2322
1907
70
-6381
-14169
-14315
-6578
-1222
-4504
-11448
-14450
-13444
-11936
-11308
-10057
-7995
-7113
-7328
-8373
-9065
-8392
-6532
-2992
400
1581
737
-1257
-2359
-1422
860
4269
7027
6375
2432
-2083
-2455
941
2865
1736
-1107
-3230
-4732
-6891
-7757
-6898
-6053
-7016
-9536
-11827
-13009
-13055
-12213
-10682
-9907
-10333
-11360
-12283
-11840
-10207
-7647
-5287
-4282
-4070
-4195
-3642
-1794
1091
4337
6252
5994
5093
5478
7430
9827
11028
11141
10938
10180
9269
8572
8761
9661
9726
8615
6967
5714
5087
4577
4246
4538
4907
4377
3133
2261
2596
3236
3763
4377
4706
4627
4309
4833
6204
7245
7521
7340
8184
8963
7509
4317
3154
7509
12989
12221
5532
157
818
3502
3663
3840
5608
4419
-2320
-8786
-7797
-1594
719
-2826
-6656
-7948
-7951
-8856
-9308
-7613
-6210
-5807
-6190
-7048
-7614
-8359
-7447
-4234
-1386
-592
-1800
-3418
-3949
-3598
-1768
1817
4077
2482
-1464
-3431
-1531
149
-686
-1775
-1416
-1097
-3320
-6602
-7732
-6728
-5561
-5501
-6450
-8100
-9960
-11511
-11342
-9318
-7078
-6579
-8927
-11526
-11391
-8626
-5668
-4447
-4142
-4145
-4497
-4234
-2441
815
3680
4520
3845
3285
3885
5834
8185
9507
9441
8832
8462
8234
7843
8012
8826
9362
8493
6951
6114
6101
6153
5804
5643
5911
5920
5364
4398
3965
4543
5362
5674
5343
5473
6096
6040
5067
4639
4884
4256
2882
3864
8101
9765
4567
-2012
-2136
3818
7194
4858
2165
1517
89
-3563
-4357
111
4044
1944
-3710
-5934
-4026
-2259
-2935
-4306
-3485
-2104
-1950
-3291
-5075
-5383
-4431
-2061
174
3
-2396
-4611
-4253
-2272
-963
-375
289
-126
-2902
-5745
-5404
-2305
-1033
-2815
-4925
-5486
-5754
-7468
-8514
-7246
-5219
-4925
-7276
-9719
-10489
-9467
-7633
-6328
-5951
-6610
-8024
-9177
-8342
-5633
-2791
-2126
-3508
-4148
-3477
-1754
376
2031
3108
2952
2520
2761
3824
5313
6506
6868
6225
5513
5155
5306
5357
5224
5718
5620
4804
3724
3234
3677
3784
3578
3604
3675
3470
2948
2733
3209
3805
4026
4455
4748
4923
4833
4664
4317
2076
-35
1700
7542
10996
5722
-2673
-4799
493
5017
4225
3044
3394
1326
-4440
-7022
-1688
4762
4682
-618
-3440
-2310
-1378
-1983
-2051
335
2468
2286
629
-1344
-2037
-1312
1474
4893
5485
2692
-698
-1253
293
1590
2521
3978
3920
-112
-4714
-5151
-1613
45
-2511
-4739
-4966
-5512
-8541
-11102
-9395
-6411
-5834
-8493
-11546
-12297
-11569
-9902
-8113
-6852
-6581
-7865
-9367
-8998
-6021
-2470
-951
-1666
-2134
-1123
312
1770
3098
4681
5987
6159
5828
5297
5642
7237
8679
8682
7024
5426
4901
4878
4945
5295
5390
4089
1823
385
954
2203
2137
736
-633
-520
504
887
-119
-907
389
2357
3118
1974
1244
1060
-1048
-2385
398
6959
9398
2393
-5194
-5350
662
4334
2788
2401
2941
88
-5531
-6971
-1046
4714
3862
-707
-2430
-1689
-1866
-3007
-1861
2918
5631
4230
607
-2053
-828
1938
5829
8650
7732
4896
2053
1957
3634
5435
7882
9202
6914
1585
-1797
-287
3095
3372
1179
-342
-2150
-5354
-8662
-8091
-4385
-3170
-6098
-10800
-13266
-13046
-11589
-9714
-8436
-8230
-10073
-12554
-13516
-11167
-6485
-3790
-3974
-5447
-5457
-3960
-2745
-607
2511
5134
5336
3271
2165
3757
7110
9400
8810
6664
5795
6169
5939
5388
5978
7454
6400
2690
804
2016
3468
2028
-111
502
1887
994
-2252
-3703
-1120
1822
1881
-794
-2346
-2498
-4220
-5432
-2323
4417
5873
-1838
-9065
-7769
-1103
1516
-184
114
1280
-1590
-7245
-7625
-1367
3864
2879
-1035
-2219
-1837
-2203
-2738
-871
3434
5569
4184
847
-1416
-760
1994
6108
8794
7810
4405
2105
2575
3992
5380
7600
9956
8181
2422
-1082
1238
5900
6296
3616
2265
1414
-831
-3808
-3082
874
2274
-599
-5075
-7054
-6236
-4825
-3759
-3213
-3250
-4622
-6905
-8505
-7114
-3616
-1395
-1691
-3735
-4803
-4568
-3553
-1291
988
2416
1807
-151
-1460
-777
2185
4833
4843
2512
859
1295
2119
2449
2515
3238
3417
1965
233
-491
586
2082
2248
1109
-359
-522
382
770
597
657
1201
579
-2723
-5426
-3522
1973
4697
2
-6480
-7489
-3930
-1619
-2776
-2521
-295
-1666
-7096
-10086
-5941
216
901
-2686
-4472
-3185
-2145
-2900
-3078
-192
3148
3746
1900
-211
99
2139
4422
6382
6542
5290
3935
3536
4033
4338
5287
6923
6499
2773
-763
-161
2742
3481
1511
-31
-531
-2064
-3819
-3733
-1934
-636
-1483
-3260
-4872
-5380
-3921
-1889
-820
-873
-1392
-2089
-2516
-1221
1914
4070
3179
1807
2148
3510
4802
5585
6826
7355
6298
5264
4562
4950
6253
6850
5808
3328
1856
1966
1619
654
455
604
-896
-3516
-4461
-3185
-2398
-3649
-5174
-5413
-4711
-4147
-3851
-3610
-3604
-4420
-6560
-7678
-5111
21
2332
-2255
-8230
-8356
-3706
-528
-1889
-2997
-1455
-1805
-5551
-8187
-5292
137
1255
-2141
-4781
-4230
-2652
-2523
-2915
-1171
1534
2145
191
-2276
-1943
954
3760
5178
4382
2761
1997
2209
3208
4006
5112
6597
5505
1746
-737
962
4597
4764
1931
531
409
-647
-2467
-2255
464
1410
-952
-3795
-4729
-3361
-1609
-1000
-972
-1193
-1685
-2403
-2596
-288
3176
4014
2222
1004
2508
4858
5715
6548
8158
8728
7550
6210
6742
8824
10252
10026
8435
6610
6004
6277
6150
5625
5118
4240
2508
500
-73
468
-85
-1548
-2729
-3177
-3349
-4265
-4906
-4917
-5632
-7457
-9285
-8406
-4819
-3299
-6807
-11343
-11266
-7405
-5759
-7926
-8289
-5672
-5386
-9016
-11510
-7969
-2976
-3034
-6031
-6950
-4788
-3400
-4410
-4538
-2189
552
1081
-352
-1441
-754
1097
2993
4232
4225
3748
3421
3250
3115
3308
4723
5812
4670
2285
1454
2369
2306
1126
920
2102
1748
-926
-2519
-1685
49
55
-1263
-1861
-1827
-1376
-1382
-1389
-452
681
870
-271
-356
1713
3825
3953
3113
3623
4806
5683
6314
7255
7925
7631
7768
8127
8185
8090
8534
9328
8444
7039
6687
7085
6860
5362
4661
4757
4552
3531
1744
574
515
1275
1244
-481
-2435
-3099
-3608
-5507
-6269
-3967
-1025
-2801
-9151
-12091
-9016
-4836
-5157
-8410
-8461
-7061
-8669
-12035
-11838
-6814
-3740
-6428
-10088
-9897
-7604
-6773
-7035
-5309
-2411
-2571
-4751
-5640
-3926
-1042
282
1189
1577
356
-668
-357
1487
2744
2119
1766
1839
827
-800
-1383
-80
1330
437
-1417
-2531
-3023
-2649
-2299
-1819
-1277
-1877
-2659
-3289
-3050
-1325
56
548
538
459
981
1768
2983
4762
5566
5425
5936
7147
8430
8733
8742
9816
10735
10941
10701
10373
10661
11058
11057
10620
9913
9517
9173
8062
7106
7339
7557
6290
3777
2583
3527
3899
2327
254
-461
-726
-2586
-4628
-3661
-574
-572
-5335
-9644
-8464
-4654
-4321
-6811
-7327
-5826
-6732
-10280
-10974
-7131
-4010
-5378
-8328
-8826
-7526
-7008
-6915
-5566
-3746
-3412
-4484
-5175
-4715
-3639
-2293
-593
447
-537
-2386
-2652
-928
343
-253
-857
-286
-258
-2192
-3857
-3029
-1248
-1285
-3125
-4219
-4320
-4585
-4827
-4387
-3273
-3069
-4205
-5330
-5366
-4095
-2428
-1418
-1292
-1438
-1429
-863
446
2006
3346
3832
4132
4969
5647
6256
7185
8448
9523
9734
9740
9863
9646
9696
10642
11594
11317
9897
8893
9042
9138
8708
8162
7524
6947
6258
5421
4681
3848
2847
1444
131
576
2038
1427
-1976
-4957
-4411
-2235
-2265
-3935
-4558
-4408
-5477
-7383
-7271
-4925
-3692
-4925
-6521
-6530
-5588
-5340
-5276
-4138
-2766
-2632
-3572
-3999
-3109
-1980
-1257
-497
8
-314
-1171
-1572
-1245
-927
-591
-61
-480
-2344
-3986
-3758
-2561
-2570
-3676
-4314
-4738
-5707
-6516
-6115
-4998
-4798
-5516
-5984
-5948
-5520
-4736
-3740
-2737
-2077
-1711
-1454
-1095
33
1841
3341
4073
4210
4310
4739
5578
6980
8215
8481
8056
7411
7118
7482
8214
8654
8021
6891
6351
5952
5109
4453
4695
5125
4141
2149
876
176
-690
-1034
171
1707
439
-3448
-5958
-4868
-2109
-931
-1691
-2576
-3474
-4911
-5656
-4203
-1304
108
-1116
-2805
-3223
-2660
-1723
-416
1161
1814
1031
186
163
584
1296
2638
4231
4290
2273
522
679
1640
2001
2040
2309
1586
-890
-2878
-2443
-970
-807
-2048
-3134
-3986
-5356
-6269
-5616
-4213
-3785
-4787
-5980
-6464
-6209
-5164
-3673
-2418
-1932
-2353
-2897
-2527
-895
1319
2887
3453
3395
3040
3086
4300
6393
7838
7689
6923
6645
6698
6843
7407
8199
8057
6659
5340
5007
5058
4734
4125
3410
2120
338
-800
-786
-600
-1541
-3303
-4419
-4698
-5223
-6319
-6890
-6315
-6112
-7385
-8611
-8212
-7132
-7246
-8000
-7386
-5935
-5741
-6619
-6462
-4739
-3342
-3203
-2989
-2006
-1145
-918
-521
701
1910
2312
2377
2573
2753
2823
3187
3918
4138
3455
2677
2524
2717
2559
2145
1869
1439
597
-200
-356
-78
-178
-778
-1296
-1509
-1598
-1618
-1293
-610
-212
-378
-530
3
1105
1937
2300
2775
3570
4331
4767
5203
6018
6863
7351
7588
7803
8124
8459
8658
8603
8175
7762
7748
7786
7347
6289
5026
4022
3361
3059
2731
1550
-524
-2436
-3181
-3160
-3640
-4830
-6000
-7013
-8209
-9295
-9393
-8653
-8527
-9542
-10521
-10471
-9886
-9626
-9388
-8548
-7615
-7413
-7607
-7242
-6188
-5130
-4305
-3434
-2686
-2492
-2609
-2286
-1356
-414
104
265
103
-407
-846
-610
123
445
-72
-911
-1466
-1725
-1868
-1766
-1436
-1395
-1956
-2630
-2695
-2156
-1585
-1180
-728
-273
-109
-37
639
1999
3204
3721
4077
4906
5908
6505
6959
7861
8971
9582
9722
10026
10561
10773
10611
10643
11039
11250
10938
10380
9771
8971
8143
7823
7966
7655
6279
4439
3136
2551
2168
1705
1169
280
-1284
-3039
-3908
-3632
-3192
-3521
-4464
-5396
-6106
-6532
-6351
-5569
-4983
-5259
-5949
-6196
-5962
-5732
-5469
-4842
-4207
-4300
-4968
-5272
-4907
-4495
-4407
-4278
-3981
-4100
-4887
-5613
-5537
-4941
-4607
-4787
-5245
-5841
-6448
-6621
-6059
-5241
-5006
-5510
-6087
-6120
-5598
-4796
-3904
-3144
-2837
-2948
-2858
-1965
-481
739
1281
1572
2133
2891
3553
4226
5078
5860
6236
6387
6753
7172
7234
7118
7368
7865
7946
7455
6909
6610
6319
5997
5934
5965
5376
4097
2992
2725
2854
2623
2003
1337
652
-136
-706
-688
-365
-343
-737
-1124
-1272
-1306
-1243
-884
-305
69
44
-102
-40
224
559
934
1279
1368
1120
770
672
882
1111
1030
588
39
-337
-527
-680
-877
-1144
-1572
-2179
-2729
-2972
-3012
-3141
-3421
-3701
-3947
-4190
-4306
-4174
-3959
-3887
-3857
-3649
-3336
-3132
-2953
-2559
-1971
-1425
-1012
-624
-218
184
628
1167
1719
2144
2432
2668
2877
3078
3293
3483
3540
3425
3226
3010
2789
2548
2288
1931
1412
793
203
-307
-810
-1293
-1720
-2175
-2768
-3426
-3879
-4028
-4062
-4182
-4363
-4469
-4462
-4346
-4060
-3616
-3181
-2866
-2567
-2138
-1564
-976
-429
82
498
806
1119
1529
1959
2251
2391
2476
2513
2480
2428
2419
2429
2352
2165
1916
1643
1402
1247
1157
1030
812
580
413
284
172
116
119
110
60
43
127
264
376
485
627
817
1050
1307
1577
1823
2069
2361
2661
2928
3161
3412
3692
3952
4147
4275
4321
4317
4321
4372
4404
4286
4011
3672
3344
3045
2723
2353
1915
1389
808
223
-319
-808
-1285
-1789
-2332
-2888
-3399
-3815
-4145
-4417
-4685
-4950
-5178
-5350
-5448
-5447
-5363
-5250
-5163
-5090
-4973
-4783
-4553
-4317
-4075
-3815
-3582
-3413
-3279
-3131
-2921
-2682
-2490
-2386
-2343
-2296
-2189
-2050
-1914
-1816
-1753
-1688
-1593
-1424
-1211
-1024
-902
-780
-575
-286
14
261
478
711
981
1261
1522
1776
2022
2271
2519
2734
2888
2998
3109
3264
3432
3568
3625
3598
3520
3489
3556
3651
3630
3489
3354
3293
3263
3195
3151
3144
3086
2940
2811
2786
2798
2760
2694
2669
2621
2497
2373
2313
2271
2184
2068
1947
1761
1501
1263
1118
972
707
379
108
-148
-480
-828
-1107
-1323
-1600
-1937
-2232
-2464
-2687
-2917
-3105
-3254
-3404
-3557
-3655
-3703
-3733
-3745
-3759
-3760
-3721
-3622
-3488
-3378
-3284
-3145
-2962
-2783
-2622
-2433
-2200
-1990
-1804
-1597
-1382
-1217
-1087
-912
-701
-575
-542
-471
-379
-375
-432
-418
-371
-460
-665
-764
-737
-804
-1009
-1123
-1063
-1065
-1209
-1252
-1078
-925
-921
-840
-523
-194
-40
150
561
997
1263
1531
1984
2429
2653
2832
3195
3576
3711
3743
3918
4118
4085
3899
3846
3870
3717
3423
3214
3090
2838
2454
2172
2026
1836
1541
1294
1156
1002
792
640
634
643
564
473
469
530
554
561
632
742
790
769
784
882
958
958
954
1007
1043
969
888
888
901
810
673
610
529
336
100
-43
-156
-390
-693
-923
-1132
-1447
-1812
-2073
-2262
-2560
-2920
-3184
-3354
-3590
-3882
-4044
-4084
-4157
-4297
-4356
-4284
-4206
-4150
-4007
-3765
-3531
-3340
-3098
-2763
-2432
-2127
-1792
-1414
-1059
-777
-481
-154
144
377
586
813
988
1074
1119
1174
1226
1220
1150
1061
967
822
651
504
393
266
73
-106
-208
-270
-354
-425
-415
-347
-307
-244
-88
132
326
505
773
1107
1388
1615
1906
2253
2542
2725
2923
3176
3365
3434
3479
3568
3581
3454
3299
3238
3162
2925
2584
2299
2085
1817
1492
1196
934
620
285
21
-159
-362
-608
-797
-901
-1000
-1173
-1291
-1289
-1230
-1235
-1295
-1300
-1252
-1183
-1093
-977
-910
-906
-881
-752
-579
-500
-509
-487
-383
-285
-247
-248
-223
-188
-168
-157
-158
-175
-204
-215
-215
-207
-229
-280
-337
-356
-331
-315
-345
-409
-436
-420
-415
-429
-442
-461
-506
-558
-551
-530
-598
-738
-813
-779
-777
-905
-1094
-1188
-1225
-1288
-1379
-1461
-1578
-1743
-1868
-1849
-1792
-1865
-2015
-2077
-1993
-1908
-1864
-1793
-1662
-1566
-1473
-1283
-1006
-765
-593
-373
-64
221
410
640
964
1292
1499
1657
1860
2065
2226
2362
2524
2633
2634
2596
2607
2649
2614
2523
2442
2357
2209
2032
1896
1809
1726
1585
1403
1208
1052
984
979
950
838
718
663
705
781
854
896
920
980
1091
1226
1336
1419
1545
1697
1788
1806
1825
1898
1978
1979
1912
1805
1671
1539
1421
1291
1047
706
412
213
-13
-376
-801
-1113
-1330
-1587
-1914
-2234
-2504
-2750
-2959
-3101
-3207
-3387
-3608
-3720
-3686
-3655
-3727
-3792
-3746
-3636
-3596
-3584
-3500
-3360
-3240
-3148
-3023
-2893
-2813
-2726
-2528
-2290
-2151
-2135
-2069
-1868
-1618
-1451
-1357
-1248
-1108
-971
-805
-599
-416
-316
-244
-91
118
286
383
499
683
868
984
1062
1193
1402
1597
1736
1848
1970
2096
2233
2417
2618
2759
2799
2842
2984
3168
3247
3237
3254
3330
3354
3266
3187
3190
3168
3042
2885
2775
2657
2462
2280
2205
2123
1885
1570
1415
1405
1310
1071
875
812
743
585
449
433
387
232
104
110
119
-16
-186
-211
-161
-237
-419
-525
-538
-600
-729
-820
-845
-939
-1100
-1187
-1189
-1251
-1419
-1539
-1543
-1551
-1683
-1834
-1881
-1898
-1966
-2050
-2091
-2156
-2272
-2356
-2330
-2289
-2386
-2517
-2524
-2443
-2421
-2487
-2493
-2410
-2339
-2317
-2278
-2168
-2069
-2004
-1914
-1769
-1637
-1565
-1475
-1318
-1149
-1053
-987
-882
-741
-606
-517
-428
-335
-246
-146
-45
68
162
258
363
464
573
703
856
996
1121
1249
1393
1551
1719
1890
2063
2214
2317
2430
2600
2779
2911
2987
3042
3119
3175
3220
3277
3320
3298
3203
3104
3059
3017
2937
2800
2645
2486
2295
2106
1961
1821
1619
1380
1142
952
769
565
388
246
72
-155
-359
-470
-535
-637
-785
-902
-972
-1041
-1114
-1155
-1146
-1168
-1235
-1283
-1272
-1247
-1279
-1325
-1319
-1293
-1319
-1390
-1425
-1425
-1448
-1522
-1585
-1614
-1655
-1746
-1852
-1894
-1921
-1973
-2039
-2092
-2114
-2158
-2193
-2182
-2124
-2072
-2060
-2031
-1957
-1853
-1742
-1618
-1475
-1351
-1244
-1125
-955
-774
-619
-492
-363
-227
-118
-14
109
236
319
359
401
464
522
555
582
610
623
623
627
661
694
705
722
746
793
832
892
969
1034
1088
1140
1241
1349
1410
1472
1565
1648
1692
1729
1808
1889
1900
1852
1843
1885
1882
1792
1717
1687
1624
1488
1334
1252
1188
1032
819
675
590
439
218
64
-11
-119
-299
-476
-538
-570
-681
-806
-835
-804
-834
-911
-918
-840
-768
-762
-747
-649
-559
-542
-522
-409
-272
-213
-230
-218
-134
-86
-87
-95
-62
-73
-164
-254
-289
-294
-355
-460
-560
-646
-743
-847
-896
-925
-985
-1079
-1157
-1181
-1172
-1166
-1154
-1120
-1085
-1062
-1014
-919
-801
-700
-612
-514
-403
-302
-208
-88
38
139
195
249
318
386
427
452
482
498
485
456
452
451
432
400
374
364
348
313
301
313
330
329
325
338
370
396
417
463
510
541
559
589
627
657
677
700
722
729
719
713
723
728
714
684
657
635
610
576
541
516
478
431
394
362
337
309
273
246
220
200
182
161
153
150
151
147
144
160
180
194
203
218
247
277
291
298
312
329
334
312
292
278
243
185
117
49
-26
-119
-235
-351
-465
-595
-738
-879
-1007
-1143
-1284
-1422
-1547
-1650
-1744
-1837
-1922
-1979
-2021
-2041
-2050
-2040
-2004
-1959
-1891
-1810
-1721
-1612
-1492
-1362
-1227
-1088
-947
-798
-651
-516
-385
-255
-134
-19
80
170
263
336
393
433
470
505
531
539
543
544
545
541
527
526
525
523
522
526
540
570
594
619
658
705
763
818
878
951
1028
1111
1187
1257
1340
1421
1496
1569
1634
1704
1763
1798
1835
1865
1890
1897
1887
1871
1845
1809
1758
1693
1623
1545
1459
1355
1242
1133
1019
896
763
626
501
372
237
107
-20
-140
-262
-385
-502
-607
-704
-798
-896
-983
-1064
-1139
-1206
-1267
-1326
-1387
-1428
-1474
-1523
-1562
-1593
-1624
-1650
-1679
-1709
-1726
-1743
-1758
-1769
-1781
-1788
-1798
-1801
-1803
-1795
-1783
-1776
-1757
-1741
-1718
-1690
-1658
-1625
-1579
-1527
-1475
-1409
-1339
-1256
-1167
-1082
-984
-884
-778
-668
-560
-437
-308
-181
-56
62
186
310
427
540
659
770
873
971
1062
1151
1238
1309
1381
1452
1520
1587
1647
1702
1749
1803
1853
1897
1937
1977
2021
2059
2085
2099
2115
2122
2128
2115
2101
2083
2051
2005
1950
1891
1815
1724
1632
1536
1426
1313
1192
1068
946
819
678
546
417
297
178
57
-59
-169
-270
-367
-461
-541
-609
-677
-738
-788
-837
-880
-919
-958
-993
-1021
-1052
-1081
-1106
-1137
-1168
-1204
-1241
-1287
-1331
-1369
-1406
-1436
-1466
-1497
-1522
-1549
-1571
-1586
-1602
-1615
-1621
-1611
-1597
-1575
-1554
-1528
-1496
-1463
-1419
-1372
-1322
-1273
-1214
-1148
-1085
-1023
-960
-891
-826
-750
-675
-604
-531
-455
-369
-295
-216
-126
-42
44
125
208
288
368
444
521
598
666
731
791
853
904
947
984
1024
1064
1090
1111
1132
1145
1153
1168
1178
1179
1176
1178
1182
1187
1178
1166
1159
1149
1137
1117
1099
1091
1084
1075
1064
1044
1021
1001
979
954
928
899
869
840
806
770
718
667
610
543
493
428
372
323
271
216
149
86
23
-40
-107
-181
-247
-300
-360
-415
-474
-536
-584
-641
-689
-734
-781
-819
-848
-875
-896
-919
-939
-955
-960
-957
-958
-946
-935
-916
-889
-865
-833
-798
-762
-724
-688
-660
-627
-591
-552
-516
-488
-465
-443
-424
-404
-388
-377
-364
-347
-345
-337
-326
-322
-316
-307
-294
-292
-283
-264
-230
-200
-174
-150
-120
-93
-60
-22
12
57
109
155
201
244
285
324
362
396
425
452
486
510
530
549
559
562
560
554
541
533
530
527
527
521
509
489
477
468
452
439
424
413
406
397
389
386
386
382
372
363
355
347
345
340
338
332
323
321
309
295
279
258
239
222
200
173
150
130
112
88
66
40
11
-24
-58
-86
-123
-159
-185
-204
-226
-251
-277
-306
-332
-353
-366
-377
-388
-399
-412
-420
-425
-424
-417
-411
-411
-408
-409
-399
-388
-375
-363
-355
-345
-343
-339
-337
-330
-321
-320
-315
-327
-334
-336
-336
-333
-336
-339
-345
-355
-366
-369
-362
-353
-343
-330
-322
-310
-297
-283
-260
-234
-210
-183
-161
-133
-106
-69
-33
-2
28
49
73
94
123
157
194
227
252
272
292
321
336
360
376
398
411
424
447
466
492
506
518
518
522
521
523
529
533
537
536
530
524
515
501
487
465
438
419
400
378
357
336
318
291
266
244
217
184
149
120
80
48
23
1
-13
-47
-81
-108
-136
-157
-182
-207
-232
-248
-277
-299
-312
-326
-338
-361
-376
-393
-401
-410
-422
-432
-447
-457
-467
-469
-472
-472
-469
-470
-472
-474
-471
-458
-448
-442
-436
-426
-412
-399
-391
-375
-348
-321
-291
-261
-229
-198
-171
-143
-111
-78
-43
-3
31
57
89
122
160
201
224
253
283
308
338
358
374
401
427
438
453
461
475
492
487
491
498
497
508
511
504
504
498
487
479
461
448
447
432
417
409
383
362
347
315
284
257
230
212
176
136
115
90
58
29
-3
-36
-60
-91
-127
-157
-184
-211
-242
-270
-296
-313
-344
-371
-392
-415
-434
-450
-454
-469
-478
-489
-491
-489
-498
-499
-500
-502
-502
-494
-497
-489
-472
-468
-455
-442
-426
-400
-380
-366
-334
-320
-302
-271
-254
-230
-204
-184
-161
-137
-117
-92
-56
-29
4
32
53
94
123
143
165
188
218
240
252
269
293
303
327
350
354
368
394
403
413
420
424
440
444
446
455
452
450
456
443
430
428
419
409
395
379
369
356
327
309
297
265
248
231
199
182
159
132
115
85
59
41
10
-17
-33
-58
-84
-101
-123
-144
-162
-176
-186
-198
-210
-221
-225
-242
-255
-255
-267
-273
-281
-293
-300
-306
-317
-317
-319
-325
-318
-317
-324
-325
-329
-328
-332
-333
-330
-325
-320
-315
-312
-304
-291
-277
-265
-245
-222
-210
-199
-185
-167
-154
-141
-115
-94
-81
-59
-43
-29
-15
7
29
48
69
90
109
121
137
147
152
173
195
203
211
218
227
233
230
230
245
250
253
251
242
236
239
239
228
215
217
221
210
208
196
189
184
176
169
156
147
143
135
117
106
106
98
93
84
78
78
71
66
68
61
59
68
60
54
50
36
34
30
18
17
8
2
-1
-20
-23
-29
-41
-42
-45
-60
-61
-64
-77
-71
-84
-99
-94
-97
-104
-109
-120
-118
-121
-132
-129
-131
-132
-127
-123
-131
-129
-134
-130
-123
-129
-123
-119
-117
-111
-116
-120
-111
-114
-111
-105
-103
-93
-88
-92
-91
-91
-89
-80
-82
-80
-69
-75
-72
-72
-83
-66
-51
-43
-35
-33
-29
-22
-22
-24
-15
-4
11
21
20
22
27
26
27
33
41
54
64
63
70
67
65
75
77
83
96
105
109
115
106
103
111
114
129
134
124
131
136
131
130
122
117
128
128
123
123
114
111
108
85
83
86
85
81
72
64
70
67
49
50
43
35
36
24
16
15
-3
-12
-23
-37
-40
-45
-52
-59
-67
-72
-70
-80
-94
-98
-95
-94
-96
-104
-105
-100
-103
-109
-113
-113
-110
-107
-109
-110
-103
-101
-100
-101
-101
-92
-87
-87
-84
-76
-73
-73
-64
-64
-59
-51
-50
-45
-41
-39
-29
-26
-18
-6
-1
8
11
21
29
37
41
45
48
54
59
56
64
66
67
74
70
70
74
79
78
74
73
74
80
74
69
62
62
62
65
52
48
43
40
37
24
25
25
31
27
24
19
16
11
4
3
3
4
6
7
-2
-10
-10
-17
-19
-19
-20
-13
-19
-27
-30
-39
-38
-39
-38
-37
-37
-33
-37
-39
-45
-44
-41
-39
-32
-31
-33
-30
-32
-32
-36
-37
-28
-25
-24
-25
-25
-28
-23
-23
-26
-20
-16
-10
-7
-3
-2
2
-1
8
12
16
20
20
19
23
23
16
20
15
19
26
22
25
28
28
34
33
29
31
29
33
32
28
29
29
30
28
27
26
27
26
20
17
24
22
17
12
16
16
11
11
9
8
8
6
4
-3
-6
-7
-7
-7
-6
-10
-10
-5
-13
-12
-15
-17
-14
-12
-13
-16
-16
-13
-13
-19
-18
-13
-17
-20
-20
-19
-16
-18
-15
-14
-16
-16
-16
-18
-17
-12
-14
-12
-10
-11
-13
-14
-13
-14
-11
-10
-8
-7
-9
-9
-10
-10
-10
-11
-13
-11
-13
-12
-13
-13
-12
-10
-16
-16
-14
-14
-12
-13
-13
-17
-20
-15
-11
-11
-11
-13
-11
-9
-12
-6
-3
-4
1
-1
-1
0
2
3
4
5
7
8
9
12
12
14
12
14
16
19
18
17
24
23
21
21
24
24
24
27
27
34
32
31
35
32
34
33
31
35
34
34
37
37
37
39
39
36
38
36
35
37
40
38
37
38
33
36
33
32
34
28
30
28
26
23
20
19
21
21
16
16
15
10
10
11
5
2
-3
-6
-10
-19
-19
-19
-19
-24
-25
-26
-33
-36
-38
-43
-44
-48
-51
-56
-58
-64
-65
-72
-80
-81
-84
-81
-80
-81
-83
-82
-82
-88
-89
-97
-99
-99
-95
-92
-93
-88
-80
-78
-74
-73
-73
-70
-66
-64
-60
-53
-44
-44
-37
-29
-22
-13
-10
-3
7
20
24
30
37
46
53
55
62
69
78
81
86
91
98
105
108
114
120
125
128
134
136
138
142
146
144
141
141
137
136
132
132
133
126
123
120
120
117
111
108
109
102
92
84
74
65
55
38
27
22
16
13
8
5
4
-7
-21
-34
-46
-61
-75
-86
-87
-88
-92
-94
-99
-97
-106
-120
-129
-133
-140
-147
-155
-153
-151
-153
-153
-154
-150
-148
-150
-150
-145
-139
-137
-137
-137
-135
-132
