1
0
0
-1
1
1
1
-1
-1
0
0
0
0
-2
0
2
0
0
-1
1
2
0
-1
1
0
0
-1
0
0
-1
1
-1
0
2
1
1
0
-1
-1
1
1
-1
0
0
1
-1
0
0
-2
0
2
0
-1
-1
0
0
-1
0
1
0
0
-1
0
0
-2
-1
-1
-1
-1
0
2
1
0
0
1
-1
0
1
1
0
-1
-1
-1
-1
1
0
0
-1
0
0
1
-1
1
1
0
-2
0
1
0
0
0
1
1
0
-1
-1
0
1
-2
1
0
-1
0
1
1
-1
-1
0
0
1
-1
-1
0
1
0
0
1
0
-1
-1
-1
0
-1
0
0
2
0
0
0
-1
-1
-1
0
0
1
0
0
0
-1
0
0
2
-1
-1
-1
-1
-2
-2
0
1
0
-1
0
-1
0
1
0
0
-1
-1
-1
0
1
1
0
0
0
0
-1
-1
1
1
0
1
-1
-2
-1
0
-1
-1
0
2
1
1
1
0
0
1
2
0
1
0
0
0
0
1
0
-2
0
-1
-1
0
-1
-1
-1
0
-1
-2
-2
0
0
-1
0
1
1
0
-1
-1
-1
0
-1
0
-1
-1
-1
1
0
-1
0
0
1
-1
1
1
-1
-2
0
0
-1
0
-1
-1
-1
-1
-2
0
-1
1
1
-1
-1
0
0
0
-1
0
1
1
0
0
-1
0
-1
0
-1
-1
0
0
0
0
1
1
2
-1
-2
0
1
0
2
0
1
-1
-1
1
0
-1
0
0
1
0
0
-1
0
1
-1
0
0
0
0
1
2
1
1
0
-1
0
-1
-1
-1
1
0
1
1
1
-1
0
0
2
0
-1
2
1
0
0
1
0
1
-1
0
-1
2
1
-1
-1
-2
-1
0
1
2
1
-1
-1
-1
-2
0
0
-1
-3
-2
-2
-2
-1
-2
0
-1
-1
-1
-1
-1
-1
0
0
-2
-2
1
1
1
-1
-1
0
-1
-1
0
0
-1
0
-1
-2
-2
-2
-2
-1
-2
-3
-3
-1
0
-1
-1
-2
0
-1
-1
-4
-4
-5
-4
-3
-4
-2
-4
-3
-1
-1
-2
-2
-2
-1
0
-2
-1
1
2
3
5
4
4
3
5
6
5
2
4
4
4
5
2
1
0
1
0
-3
-3
-2
-4
-6
-8
-8
-8
-7
-8
-10
-9
-11
-9
-8
-8
-6
-3
-2
-5
-5
-3
-2
0
3
3
3
9
9
10
10
11
12
12
12
12
12
11
12
15
15
15
16
17
16
17
18
17
17
16
18
17
17
19
17
16
19
20
19
15
15
17
15
11
10
8
5
5
1
-5
-7
-6
-6
-12
-15
-16
-19
-20
-21
-21
-26
-28
-27
-25
-26
-26
-24
-22
-17
-15
-12
-14
-11
-8
-6
-3
2
4
7
11
15
16
15
14
14
16
17
13
10
11
13
11
6
1
0
1
3
0
-6
-9
-7
-3
-5
-9
-7
-3
0
0
-2
-4
1
9
9
6
7
10
10
13
16
11
4
4
4
-1
-2
-7
-12
-17
-21
-24
-34
-42
-43
-45
-51
-55
-58
-65
-67
-59
-54
-59
-60
-52
-43
-36
-30
-24
-18
-5
10
19
26
39
55
67
72
77
85
94
100
99
103
108
106
96
83
73
62
51
39
19
-4
-27
-37
-53
-72
-94
-111
-119
-124
-136
-155
-157
-142
-131
-132
-129
-110
-85
-60
-35
-15
0
21
47
74
92
103
114
129
144
142
128
117
121
117
90
54
32
20
-2
-33
-60
-80
-95
-107
-123
-132
-127
-114
-99
-87
-73
-45
0
47
87
123
163
208
260
310
346
372
397
427
449
450
426
386
362
357
328
245
143
78
41
-22
-124
-230
-300
-339
-389
-465
-539
-576
-574
-564
-562
-564
-553
-512
-429
-339
-280
-243
-176
-59
51
105
137
203
298
368
374
358
368
391
389
347
293
237
170
100
48
-1
-84
-187
-250
-260
-294
-384
-461
-453
-393
-385
-439
-465
-402
-298
-251
-259
-226
-131
-34
16
46
90
151
217
275
309
317
329
367
411
420
384
339
338
376
374
297
222
215
224
178
101
49
28
1
-43
-92
-135
-164
-188
-206
-211
-216
-245
-272
-245
-182
-162
-187
-177
-98
-16
11
20
59
135
205
238
244
267
318
352
353
343
328
312
299
293
255
171
105
86
67
-13
-115
-162
-164
-197
-288
-367
-364
-325
-349
-425
-440
-363
-310
-354
-389
-303
-179
-163
-216
-182
-43
51
18
-24
59
197
217
120
98
219
291
191
79
127
227
182
33
-19
56
83
-24
-136
-107
-19
-52
-188
-219
-99
-34
-124
-204
-125
-5
-11
-84
-69
41
101
68
32
76
163
182
138
138
197
205
149
143
208
217
138
82
122
171
123
34
17
71
100
36
-56
-54
22
42
-26
-74
-44
-9
-22
-47
-58
-55
-40
-29
-48
-95
-118
-104
-100
-120
-151
-185
-198
-177
-164
-199
-231
-185
-108
-87
-115
-109
-27
94
164
145
129
221
382
414
287
229
366
523
469
261
158
243
316
189
-45
-135
-58
-41
-198
-362
-386
-344
-390
-477
-495
-470
-461
-456
-401
-323
-304
-312
-263
-152
-47
-6
-16
13
111
180
178
162
184
201
187
174
155
122
77
26
5
-11
-79
-155
-164
-127
-134
-228
-300
-269
-220
-240
-299
-302
-233
-193
-215
-222
-168
-88
-81
-132
-109
7
134
202
214
204
182
247
484
736
777
650
647
872
1054
1011
925
1033
1324
1554
1461
987
461
467
1046
1343
721
-213
-438
10
56
-718
-1434
-1224
-621
-859
-1869
-2376
-1845
-1227
-1330
-1687
-1628
-1346
-1238
-1102
-662
-187
-39
-31
238
709
982
974
1065
1466
1784
1609
1213
1175
1470
1543
1242
833
500
290
235
154
-229
-760
-1061
-1039
-969
-1179
-1609
-1827
-1572
-1255
-1387
-1722
-1600
-1030
-685
-782
-898
-677
-208
192
344
341
448
724
912
930
963
1087
1155
1134
1130
1078
882
704
728
767
585
289
103
43
2
-77
-213
-363
-428
-426
-452
-543
-652
-636
-463
-364
-483
-639
-542
-240
-76
-120
-132
56
267
294
284
438
669
787
795
819
890
945
987
1056
1118
1079
983
953
974
916
733
487
291
226
194
7
-324
-557
-605
-678
-912
-1163
-1254
-1214
-1200
-1324
-1458
-1402
-1206
-1068
-1019
-936
-785
-621
-440
-224
-22
138
293
439
521
571
665
804
905
899
787
651
595
604
534
340
157
49
-65
-246
-423
-496
-528
-643
-854
-1024
-1017
-858
-778
-902
-1019
-895
-631
-516
-553
-494
-276
-76
-24
-13
87
262
435
548
581
574
594
664
757
886
1015
1038
924
796
857
1140
1392
1366
1144
1019
1063
1054
889
751
864
1218
1604
1489
287
-1406
-1664
289
2062
860
-2180
-3179
-1111
515
-1077
-3634
-3188
-265
627
-2136
-4614
-3138
201
1004
-1005
-2356
-1330
282
670
342
458
950
1146
1065
1192
1442
1416
1305
1582
1877
1306
92
-330
594
1432
715
-926
-1676
-1086
-453
-794
-1593
-1895
-1681
-1560
-1773
-1985
-1855
-1485
-1223
-1180
-1200
-1153
-942
-426
243
497
146
-108
393
1228
1502
1168
961
1186
1405
1284
1054
1064
1222
1168
773
334
182
251
277
161
-35
-328
-634
-675
-440
-310
-496
-726
-689
-473
-337
-340
-281
-31
208
177
53
283
816
1152
1115
1066
1367
1921
2259
2121
1882
2064
2575
2806
2537
2299
2776
3851
3966
1645
-1640
-1956
1841
5131
2962
-2699
-5048
-1856
1257
-947
-5505
-5590
-1065
905
-3393
-8286
-6897
-1173
1349
-1676
-5104
-4482
-1417
310
122
-29
654
1220
1168
1302
2108
2850
2907
2837
3140
3097
2069
1008
1275
2523
2940
1468
-840
-1897
-1021
197
-83
-1731
-3042
-2895
-2004
-1911
-2880
-3424
-2645
-1800
-2019
-2567
-2628
-2351
-1605
-359
112
-834
-1596
-815
641
1433
1226
449
231
1233
2085
1455
750
1456
2096
1220
289
651
1185
805
197
40
-77
-528
-1109
-1343
-925
-438
-872
-1963
-2244
-1412
-899
-1367
-1677
-1065
-473
-719
-1006
-432
455
790
803
1015
1260
1390
1846
2658
3113
2933
2737
3023
3542
3786
3555
3210
3311
3741
3756
3358
3319
3436
2482
487
-885
-565
797
1638
596
-2212
-4474
-4036
-2209
-2166
-4165
-5171
-3682
-2180
-3443
-6117
-6146
-2496
711
-332
-3483
-3749
-548
2058
1888
1105
1794
2961
3044
2608
3069
4296
4858
4109
2991
2574
2627
2281
1625
1419
1466
672
-1107
-2558
-2671
-1948
-1648
-2447
-3898
-4759
-4249
-3217
-3171
-4126
-4625
-3757
-2248
-1663
-2734
-4041
-3088
-100
1364
-488
-2556
-1464
1463
2585
1014
-665
-9
2199
2876
1063
-381
702
2249
1659
17
-386
262
548
233
-292
-878
-1293
-1368
-1303
-1224
-1118
-1300
-1859
-2117
-1695
-1263
-1306
-1290
-894
-657
-808
-665
128
896
1126
1324
1922
2378
2306
2477
3538
4623
4580
3875
3909
4866
5526
5112
4340
4357
5057
5181
4316
3659
4036
4377
3274
979
-1033
-1367
310
2252
1348
-2803
-5947
-4585
-1476
-1811
-5220
-6370
-3423
-1070
-3392
-7302
-6681
-1469
1897
-222
-3664
-3157
309
2332
2077
2022
2933
3246
2646
2681
3886
4863
4485
3427
2879
2814
2300
1184
519
846
1022
-277
-2574
-4062
-3822
-2754
-2472
-3713
-5510
-6117
-5135
-4159
-4463
-5096
-4665
-3608
-3237
-3650
-3796
-2897
-1361
-560
-1046
-1536
-768
448
786
607
835
1191
1009
671
773
1201
1531
1366
632
-97
-177
207
473
397
-52
-813
-1375
-1279
-917
-880
-967
-831
-907
-1465
-1787
-1285
-524
-305
-484
-497
-273
-107
56
580
1418
1947
1838
1645
2023
2851
3488
3706
3819
4040
4191
4060
3961
4267
4793
4960
4450
3740
3451
3641
3752
3411
2902
2661
2378
965
-1608
-3016
-1165
1968
1659
-2999
-6844
-5445
-1536
-1119
-4613
-6464
-3695
-541
-2042
-6148
-6435
-1585
2646
1600
-2067
-2889
-45
2869
3515
2969
2821
3072
3110
3140
3623
4116
3907
3220
2668
2211
1338
179
-370
10
301
-869
-3239
-4964
-4705
-3264
-2750
-4053
-5884
-6376
-5388
-4411
-4427
-4771
-4282
-3200
-2688
-3078
-3489
-2894
-1139
639
789
-513
-1138
97
1797
2198
1444
814
1055
1574
1376
640
613
1407
1361
-1
-1008
-756
-289
-326
-517
-931
-1824
-2531
-2286
-1530
-1161
-1417
-1912
-2216
-1965
-1358
-1097
-1127
-634
322
579
37
-15
1014
2318
3053
3122
2900
2996
3753
4766
5326
5384
5369
5406
5401
5351
5461
5735
5924
5711
4874
4008
3921
4310
3985
2825
2140
2494
2433
167
-3281
-4082
-760
2424
180
-5930
-8427
-4459
-322
-2282
-7117
-7257
-2302
467
-3046
-7477
-5747
521
3573
694
-2717
-1721
1800
3593
3237
2976
3384
3501
3190
3114
3451
3635
3238
2585
2015
1278
74
-1107
-1413
-1049
-1161
-2520
-4502
-5773
-5578
-4443
-3931
-4893
-6288
-6486
-5482
-4651
-4576
-4419
-3517
-2530
-2234
-2401
-2445
-1967
-730
960
1836
1112
-140
-161
1268
2522
2301
1077
438
880
1212
633
26
233
417
-204
-978
-1223
-1270
-1314
-1103
-938
-1420
-2280
-2546
-1902
-970
-665
-1219
-1764
-1318
-292
-7
-389
-6
1344
2057
1431
873
1643
3129
3991
3879
3527
3763
4472
4839
4730
4962
5696
5739
4621
3725
4269
5376
5431
4339
3176
2870
3297
3380
2382
1109
1011
1846
1835
-261
-3442
-4667
-2089
1565
857
-4731
-8449
-5462
-457
-1000
-5931
-7503
-3198
743
-1299
-6088
-6170
-641
3496
1651
-2132
-1999
1269
3180
2894
2751
3164
2795
2030
2233
3103
3186
2172
1099
715
582
-262
-1806
-2810
-2503
-1911
-2671
-4757
-6457
-6416
-4990
-3876
-4401
-6023
-6785
-5686
-4051
-3493
-3653
-3220
-2193
-1553
-1505
-1641
-1490
-413
1572
2819
1845
-121
-473
1276
2975
2741
1065
-18
479
1308
877
-201
-235
455
165
-1090
-1701
-1235
-652
-512
-746
-1265
-1774
-1720
-1027
-246
107
-82
-456
-316
520
1234
1350
1633
2536
3078
2569
2137
3042
4657
5431
5086
4672
4830
5276
5679
6114
6431
6115
5273
4825
5284
5836
5468
4389
3636
3575
3433
2559
1413
969
1255
1321
384
-1686
-4100
-4885
-2706
75
-871
-5565
-8418
-5864
-1928
-2343
-6011
-6831
-3057
71
-1862
-5719
-5206
-134
3311
1656
-1331
-1029
1687
3255
3066
2926
3145
2712
1905
1894
2593
2675
1568
235
-237
-167
-856
-2517
-3667
-3276
-2521
-3228
-5293
-6799
-6407
-4775
-3827
-4723
-6265
-6293
-4659
-3380
-3541
-3776
-2715
-1164
-895
-2086
-2778
-1189
1616
2665
1112
-555
-178
1268
1743
1119
711
1059
1292
495
-808
-993
280
1157
229
-1419
-1990
-1406
-678
-321
-360
-815
-1410
-1494
-871
-42
430
433
275
380
801
1225
1559
2059
2691
2992
2813
2662
2940
3530
4238
4915
5188
4751
4107
4217
5234
6042
5729
4763
4255
4500
4725
4502
4152
3931
3438
2522
1843
1761
1652
836
-29
75
497
-1060
-4564
-5979
-2633
1414
-255
-6437
-9078
-4800
-102
-1561
-6203
-6512
-1658
1300
-1795
-5910
-4187
1660
4075
1035
-1893
-594
2214
2954
2316
2414
2713
1856
642
604
1615
1887
594
-1122
-1671
-1376
-1919
-3507
-4501
-3893
-3145
-3988
-6103
-7388
-6443
-4360
-3612
-5028
-6458
-5831
-3833
-2776
-3101
-3070
-1752
-616
-1327
-2526
-1596
1252
2839
1765
212
283
1353
1725
1379
1306
1815
1939
839
-649
-783
635
1668
1047
-519
-1667
-1747
-749
534
788
-259
-1380
-1251
-197
639
848
916
1202
1399
1284
1282
2066
3303
3949
3659
3237
3401
3888
4333
4886
5624
6004
5643
4994
4922
5648
6390
6357
5640
5027
4869
4774
4465
4176
3977
3416
2391
1524
1157
710
-220
-910
-589
-167
-1859
-5545
-7262
-4145
138
-841
-6663
-9641
-5817
-1047
-2014
-6315
-6628
-1829
1390
-1324
-5428
-4087
1735
4773
2156
-1117
-307
2652
3736
2970
2733
3132
2582
1230
603
1161
1631
865
-797
-2003
-2228
-2475
-3518
-4641
-4617
-3908
-4208
-6017
-7652
-7162
-5011
-3701
-4673
-6299
-6234
-4390
-2803
-2728
-3043
-2309
-1185
-1490
-2446
-1527
1082
2343
1156
-97
232
1163
1317
1028
1135
1601
1622
559
-750
-702
718
1515
851
-251
-1115
-1597
-1001
668
1498
351
-1268
-1267
107
1162
1319
1198
1336
1515
1461
1372
1949
3196
4005
3712
3011
2889
3285
3889
4743
5541
5426
4476
4021
4699
5590
5617
5060
4718
4699
4528
4006
3504
3361
3460
3073
1921
790
451
444
-140
-1014
-1280
-1049
-1827
-4236
-6112
-4871
-1645
-1024
-4709
-8172
-6642
-2444
-1663
-4796
-6312
-3178
408
-528
-4128
-4315
199
3953
2789
-482
-714
2027
3764
3125
2391
2790
2876
1784
721
893
1529
1135
-425
-1837
-2146
-2129
-2991
-4342
-4668
-3948
-3929
-5398
-6877
-6722
-5268
-4186
-4433
-5316
-5507
-4559
-3227
-2409
-2086
-1963
-2181
-2318
-1228
780
1551
572
54
1213
2271
1595
425
776
2364
2934
1471
-345
-388
976
1496
645
7
62
-427
-1239
-791
508
658
-518
-1124
-368
542
509
208
774
1807
1946
1088
945
2346
3720
3566
2946
3388
4199
4168
3938
4763
5985
6065
5170
4926
5831
6593
6244
5434
5380
5914
5823
4823
3983
3997
4103
3385
2132
1322
1026
492
-597
-1653
-1967
-1723
-2138
-4065
-6085
-5822
-3530
-2637
-4993
-7580
-6721
-3645
-2724
-4756
-5922
-3570
-280
-226
-2796
-3267
181
3592
3254
1019
898
2936
4090
3525
3086
3559
3597
2423
1190
1143
1636
1054
-713
-2106
-2215
-2210
-3404
-5064
-5496
-4748
-4608
-5903
-7381
-7401
-6062
-4967
-5201
-6067
-6064
-4825
-3491
-3069
-2975
-2358
-1761
-2000
-2062
-600
1306
1627
618
302
1145
1742
1269
733
1264
2196
1977
416
-705
-182
840
775
15
-408
-798
-1373
-1201
-81
410
-544
-1478
-932
255
511
83
272
1264
1842
1420
1050
1893
3284
3713
3267
3283
3998
4321
4123
4501
5646
6203
5554
4909
5251
5993
6107
5627
5235
5157
5028
4615
4119
3699
3249
2600
1937
1466
934
-70
-1266
-1818
-1594
-1725
-3204
-5019
-5176
-3662
-3076
-4957
-7044
-6375
-3894
-3231
-4956
-5762
-3761
-1486
-1706
-3031
-2322
323
1818
1134
659
2052
3638
3469
2572
2975
4167
4114
2733
1758
1986
2302
1569
52
-1246
-1746
-1781
-2267
-3662
-5122
-5462
-4863
-4828
-6078
-7277
-6890
-5488
-5004
-5882
-6425
-5349
-3672
-3070
-3323
-2924
-1764
-1354
-1885
-1475
639
2364
1860
476
553
1882
2485
1839
1325
1814
2359
1687
287
-171
660
1214
497
-539
-921
-988
-1034
-588
62
-261
-1453
-1822
-689
524
560
24
188
1070
1653
1603
1801
2855
3935
4012
3619
3974
4961
5581
5822
6386
7004
6853
6285
6452
7338
7718
7070
6251
6090
6206
5775
4886
4292
4034
3356
2110
1156
687
-282
-1985
-2938
-2283
-1854
-3733
-6557
-7035
-4921
-3819
-5874
-8265
-7403
-4538
-3900
-6059
-6954
-4250
-1063
-1105
-3046
-2828
73
2317
2147
1588
2586
4049
4158
3433
3603
4618
4873
3757
2431
2026
2157
1691
374
-1016
-1799
-2191
-2919
-4192
-5394
-5819
-5621
-5769
-6746
-7700
-7521
-6486
-5935
-6339
-6718
-6164
-4957
-3945
-3476
-3203
-2780
-2282
-1791
-1024
158
1150
1291
934
971
1517
1926
1932
1886
2013
2008
1527
798
453
731
1041
719
-105
-810
-1064
-872
-364
-42
-484
-1352
-1546
-724
139
210
-92
133
877
1345
1286
1496
2547
3661
3788
3271
3455
4620
5723
6043
5999
6169
6441
6569
6652
6911
7159
7037
6517
5882
5343
4898
4688
4636
4114
2727
1288
786
307
-1468
-3354
-2930
-1071
-1680
-5484
-8163
-6601
-3844
-4395
-7267
-7858
-5346
-3923
-5772
-7417
-5256
-1457
-621
-2596
-3163
-842
1459
1829
1906
3204
4396
4046
3174
3504
4921
5818
5190
3560
2307
2126
2306
1734
418
-747
-1460
-2268
-3528
-4712
-5184
-5135
-5415
-6371
-7164
-7046
-6529
-6556
-6823
-6436
-5667
-5386
-5319
-4539
-3435
-2979
-2875
-2063
-697
26
-95
-37
832
1765
1933
1714
1933
2399
2207
1548
1540
2173
2132
1063
217
342
599
199
-351
-417
-349
-757
-1346
-1328
-666
-205
-466
-814
-481
251
592
676
1297
2321
2825
2670
2855
3924
5087
5632
5823
6282
6895
7186
7249
7487
8003
8303
8121
7573
6895
6265
5840
5844
5811
5086
3524
1786
384
-932
-1861
-1703
-839
-1451
-4444
-7344
-7457
-5654
-5196
-6580
-7439
-6642
-6008
-6906
-7570
-6013
-3268
-2265
-3319
-3789
-2038
382
1369
1499
2344
3751
4206
3702
3747
4922
6142
6079
4856
3581
3199
3385
3035
1812
562
-23
-621
-2022
-3761
-4634
-4496
-4474
-5405
-6805
-7449
-7091
-6698
-7035
-7498
-7117
-6213
-5853
-6076
-5775
-4540
-3311
-2884
-2776
-2145
-1112
-309
111
469
1018
1603
1910
1832
1749
2107
2596
2458
1749
1291
1372
1351
842
317
196
156
-322
-1009
-1193
-842
-808
-1448
-1871
-1378
-693
-730
-1027
-635
223
744
905
1291
1997
2718
3399
4105
4859
5526
6042
6453
6950
7600
8030
8111
8077
8067
7782
7235
6980
6979
6629
5650
4504
3038
862
-871
-471
1283
907
-2781
-6464
-6601
-4523
-4380
-6609
-7758
-6214
-5126
-7013
-9225
-7948
-4238
-2540
-3856
-4993
-3752
-1668
-549
219
1653
3046
3085
2301
2444
4123
5922
6148
4964
3907
3815
3959
3460
2545
2035
2001
1455
-318
-2557
-3539
-2810
-2079
-3098
-5306
-6638
-6415
-5989
-6380
-6862
-6539
-5982
-6259
-6991
-6792
-5393
-3999
-3509
-3492
-3210
-2678
-2098
-1218
27
1048
1263
905
723
1114
1936
2774
3101
2572
1526
903
1240
1928
1946
1127
321
136
85
-474
-1086
-842
-104
-234
-1433
-2144
-1292
34
213
-422
-266
893
1681
1534
1657
3043
4780
5348
4833
4825
6212
7989
8707
8314
7939
8222
8678
8713
8427
8153
7932
7593
6647
4448
1641
637
2574
4542
2503
-2866
-6284
-4921
-2272
-3029
-6296
-7536
-5784
-4984
-7461
-9833
-8134
-4114
-2780
-4966
-6623
-5107
-2336
-945
-603
292
1535
1815
1248
1458
3299
5390
5680
4065
2540
2674
3660
3730
2677
1749
1532
1113
-360
-2147
-2813
-2200
-1755
-2755
-4652
-5940
-6140
-5914
-5734
-5546
-5579
-6211
-6970
-6866
-5811
-4750
-4315
-4133
-3745
-3331
-3046
-2504
-1415
-228
354
264
51
148
619
1413
2248
2436
1599
501
361
1228
1880
1435
395
-208
-215
-343
-896
-1209
-798
-441
-1174
-2413
-2446
-1070
-145
-743
-1458
-763
573
898
453
942
2740
4180
4007
3285
3954
6108
7812
7710
6772
6771
7870
8759
8631
8004
7800
8169
8072
6127
2934
1582
3807
6492
4870
-651
-4357
-2981
-181
-967
-4460
-5896
-4150
-3260
-5788
-8522
-7377
-3793
-2592
-4696
-6322
-5093
-2889
-1919
-1548
-473
679
762
322
771
2388
4027
4484
3684
2645
2418
2979
3395
3085
2334
1654
1065
258
-739
-1439
-1527
-1434
-1981
-3262
-4439
-4882
-4828
-4705
-4602
-4686
-5277
-6005
-5917
-4903
-4043
-4088
-4341
-3837
-2892
-2406
-2360
-1953
-978
-175
-89
-333
-215
411
1150
1574
1477
923
400
490
1124
1497
1052
230
-166
-101
-224
-728
-1026
-744
-490
-968
-1811
-1979
-1235
-503
-486
-793
-731
-351
-7
465
1379
2419
2814
2592
2702
3814
5375
6254
6186
5921
6263
7068
7653
7674
7439
7457
7641
7161
5197
2797
2438
4754
6585
4372
-549
-3251
-1747
288
-829
-3561
-4213
-2799
-2854
-5393
-7138
-5518
-2653
-2143
-3833
-4779
-3795
-2485
-1779
-817
626
1245
485
-146
695
2431
3515
3385
2624
1996
1872
2017
1998
1655
1251
886
179
-1031
-2165
-2416
-1918
-1814
-2912
-4545
-5340
-5024
-4579
-4713
-4999
-4956
-4872
-5054
-5092
-4511
-3632
-2983
-2588
-2274
-2108
-1992
-1420
-286
657
689
178
82
631
1168
1217
1094
1153
1150
755
294
332
739
794
186
-562
-877
-841
-896
-1141
-1249
-1095
-1006
-1305
-1734
-1690
-1111
-541
-390
-346
51
689
1117
1283
1701
2639
3672
4123
4031
4055
4564
5261
5719
5954
6048
5998
5784
5278
4066
2490
2198
4005
5822
4500
571
-1940
-874
1054
440
-1638
-1997
-592
-770
-3413
-5101
-3291
-376
-193
-2249
-3260
-2067
-771
-586
-384
706
1710
1424
517
354
1483
2858
3204
2346
1298
1070
1275
1162
647
420
485
85
-1160
-2541
-2871
-2279
-2021
-2994
-4248
-4513
-4079
-4137
-4779
-4891
-4309
-3963
-4320
-4512
-3912
-3048
-2679
-2705
-2406
-1676
-973
-665
-427
44
580
864
948
1048
1060
1029
1152
1464
1463
1001
622
776
1104
896
282
-108
55
128
-397
-1030
-937
-246
-156
-879
-1463
-1146
-665
-677
-672
-118
588
587
290
412
1285
2434
3308
3655
3337
3033
3280
4315
5182
5168
4480
3764
3094
1757
758
1495
3743
4319
1649
-1690
-2525
-1116
-610
-1219
-1174
-22
-298
-2842
-4606
-3056
325
1407
-48
-1325
-624
403
393
706
2240
3798
3228
1616
1069
2319
3788
4006
3339
2437
1947
1446
1097
917
1009
950
177
-1042
-2266
-2765
-2962
-3167
-3686
-4176
-4394
-4615
-4949
-5477
-5564
-5253
-4779
-4607
-4519
-4074
-3516
-3158
-3019
-2428
-1613
-1113
-991
-583
267
801
761
643
1041
1526
1635
1522
1638
1889
1780
1418
1305
1564
1569
1012
422
377
573
457
104
-25
-53
-394
-801
-703
-107
169
-100
-331
2
391
358
412
1189
2265
2380
1735
1662
2956
4352
4372
3304
2431
2101
1246
277
700
2772
3696
1417
-2046
-3365
-2130
-1214
-1583
-1887
-1357
-1675
-3781
-5402
-4240
-1234
128
-950
-2217
-1700
-455
-90
167
1527
3333
3514
2317
1708
2747
4235
4765
4481
3940
3491
2941
2540
2443
2619
2741
2320
1244
-224
-1272
-1564
-1378
-1443
-2039
-2820
-3464
-3982
-4566
-4897
-4605
-3949
-3777
-4281
-4665
-4326
-3534
-2907
-2439
-1911
-1456
-1345
-1288
-797
74
897
1280
1187
821
701
1151
1872
2227
1995
1502
1038
745
734
1065
1386
1258
645
-46
-441
-377
-18
200
46
-309
-411
-172
161
376
591
963
1306
1336
1087
1207
2158
3307
3579
2890
2206
1946
1302
164
88
2012
3888
2820
-645
-3053
-2557
-1121
-1058
-1659
-1448
-1265
-2822
-5174
-5406
-2974
-780
-1068
-2519
-2881
-2108
-1563
-1320
-332
1229
1915
1272
520
798
1901
2883
3298
3185
2750
2266
2013
2005
2112
2278
2313
1753
388
-991
-1290
-458
299
-29
-1116
-2013
-2426
-2625
-2622
-2129
-1363
-1183
-1966
-2821
-2696
-1729
-855
-544
-490
-383
-354
-394
-109
565
1140
1187
885
761
998
1361
1559
1487
1216
934
848
1054
1317
1299
1041
835
722
445
-79
-365
16
592
643
163
-242
-270
-189
-84
349
1052
1256
776
414
837
1766
2250
1841
782
-543
-1281
-428
1742
3100
1826
-1038
-2800
-2431
-1506
-1361
-1215
-456
-412
-2258
-4504
-4431
-1996
-62
-421
-1662
-1869
-1282
-1171
-1390
-646
921
1623
751
-440
-478
522
1338
1396
1116
948
782
299
-338
-483
40
393
-290
-1631
-2305
-1819
-1131
-1235
-1905
-2240
-2076
-2034
-2303
-2346
-1788
-1093
-920
-1102
-896
-192
377
552
760
1305
1855
2048
2118
2446
2857
3025
2977
2914
2887
2815
2760
2744
2560
2122
1711
1605
1653
1463
1039
727
591
345
-144
-559
-549
-209
9
-51
-118
-10
45
-153
-290
168
1161
1823
1545
719
352
865
1217
277
-1204
-1276
499
1885
844
-1600
-2873
-2352
-1787
-2190
-2510
-1876
-1321
-2288
-4095
-4613
-3274
-1695
-1303
-1627
-1547
-1130
-1112
-1229
-559
812
1797
1801
1351
1142
1260
1538
1880
2098
2018
1626
1012
181
-770
-1347
-1112
-477
-532
-1729
-3195
-3733
-3323
-2931
-3013
-3032
-2627
-2387
-2868
-3495
-3216
-1914
-591
-91
-228
-321
-63
481
1266
2155
2823
3023
2952
3006
3367
3868
4275
4392
4143
3714
3453
3528
3718
3687
3385
2988
2512
1966
1540
1537
1807
1830
1394
889
728
826
871
777
687
680
696
670
630
519
230
-216
-765
-1573
-2475
-2476
-907
678
-144
-3038
-4807
-3798
-2228
-2375
-3146
-2544
-1454
-2218
-4490
-5356
-3514
-1035
-385
-1359
-2116
-1966
-1674
-1528
-817
560
1432
979
-50
-484
-136
477
999
1201
846
19
-927
-1804
-2397
-2196
-1214
-665
-1632
-3381
-4204
-3627
-2781
-2565
-2568
-2075
-1425
-1564
-2314
-2249
-690
1094
1599
1119
1031
1704
2416
2824
3292
3953
4397
4405
4209
4122
4216
4405
4480
4311
3974
3686
3477
3167
2748
2417
2250
2041
1702
1382
1226
1125
964
849
1005
1433
1830
1813
1364
994
1199
1921
2510
2439
1838
1277
820
-113
-1498
-1874
-169
1899
1298
-1978
-4485
-4035
-2530
-2537
-3324
-2853
-1704
-2303
-4765
-6300
-5082
-2673
-1614
-2219
-3032
-3328
-3517
-3571
-2827
-1412
-513
-737
-1374
-1626
-1489
-1169
-591
46
151
-495
-1441
-2166
-2443
-2152
-1484
-1151
-1771
-2960
-3719
-3568
-2969
-2536
-2352
-2179
-2056
-2237
-2510
-2230
-1253
-214
364
655
914
995
979
1476
2714
3867
4096
3728
3709
4186
4492
4352
4366
4939
5551
5502
4904
4441
4405
4512
4453
4260
4094
3995
3829
3459
2995
2785
3005
3358
3276
2647
2044
2032
2375
2311
1662
1052
811
213
-1267
-2489
-1842
78
669
-1234
-3662
-4278
-3428
-2971
-3184
-2840
-1861
-1775
-3193
-4519
-4102
-2462
-1376
-1444
-1816
-1784
-1630
-1756
-1916
-1700
-1172
-732
-620
-884
-1382
-1758
-1764
-1654
-1936
-2698
-3479
-3900
-4100
-4365
-4649
-4771
-4881
-5262
-5764
-5847
-5303
-4545
-4014
-3682
-3274
-2783
-2375
-1920
-1079
131
1229
1826
2116
2536
3194
3885
4442
4922
5406
5785
5754
5233
4711
4815
5427
5702
5171
4339
3883
3740
3419
2907
2636
2688
2618
2075
1382
1138
1507
2038
2151
1782
1475
1662
2102
2268
2132
2174
2418
2063
666
-638
-123
2003
3330
2185
-150
-1202
-655
-215
-635
-738
227
934
-46
-1924
-2666
-1757
-593
-307
-594
-810
-1000
-1394
-1758
-1786
-1551
-1203
-799
-665
-1211
-2162
-2667
-2517
-2495
-3148
-3965
-4274
-4340
-4844
-5657
-6034
-5833
-5725
-6109
-6479
-6248
-5633
-5241
-5121
-4767
-3990
-3204
-2751
-2356
-1613
-595
349
1119
1840
2531
3159
3756
4316
4723
4972
5181
5389
5510
5533
5524
5424
5105
4617
4212
4030
3916
3620
3095
2520
2103
1862
1670
1463
1298
1187
977
647
475
652
905
865
679
664
614
35
-781
-838
130
1120
1020
-31
-982
-1231
-981
-625
-260
97
210
-102
-706
-1176
-1114
-505
225
567
365
-74
-339
-376
-362
-334
-160
151
273
-89
-787
-1399
-1746
-1993
-2244
-2363
-2390
-2681
-3451
-4361
-4847
-4761
-4439
-4217
-4123
-4130
-4285
-4462
-4356
-3768
-2851
-1961
-1358
-1128
-1097
-885
-184
905
1953
2644
3015
3229
3321
3308
3445
3984
4757
5225
5085
4598
4142
3840
3663
3660
3787
3796
3462
2880
2340
2023
1932
1980
2006
1787
1257
652
327
420
708
844
598
-42
-857
-1478
-1600
-1228
-711
-480
-787
-1556
-2434
-2964
-2847
-2189
-1448
-1099
-1299
-1855
-2399
-2575
-2194
-1335
-410
91
-43
-584
-1021
-961
-422
254
682
648
197
-479
-1121
-1491
-1465
-1181
-1025
-1374
-2232
-3171
-3738
-3835
-3683
-3509
-3448
-3544
-3771
-4010
-4070
-3768
-3117
-2309
-1615
-1204
-1008
-789
-315
496
1480
2372
2972
3244
3327
3411
3679
4174
4715
5056
5098
4856
4464
4134
4058
4251
4489
4518
4265
3829
3374
3075
3041
3222
3413
3427
3192
2783
2333
1954
1746
1737
1825
1777
1421
818
184
-320
-649
-809
-856
-911
-1131
-1565
-2095
-2536
-2747
-2701
-2488
-2316
-2369
-2660
-2996
-3149
-3033
-2761
-2503
-2367
-2382
-2499
-2624
-2642
-2508
-2312
-2170
-2147
-2230
-2355
-2479
-2589
-2681
-2743
-2758
-2748
-2786
-2903
-3043
-3107
-3055
-2927
-2769
-2603
-2402
-2182
-1989
-1804
-1566
-1251
-864
-450
-97
156
354
555
854
1220
1526
1789
2051
2263
2377
2441
2521
2676
2906
3076
3114
3063
3009
3030
3141
3257
3284
3236
3157
3113
3129
3183
3244
3307
3321
3216
3056
2940
2882
2876
2894
2880
2762
2530
2283
2120
2038
1946
1816
1675
1518
1322
1090
858
647
445
229
14
-200
-475
-816
-1159
-1454
-1735
-2032
-2296
-2491
-2695
-2977
-3294
-3530
-3641
-3697
-3756
-3798
-3855
-3975
-4074
-4055
-3928
-3821
-3803
-3797
-3726
-3629
-3541
-3392
-3163
-2938
-2781
-2627
-2401
-2135
-1892
-1656
-1355
-1027
-774
-581
-363
-126
62
206
383
605
781
853
907
1028
1150
1185
1197
1282
1400
1461
1462
1487
1553
1592
1601
1670
1814
1920
1931
1940
2044
2194
2311
2407
2538
2680
2730
2706
2739
2875
3001
3018
2972
2945
2897
2782
2645
2584
2562
2454
2237
2023
1856
1661
1406
1176
1010
824
532
190
-73
-271
-517
-806
-1048
-1222
-1409
-1657
-1875
-1997
-2092
-2226
-2351
-2376
-2360
-2405
-2473
-2469
-2391
-2340
-2349
-2317
-2198
-2089
-2056
-2022
-1903
-1750
-1650
-1583
-1458
-1279
-1142
-1066
-960
-786
-618
-521
-452
-327
-183
-98
-51
27
131
184
193
223
301
367
379
371
395
434
435
418
426
458
469
459
455
473
486
486
499
531
566
597
636
677
707
734
770
811
847
874
912
946
932
899
887
895
884
846
815
802
748
647
559
525
482
373
250
176
115
-16
-177
-278
-327
-414
-567
-702
-773
-838
-949
-1062
-1111
-1131
-1178
-1242
-1279
-1279
-1262
-1236
-1192
-1148
-1109
-1046
-947
-837
-749
-635
-476
-343
-250
-146
28
215
336
427
563
726
831
892
984
1116
1206
1225
1264
1347
1383
1346
1327
1379
1403
1331
1244
1240
1252
1160
1014
957
980
918
758
638
644
650
522
359
328
390
362
208
93
113
150
79
-51
-88
-53
-80
-203
-316
-331
-320
-378
-499
-591
-626
-667
-752
-841
-909
-964
-1035
-1128
-1219
-1291
-1355
-1404
-1452
-1526
-1622
-1684
-1701
-1707
-1744
-1796
-1815
-1793
-1777
-1789
-1778
-1721
-1635
-1570
-1534
-1488
-1375
-1217
-1087
-1005
-914
-745
-545
-400
-300
-144
93
303
409
493
686
951
1129
1195
1284
1481
1668
1746
1773
1889
2067
2141
2100
2086
2178
2263
2230
2142
2117
2126
2064
1942
1862
1838
1779
1627
1480
1418
1375
1269
1141
1081
1057
977
842
778
814
826
730
614
593
627
596
485
419
441
443
328
169
97
113
77
-77
-269
-381
-422
-516
-696
-886
-997
-1060
-1192
-1417
-1616
-1694
-1712
-1820
-2037
-2210
-2237
-2208
-2283
-2428
-2482
-2405
-2345
-2415
-2499
-2426
-2239
-2143
-2184
-2170
-1992
-1781
-1696
-1676
-1542
-1285
-1091
-1039
-983
-773
-501
-344
-293
-182
45
254
349
404
554
758
891
934
990
1129
1268
1316
1306
1352
1457
1523
1499
1460
1478
1515
1503
1447
1413
1421
1418
1362
1298
1269
1280
1283
1250
1217
1209
1219
1218
1207
1207
1234
1257
1247
1209
1184
1189
1199
1181
1132
1090
1044
978
885
802
739
672
546
377
231
123
10
-149
-329
-472
-591
-741
-928
-1094
-1189
-1256
-1368
-1512
-1623
-1678
-1712
-1756
-1806
-1825
-1811
-1798
-1799
-1788
-1735
-1649
-1569
-1502
-1447
-1363
-1246
-1123
-1014
-920
-805
-681
-567
-467
-365
-252
-128
-30
45
117
202
301
382
443
503
564
621
664
703
737
766
790
805
800
789
777
760
740
712
676
633
580
520
458
404
360
311
259
196
149
114
84
66
46
37
34
39
48
59
81
117
155
195
228
261
299
331
366
396
429
450
452
439
421
409
391
355
303
239
179
112
26
-58
-139
-206
-272
-354
-446
-517
-575
-624
-666
-699
-715
-725
-736
-745
-736
-701
-653
-598
-539
-484
-423
-345
-255
-156
-53
51
155
254
348
443
541
641
732
805
864
914
963
1000
1030
1043
1051
1052
1042
1018
984
948
909
862
811
757
694
632
558
485
417
352
280
196
115
35
-42
-116
-201
-286
-364
-440
-521
-599
-677
-742
-801
-851
-902
-947
-988
-1033
-1064
-1088
-1104
-1111
-1118
-1124
-1127
-1128
-1117
-1101
-1084
-1067
-1056
-1039
-1025
-1010
-991
-970
-949
-928
-902
-882
-862
-841
-816
-784
-748
-709
-671
-630
-584
-530
-472
-405
-333
-264
-190
-104
-15
78
175
266
360
459
564
677
788
893
992
1085
1182
1277
1371
1461
1538
1606
1652
1695
1736
1777
1804
1816
1807
1794
1768
1733
1701
1659
1615
1555
1476
1395
1314
1228
1154
1073
984
882
786
687
592
508
415
335
248
159
67
-20
-107
-187
-258
-335
-413
-491
-571
-654
-736
-812
-875
-928
-988
-1063
-1140
-1215
-1268
-1301
-1330
-1372
-1427
-1482
-1534
-1568
-1567
-1558
-1565
-1577
-1587
-1595
-1582
-1549
-1507
-1459
-1412
-1379
-1353
-1316
-1253
-1184
-1095
-1014
-956
-912
-862
-783
-684
-575
-488
-417
-360
-285
-199
-92
33
137
218
289
376
476
595
719
821
903
972
1043
1120
1213
1287
1342
1391
1439
1467
1492
1519
1534
1545
1547
1534
1513
1485
1444
1408
1362
1324
1286
1237
1178
1115
1047
982
928
888
839
778
710
630
574
532
494
456
406
341
266
197
141
103
69
8
-70
-158
-233
-290
-332
-377
-449
-538
-634
-718
-776
-817
-860
-918
-990
-1058
-1110
-1135
-1145
-1158
-1177
-1201
-1217
-1231
-1218
-1197
-1172
-1144
-1120
-1092
-1070
-1036
-986
-928
-865
-811
-765
-725
-674
-615
-549
-470
-401
-349
-292
-233
-170
-95
-17
40
93
135
177
233
281
313
336
360
383
414
439
451
456
461
467
474
485
486
475
463
446
435
446
460
466
466
462
454
468
492
521
542
544
543
548
579
610
640
654
653
643
644
651
660
664
635
586
543
508
485
466
424
352
262
174
107
58
4
-64
-158
-255
-333
-387
-418
-457
-499
-564
-622
-651
-661
-651
-638
-636
-639
-630
-609
-563
-509
-464
-424
-385
-338
-288
-234
-177
-137
-97
-62
-34
5
37
57
64
73
81
79
80
74
60
41
22
-4
-23
-41
-65
-83
-108
-123
-136
-146
-146
-153
-158
-157
-160
-155
-147
-139
-122
-105
-97
-78
-57
-29
-2
17
40
54
71
83
91
114
135
141
140
128
121
124
129
128
120
103
70
50
45
47
54
42
21
-6
-16
-10
-4
3
6
2
-1
9
22
47
70
85
91
100
122
148
170
189
193
201
212
216
237
235
233
220
207
205
205
197
175
152
126
112
93
91
79
57
37
19
19
19
25
26
17
18
21
32
54
68
79
84
87
105
120
134
143
137
139
133
131
131
122
110
80
60
48
29
14
-6
-32
-54
-83
-97
-112
-137
-149
-171
-190
-204
-228
-232
-245
-267
-274
-294
-303
-309
-325
-335
-353
-363
-368
-382
-382
-384
-388
-376
-386
-373
-354
-351
-327
-307
-293
-256
-232
-200
-164
-139
-99
-71
-46
-8
21
52
74
87
113
127
133
147
149
156
158
146
153
144
130
128
110
105
93
73
67
60
60
59
54
57
53
53
64
79
97
111
123
139
158
184
213
240
260
279
298
320
343
366
382
392
401
407
416
419
424
419
404
385
366
344
324
295
267
230
185
147
110
71
24
-23
-68
-108
-148
-183
-214
-241
-262
-288
-303
-312
-315
-313
-314
-307
-297
-283
-263
-248
-228
-205
-190
-175
-157
-142
-127
-116
-107
-104
-99
-99
-103
-112
-129
-141
-154
-156
-160
-172
-176
-185
-194
-200
-209
-211
-211
-217
-213
-209
-190
-165
-157
-141
-125
-118
-101
-88
-79
-67
-58
-46
-30
-18
3
23
38
53
59
75
84
94
108
116
128
148
162
184
206
224
247
257
268
279
282
290
292
294
294
293
293
288
280
270
256
240
221
199
180
157
138
124
105
86
73
60
55
41
32
29
18
13
13
11
11
16
13
14
15
18
22
21
19
13
5
-6
-17
-29
-42
-57
-70
-80
-94
-97
-108
-120
-139
-162
-181
-199
-220
-232
-244
-246
-244
-243
-231
-225
-216
-208
-207
-206
-209
-205
-203
-201
-191
-178
-165
-153
-135
-123
-115
-114
-109
-101
-100
-95
-93
-84
-77
-68
-56
-38
-26
-14
-1
11
23
30
42
54
62
73
82
93
101
104
108
111
117
120
119
122
124
122
120
116
114
113
108
110
105
105
107
107
111
115
121
122
129
133
136
142
156
160
161
171
168
170
166
166
164
157
157
147
145
142
130
120
107
87
70
50
27
11
-5
-19
-36
-46
-50
-62
-68
-72
-84
-96
-109
-117
-128
-140
-146
-150
-145
-147
-147
-148
-147
-153
-157
-154
-161
-157
-167
-169
-165
-169
-162
-157
-153
-150
-137
-129
-125
-111
-105
-99
-85
-81
-70
-59
-45
-39
-35
-22
-15
-4
7
18
28
35
40
42
46
50
43
47
51
49
52
49
46
49
52
52
50
50
50
45
53
58
51
59
57
60
68
76
79
81
99
102
102
113
113
110
121
118
118
124
109
107
106
103
95
79
80
71
66
53
35
32
20
4
-10
-19
-24
-36
-46
-54
-65
-63
-70
-77
-75
-75
-76
-70
-70
-62
-60
-59
-46
-34
-24
-19
-13
-5
9
6
13
17
11
20
12
14
10
2
-4
-18
-23
-33
-39
-51
-57
-64
-75
-79
-89
-97
-107
-105
-108
-116
-107
-110
-105
-97
-91
-78
-66
-54
-45
-31
-7
10
15
38
52
62
81
88
101
112
116
120
123
130
123
117
122
103
96
93
69
62
58
42
26
16
1
-13
-22
-29
-44
-47
-49
-58
-56
-55
-58
-52
-50
-47
-43
-38
-37
-35
-17
-20
-11
-4
0
6
8
13
15
25
28
18
24
26
20
32
28
27
32
29
30
30
32
28
23
29
26
26
26
22
27
19
18
14
11
14
-1
-1
-8
-11
-16
-30
-31
-34
-36
-46
-44
-47
-49
-52
-58
-58
-59
-52
-58
-58
-44
-44
-43
-36
-29
-18
-16
-15
-7
3
15
16
20
33
37
39
41
41
47
47
43
39
39
44
36
26
30
19
11
3
-7
-6
-11
-19
-21
-21
-25
-27
-32
-31
-34
-32
-29
-29
-15
-15
-15
-7
-5
3
4
12
13
15
21
17
20
20
21
17
14
14
6
6
6
0
-2
-7
-11
-18
-24
-23
-22
-26
-31
-33
-30
-35
-39
-29
-25
-24
-25
-23
-14
-10
-5
0
7
14
12
23
29
34
41
38
47
50
48
51
50
52
52
48
42
40
38
33
23
22
20
14
7
4
6
4
-2
-7
-10
-12
-10
-18
-15
-17
-14
-16
-12
-15
-14
-15
-17
-16
-17
-11
-16
-13
-16
-12
-14
-12
-14
-10
-8
-5
-4
-7
-5
-3
5
2
4
1
8
5
5
-1
5
8
5
1
-3
-4
-5
-10
-14
-16
-20
-17
-22
-23
-25
-21
-25
-23
-24
-22
-23
-24
-22
-17
-12
-10
-7
-6
-1
-1
5
9
13
12
15
19
27
29
29
28
34
34
34
35
37
36
32
34
28
28
25
24
18
14
10
11
8
4
0
-4
-3
-7
-12
-12
-12
-14
-11
-11
-9
-12
-7
-10
-13
-11
-10
-5
-9
-9
-8
-7
-6
-7
-5
-8
-14
-18
-15
-14
-14
-17
-18
-17
-15
-19
-24
-22
-24
-22
-22
-23
-20
-20
-20
-18
-16
-15
-12
-8
-6
-4
1
3
10
8
12
14
16
19
21
20
16
19
20
17
15
18
18
15
13
11
10
8
8
5
4
3
5
11
13
11
14
15
16
14
15
15
16
13
13
14
12
8
3
-1
-4
-3
-13
-17
-25
-26
-31
-36
-37
-37
-41
-43
-42
-41
-39
-36
-34
-31
-21
-17
-9
-6
2
5
9
16
23
30
35
33
36
41
40
38
32
29
28
24
18
13
11
8
-1
-3
-6
-9
-16
-18
-19
-17
-19
-17
-15
-14
-11
-8
-8
-9
-3
-1
2
0
5
8
12
12
16
14
14
12
13
13
14
14
12
16
16
16
14
14
8
9
7
4
-4
-9
-8
-7
-9
-12
-20
-24
-27
-29
-33
-39
-43
-43
-41
-38
-37
-39
-36
-33
-26
-20
-18
-17
-10
-3
9
17
24
31
41
52
60
67
73
80
80
91
98
102
102
105
111
112
116
110
105
99
96
89
82
71
57
44
35
23
10
-8
-30
-45
-58
-68
-87
-105
-121
-131
-140
-146
-150
-158
-164
-167
-163
-156
-152
-150
-145
-135
-119
-104
-93
-84
-76
-63
-49
-36
-29
-19
-11
-1
9
14
14
11
9
11
17
13
9
7
4
3
1
0
-5
-9
-10
-11
-6
-4
-2
1
9
19
27
39
44
50
58
69
80
95
99
108
114
122
129
129
131
131
130
127
124
121
115
112
102
92
90
79
