2
1
0
0
-1
-1
0
0
0
-1
0
0
1
1
-1
0
-1
-1
-1
0
1
1
0
-1
0
0
1
0
-1
0
1
0
0
-1
0
0
0
1
0
-1
0
0
-1
-1
0
0
0
0
-2
-1
0
0
0
-1
0
0
0
-1
-1
1
0
1
1
-1
0
0
-1
-1
0
-1
-1
0
2
-1
0
-1
-2
2
2
1
0
-2
-1
-2
0
1
-1
-1
-1
0
-1
0
1
0
-1
0
-1
0
1
-1
-2
-1
1
2
1
1
0
-3
-1
1
-1
-2
-1
-1
0
2
1
2
0
-2
1
3
-2
3
3
-6
0
5
-6
-2
8
-4
-2
8
-2
-3
5
-4
-1
1
-2
1
2
-1
2
2
-3
2
1
-5
0
3
-2
0
3
-4
1
4
-4
1
4
1
1
-4
0
6
-5
-2
5
-4
3
6
-5
0
5
-3
-5
6
3
-6
1
1
-3
1
2
0
-6
1
7
-5
-1
7
-4
-3
4
0
-4
-2
0
-3
1
6
0
-6
-4
1
-2
-3
5
2
0
7
-2
-5
1
-3
-3
5
0
0
5
-2
2
5
-10
-6
8
-2
-2
11
-5
-7
10
-3
-5
8
-1
-3
6
4
1
-4
-2
4
-6
-6
8
-1
1
13
0
-10
3
1
-6
4
8
-2
-8
-2
8
-2
-6
7
-3
-7
10
2
-8
7
5
-13
0
11
-6
-4
5
-4
1
6
-3
-2
3
-3
-3
4
2
-2
0
4
1
-4
4
-8
-10
16
2
-10
17
-4
-17
14
-6
-15
20
4
-12
15
1
-21
9
5
-16
16
11
-22
7
8
-17
6
2
-13
8
5
-4
3
2
-2
4
-2
-10
7
-2
-8
17
1
-11
2
-11
3
8
-7
21
-10
-24
28
-4
-18
19
-11
-13
21
-5
-8
20
0
-19
1
12
-5
-14
7
8
-6
-1
19
-8
-17
22
-11
-27
31
3
-21
30
-8
-18
11
-12
7
-4
-10
30
-1
-16
13
-15
-17
19
-7
-6
33
-13
-18
22
-38
16
46
-66
16
50
-39
-17
17
15
-23
-4
33
-12
9
13
-59
-8
62
-7
-40
44
25
-79
12
37
-27
53
-43
-25
83
-46
-48
72
-70
-21
164
-71
-159
266
-48
-375
360
53
-315
258
74
-326
177
183
-359
80
304
-278
-63
286
-160
-90
167
-99
-13
85
-83
59
20
-70
23
46
-69
-4
63
-41
-20
53
5
-53
54
-23
-23
0
5
69
-96
34
73
-124
25
125
-154
21
115
-102
20
37
14
-42
-66
76
60
-164
87
72
-115
16
151
-113
-130
221
78
-605
651
201
-1261
1226
57
-1137
891
231
-832
362
363
-551
208
204
-338
172
153
-353
248
-16
-256
547
-500
-108
829
-777
-96
786
-604
-125
568
-431
100
199
-375
252
181
-550
367
282
-713
460
130
-375
141
222
-271
-110
449
-334
-145
443
-290
-46
263
-168
-128
404
-499
296
201
-692
689
-147
-344
214
287
-415
-102
613
-365
-438
960
-586
-313
763
-299
-583
893
-294
-643
1059
-608
-132
572
-523
44
518
-714
332
354
-718
528
-6
-381
300
-324
567
-756
648
80
-797
1054
-695
-61
375
-389
124
355
-404
109
437
-519
-88
476
-466
111
187
119
-366
388
-4
-641
712
-489
162
249
-436
516
-54
-464
394
-49
-417
333
243
-359
45
464
-267
-477
643
-209
-451
539
-75
-17
-13
-75
432
-813
465
264
-986
1103
-269
-570
761
-135
-515
433
175
-595
542
108
-889
917
-136
-537
365
539
-794
133
602
-892
539
-184
353
-313
-96
601
-630
62
316
-639
546
-32
54
-141
83
-81
-78
296
-1114
1314
-44
-1297
1710
-168
-1815
1392
31
-1246
564
1249
-1283
90
1387
-1708
-358
1118
-346
-975
1456
11
-793
428
68
-492
-268
588
-358
332
352
-192
-534
671
-689
-256
860
-374
-230
985
-783
-225
706
-802
-96
719
497
-1713
1227
798
-1877
416
1062
-1269
496
756
-588
-559
1204
-736
-1021
1974
-849
-916
1634
-57
-1444
1080
35
-583
159
1021
-1557
570
1628
-2311
701
840
-182
-1571
1159
1140
-2165
1546
179
-1497
366
1576
-1578
133
1488
-1676
92
1078
-416
-1163
1481
-533
204
-132
229
-686
423
-53
-411
978
-872
1036
-986
296
41
132
-38
-407
1190
-1173
-145
1109
-806
207
338
282
-1148
568
549
-1579
1385
318
-951
198
753
-656
-630
479
95
-102
693
-83
-840
608
-159
-569
23
732
267
-1001
1082
-14
-1466
903
-297
-97
338
459
-984
602
442
-1641
620
394
-372
62
746
-661
-383
471
311
-1069
500
604
-353
-79
439
-313
-1011
1148
199
-1629
1036
1692
-2421
812
830
-1741
-126
1916
-981
-839
2013
-926
-875
1491
-609
-1373
1483
166
-1024
225
1223
-458
-1061
1297
-588
-1406
1613
-189
-194
542
226
-416
-476
151
216
-700
816
729
-947
263
478
-58
-1853
1291
674
-1683
1155
1171
-1272
-351
1024
-967
-930
1876
-466
-778
1331
-162
-512
-904
1355
-1101
-163
1590
-1049
901
-720
-318
899
-1315
372
464
-110
179
-340
1687
-2275
423
1416
-2546
1016
1711
-1272
49
928
-198
-1683
624
835
-1708
1637
208
89
43
-1780
1271
-642
-433
1050
50
204
-233
229
-584
-365
399
-325
-321
1130
277
-364
-601
937
-1044
-908
1055
1255
-1684
928
763
-1429
-7
50
-209
-134
911
-194
499
-377
350
-876
-477
580
-112
293
363
728
-558
-907
268
-438
76
487
-472
1236
-157
-491
-150
-472
-311
240
1045
-611
-122
1251
-477
-1252
694
-349
-811
1021
402
-255
725
203
-1181
-171
251
-848
393
1292
-309
752
-269
-167
-910
-314
52
-223
1037
651
-78
255
-135
-1592
192
-68
39
651
854
294
-346
116
-1341
-1105
567
662
113
1907
234
-1526
-246
-1401
75
-146
859
1557
116
732
-871
-1661
-1606
257
758
1421
945
153
562
-1406
-1959
-683
483
378
1599
889
529
172
-1766
-1750
-868
1292
-332
1192
2232
-1205
1737
-1628
-2744
-363
-424
2001
926
1608
-573
-580
594
-2754
-613
55
505
1653
1677
-720
-500
590
-2396
92
-913
252
2099
974
-60
-901
-278
-420
-527
-74
-312
1298
722
-70
602
-2262
1234
-325
-942
-27
709
825
-45
136
-1566
1317
73
-1402
507
-905
566
1828
-956
679
-471
-1555
833
307
-873
615
40
-123
1313
-350
-154
-863
-905
1001
842
-95
-1198
193
1246
597
-598
-1078
178
-46
707
-102
-496
-877
1133
1712
-473
-688
-2039
927
1250
-340
-293
-697
591
821
761
-594
-1464
-804
274
1602
756
-533
-552
-331
215
-261
-540
299
355
596
1069
-742
-1545
-430
-85
946
894
62
-221
-277
-429
-429
241
-358
385
732
165
-147
-419
-93
-25
-17
-446
173
188
168
617
-68
-523
-140
-201
-47
64
287
125
-2
72
-443
323
207
-25
-293
-420
75
79
862
-146
-764
317
122
212
-93
-431
-308
252
432
52
368
-110
-497
-359
-57
274
234
717
-163
-710
13
-277
247
200
-300
271
602
-89
-401
-583
-423
750
253
419
-322
-522
388
252
26
-980
75
-235
1339
213
-680
389
-842
571
-699
16
-114
582
1153
-527
29
-1321
-46
419
310
-1
-240
996
-226
-74
-369
-1269
1007
78
-453
1022
-907
1578
-106
-504
-1094
-1568
1268
643
1974
-1159
-8
-520
-652
177
-633
784
579
533
-735
377
-863
50
494
-1035
188
674
895
240
-662
-987
-973
1715
-615
-410
1862
-1509
2232
-1418
-1560
843
-550
1578
-1203
524
159
193
1084
-1399
-1052
-243
480
1492
456
-315
-571
-481
-399
-906
1316
357
1003
-173
-1181
85
-502
699
-691
946
-1005
467
810
-1071
2180
-471
-1187
-2124
200
1065
1539
1238
-2033
-151
-419
643
400
-356
-996
-595
2389
-584
-288
-186
-501
1853
-328
-1173
-532
425
424
805
-257
-1112
-35
914
740
-638
-357
-996
765
1284
-1183
-1514
1395
677
257
1112
-3298
-98
997
800
432
-721
966
-1599
692
-527
-1142
1734
1491
-584
-1212
-319
-1416
2245
275
-620
-103
18
785
-1068
517
-1406
2025
934
-2114
-64
-587
948
990
-82
33
-1594
936
62
-1030
518
-642
2036
-441
394
-2275
96
1464
-978
1258
-1292
1461
-452
551
-1150
-1668
1735
-81
1971
-326
-1555
515
-40
-260
21
-622
662
194
657
146
-849
152
-758
1458
-856
-1738
958
-641
1682
976
-591
161
-1712
466
-1109
-228
1567
-629
1282
156
-365
-631
-1103
696
-369
1212
-137
-424
40
-292
1370
-424
-182
-769
-337
163
1072
469
-10
-146
-534
-10
-1153
137
1411
-47
598
-733
-885
591
-353
-177
-1020
1872
187
174
246
-1885
725
47
-197
-343
205
700
1429
134
-2446
379
318
760
599
-1661
-595
-53
1930
952
-111
-1545
-946
1755
-859
-918
-457
-521
2105
795
-463
-177
-767
456
-526
-690
-405
-208
626
1409
1393
-994
-1340
-464
-517
728
694
54
592
57
107
-316
-736
-1302
380
1345
896
586
-882
-465
-217
362
-655
-6
484
-590
536
227
175
277
76
-768
-802
35
-72
789
865
123
140
-833
-485
-119
104
488
-268
-22
-203
1364
1039
-482
-733
-2228
-409
854
803
1765
848
-911
-924
-388
-1361
-493
752
324
973
856
-575
-164
121
-939
-1029
-223
106
659
1226
599
374
-281
-1674
-966
-338
693
1174
879
319
-755
128
-609
-523
-276
-31
759
-142
161
140
612
371
-92
-804
-1388
-237
-755
790
1598
1222
315
-725
-1181
-1648
-85
-309
833
969
1021
782
-181
-920
-898
-512
-1174
80
258
1517
1932
554
-811
-1242
-1502
-1082
231
504
1357
1981
195
-893
-779
-1615
-799
396
539
966
1223
-67
-332
-688
-1104
-739
4
664
779
996
167
312
-1023
-1303
-909
-330
1096
1824
761
42
-322
-1805
-944
-667
657
1264
1629
-37
-509
-109
-1497
-443
-293
359
1047
1066
264
-334
-256
-889
-902
-236
643
950
847
271
-575
-643
-224
-200
19
498
176
-149
535
-264
-74
684
-400
-255
-501
-222
25
1043
397
13
604
-642
-631
-629
-491
431
714
286
698
358
246
-701
-1067
-992
-50
553
618
1407
343
394
-676
-1213
-989
-194
505
703
1047
205
233
-167
-534
-894
-627
384
298
1229
671
-106
-173
-914
-1167
-427
1123
809
1112
392
-957
-491
-566
-922
119
607
759
711
400
-353
-357
-281
-1333
-710
-237
1112
1439
1208
225
-1190
-919
-1550
-531
421
1225
1243
331
291
-1211
-255
-724
-696
286
-40
506
419
803
159
-73
-1029
-1398
-516
333
656
1031
442
-183
-85
-865
-583
-303
178
133
288
74
182
584
36
-224
-719
-561
-323
110
81
236
721
330
132
-499
-615
-327
-490
-350
-244
528
1276
934
-40
-867
-921
-738
-400
-23
281
876
516
-16
-214
-177
-334
-676
-700
-743
450
730
571
299
-243
-553
-877
-225
-129
237
230
-371
-106
-144
272
311
227
-200
-814
-571
-715
-25
522
562
452
100
-414
-714
-398
-331
-186
148
580
440
325
-20
-445
-142
-114
262
324
516
513
92
-16
-163
239
426
731
464
320
398
101
130
-263
-207
312
617
788
471
254
97
-208
-325
-711
-297
221
433
585
368
368
-165
-558
-609
-408
-42
-45
105
283
684
587
42
-178
-453
-709
-711
-263
376
824
623
68
-528
-764
-804
-683
-162
71
17
-18
-433
-697
-603
-537
-306
-368
-264
-403
-318
-300
-751
-921
-820
-404
-491
-67
-87
-281
-509
-962
-1031
-1173
-389
-39
-313
-49
-103
14
-70
-311
-282
-486
23
256
492
802
887
629
517
616
637
796
662
936
754
1220
1239
1270
1420
1076
1171
959
1115
847
1206
1548
1590
1482
1045
1370
1455
1331
1190
941
1128
1397
1655
1661
1284
1110
778
634
829
796
1005
1173
1068
1077
496
93
-11
-108
-7
-50
427
323
61
-320
-1013
-1204
-1414
-1047
-984
-945
-1050
-1369
-1680
-2400
-2537
-2733
-2656
-2404
-2354
-2381
-2713
-2943
-3345
-3588
-3442
-3132
-2960
-3068
-2958
-2944
-2993
-2900
-2824
-2766
-2610
-2204
-1926
-1844
-1800
-1656
-1591
-1470
-1112
-746
-428
-209
-61
-131
-25
-212
-28
291
609
895
753
975
1441
1780
1276
937
1048
1143
1309
1709
1824
2394
3024
2790
2343
2156
2032
1954
2354
2702
2979
3499
3916
3584
3229
3036
2908
2706
2869
3214
3592
4152
4122
3488
2896
3029
3352
3505
3766
3849
3710
3726
3584
2988
2658
2928
2787
2444
2658
2788
2637
2157
1171
-329
-2016
-2929
-2633
-1673
-513
-257
-1448
-3729
-6165
-7906
-8103
-6815
-5039
-3824
-3810
-4590
-5953
-7240
-7396
-6622
-5302
-4107
-3376
-2573
-1951
-2036
-2274
-2562
-2712
-2314
-1528
-791
-137
157
-355
-1458
-2443
-2725
-2547
-1970
-1410
-1407
-2026
-2984
-4028
-4326
-3928
-3370
-2790
-2014
-1726
-2029
-2108
-2107
-2039
-1570
-1028
-359
500
1407
2345
2904
2820
2776
2825
2946
3310
3781
4445
4976
5169
5321
5167
4810
4693
4238
3814
4323
4857
4842
4885
4737
4560
4196
3253
2562
2856
3348
3688
3753
3480
3385
3211
2840
2629
2747
3330
4198
4625
4607
3861
2783
2278
2911
4066
4867
5030
4381
2628
240
-2135
-3149
-1890
501
1995
1315
-1304
-4554
-7304
-8674
-7855
-6111
-4615
-4102
-5041
-6736
-8265
-9135
-8745
-7460
-5800
-4563
-4006
-3624
-3166
-2936
-2862
-2766
-2166
-1106
79
1133
1750
1520
663
-585
-1143
-654
555
1376
889
-607
-2482
-4053
-4518
-4007
-3227
-2698
-2744
-3605
-4961
-5884
-5792
-5097
-4361
-3582
-3032
-2779
-2479
-1950
-1304
-738
-347
141
1047
2252
3260
3858
4042
4225
4296
4295
4544
4837
4951
5151
5264
5134
4899
4465
3935
3674
3362
2747
2455
2770
3133
2997
2449
1869
1251
864
1078
1855
2644
2909
2616
2527
2738
3125
3575
4016
4298
4543
4521
4547
4942
5454
5750
5711
5159
3700
1665
17
-102
1191
2898
3470
1898
-1480
-4962
-6988
-7150
-5842
-4082
-3117
-3843
-6021
-8556
-10129
-10124
-8762
-6908
-5211
-4398
-4444
-4647
-4677
-4570
-4058
-2979
-1377
503
1878
2397
2314
1781
1112
896
1543
2618
3309
2972
2149
1360
527
-580
-1330
-1490
-1450
-1859
-2842
-3899
-4263
-4166
-4158
-4620
-5231
-5706
-5839
-5453
-4880
-4365
-3797
-3237
-2662
-2156
-1725
-1388
-923
-225
1032
2554
3754
4128
3876
3517
3437
3718
4246
4785
5122
4913
4173
3689
3565
3598
3533
3201
2338
1439
835
878
1779
2777
3040
2620
1773
774
499
1033
2197
3342
4353
5223
5850
5606
4526
3358
3076
4054
5585
7299
8440
8362
5891
1925
-1721
-2050
987
5135
6863
4814
38
-4849
-7759
-7755
-5313
-2103
-432
-1884
-5359
-8721
-10166
-9864
-8259
-6455
-4690
-4008
-4235
-4568
-4505
-4560
-4667
-4235
-2338
600
2921
3458
2648
1287
201
214
1597
3895
5787
6139
4444
1478
-1410
-2514
-1040
1842
3143
1333
-2711
-6378
-7500
-6044
-3874
-2842
-3842
-6015
-7840
-8404
-7903
-7085
-6314
-5573
-5004
-4729
-4614
-4371
-3910
-3253
-2332
-941
720
2361
3569
3859
3301
2586
2575
3817
5650
6781
6525
5447
4277
3532
3319
3225
3075
2927
2975
2902
2549
1743
796
513
1028
1652
2077
2122
2044
2016
2297
2989
4016
4981
5337
5173
4738
4773
5362
6594
7801
8259
6943
4282
1598
1093
3416
6484
7220
4534
141
-3341
-4540
-3764
-1881
-130
-29
-2788
-6723
-9127
-8783
-7008
-5348
-4757
-5040
-5906
-6993
-6914
-5451
-3871
-3285
-3307
-2675
-1165
5
403
546
992
1516
2054
2665
3695
4478
4440
3572
2271
1308
1053
1526
2174
1777
83
-2224
-4029
-4627
-4274
-3671
-3626
-4558
-6319
-7918
-8687
-8436
-7543
-6625
-6002
-6142
-6879
-7464
-7246
-5944
-4165
-2504
-1447
-1115
-879
-38
1294
2495
3353
3957
4627
5304
5387
5316
5493
5696
5479
4937
4701
4691
4370
3505
2577
2148
2021
1881
1814
1879
1800
1354
833
702
1230
1943
2476
2921
3439
4059
4562
4796
4826
4981
5668
6747
7973
8605
7586
5026
2570
2160
4692
7991
8481
5309
764
-2492
-3365
-2605
-961
818
658
-2901
-7994
-10539
-8946
-5907
-4559
-5069
-6460
-7835
-8870
-8634
-6312
-3492
-2688
-3550
-4035
-2914
-1287
-355
246
1225
2161
2562
2774
3300
4055
4232
3900
3561
3285
2993
2708
2325
1603
125
-1486
-2485
-2515
-2440
-2948
-4072
-5409
-6579
-7231
-7312
-7135
-6942
-6990
-7339
-7569
-7534
-7136
-6436
-5720
-5056
-4424
-3517
-2492
-1518
-453
871
2006
2591
2750
2962
3618
4533
5112
5286
5213
4989
4542
3950
3531
3332
3130
2772
2257
1796
1408
1015
831
844
996
1095
1061
1050
1312
1611
1870
2373
3435
4625
5359
5326
4951
4918
5695
7007
8471
9346
8174
5102
2208
1996
5320
9202
9308
5114
-227
-3181
-3137
-1684
97
1729
1116
-3378
-9394
-11700
-8530
-4040
-2727
-4662
-7344
-8901
-9365
-8550
-5636
-2408
-1551
-3095
-4348
-3567
-1685
-179
922
2159
3082
3250
2872
2855
3649
4374
4717
4713
4456
3978
3281
2587
1658
920
225
-370
-982
-1704
-2372
-3356
-4458
-5450
-5815
-5835
-6162
-6603
-7055
-7060
-7089
-7244
-7143
-6889
-6337
-5944
-5268
-4256
-3297
-2744
-2305
-1335
-119
972
1600
1890
2219
2430
2736
3032
3544
4043
4001
3504
2638
2025
1794
1891
1960
2064
1964
1384
768
477
765
1326
1756
1821
1870
1898
1840
2366
3552
5054
5546
5413
4981
4866
5644
6791
8359
9252
8711
5567
2447
2055
4770
9095
9821
5945
227
-2792
-2341
-757
802
1575
1399
-2144
-7992
-11276
-8869
-3320
-1426
-4113
-7860
-9562
-8911
-7863
-5663
-2690
-975
-2333
-4776
-4751
-2499
406
1962
2676
3316
3329
2755
2114
3299
5321
6539
6033
4422
3143
2872
3317
3213
2784
1768
283
-1446
-2495
-2526
-2060
-2441
-4023
-5788
-6889
-7071
-7001
-6808
-6601
-6739
-7397
-8213
-8549
-7884
-6796
-5709
-4868
-4440
-4335
-4078
-3204
-1819
-315
531
832
898
1122
1457
1869
2627
3326
3563
3120
2233
1774
1829
2050
2081
2246
2311
1973
1425
1017
1242
1672
2103
2201
2528
2830
2730
2946
3688
4851
5497
5485
5551
5391
6037
6781
7804
8715
8348
5626
2423
2263
4601
8880
9414
5036
-295
-2634
-1572
-61
865
1200
1079
-1981
-7413
-10683
-8011
-2409
-658
-4113
-8048
-9443
-8041
-6437
-4880
-2186
-749
-2100
-4941
-5263
-2470
1200
2974
2742
2306
1974
1745
1719
3022
5411
6486
5416
2994
1067
1817
3365
4430
3515
1476
-636
-2101
-2304
-1875
-821
-1336
-2969
-5480
-7021
-6473
-5428
-4568
-5134
-6279
-7233
-7727
-7461
-6605
-5499
-4848
-4733
-4987
-4972
-4042
-2865
-1521
-795
-544
-255
31
711
1063
1468
2062
2687
2815
2393
1787
1762
2063
2161
2258
2497
2521
2175
1454
1175
1825
2426
2690
2756
2778
2845
2791
3163
4191
5285
5497
5036
5110
5195
6067
6570
7531
8155
7295
3953
1071
2153
5805
9412
7516
1943
-2263
-2283
-621
129
420
632
-101
-4104
-9012
-9691
-5232
-895
-2192
-6703
-9348
-8640
-6360
-4960
-3663
-2034
-1927
-4000
-5604
-3881
-109
2678
2604
1543
1352
1586
1986
2398
4249
6299
6319
4048
1449
1267
3171
5098
4897
3115
1038
-641
-1543
-1522
-307
270
-865
-3474
-5909
-6239
-4804
-3724
-4006
-5314
-6586
-7321
-7285
-6735
-5741
-4753
-4559
-5115
-5798
-5236
-3840
-2241
-1196
-973
-1138
-1166
-914
-122
988
1917
2152
1798
1239
918
1206
1750
2300
2250
2056
1681
1348
1402
1568
1851
2121
2065
2162
2450
2805
2932
3009
3487
4256
4949
4810
5214
5151
5436
5987
6371
7447
7401
4961
1448
1504
4531
8596
8285
2788
-1895
-2316
-388
418
87
220
338
-2356
-7402
-9823
-6479
-1336
-1023
-5350
-8514
-8399
-6205
-4720
-4210
-2609
-1442
-2669
-4623
-4103
-875
2114
2566
1533
1518
2113
2288
2030
2987
5389
6480
4732
1947
876
2637
4510
4852
3437
1718
246
-863
-1196
-255
690
-356
-2492
-4494
-4723
-3669
-3172
-3813
-4546
-5154
-5580
-5802
-5644
-4943
-4234
-4194
-4469
-4508
-3831
-2910
-2235
-1555
-937
-647
-733
-707
-158
897
1577
1648
1356
1084
877
747
1029
1751
2034
1691
983
425
655
1162
1331
1434
1536
1595
1782
1897
2015
2361
2926
3576
4043
4153
4328
4222
4576
5332
5813
6282
6055
4047
1641
1724
3872
7175
6839
2084
-2225
-2494
-151
1053
184
-1199
-1710
-3146
-6313
-7984
-6104
-2291
-2050
-5524
-8339
-8390
-5888
-4189
-3769
-3271
-2515
-2858
-3833
-3213
-1009
1553
2391
1836
1644
1767
2527
2841
3764
5089
5608
4289
2389
2150
3542
5241
4974
3099
1333
777
837
751
904
871
-16
-1500
-3099
-3346
-2618
-1806
-2517
-3604
-4304
-4368
-4198
-4234
-4212
-3901
-3276
-3267
-3599
-3389
-2563
-1678
-1290
-1298
-1118
-905
-590
-542
186
891
1053
331
-425
-270
379
705
648
389
264
-48
-419
-478
157
858
820
509
348
679
1374
1920
2386
3023
3193
3177
3041
3470
4625
5572
5764
5294
4589
2624
1299
2548
5125
7533
5016
-593
-3351
-1297
1865
1472
-898
-2784
-2565
-3456
-6585
-7102
-4313
-1161
-3067
-7649
-9015
-6747
-3428
-3173
-4060
-3347
-2195
-2380
-3437
-1957
1035
3088
2693
1240
1818
3151
4188
4222
4504
5768
5753
4156
2817
3261
5304
6067
4795
2364
1383
1721
1988
1949
1539
1114
-215
-1792
-2586
-2108
-854
-975
-2368
-3619
-4093
-3601
-3159
-2950
-2955
-2960
-3212
-3363
-3059
-2265
-1218
-922
-1068
-1305
-1366
-869
-245
326
654
583
242
-207
-342
-113
148
262
73
-411
-699
-767
-836
-939
-662
-443
-266
-315
-805
-462
478
1587
1804
1227
1242
1636
2847
3553
3764
4216
4255
4046
1643
433
1902
4760
6788
3672
-1031
-3058
-711
1632
690
-1279
-2874
-2472
-3721
-6438
-6462
-4090
-1347
-3702
-7572
-8408
-6329
-3279
-3585
-4267
-3478
-2268
-2460
-3434
-1759
1015
2937
2109
612
1719
3383
4738
4236
4277
5676
5768
4788
3011
3402
5537
6601
5416
2764
2001
2378
2977
2745
2018
1962
1059
-176
-1604
-1490
-44
183
-606
-2256
-2954
-2676
-2171
-1847
-1953
-1537
-1612
-1916
-2207
-2008
-806
190
526
-274
-928
-728
-30
968
1390
1434
704
-216
-690
-356
609
774
55
-1109
-1555
-1416
-1347
-1059
-1188
-1152
-1375
-1915
-1681
-772
244
105
-381
-677
471
1973
2456
2761
2643
2848
1757
-725
165
3257
6659
5621
-277
-4174
-2276
1712
2094
-527
-3092
-2866
-2532
-5792
-7462
-5587
-1829
-1671
-6897
-9805
-8448
-4602
-2974
-4353
-4805
-3891
-3426
-4344
-3491
-470
1960
2041
-141
-160
1785
3747
4626
4334
5463
5748
4443
3095
3510
6199
8117
6883
3767
2144
3056
4351
4748
3724
3101
2357
1000
-36
-261
1123
1815
593
-1106
-1872
-1366
-848
-991
-1239
-821
-361
-626
-996
-955
191
1028
975
696
441
1016
1739
2136
2210
2149
1781
1301
1242
1406
1754
1466
538
-195
-426
-201
-348
-973
-1557
-1550
-1462
-1534
-1654
-1746
-1574
-1635
-1955
-1613
-592
182
442
371
238
725
-797
-1990
-528
2207
4592
2145
-2810
-4381
-1557
1404
674
-2288
-4021
-2945
-3098
-5606
-6604
-5186
-2171
-3489
-7442
-8967
-7527
-4364
-3897
-5211
-5359
-4569
-4481
-5029
-3887
-1446
391
-108
-1714
-1183
439
2360
2831
3074
4092
4163
3196
2590
3563
5862
7285
6100
3921
3200
4031
5185
5537
4886
4248
3201
2337
1717
2168
3167
2993
1294
65
-3
809
1087
122
-497
164
789
640
84
235
1401
1858
1557
1046
1547
2634
3298
2979
2649
2673
2863
2874
2797
2776
2836
2182
1413
986
996
1514
736
-298
-698
-693
-322
-682
-1439
-1631
-1675
-1676
-1650
-1569
-1167
-713
-1052
-1119
-1355
-3621
-3317
-1568
1095
2179
-2135
-6116
-5224
-1435
326
-2324
-5273
-4876
-3017
-4433
-7368
-7543
-4200
-1689
-5469
-8836
-8930
-5834
-3265
-4812
-5987
-5154
-4254
-4596
-5030
-3267
-1060
-583
-2038
-2521
-955
627
1263
610
1815
2908
2711
1646
1199
3240
5416
5386
3665
2214
2956
4549
5136
4634
3935
3494
3081
2961
2775
3584
3737
2936
1917
1581
2026
2234
1802
1380
1575
2176
1961
1455
1539
2197
2754
2666
2483
2636
3589
4031
3967
3751
3739
4086
4283
4494
4462
4282
3768
3042
2907
3356
3724
3077
1781
1219
1415
1849
1321
583
-29
77
223
-493
-891
-777
-352
-309
-1120
-3132
-4408
-2914
-911
28
-2016
-5713
-6351
-4214
-2547
-3796
-5848
-6118
-5132
-5275
-7714
-8637
-6692
-4407
-5281
-8261
-8869
-7299
-5271
-5413
-6404
-5578
-4650
-4793
-5535
-4760
-2495
-1581
-2362
-3465
-2432
-686
-285
-881
-1044
489
1448
877
-276
-86
1698
2724
2321
1260
1085
2099
2534
2646
2381
2503
2604
2250
2257
2612
3269
3205
2681
2415
2618
3023
2953
2849
3042
3108
3164
2938
3190
3620
3863
3628
3380
3788
4455
4891
4800
4536
4542
4896
5170
5180
5138
5205
5128
4880
4345
4187
4476
4724
4338
3727
3129
3058
3007
2501
2238
2225
2281
1714
737
123
398
927
-379
-2294
-2699
-1728
-81
-1397
-4534
-6027
-4647
-3125
-4146
-6359
-7305
-5985
-5783
-8093
-9519
-8582
-5851
-5991
-8677
-9932
-8912
-6392
-6257
-7223
-6880
-5633
-5156
-5928
-5536
-3886
-2178
-2606
-4069
-3330
-1926
-738
-1007
-1497
-631
-266
-657
-1376
-611
871
1400
441
-874
-438
607
1243
1008
540
860
827
776
688
1085
2097
2216
1624
1065
1528
2352
2913
2782
2570
3151
3517
3526
3396
3708
4748
5190
5056
4685
4898
5780
6249
6277
5979
6156
6474
6569
6390
6108
6201
6219
6049
5801
5662
5762
5284
4689
4322
4309
4604
4193
3528
2960
3119
3267
2785
1876
152
-708
485
1826
2079
-558
-3904
-4405
-2263
-1173
-2895
-5178
-5818
-4840
-5561
-8317
-9002
-7012
-4763
-6275
-10124
-11028
-8872
-6141
-6408
-8080
-8066
-7021
-6578
-6959
-6066
-4137
-3156
-4268
-5682
-4358
-2469
-1572
-2003
-2404
-1310
-1076
-2026
-2696
-1378
724
797
-1028
-2657
-1777
-23
506
-198
-1062
-755
-669
-916
-913
-291
726
439
-489
-809
30
1067
1125
886
936
1776
2172
1992
2257
2927
3932
3981
3528
3794
4809
5974
6030
5568
5407
6017
6783
6734
6735
6600
6806
6516
6046
6103
6315
6564
5837
4997
4947
5016
4974
4197
3718
4062
4495
3886
2738
1344
159
1322
2506
3320
2085
-1526
-3003
-1745
-12
-231
-2515
-3766
-3125
-3204
-5643
-7222
-6125
-3269
-3385
-7419
-9491
-8572
-5595
-4708
-6681
-7351
-6619
-5951
-6211
-6159
-4737
-3445
-3676
-4836
-4466
-3248
-2476
-2358
-2236
-907
-787
-1938
-2859
-1999
384
1190
-120
-1804
-1894
-463
419
303
-370
-611
-652
-939
-865
-781
-146
-145
-672
-910
-939
-544
-427
-500
-480
-148
303
362
570
663
1088
1341
1375
2008
2669
3639
3636
3233
3368
4035
5086
5385
5489
5413
5451
5333
5165
5485
5885
6276
5697
4932
4609
4555
4903
4698
4457
4323
4028
3634
2942
1549
795
2260
3531
3744
881
-2407
-1759
839
1602
-623
-2996
-2357
-849
-2236
-5458
-5670
-2734
-453
-3316
-7656
-7651
-4721
-2371
-3859
-6103
-5444
-3989
-4145
-5237
-4826
-2911
-1907
-2898
-4029
-3478
-2527
-1969
-1769
-1091
-336
-1264
-2671
-2692
-705
1294
870
-1056
-2144
-1226
387
856
266
-268
-176
-174
-320
-297
-47
574
460
-6
-368
-460
-106
18
-137
-149
69
272
76
-120
105
621
709
581
915
1673
2138
1710
1406
2094
3120
3594
3286
3114
3458
3753
3840
3540
3860
4489
4447
3871
3078
3091
3580
3823
3442
2901
2798
2605
2282
901
-57
1296
2356
2818
239
-2633
-2226
32
857
-1034
-3119
-2773
-1290
-2059
-4959
-5260
-3138
-843
-2681
-6464
-6571
-4483
-2187
-3078
-4766
-4174
-3064
-3161
-4153
-3578
-1684
-658
-1373
-2670
-2044
-1210
-633
-373
-28
987
209
-967
-1303
178
1972
1867
436
-631
-7
1125
1440
1191
787
1105
1056
731
684
742
1436
1534
1349
897
526
574
890
1199
1145
958
655
369
488
765
1134
907
538
646
981
1480
1045
801
1340
2045
2262
1797
1535
1756
2409
2634
2181
2243
2329
2549
2277
1860
1942
2072
2251
1827
1594
1560
1407
669
-838
47
1218
1868
593
-2397
-2721
-935
93
-1138
-2895
-2963
-1933
-2070
-4639
-5454
-3953
-1826
-2277
-5917
-6753
-5348
-3079
-2865
-4880
-5043
-3870
-3202
-3914
-4109
-2745
-1423
-1420
-2633
-2512
-1522
-496
-222
-403
386
356
-99
-374
390
2003
2273
1412
462
893
2202
2651
2278
2190
2490
2513
2279
2216
2818
3560
3255
2580
2278
2689
3311
3290
2919
2541
2549
2899
2837
2383
2224
2495
2674
2331
1937
1936
2234
2417
2055
1920
1973
1915
1813
1869
2170
1995
1561
1161
1376
1741
1535
1009
444
751
1142
846
371
-99
-99
-1152
-1226
-659
195
384
-2062
-3600
-2556
-1009
-1435
-3287
-3946
-2820
-2006
-4175
-6201
-5407
-2986
-2007
-5188
-7143
-6392
-4106
-3008
-4914
-5893
-4839
-3583
-4006
-4872
-4332
-2841
-1983
-2847
-3405
-2993
-2154
-1540
-1680
-997
-742
-1287
-1773
-1563
-21
846
306
-883
-925
431
1508
1239
725
1071
1700
1960
1738
1824
2861
3561
3295
2776
2710
3519
4359
4574
4189
3896
4185
4668
4489
4158
4437
4919
5047
4381
3717
4009
4695
4705
4309
3791
3575
3638
3623
3708
3587
3168
2704
2408
2336
2319
2051
1665
1391
1184
1081
824
318
-91
-926
-729
-290
-186
-468
-2017
-2818
-2085
-1312
-1762
-3003
-3617
-2968
-2592
-3981
-5098
-4717
-3327
-2963
-5212
-6369
-5775
-4287
-3639
-4985
-5705
-5226
-4456
-4376
-4627
-4411
-3769
-3412
-3661
-3645
-3557
-3246
-2691
-2458
-1847
-2145
-2813
-2859
-2224
-1046
-935
-1679
-2265
-1870
-917
-463
-691
-819
-381
-78
6
240
718
1519
1567
1407
1695
2271
2937
3206
3419
3636
3853
4252
4666
4717
4689
5026
5536
5823
5622
5217
5449
5865
6033
5793
5448
5381
5431
5425
5130
4663
4370
4400
4217
3712
3082
2620
2440
2282
1896
1598
1147
295
-922
-890
-88
436
-425
-2494
-3291
-2163
-1124
-1663
-3001
-3455
-2739
-2453
-3725
-4572
-3719
-2130
-2107
-4455
-5701
-4733
-2683
-2206
-3731
-4815
-4407
-3539
-3427
-3596
-3330
-2920
-3056
-3703
-3701
-3357
-2659
-2386
-2645
-2567
-2971
-3233
-3118
-2499
-1743
-1771
-2659
-3336
-2810
-1826
-1332
-1769
-2130
-1714
-1459
-1291
-1168
-524
275
35
-279
-11
913
1769
1967
1801
1865
2336
3084
3674
3543
3413
3834
4420
4718
4496
4530
5068
5321
5119
4809
4979
5346
5346
5034
4770
4609
4606
4531
4191
3904
3506
3117
2763
2517
2396
2282
1713
454
-594
-120
687
814
-594
-2375
-2630
-1526
-1135
-1835
-2688
-2812
-2365
-2715
-3796
-3831
-2776
-1561
-2180
-4111
-4672
-3447
-1623
-1400
-2657
-3480
-2999
-2219
-1895
-1838
-1671
-1338
-1574
-2046
-2097
-1873
-1000
-751
-1112
-1593
-2242
-2231
-1739
-1308
-1199
-1612
-2448
-2781
-2433
-1902
-1534
-1947
-2237
-2184
-2181
-1887
-1659
-1139
-727
-958
-1022
-675
-38
573
900
1001
1294
1607
2093
2608
2763
3061
3519
3789
3869
3835
4330
4905
4928
4520
4430
4879
5176
4945
4489
4459
4587
4527
4090
3627
3486
3353
2983
2416
2081
2046
1844
1176
-192
-687
-117
419
29
-1569
-2703
-2450
-1801
-2008
-2630
-2963
-2865
-2968
-3872
-4304
-3760
-2813
-2521
-3686
-4550
-4293
-3207
-2369
-2606
-3137
-3196
-2803
-2426
-2015
-1672
-1341
-1264
-1560
-1533
-1275
-718
-230
-260
-492
-842
-960
-691
-317
-137
-283
-687
-1061
-1048
-860
-567
-554
-752
-950
-1173
-1122
-828
-498
-382
-534
-665
-485
-155
139
512
704
862
979
1191
1687
2057
2379
2623
2816
3012
3245
3603
3950
4253
4213
4335
4470
4552
4759
4722
4933
4851
4559
4355
4213
4229
4040
3693
3272
3054
2767
2299
1567
586
715
963
794
-335
-1937
-2094
-1707
-1755
-2559
-3359
-3430
-3380
-4055
-5116
-5087
-4405
-3828
-4505
-5797
-5824
-5204
-4277
-4223
-4777
-4721
-4480
-4135
-3895
-3498
-2946
-2541
-2654
-2830
-2465
-1913
-1203
-1023
-1082
-988
-1049
-882
-696
-290
195
144
-252
-555
-313
243
585
445
209
104
122
328
508
711
778
655
628
614
820
1243
1516
1533
1401
1481
1862
2207
2377
2517
2685
2836
2975
3131
3484
3798
3888
3902
3927
4112
4324
4491
4668
4673
4479
4337
4358
4466
4472
4259
4002
3807
3533
3285
2701
2165
2129
2267
2002
972
-198
-452
-129
-348
-1191
-1982
-2233
-2268
-2967
-3844
-4041
-3689
-3471
-4210
-5201
-5442
-5008
-4522
-4617
-5081
-5213
-5018
-4945
-4849
-4583
-4158
-3839
-4037
-4221
-3935
-3395
-2860
-2722
-2706
-2555
-2422
-2325
-2104
-1666
-1188
-1067
-1308
-1393
-1072
-588
-195
-173
-211
-193
-95
153
397
591
725
711
699
762
986
1366
1564
1477
1414
1603
1927
2198
2241
2360
2516
2636
2752
2908
3193
3466
3542
3527
3529
3684
3958
4164
4262
4183
4042
4035
4176
4215
4142
3968
3907
3857
3588
3133
2649
2565
2845
2851
2127
1086
558
787
964
470
-323
-813
-956
-1229
-1842
-2211
-2134
-1966
-2384
-3237
-3732
-3506
-3051
-3069
-3502
-3916
-3888
-3741
-3710
-3661
-3526
-3314
-3443
-3708
-3671
-3389
-2914
-2898
-2942
-3037
-2927
-2822
-2704
-2475
-2250
-2152
-2288
-2286
-2035
-1818
-1551
-1540
-1360
-1280
-1230
-959
-819
-547
-509
-344
-178
-63
99
260
512
593
711
842
1044
1272
1318
1512
1607
1744
1948
2044
2363
2403
2462
2533
2695
3031
3148
3183
3131
3244
3398
3590
3632
3532
3478
3411
3514
3600
3453
3256
2749
2574
2722
2876
2684
1863
1281
1236
1378
1176
608
140
-66
-260
-765
-1149
-1198
-1075
-1199
-1963
-2496
-2446
-2070
-1835
-2299
-2671
-2744
-2523
-2367
-2400
-2303
-2121
-2101
-2356
-2460
-2057
-1622
-1386
-1799
-1882
-1721
-1411
-1304
-1435
-1288
-1140
-1168
-1299
-1366
-1064
-877
-786
-1019
-1135
-993
-727
-459
-687
-750
-648
-349
-243
-414
-302
-69
138
71
-11
210
482
658
567
521
647
845
1091
1115
1179
1166
1215
1310
1407
1644
1737
1704
1539
1521
1769
1995
1938
1719
1593
1727
1834
1778
1575
1350
1218
1229
1336
1256
947
556
416
467
374
180
-90
-284
-395
-649
-819
-903
-878
-874
-1228
-1530
-1600
-1344
-1170
-1293
-1600
-1659
-1440
-1321
-1243
-1243
-1113
-1000
-1272
-1286
-1025
-649
-477
-821
-908
-677
-401
-416
-485
-414
-189
-175
-455
-415
-194
74
115
-262
-270
-64
226
350
106
93
286
501
498
438
508
752
868
761
797
863
1049
1184
1142
1206
1139
1170
1320
1424
1518
1425
1379
1387
1460
1490
1517
1511
1442
1363
1242
1266
1265
1196
1089
886
790
701
585
400
105
-54
-94
-133
-377
-742
-1019
-1105
-1175
-1362
-1568
-1795
-1904
-2026
-2213
-2337
-2402
-2307
-2330
-2534
-2646
-2542
-2272
-2109
-2206
-2250
-2009
-1726
-1533
-1442
-1348
-1057
-950
-935
-683
-473
-191
-169
-209
63
309
316
318
376
585
742
557
476
622
752
910
682
487
680
837
991
822
618
780
983
1003
914
836
962
1148
1062
1035
1058
1102
1262
1255
1273
1307
1241
1336
1416
1511
1571
1549
1537
1579
1629
1704
1772
1726
1716
1660
1653
1673
1613
1601
1514
1378
1268
1131
1045
889
653
463
324
207
5
-299
-604
-820
-1012
-1161
-1392
-1672
-1879
-2119
-2317
-2503
-2643
-2711
-2863
-3026
-3105
-3154
-3137
-3155
-3172
-3053
-2946
-2926
-2858
-2744
-2517
-2323
-2364
-2186
-1926
-1664
-1502
-1538
-1327
-879
-632
-549
-522
-349
48
282
325
448
602
899
1107
1028
1158
1383
1667
1829
1684
1687
1914
2117
2206
2118
2038
2163
2214
2190
2151
2054
2080
2112
2013
1947
1824
1788
1813
1736
1663
1607
1563
1538
1470
1405
1425
1393
1352
1309
1247
1221
1170
1111
1099
1045
962
865
734
638
522
380
296
198
37
-180
-445
-638
-741
-855
-1035
-1309
-1559
-1717
-1868
-2048
-2199
-2299
-2380
-2540
-2755
-2876
-2839
-2729
-2721
-2851
-2943
-2876
-2699
-2565
-2550
-2513
-2381
-2191
-2080
-2060
-1987
-1740
-1447
-1280
-1279
-1277
-1061
-715
-466
-402
-360
-170
91
269
365
484
728
995
1133
1158
1230
1443
1719
1895
1937
1966
2041
2150
2244
2325
2399
2430
2400
2376
2366
2365
2325
2267
2243
2213
2107
1930
1787
1758
1774
1689
1472
1259
1169
1157
1079
892
719
647
616
498
304
167
136
116
-1
-181
-328
-401
-455
-557
-688
-818
-939
-1068
-1189
-1270
-1348
-1474
-1630
-1757
-1815
-1875
-2003
-2143
-2209
-2212
-2260
-2401
-2527
-2512
-2404
-2370
-2467
-2557
-2489
-2313
-2196
-2187
-2170
-2034
-1836
-1691
-1586
-1427
-1183
-952
-807
-668
-425
-115
152
334
507
747
997
1205
1402
1655
1919
2076
2115
2198
2434
2708
2834
2801
2788
2903
3039
3054
2980
2966
3031
3038
2883
2686
2628
2685
2652
2423
2166
2055
2048
1953
1690
1436
1305
1230
1081
809
560
403
244
32
-238
-447
-561
-722
-1005
-1322
-1542
-1622
-1707
-1938
-2189
-2401
-2540
-2655
-2767
-2808
-2856
-2999
-3158
-3228
-3171
-3084
-3059
-3052
-3033
-3020
-2973
-2844
-2646
-2439
-2347
-2310
-2218
-2041
-1786
-1573
-1401
-1232
-1059
-898
-767
-599
-319
-8
192
232
264
473
817
1088
1205
1273
1412
1632
1769
1869
2023
2224
2412
2438
2385
2439
2630
2821
2841
2738
2675
2713
2754
2751
2723
2662
2571
2427
2313
2227
2163
2079
1955
1839
1646
1465
1312
1224
1170
1046
825
598
416
289
208
108
-18
-194
-396
-632
-803
-883
-860
-861
-1025
-1356
-1610
-1661
-1575
-1509
-1630
-1834
-1990
-2096
-2141
-2127
-2066
-1979
-2075
-2295
-2464
-2389
-2178
-2074
-2141
-2243
-2291
-2312
-2257
-2176
-1960
-1862
-1947
-2048
-2046
-1838
-1591
-1470
-1386
-1335
-1308
-1217
-1042
-757
-463
-344
-332
-257
-59
311
579
732
851
972
1132
1296
1524
1826
2022
2047
2101
2199
2420
2464
2603
2735
2908
2981
2858
2782
2801
2982
3215
3130
2884
2697
2611
2681
2683
2477
2290
2398
2122
2081
880
752
1613
2120
1594
-174
-739
175
843
161
-409
-859
-749
-744
-1290
-1345
-1345
-1210
-578
-1702
-2526
-2535
-1352
-533
-1658
-2586
-2372
-1663
-1921
-1830
-1853
-1519
-2036
-2573
-1956
-1806
-1891
-1932
-1891
-1791
-2260
-2380
-1875
-1663
-1768
-1818
-1776
-2043
-2072
-1748
-938
-1120
-1764
-1710
-1240
-756
-990
-950
-568
-367
-565
-565
-312
33
343
428
500
290
370
912
1314
1266
1138
1264
1533
1509
1505
1845
2164
2025
1782
1821
2064
2154
2047
2121
2173
2161
1925
1821
1859
1965
2019
1874
1595
1388
1498
1591
1555
1310
1177
1215
1122
964
929
1037
1060
839
608
566
673
676
615
506
381
287
188
219
177
108
-5
-139
-260
-380
-414
-459
-581
-749
-860
-914
-1055
-1195
-1293
-1309
-1405
-1608
-1729
-1773
-1777
-1894
-2027
-2089
-2105
-2122
-2220
-2324
-2348
-2279
-2209
-2268
-2360
-2328
-2151
-2066
-2095
-2090
-1943
-1733
-1685
-1662
-1520
-1280
-1069
-998
-923
-713
-429
-215
-91
27
249
532
731
857
977
1173
1388
1527
1640
1762
1920
2039
2066
2086
2163
2275
2342
2330
2283
2260
2244
2223
2224
2208
2144
2015
1892
1839
1801
1737
1636
1513
1391
1269
1159
1080
1007
919
800
641
501
415
365
314
190
50
-75
-169
-228
-292
-362
-440
-543
-642
-730
-793
-826
-864
-933
-1031
-1135
-1192
-1202
-1223
-1281
-1365
-1438
-1488
-1533
-1575
-1603
-1625
-1667
-1742
-1807
-1822
-1802
-1799
-1828
-1853
-1845
-1815
-1781
-1737
-1674
-1598
-1518
-1447
-1351
-1216
-1067
-930
-798
-641
-457
-277
-109
61
241
426
608
786
961
1128
1273
1397
1519
1656
1790
1894
1958
2005
2045
2086
2120
2147
2154
2125
2066
2008
1963
1920
1870
1795
1692
1576
1463
1367
1285
1207
1105
969
828
714
630
554
460
350
236
116
6
-88
-159
-225
-322
-449
-570
-654
-710
-781
-877
-974
-1068
-1153
-1249
-1332
-1379
-1425
-1500
-1602
-1680
-1712
-1728
-1764
-1816
-1842
-1847
-1852
-1861
-1845
-1788
-1720
-1691
-1671
-1607
-1498
-1392
-1310
-1220
-1093
-947
-831
-725
-578
-396
-234
-111
10
166
341
485
597
718
865
1000
1089
1167
1270
1383
1457
1501
1554
1627
1682
1692
1682
1697
1723
1724
1691
1658
1647
1625
1572
1514
1476
1441
1379
1293
1216
1163
1109
1023
921
837
765
679
573
479
412
333
224
108
22
-48
-140
-250
-346
-419
-496
-606
-707
-766
-822
-902
-1004
-1076
-1110
-1159
-1229
-1289
-1306
-1313
-1353
-1403
-1426
-1408
-1411
-1443
-1457
-1431
-1395
-1388
-1391
-1351
-1282
-1231
-1210
-1170
-1089
-1009
-953
-899
-813
-718
-634
-570
-484
-371
-264
-185
-108
3
124
220
301
398
495
591
668
747
838
924
996
1058
1130
1204
1256
1296
1339
1380
1412
1427
1431
1447
1455
1446
1428
1410
1389
1357
1318
1274
1230
1181
1112
1045
984
914
841
765
688
608
524
435
353
268
175
86
-2
-81
-162
-243
-315
-384
-454
-529
-598
-658
-716
-787
-844
-893
-938
-986
-1035
-1062
-1088
-1113
-1144
-1164
-1175
-1181
-1194
-1200
-1201
-1198
-1191
-1188
-1165
-1145
-1123
-1108
-1076
-1033
-998
-964
-920
-872
-821
-774
-726
-663
-595
-533
-466
-389
-306
-233
-161
-87
-4
74
137
215
298
385
454
527
606
689
758
817
879
950
1005
1044
1085
1129
1164
1187
1205
1228
1249
1246
1237
1220
1211
1194
1159
1118
1091
1057
1004
950
900
855
801
740
674
612
554
492
430
371
322
268
207
151
99
51
-2
-55
-95
-141
-188
-238
-280
-317
-354
-394
-440
-477
-512
-554
-598
-631
-659
-684
-722
-756
-780
-807
-837
-858
-873
-888
-900
-917
-927
-927
-929
-934
-939
-933
-921
-903
-887
-862
-832
-802
-768
-734
-694
-653
-600
-547
-496
-446
-391
-337
-280
-219
-155
-94
-33
22
82
138
192
250
298
347
394
435
476
518
558
598
627
651
680
699
719
747
765
777
782
789
793
793
792
784
780
772
764
746
726
713
700
685
664
633
603
575
540
499
464
435
400
363
320
280
244
203
170
132
93
55
13
-32
-72
-109
-154
-191
-235
-274
-308
-343
-375
-413
-442
-470
-491
-518
-543
-564
-585
-607
-629
-645
-657
-663
-665
-662
-661
-667
-661
-656
-642
-627
-612
-595
-575
-555
-538
-511
-482
-445
-407
-371
-347
-320
-279
-238
-194
-149
-112
-76
-39
-2
41
86
130
171
203
234
262
292
320
349
381
406
423
436
451
463
474
484
497
504
502
497
493
486
479
471
465
448
433
421
404
388
372
362
343
321
297
274
252
235
210
182
164
144
118
92
73
52
32
8
-12
-34
-57
-79
-106
-128
-151
-175
-196
-222
-247
-265
-287
-302
-320
-341
-359
-375
-388
-403
-410
-422
-430
-433
-439
-434
-432
-428
-423
-418
-406
-394
-380
-361
-338
-326
-301
-275
-246
-213
-186
-154
-124
-94
-66
-39
-10
23
59
90
116
142
168
196
225
245
269
290
308
322
337
342
350
357
363
370
372
372
371
368
364
358
353
348
335
322
313
295
281
273
260
247
232
218
202
185
166
156
141
130
112
88
74
60
44
28
9
-7
-25
-50
-73
-89
-104
-124
-146
-167
-187
-205
-219
-235
-251
-263
-276
-286
-298
-307
-314
-319
-323
-334
-336
-339
-338
-342
-339
-331
-325
-315
-307
-295
-281
-265
-253
-237
-221
-206
-188
-167
-149
-132
-106
-81
-57
-33
-13
13
40
67
90
110
136
156
175
195
214
234
257
269
278
292
310
329
336
340
342
344
350
357
355
353
348
342
336
332
325
314
303
290
274
262
247
230
219
198
176
148
125
104
81
56
27
-3
-27
-50
-72
-95
-116
-139
-162
-180
-197
-211
-226
-247
-258
-276
-285
-297
-310
-321
-333
-341
-348
-352
-354
-353
-352
-352
-355
-354
-353
-353
-352
-344
-337
-330
-322
-314
-300
-281
-267
-254
-238
-217
-196
-175
-154
-135
-112
-88
-62
-39
-18
6
35
61
83
111
140
172
193
218
241
263
285
305
323
337
350
362
368
374
389
394
395
401
398
403
404
401
400
397
387
378
365
353
346
334
313
293
281
263
259
243
223
207
186
169
149
129
107
87
70
49
27
4
-23
-46
-68
-89
-108
-127
-152
-171
-189
-210
-237
-254
-274
-294
-309
-330
-342
-356
-371
-384
-391
-399
-404
-409
-413
-408
-411
-411
-408
-401
-398
-392
-381
-377
-366
-354
-338
-327
-314
-295
-275
-246
-230
-207
-186
-169
-149
-130
-100
-78
-61
-39
-24
-5
20
33
60
82
104
128
152
166
180
203
211
237
253
276
290
296
311
315
331
343
355
370
375
380
383
378
377
390
397
400
395
384
378
367
358
348
342
338
330
315
298
278
254
234
218
207
193
172
156
125
98
78
57
42
28
7
-15
-34
-62
-85
-106
-122
-139
-154
-171
-188
-201
-225
-240
-251
-261
-270
-276
-289
-303
-306
-318
-326
-332
-331
-338
-339
-332
-342
-347
-342
-345
-341
-333
-333
-325
-325
-320
-300
-300
-303
-287
-273
-267
-257
-234
-225
-214
-203
-194
-177
-160
-146
-125
-111
-94
-73
-61
-49
-27
-2
9
29
56
74
87
98
117
137
159
178
200
218
231
243
257
273
285
306
321
335
348
349
346
348
353
368
379
380
378
368
355
351
342
338
335
334
329
303
287
265
244
240
228
209
205
177
149
133
106
86
66
50
34
16
2
-28
-57
-70
-96
-99
-116
-139
-145
-169
-189
-202
-212
-220
-235
-242
-248
-268
-261
-270
-285
-280
-291
-291
-284
-297
-284
-281
-285
-276
-275
-272
-271
-259
-253
-246
-228
-218
-214
-202
-198
-188
-172
-166
-146
-130
-118
-101
-88
-82
-69
-50
-36
-19
-3
12
23
35
55
66
82
96
111
123
133
142
156
168
174
191
202
212
212
211
214
223
232
233
230
227
225
223
217
216
209
209
204
192
187
170
162
156
149
143
134
117
110
93
77
71
55
53
36
32
20
3
-4
-18
-26
-27
-40
-43
-55
-68
-70
-78
-79
-85
-82
-95
-97
-105
-108
-110
-118
-117
-120
-122
-128
-129
-127
-135
-133
-130
-140
-133
-133
-136
-134
-134
-124
-121
-121
-117
-115
-105
-109
-102
-97
-90
-79
-69
-63
-59
-52
-46
-41
-33
-24
-14
-15
-9
-1
3
13
11
18
22
31
34
37
47
49
50
57
61
63
66
66
71
68
73
75
74
78
79
90
86
88
91
88
95
89
90
92
91
96
90
92
87
84
93
78
82
71
74
71
55
58
45
47
37
24
25
11
10
2
-8
-8
-18
-17
-33
-36
-40
-46
-42
-52
-48
-53
-58
-53
-60
-57
-58
-57
-56
-61
-52
-56
-55
-53
-55
-46
-52
-54
-57
-59
-57
-55
-54
-57
-58
-54
-52
-52
-55
-54
-46
-53
-50
-49
-46
-43
-45
-35
-38
-33
-34
-37
-22
-19
-8
-13
-8
-4
0
10
12
20
24
32
38
46
47
46
46
57
57
66
67
71
80
80
88
82
85
77
69
72
67
75
74
76
78
69
69
63
55
53
43
44
36
28
28
23
23
13
6
3
-1
-1
-10
-19
-24
-35
-37
-48
-52
-54
-54
-43
-49
-48
-52
-57
-56
-63
-61
-67
-67
-62
-56
-54
-56
-59
-50
-51
-46
-47
-41
-38
-37
-33
-33
-30
-33
-25
-21
-19
-15
-10
-3
-3
-1
-4
-1
4
1
5
4
16
18
23
19
14
20
22
27
18
23
20
31
35
38
25
25
25
23
30
26
40
42
52
53
53
48
37
29
19
18
17
24
32
38
45
42
39
28
19
11
12
4
0
-1
-4
4
-10
-15
-19
-15
-9
-11
-13
-20
-28
-31
-36
-43
-49
-43
-39
-34
-32
-35
-29
-30
-30
-43
-44
-47
-36
-32
-26
-25
-29
-21
-22
-25
-33
-27
-27
-18
-17
-14
-11
-14
-1
-3
-2
-4
1
3
6
9
5
6
7
18
8
12
8
24
23
27
25
19
29
21
29
15
17
14
24
26
26
19
15
21
23
32
19
27
26
37
37
32
26
13
14
2
3
-1
3
8
17
22
16
17
10
9
2
1
-6
-9
-12
-15
-20
-29
-28
-28
-15
-12
-7
-12
-11
-17
-19
-26
-35
-36
-32
-27
-32
-27
-21
-14
-13
-19
-30
-25
-22
-14
-6
-8
-3
