1
2
1
-1
0
0
1
-1
-2
-1
0
1
1
1
3
2
1
1
0
2
2
0
1
2
0
1
1
1
1
1
1
1
1
1
-1
1
2
1
1
0
1
1
0
1
1
0
2
0
1
0
-2
-2
0
1
-2
-1
1
0
-2
-1
-1
0
1
-1
-1
0
-1
-2
-1
1
1
-1
0
0
0
0
0
-1
-2
-2
0
1
-1
-3
-1
0
0
0
-1
0
0
1
0
0
0
-1
0
0
1
0
0
0
0
1
0
-1
1
1
0
-1
1
1
0
0
0
1
1
-2
0
0
1
2
0
-1
0
0
1
0
0
1
0
1
2
3
1
0
-1
-1
1
-1
1
1
0
1
1
1
1
1
-1
1
2
-1
-1
0
0
1
-2
1
1
0
0
0
-1
0
1
0
-1
0
1
0
-2
-1
2
0
-1
-1
0
1
0
1
1
2
-1
-1
-1
0
1
1
0
-2
-1
-1
-1
-1
-1
-1
0
-1
1
-1
0
-1
0
1
-1
-1
-2
-2
-1
-2
0
-1
0
0
0
2
-1
-2
-1
0
1
-1
-1
-1
1
0
-1
-1
-1
0
1
-1
1
0
0
1
0
1
1
2
-1
-2
-2
0
0
0
0
-1
0
1
0
0
-1
-1
1
1
1
0
0
1
0
1
2
0
-1
1
1
-1
-2
1
-1
0
0
-1
-2
0
0
1
2
1
1
1
1
-1
-1
-1
-1
0
2
2
1
1
0
0
1
0
1
1
1
1
-1
-2
-2
-1
1
0
1
-1
0
1
0
-1
0
-1
-1
-1
-1
2
1
1
-1
0
-1
-3
-1
0
1
0
-1
0
-1
-2
0
1
0
-1
-1
0
-1
-2
-2
-3
-1
-1
0
-1
0
0
-2
0
1
0
2
0
2
1
1
-1
-1
-2
-1
1
1
-1
-2
-1
-2
-2
0
0
2
3
0
-1
-4
-1
2
3
3
1
1
-2
-3
-1
0
2
4
3
0
0
-3
-3
-1
1
4
3
2
-1
-3
-4
-3
-1
2
5
5
2
-1
-3
-2
-1
1
4
5
1
-2
-4
-6
-3
0
2
4
2
0
-1
-1
-3
0
2
5
3
1
-2
-4
-5
-2
0
2
3
3
1
-2
-4
-4
-2
0
0
1
0
-2
-4
-6
-3
-1
0
-1
-3
-2
-2
-3
-2
-2
-2
-3
-3
-4
-5
-2
-1
0
1
-2
-3
-3
-4
-3
0
2
0
-2
-3
-6
-6
-5
0
2
3
2
-2
-5
-8
-9
-5
-1
3
4
1
-2
-6
-8
-8
-5
2
4
5
-1
-5
-7
-8
-5
0
5
5
2
0
-3
-5
-5
-1
3
5
6
4
0
-4
-7
-6
-2
4
7
3
0
-1
-3
-4
-2
1
2
3
3
-1
-5
-7
-6
-5
-2
1
2
1
-2
-4
-3
-1
-1
1
3
4
2
0
2
2
5
8
9
12
13
14
15
17
19
21
23
26
28
31
33
35
38
40
43
46
48
49
52
54
55
57
59
61
63
66
66
66
69
69
67
67
67
66
66
65
64
62
61
61
58
57
53
49
47
43
39
35
32
28
24
18
15
12
7
5
-1
-6
-10
-16
-25
-32
-36
-41
-46
-51
-57
-62
-67
-73
-77
-81
-85
-90
-97
-105
-111
-117
-121
-125
-130
-133
-136
-139
-142
-146
-148
-150
-152
-155
-156
-158
-161
-165
-165
-165
-166
-165
-164
-161
-156
-153
-151
-148
-144
-139
-133
-128
-125
-119
-114
-105
-97
-89
-80
-71
-59
-49
-37
-27
-15
-5
7
17
28
40
52
62
73
86
97
109
119
133
145
154
165
174
185
192
200
208
216
221
227
234
240
246
251
254
257
261
262
263
262
264
261
257
251
246
243
242
239
231
223
214
206
196
187
175
164
152
136
115
95
83
76
69
53
34
12
-3
-14
-27
-44
-63
-77
-89
-106
-128
-144
-150
-149
-151
-165
-182
-195
-201
-207
-224
-239
-247
-247
-249
-258
-271
-277
-274
-271
-272
-276
-278
-272
-273
-279
-284
-282
-273
-259
-249
-242
-230
-219
-205
-192
-179
-161
-140
-120
-105
-95
-80
-60
-42
-24
-5
19
40
59
72
88
106
127
146
158
168
175
187
195
199
204
213
225
229
230
228
232
238
239
233
225
216
207
197
184
176
174
172
168
156
137
124
117
106
90
74
59
49
41
26
9
-3
-5
-5
-15
-32
-48
-60
-67
-80
-98
-108
-106
-98
-97
-107
-118
-124
-123
-124
-129
-137
-139
-136
-134
-135
-138
-135
-124
-113
-105
-103
-102
-101
-99
-96
-91
-80
-71
-61
-52
-40
-30
-17
-7
8
25
42
57
70
84
100
121
141
157
180
202
224
248
268
284
301
318
339
356
373
380
382
381
379
382
386
382
371
362
354
343
319
297
279
268
250
216
176
137
113
97
77
47
12
-23
-52
-82
-115
-153
-189
-217
-243
-273
-310
-349
-384
-411
-438
-474
-522
-564
-592
-619
-656
-705
-751
-770
-769
-771
-798
-838
-860
-862
-860
-871
-883
-885
-863
-837
-827
-821
-796
-749
-686
-640
-614
-581
-523
-457
-407
-372
-329
-258
-168
-94
-39
12
82
166
240
290
343
413
498
569
611
645
703
780
861
912
935
958
1007
1079
1122
1133
1142
1177
1226
1238
1220
1207
1222
1252
1257
1225
1170
1132
1123
1129
1106
1054
1021
1024
1024
974
897
846
836
839
820
770
706
656
625
589
527
451
404
386
345
250
128
23
-65
-159
-272
-399
-518
-616
-703
-812
-964
-1139
-1288
-1381
-1444
-1518
-1620
-1714
-1794
-1870
-1945
-2000
-2019
-2003
-1976
-1950
-1934
-1919
-1880
-1798
-1697
-1622
-1558
-1471
-1341
-1212
-1115
-1037
-947
-828
-701
-574
-470
-390
-320
-231
-128
-38
29
93
180
261
330
394
455
511
557
613
682
733
763
794
834
886
938
985
1028
1060
1083
1116
1159
1204
1246
1303
1360
1383
1373
1382
1445
1537
1643
1732
1761
1740
1734
1809
1906
1955
1958
1961
1951
1895
1829
1773
1699
1607
1548
1486
1296
1000
793
744
693
490
146
-269
-659
-868
-833
-793
-1055
-1529
-1896
-2034
-2083
-2139
-2177
-2232
-2310
-2325
-2262
-2265
-2398
-2458
-2271
-1958
-1694
-1511
-1375
-1297
-1249
-1147
-993
-829
-616
-335
-104
-38
-85
-124
-144
-149
-104
-43
-43
-73
-95
-194
-467
-795
-965
-959
-885
-812
-814
-993
-1307
-1530
-1562
-1493
-1398
-1249
-1097
-1066
-1136
-1153
-1068
-946
-760
-471
-166
54
216
362
454
497
612
875
1199
1472
1645
1702
1668
1645
1702
1821
1941
2009
2017
1974
1914
1849
1749
1596
1473
1441
1462
1479
1469
1369
1147
960
975
1095
1113
1029
995
1041
1088
1169
1291
1302
1187
1197
1423
1571
1429
1241
1311
1525
1614
1490
1099
400
-182
-55
588
802
174
-752
-1345
-1529
-1520
-1475
-1610
-1982
-2237
-2089
-1923
-2267
-2923
-3154
-2788
-2302
-2003
-1846
-1766
-1741
-1681
-1562
-1477
-1357
-954
-274
233
251
48
37
284
577
763
862
961
1151
1379
1404
1127
734
553
689
929
1029
851
452
5
-327
-470
-494
-543
-731
-1025
-1309
-1505
-1605
-1697
-1832
-1965
-1994
-1912
-1831
-1848
-1929
-1981
-1917
-1744
-1509
-1262
-1062
-921
-827
-731
-608
-416
-140
143
326
386
439
541
621
666
691
737
846
1016
1179
1174
944
702
684
855
1045
1116
1071
1003
1019
1133
1200
1169
1181
1380
1686
1893
1922
1905
1977
2137
2329
2490
2629
2816
3027
3078
2910
2737
2793
2988
3056
2944
2762
2557
2280
1825
1203
703
670
962
932
221
-784
-1446
-1544
-1442
-1577
-1947
-2229
-2205
-2064
-2203
-2714
-3147
-3004
-2402
-1911
-1784
-1801
-1678
-1411
-1236
-1276
-1302
-1004
-386
182
285
5
-166
-2
255
293
142
51
183
431
447
35
-539
-850
-794
-657
-737
-1001
-1234
-1392
-1620
-2038
-2568
-2932
-2859
-2537
-2466
-2845
-3368
-3644
-3576
-3376
-3318
-3384
-3314
-2981
-2631
-2540
-2739
-2875
-2552
-1851
-1218
-890
-754
-607
-321
12
221
332
634
1181
1659
1823
1739
1631
1705
1930
2103
2177
2270
2458
2601
2504
2204
1978
2047
2324
2499
2468
2387
2412
2558
2641
2529
2390
2501
2874
3207
3261
3153
3119
3250
3460
3591
3591
3598
3677
3729
3638
3443
3326
3281
3184
2940
2552
2118
1685
1245
781
386
152
-47
-481
-1205
-1943
-2406
-2527
-2548
-2705
-2989
-3249
-3337
-3328
-3439
-3659
-3699
-3342
-2793
-2456
-2375
-2265
-2003
-1712
-1532
-1412
-1158
-742
-262
82
83
-110
-100
166
348
282
182
218
280
215
-19
-332
-577
-647
-622
-671
-875
-1099
-1232
-1443
-1867
-2216
-2241
-2178
-2250
-2410
-2638
-2880
-2943
-2868
-2894
-2998
-2912
-2634
-2395
-2349
-2472
-2493
-2216
-1803
-1455
-1151
-891
-637
-311
-16
79
146
488
994
1405
1620
1671
1695
1826
2016
2136
2211
2318
2499
2701
2729
2474
2211
2238
2448
2576
2558
2463
2416
2481
2555
2489
2352
2350
2563
2838
2973
2898
2773
2816
3011
3182
3246
3273
3333
3434
3467
3321
3073
2939
2962
2930
2761
2471
2044
1513
969
428
-44
-243
-218
-454
-1180
-2046
-2652
-2888
-2924
-3004
-3200
-3386
-3463
-3448
-3486
-3716
-3933
-3763
-3187
-2657
-2453
-2370
-2179
-1912
-1701
-1584
-1471
-1158
-682
-283
-147
-263
-383
-238
35
56
-121
-154
0
56
-124
-424
-683
-793
-760
-759
-913
-1131
-1276
-1328
-1484
-1858
-2133
-2133
-2301
-2703
-2825
-2678
-2683
-2818
-2935
-3167
-3288
-3036
-2732
-2691
-2693
-2532
-2226
-1859
-1681
-1682
-1454
-956
-593
-334
-43
133
306
657
935
953
1058
1395
1706
1817
1807
1834
1999
2200
2262
2249
2226
2173
2244
2486
2594
2468
2406
2502
2595
2662
2752
2815
2858
2986
3149
3259
3304
3341
3401
3500
3627
3786
3959
4056
4046
3989
3943
3844
3732
3715
3752
3663
3466
3192
2725
2068
1416
896
531
387
367
38
-795
-1709
-2278
-2529
-2711
-2947
-3163
-3264
-3323
-3432
-3632
-3902
-4074
-3921
-3470
-3087
-2934
-2814
-2542
-2281
-2192
-2168
-2059
-1759
-1388
-1106
-1032
-1094
-1107
-919
-676
-692
-890
-954
-800
-749
-918
-1135
-1243
-1263
-1204
-1129
-1175
-1323
-1438
-1410
-1421
-1604
-1783
-1780
-1862
-2078
-2055
-1843
-1896
-2215
-2373
-2331
-2198
-2022
-1837
-1770
-1729
-1626
-1423
-1153
-986
-840
-520
-48
193
320
540
762
873
1032
1289
1506
1759
2039
2205
2185
2178
2332
2555
2726
2821
2991
3150
3108
2983
2985
3115
3160
3228
3331
3463
3517
3500
3422
3324
3322
3325
3402
3503
3580
3391
3014
2788
2823
2907
2762
2603
2535
2457
2187
1905
1779
1627
1475
1368
1313
917
386
-151
-704
-1302
-1544
-1228
-1083
-1539
-2225
-2386
-2643
-3342
-4081
-3993
-3491
-3299
-3306
-3132
-2948
-3262
-3587
-3605
-3217
-2929
-2423
-1662
-966
-704
-720
-680
-774
-821
-732
-314
10
227
449
652
467
-285
-1083
-1509
-1571
-1738
-1994
-2008
-1859
-1980
-2587
-3187
-3537
-3786
-3951
-3874
-3403
-3048
-2773
-2757
-2902
-3389
-3651
-3363
-2996
-2704
-2258
-1041
-213
-17
-223
65
274
169
293
933
1853
2241
2456
2210
1758
1110
880
822
762
1056
1699
2110
1658
1143
929
857
665
885
1648
2300
2508
2301
1964
1480
1278
1458
1768
1978
2296
2789
2966
2851
2754
2922
3007
3366
3999
4563
4559
4650
5042
5175
4817
4687
5255
5325
4709
3847
3767
3412
2911
2504
2678
2254
691
-1619
-4415
-6489
-6948
-4863
-2967
-2325
-2799
-2687
-3468
-5582
-6841
-5202
-2064
-724
-53
1146
2476
1048
-1433
-2360
-1111
222
1064
2458
3539
3340
1505
-236
-1751
-2492
-2160
-672
573
608
184
-412
-1515
-3585
-5144
-5290
-4294
-3328
-2822
-2574
-2753
-3456
-4605
-5396
-5322
-4357
-2990
-1783
-838
-345
-201
-544
-1025
-1158
-570
491
1060
987
498
274
-178
-764
-1118
-628
170
437
289
14
-3
-335
-612
-788
-422
-67
103
-58
-328
-453
-549
-525
-632
-376
17
581
738
761
874
1330
1975
2528
3035
3311
3599
3663
3625
3381
3269
3300
3232
3042
2896
3115
3262
3170
2977
2960
3048
2887
2800
2658
2738
2776
3071
3168
2918
2724
2902
3364
3027
2441
1787
1638
1152
803
813
1329
1539
248
-2936
-7134
-8895
-6831
-2950
-1316
-1384
-854
-78
-2145
-5693
-5951
-2328
312
143
977
4065
5004
1223
-2715
-2813
-823
-342
-160
1551
3393
2595
-244
-2857
-4294
-4650
-3908
-2288
-1088
-664
-653
-909
-2375
-4765
-6482
-6262
-4723
-3225
-2164
-1497
-1445
-2500
-4061
-4917
-4491
-3209
-1931
-528
716
1528
1151
251
-323
-173
565
1207
2145
1769
296
-2451
-3435
-2913
-1196
46
1221
2119
1371
-287
-2064
-1622
-1036
45
600
2008
2413
1627
-146
-1538
-1828
-1400
-125
1155
2434
2864
2654
1575
504
283
1395
3004
4231
4834
5144
4844
3827
2389
1518
1257
1507
2006
2816
3305
3090
2253
1440
792
515
662
1181
1589
1859
2259
2477
2258
1780
2095
2715
3103
2600
2186
1679
1348
914
878
1086
1526
1333
-1292
-6096
-9611
-7931
-3458
-801
-993
-134
1613
651
-3426
-5276
-2679
109
119
326
3290
5378
2981
-1421
-3113
-2278
-1848
-2105
-935
1322
2370
1069
-1239
-3230
-4193
-4061
-3083
-2058
-1358
-464
562
618
-1233
-3802
-5134
-4545
-3205
-2078
-996
23
230
-779
-1957
-2339
-2013
-1662
-934
607
2324
2983
2456
1758
1390
1320
1146
1330
817
-866
-3498
-4403
-3286
-1275
-139
626
1284
854
-818
-2448
-2037
-795
402
928
2041
2626
1952
-118
-1783
-2179
-1308
163
1596
2737
3242
2961
1590
-68
-822
94
1856
3382
4306
4720
4435
3139
1355
-68
-507
-165
566
1452
2216
2602
2073
907
-337
-630
-128
596
995
1307
1897
2199
2058
1617
2019
2839
3479
3390
3128
2896
2254
1652
1232
1734
2384
3092
1396
-3644
-9605
-10654
-5767
-961
-173
-753
1498
2650
-827
-5920
-5707
-2005
-595
-1656
94
4590
5555
1173
-3487
-4030
-2793
-2750
-3091
-1367
1641
3106
1565
-1484
-3713
-3950
-3218
-2637
-2386
-1330
574
2056
1563
-737
-3226
-4633
-4692
-3966
-2494
-682
578
500
-363
-942
-1228
-1714
-2280
-1714
134
1922
2539
2255
2209
2055
1480
411
-34
-751
-2335
-4195
-4723
-3741
-2349
-555
1043
2002
869
-698
-1779
-1509
-1181
-320
939
2224
2447
1644
630
-453
-1274
-1528
-596
864
2313
2996
2794
1832
871
331
369
858
2012
3333
4006
3363
2053
806
15
-587
-1008
-751
343
1712
2237
1748
805
227
94
206
512
1069
1973
2697
2784
2328
2404
3420
4450
4521
4044
3999
4059
3461
2591
2476
3420
4342
3951
220
-6273
-11483
-10358
-4635
-350
89
556
2641
2115
-2684
-6690
-5383
-2588
-2497
-2799
1001
5649
5062
-363
-4177
-3839
-2793
-3477
-3701
-1092
2482
3525
1250
-1740
-3033
-2703
-2344
-2460
-2089
-442
1629
2495
1378
-899
-2953
-4043
-4274
-3700
-2217
-448
332
-144
-626
-413
-382
-1344
-2253
-1644
219
1704
2009
1858
1962
2127
1710
1024
382
-392
-2112
-4066
-5010
-3886
-1570
828
2223
2574
1770
284
-1284
-1946
-1448
-277
697
1179
1347
1184
412
-1039
-2291
-2395
-1047
745
2074
2434
2186
1455
575
-223
-375
242
1580
2991
3704
3299
2224
1170
393
-231
-551
-86
1231
2640
3151
2598
1687
1110
891
926
1234
1815
2350
2671
2764
2732
2786
3239
4088
4757
4989
4897
4705
3953
2772
1820
2009
2966
3368
915
-4965
-11078
-12050
-7215
-1995
-636
-680
1129
2067
-1442
-6174
-6434
-3595
-3005
-4165
-1742
3692
5462
1128
-3637
-4180
-2640
-2856
-3899
-2617
910
3163
1969
-953
-2531
-2170
-1761
-2301
-2550
-1214
842
1967
1533
90
-1734
-3445
-4365
-3972
-2473
-981
-531
-957
-1065
-299
293
-418
-1783
-1958
-435
1337
1868
1513
1504
2004
2132
1527
905
483
-706
-3247
-5615
-5541
-2798
478
2402
3044
2957
1837
-478
-2483
-2547
-1077
52
308
712
1528
1425
-336
-2482
-3166
-2053
-314
962
1751
2287
2249
1228
-234
-992
-523
694
1924
2769
3077
2711
1722
474
-503
-785
-315
721
2032
3088
3227
2451
1574
1342
1676
2051
2273
2355
2544
2893
3377
3522
3548
3953
4893
5530
5312
4599
3903
3196
2213
1569
1787
2751
2395
-1633
-8643
-13172
-10770
-4506
-798
-792
108
2254
1105
-4164
-7163
-5012
-2577
-3590
-3746
835
5663
4354
-1219
-4278
-3134
-1938
-2822
-3281
-929
2448
3254
968
-1641
-2133
-1429
-1367
-2096
-1845
-98
1790
2254
1092
-717
-2390
-3450
-3892
-3327
-1894
-684
-735
-1371
-886
464
821
-745
-2142
-1351
1056
2483
2098
1487
1900
2561
2215
1406
1028
709
-1305
-4843
-7001
-5149
-909
2291
3324
3434
2905
872
-2140
-3672
-2686
-1165
-803
-586
627
1576
528
-2019
-3711
-3266
-1519
-7
1010
1902
2576
2097
428
-1108
-1132
-4
1266
2254
3213
3920
3728
2482
1082
462
624
1367
2512
3925
4810
4516
3168
1842
1175
944
1054
1320
1804
2469
3488
4166
3975
3335
3294
4225
5057
5012
4347
3710
3022
2170
1905
2364
2915
474
-6100
-13602
-14794
-8634
-1538
572
70
1434
2229
-1629
-7355
-7853
-4179
-2445
-3319
-1045
4587
6396
1311
-4622
-5332
-3085
-2658
-3752
-2611
1246
3758
2236
-1521
-3530
-2970
-2140
-2479
-2487
-504
2101
2978
1538
-665
-2364
-3696
-4766
-4777
-2785
-283
614
-454
-1154
-199
646
-442
-2437
-2394
-206
2190
2552
1516
874
1182
1508
962
502
274
572
-1507
-5705
-8296
-5092
327
3136
3130
2791
2668
185
-3406
-4832
-2488
-829
-1022
-755
1276
2505
778
-2173
-3508
-2007
-63
1177
2067
3215
3817
2493
192
-928
160
1424
2192
3036
4172
4569
3468
1802
867
912
1242
1911
3182
4531
5244
4360
2344
732
512
1042
1320
1445
1641
2365
2776
2721
2592
3169
3961
4438
4473
4253
3990
3466
2791
2082
1684
1591
963
-2573
-8900
-13362
-11263
-5150
-902
-213
444
1430
-436
-5084
-7096
-4446
-1813
-2142
-2050
1741
5108
3022
-2586
-5331
-3910
-2376
-2632
-2418
157
2699
2373
-560
-2867
-2957
-2028
-1725
-1672
-457
1503
2414
1289
-677
-2176
-2966
-3604
-3879
-2885
-754
720
316
-917
-1165
-484
-292
-1042
-1406
-525
1157
2116
1937
1163
939
972
899
-334
-3257
-5843
-5249
-2178
-262
668
1582
2732
1551
-1136
-3132
-2120
-726
-371
186
1811
2721
1110
-1693
-3589
-3024
-1597
-147
1342
3213
4425
3787
1554
-321
-443
100
829
2325
4330
5311
4368
2496
1177
927
798
821
1608
3412
5445
6212
5186
3514
2509
1693
834
486
1107
2189
2879
2887
2709
3004
3387
3296
2847
2937
3781
4262
3434
2205
2038
2691
2513
356
-4819
-11171
-14254
-10139
-3021
744
-270
-692
87
-1857
-6847
-8138
-3550
289
-441
-899
3158
5907
1622
-5828
-7952
-4425
-1282
-1042
-680
1937
3978
2283
-2156
-4973
-4401
-2549
-1393
-465
1317
2738
2383
300
-1971
-3658
-4546
-4621
-3807
-1953
182
1323
525
-1310
-2563
-2333
-1580
-1492
-1472
-326
1829
3077
2680
1253
175
-465
-415
-962
-2967
-4945
-3815
-579
1219
751
-134
-67
-573
-1873
-2396
-546
1109
1002
259
671
1252
-2
-2701
-4182
-2720
-300
1275
1781
2341
2902
2410
775
-377
5
887
1975
3358
4651
4635
3167
1435
767
1098
1369
1709
2576
4096
5168
4772
3276
2308
2172
1874
1481
1362
1582
1756
2088
2494
2653
2308
2096
2744
3584
3811
3270
2615
2290
2472
2801
2965
2552
-1180
-8685
-14734
-11893
-3236
1723
-731
-2949
-1180
-1050
-6149
-9190
-4207
2012
1994
-498
2377
6544
3630
-4896
-8785
-5215
-621
419
200
1777
3357
2067
-1751
-4507
-4341
-2461
-863
385
2124
3557
3275
975
-1840
-3895
-4458
-3885
-2556
-911
664
1171
215
-1535
-2815
-3068
-2539
-1683
-750
362
1664
2845
2719
1001
-835
-1127
-221
163
-548
-1812
-2255
-1681
-581
-106
-96
-498
-979
-1173
-613
343
974
1115
909
529
-200
-868
-1246
-1343
-1169
-650
177
855
791
-63
-496
216
1317
1713
1759
2406
3488
3868
2908
1622
1542
2706
3441
2763
1771
2155
3456
3753
2621
1594
1759
2416
2479
2293
2891
3805
3674
2596
2033
2530
3079
3075
2896
2939
2648
1863
1293
1428
1763
1649
827
-2402
-8516
-13627
-11267
-2977
2552
616
-2969
-3295
-3736
-7288
-8745
-3341
3160
3910
1455
2592
4888
1805
-5277
-7889
-3511
1668
2908
2019
1925
1427
-1179
-4903
-6609
-4835
-1236
1557
2629
2765
2202
567
-2128
-4184
-3950
-2017
-555
-538
-715
-128
128
-1607
-4159
-4600
-2650
-801
-376
-57
797
1447
1127
555
491
676
-16
-1860
-2914
-1622
988
2072
1214
-413
-1584
-2389
-2647
-1995
-483
1106
1755
1480
748
100
-904
-2188
-2975
-2158
-39
1421
989
-280
-703
-857
-1674
-2277
-1052
1379
3183
3813
3700
3247
2525
2133
2264
2552
2761
3352
4265
4537
3671
2209
1438
1627
2249
2601
2741
2867
2906
2755
2496
2493
2725
3346
4055
4555
4230
3259
2216
1785
2164
3127
3130
-856
-8904
-14809
-11506
-1992
3532
1023
-2963
-3896
-5118
-8621
-8790
-2523
3634
3627
1531
3379
5362
974
-6569
-7779
-1536
4468
5180
3169
1861
517
-2591
-6099
-6545
-3588
-161
1477
2042
1997
415
-2668
-5113
-4951
-2654
44
1432
1328
511
-397
-2003
-4291
-5508
-4119
-782
1948
2429
926
-754
-1554
-1392
-772
-12
1064
2322
2751
1471
11
-466
-1123
-2796
-2829
147
2824
2018
-760
-1934
-1442
-1300
-1895
-879
1828
3139
1305
-1226
-2060
-2159
-2453
-2082
-283
1678
2267
914
-788
-1021
-455
-686
-652
1721
4824
5622
4005
2409
1831
1760
1762
2062
3013
4240
4730
3968
2804
2056
1641
1318
1389
1984
2623
2951
2944
2772
2712
3096
3613
3517
2736
2110
2311
3028
3390
2962
2114
169
-4814
-11479
-13321
-6846
1457
3212
-772
-4082
-5468
-7425
-8403
-4449
2249
4983
2581
808
2313
2193
-2328
-6089
-3635
2157
4981
3470
713
-1284
-2955
-4270
-4108
-1961
363
1047
246
-686
-1731
-3306
-4270
-3290
-831
1006
1050
-669
-2869
-4129
-3809
-2643
-1655
-852
19
753
202
-1626
-3298
-3114
-1333
582
1681
1737
1054
56
-551
-866
-886
-514
387
1274
1545
1183
255
-806
-1502
-1088
-24
851
860
419
58
-181
-532
-1107
-1282
-704
391
944
569
-318
-932
-929
-363
693
1790
2395
2034
1250
878
1327
2102
2848
3624
4218
4123
3214
2187
1758
2219
3222
4069
4223
3691
2929
2223
1758
1616
1895
2557
3392
3797
3104
1758
1243
2163
3293
3532
2719
-72
-5470
-10047
-8295
-925
4293
2285
-3151
-6497
-7710
-8480
-6559
-380
5048
4259
5
-1217
93
-1154
-4380
-3757
1624
5965
5269
1600
-1480
-3326
-4435
-4039
-1342
1880
2705
597
-2083
-3404
-3555
-3299
-2643
-1332
137
724
-532
-3051
-4697
-4065
-2377
-1548
-1424
-850
-261
-1106
-2953
-3750
-2718
-1392
-982
-736
107
577
-283
-1277
-845
563
1261
976
663
820
1005
880
643
489
291
-93
-482
-596
-321
284
971
1130
463
-381
-507
-33
316
595
1320
2105
1994
1125
771
1366
1930
1747
1569
2195
3053
3098
2485
2114
2195
2242
2327
2906
3940
4731
4779
4007
2976
2577
3278
4274
4583
4329
4335
4349
3300
1096
-595
-349
1266
2423
2477
1804
-175
-4427
-8545
-7650
-1224
4151
2794
-2844
-6540
-6860
-6115
-4238
65
3719
2154
-2829
-4678
-2000
-33
-1530
-2724
-474
2482
2223
-573
-2637
-2841
-2227
-1115
751
2175
1230
-1727
-4001
-3847
-2263
-1084
-962
-1532
-2248
-2676
-2901
-3331
-3808
-3540
-2545
-1960
-2458
-3219
-3214
-2672
-2525
-2758
-2455
-1447
-883
-1425
-2137
-1899
-985
-146
632
1488
1737
771
-632
-940
328
1933
2373
1508
344
-373
-620
-479
59
667
905
746
538
417
316
218
365
924
1768
2333
2188
1431
692
534
1175
2233
3090
3326
3157
3044
3324
3748
3861
3585
3555
4096
4712
4740
4412
4176
4075
3923
3934
4193
4412
4209
3639
2887
2128
1420
834
467
639
1163
522
-2757
-6989
-7863
-3913
622
931
-2376
-5238
-5955
-5448
-3587
129
3097
1671
-2824
-4829
-2299
641
497
-639
382
2292
2020
-147
-1462
-978
1
592
970
903
-246
-2050
-2924
-2016
-368
305
-546
-2080
-3153
-3360
-3144
-2981
-2721
-2257
-2224
-3165
-4440
-5102
-5083
-4653
-3759
-2693
-2215
-2550
-3003
-2900
-2209
-1236
-236
559
851
551
51
-184
-96
127
420
644
606
321
-41
-355
-375
-13
297
174
-3
115
231
133
192
504
673
613
640
813
895
910
1127
1664
2206
2380
2287
2473
2979
3276
3166
3267
3819
4377
4579
4805
5258
5703
5718
5460
5378
5792
6264
6326
6020
5753
5256
4317
3258
2823
2979
2864
1014
-2804
-6313
-6070
-2098
1279
209
-3890
-6927
-7193
-5924
-3611
-141
2325
542
-4160
-6252
-3457
91
613
-257
430
1679
1045
-924
-1651
-424
1179
1719
1248
399
-460
-1055
-919
-58
759
708
-304
-1718
-2649
-2499
-1725
-1510
-2312
-3440
-4113
-4342
-4662
-5350
-5784
-5157
-3978
-3745
-4560
-4900
-4183
-3485
-3195
-2416
-1063
-515
-1298
-1938
-1140
283
738
220
-87
175
355
223
118
128
28
-175
-355
-445
-452
-444
-544
-638
-582
-430
-297
-39
334
514
285
-56
-68
401
1038
1420
1454
1406
1507
1864
2507
3254
3739
3874
4046
4557
5234
5670
5741
5601
5656
5981
6339
6413
6317
6185
6057
5782
5372
4849
4320
3207
792
-2353
-3580
-1396
1718
1581
-2102
-5598
-6224
-5128
-3737
-1566
1032
1186
-2102
-5129
-4152
-770
955
366
-77
420
331
-891
-1765
-1128
315
1166
797
-311
-1228
-1224
-441
474
855
657
37
-753
-1476
-1405
-448
330
-647
-2892
-4324
-3822
-2881
-2902
-3452
-3442
-3423
-4197
-5136
-4701
-3127
-2096
-2382
-2746
-2322
-1815
-1972
-1949
-1011
120
336
-122
-355
-16
449
546
206
-134
-319
-479
-522
-165
215
-28
-749
-1152
-883
-188
472
629
312
135
309
256
-164
-193
470
1030
925
641
869
1476
1895
1895
1918
2337
2940
3301
3584
4017
4340
4210
4071
4455
5062
5160
4819
4813
5378
5704
5050
3486
1430
-533
-1210
302
2530
2391
-712
-3810
-4398
-3206
-1737
-68
1402
879
-1702
-3307
-1767
930
1846
992
353
258
-182
-865
-701
67
261
-400
-967
-1045
-1069
-1121
-735
-65
93
-368
-961
-1231
-1147
-720
-604
-1137
-2116
-2861
-3778
-4530
-4261
-2848
-2428
-3697
-5097
-4912
-4145
-3760
-3273
-1816
-759
-1288
-2497
-2332
-833
222
-74
-689
-644
-120
308
444
497
518
264
-511
-1021
-456
690
1006
455
-27
-156
-405
-473
-35
499
545
322
132
-12
-208
-307
-158
242
603
706
849
1236
1410
1059
849
1362
2131
2531
2753
3078
3314
3321
3353
3634
3988
3984
3607
3468
3924
4327
3893
2810
1485
-22
-1146
-626
1249
2129
455
-2134
-3067
-2067
-757
205
1169
1513
181
-1618
-1289
1119
2744
2167
1058
789
719
301
354
1098
1473
786
-150
-462
-195
51
174
293
350
-6
-697
-1177
-1002
-630
-845
-1651
-2256
-2529
-3151
-4182
-4586
-4033
-3674
-4230
-4777
-4499
-4052
-4108
-4041
-3181
-2161
-1815
-1893
-1653
-1073
-637
-608
-795
-944
-868
-559
-146
229
466
393
0
-349
-288
115
558
903
1086
919
414
-3
3
273
487
602
690
634
347
-3
-82
127
394
578
805
1054
1134
1007
1053
1381
1727
1925
2250
2719
2986
2959
3145
3603
3671
3048
2592
2944
3417
2991
2046
1454
992
-107
-1186
-975
88
102
-1233
-2235
-1929
-1338
-1168
-748
179
473
-274
-768
-54
1035
1491
1522
1629
1559
1181
1037
1469
1994
2115
2007
1862
1572
1249
1405
1967
2149
1603
1042
943
815
238
-192
-163
-439
-1529
-2322
-2022
-1659
-2527
-3873
-4257
-3956
-4181
-4678
-4407
-3676
-3777
-4515
-4527
-3512
-2591
-2365
-2228
-1751
-1402
-1515
-1625
-1259
-681
-438
-560
-652
-508
-402
-491
-559
-369
-114
-47
-89
-7
114
93
-21
-7
135
256
283
290
312
335
343
372
407
445
494
617
787
928
1050
1237
1522
1820
2064
2307
2612
2910
3056
3014
2960
2974
2881
2467
2010
1857
1773
1154
184
-332
-284
-534
-1278
-1617
-1206
-1028
-1543
-1792
-1086
-408
-600
-887
-322
424
419
162
601
1285
1281
852
952
1484
1694
1553
1761
2247
2338
1896
1646
1900
2204
2130
1948
1772
1316
541
178
527
832
220
-861
-1497
-1505
-1481
-1546
-1497
-1538
-2148
-2990
-3249
-2755
-2268
-2338
-2745
-2970
-2856
-2487
-2011
-1619
-1429
-1363
-1292
-1181
-1007
-697
-315
-96
-161
-394
-571
-577
-413
-226
-192
-348
-474
-497
-540
-691
-733
-582
-478
-618
-712
-540
-373
-497
-541
-145
305
249
2
204
776
1079
1051
1210
1704
2055
2061
2052
2282
2572
2634
2511
2457
2484
2272
1568
706
368
710
916
211
-968
-1486
-1198
-1025
-1356
-1479
-1131
-1059
-1634
-1915
-1219
-335
-285
-712
-742
-405
-293
-272
125
637
643
276
171
452
816
1247
1795
2070
1818
1496
1414
1009
306
473
1770
2303
831
-970
-959
106
312
-166
10
333
-479
-1625
-1226
323
933
-39
-1204
-1417
-856
-139
430
595
263
-181
-343
-143
378
1032
1471
1365
859
418
357
671
1017
975
495
-78
-454
-627
-633
-498
-504
-960
-1580
-1721
-1373
-1172
-1432
-1729
-1631
-1417
-1515
-1749
-1566
-951
-473
-493
-660
-522
-145
131
325
606
924
962
719
561
733
954
749
12
-771
-989
-586
-269
-709
-1571
-1929
-1622
-1403
-1529
-1446
-987
-885
-1330
-1440
-710
74
192
19
174
432
426
380
626
955
1018
861
695
601
732
1147
1456
1352
1210
1493
1441
290
-772
-30
1609
1632
-123
-1235
-832
-465
-878
-836
-35
23
-1151
-1914
-1173
80
533
104
-562
-816
-393
489
1237
1461
1345
1147
961
1037
1581
2331
2692
2455
1973
1674
1735
1990
2081
1898
1621
1312
885
486
456
660
515
-126
-644
-595
-326
-334
-592
-734
-699
-728
-903
-952
-635
-181
-7
-120
-137
69
199
129
117
357
535
306
-137
-349
-392
-653
-1214
-1725
-1917
-1948
-2066
-2293
-2526
-2693
-2726
-2619
-2414
-2144
-1879
-1770
-1831
-1772
-1334
-729
-376
-361
-382
-241
19
228
310
320
339
384
436
544
785
1052
1058
698
244
296
1075
1763
1334
175
-301
161
338
-177
-366
66
-56
-1047
-1560
-912
-217
-390
-872
-1020
-874
-502
77
484
475
446
713
940
982
1273
1901
2324
2325
2278
2317
2210
2067
2191
2450
2499
2288
1990
1712
1547
1561
1594
1415
1031
651
364
169
95
63
-121
-453
-685
-704
-688
-744
-707
-448
-173
-174
-362
-349
-16
307
355
208
52
-79
-275
-560
-825
-921
-850
-979
-1534
-2095
-2110
-1784
-1763
-2059
-2126
-1883
-1806
-2013
-2113
-1970
-1822
-1764
-1670
-1523
-1377
-1200
-1074
-1098
-1154
-1021
-809
-730
-672
-442
-185
-123
-116
-89
-255
-516
-349
324
787
566
75
-162
-178
-94
231
686
766
334
-109
-100
279
676
784
459
-9
-57
440
958
1077
987
992
1020
987
1102
1524
2072
2427
2496
2394
2301
2377
2592
2774
2850
2846
2764
2572
2353
2220
2155
2064
1885
1585
1199
882
716
607
428
265
198
98
-172
-477
-560
-404
-225
-215
-393
-613
-680
-612
-583
-709
-927
-1140
-1405
-1737
-1998
-2031
-1928
-1986
-2357
-2786
-2887
-2675
-2510
-2560
-2563
-2358
-2185
-2270
-2427
-2346
-2051
-1800
-1694
-1638
-1535
-1397
-1287
-1209
-1143
-1038
-924
-876
-842
-749
-638
-623
-640
-531
-371
-353
-459
-434
-237
-79
-58
-70
-8
106
281
508
686
735
733
812
972
1142
1297
1367
1331
1304
1410
1559
1599
1577
1635
1745
1763
1742
1828
2024
2197
2282
2307
2308
2299
2330
2426
2531
2569
2535
2467
2405
2349
2288
2247
2236
2228
2147
1986
1831
1713
1633
1561
1497
1453
1366
1190
941
707
556
470
322
32
-334
-646
-891
-1160
-1479
-1816
-2130
-2460
-2792
-3036
-3153
-3227
-3396
-3649
-3859
-3938
-3938
-3941
-3941
-3854
-3682
-3541
-3489
-3412
-3159
-2750
-2358
-2094
-1891
-1636
-1352
-1136
-985
-830
-667
-585
-632
-717
-749
-734
-746
-802
-843
-855
-895
-964
-986
-890
-712
-567
-495
-447
-343
-185
-16
138
302
468
613
700
768
912
1135
1390
1637
1857
2066
2279
2486
2676
2845
2999
3172
3345
3472
3544
3589
3654
3745
3834
3901
3955
3993
3956
3815
3620
3450
3318
3168
2954
2706
2483
2266
2025
1804
1665
1596
1513
1346
1135
922
712
469
190
-86
-377
-710
-1109
-1515
-1880
-2193
-2459
-2708
-2945
-3185
-3424
-3648
-3830
-3950
-4015
-4034
-4024
-4020
-4008
-3944
-3823
-3656
-3461
-3231
-2961
-2702
-2499
-2330
-2125
-1888
-1664
-1496
-1360
-1211
-1082
-1007
-979
-944
-880
-819
-789
-779
-764
-756
-775
-812
-832
-803
-764
-746
-721
-675
-598
-523
-461
-362
-199
13
228
450
690
944
1186
1403
1607
1816
2018
2188
2334
2458
2592
2726
2848
2966
3095
3241
3376
3470
3499
3496
3475
3438
3372
3272
3170
3059
2938
2798
2635
2503
2394
2285
2148
1987
1828
1641
1401
1106
827
566
291
-28
-352
-641
-919
-1204
-1491
-1711
-1866
-1999
-2164
-2340
-2467
-2552
-2617
-2673
-2709
-2713
-2699
-2695
-2677
-2640
-2577
-2504
-2428
-2356
-2277
-2191
-2097
-1996
-1916
-1823
-1723
-1614
-1524
-1457
-1390
-1316
-1231
-1157
-1087
-1025
-961
-905
-854
-784
-705
-636
-593
-556
-490
-398
-306
-240
-177
-82
30
139
253
382
537
690
837
978
1118
1244
1354
1474
1620
1781
1910
2004
2090
2204
2353
2497
2606
2682
2733
2783
2813
2834
2831
2809
2783
2731
2674
2573
2458
2338
2222
2087
1909
1694
1436
1172
889
613
331
22
-296
-603
-874
-1148
-1424
-1691
-1919
-2088
-2245
-2394
-2542
-2650
-2703
-2712
-2692
-2661
-2610
-2530
-2415
-2266
-2109
-1952
-1804
-1656
-1504
-1357
-1213
-1089
-960
-842
-723
-627
-549
-496
-458
-409
-377
-338
-315
-295
-303
-327
-332
-330
-303
-274
-248
-244
-230
-194
-130
-39
47
135
231
341
464
596
731
871
1024
1176
1303
1395
1462
1534
1629
1739
1812
1850
1851
1859
1902
1959
2000
1992
1969
1932
1910
1884
1834
1770
1687
1615
1533
1431
1306
1171
1053
942
818
645
434
209
3
-197
-416
-661
-922
-1155
-1368
-1567
-1781
-1993
-2170
-2308
-2416
-2525
-2621
-2702
-2748
-2766
-2750
-2719
-2687
-2626
-2524
-2397
-2261
-2123
-1992
-1864
-1733
-1601
-1466
-1325
-1193
-1064
-945
-832
-719
-621
-516
-428
-347
-283
-214
-129
-56
20
89
168
270
384
494
601
703
820
971
1141
1313
1464
1613
1777
1972
2179
2373
2557
2731
2894
3041
3147
3203
3239
3269
3300
3301
3241
3125
2992
2865
2748
2630
2489
2318
2140
1962
1789
1621
1447
1267
1085
905
727
535
341
152
-24
-196
-384
-596
-831
-1066
-1296
-1524
-1758
-2012
-2266
-2490
-2689
-2871
-3053
-3218
-3348
-3447
-3513
-3575
-3619
-3632
-3624
-3583
-3538
-3497
-3460
-3390
-3280
-3156
-3028
-2905
-2772
-2637
-2498
-2371
-2233
-2069
-1898
-1718
-1544
-1373
-1204
-1025
-856
-690
-519
-347
-165
3
155
295
446
622
810
996
1169
1339
1515
1697
1885
2062
2251
2453
2677
2908
3108
3263
3411
3583
3771
3934
4051
4133
4202
4274
4305
4284
4227
4164
4117
4050
3955
3821
3682
3544
3395
3233
3054
2864
2653
2412
2150
1886
1617
1355
1080
797
507
217
-89
-434
-794
-1140
-1448
-1741
-2048
-2363
-2671
-2949
-3193
-3418
-3617
-3785
-3922
-4042
-4143
-4213
-4257
-4259
-4229
-4175
-4110
-4036
-3962
-3897
-3827
-3738
-3613
-3473
-3339
-3229
-3130
-3015
-2871
-2706
-2533
-2361
-2191
-2020
-1862
-1718
-1587
-1448
-1289
-1129
-977
-842
-723
-611
-476
-329
-158
31
221
415
610
818
1040
1280
1529
1775
2023
2273
2523
2760
2992
3215
3437
3659
3851
4004
4125
4216
4293
4356
4395
4400
4394
4380
4352
4309
4239
4162
4085
3991
3875
3724
3556
3377
3183
2960
2697
2406
2105
1798
1474
1123
755
392
22
-352
-737
-1117
-1479
-1816
-2123
-2411
-2683
-2920
-3128
-3314
-3472
-3612
-3709
-3772
-3816
-3845
-3853
-3835
-3786
-3719
-3635
-3550
-3451
-3343
-3227
-3099
-2976
-2854
-2726
-2570
-2403
-2254
-2130
-2009
-1872
-1725
-1587
-1471
-1371
-1260
-1141
-1025
-930
-853
-765
-654
-521
-391
-270
-144
6
159
310
469
621
784
946
1116
1288
1466
1647
1829
2012
2192
2370
2535
2680
2800
2909
3021
3129
3215
3284
3335
3377
3406
3421
3415
3392
3364
3327
3269
3192
3089
2969
2833
2675
2492
2284
2046
1778
1479
1163
841
516
181
-161
-501
-836
-1154
-1451
-1733
-1999
-2239
-2450
-2637
-2802
-2941
-3056
-3140
-3189
-3209
-3208
-3179
-3139
-3079
-3003
-2914
-2810
-2705
-2593
-2483
-2366
-2251
-2139
-2023
-1912
-1794
-1675
-1556
-1435
-1320
-1201
-1082
-954
-831
-707
-583
-457
-327
-187
-46
94
242
387
534
679
821
951
1079
1209
1326
1441
1551
1646
1744
1843
1935
2028
2112
2189
2268
2339
2410
2470
2517
2564
2598
2622
2634
2645
2640
2620
2596
2560
2509
2445
2369
2277
2175
2059
1919
1771
1599
1405
1195
964
720
457
172
-126
-431
-748
-1066
-1380
-1692
-1992
-2273
-2539
-2784
-3005
-3200
-3365
-3500
-3612
-3695
-3751
-3770
-3761
-3725
-3664
-3574
-3462
-3335
-3185
-3035
-2865
-2689
-2515
-2329
-2148
-1959
-1770
-1585
-1397
-1209
-1033
-847
-660
-484
-309
-134
45
219
391
557
721
884
1056
1218
1371
1526
1671
1810
1940
2061
2172
2268
2358
2445
2524
2588
2646
2701
2740
2778
2805
2824
2835
2842
2839
2830
2819
2798
2763
2719
2676
2615
2550
2479
2395
2309
2209
2102
1983
1851
1707
1548
1385
1205
1015
813
595
367
126
-122
-388
-657
-934
-1219
-1503
-1781
-2053
-2314
-2561
-2792
-3007
-3202
-3380
-3536
-3669
-3777
-3855
-3910
-3944
-3951
-3918
-3872
-3807
-3719
-3614
-3492
-3355
-3207
-3047
-2876
-2695
-2498
-2308
-2114
-1910
-1707
-1504
-1297
-1084
-868
-649
-427
-209
1
216
423
635
845
1051
1250
1438
1634
1814
1986
2147
2298
2440
2565
2686
2800
2906
2999
3083
3149
3206
3255
3291
3314
3324
3330
3323
3299
3266
3225
3169
3102
3024
2933
2835
2730
2617
2487
2351
2198
2038
1867
1680
1489
1278
1061
830
595
352
97
-163
-433
-714
-986
-1252
-1522
-1786
-2043
-2281
-2508
-2726
-2922
-3105
-3270
-3406
-3519
-3610
-3681
-3721
-3744
-3739
-3723
-3681
-3630
-3561
-3466
-3366
-3244
-3119
-2973
-2827
-2677
-2511
-2351
-2190
-2015
-1828
-1649
-1464
-1275
-1084
-893
-707
-511
-323
-120
84
279
479
674
877
1066
1250
1428
1597
1765
1929
2089
2237
2376
2503
2623
2723
2818
2893
2955
3007
3046
3081
3101
3107
3101
3087
3062
3016
2955
2893
2813
2724
2631
2520
2404
2279
2135
1979
1808
1635
1447
1253
1049
832
616
390
161
-76
-321
-561
-800
-1046
-1280
-1501
-1718
-1922
-2113
-2290
-2459
-2603
-2735
-2851
-2937
-3021
-3076
-3111
-3128
-3126
-3105
-3074
-3017
-2952
-2875
-2780
-2689
-2568
-2451
-2316
-2181
-2043
-1891
-1741
-1591
-1438
-1277
-1122
-961
-797
-624
-462
-292
-113
48
214
385
556
724
890
1047
1208
1356
1513
1663
1789
1921
2041
2151
2255
2342
2423
2501
2567
2616
2659
2693
2716
2728
2730
2719
2699
2661
2616
2569
2506
2436
2359
2268
2166
2049
1917
1772
1617
1446
1256
1060
856
647
429
201
-27
-261
-499
-740
-987
-1238
-1475
-1702
-1931
-2142
-2333
-2509
-2665
-2811
-2934
-3037
-3130
-3202
-3253
-3288
-3296
-3278
-3246
-3192
-3125
-3040
-2951
-2844
-2725
-2600
-2471
-2328
-2173
-2006
-1832
-1653
-1466
-1282
-1094
-909
-722
-533
-346
-154
41
234
424
617
811
1001
1187
1362
1532
1703
1865
2032
2197
2349
2498
2637
2769
2880
2973
3063
3136
3201
3246
3278
3302
3308
3308
3295
3262
3205
3130
3044
2940
2826
2698
2560
2404
2233
2052
1865
1666
1463
1245
1020
782
529
270
12
-248
-509
-769
-1030
-1278
-1528
-1768
-1987
-2203
-2403
-2599
-2797
-2968
-3133
-3278
-3398
-3503
-3584
-3641
-3680
-3695
-3695
-3686
-3652
-3613
-3556
-3485
-3402
-3300
-3183
-3053
-2917
-2771
-2621
-2457
-2294
-2125
-1948
-1773
-1585
-1381
-1174
-962
-743
-527
-300
-70
154
381
617
846
1073
1304
1521
1738
1952
2157
2356
2547
2729
2903
3066
3216
3357
3484
3602
3700
3776
3839
3877
3904
3915
3907
3884
3836
3766
3687
3595
3477
3348
3204
3027
2843
2638
2426
2211
1973
1732
1481
1220
967
697
428
162
-110
-380
-656
-938
-1204
-1461
-1709
-1934
-2159
-2372
-2571
-2755
-2914
-3056
-3193
-3312
-3421
-3510
-3578
-3640
-3676
-3695
-3702
-3688
-3659
-3621
-3563
-3499
-3425
-3345
-3251
-3147
-3037
-2910
-2780
-2643
-2491
-2338
-2176
-2012
-1841
-1659
-1471
-1272
-1072
-863
-640
-414
-187
49
298
539
776
1016
1262
1504
1740
1972
2192
2408
2612
2806
2993
3163
3326
3474
3607
3719
3814
3902
3955
3992
4015
4016
3989
3944
3889
3806
3700
3579
3439
3283
3103
2914
2707
2486
2246
1984
1722
1444
1165
883
595
303
13
-266
-544
-813
-1073
-1323
-1565
-1797
-2013
-2222
-2405
-2576
-2730
-2854
-2973
-3075
-3151
-3216
-3268
-3297
-3317
-3323
-3322
-3297
-3269
-3232
-3174
-3113
-3037
-2950
-2856
-2767
-2662
-2549
-2430
-2302
-2168
-2033
-1894
-1746
-1584
-1412
-1242
-1073
-893
-698
-500
-304
-104
102
302
506
711
918
1116
1314
1512
1699
1890
2072
2241
2403
2555
2692
2824
2941
3037
3126
3198
3250
3287
3313
3323
3307
3277
3232
3172
3098
3006
2896
2764
2627
2469
2288
2105
1902
1695
1475
1244
1010
776
533
289
54
-176
-411
-645
-866
-1086
-1293
-1487
-1676
-1854
-2014
-2168
-2306
-2420
-2535
-2632
-2714
-2789
-2845
-2881
-2913
-2942
-2943
-2939
-2926
-2887
-2850
-2805
-2751
-2677
-2596
-2507
-2407
-2308
-2202
-2082
-1949
-1815
-1666
-1519
-1377
-1211
-1043
-867
-686
-513
-332
-159
29
213
397
583
761
939
1118
1301
1463
1640
1803
1955
2113
2261
2402
2526
2644
2739
2836
2932
3009
3069
3113
3144
3162
3170
3162
3134
3097
3036
2962
2876
2768
2643
2496
2349
2179
2009
1824
1628
1413
1197
984
755
531
294
62
-168
-393
-619
-842
-1058
-1266
-1465
-1655
-1829
-2004
-2155
-2308
-2449
-2567
-2682
-2779
-2868
-2931
-2996
-3039
-3062
-3085
-3085
-3079
-3050
-3020
-2973
-2913
-2848
-2768
-2676
-2571
-2459
-2337
-2216
-2076
-1927
-1779
-1614
-1454
-1286
-1113
-943
-764
-587
-402
-224
-42
144
326
507
692
881
1052
1228
1404
1568
1729
1877
2029
2176
2307
2433
2553
2669
2775
2866
2941
3007
3055
3091
3122
3129
3125
3105
3067
3008
2942
2859
2757
2644
2518
2376
2223
2053
1865
1667
1475
1269
1053
836
613
385
159
-71
-298
-515
-731
-932
-1133
-1330
-1523
-1700
-1867
-2022
-2158
-2283
-2401
-2504
-2598
-2676
-2737
-2783
-2814
-2830
-2835
-2839
-2826
-2800
-2766
-2720
-2662
-2585
-2501
-2411
-2317
-2226
-2118
-1991
-1861
-1730
-1594
-1447
-1306
-1160
-1011
-859
-701
-544
-381
-219
-60
102
266
432
590
746
902
1056
1213
1362
1509
1656
1790
1921
2043
2165
2278
2381
2478
2563
2636
2701
2755
2793
2821
2834
2831
2816
2780
2732
2668
2584
2494
2389
2262
2123
1978
1821
1652
1470
1287
1096
903
700
496
289
74
-129
-331
-533
-727
-923
-1103
-1273
-1441
-1592
-1735
-1864
-1981
-2090
-2190
-2273
-2349
-2408
-2453
-2489
-2509
-2521
-2523
-2508
-2477
-2441
-2395
-2340
-2270
-2200
-2120
-2034
-1934
-1826
-1715
-1599
-1482
-1358
-1233
-1104
-970
-829
-685
-540
-395
-256
-112
29
169
311
456
595
730
856
984
1105
1218
1334
1442
1543
1641
1732
1805
1878
1935
1994
2045
2080
2114
2133
2144
2136
2113
2091
2058
2013
1958
1889
1813
1723
1625
1526
1411
1289
1155
1025
895
753
606
454
307
161
11
-135
-278
-417
-554
-685
-802
-919
-1032
-1139
-1232
-1313
-1392
-1461
-1516
-1566
-1603
-1636
-1661
-1671
-1669
-1659
-1646
-1628
-1599
-1566
-1526
-1477
-1425
-1366
-1309
-1243
-1173
-1094
-1016
-932
-841
-748
-654
-564
-469
-373
-273
-170
-79
13
106
193
285
368
450
533
608
680
744
807
866
918
966
1016
1062
1103
1136
1171
1195
1212
1228
1237
1242
1238
1229
1217
1198
1176
1142
1105
1068
1022
967
908
852
781
711
640
555
473
386
302
213
122
35
-57
-141
-226
-311
-394
-472
-546
-623
-694
-760
-830
-885
-939
-992
-1033
-1067
-1095
-1123
-1144
-1162
-1173
-1175
-1171
-1162
-1149
-1132
-1114
-1086
-1055
-1013
-973
-927
-864
-806
-747
-683
-621
-548
-471
-390
-315
-236
-159
-88
-15
60
136
208
280
350
417
473
537
599
651
704
759
813
861
904
943
978
1010
1038
1065
1091
1108
1121
1129
1128
1130
1124
1110
1098
1083
1058
1027
994
945
895
847
785
722
657
588
514
441
363
284
202
123
50
-28
-103
-184
-263
-345
-422
-495
-569
-628
-691
-752
-811
-862
-909
-956
-995
-1025
-1052
-1076
-1095
-1111
-1121
-1128
-1126
-1117
-1104
-1087
-1064
-1037
-1004
-965
-925
-881
-824
-761
-699
-638
-573
-511
-447
-377
-301
-226
-156
-97
-26
52
122
189
250
322
385
440
492
549
605
650
695
734
775
800
827
861
891
912
918
933
933
931
933
936
930
903
879
857
829
796
761
734
701
642
587
542
494
430
380
336
283
215
145
89
32
-27
-88
-144
-201
-261
-325
-376
-420
-465
-509
-560
-599
-634
-676
-708
-732
-752
-771
-795
-813
-820
-821
-820
-815
-802
-795
-789
-778
-751
-715
-689
-656
-611
-575
-540
-503
-452
-396
-351
-298
-237
-182
-132
-83
-19
43
88
136
200
253
295
335
387
436
464
495
544
584
594
613
647
673
674
684
707
720
699
674
682
693
683
651
642
633
589
534
518
523
492
438
406
380
323
253
222
214
181
121
59
19
-31
-91
-134
-148
-166
-219
-278
-327
-366
-407
-445
-457
-465
-498
-550
-593
-607
-615
-633
-640
-640
-645
-669
-688
-686
-666
-654
-645
-623
-601
-591
-581
-556
-512
-473
-449
-411
-367
-324
-286
-246
-194
-146
-102
-60
-12
35
87
138
183
224
270
316
352
379
413
460
491
514
546
583
608
602
609
638
659
659
653
668
673
643
617
620
634
620
588
569
552
509
455
428
424
405
358
319
275
227
164
120
103
82
37
-18
-70
-121
-164
-201
-225
-244
-274
-326
-382
-413
-442
-465
-486
-498
-505
-529
-557
-576
-577
-577
-580
-578
-570
-561
-563
-559
-544
-521
-505
-478
-444
-409
-383
-360
-331
-302
-266
-231
-200
-163
-128
-95
-65
-37
3
41
73
102
132
162
181
197
221
251
276
287
308
337
357
362
366
385
400
398
396
406
411
407
402
403
408
402
385
377
376
362
341
330
314
295
273
244
225
207
187
159
125
98
68
40
12
-5
-37
-59
-86
-121
-153
-183
-203
-213
-229
-247
-259
-276
-287
-298
-308
-317
-325
-329
-332
-338
-340
-333
-327
-325
-315
-298
-287
-281
-273
-259
-246
-233
-218
-198
-178
-155
-142
-124
-102
-80
-62
-45
-19
-1
18
38
52
67
85
96
118
136
147
162
174
191
203
214
224
234
245
249
251
248
254
262
266
269
269
271
269
271
265
257
247
231
225
209
198
192
177
166
148
133
120
101
88
69
58
39
19
-1
-16
-30
-51
-64
-89
-107
-129
-146
-160
-182
-200
-217
-233
-249
-263
-274
-278
-285
-289
-295
-304
-308
-313
-304
-302
-304
-302
-292
-277
-261
-250
-235
-217
-211
-203
-190
-175
-157
-140
-122
-97
-78
-64
-43
-22
2
19
29
43
53
62
80
100
122
139
150
158
169
177
185
198
203
207
209
217
224
231
238
244
253
255
251
251
248
243
241
235
230
225
222
216
208
201
183
167
153
135
119
105
92
74
52
36
26
14
2
-10
-23
-37
-48
-60
-74
-80
-95
-110
-125
-139
-146
-149
-162
-177
-186
-191
-194
-208
-213
-214
-207
-205
-206
-201
-200
-196
-187
-179
-176
-163
-152
-135
-127
-119
-106
-85
-66
-59
-44
-33
-24
-20
-10
6
17
35
48
59
70
78
73
76
79
76
75
81
89
92
100
109
112
122
120
122
132
127
125
117
110
105
111
122
130
139
134
129
115
102
89
73
66
56
45
35
23
13
6
6
2
-4
-6
-11
-15
-17
-21
-27
-36
-44
-54
-62
-64
-77
-84
-83
-87
-93
-109
-109
-109
-111
-112
-113
-112
-117
-112
-110
-111
-106
-97
-89
-86
-82
-93
-96
-86
-80
-63
-49
-30
-23
-19
-16
-15
1
16
28
39
45
49
37
43
41
39
49
55
59
56
54
52
48
54
61
70
76
78
68
63
60
52
56
67
72
82
90
92
82
76
71
59
54
50
46
35
18
2
-2
-2
-8
-5
1
8
7
6
12
4
7
7
6
0
-9
-19
-27
-27
-37
-36
-41
-48
-51
-54
-54
-60
-58
-59
-57
-53
-60
-52
-52
-53
-47
-47
-43
-61
-59
-61
-65
-54
-41
-29
-36
-33
-33
-30
-18
-15
-7
3
0
-3
-1
1
-2
-1
3
17
19
18
21
15
16
19
25
33
34
30
24
29
20
9
7
17
30
38
45
50
42
39
33
39
37
35
28
28
18
-3
-2
1
-6
-2
2
18
17
19
18
15
26
24
26
27
22
18
8
12
3
-2
-10
-18
-9
-13
-8
-5
-12
-22
-30
-15
-13
-10
-7
-4
5
-14
-11
-16
-14
-17
-28
-14
-18
-18
-21
-18
-17
-24
-24
-26
-15
-16
-12
-7
-10
-6
-8
-5
2
-2
8
10
9
2
0
-2
5
3
5
5
8
3
-7
-2
-3
-4
0
7
12
6
7
3
1
-3
-13
-6
-3
2
-7
-13
-14
-26
-14
-7
8
15
11
17
6
11
6
11
14
11
16
6
8
-4
-8
-2
-5
2
-9
-10
-9
-3
3
2
7
6
2
3
5
14
11
10
4
1
1
1
-1
3
5
7
0
-2
-1
0
2
3
3
2
4
5
1
-6
-4
-7
-6
-5
1
-6
-1
-4
-5
-3
-4
2
8
12
12
8
7
3
3
7
9
8
4
6
-4
-3
-4
-12
-1
-8
-8
-5
-5
1
1
6
-4
-4
1
3
10
5
8
1
-5
-10
-3
5
6
9
5
2
-2
-4
1
-1
2
-3
0
0
-3
-3
-7
-3
-11
-5
-4
-2
2
2
2
-2
-9
-6
-1
3
3
13
11
6
5
4
9
-1
1
-6
-1
-7
-9
2
-7
-3
-10
-12
-7
-7
7
5
6
3
3
-5
-1
8
5
12
4
6
-5
-12
3
-1
7
3
-5
2
-3
9
6
4
1
-4
-5
-5
7
-1
-4
-8
-10
-7
-8
-3
3
1
-1
-2
2
3
7
8
11
9
3
3
-2
2
-9
-15
-6
-5
-6
3
10
10
-1
-4
4
-2
-8
-5
-2
-1
-16
-5
-1
-2
5
1
9
4
4
-2
-5
3
2
-2
-5
9
7
2
10
8
11
-10
-6
4
-4
3
-9
1
-3
-13
6
0
-1
4
-3
2
-3
-4
-5
-4
7
2
-6
-5
1
6
-1
4
12
7
6
2
6
4
-4
-2
-9
-8
-14
-21
-8
-4
-2
6
13
18
12
5
12
10
1
-1
-3
-6
-16
-12
1
-6
-7
0
0
-3
1
-2
-4
-5
-5
4
1
11
13
4
18
11
8
-1
-6
6
-7
-9
-5
-8
1
-7
2
5
-4
4
-5
-2
-3
-3
-4
-8
3
-5
-3
2
1
12
-2
2
13
5
8
1
4
9
-5
0
-6
-10
-10
-21
-4
4
-6
5
6
11
13
6
