0
2
1
0
-1
-1
0
-1
0
0
1
0
0
1
1
0
0
-1
1
1
1
0
-1
0
0
0
0
0
1
0
-1
-2
0
1
1
-1
1
1
0
0
-1
1
0
0
1
0
1
2
0
0
-1
0
-1
-1
1
0
-1
-1
0
1
0
-1
-2
0
-1
-1
1
2
0
0
-1
-1
-1
0
0
1
1
0
0
1
0
1
1
0
1
0
0
0
0
1
1
0
-3
-1
0
1
-1
-1
-1
-1
0
-1
0
-2
-1
0
0
-1
-1
-2
0
0
-1
1
1
0
-1
2
1
1
0
1
1
-1
-1
0
0
-2
0
1
0
-1
0
0
-1
0
0
2
1
0
0
0
0
0
0
1
1
1
0
2
1
0
-2
-1
-1
-1
0
-1
0
-1
-2
0
1
2
1
-1
0
1
-1
0
0
1
0
1
1
1
0
-1
-1
0
0
0
-2
-2
-1
0
0
0
2
0
1
0
-1
0
0
0
1
1
0
-2
0
1
0
1
1
0
-1
0
1
-1
0
1
3
2
2
1
2
1
0
0
-2
-2
0
0
0
0
0
1
0
0
0
2
0
0
0
1
2
1
1
-1
-1
0
0
1
0
-1
-1
1
1
0
-1
-2
0
1
0
-2
0
0
0
1
0
0
1
1
1
0
0
1
1
2
1
-1
1
0
0
0
0
0
1
2
0
1
0
-1
-1
-1
-1
0
0
-1
0
1
-1
-2
-1
2
2
1
0
-1
1
0
0
0
1
0
0
1
1
0
1
1
1
1
0
1
1
2
1
-1
-1
1
-1
0
0
-1
-1
-1
-1
1
0
0
-1
-1
0
1
1
1
1
0
1
1
-1
-1
0
0
1
1
0
-1
0
0
0
1
0
1
-1
0
0
0
0
0
0
0
1
0
-1
-1
0
0
-2
-1
0
1
0
0
-1
-1
-1
0
0
1
-1
-1
0
0
-1
0
-1
-1
1
1
0
0
0
0
0
-1
-1
1
0
0
0
-1
1
0
-1
-1
-1
-2
1
1
-1
-1
-2
0
2
1
0
1
0
0
1
0
-1
1
1
-1
-2
1
0
-1
0
-1
0
0
0
-1
0
0
1
1
1
1
0
-1
0
-2
1
2
0
-1
0
-2
0
2
-1
-1
-1
0
1
1
0
-2
1
1
-1
2
2
-2
1
3
-2
-1
0
-5
0
3
-2
1
5
-2
-2
4
1
-1
3
-1
-4
1
0
-1
1
3
-3
-2
4
-2
-4
4
2
-3
3
2
-5
4
2
-7
1
4
-9
2
8
-5
-1
7
-6
-4
9
-5
-3
6
-4
-4
7
-1
-5
4
-2
-1
3
-1
2
-3
-2
7
-6
-4
12
-8
-8
16
-7
-12
18
-6
-16
20
-1
-19
17
5
-19
15
10
-20
8
14
-18
4
18
-16
-7
13
-7
-8
17
3
-16
10
12
-19
4
19
-24
-4
25
-20
-5
28
-21
-12
26
-12
-9
23
-11
-15
16
1
-11
10
5
-17
5
15
-14
0
18
-22
-5
25
-21
-4
29
-26
-8
33
-22
-5
31
-28
-10
34
-19
-9
32
-21
-16
32
-12
-17
28
-9
-25
27
4
-25
22
8
-33
18
20
-31
10
22
-36
9
31
-33
5
27
-38
4
33
-31
3
28
-34
2
29
-26
4
24
-29
3
24
-25
6
17
-27
7
20
-24
7
15
-30
10
18
-26
8
16
-30
9
21
-26
8
17
-27
8
16
-18
11
3
-10
11
-8
6
12
-30
19
15
-44
36
15
-62
43
21
-70
49
25
-74
38
35
-70
30
40
-62
13
41
-38
-6
39
-18
-24
27
16
-42
13
43
-58
0
71
-67
-22
96
-76
-26
104
-71
-32
98
-68
-26
83
-60
-7
48
-42
14
11
-23
32
-31
2
45
-62
21
47
-77
28
54
-81
25
55
-76
17
59
-64
5
58
-59
-1
54
-44
-6
41
-28
-14
29
-9
-15
13
12
-32
11
29
-43
15
27
-47
20
30
-50
30
10
-37
26
1
-10
5
-1
7
-15
7
33
-58
36
30
-90
72
22
-110
101
12
-131
138
-16
-128
159
-42
-117
169
-68
-88
159
-91
-42
114
-82
3
48
-45
29
-29
26
18
-84
100
-28
-90
144
-76
-57
133
-91
-14
77
-50
-5
15
21
-37
-15
96
-102
5
117
-152
57
83
-141
77
36
-99
73
0
-38
22
3
-6
-19
40
-19
-23
49
-40
-2
47
-66
50
-12
-41
79
-74
19
55
-97
53
42
-111
90
10
-97
78
21
-90
55
54
-120
55
76
-122
35
109
-153
42
105
-134
37
76
-80
-12
72
-15
-65
51
55
-142
75
102
-181
73
116
-186
53
139
-170
12
140
-125
-39
157
-84
-81
142
-50
-90
128
-31
-58
48
0
21
-80
70
73
-223
156
123
-344
267
82
-389
340
3
-307
309
-57
-188
210
-72
-45
62
-54
77
-90
-5
166
-196
21
205
-253
42
222
-260
48
206
-233
23
208
-228
25
180
-191
41
77
-54
-14
16
33
-5
-100
155
-64
-113
257
-197
-13
169
-141
-58
233
-189
-17
166
-151
49
3
55
-96
-7
144
-167
-8
292
-368
63
320
-443
163
273
-429
165
204
-400
294
-8
-201
131
25
-46
-102
184
13
-273
226
84
-382
415
-112
-301
483
-288
-158
498
-390
-76
431
-364
20
266
-239
7
195
-204
2
232
-163
-144
348
-187
-148
313
-146
-105
141
26
-181
199
-34
-157
202
-47
-130
125
33
-158
164
-67
-95
236
-241
79
138
-287
215
48
-230
134
54
-163
149
-44
-132
207
-49
-163
108
115
-218
98
78
-235
246
-64
-125
191
-157
-53
287
-301
-24
396
-422
144
139
-270
194
64
-249
95
203
-252
64
175
-185
-39
221
-105
-198
314
-79
-168
208
-89
-3
70
-69
25
-25
35
94
-174
78
134
-247
152
94
-318
316
-42
-242
275
-67
-145
149
21
-212
141
149
-305
184
21
-185
217
-131
-61
133
-20
-102
128
-78
63
-151
161
4
-296
435
-171
-235
408
-271
-37
345
-436
148
202
-181
-100
232
39
-341
244
183
-454
204
379
-586
151
461
-523
85
416
-523
80
546
-673
161
507
-607
208
124
-125
16
-34
170
-218
46
279
-364
96
216
-322
184
25
-143
117
36
-229
245
-87
-194
391
-347
20
266
-200
-133
292
-101
-290
425
-76
-504
643
-46
-765
871
-184
-611
721
-186
-465
654
-215
-419
587
-211
-295
385
4
-429
428
24
-481
434
79
-463
337
66
-402
463
-232
-169
406
-213
-260
515
-200
-454
813
-476
-330
772
-328
-465
733
-295
-414
766
-562
-43
600
-591
-1
618
-711
220
469
-851
499
336
-840
455
430
-921
583
174
-658
509
39
-405
292
57
-279
334
-276
100
180
-294
68
268
-352
90
352
-502
268
52
-72
-141
175
45
-100
-114
214
128
-554
567
-93
-381
406
94
-516
444
-25
-180
56
-35
323
-405
101
224
-94
-251
355
-156
-66
121
17
-27
-238
615
-452
-384
1015
-648
-382
1040
-778
61
535
-591
118
399
-470
19
459
-464
197
76
-225
131
39
-111
-58
237
15
-420
437
37
-606
580
17
-553
509
147
-687
563
-28
-430
476
-256
31
173
-343
310
-12
-429
494
32
-728
799
-106
-692
886
-455
-159
486
-447
128
143
-194
174
-207
96
184
-437
252
162
-373
262
-60
-79
78
-76
123
-316
383
-39
-470
629
-317
-162
375
-410
250
143
-511
406
95
-579
525
-83
-422
658
-404
-106
470
-476
307
-173
3
261
-275
22
184
-110
-191
232
-79
-129
239
-142
-43
30
192
-323
-71
763
-880
374
330
-553
148
367
-531
154
393
-493
165
40
88
-184
-99
398
-133
-309
521
-227
-149
224
-7
-250
247
182
-479
47
650
-715
-106
890
-765
102
457
-489
18
587
-623
-44
659
-408
-185
285
163
-400
84
373
-499
288
231
-662
481
199
-647
352
354
-625
395
51
-458
685
-527
-26
383
-191
-187
220
41
-256
277
-248
186
-24
7
-169
200
16
-167
30
69
187
-521
380
3
-141
12
45
90
-119
-7
62
-109
151
-8
-364
603
-298
-223
322
-70
-47
-104
124
23
-70
-61
161
-182
234
-159
-192
512
-290
-172
337
-80
-240
251
-168
-66
224
-245
2
118
155
-476
279
346
-713
575
-35
-222
148
47
-350
275
244
-684
547
150
-585
270
199
-220
-57
223
-193
-25
357
-697
600
5
-640
521
272
-636
166
861
-1272
648
465
-1108
938
-208
-403
355
-16
-169
-27
188
40
-403
259
386
-758
335
339
-580
222
149
-259
309
-287
-62
473
-442
-2
530
-504
141
270
-314
-55
734
-934
184
798
-1157
387
458
-559
-62
539
-546
269
43
-66
81
84
-156
146
-138
181
-150
-189
473
-551
161
328
-548
340
2
-300
437
-242
56
132
43
-402
411
-68
-312
501
-405
-45
416
-410
-187
681
-405
-376
821
-554
-141
665
-613
120
331
-321
13
263
-151
-84
164
-47
-152
261
-223
35
147
-314
312
-181
-14
223
-142
-111
300
-172
-153
261
-190
88
23
-60
47
-11
-29
88
-106
53
199
-440
303
272
-863
822
50
-1094
1177
-145
-1052
1108
-66
-974
955
53
-885
742
245
-1057
641
662
-1483
827
692
-1597
914
646
-1559
1128
285
-1320
1115
15
-927
784
176
-940
769
49
-638
616
-104
-385
416
-157
-181
209
2
-122
53
194
-201
-5
236
-127
-129
181
78
-176
-146
390
-247
-205
486
-366
-97
590
-676
100
645
-585
-231
1036
-799
-224
1121
-1084
91
779
-918
-30
1004
-1230
461
552
-784
231
445
-380
-227
492
-114
-408
455
95
-612
755
-312
-417
617
-74
-727
661
165
-841
672
116
-574
435
148
-635
412
428
-1132
918
196
-985
799
162
-803
590
309
-1238
1379
-571
-633
1147
-544
-257
491
6
-356
374
-170
-146
299
-296
-269
501
-303
-205
354
-135
71
-84
62
9
-103
254
-455
302
428
-937
680
331
-1048
702
362
-1368
1271
-244
-833
1084
-465
-174
327
40
-504
561
-252
-125
287
-82
-26
166
-65
-99
391
-571
486
-180
-208
345
-46
-383
428
148
-613
531
-101
-4
-263
445
-461
173
-108
-85
38
-77
249
-495
712
-621
432
-291
245
-314
278
36
-534
997
-875
331
341
-557
73
626
-882
226
490
-561
-50
475
-189
-599
1034
-625
-350
846
-246
-664
774
62
-802
802
-168
-419
564
-62
-661
900
-265
-574
891
-610
203
130
-380
501
-249
-197
585
-723
213
571
-1233
891
57
-661
637
-259
169
-50
-164
377
-352
170
129
-358
229
374
-732
325
766
-1410
989
103
-1153
1167
-240
-933
991
191
-1490
1649
-413
-1067
1740
-1242
267
347
-339
114
39
17
-252
682
-807
397
264
-761
531
-46
-507
487
34
-598
632
-268
-302
543
-626
268
54
-321
400
-553
504
204
-973
1152
-370
-435
801
-665
212
592
-1104
675
775
-1743
1575
-265
-795
1052
-509
-504
786
-79
-1185
1753
-743
-876
1826
-1194
-346
1564
-1432
44
1417
-1760
490
1228
-1816
1032
492
-1565
1387
-134
-1220
1158
253
-1607
1380
26
-1491
1928
-959
-731
1645
-781
-1008
1848
-901
-661
1772
-1466
105
1306
-1315
-229
1489
-1367
73
825
-973
576
129
-752
760
-346
-246
479
-792
827
-266
-695
991
-253
-772
1184
-788
-21
784
-954
640
54
-275
58
334
-599
735
-355
-256
1006
-742
-219
600
-98
-939
1291
-729
-219
1028
-1008
97
978
-1163
365
586
-949
561
-40
-357
373
247
-893
711
110
-704
155
862
-1219
649
474
-1666
1701
-565
-812
1046
-57
-1067
1259
-428
-856
1800
-1177
5
732
-710
593
-824
512
49
-443
448
-343
176
120
7
-762
1040
-517
-240
162
279
-311
-111
579
-657
487
-110
-280
-89
731
-811
351
490
-414
-136
350
-235
-140
593
-867
1206
-785
-71
694
-874
405
90
-462
287
504
-1177
1096
-254
-459
565
-381
254
-330
303
-214
16
233
-273
244
-242
367
-572
367
218
-759
768
-244
-304
422
101
-823
1098
-639
-207
508
-53
104
-237
489
-190
-296
209
90
-242
398
-307
425
-655
624
-160
-662
1133
-497
-322
687
-314
-327
418
-559
853
-783
392
487
-970
471
62
-405
200
351
-488
320
-103
79
-391
154
654
-842
20
964
-974
-108
952
-1306
1008
-234
-674
1192
-881
-94
1171
-1696
935
618
-2126
2094
-545
-1205
1898
-1110
-390
1198
-1190
438
430
-959
800
-336
-65
111
-255
642
-1041
872
-375
-205
755
-1024
788
6
-836
849
-74
-645
1044
-808
94
772
-1062
420
531
-618
12
537
-281
-255
563
-377
-112
574
-662
462
33
-346
353
-112
-483
869
-670
13
662
-619
233
21
-107
-46
42
-60
90
-109
244
-111
-276
430
-202
-227
338
-154
88
-162
-106
500
-577
167
512
-860
549
196
-837
300
1063
-1810
759
1426
-2483
1614
476
-2142
1872
-114
-1868
2688
-1213
-781
1911
-1720
80
1338
-1729
1173
390
-1227
1203
-780
25
112
-24
-145
578
-453
267
203
-791
612
-240
-361
713
-207
-398
1002
-1073
256
704
-1402
1053
-12
-918
1356
-882
2
740
-677
-383
1152
-988
120
978
-1288
820
46
-532
-100
890
-809
30
1075
-1367
785
-18
-682
637
-377
570
-768
767
-280
-387
708
-857
614
-205
-78
58
339
-560
367
-63
-450
675
-493
161
170
-39
-126
-365
940
-1121
371
965
-1376
688
556
-964
-49
1126
-1154
148
723
-374
-487
948
-240
-1177
2011
-1588
108
1290
-1562
777
314
-931
577
304
-1160
1334
-560
-451
908
-637
-22
41
327
-632
502
271
-980
1146
-533
-652
1168
-840
79
414
-171
-260
472
-335
-44
131
76
-304
109
477
-808
554
-51
-120
-193
598
-593
98
525
-832
432
362
-739
533
260
-987
1040
-574
-315
1028
-918
235
568
-782
283
24
105
-544
732
-161
-564
878
-582
-55
99
305
-398
-266
1318
-1461
303
1230
-1774
864
426
-1043
419
634
-918
470
434
-763
269
124
-395
301
-99
206
75
-300
376
-398
113
-192
372
-207
21
491
-783
453
84
-646
669
-123
-248
252
-64
-10
-270
590
-504
247
-41
-5
-179
254
-129
-147
630
-736
420
-177
81
-182
38
363
-342
-5
382
-648
458
27
-617
1170
-1055
429
293
-893
730
52
-831
1138
-546
-255
607
-426
-190
595
-392
-328
1037
-1042
504
119
-483
505
-224
-250
541
-470
75
356
-511
414
-51
-341
228
236
-552
504
79
-532
466
-75
-433
234
376
-516
101
627
-761
305
96
-481
531
-338
379
-404
292
132
-644
216
686
-769
-177
1533
-1962
884
468
-1158
678
441
-790
496
-27
-285
75
-40
291
-733
1355
-1176
229
590
-1115
742
311
-1216
1726
-875
-905
1741
-1384
129
963
-776
164
656
-1110
509
96
-554
458
274
-384
201
-41
-328
204
-187
330
-131
321
-340
-45
389
-638
100
650
-431
-276
851
-730
-177
512
-259
-228
852
-616
-107
583
-540
-185
618
-246
-160
338
-301
270
-509
448
-97
-36
-5
113
103
-586
428
247
-754
716
111
-905
986
-317
-924
1531
-521
-999
1569
-741
-621
1094
-658
-104
1023
-1206
315
775
-1399
1096
-273
-410
1065
-1213
570
204
-837
899
-282
-753
1656
-1513
238
1200
-1663
1106
186
-1308
1232
-423
-527
1168
-906
-123
1467
-2073
682
1281
-2014
1234
151
-700
668
67
-999
1069
-393
-557
691
-145
-186
351
-287
-12
152
-213
-59
47
370
-321
248
149
-393
-19
370
-640
283
309
3
-316
265
-64
-288
36
231
-400
669
75
-1223
1442
-634
-642
1057
-390
-259
884
-864
38
398
-167
-596
760
450
-1467
1471
-531
-1072
1423
-438
-728
1296
-146
-1100
1108
-609
-429
834
-668
465
142
-185
-115
192
-56
-529
741
-402
31
481
-466
220
-106
-244
59
22
-133
469
-327
241
80
-232
56
-109
147
-405
748
-501
-49
683
-912
186
664
-950
377
472
-855
693
-66
-98
250
-198
-58
-429
638
-556
95
896
-605
-346
778
-994
-141
1012
-727
615
21
-260
-282
326
-572
460
503
-796
600
144
-975
956
-200
-834
1384
-712
-526
1000
-404
-442
662
-460
240
-248
137
-77
267
-361
408
-146
-458
839
-994
840
-275
-108
298
-248
-13
-90
145
44
-91
-264
509
-205
-313
600
-390
156
-139
87
-208
460
-17
-458
557
-366
-126
-114
399
-148
32
137
-4
-284
-50
195
-255
204
243
-207
383
-557
237
-114
-424
650
-446
287
381
-360
-220
339
-283
-273
439
100
-126
110
-98
-125
103
-308
384
-228
145
137
-464
354
308
-772
391
566
-1086
394
665
-847
256
693
-1039
363
216
-652
459
394
-516
552
-464
111
-149
-301
707
-298
74
271
-356
-152
373
-637
395
137
-130
-57
-16
646
-915
327
191
-347
12
137
165
6
-59
-18
-71
-446
774
-732
230
981
-983
136
488
-530
-484
922
-230
-658
1444
-777
-697
1203
-933
-250
902
-107
-743
1253
-810
-400
862
-492
-4
257
-46
-385
491
-516
395
136
-531
322
-171
-143
207
86
13
-72
112
-112
-192
418
-190
71
21
-106
270
-272
69
425
-885
622
-104
-711
1245
-765
-102
706
-739
-18
551
-667
531
-51
-433
658
-328
-130
412
-371
-98
249
-160
-76
208
386
-968
481
260
-655
180
605
-458
-79
402
-574
244
150
-243
218
76
-263
41
4
67
-8
87
-10
187
-430
102
304
-332
40
644
-673
493
85
-709
724
-301
-94
-115
772
-510
-16
526
-561
182
151
-315
254
557
-807
392
90
-101
-197
524
-54
-246
445
-672
82
413
-242
-80
829
-708
119
212
-485
130
341
-367
92
413
-542
583
-289
-65
299
-345
-191
286
-7
-102
184
-24
-171
-38
-200
-136
294
-203
-77
301
-248
-126
184
-318
-15
218
-251
103
161
44
-203
121
-83
-272
292
-388
173
181
-168
-171
458
-182
-310
381
-221
-104
105
-131
153
192
-595
507
-220
-474
515
-453
-37
439
-427
132
552
-818
288
113
-897
645
93
-435
556
-281
-284
168
-373
297
169
-163
120
-63
-40
-39
-26
236
-92
28
-64
-8
116
-179
46
16
33
-20
21
172
-89
88
13
-15
76
24
113
-108
174
110
-89
160
-29
-12
197
-168
183
184
-362
311
-14
-355
714
-181
-174
553
-507
56
244
-249
222
129
-18
7
-93
83
18
-402
316
43
-135
267
3
-256
111
-198
-210
455
-127
183
-83
-70
-198
-55
-10
114
-13
-49
179
-499
185
99
-254
258
109
-269
284
-127
-245
321
-204
-66
238
170
30
-64
169
-270
-320
188
-74
186
393
-224
187
152
-558
121
286
-93
37
222
65
117
-159
23
313
-258
-109
216
11
53
73
-134
117
-24
-556
162
333
-373
169
263
-321
-53
-174
-285
270
-137
112
309
-65
154
-364
-49
160
-427
183
427
-178
-112
271
-429
-215
124
-161
188
294
-231
-131
282
-531
-247
368
15
-224
97
-76
-264
-214
-182
174
124
-59
-186
85
-316
-470
22
57
15
17
-197
34
-230
-480
38
193
-143
-69
159
-81
-308
-74
30
-83
184
-164
128
199
-285
-59
254
-40
-109
191
88
107
36
48
445
20
-3
340
53
299
120
308
592
112
232
336
177
217
226
276
557
143
128
453
-3
-73
335
62
229
308
6
231
97
-197
33
216
-126
161
6
66
-23
-260
-28
25
-231
-151
37
-270
-120
-281
-146
-103
-321
-258
-231
-311
-258
-450
-95
-99
-430
-196
-240
-317
-454
-261
-152
-124
-164
-133
-186
-211
-384
-332
-23
-59
-125
25
53
-249
-215
-198
-141
130
-55
134
342
-45
-33
24
82
25
175
384
219
413
133
153
235
134
150
255
367
245
195
264
172
38
158
63
18
189
-51
-26
43
-192
-56
-264
-161
-136
-320
-180
-215
-272
-229
-289
-309
-152
-260
-269
-121
-102
-256
-175
-79
-162
-105
-95
-28
3
-111
-56
-6
-64
63
-14
64
220
-39
3
263
-9
105
379
104
370
274
140
334
267
254
415
475
336
469
417
264
469
400
394
513
541
391
447
564
372
594
618
566
519
574
494
464
554
556
584
451
596
261
188
378
-18
141
279
-33
-40
-103
-258
-436
-346
-461
-504
-353
-552
-654
-561
-732
-877
-698
-718
-805
-751
-789
-925
-852
-897
-1023
-834
-977
-998
-850
-968
-983
-966
-966
-1022
-958
-847
-994
-832
-795
-830
-569
-600
-658
-527
-479
-589
-296
-227
-334
-147
-149
-262
52
13
-101
161
53
17
109
126
168
318
295
489
674
639
578
801
701
820
1069
988
1304
1203
1182
1286
1405
1415
1458
1602
1651
1519
1683
1785
1812
1845
1632
1911
1820
1767
1873
1887
1869
1518
1238
1365
1232
752
557
415
-45
-451
-595
-993
-1240
-1661
-2143
-2083
-2186
-2497
-2599
-2534
-2737
-2608
-2335
-2298
-1967
-1860
-1709
-1369
-1098
-914
-723
-529
-313
-87
53
141
175
-4
-21
36
-296
-245
-431
-784
-742
-992
-1238
-1336
-1568
-1701
-1682
-1701
-1823
-1635
-1608
-1673
-1289
-1076
-964
-671
-382
-95
283
612
947
1231
1488
1649
1839
1890
2019
2232
2452
2600
2582
2633
2566
2332
2286
2384
2520
2576
2410
2418
2487
2489
2132
2228
2497
2632
2597
2553
2692
2728
2230
2057
2322
2208
1777
759
31
-933
-1824
-2512
-2411
-2126
-2565
-3185
-3544
-3964
-4438
-4677
-4435
-3594
-3275
-2722
-1906
-1235
-1410
-1565
-1165
-566
24
581
1238
1798
1635
1295
1547
1379
1191
867
887
1126
1020
411
-119
-732
-1549
-2195
-2469
-2484
-2682
-2761
-2859
-2633
-2848
-3126
-3155
-2989
-2577
-2073
-1359
-900
-702
-540
-254
35
341
738
1303
1780
2115
2198
1985
1731
1360
1230
1354
1326
1229
1041
742
349
102
-320
-669
-693
-634
-261
-63
17
-24
-72
-123
-36
354
549
740
890
1149
1223
1226
1083
1156
1295
1463
1785
2039
2224
2164
2416
2229
2424
2367
2572
2877
2921
3126
3088
2995
2904
2990
3022
3043
2688
1962
689
-102
-687
-1234
-2409
-3290
-2663
-2496
-3378
-4096
-3998
-3904
-5070
-5370
-3554
-2155
-2587
-3073
-1807
-678
-993
-1318
-323
666
631
894
2136
2559
1893
1196
1343
1555
1275
1057
907
645
72
-512
-927
-1408
-2204
-2873
-2818
-2339
-2245
-2598
-2974
-2624
-2484
-2533
-2145
-1621
-1343
-1478
-1643
-1261
-1014
-889
-772
-594
-109
275
424
232
448
366
22
-120
138
598
682
329
426
396
3
-44
-98
-2
-253
-399
-112
-22
-310
-430
-513
-491
-388
-417
-126
-156
-324
-122
40
314
393
520
883
1049
1162
1374
1568
1855
2122
2421
2743
3150
3701
3959
4005
3885
4037
4104
4017
4396
4825
5050
4869
4717
5268
5443
4937
3452
1451
-335
-1463
-1821
-2318
-2947
-3233
-3313
-4130
-5298
-5836
-5562
-6063
-6224
-4773
-2185
-863
-1373
-1326
-320
661
804
1461
2881
3819
3874
4212
4638
4475
3380
2440
2435
2642
2484
1799
861
-274
-1415
-2377
-3015
-3494
-3994
-4298
-4197
-3911
-3879
-4191
-4401
-4093
-3477
-2815
-1927
-1203
-777
-561
-405
-105
193
240
449
622
774
900
666
215
-754
-1778
-2159
-2139
-2125
-2130
-2159
-2272
-2742
-3276
-3148
-2714
-2382
-2094
-1524
-903
-612
-795
-963
-988
-1011
-725
-550
-318
-361
-529
-903
-1120
-1211
-1275
-1233
-920
-412
-119
105
227
332
376
965
1893
2806
3307
3655
3870
4139
4389
4979
5662
6177
6283
6628
6732
6535
6031
5477
5560
5329
5648
5761
6163
5655
4738
3111
2030
693
-1230
-2983
-3939
-3511
-3514
-3080
-3554
-4157
-5932
-6667
-6337
-4760
-3149
-2040
-752
-86
593
788
1476
1437
1930
2744
4158
5004
4956
4057
2572
1451
751
748
425
19
-806
-1762
-2754
-3704
-4742
-5794
-6346
-6205
-5486
-4962
-4906
-4944
-5018
-4824
-4177
-3142
-2160
-1351
-657
-21
301
227
58
-119
33
592
1307
1685
1632
894
-370
-1476
-1957
-2267
-2701
-3312
-3295
-2925
-2738
-2994
-3294
-3373
-3447
-3234
-2486
-1191
-545
-205
-347
-191
127
389
228
157
272
346
480
103
-168
-528
-701
-678
-142
311
688
742
796
1163
1593
2064
2636
3343
4038
4784
5241
5319
5087
5130
5552
6129
6517
6422
6064
5860
5724
5338
4973
4434
4025
4023
3891
3631
3391
3587
3677
3767
3104
2387
1032
-1415
-4360
-5602
-3826
-1739
-1184
-2553
-3185
-4108
-5279
-6404
-4752
-1573
251
446
947
2606
2621
1371
3
1251
2995
4226
4159
4031
3163
1259
-637
-1379
-793
-744
-1195
-2108
-2367
-3122
-4501
-6147
-6782
-6732
-6122
-5037
-4069
-3605
-3783
-4017
-3799
-2957
-2068
-1117
-192
637
1159
1164
617
-114
-606
-561
-167
269
625
651
-175
-1598
-3051
-3805
-4002
-4300
-4467
-3798
-2883
-2988
-3793
-4219
-3740
-3338
-2927
-1804
-159
658
555
254
412
762
746
847
1242
1642
1472
849
-68
-523
-705
-707
-454
106
638
675
392
494
1045
1401
1789
2468
3358
4197
4653
4784
4710
4484
4354
4622
5187
5675
5718
5083
4580
4363
4139
3673
3272
3270
3335
3256
3036
3118
2811
2421
2753
3985
5162
4881
3502
637
-2761
-5648
-4892
-1786
788
248
-1859
-3589
-5315
-6479
-6186
-3065
-662
367
152
1469
2166
1092
-1334
-1812
401
3194
4805
4231
2800
135
-2043
-3264
-2249
-1172
-820
-1737
-2429
-2820
-3754
-5575
-7478
-7816
-6744
-4547
-2878
-2131
-2873
-3856
-4370
-3783
-2395
-783
466
1011
1462
1548
1405
326
-812
-1470
-867
115
920
1024
281
-1356
-3742
-5048
-5042
-4284
-4458
-4304
-3774
-3063
-3783
-4860
-4963
-4071
-3037
-2028
-201
1232
1602
448
-72
204
1164
1645
2008
2363
2638
2172
981
163
-94
144
296
1050
1958
2502
1924
1296
1222
1843
2521
3253
4139
4942
5395
5267
4936
4516
4349
4317
4839
5669
6262
5901
5016
4179
3711
3358
3219
3432
3726
3856
3644
3542
3174
2928
2520
3012
3924
5431
6207
5808
2877
-2320
-6909
-7482
-3400
373
1393
-827
-3160
-6487
-8874
-8809
-4786
-1040
-244
-856
46
1908
1040
-1685
-3446
-1295
2000
4575
4693
3440
552
-2739
-4665
-3667
-1149
-8
-850
-2369
-2928
-3663
-5268
-7470
-8213
-7054
-4566
-2309
-1157
-1570
-3119
-4483
-4513
-2710
-248
1501
1836
1757
1705
1530
718
-477
-1206
-1041
19
1173
1815
1116
-689
-3173
-4893
-4824
-3677
-2856
-2801
-2419
-2088
-2341
-3477
-3761
-2894
-1507
-241
1198
2589
2685
1615
360
537
1451
2633
3028
2918
2256
1501
408
-638
-1074
-839
-241
198
841
967
545
-508
-742
-308
915
1997
2845
3009
2898
2815
2622
2558
2569
2981
3008
3395
3988
4490
3774
2653
2132
2322
2663
2952
3518
3667
3221
2695
2868
3367
3494
3533
3972
4899
5812
6533
6139
2352
-4145
-8957
-7013
-1417
2144
901
-1490
-4306
-8227
-11317
-9257
-2956
588
-481
-2226
33
2258
1134
-2855
-3813
-745
3657
5594
5068
3493
834
-2425
-4366
-2305
1351
2766
310
-2377
-3037
-2732
-4130
-6707
-7946
-6325
-3350
-1254
-1018
-2083
-3939
-5850
-6230
-3772
236
2427
1773
171
94
659
384
-1008
-1686
-1124
132
1266
1915
1610
-269
-2833
-4577
-4268
-2744
-1236
-943
-1532
-2084
-2172
-2449
-3095
-2951
-1375
707
1991
2504
2535
1887
794
342
1335
3134
4437
4187
2735
1355
794
405
-406
-706
10
984
956
503
61
-338
-1017
-1140
-227
1441
2861
3148
2605
2020
2256
2576
2970
3410
4124
4183
3941
3966
4074
3500
2544
2449
2958
3469
3424
3324
2822
2204
1908
2386
3065
3249
3113
3196
3994
5084
5600
4102
-512
-6642
-10064
-7257
-1314
2071
270
-3475
-7158
-10318
-11479
-8098
-2104
759
-601
-2187
-320
1745
1020
-2156
-2976
-86
4661
7109
6271
3338
-61
-2882
-3825
-1436
2127
3434
811
-2383
-3785
-3583
-4455
-6331
-7439
-5873
-2559
-94
-175
-2334
-4506
-5671
-4826
-2068
1803
4054
3584
1650
722
1195
1474
782
-300
-41
1470
3295
3578
2120
-317
-2417
-3393
-3301
-1942
-431
525
-336
-1621
-2636
-2663
-2737
-2566
-1517
460
2425
2719
1879
314
-123
-68
943
1811
2932
2991
1995
375
-658
-940
-1449
-1717
-1567
-397
128
76
-997
-1820
-2312
-1807
-777
524
1908
2854
3039
2143
1704
2029
3000
3224
3302
3665
4496
4719
3929
2861
2192
2277
2368
2769
3064
3406
2817
2026
1402
1644
1953
2202
2386
2833
3729
4817
4986
1466
-5226
-10713
-9318
-3316
1426
1069
-1371
-4846
-9172
-12560
-10198
-3493
771
-640
-3129
-1633
1514
2083
-1126
-3521
-2495
1985
5627
6733
5172
2609
-835
-3451
-2804
880
3764
2508
-812
-2972
-2617
-2533
-4234
-6933
-7232
-4416
-1086
-83
-1100
-2394
-3885
-4979
-3861
209
4157
4918
3166
1755
2152
2946
2767
1416
693
1601
3473
4584
4084
2465
-25
-2376
-3923
-3343
-1482
474
362
-1491
-3454
-3849
-3444
-3552
-3321
-1766
745
1794
1510
506
147
-268
-204
356
1918
3321
3372
1750
-280
-1178
-1521
-1734
-2013
-1262
-532
-351
-1200
-1972
-2507
-2631
-2347
-1407
463
2471
3604
2884
1640
1211
2033
3007
3702
4362
4891
4974
4374
3647
3044
2691
2528
2578
3100
3606
3772
2936
1820
981
1162
2080
3003
3545
3919
5025
5104
2162
-4134
-8887
-8502
-3777
571
1996
796
-2820
-7826
-11489
-9757
-4144
404
187
-1819
-1721
672
1831
56
-2326
-2354
635
4114
6054
5601
3514
303
-2497
-2969
-337
2917
3391
648
-2352
-3103
-2701
-3490
-5548
-6395
-4890
-2467
-1140
-1000
-1513
-2672
-4188
-4209
-1556
2214
4167
3572
2250
1908
2372
2550
2054
1386
1417
2316
3497
3808
2982
1150
-1129
-3551
-4672
-3594
-1104
32
-1263
-3442
-4518
-4456
-4364
-3976
-2801
-867
335
601
278
384
429
166
-201
505
2193
3381
2941
1326
-44
-925
-1366
-1599
-1286
-919
-787
-1169
-1612
-1777
-1671
-1699
-1810
-1004
1052
3232
3842
3004
2121
2141
2723
3383
4003
4562
4881
4713
4220
3659
3302
2946
2460
2076
2439
3316
3844
3192
2108
1545
1900
2353
2681
3256
4573
5527
3927
-920
-6574
-8612
-6131
-1600
1167
1651
-488
-4648
-9397
-10620
-7252
-2480
-603
-1682
-2295
-833
1364
1268
-801
-2824
-2074
528
3481
5182
5661
4306
1387
-1329
-1666
470
2434
2330
201
-1570
-2267
-2485
-3627
-5054
-5694
-5094
-3999
-2961
-2146
-2046
-2818
-3991
-4024
-2464
91
1936
2417
2001
1768
1944
1998
1678
1243
1381
1983
2728
2930
2351
503
-2367
-4980
-5545
-3861
-1923
-1494
-2687
-4138
-5141
-5236
-4559
-3312
-2202
-1407
-740
157
1280
1986
1739
736
393
1270
2772
3623
3639
2740
1163
-428
-953
-518
-166
-413
-888
-1038
-839
-411
-303
-589
-732
196
1868
3329
3876
3842
3600
3479
3639
4182
4873
5298
5161
4627
4294
4316
4265
3591
2628
2095
2403
3062
3360
2934
2275
1832
1744
1736
2061
3052
4477
4376
900
-5020
-8810
-7396
-2945
77
507
-235
-2591
-6988
-10478
-8878
-3924
-800
-1704
-3119
-2129
567
1848
493
-1921
-2685
-986
1454
3499
4992
5647
3911
593
-1642
-830
1406
2544
1435
-745
-2116
-2226
-2271
-3479
-4778
-5110
-4620
-4341
-3729
-2580
-1776
-2355
-3460
-3546
-2165
6
1607
2126
1752
1634
1710
1702
1398
1541
1962
2219
2137
1883
1077
-803
-2980
-4347
-4143
-3189
-2213
-2212
-3005
-4149
-4655
-4404
-3539
-2505
-1645
-1094
-651
304
1368
2012
1809
1552
1441
1688
2222
3143
3509
2600
950
-73
44
453
587
271
-55
-326
-265
-3
511
1081
1556
1828
2164
2865
3537
3842
3667
3443
3279
3500
4033
4507
4457
4016
3666
3331
3073
2866
2929
2879
2840
2862
2948
2871
2623
2498
2327
2330
2543
3549
4325
3089
-1522
-6803
-8367
-5405
-1651
-364
-541
-1759
-4797
-9222
-10540
-7407
-3276
-2296
-3639
-4015
-2275
300
1143
-77
-2066
-2183
-752
1208
3015
4956
5674
3845
849
-721
394
2156
2666
975
-1072
-2033
-1920
-2395
-3599
-4428
-4796
-5317
-5900
-5292
-3980
-3013
-3164
-3718
-4023
-3275
-1514
257
1060
1080
1138
1173
1093
1138
1697
2318
2519
2135
1471
738
-142
-1480
-2985
-3689
-3194
-2480
-2463
-2981
-3488
-3964
-4227
-3747
-2621
-1603
-1054
-513
235
1170
2078
2829
2919
2487
2172
2621
3479
3912
3419
2269
1325
992
1079
1003
836
544
178
-253
-178
502
1296
1634
1531
1419
1594
2282
3105
3546
3239
2772
2628
2932
3374
3869
4177
3981
3341
2780
2742
2994
3216
3137
2882
2610
2601
2713
2749
2712
2749
2810
3040
3456
2895
-159
-4645
-6985
-5533
-2618
-1026
-867
-1701
-4100
-7564
-9172
-7346
-4152
-2756
-3422
-4050
-2940
-606
1003
673
-754
-1401
-791
480
1985
3857
5092
4583
2578
965
956
1992
2499
1503
-292
-1527
-1659
-1718
-2330
-3180
-3686
-4253
-5045
-5489
-5002
-3934
-3132
-3037
-3475
-3542
-2632
-1152
-224
-55
-93
-32
-68
42
710
1645
2087
1734
871
-140
-900
-1254
-1499
-1912
-2166
-1977
-1722
-1884
-2291
-2478
-2304
-1943
-1500
-976
-281
565
1307
1732
2075
2573
2926
2795
2554
2782
3263
3303
2663
1796
1227
1061
973
704
390
272
235
69
-3
357
951
1265
1282
1361
1633
1937
2159
2239
2131
1940
1900
2096
2449
2872
3166
3123
2808
2559
2511
2524
2542
2646
2769
2782
2783
2876
2913
2773
2641
2725
3028
3412
3280
1591
-1743
-4807
-5557
-4290
-2892
-2284
-2353
-3505
-6031
-8388
-8470
-6514
-4829
-4686
-5061
-4470
-2727
-861
47
-110
-502
-456
-65
660
2146
4100
5152
4540
3200
2517
2758
3147
2861
1726
333
-599
-1039
-1451
-1893
-2175
-2640
-3711
-4938
-5394
-4875
-3969
-3379
-3453
-3824
-3637
-2634
-1570
-1094
-963
-818
-799
-819
-330
720
1628
1838
1403
635
-24
-202
-60
-100
-304
-267
-155
-423
-864
-902
-564
-407
-633
-830
-565
178
982
1378
1381
1408
1592
1645
1508
1523
1752
1760
1320
743
452
504
545
191
-403
-656
-370
-20
51
112
387
661
718
796
1118
1520
1779
1811
1676
1485
1425
1601
1904
2250
2581
2755
2696
2520
2372
2231
2068
1993
2074
2267
2538
2791
2829
2566
2263
2266
2587
3013
3198
2479
304
-2664
-4639
-4615
-3468
-2542
-2259
-2663
-4040
-6015
-7119
-6470
-5075
-4417
-4534
-4342
-3199
-1486
7
754
802
586
467
645
1451
2966
4409
4828
4278
3637
3403
3345
3085
2418
1373
266
-511
-888
-1042
-1094
-1295
-2010
-3141
-3969
-4058
-3732
-3428
-3246
-3143
-2993
-2567
-1851
-1203
-902
-870
-954
-1023
-836
-238
543
1099
1280
1116
703
305
168
202
185
131
112
1
-170
-89
264
449
199
-189
-359
-236
106
542
850
896
798
722
638
517
419
302
74
-170
-236
-181
-212
-394
-603
-753
-790
-662
-397
-75
200
384
472
526
604
713
802
903
1007
973
806
742
955
1302
1600
1863
2126
2245
2129
1952
1962
2177
2433
2651
2923
3246
3364
3162
2990
3245
3733
3979
3878
3363
1931
-516
-2813
-3660
-3210
-2573
-2285
-2359
-3123
-4671
-6091
-6385
-5774
-5215
-5032
-4776
-4032
-2793
-1315
9
827
1047
842
602
864
1855
3120
3978
4249
4172
3934
3585
3224
2818
2121
1099
91
-553
-792
-806
-865
-1219
-1926
-2774
-3441
-3741
-3722
-3593
-3507
-3353
-2960
-2400
-1886
-1483
-1157
-1053
-1262
-1474
-1295
-761
-225
208
623
889
785
445
260
309
303
114
-10
135
410
607
738
845
776
440
56
-21
226
491
579
580
623
629
459
180
-48
-183
-355
-608
-773
-773
-736
-842
-1020
-1065
-943
-806
-727
-636
-501
-331
-115
171
467
703
802
737
566
443
527
755
934
1090
1417
1837
2057
1945
1751
1715
1796
1940
2192
2580
2923
2987
2819
2705
2854
3183
3453
3510
3311
2636
1233
-618
-2124
-2743
-2615
-2189
-1817
-1871
-2671
-3913
-4771
-4799
-4374
-4018
-3795
-3451
-2765
-1688
-369
791
1401
1412
1159
1129
1631
2617
3637
4215
4300
4152
3963
3731
3372
2839
2142
1343
571
-18
-330
-467
-680
-1159
-1831
-2479
-2973
-3314
-3515
-3546
-3442
-3289
-3093
-2798
-2381
-1952
-1703
-1748
-1999
-2236
-2279
-2021
-1435
-686
-127
17
-92
-165
-155
-187
-241
-150
77
281
428
632
884
955
708
342
136
143
230
310
360
364
288
89
-148
-281
-292
-308
-465
-693
-821
-788
-678
-572
-484
-432
-362
-164
158
508
771
834
713
629
786
1105
1303
1285
1232
1255
1285
1353
1535
1775
1954
2042
2067
2048
2079
2259
2548
2807
3037
3310
3539
3579
3493
3469
3483
3319
2708
1436
-339
-1897
-2541
-2365
-2033
-2026
-2421
-3200
-4251
-5111
-5303
-4896
-4389
-4091
-3859
-3385
-2478
-1302
-281
307
600
863
1184
1625
2319
3312
4281
4783
4714
4341
4007
3809
3571
3079
2353
1547
779
106
-377
-668
-950
-1411
-2104
-2861
-3405
-3557
-3402
-3292
-3410
-3568
-3486
-3128
-2662
-2272
-2150
-2385
-2759
-2811
-2310
-1462
-657
-188
-122
-318
-521
-503
-240
74
222
176
116
191
292
277
147
-26
-262
-519
-645
-595
-511
-517
-605
-716
-849
-966
-1004
-958
-847
-767
-789
-868
-851
-663
-428
-236
-15
281
559
728
817
922
1115
1367
1583
1704
1835
2086
2320
2320
2154
2077
2148
2253
2377
2568
2759
2830
2835
2889
2991
3074
3127
3143
3091
3046
3154
3410
3620
3441
2493
793
-951
-1896
-1986
-1812
-1783
-1920
-2335
-3138
-3975
-4253
-3956
-3689
-3860
-4277
-4400
-3812
-2570
-1192
-196
349
560
509
407
691
1539
2566
3287
3650
3899
4156
4266
3999
3262
2252
1318
616
114
-222
-450
-732
-1265
-2020
-2825
-3506
-3934
-4107
-4176
-4247
-4210
-3934
-3499
-3076
-2694
-2385
-2292
-2437
-2576
-2362
-1668
-722
47
372
404
469
591
570
352
162
151
235
301
380
516
592
380
-167
-771
-1059
-1002
-877
-781
-555
-164
125
98
-152
-368
-454
-392
-143
292
768
1026
926
660
582
806
1091
1209
1249
1445
1823
2184
2392
2515
2614
2684
2729
2846
3172
3607
3933
4017
3914
3816
3819
3916
4041
4134
4179
4130
3887
3396
2779
2284
2029
1725
813
-965
-3035
-4333
-4432
-3875
-3433
-3388
-3799
-4744
-5854
-6285
-5615
-4428
-3605
-3306
-2965
-2100
-874
122
586
732
871
1057
1343
2038
3252
4415
4820
4350
3487
2757
2347
2092
1670
961
138
-622
-1286
-1871
-2377
-2907
-3625
-4475
-5181
-5455
-5204
-4608
-4098
-3986
-4082
-3966
-3520
-3031
-2723
-2509
-2240
-1854
-1340
-729
-18
655
1031
900
449
114
109
260
339
359
429
500
412
99
-327
-708
-989
-1194
-1247
-1023
-568
-148
6
-34
-81
-71
-59
1
274
766
1193
1320
1264
1323
1522
1642
1605
1578
1730
2009
2266
2439
2564
2731
2949
3139
3303
3546
3867
4095
4196
4333
4565
4706
4668
4600
4609
4609
4526
4341
3982
3391
2764
2439
2402
2045
526
-2211
-4984
-6243
-5689
-4409
-3581
-3696
-4788
-6564
-8006
-7933
-6352
-4544
-3642
-3516
-3180
-2006
-352
882
1241
1052
864
949
1505
2656
4095
5021
4917
4046
2992
2192
1740
1441
973
228
-599
-1322
-1951
-2529
-3091
-3782
-4703
-5657
-6192
-5988
-5145
-4129
-3464
-3306
-3314
-3128
-2736
-2279
-1814
-1365
-1012
-678
-78
866
1813
2254
1985
1310
761
642
808
953
968
887
658
204
-331
-698
-858
-999
-1266
-1547
-1575
-1296
-965
-831
-811
-623
-286
-75
-79
-35
296
786
1124
1252
1426
1853
2380
2661
2646
2680
2944
3175
3140
3087
3430
4141
4822
5254
5523
5701
5675
5425
5212
5362
5909
6466
6625
6369
5976
5611
5149
4555
4036
3673
3030
1250
-1908
-5306
-6994
-6230
-4372
-3355
-3878
-5483
-7689
-9758
-10294
-8449
-5417
-3409
-3159
-3362
-2624
-1127
-7
255
230
577
1312
2196
3322
4689
5610
5218
3621
1875
932
848
961
604
-378
-1585
-2639
-3570
-4527
-5447
-6237
-6942
-7532
-7640
-6943
-5680
-4543
-4176
-4559
-4960
-4647
-3603
-2476
-1698
-1140
-598
-169
124
540
1212
1754
1750
1323
1050
1210
1435
1273
760
341
151
-26
-308
-474
-467
-659
-1308
-2040
-2286
-2014
-1668
-1510
-1345
-1042
-752
-677
-683
-571
-330
-88
198
760
1647
2529
2956
2854
2562
2489
2684
3077
3652
4399
5105
5612
5990
6365
6667
6737
6652
6657
7007
7710
8436
8670
8261
7504
6810
6257
5820
5541
5236
4242
1746
-2083
-5638
-6823
-5355
-3131
-2273
-3269
-5542
-8416
-10640
-10427
-7418
-3902
-2372
-2821
-3235
-2470
-1122
-267
-31
205
862
1883
3123
4523
5513
5222
3467
1393
294
503
1316
1768
1145
-605
-2793
-4646
-5764
-6178
-6026
-5823
-6046
-6627
-6963
-6715
-6128
-5672
-5602
-5692
-5452
-4523
-3253
-2215
-1777
-1893
-2375
-2719
-2281
-898
806
1912
2039
1463
875
604
569
494
521
833
1303
1549
1436
1061
412
-493
-1399
-1775
-1422
-637
-42
74
-135
-350
-533
-756
-931
-782
-159
766
1527
1650
1151
591
542
1043
1830
2681
3345
3528
3322
3223
3687
4614
5694
6601
7224
7555
7802
8042
8339
8664
8979
9070
8827
8417
7983
7543
6766
5116
1722
-2741
-5802
-5109
-1965
167
-753
-3796
-7345
-10206
-10758
-7932
-3154
-164
-645
-2787
-3336
-1780
229
1048
1203
1745
2867
3929
4638
5092
4738
3177
911
-312
199
1770
2503
1476
-1057
-3727
-5570
-6350
-6254
-5634
-4988
-5080
-5855
-6760
-6940
-6441
-5637
-5219
-5224
-5308
-4920
-4158
-3568
-3481
-3834
-4207
-4326
-3880
-2969
-1766
-794
-390
-740
-1361
-1638
-1350
-811
-293
224
614
706
395
-21
-377
-543
-587
-508
-376
-197
-66
-96
-249
-435
-527
-567
-437
-149
275
655
881
704
122
-416
-244
769
1969
2723
2822
2534
2067
1882
2406
3851
5624
6833
6966
6559
6576
7385
8449
8931
8719
8120
7682
7517
7809
8163
7557
4447
-927
-5557
-5948
-2267
1420
1677
-1450
-5658
-9162
-10157
-7550
-2423
1319
1204
-1384
-2821
-1652
672
2130
2280
2219
2784
4086
5367
5984
5067
2759
160
-813
355
2560
3830
2929
-24
-3536
-5621
-5551
-4056
-2749
-2443
-3265
-4367
-4997
-4782
-4231
-3740
-3496
-3432
-3269
-2695
-1915
-2009
-3379
-5113
-5702
-4975
-3663
-2604
-2029
-2070
-2627
-3312
-3583
-3218
-2522
-1799
-1000
169
1283
1464
279
-1363
-2190
-1607
-134
1266
1827
1328
26
-1504
-2458
-2192
-860
506
996
652
128
-411
-1124
-1776
-1536
-271
1211
1847
1601
964
430
151
503
1686
3442
5082
5998
6195
6004
6044
6441
7267
8021
8529
8534
8410
8184
7991
7606
6335
2848
-2542
-6197
-4687
599
3931
2325
-2813
-8103
-11575
-10945
-5554
1614
4935
2538
-2004
-4003
-2411
277
2094
2980
4093
5059
5244
4366
3126
1296
-790
-1847
-443
2546
4552
3724
209
-3831
-6152
-5621
-3305
-692
812
693
-1001
-3006
-4016
-3723
-2859
-2146
-1664
-1286
-910
-1073
-2222
-4211
-5888
-6347
-5464
-3871
-2327
-1488
-1717
-2836
-4214
-4819
-4045
-2149
-213
1017
1421
1110
39
-1516
-2675
-2536
-1009
768
1470
676
-918
-2615
-3946
-4387
-3435
-1509
218
886
462
-605
-1856
-2679
-2485
-1020
1085
2697
2837
1562
-160
-1039
-506
1057
2808
4273
5266
5575
5131
4580
4788
5747
6731
7085
7177
7404
7675
7285
6218
4690
2181
-1968
-5808
-5710
-1286
2870
2398
-1934
-6669
-9426
-9287
-5411
771
5199
4784
1323
-882
74
2270
3501
3997
5024
6501
7002
5988
3855
1215
-1225
-1947
-195
2701
4051
2491
-1080
-4527
-5980
-5000
-2684
-687
183
2
-769
-1860
-2903
-3548
-3579
-3072
-2181
-1228
-774
-1448
-3359
-5656
-7051
-6714
-4943
-2804
-1419
-1168
-1650
-2122
-2253
-1964
-1164
286
1988
3259
3538
2813
1331
-344
-1465
-1441
-363
877
1214
123
-1747
-3441
-4234
-4066
-3057
-1871
-1109
-1036
-1194
-1555
-2177
-2651
-2201
-840
370
610
-58
-848
-1180
-635
618
2201
3390
3859
3647
3386
3524
4224
5262
6284
6750
6529
6124
6041
5970
5447
4387
2511
-815
-4518
-5481
-2303
1799
2183
-1646
-6329
-8773
-8323
-5053
-190
3493
3224
212
-1720
-319
2329
3450
2881
2838
4378
6131
6239
4332
1781
12
217
2116
4488
5132
3439
390
-1739
-1890
-420
1105
1684
1406
923
466
-393
-1521
-2582
-2967
-2719
-1734
-957
-1494
-4043
-7059
-8596
-7823
-5862
-4068
-3155
-3158
-3581
-3889
-3545
-2654
-1262
283
1859
2924
3183
2313
755
-745
-1255
-498
1043
2205
1924
200
-1922
-3131
-3024
-1961
-807
-75
87
-44
-519
-1418
-2365
-2475
-1542
-344
248
-26
-909
-1928
-2298
-1483
240
1837
2631
2592
2210
1920
2153
3139
4677
5925
6072
5342
4745
4781
4834
4371
3092
533
-3234
-5552
-3698
805
2604
-633
-5754
-8645
-8548
-6327
-2460
1348
2126
-613
-3126
-2238
622
1659
481
114
2515
5637
6473
4446
1528
-336
-256
1754
4642
6475
5729
3010
419
-257
819
2153
2608
2541
2701
2832
2038
280
-1439
-2318
-2067
-878
414
309
-1789
-4762
-6739
-6797
-5286
-3296
-2052
-2013
-2678
-3180
-3197
-2648
-1508
198
1877
2810
2586
1470
92
-887
-1106
-573
372
1090
985
-114
-1655
-2791
-2967
-2339
-1312
-307
359
256
-675
-1840
-2260
-1567
-280
665
769
44
-1071
-1826
-1569
-384
895
1709
2165
2440
2240
1614
1309
2072
3534
4712
5061
4831
4384
3786
3207
2761
1821
-684
-3855
-4626
-1637
1718
1201
-2837
-6542
-7737
-6849
-4244
-652
1367
-163
-3003
-3321
-958
607
-246
-1220
215
3049
4408
3157
574
-1361
-1377
754
3639
5170
4236
1880
47
-96
971
1929
2091
1974
2290
2716
2228
285
-2170
-3336
-2321
-300
901
541
-1113
-3447
-5140
-4764
-2697
-822
-114
-23
-91
-392
-639
-227
812
1993
2975
3514
3290
2213
795
-88
53
805
1283
1079
446
-375
-1370
-2234
-2415
-1831
-1038
-663
-980
-1795
-2467
-2367
-1549
-707
-428
-710
-1153
-1370
-1226
-796
-240
345
937
1587
2138
2199
1637
1097
1329
2320
3326
3805
3701
3289
2852
2552
1974
243
-2706
-4867
-3808
-348
1441
-624
-4230
-6319
-6597
-5589
-2992
24
605
-1506
-2924
-1663
43
-200
-1262
-616
1758
3659
3547
1742
-456
-1599
-689
1774
3819
3974
2689
1381
708
508
544
752
1135
1784
2598
2762
1145
-1976
-4303
-3884
-1670
-179
-324
-1382
-2923
-4562
-5044
-3891
-2367
-1487
-766
201
747
435
-41
167
1201
2692
4111
4813
4389
3141
1985
1699
2218
2849
3074
2873
2328
1501
604
20
-68
90
116
-129
-538
-978
-1236
-1170
-1027
-1210
-1541
-1498
-1030
-624
-591
-715
-546
139
1056
1632
1568
1126
907
1272
1983
2445
2341
1938
1680
1658
1710
1426
73
-2457
-4365
-3802
-1790
-1211
-2649
-4175
-4787
-5268
-5414
-4212
-2457
-2087
-2786
-2568
-1438
-1302
-2223
-2069
-196
1494
1698
1154
613
-36
-416
428
2076
2808
2178
1637
2034
2313
1665
960
1248
2122
2625
2419
1573
168
-1235
-1787
-1386
-826
-814
-1433
-2338
-3095
-3506
-3704
-3672
-3057
-1828
-630
-167
-490
-949
-755
306
1666
2622
3055
3339
3585
3540
3201
2894
2917
3339
4055
4547
4171
3112
2325
2173
2161
1905
1514
1231
1212
1242
866
40
-838
-1279
-1053
-413
35
-87
-560
-746
-301
382
711
776
955
1220
1357
1341
1316
1316
1258
1180
1231
952
-500
-2983
-4593
-3780
-1833
-1569
-3254
-4727
-5185
-5526
-5414
-3918
-2379
-2769
-3984
-3566
-2278
-2604
-3907
-3487
-1443
-238
-536
-881
-890
-1432
-2184
-1770
-324
551
447
489
1077
1272
705
256
585
1221
1564
1540
1202
503
-172
-313
-114
-206
-678
-1043
-983
-785
-986
-1500
-1708
-1247
-421
188
219
-54
97
1039
2141
2444
1952
1732
2409
3279
3508
3249
3017
2988
3235
3710
3941
3620
3112
2894
2862
2730
2479
2305
2373
2521
2380
1912
1415
1050
847
812
1001
1266
1260
937
755
942
1162
1224
1318
1477
1482
1339
1236
1253
1153
954
918
853
-195
-2369
-4031
-3539
-1922
-1667
-3019
-4114
-4438
-4993
-5245
-4004
-2465
-2705
-3722
-3285
-2211
-2731
-3981
-3609
-2024
-1283
-1316
-969
-842
-1938
-3224
-3015
-1730
-881
-809
-771
-612
-758
-1202
-1456
-1378
-1205
-986
-679
-555
-945
-1550
-1801
-1752
-1913
-2171
-1970
-1390
-1178
-1438
-1582
-1455
-1390
-1226
-640
-50
116
433
1444
2409
2427
2000
2183
2899
3468
3854
4271
4421
4180
4044
4240
4333
4070
3869
3937
3884
3472
3017
2780
2664
2473
2267
2245
2350
2301
2059
1908
1949
2043
2137
2285
2431
2457
2448
2617
2847
2753
2333
2013
1924
1692
1221
877
772
304
-885
-2078
-2465
-2508
-2939
-3469
-3625
-3927
-4743
-5112
-4448
-3880
-4323
-4647
-3910
-3239
-3554
-3730
-2933
-2322
-2587
-2459
-1315
-541
-972
-1440
-1177
-978
-1199
-1042
-348
-90
-527
-908
-968
-1212
-1706
-1928
-1785
-1731
-1908
-2041
-2086
-2281
-2595
-2691
-2494
-2244
-2046
-1758
-1453
-1364
-1388
-1152
-715
-512
-539
-346
142
529
718
991
1338
1468
1491
1828
2429
2796
2823
2858
3025
3102
3070
3164
3431
3670
3716
3612
3464
3341
3285
3279
3287
3299
3282
3168
2987
2830
2696
2524
2351
2267
2222
2143
2133
2265
2354
2231
2052
2020
1997
1825
1666
1641
1473
917
252
-134
-380
-789
-1310
-1772
-2270
-2890
-3373
-3504
-3499
-3650
-3904
-4104
-4280
-4413
-4355
-4084
-3792
-3546
-3261
-2968
-2758
-2529
-2114
-1581
-1166
-902
-650
-426
-300
-239
-145
-63
-90
-199
-302
-414
-616
-871
-1082
-1213
-1317
-1408
-1427
-1378
-1374
-1496
-1694
-1824
-1849
-1832
-1774
-1624
-1431
-1364
-1444
-1439
-1186
-831
-504
-118
355
722
928
1198
1595
1898
2061
2340
2787
3091
3138
3179
3318
3395
3395
3533
3822
3957
3821
3619
3516
3456
3393
3396
3473
3508
3387
3156
2926
2706
2473
2284
2169
2046
1801
1420
983
486
-76
-560
-827
-943
-1112
-1410
-1801
-2244
-2645
-2819
-2730
-2588
-2559
-2601
-2637
-2718
-2847
-2900
-2835
-2740
-2618
-2389
-2140
-2021
-2022
-1984
-1883
-1771
-1582
-1222
-768
-425
-280
-293
-430
-612
-693
-622
-511
-490
-593
-782
-1034
-1320
-1541
-1598
-1540
-1508
-1553
-1607
-1641
-1706
-1756
-1705
-1591
-1536
-1520
-1400
-1169
-957
-810
-638
-419
-178
137
560
977
1268
1470
1675
1891
2110
2396
2744
3019
3159
3247
3341
3399
3449
3586
3791
3917
3907
3861
3824
3734
3600
3501
3448
3337
3156
2982
2807
2553
2234
1936
1658
1305
880
468
68
-379
-833
-1213
-1561
-1962
-2382
-2736
-2999
-3181
-3227
-3124
-2977
-2885
-2826
-2755
-2681
-2594
-2425
-2152
-1855
-1597
-1390
-1238
-1174
-1168
-1143
-1055
-915
-728
-495
-274
-166
-206
-340
-525
-695
-769
-707
-577
-516
-569
-705
-900
-1102
-1214
-1178
-1058
-950
-887
-865
-905
-993
-1065
-1072
-1034
-953
-785
-549
-338
-189
-58
81
226
418
703
1035
1323
1518
1638
1680
1644
1628
1692
1824
1958
2052
2102
2100
2066
2053
2114
2223
2363
2514
2608
2603
2520
2441
2375
2301
2220
2137
1999
1770
1494
1203
866
476
97
-239
-566
-912
-1234
-1535
-1890
-2287
-2632
-2870
-3046
-3145
-3112
-3003
-2910
-2852
-2761
-2632
-2500
-2331
-2070
-1754
-1461
-1183
-904
-684
-559
-489
-394
-267
-145
3
169
280
265
154
11
-163
-336
-436
-434
-383
-355
-348
-349
-377
-435
-472
-428
-294
-102
113
320
467
528
546
566
611
708
863
1086
1307
1451
1503
1525
1558
1640
1758
1865
1961
2010
2042
2042
1997
1899
1772
1668
1571
1507
1425
1333
1254
1196
1165
1117
1077
1060
1114
1200
1245
1247
1179
1094
1037
995
934
796
574
302
31
-260
-595
-935
-1260
-1518
-1725
-1953
-2214
-2514
-2805
-3035
-3160
-3190
-3185
-3155
-3153
-3174
-3184
-3188
-3126
-2971
-2772
-2575
-2415
-2287
-2141
-1965
-1765
-1549
-1344
-1190
-1068
-976
-893
-801
-726
-686
-689
-732
-798
-831
-800
-750
-720
-722
-744
-717
-622
-480
-343
-240
-150
13
308
712
1150
1547
1888
2187
2498
2849
3243
3636
3991
4266
4447
4532
4585
4642
4714
4764
4726
4632
4498
4369
4224
4054
3827
3564
3315
3084
2860
2563
2228
1904
1652
1452
1222
946
637
355
100
-130
-370
-652
-940
-1204
-1418
-1613
-1834
-2084
-2305
-2497
-2684
-2876
-3027
-3091
-3075
-3057
-3116
-3222
-3361
-3464
-3462
-3357
-3249
-3219
-3253
-3314
-3336
-3328
-3296
-3196
-3054
-2943
-2870
-2824
-2792
-2758
-2717
-2619
-2442
-2254
-2124
-2042
-2012
-2021
-2010
-1914
-1709
-1459
-1260
-1131
-1019
-881
-724
-534
-330
-154
11
200
435
679
881
1043
1246
1555
1957
2413
2865
3255
3571
3848
4139
4462
4788
5078
5297
5417
5418
5358
5311
5299
5266
5153
4957
4708
4447
4176
3907
3601
3258
2896
2554
2235
1887
1522
1157
843
559
274
-28
-342
-651
-973
-1265
-1550
-1832
-2093
-2327
-2521
-2720
-2930
-3123
-3239
-3271
-3266
-3230
-3150
-3032
-2885
-2748
-2628
-2525
-2444
-2352
-2221
-2072
-1967
-1951
-2001
-2081
-2151
-2199
-2217
-2178
-2144
-2160
-2227
-2322
-2401
-2450
-2461
-2418
-2327
-2231
-2149
-2082
-2056
-2051
-2011
-1873
-1613
-1301
-1005
-757
-539
-303
-42
284
631
985
1329
1659
1987
2273
2517
2722
2920
3146
3384
3633
3845
3991
4068
4085
4083
4087
4102
4114
4111
4061
3946
3787
3612
3441
3273
3113
2937
2732
2497
2221
1915
1583
1219
849
500
167
-159
-493
-852
-1219
-1558
-1839
-2051
-2216
-2350
-2471
-2583
-2687
-2769
-2812
-2811
-2781
-2742
-2710
-2689
-2670
-2663
-2655
-2628
-2565
-2465
-2346
-2224
-2111
-2002
-1899
-1791
-1658
-1502
-1322
-1150
-1003
-891
-820
-778
-753
-719
-665
-601
-542
-518
-512
-506
-488
-436
-354
-244
-115
23
148
260
358
467
597
750
923
1087
1230
1343
1440
1544
1665
1817
1996
2191
2383
2555
2698
2800
2883
2985
3102
3247
3375
3446
3451
3373
3237
3063
2878
2703
2526
2327
2089
1794
1438
1043
635
255
-77
-370
-643
-924
-1236
-1567
-1894
-2191
-2441
-2634
-2769
-2880
-2977
-3078
-3190
-3281
-3324
-3299
-3213
-3078
-2927
-2778
-2639
-2507
-2364
-2207
-2013
-1790
-1560
-1347
-1184
-1059
-984
-932
-871
-808
-715
-636
-579
-553
-564
-583
-599
-570
-508
-412
-299
-186
-75
16
115
219
350
508
682
872
1046
1202
1327
1438
1557
1687
1835
1985
2133
2260
2370
2461
2537
2611
2681
2754
2810
2849
2856
2830
2786
2724
2652
2572
2470
2348
2194
2013
1816
1614
1429
1251
1074
887
699
492
270
43
-173
-360
-520
-672
-844
-1034
-1252
-1479
-1698
-1885
-2043
-2187
-2314
-2448
-2585
-2725
-2853
-2957
-3027
-3055
-3056
-3034
-3008
-2990
-2982
-2964
-2917
-2841
-2725
-2606
-2482
-2365
-2263
-2165
-2065
-1939
-1786
-1605
-1406
-1209
-1027
-860
-696
-519
-309
-67
196
464
712
943
1150
1348
1556
1790
2049
2304
2543
2737
2886
3011
3123
3246
3382
3510
3610
3664
3671
3629
3561
3483
3400
3313
3203
3061
2886
2675
2437
2185
1930
1693
1466
1236
998
742
477
216
-45
-283
-500
-700
-889
-1080
-1271
-1458
-1638
-1796
-1925
-2019
-2088
-2142
-2188
-2231
-2272
-2298
-2296
-2275
-2232
-2172
-2121
-2072
-2038
-2017
-1996
-1969
-1935
-1895
-1866
-1852
-1854
-1871
-1892
-1912
-1919
-1918
-1909
-1900
-1885
-1859
-1817
-1750
-1658
-1541
-1404
-1244
-1066
-868
-637
-387
-124
152
418
691
964
1236
1514
1793
2064
2317
2549
2753
2937
3106
3262
3401
3515
3603
3658
3668
3639
3583
3496
3387
3255
3097
2913
2697
2447
2179
1892
1600
1305
1010
723
439
165
-109
-383
-641
-876
-1086
-1267
-1418
-1545
-1662
-1762
-1861
-1949
-2016
-2055
-2068
-2060
-2037
-2009
-1987
-1970
-1949
-1919
-1868
-1793
-1713
-1639
-1572
-1523
-1483
-1443
-1402
-1342
-1280
-1225
-1174
-1125
-1082
-1038
-983
-921
-845
-765
-671
-571
-467
-354
-244
-132
-13
104
233
369
507
651
783
915
1038
1158
1275
1402
1534
1663
1786
1894
1982
2050
2105
2152
2196
2229
2242
2229
2189
2117
2029
1930
1819
1703
1571
1423
1262
1102
931
747
570
392
221
55
-111
-273
-425
-579
-727
-869
-1009
-1134
-1251
-1366
-1466
-1559
-1639
-1707
-1774
-1829
-1873
-1901
-1914
-1921
-1912
-1892
-1865
-1829
-1788
-1739
-1677
-1608
-1537
-1453
-1365
-1272
-1180
-1080
-980
-873
-759
-641
-515
-394
-274
-158
-39
75
193
304
422
540
648
746
830
909
981
1057
1127
1194
1263
1318
1363
1394
1416
1436
1454
1477
1503
1517
1526
1524
1510
1493
1469
1451
1434
1417
1384
1347
1302
1242
1176
1108
1031
957
875
783
688
579
463
339
220
98
-23
-147
-276
-396
-519
-638
-751
-858
-954
-1046
-1131
-1211
-1283
-1340
-1388
-1426
-1456
-1474
-1488
-1496
-1500
-1497
-1486
-1471
-1441
-1409
-1379
-1335
-1300
-1259
-1206
-1151
-1092
-1030
-959
-893
-819
-745
-669
-585
-493
-412
-331
-245
-161
-72
14
92
167
235
301
362
419
467
513
556
591
628
650
668
681
691
703
717
731
746
760
774
785
800
819
838
867
895
925
949
971
997
1020
1039
1059
1063
1071
1075
1065
1044
1019
986
940
887
825
756
679
597
506
412
314
219
123
25
-71
-164
-248
-327
-405
-473
-539
-595
-643
-686
-714
-734
-748
-755
-755
-755
-744
-735
-714
-687
-662
-625
-598
-569
-541
-507
-472
-436
-408
-376
-350
-329
-306
-293
-272
-254
-245
-242
-239
-243
-252
-269
-287
-303
-324
-347
-371
-402
-429
-458
-485
-513
-539
-552
-563
-572
-576
-578
-569
-551
-524
-489
-447
-403
-352
-292
-230
-160
-85
-5
79
158
237
319
400
476
552
620
687
748
803
851
899
936
968
989
1011
1027
1030
1026
1017
1012
1000
985
958
932
899
856
817
772
731
687
637
589
542
488
430
373
320
268
218
169
122
77
30
-18
-61
-100
-132
-164
-196
-225
-256
-283
-318
-349
-377
-404
-437
-469
-502
-542
-583
-623
-665
-705
-744
-782
-818
-853
-889
-918
-943
-961
-974
-986
-986
-986
-972
-958
-935
-905
-872
-825
-782
-729
-677
-622
-564
-497
-438
-378
-317
-258
-189
-130
-77
-16
42
94
148
205
259
313
371
427
482
535
590
649
707
768
826
878
929
982
1030
1069
1106
1139
1167
1181
1186
1183
1175
1155
1125
1089
1036
976
909
836
754
667
568
470
367
262
153
48
-54
-153
-250
-344
-431
-511
-588
-653
-714
-762
-809
-842
-864
-883
-892
-896
-888
-878
-864
-844
-816
-784
-753
-722
-682
-639
-603
-571
-537
-501
-470
-440
-416
-388
-365
-350
-336
-324
-310
-301
-293
-286
-280
-264
-254
-237
-217
-196
-175
-142
-101
-64
-17
33
94
152
219
283
348
423
491
558
627
690
751
808
853
898
928
960
981
994
1000
992
978
959
929
897
856
807
757
700
638
571
507
445
374
305
233
165
100
35
-31
-101
-157
-213
-261
-309
-359
-403
-450
-481
-514
-549
-572
-599
-608
-624
-639
-646
-651
-649
-647
-644
-639
-633
-625
-615
-604
-591
-578
-562
-546
-531
-511
-494
-474
-456
-440
-421
-398
-379
-353
-328
-305
-276
-242
-206
-165
-125
-84
-36
7
54
105
158
213
263
313
368
419
465
509
554
590
625
655
681
700
714
716
716
717
706
691
665
641
610
574
534
487
450
403
352
307
254
206
156
106
62
13
-27
-68
-107
-130
-164
-186
-201
-222
-232
-247
-256
-263
-265
-269
-276
-277
-278
-279
-278
-277
-281
-281
-288
-298
-308
-320
-338
-353
-372
-398
-414
-438
-456
-472
-487
-498
-512
-520
-524
-520
-521
-512
-498
-483
-452
-417
-376
-325
-276
-218
-155
-90
-28
38
108
177
244
312
378
435
493
541
589
631
655
687
706
713
716
709
699
682
662
629
599
561
518
482
435
388
348
302
260
218
176
137
102
65
32
3
-21
-40
-63
-77
-94
-100
-111
-120
-130
-138
-144
-156
-160
-166
-175
-181
-185
-193
-197
-208
-214
-225
-241
-254
-264
-274
-290
-302
-315
-324
-332
-341
-346
-347
-348
-345
-346
-342
-336
-330
-319
-307
-285
-265
-239
-212
-180
-151
-125
-93
-62
-32
-2
32
63
98
118
145
168
194
215
228
246
257
266
275
281
286
282
278
276
273
264
250
243
227
210
193
171
156
146
129
108
88
74
58
36
19
5
-10
-27
-39
-55
-65
-75
-82
-87
-94
-101
-104
-105
-111
-110
-113
-111
-103
-101
-100
-91
-86
-80
-71
-71
-67
-56
-53
-48
-34
-29
-24
-13
-5
2
15
24
26
34
41
51
61
65
70
76
84
90
96
103
105
115
117
115
119
118
122
124
118
116
114
104
97
91
78
68
64
51
38
26
8
-5
-13
-30
-45
-52
-70
-82
-93
-109
-119
-123
-134
-143
-151
-160
-164
-166
-174
-174
-177
-180
-172
-170
-171
-169
-165
-163
-160
-149
-140
-131
-122
-117
-108
-102
-93
-79
-71
-58
-42
-33
-20
-8
5
15
31
48
58
74
83
96
108
117
127
136
145
152
165
168
173
180
184
186
185
187
187
184
185
176
171
167
158
150
143
135
127
118
109
94
89
77
64
55
47
44
34
27
16
7
0
-8
-18
-25
-26
-33
-41
-49
-56
-62
-68
-77
-84
-89
-96
-102
-110
-120
-128
-133
-145
-146
-152
-159
-165
-167
-173
-178
-179
-188
-182
-181
-178
-176
-175
-169
-167
-156
-148
-135
-121
-110
-91
-76
-66
-47
-32
-12
11
27
39
58
77
97
115
132
149
158
174
184
191
202
209
213
216
211
209
206
200
200
195
187
184
172
161
146
133
121
102
94
75
62
51
38
25
9
-1
-12
-23
-40
-51
-62
-69
-71
-77
-83
-87
-90
-95
-96
-103
-102
-102
-103
-100
-102
-94
-93
-91
-88
-95
-92
-93
-92
-93
-93
-95
-95
-99
-100
-101
-107
-102
-100
-96
-93
-86
-84
-84
-74
-71
-59
-47
-35
-21
-5
8
17
26
38
53
68
80
98
112
121
129
131
130
136
142
145
149
150
144
137
131
119
109
98
93
89
83
70
58
50
33
17
6
-4
-7
-9
-18
-27
-33
-38
-46
-56
-64
-69
-69
-71
-68
-63
-60
-58
-59
-62
-61
-61
-62
-62
-58
-52
-47
-40
-35
-31
-39
-40
-42
-45
-43
-45
-39
-40
-38
-43
-47
-50
-55
-53
-57
-48
-46
-44
-37
-39
-40
-34
-35
-26
-18
-7
9
11
17
21
26
26
30
40
55
65
68
72
75
77
77
75
79
82
86
91
89
82
80
76
70
67
67
64
61
56
53
45
31
26
20
21
17
17
13
5
0
-10
-15
-22
-27
-28
-33
-35
-32
-31
-29
-31
-36
-40
-45
-45
-44
-41
-44
-41
-34
-32
-28
-31
-35
-34
-36
-34
-33
-34
-30
-26
-25
-29
-36
-39
-34
-33
-29
-24
-24
-23
-22
-26
-30
-31
-29
-21
-17
-15
-10
-8
-7
-10
-11
-4
2
6
9
13
14
14
16
20
22
27
28
31
34
34
31
31
30
31
38
40
41
37
35
34
31
26
24
24
22
23
27
29
26
18
17
14
9
5
3
-1
2
2
6
4
-2
1
-4
-3
-7
-5
-3
-8
-8
-6
-4
-3
-6
-3
-3
-8
-4
-4
-4
-4
-5
0
-7
-6
-4
-11
-8
-9
-7
-4
-5
-4
-6
-10
-13
-14
-13
-14
-12
-9
-13
-11
-14
-14
-10
-10
-11
-12
-12
-11
-7
-8
-9
-6
-3
-7
-4
-2
-3
-2
0
-3
1
3
-1
2
3
2
3
0
3
4
3
5
5
7
6
7
5
2
4
0
3
4
-3
3
1
-1
1
-2
4
-1
1
5
0
0
-1
-1
-2
-4
3
-1
-2
1
1
4
-1
2
3
0
1
0
4
3
3
7
1
2
1
2
4
-2
0
2
-2
4
-2
2
0
-4
3
-4
0
1
-1
3
-3
-1
2
-4
1
0
1
-1
-3
-1
-3
-1
-2
-1
1
-1
1
0
0
5
0
0
-1
3
6
1
1
-3
3
1
0
-2
-3
2
-4
-3
1
3
1
-7
-3
-1
0
1
0
-1
0
1
0
-1
-1
-3
0
0
-2
2
2
1
-2
1
0
-3
-3
-2
1
-3
-3
0
0
0
2
0
0
0
0
3
-2
-1
2
4
0
0
0
2
2
4
4
2
3
-1
1
-1
-1
0
-2
2
-1
0
3
-1
0
-2
-1
2
0
7
0
-2
2
2
2
-3
0
2
-3
-4
-2
-1
1
-3
-1
-6
-3
1
-2
0
-1
2
-1
-1
0
-4
0
-2
-3
-1
-2
-1
1
1
-1
-2
-2
2
2
0
2
-1
-1
0
2
0
1
1
0
3
0
-1
0
0
1
2
3
-1
0
-1
-1
-2
-1
-5
-2
1
1
0
-1
1
1
1
0
1
3
5
2
3
4
2
1
-2
-3
-3
-1
2
2
-1
-2
-1
1
-1
-1
-2
-3
-2
-1
1
1
-1
-1
-1
4
3
0
-1
-1
2
0
-2
0
-2
1
2
-1
-1
-2
-3
-1
0
3
1
1
0
1
0
