0
0
1
0
1
1
-1
-1
-3
-1
-1
0
1
0
1
1
1
0
-1
1
2
1
-1
0
2
1
0
0
1
-1
-1
0
0
-1
0
1
1
-1
-1
-1
1
0
1
1
-1
-1
0
-1
1
0
-1
0
2
0
-1
-1
0
2
0
0
1
0
0
1
0
-2
-1
0
2
0
-1
0
-1
1
0
0
0
1
0
-1
-1
-2
-1
-1
0
-1
0
0
-1
0
-2
0
0
1
0
-1
-1
-2
-1
0
0
2
0
0
1
0
-1
0
0
1
0
0
0
0
-1
-2
-1
-1
1
1
0
-1
0
0
1
1
-1
0
1
0
0
2
2
1
1
1
-1
-1
-1
-1
-1
0
0
0
0
0
0
0
0
0
1
-1
0
-2
1
2
1
-1
-1
0
1
1
0
0
1
1
1
0
0
1
0
0
1
0
-1
1
1
1
0
-1
-1
0
0
1
1
0
0
0
0
1
0
-1
0
-1
1
-1
0
0
0
0
0
0
0
0
0
0
1
1
0
0
0
0
-2
-1
-1
-1
-1
0
0
0
0
1
1
0
0
-1
0
0
1
-1
-1
1
0
0
-1
1
1
0
0
0
0
1
1
0
0
1
0
2
3
0
-2
-1
-1
-1
-2
1
1
1
1
0
0
0
-1
1
2
1
1
-1
0
0
1
1
0
0
-2
0
0
-1
0
-2
-1
0
1
1
1
0
2
1
0
0
1
1
0
-1
0
0
0
0
0
1
1
1
1
1
0
-1
-1
1
-1
-1
1
0
0
-1
0
1
0
-3
-1
-1
-1
1
2
1
1
1
0
-1
1
1
0
-1
1
0
1
1
0
0
-1
0
1
1
1
2
1
-1
-1
0
0
-1
-2
1
0
1
2
1
-2
-1
1
0
-1
0
-1
0
0
0
-1
-1
0
0
0
0
0
0
-1
1
1
0
0
0
1
1
0
0
0
0
0
0
-1
0
0
-1
0
1
0
0
0
1
0
0
0
-2
0
-1
1
1
0
1
-1
0
0
-1
-1
0
0
-1
-1
0
1
2
0
1
1
-1
0
-2
-1
0
0
1
0
1
1
-1
0
0
0
1
0
1
1
-1
0
1
1
1
-1
0
-1
0
1
0
0
1
2
2
1
-1
-1
-1
-3
-1
0
0
-1
-1
-1
-1
0
-1
2
0
-1
-1
-2
-1
-2
-1
0
0
-1
-1
0
0
-1
-1
-1
-1
-1
0
0
0
-1
-2
0
0
-1
-1
-2
-1
-3
0
0
1
0
-1
0
1
-1
0
-1
0
0
1
0
-1
-1
1
2
1
1
1
1
2
2
0
0
0
2
1
0
1
0
1
2
0
2
2
1
2
2
4
2
0
3
3
3
1
-1
-2
1
4
2
0
1
0
-1
0
0
0
-1
-1
0
0
-1
-3
-2
0
1
-2
-2
-1
0
1
-2
-1
-1
-2
-2
-2
-1
-1
-2
-2
-2
-1
-1
-3
-2
-1
-2
-1
-3
-4
-3
0
0
-3
-3
-2
-1
0
-2
-3
-1
-2
0
2
2
-1
-2
-1
1
2
0
-1
-1
1
1
2
1
0
1
2
2
1
2
3
2
4
4
1
1
3
2
1
3
1
3
1
1
3
2
1
2
2
5
3
0
2
0
1
2
2
0
-1
0
1
3
1
-1
-2
-1
1
0
-2
-1
-1
-2
0
-1
-2
-3
-3
-1
0
-4
-6
-6
-3
-4
-5
-7
-10
-7
-8
-8
-9
-10
-12
-10
-8
-8
-10
-12
-9
-7
-8
-7
-7
-7
-7
-5
-4
-6
-7
-3
-3
-4
-4
-3
-2
-1
-1
-1
-1
-2
-1
-2
-2
-3
-3
-3
-3
-1
1
2
1
4
2
2
1
1
4
7
8
9
10
10
10
11
14
16
18
17
18
18
19
18
16
17
19
19
17
15
12
11
8
8
8
8
5
4
5
4
3
2
0
1
3
2
1
3
3
4
5
4
6
6
5
4
4
5
5
3
5
6
9
8
5
4
3
2
1
1
1
1
2
2
4
2
2
1
2
6
9
13
14
13
13
14
16
18
20
24
26
27
29
28
26
26
26
27
28
28
24
21
19
22
21
19
21
21
21
21
16
15
15
14
13
12
14
15
16
18
23
28
33
35
39
48
51
52
55
58
62
64
63
59
59
63
67
63
60
59
55
48
34
24
15
5
-10
-23
-38
-55
-74
-93
-104
-118
-135
-152
-168
-181
-195
-207
-221
-232
-240
-244
-246
-248
-245
-238
-230
-225
-216
-196
-179
-166
-155
-138
-119
-105
-91
-78
-60
-46
-38
-29
-16
-3
7
13
22
30
35
35
35
43
53
62
65
70
77
86
91
96
111
130
149
160
172
189
201
211
222
244
266
280
284
290
299
307
306
303
303
304
303
295
286
276
261
248
239
227
209
184
158
134
111
76
36
7
-19
-44
-77
-118
-155
-190
-214
-239
-273
-311
-341
-363
-378
-393
-405
-420
-432
-442
-447
-442
-435
-427
-423
-423
-420
-407
-379
-355
-346
-343
-329
-301
-272
-254
-243
-225
-198
-160
-120
-97
-84
-71
-44
1
47
82
120
157
191
224
256
295
338
372
402
429
454
484
505
517
524
530
550
572
585
581
563
545
543
552
557
555
544
535
536
537
529
525
518
513
510
509
505
485
455
419
385
351
310
256
191
117
37
-46
-126
-206
-291
-385
-481
-565
-641
-710
-779
-860
-932
-997
-1048
-1097
-1155
-1214
-1265
-1284
-1271
-1248
-1236
-1244
-1237
-1204
-1144
-1070
-1012
-966
-921
-861
-781
-710
-645
-583
-513
-419
-324
-235
-159
-92
-21
52
135
217
298
386
460
537
604
662
737
808
877
918
950
990
1039
1091
1125
1141
1150
1155
1155
1154
1155
1170
1178
1169
1139
1110
1100
1109
1124
1117
1104
1100
1119
1155
1169
1162
1144
1149
1168
1170
1131
1045
947
863
762
627
461
286
128
-34
-218
-431
-643
-845
-1021
-1178
-1345
-1502
-1637
-1736
-1800
-1854
-1897
-1908
-1890
-1837
-1769
-1698
-1610
-1512
-1394
-1277
-1151
-1026
-897
-757
-629
-520
-444
-382
-322
-259
-203
-170
-161
-169
-183
-209
-257
-331
-403
-462
-504
-539
-601
-681
-750
-796
-818
-829
-847
-851
-843
-814
-775
-749
-716
-676
-592
-494
-385
-273
-164
-42
84
214
348
492
650
810
959
1089
1208
1320
1439
1539
1629
1703
1756
1797
1822
1835
1819
1786
1743
1708
1678
1643
1601
1540
1480
1450
1448
1450
1430
1399
1375
1370
1375
1365
1340
1290
1233
1195
1139
1030
867
675
482
304
164
20
-182
-443
-732
-957
-1134
-1292
-1446
-1627
-1800
-1924
-1991
-2043
-2134
-2216
-2208
-2123
-2000
-1913
-1843
-1772
-1673
-1532
-1383
-1234
-1094
-897
-659
-487
-387
-300
-172
5
149
251
305
337
422
509
549
536
474
456
442
334
181
91
87
2
-169
-385
-612
-705
-719
-763
-923
-1115
-1212
-1173
-1081
-1120
-1227
-1238
-1117
-929
-786
-740
-735
-643
-430
-223
-78
53
222
430
606
700
737
808
960
1117
1213
1215
1202
1247
1296
1280
1184
1115
1106
1161
1207
1138
999
872
875
928
944
906
870
906
1002
1120
1152
1128
1129
1254
1451
1608
1692
1740
1813
1859
1878
1822
1709
1600
1503
1399
1206
936
659
440
208
-102
-425
-702
-906
-1059
-1239
-1514
-1849
-2151
-2321
-2378
-2395
-2404
-2390
-2337
-2237
-2117
-1994
-1843
-1663
-1402
-1112
-840
-626
-456
-281
-101
106
322
547
746
925
1050
1049
965
957
1024
1069
1029
933
852
793
746
604
379
221
145
58
-227
-825
-1383
-1466
-1188
-1150
-1578
-2228
-2735
-2673
-2284
-2150
-2461
-2829
-2859
-2529
-2227
-2377
-2696
-2601
-2080
-1494
-1226
-1351
-1476
-1230
-721
-412
-350
-264
112
619
860
686
411
490
951
1424
1522
1305
1165
1321
1535
1468
1149
976
1160
1569
1814
1636
1292
1131
1332
1604
1713
1673
1723
1983
2237
2310
2164
2096
2265
2646
3003
3128
3098
3088
3156
3106
2891
2568
2328
2256
2184
1952
1540
1081
639
288
1
-289
-550
-755
-940
-1227
-1621
-2030
-2311
-2433
-2448
-2389
-2240
-2076
-1988
-1985
-1997
-1908
-1700
-1360
-1006
-745
-613
-505
-373
-284
-222
-107
115
359
520
565
485
317
135
21
27
55
59
40
-62
-224
-393
-544
-702
-863
-944
-1033
-1266
-1700
-2249
-2615
-2597
-2344
-2326
-2732
-3183
-3359
-3142
-2753
-2610
-2805
-2961
-2788
-2436
-2192
-2201
-2198
-1788
-1124
-628
-477
-515
-398
1
499
762
825
1036
1469
1826
1814
1541
1409
1708
2220
2515
2449
2191
2084
2208
2269
2083
1867
1940
2326
2687
2712
2428
2129
2080
2318
2589
2701
2736
2819
2932
2947
2832
2685
2709
3001
3395
3646
3641
3421
3120
2884
2625
2292
1959
1667
1475
1322
997
364
-400
-979
-1249
-1283
-1335
-1594
-2032
-2508
-2910
-3227
-3503
-3689
-3674
-3394
-3012
-2791
-2783
-2847
-2797
-2562
-2201
-1808
-1459
-1130
-837
-648
-615
-665
-560
-231
160
442
538
484
354
195
20
-178
-295
-214
-69
-48
-199
-446
-665
-808
-898
-955
-995
-1119
-1386
-1819
-2308
-2613
-2583
-2480
-2690
-3072
-3262
-3244
-3060
-2922
-3097
-3326
-3188
-2802
-2516
-2498
-2595
-2433
-1844
-1202
-886
-810
-685
-328
201
618
729
857
1263
1719
1959
1909
1760
1838
2177
2466
2542
2447
2363
2459
2547
2403
2130
2033
2230
2572
2770
2724
2556
2484
2561
2677
2735
2756
2872
3098
3277
3241
3038
2865
2900
3167
3473
3647
3640
3502
3323
3045
2582
2083
1663
1392
1267
1125
749
91
-556
-1007
-1264
-1412
-1528
-1641
-1846
-2176
-2563
-2937
-3244
-3381
-3268
-2941
-2611
-2352
-2147
-2015
-1911
-1798
-1567
-1217
-811
-437
-197
-82
-86
-89
-3
148
321
495
618
649
536
313
15
-297
-498
-580
-575
-511
-483
-609
-879
-1163
-1321
-1341
-1340
-1432
-1577
-1712
-1860
-2011
-2324
-2854
-3137
-2836
-2376
-2258
-2490
-2964
-3253
-2989
-2563
-2457
-2510
-2440
-2123
-1600
-1354
-1563
-1633
-1213
-588
-8
277
219
256
658
1032
1078
1073
1268
1715
2117
2136
1871
1654
1688
2010
2313
2249
2036
2043
2288
2438
2330
2161
2216
2534
2940
3199
3139
2872
2823
3089
3365
3467
3495
3604
3779
3908
3866
3733
3714
3873
4112
4176
3902
3467
3037
2620
2189
1582
928
617
644
438
-327
-1249
-1850
-2038
-2074
-2224
-2603
-3127
-3543
-3641
-3681
-4029
-4466
-4425
-3838
-3238
-2938
-2899
-2869
-2685
-2377
-2037
-1764
-1509
-1155
-701
-449
-538
-670
-539
-223
52
172
141
76
23
-54
-293
-657
-875
-836
-660
-565
-640
-856
-1107
-1266
-1316
-1369
-1471
-1599
-1682
-1773
-2009
-2311
-2645
-2963
-3009
-2724
-2513
-2637
-2932
-3190
-3222
-2963
-2680
-2581
-2467
-2235
-1889
-1470
-1276
-1270
-991
-401
142
525
750
871
1088
1495
1817
1926
2079
2414
2830
3030
2936
2805
2825
2971
3164
3266
3188
3089
3117
3219
3210
3068
3000
3146
3356
3455
3472
3373
3198
3145
3214
3268
3261
3261
3258
3226
3150
3023
2926
2922
2935
2947
2886
2616
2198
1730
1345
990
431
-200
-490
-467
-714
-1435
-2195
-2637
-2793
-2814
-2879
-3155
-3596
-3892
-3790
-3631
-3831
-4153
-3978
-3326
-2720
-2432
-2378
-2317
-2095
-1687
-1289
-1061
-948
-697
-247
25
-97
-307
-240
31
265
272
70
-141
-200
-160
-310
-679
-968
-956
-729
-578
-655
-896
-1119
-1115
-944
-890
-1042
-1222
-1190
-1026
-1061
-1403
-1806
-2015
-1949
-1689
-1581
-1879
-2270
-2338
-2185
-2055
-2044
-2105
-1991
-1575
-1201
-1100
-1160
-1153
-816
-210
199
237
305
619
1031
1339
1397
1369
1680
2276
2709
2757
2560
2482
2715
3016
3098
3037
3047
3223
3458
3486
3218
2964
3051
3348
3520
3455
3333
3292
3312
3298
3135
2881
2800
3001
3138
3014
2784
2612
2556
2550
2446
2302
2283
2277
2078
1660
1159
753
462
21
-546
-773
-707
-936
-1526
-2119
-2573
-2791
-2760
-2683
-2752
-2972
-3202
-3212
-3106
-3234
-3472
-3406
-2992
-2526
-2253
-2238
-2265
-2136
-1941
-1779
-1642
-1494
-1228
-889
-751
-804
-860
-911
-901
-748
-639
-720
-820
-834
-866
-1031
-1333
-1623
-1711
-1555
-1315
-1201
-1300
-1497
-1644
-1631
-1488
-1499
-1667
-1666
-1531
-1470
-1566
-2103
-2809
-2738
-2140
-2039
-2247
-2376
-2621
-2555
-2113
-2096
-2313
-2061
-1573
-955
-357
-511
-932
-580
130
631
1050
1146
1162
1724
2243
2159
2025
2231
2732
3417
3692
3430
3259
3296
3366
3518
3522
3354
3501
3842
3853
3525
3159
3041
3253
3454
3457
3442
3400
3291
3254
3151
2847
2667
2784
2973
3027
2868
2576
2343
2199
2135
2179
2200
2040
1716
1218
614
129
-272
-832
-1290
-1171
-784
-949
-1772
-2503
-2761
-2850
-2901
-2651
-2288
-2333
-2687
-2764
-2629
-2788
-3157
-3131
-2620
-2115
-1898
-1864
-1932
-2036
-1992
-1764
-1590
-1465
-1141
-704
-553
-762
-981
-967
-792
-659
-620
-618
-634
-695
-848
-1199
-1579
-1728
-1681
-1634
-1558
-1534
-1699
-1943
-2019
-1913
-1779
-1769
-1809
-1727
-1649
-1787
-2084
-2380
-2529
-2240
-1867
-1891
-1947
-1517
-996
-885
-987
-901
-508
127
758
1374
1811
1861
1832
2071
2360
2556
2872
3136
3179
3295
3377
3033
2581
2678
3168
3353
3121
2959
3041
2903
2402
1966
1857
2001
2282
2413
2105
1604
1426
1444
1347
1244
1391
1677
1978
2341
2517
2138
1616
1797
2573
3125
3342
3572
3645
3280
2801
2650
2693
2741
2518
1728
404
-858
-2347
-4536
-6149
-5122
-2752
-2463
-4283
-4992
-4315
-4854
-6214
-5152
-2085
-736
-1425
-1056
501
297
-1600
-2070
-321
1281
1606
1527
1503
931
-152
-1128
-1553
-1367
-627
136
337
-224
-1208
-2143
-2599
-2703
-2857
-2931
-2536
-2009
-2132
-2926
-3778
-4301
-4487
-4278
-3710
-3041
-2545
-2244
-2140
-2163
-2006
-1484
-843
-223
617
1583
2115
1579
115
-1233
-1215
-138
667
652
586
571
-31
-1144
-1685
-1262
-456
227
872
1243
940
183
-364
-346
223
1102
1767
1986
1929
1674
1116
658
831
1609
2536
3348
3796
3611
2969
2459
2327
2404
2680
3270
3772
3695
3081
2411
1852
1567
1649
2118
2509
2597
2273
1684
934
562
885
1709
2295
2429
2364
2312
2062
1586
1303
1610
2479
3370
3540
2532
718
-1521
-4230
-6811
-7030
-4083
-936
-792
-2413
-3014
-3231
-4851
-5805
-3322
570
1984
1573
2192
2853
839
-2335
-2758
-377
1665
2208
2366
2117
431
-2133
-3797
-3882
-3041
-1784
-337
602
226
-1360
-3044
-3875
-3824
-3398
-2661
-1439
-355
-570
-2095
-3645
-4391
-4537
-4152
-2909
-1250
-252
-330
-808
-1117
-1217
-1090
-459
848
2404
3365
2885
1521
348
-362
-1683
-2729
-1889
534
1492
474
-633
-728
-1310
-2344
-1986
231
2028
1987
1251
835
391
-556
-1065
-667
544
1652
2148
1615
710
31
-46
376
1343
2595
3636
4127
3916
3052
1809
1148
1574
2608
3217
3320
3200
2801
1918
1020
775
1223
1941
2525
2744
2376
1593
969
818
941
1100
1695
2738
3533
3339
2581
1944
1739
1893
2541
3358
3365
2078
32
-2268
-5032
-7075
-6333
-2905
-321
-312
-1037
-924
-1808
-4010
-4356
-1199
1928
2230
1879
2992
3024
-230
-3563
-3301
-875
283
276
582
471
-1479
-4048
-5295
-5095
-4405
-3085
-1083
246
-507
-2484
-3864
-4284
-4530
-4447
-3243
-1459
-579
-1151
-2252
-3324
-4200
-4593
-3724
-1975
-341
352
409
266
109
-220
-582
-43
1541
2612
1068
-1383
-1932
-397
4
-772
-708
503
321
-1001
-986
626
1174
37
-207
1131
2093
1059
-233
-572
-93
69
194
331
646
723
611
387
302
583
1269
2357
3102
3097
2517
2399
2588
2425
1638
1377
2009
2660
2345
1525
1063
1013
1038
1141
1575
1984
2006
1623
1346
1197
1029
843
1108
1865
2639
3040
3254
3389
3119
2372
1853
2177
3057
3903
4399
4103
2473
-189
-3065
-5740
-7084
-5709
-2021
507
335
-574
-540
-1476
-3969
-4788
-1805
1636
2235
1667
2256
2116
-1008
-4494
-4796
-2592
-994
-293
575
1063
-423
-3081
-4852
-4903
-4013
-2528
-484
1240
1360
-95
-1844
-3089
-3845
-4037
-3108
-1279
218
410
-388
-1462
-2607
-3577
-3660
-2414
-520
873
1383
1347
1139
557
-172
-541
-302
-320
-875
-1180
-763
-315
-620
-1076
-1271
-1269
-1264
-642
493
1525
1786
1748
1736
1659
1162
428
-20
54
501
898
1034
819
405
-72
-295
-209
262
943
1883
2802
3285
3038
2427
1962
1645
1234
980
1295
1950
2182
1720
1003
522
390
558
1004
1465
1820
1967
1954
1559
1085
989
1514
2210
2754
3150
3530
3861
3763
3134
2283
2123
2743
3761
4355
4221
2891
631
-2249
-5537
-7797
-7095
-3296
-250
-22
-725
-188
-851
-3912
-5812
-3170
563
1179
381
1552
2682
-58
-4587
-6041
-3932
-2098
-1529
-659
843
587
-1776
-4274
-4980
-4342
-3175
-1636
149
1317
1011
-369
-1987
-3149
-3933
-3917
-2902
-1216
-95
-68
-767
-1683
-2635
-3326
-3039
-1821
-420
444
1029
1512
1466
678
-156
-582
-1215
-2234
-2539
-1591
-360
47
-155
-522
-985
-1337
-1066
-127
895
1644
2178
2575
2521
1865
686
-411
-912
-646
20
597
851
750
373
-154
-590
-646
-124
919
2127
2986
3277
3059
2489
1597
689
327
665
1291
1679
1819
1756
1459
988
637
825
1355
1906
2133
2301
2318
2181
1845
1900
2574
3604
4317
4455
4551
4638
4242
3065
2303
2604
3564
3987
4071
3799
2590
-815
-5839
-9283
-8342
-4169
-1248
-786
-332
1064
-44
-3898
-5932
-3322
-532
-830
-1122
1812
4104
1280
-3870
-5725
-4149
-3068
-2964
-1795
504
1101
-610
-2885
-3900
-4044
-3685
-2693
-893
669
1085
564
-180
-1164
-2728
-4029
-3904
-2356
-854
-260
-413
-746
-1246
-1922
-2410
-2129
-1241
-408
285
1252
1959
1739
1070
596
-876
-3531
-4595
-2419
79
111
-554
257
758
-977
-2673
-1630
743
1517
1246
2108
3801
3753
1346
-1246
-1979
-1323
-686
-373
305
1251
1415
465
-623
-881
-440
445
1733
3137
3951
4104
3855
3103
1677
307
10
849
1869
2298
2251
2165
2043
1512
1038
1349
2256
2546
2203
2310
3271
3994
3974
3981
4561
5129
5029
4607
4326
4145
3699
3126
2807
3222
4046
4636
4173
2056
-2442
-8115
-11258
-9152
-4285
-1268
-568
336
1098
-1037
-4754
-5718
-3406
-1892
-2092
-787
2714
3851
247
-4481
-5906
-4710
-3839
-3514
-2025
292
909
-930
-3281
-4223
-4208
-4017
-3339
-1617
130
768
379
-229
-1218
-2941
-4537
-4597
-3148
-1717
-1177
-1139
-1046
-1163
-1669
-2202
-2216
-1829
-1293
-508
694
1751
2024
1637
755
-1151
-3580
-4317
-2523
-564
-387
-523
501
1083
-373
-1988
-1428
255
778
730
1999
3925
3873
1365
-1260
-2084
-1755
-1603
-1531
-625
834
1456
781
-148
-386
-178
181
1036
2483
3791
4427
4448
3856
2445
750
-72
423
1390
1885
2014
2370
2746
2360
1428
1110
1706
2147
1946
2069
3229
4558
4915
4481
4271
4667
5169
5206
4782
4293
3973
3714
3548
3599
3864
4260
4325
1857
-4900
-12230
-12945
-6678
-1678
-1896
-1417
2816
3645
-2634
-7509
-4531
-759
-2991
-5012
344
6825
4989
-2259
-5606
-4098
-3554
-5045
-4481
-863
1800
1060
-1198
-2458
-3035
-3878
-4307
-3250
-1365
149
1200
1806
1159
-1055
-3445
-4569
-4381
-3654
-2567
-1170
-34
44
-643
-1094
-1100
-1457
-2221
-2172
-667
1343
2540
2693
2235
1419
-81
-2368
-4165
-3867
-1983
-497
259
1414
2367
1255
-1213
-2158
-962
233
577
1445
3203
4068
2665
-114
-2422
-3446
-3523
-2965
-1732
-58
1189
1390
912
397
-111
-546
-214
1289
3324
4881
5545
5344
4274
2525
817
-104
-146
386
1475
3114
4468
4398
3105
2052
1835
1602
911
766
2097
4241
5638
5499
4539
4133
4687
5181
4724
3878
3670
4052
4210
3805
3309
3544
4155
1999
-5624
-14456
-15779
-8733
-2828
-3295
-3396
1794
5132
432
-5226
-3758
-262
-2689
-6423
-2462
5759
7117
291
-5322
-4547
-2190
-3418
-6077
-5231
-1120
1440
115
-2399
-3174
-2904
-3444
-4311
-3797
-1840
149
1208
1199
88
-1918
-3865
-4663
-4148
-3061
-2041
-1216
-663
-449
-405
-532
-1187
-2208
-2483
-1238
731
2020
2342
2436
2397
1119
-1662
-3895
-3697
-2198
-1374
-684
1112
2512
1391
-896
-1414
-323
103
-145
812
2987
4222
3140
662
-1458
-2521
-2959
-3063
-2406
-845
726
1362
1278
1176
1068
755
691
1429
2768
4057
4935
5281
4813
3436
1720
444
-154
-162
576
2047
3376
3593
3001
2602
2374
1504
186
-285
803
2767
4359
4955
5006
5345
5890
5738
4765
3823
3260
2743
2406
2753
3676
4601
4238
89
-8158
-14887
-13941
-7746
-3868
-3072
-123
4185
3339
-2116
-4337
-2020
-2079
-5900
-6045
492
6345
4974
-537
-3704
-3586
-3624
-5148
-5775
-3596
-306
1111
362
-589
-1166
-2452
-4202
-4722
-3630
-2118
-650
1092
2295
1481
-1114
-3406
-4002
-3474
-2947
-2474
-1426
106
1207
1189
145
-1442
-2935
-3443
-2502
-766
771
1839
2475
2161
681
-668
-618
-123
-842
-1992
-1474
279
842
-136
-581
286
951
682
644
1569
2511
2413
1379
254
-445
-942
-1573
-2019
-1716
-966
-443
84
1239
2480
2690
2036
1740
2259
2987
3505
4019
4673
5104
4806
3630
2095
1085
998
1445
1925
2475
3234
3794
3578
2674
1817
1529
1732
2184
2833
3638
4462
5130
5383
5041
4490
4335
4401
3916
3026
2907
4042
5073
3616
-1824
-9762
-15473
-15067
-10087
-5404
-2640
175
2727
1903
-1836
-3922
-3226
-3594
-5874
-5283
159
5036
4231
-69
-2776
-3199
-3955
-5543
-5815
-3856
-1467
-520
-742
-929
-1157
-2286
-3876
-4395
-3521
-2361
-1329
98
1438
1088
-1221
-3636
-4482
-3945
-3068
-2330
-1492
-213
1273
1973
1045
-967
-2602
-3026
-2408
-1108
507
1910
2839
3250
2487
23
-2665
-3443
-2657
-2146
-1607
435
2783
2741
741
-301
192
276
-302
233
2192
3642
3275
1760
217
-1110
-2358
-3183
-2991
-1778
-388
554
1246
1924
2120
1560
914
1052
1967
3072
4005
4748
5252
5204
4324
2690
920
-34
304
1357
2201
2611
2995
3300
2819
1527
484
415
977
1817
3004
4431
5606
6103
5741
4668
3674
3402
3278
2491
2049
3267
5116
4842
1179
-4980
-11424
-15208
-13916
-8752
-3593
-484
1488
2419
1102
-1731
-3536
-3970
-4667
-4888
-2281
2247
4642
3290
424
-1652
-2999
-4140
-4649
-4046
-2642
-1132
-188
-65
-541
-1381
-2483
-3457
-3551
-2629
-1366
-282
662
1181
552
-1168
-2834
-3473
-3304
-2879
-2256
-1219
-27
983
1290
486
-1254
-2763
-3076
-2256
-910
606
1663
1496
622
463
1067
915
-188
-876
-614
-402
-439
1
831
936
418
479
1413
2123
1951
1399
1223
1315
870
-308
-1492
-1695
-1085
-554
-567
-489
27
840
1552
2084
2359
2499
2714
3158
3609
3877
4065
4256
4249
3701
2798
2008
1740
1941
2366
2561
2410
1966
1513
1342
1540
1905
2295
2730
3407
4426
5273
5572
5295
4828
4350
3862
3183
2703
2573
2770
2536
855
-3177
-8750
-13255
-13590
-9817
-5182
-2434
-1193
-300
-280
-1839
-3585
-3830
-3349
-3152
-2189
717
3615
3762
1195
-1318
-2441
-2926
-3600
-3819
-2947
-1337
-259
-387
-1248
-1993
-2380
-2695
-2903
-2665
-1824
-842
-73
211
-153
-1302
-2724
-3711
-3833
-3369
-2630
-1714
-635
404
783
51
-1555
-3026
-3713
-3378
-2270
-673
466
570
125
257
647
409
-223
-181
265
166
-198
134
894
928
375
324
997
1520
1518
1271
1199
1074
547
-310
-872
-797
-455
-388
-538
-422
-69
422
1107
1888
2312
2345
2395
2753
3153
3416
3667
3998
4190
3993
3410
2721
2364
2483
2781
2801
2478
2057
1733
1537
1421
1380
1462
1657
2036
2828
3930
4781
4907
4413
3950
3709
3491
3143
2801
2599
2812
2439
-563
-7015
-13185
-13955
-9033
-3896
-1822
-828
770
488
-2748
-5079
-3848
-2248
-3184
-3374
615
5547
5656
1422
-2026
-2316
-1818
-2374
-2974
-2104
-399
355
-548
-2069
-2915
-3040
-3060
-3102
-2577
-1492
-494
-165
-267
-620
-1488
-2976
-4273
-4382
-3415
-2181
-1335
-766
-375
-59
-261
-1302
-2929
-3714
-2796
-918
556
1218
1302
528
-651
-1227
-583
128
539
1011
1941
2140
1385
412
150
140
111
367
1217
2360
2972
2644
1374
57
-831
-1035
-895
-276
442
940
974
1069
1299
1425
1260
1243
1763
2641
3547
4174
4460
4276
3812
3104
2496
2251
2569
3060
3500
3825
3989
3608
2545
1427
971
1170
1364
1578
2235
3496
4596
4899
4430
3925
3728
3592
3168
2510
2105
2263
2276
91
-5502
-12110
-14591
-11043
-5353
-1930
-412
926
556
-2772
-5695
-4900
-2881
-3218
-3623
6
5431
6521
2441
-1749
-2680
-1957
-1942
-2242
-1459
163
936
15
-1826
-3328
-4246
-4707
-4384
-3001
-1421
-676
-632
-540
-580
-1619
-3570
-5125
-5173
-4013
-2535
-1340
-522
-100
79
45
-682
-2327
-3838
-3470
-1254
1020
1915
1876
1275
-27
-1653
-2095
-1119
64
652
1267
2009
1747
146
-1375
-1468
-781
-220
406
1854
3318
3378
1630
-600
-2079
-2552
-2271
-1306
185
1415
1836
1532
1216
929
594
369
886
2089
3384
4229
4572
4412
3543
2261
1253
1203
1744
2475
3300
4414
5255
5027
3655
2079
1350
1235
1107
801
1215
2526
4052
4551
3906
3191
3398
4053
3738
2567
1811
2427
2761
1206
-2950
-8168
-12098
-11715
-7084
-1558
1481
2009
1292
-668
-3124
-4271
-3419
-2860
-2764
-857
3502
6086
4014
-490
-3144
-3188
-2488
-1947
-1104
267
1156
817
-815
-2688
-4187
-4930
-4847
-3652
-1915
-619
-242
-367
-814
-2020
-3834
-5225
-5215
-4085
-2489
-1040
-149
-89
-395
-628
-1066
-2171
-3370
-3408
-1730
707
2279
1829
-50
-1580
-1549
-637
402
1428
2299
2296
1374
176
-825
-1640
-2086
-1388
289
2118
3117
3207
2241
653
-1092
-2179
-2263
-1289
185
1285
1611
1354
1118
884
923
1071
1463
1944
2834
3870
4649
4783
4312
3520
2591
2138
2276
2830
3226
3795
4568
5188
5024
4400
3956
3571
2804
1782
1434
1856
2612
3157
3450
3623
3925
4217
3702
2441
1585
2146
2717
1345
-2710
-8151
-12260
-12022
-7062
-1347
1330
973
-72
-1691
-3710
-4452
-2827
-1328
-1300
-334
2991
5260
2870
-1892
-4528
-3766
-1979
-499
497
1052
640
-562
-2167
-3604
-4503
-4670
-4017
-2716
-1215
-595
-1338
-2926
-4117
-4638
-4728
-4671
-4239
-3485
-2626
-1989
-1840
-2128
-2447
-2186
-1614
-1449
-1971
-2186
-1396
-3
601
-338
-2152
-2995
-1826
396
2161
2777
2518
1507
157
-1106
-1786
-2122
-2145
-1444
115
1653
2160
1526
355
-494
-900
-944
-754
-233
320
597
508
391
472
722
1180
1800
2476
2995
3435
3931
4470
4725
4520
4083
3843
4001
4192
4076
3744
3653
3864
4121
4288
4462
4666
4557
4048
3366
3008
2909
2872
2664
2450
2516
3170
3900
3651
2486
1713
2067
1874
-703
-5480
-9904
-11411
-8842
-3973
-90
807
-541
-2666
-4604
-5008
-2907
219
1440
980
1573
3534
3548
295
-3251
-3812
-1700
892
2503
2652
1178
-1284
-3350
-4220
-4007
-3161
-1943
-733
4
-266
-1650
-3783
-5600
-6039
-4972
-3377
-2329
-2187
-2747
-3541
-4265
-4612
-4388
-3384
-1879
-532
-113
-584
-1307
-1730
-1716
-1162
-570
-1002
-1942
-1434
931
2750
2621
1669
1156
462
-705
-1259
-464
343
32
-525
-291
200
-261
-1478
-2006
-933
736
1621
1308
561
-24
-430
-644
-215
907
2153
3017
3632
4242
4565
4381
3966
3758
3841
4281
5022
5748
5913
5478
4820
4301
4050
4225
4962
5897
6147
5240
3963
3373
3586
3827
3586
3276
3460
3634
2912
1519
716
1143
1658
272
-3776
-8737
-11400
-9668
-4817
-539
591
-1169
-4250
-7047
-7549
-4466
377
3087
2639
1934
2796
2945
196
-3299
-3729
-648
2966
4621
3976
1583
-1857
-4866
-5743
-4113
-1539
37
31
-790
-1798
-3093
-4723
-5825
-5448
-3880
-2339
-1909
-2862
-4758
-6514
-7198
-6608
-5283
-3664
-2116
-1328
-1849
-3045
-3623
-3189
-2385
-1651
-928
-387
-98
259
956
1491
1418
873
393
364
759
1093
979
377
-388
-943
-1213
-1252
-1258
-1377
-1377
-914
-254
46
-288
-765
-795
-236
655
1530
2064
2266
2394
2577
2758
2985
3494
4198
4544
4302
4165
4724
5559
5799
5408
4974
4877
5187
5980
7054
7615
6916
5294
4037
3874
4358
4607
4238
3604
3131
2722
2154
1543
1194
1248
1263
-32
-3701
-8604
-11289
-9224
-4114
-256
20
-2282
-5361
-7862
-7927
-4297
930
3587
2605
1075
1243
1391
-438
-2577
-1964
1480
4912
5967
4340
947
-2834
-5173
-4632
-1539
1783
2864
1170
-1771
-4085
-5151
-5361
-4863
-3472
-1602
-423
-1005
-3315
-6058
-7646
-7462
-5850
-3644
-1865
-1665
-3335
-5372
-5797
-4428
-2704
-1543
-743
-189
-226
-612
-436
609
1756
2286
2193
1786
1164
384
-203
-140
394
563
-40
-805
-1025
-952
-1097
-1239
-971
-558
-455
-608
-648
-552
-489
-271
449
1536
2437
2701
2444
2271
2503
2880
3207
3884
5122
6107
5892
4923
4485
4936
5699
6549
7625
8383
7962
6717
6038
6506
7140
6788
5570
4538
4397
4769
4542
3127
1500
1112
1657
962
-2471
-7358
-10473
-9540
-5234
-752
715
-1691
-6291
-9901
-9426
-4272
1951
4266
1796
-1527
-2333
-1551
-1392
-1479
-92
2515
4193
3670
1475
-1219
-3394
-4018
-2375
795
3203
2772
-313
-3777
-5454
-5051
-3739
-2479
-1592
-1245
-1885
-3864
-6332
-7664
-7053
-5256
-3630
-2953
-3514
-5176
-6823
-6977
-5449
-3444
-2039
-1493
-1685
-2261
-2424
-1572
-121
1110
1867
2198
1868
834
-283
-656
-79
909
1551
1283
118
-1306
-2182
-2143
-1414
-559
-77
-111
-536
-1106
-1517
-1518
-1056
-339
378
1007
1439
1578
1532
1531
1684
2105
3095
4611
5766
5712
4858
4314
4478
5087
6102
7547
8736
8774
7893
7303
7640
8249
8108
7125
6194
6066
6395
6129
4822
3233
2354
2207
1718
-464
-4616
-8637
-9150
-5330
-703
469
-2256
-6247
-9152
-9326
-5461
843
4341
1822
-3235
-5005
-2753
-342
127
235
1434
2678
2457
873
-868
-1779
-1480
-55
1906
3212
2490
-466
-3725
-4693
-2953
-711
-127
-1182
-2600
-3763
-4765
-5388
-5194
-4281
-3371
-3297
-4395
-6072
-7083
-6803
-5857
-4939
-3957
-2975
-2785
-3484
-3699
-2457
-696
325
771
1302
1553
922
-74
-310
566
1779
2225
1464
67
-1016
-1368
-1204
-824
-394
-267
-778
-1584
-1916
-1590
-1164
-1048
-1000
-698
-296
-57
97
290
382
423
919
2151
3501
4045
3699
3269
3456
4239
5288
6329
7030
7141
7031
7372
8161
8702
8626
8281
7985
7839
8012
8314
7988
6750
5379
4600
4117
3118
843
-2963
-6593
-6673
-2550
1282
242
-4289
-7584
-8030
-6767
-3700
968
3438
479
-4671
-5892
-2574
407
352
-527
84
1269
1174
-136
-1228
-1183
-236
887
1622
1597
527
-1374
-2906
-2698
-936
373
-517
-3041
-5005
-5111
-4121
-3497
-3621
-3977
-4486
-5559
-6830
-7196
-6489
-5889
-6049
-6079
-5288
-4487
-4537
-4705
-3850
-2317
-1245
-739
-119
610
809
458
328
897
1721
1988
1421
520
-33
-100
-32
-128
-412
-820
-1242
-1382
-1076
-719
-862
-1363
-1551
-1177
-643
-344
-297
-367
-458
-362
163
1019
1772
2085
1996
1863
2167
3134
4450
5474
5886
5916
5997
6377
6978
7611
8109
8266
8020
7746
7909
8251
8057
7297
6629
6175
5501
4544
3172
479
-3281
-4996
-2532
1096
1015
-2771
-6009
-6716
-6117
-4444
-877
2381
1514
-2694
-5080
-3142
92
1122
345
-30
476
673
-11
-817
-788
169
1150
1272
564
-312
-981
-1406
-1232
-177
871
267
-2194
-4422
-4438
-2820
-1728
-2134
-3376
-4809
-6144
-6700
-5916
-4592
-4205
-5073
-6239
-6705
-6110
-4709
-3309
-2707
-2848
-2997
-2547
-1420
-4
1020
1138
630
270
471
1046
1637
1954
1725
985
211
-188
-322
-452
-569
-609
-750
-1139
-1482
-1276
-518
102
-35
-746
-1310
-1294
-748
66
774
976
614
122
27
584
1800
3315
4304
4238
3737
3879
4796
5717
6191
6454
6685
6787
6784
6971
7345
7450
7062
6579
6435
6490
6244
5054
2370
-1202
-3052
-1097
2366
2437
-1854
-6017
-6566
-4843
-2925
-552
1618
681
-3304
-5401
-2500
1950
3187
1526
220
171
90
-247
144
1288
2131
2014
1170
138
-599
-608
147
1066
1276
295
-1499
-3013
-3242
-2328
-1531
-1973
-3646
-5631
-6791
-6483
-5254
-4594
-5297
-6667
-7606
-7714
-7016
-5662
-4331
-3922
-4471
-4942
-4381
-2873
-1312
-499
-459
-596
-453
-25
586
1318
1842
1705
1024
502
543
811
807
420
-148
-745
-1215
-1249
-735
-103
-73
-798
-1577
-1702
-1199
-582
-190
-70
-164
-357
-477
-324
292
1339
2331
2670
2481
2571
3325
4278
4908
5272
5574
5793
5874
6001
6332
6651
6526
6040
5858
6249
6589
6242
5116
2924
-197
-2005
-43
3663
3753
-877
-5065
-5112
-3324
-2360
-953
1336
1136
-2621
-5044
-2277
2389
3682
1713
179
358
744
697
1083
2142
2938
2706
1703
753
609
1369
2201
2105
1133
206
-296
-763
-1248
-1258
-973
-1462
-3122
-4771
-5050
-4223
-3838
-4685
-5955
-6567
-6505
-6341
-6139
-5650
-5104
-5006
-5284
-5238
-4398
-3156
-2359
-2336
-2513
-2156
-1317
-601
-194
227
666
687
309
214
768
1427
1453
912
403
106
-216
-512
-426
-103
-247
-971
-1482
-1146
-329
142
-37
-461
-612
-444
-248
-57
400
977
1095
814
956
1849
2872
3506
3933
4263
4386
4521
4957
5413
5463
5265
5250
5438
5495
5126
4422
3732
2907
1423
-71
229
2093
2293
-623
-3384
-2989
-1383
-1475
-1983
-703
533
-859
-2839
-1831
1156
2303
1113
366
1107
1686
1326
1227
2061
2904
2977
2565
2205
2219
2710
3246
2983
1921
1222
1456
1668
1062
342
211
-198
-1754
-3424
-3635
-2953
-3371
-5080
-6311
-6267
-6094
-6509
-6663
-6017
-5381
-5427
-5578
-5084
-4153
-3467
-3233
-3090
-2712
-2258
-1939
-1586
-1044
-661
-732
-891
-683
-275
-31
79
142
86
-64
-128
-91
-52
-8
-18
-193
-434
-408
-39
294
177
-290
-612
-583
-534
-676
-629
-116
407
443
378
964
2128
2989
3115
3077
3544
4318
4680
4537
4483
4866
5296
5205
4562
3934
3765
3526
2269
501
94
1173
1294
-728
-2527
-2105
-1240
-2002
-2878
-1786
-318
-974
-2550
-2123
20
1114
486
-17
551
1155
1077
1013
1605
2376
2638
2481
2385
2637
3157
3625
3653
3265
2988
2991
2806
2305
2146
2377
1943
503
-642
-654
-638
-1662
-3041
-3792
-4215
-4806
-5218
-5146
-5025
-5211
-5453
-5425
-5050
-4442
-3859
-3538
-3323
-2895
-2356
-2016
-1813
-1441
-909
-532
-426
-387
-278
-174
-115
-21
77
12
-95
26
227
141
-171
-314
-283
-371
-519
-401
-70
56
-218
-692
-1025
-987
-652
-338
-131
165
540
765
980
1584
2376
2718
2647
2821
3370
3749
3800
3919
4150
4155
3985
3871
3380
2122
1075
1420
2175
1259
-991
-2055
-1349
-1066
-2075
-2444
-1360
-983
-2431
-3349
-1916
-84
-301
-1543
-1410
-101
460
22
-23
733
1334
1228
915
976
1510
2295
2832
2702
2245
2261
2797
3049
2655
2043
1687
1658
1740
1497
741
-14
-341
-685
-1504
-2233
-2295
-2234
-2717
-3313
-3361
-3139
-3230
-3533
-3531
-3108
-2641
-2535
-2699
-2555
-1810
-966
-690
-871
-849
-384
104
251
172
120
204
460
797
888
534
47
-149
-147
-248
-329
-186
-111
-491
-1094
-1404
-1375
-1286
-1248
-1190
-1079
-962
-867
-705
-264
453
1010
1108
1152
1594
2137
2353
2479
2893
3249
3148
2999
3038
2420
787
-149
1081
2565
1232
-2051
-3265
-1497
-181
-1126
-1906
-958
-613
-2305
-3305
-1404
893
395
-1656
-1978
-486
383
-76
-359
232
716
455
31
196
1033
2150
2819
2428
1466
1256
2166
2908
2458
1534
1339
1696
1525
670
50
98
-1
-834
-1673
-1661
-1233
-1357
-1899
-2024
-1672
-1569
-1906
-2063
-1631
-989
-763
-990
-1120
-791
-285
-18
16
108
384
725
981
1082
1054
1018
1149
1512
1829
1637
930
305
193
290
184
-38
-169
-368
-791
-1170
-1206
-980
-781
-795
-992
-1110
-885
-460
-173
-38
202
478
516
398
442
683
896
1049
1185
1220
1178
1205
1011
-28
-1348
-1230
449
1067
-1085
-3538
-3134
-1072
-776
-2067
-2081
-961
-1459
-3257
-2996
-392
938
-510
-1869
-947
627
771
205
498
1265
1301
744
626
1223
2010
2507
2407
1705
1121
1403
1947
1564
590
411
936
684
-393
-770
-206
-195
-1206
-1886
-1443
-850
-1052
-1593
-1586
-1065
-822
-1235
-1639
-1182
-200
175
-214
-295
424
1088
1015
805
1217
1960
2303
2158
2041
2254
2535
2510
2203
1922
1799
1629
1193
612
205
113
169
0
-517
-994
-1062
-943
-1073
-1385
-1388
-1016
-769
-787
-657
-222
180
364
540
744
695
505
736
1405
1869
1709
1270
933
353
-794
-1674
-1230
-227
-793
-3096
-4450
-3437
-2294
-3059
-4067
-3282
-2315
-3433
-4941
-3832
-1199
-472
-1813
-2364
-1170
-168
-345
-339
654
1482
1210
644
839
1578
2217
2653
2758
2326
1827
1836
1931
1573
1299
1588
1524
463
-395
-87
366
-92
-774
-855
-865
-1310
-1562
-1196
-844
-1060
-1571
-1779
-1429
-773
-332
-279
-189
237
733
1081
1523
2116
2517
2659
2822
3114
3391
3572
3570
3251
2798
2634
2712
2561
2057
1542
1194
865
490
222
103
-74
-480
-972
-1259
-1238
-1071
-1017
-1096
-1097
-942
-712
-449
-163
-18
-155
-275
138
882
1175
870
581
468
-155
-1289
-1665
-790
-290
-1643
-3582
-3781
-2548
-2234
-3246
-3585
-2770
-2765
-4110
-4473
-2653
-1006
-1630
-3028
-2824
-1477
-949
-1258
-983
-99
92
-608
-952
-243
781
1274
1197
875
622
686
894
835
739
1036
1251
524
-548
-467
601
1021
324
-272
-125
115
-79
-273
7
445
358
-323
-716
-89
873
915
218
104
924
1665
1800
1949
2466
2870
2874
2927
3403
4025
4254
3943
3449
3261
3513
3788
3612
3036
2529
2292
2103
1775
1433
1194
880
343
-192
-358
-214
-170
-472
-862
-954
-713
-443
-380
-482
-582
-580
-450
-233
-189
-539
-1129
-1670
-2175
-2617
-2671
-2441
-2827
-4086
-4867
-4252
-3456
-3811
-4385
-3871
-3205
-3684
-4196
-3134
-1581
-1581
-2600
-2537
-1288
-583
-862
-880
-172
211
-297
-798
-418
312
452
39
-271
-310
-402
-648
-813
-687
-466
-569
-1140
-1633
-1455
-888
-628
-728
-758
-696
-695
-570
-179
186
324
391
476
619
1023
1622
1889
1746
1835
2447
3062
3297
3438
3756
4053
4130
4194
4485
4889
5016
4767
4475
4431
4494
4364
4056
3755
3547
3351
3073
2650
2197
1899
1733
1494
1135
889
876
910
719
414
413
802
999
587
127
251
608
409
-225
-597
-699
-1159
-2232
-3271
-3504
-3096
-3318
-4693
-5802
-5424
-4738
-5345
-6214
-5627
-4596
-5068
-6059
-5340
-3530
-2971
-3645
-3602
-2519
-1758
-1670
-1295
-499
-161
-409
-454
-86
78
-52
2
-5
-648
-1289
-1025
-604
-1214
-2060
-1788
-1281
-1907
-2698
-2169
-1282
-1561
-2232
-1956
-1288
-1227
-1336
-988
-561
-436
-337
-60
374
973
1519
1677
1684
2109
2895
3507
3781
3928
4102
4369
4699
4931
5047
5244
5425
5236
4832
4774
5048
5033
4544
4044
3856
3771
3535
3171
2823
2526
2248
2019
1860
1683
1474
1459
1657
1751
1548
1401
1532
1615
1410
1210
1291
1339
877
-124
-1016
-1146
-839
-1291
-2741
-3757
-3571
-3488
-4459
-5106
-4368
-3833
-4900
-5940
-5133
-3845
-4081
-4911
-4419
-3240
-3078
-3501
-3056
-2092
-1891
-2183
-1915
-1269
-1121
-1319
-1294
-1241
-1466
-1605
-1537
-1727
-2107
-2080
-1796
-2057
-2615
-2568
-2084
-2052
-2434
-2464
-2150
-2053
-2241
-2314
-2150
-1859
-1622
-1628
-1688
-1316
-583
-201
-232
114
1045
1764
1909
2103
2786
3562
3980
4148
4356
4725
5134
5299
5161
5100
5396
5640
5377
4893
4748
4890
4826
4454
4074
3881
3819
3713
3410
2988
2812
2975
3034
2684
2305
2303
2417
2251
1910
1681
1544
1342
882
1
-835
-806
-234
-679
-2343
-3246
-2464
-1869
-2816
-3623
-2855
-2149
-3025
-3888
-3040
-1951
-2408
-3247
-2798
-1933
-2041
-2382
-1908
-1395
-1694
-1999
-1555
-1107
-1379
-1760
-1651
-1519
-1857
-2332
-2482
-2387
-2328
-2462
-2786
-3066
-3019
-2819
-2850
-3023
-2932
-2650
-2637
-2881
-2916
-2598
-2268
-2154
-2185
-2205
-1998
-1493
-1017
-916
-906
-459
238
557
565
909
1657
2145
2089
2023
2428
3069
3345
3120
2918
3174
3618
3671
3375
3305
3590
3738
3512
3273
3339
3555
3629
3450
3153
3044
3248
3406
3164
2755
2670
2853
2758
2251
1783
1729
1776
1190
39
-576
-149
115
-936
-2270
-2272
-1621
-2074
-3058
-2758
-1791
-2105
-3170
-2876
-1590
-1440
-2219
-1981
-906
-784
-1406
-1062
28
183
-463
-421
277
341
-236
-330
144
206
-388
-858
-827
-758
-976
-1252
-1356
-1429
-1630
-1858
-1940
-1894
-1868
-1885
-1890
-1911
-1946
-1865
-1628
-1430
-1415
-1403
-1202
-893
-639
-475
-304
-81
153
341
523
804
1114
1216
1109
1147
1505
1844
1828
1629
1579
1650
1697
1755
1838
1843
1790
1797
1793
1724
1758
1917
1944
1771
1689
1792
1823
1674
1536
1469
1375
1277
1165
879
478
172
-128
-569
-825
-699
-839
-1660
-2334
-2203
-2052
-2535
-2796
-2313
-2162
-2899
-3209
-2371
-1779
-2264
-2520
-1726
-1118
-1416
-1461
-619
-29
-250
-272
287
497
121
100
602
714
231
-50
101
91
-218
-377
-315
-362
-588
-738
-681
-513
-386
-417
-542
-529
-268
16
127
213
471
745
858
966
1279
1654
1901
2076
2254
2395
2509
2712
2935
2961
2840
2896
3128
3127
2820
2636
2729
2675
2303
2071
2173
2180
1840
1519
1488
1486
1310
1145
1099
986
743
605
621
516
210
-13
-33
-132
-494
-889
-1123
-1431
-1966
-2302
-2105
-1972
-2586
-3446
-3582
-3283
-3523
-4047
-3892
-3443
-3823
-4618
-4446
-3594
-3587
-4278
-4118
-3166
-2943
-3482
-3301
-2291
-1850
-2130
-1977
-1323
-1232
-1635
-1431
-733
-651
-1134
-1166
-800
-898
-1294
-1149
-678
-782
-1223
-1091
-557
-442
-676
-561
-159
-29
-49
233
664
899
1114
1532
1895
2042
2322
2900
3380
3545
3761
4184
4493
4578
4727
4980
5091
5111
5233
5317
5115
4854
4844
4891
4679
4353
4216
4102
3762
3385
3223
3155
2917
2564
2253
1957
1640
1397
1224
975
684
437
175
-199
-568
-786
-1057
-1538
-1932
-1966
-1988
-2416
-2939
-3062
-3010
-3279
-3674
-3686
-3555
-3790
-4151
-4075
-3775
-3892
-4221
-4124
-3738
-3690
-3900
-3732
-3272
-3116
-3263
-3233
-3002
-2956
-3042
-2924
-2734
-2789
-2954
-2903
-2772
-2832
-2936
-2813
-2629
-2630
-2654
-2507
-2299
-2196
-2089
-1908
-1762
-1619
-1290
-826
-524
-358
-37
459
898
1234
1659
2165
2574
2936
3385
3839
4105
4295
4649
5054
5266
5302
5417
5614
5712
5717
5732
5746
5649
5523
5480
5432
5258
5023
4880
4756
4460
4033
3725
3582
3361
2963
2523
2206
1949
1599
1167
710
235
-232
-597
-883
-1254
-1714
-2084
-2313
-2582
-3006
-3339
-3447
-3540
-3762
-3945
-3876
-3775
-3858
-3961
-3860
-3646
-3528
-3423
-3214
-3033
-3017
-3014
-2847
-2663
-2645
-2685
-2612
-2560
-2689
-2838
-2791
-2640
-2670
-2874
-2991
-2934
-2845
-2863
-2953
-3017
-3004
-2908
-2777
-2668
-2560
-2359
-2062
-1769
-1557
-1354
-996
-488
-1
326
592
1010
1591
2132
2465
2694
3029
3511
3958
4207
4333
4532
4867
5181
5302
5276
5297
5438
5590
5600
5491
5368
5292
5234
5080
4761
4396
4163
4013
3730
3267
2815
2513
2201
1719
1150
625
147
-314
-709
-1065
-1523
-2037
-2424
-2663
-2945
-3294
-3543
-3668
-3776
-3889
-3861
-3753
-3743
-3762
-3643
-3367
-3157
-3037
-2834
-2577
-2417
-2344
-2227
-2043
-1892
-1781
-1699
-1733
-1856
-1880
-1723
-1613
-1724
-1918
-1960
-1892
-1910
-1999
-2104
-2174
-2198
-2178
-2124
-2133
-2131
-1958
-1716
-1576
-1544
-1404
-1042
-650
-378
-181
86
461
899
1300
1584
1818
2136
2585
2983
3193
3346
3640
4049
4365
4509
4613
4783
4998
5189
5304
5349
5348
5335
5316
5226
5033
4796
4582
4357
4039
3629
3187
2776
2349
1859
1282
629
5
-494
-908
-1381
-1991
-2599
-3023
-3314
-3600
-3918
-4189
-4394
-4522
-4538
-4449
-4362
-4345
-4263
-4026
-3717
-3488
-3315
-3049
-2736
-2492
-2345
-2196
-1973
-1709
-1484
-1403
-1448
-1461
-1312
-1099
-1052
-1175
-1258
-1185
-1118
-1151
-1238
-1307
-1338
-1350
-1317
-1289
-1323
-1337
-1227
-1025
-897
-862
-745
-445
-71
173
300
511
926
1387
1667
1788
1996
2421
2847
3055
3134
3321
3650
3954
4148
4260
4373
4526
4713
4898
4979
4973
4966
5020
5050
4941
4723
4515
4372
4183
3835
3359
2903
2545
2190
1677
988
321
-153
-534
-1025
-1686
-2320
-2769
-3087
-3410
-3804
-4159
-4409
-4563
-4664
-4728
-4765
-4787
-4739
-4595
-4420
-4302
-4212
-4032
-3764
-3549
-3454
-3354
-3141
-2874
-2676
-2587
-2532
-2421
-2224
-2015
-1910
-1910
-1877
-1714
-1534
-1488
-1518
-1493
-1385
-1291
-1229
-1153
-1060
-958
-839
-654
-433
-238
-46
235
595
917
1148
1386
1764
2204
2503
2649
2823
3172
3553
3734
3764
3864
4112
4342
4434
4458
4540
4674
4780
4852
4877
4866
4855
4874
4883
4784
4586
4384
4239
4072
3749
3306
2890
2558
2204
1718
1127
563
132
-254
-731
-1287
-1802
-2159
-2426
-2727
-3075
-3370
-3550
-3649
-3742
-3847
-3910
-3923
-3891
-3834
-3782
-3752
-3731
-3673
-3586
-3532
-3518
-3499
-3417
-3321
-3284
-3282
-3252
-3155
-3037
-2945
-2896
-2855
-2777
-2633
-2490
-2422
-2391
-2312
-2169
-2023
-1918
-1795
-1609
-1409
-1225
-1027
-762
-447
-127
175
501
863
1218
1565
1904
2258
2585
2855
3104
3366
3630
3828
3953
4075
4217
4340
4407
4440
4489
4545
4558
4530
4499
4458
4383
4278
4154
4020
3833
3590
3329
3061
2768
2417
2050
1690
1321
931
534
160
-193
-527
-862
-1181
-1456
-1691
-1887
-2061
-2216
-2345
-2449
-2523
-2568
-2600
-2623
-2645
-2664
-2675
-2685
-2699
-2738
-2781
-2825
-2869
-2903
-2942
-2977
-3000
-3022
-3037
-3038
-3014
-2981
-2939
-2894
-2837
-2766
-2679
-2578
-2487
-2388
-2271
-2118
-1950
-1775
-1578
-1355
-1106
-840
-562
-256
74
409
746
1078
1407
1741
2058
2358
2639
2889
3120
3337
3528
3695
3830
3943
4046
4135
4196
4227
4236
4227
4209
4157
4064
3950
3810
3638
3431
3184
2915
2624
2313
1968
1600
1234
867
501
129
-238
-596
-926
-1232
-1517
-1788
-2024
-2222
-2383
-2520
-2629
-2697
-2737
-2743
-2727
-2693
-2636
-2574
-2505
-2432
-2367
-2308
-2257
-2217
-2193
-2185
-2195
-2207
-2212
-2228
-2259
-2287
-2324
-2339
-2343
-2349
-2351
-2345
-2315
-2280
-2224
-2159
-2074
-1963
-1827
-1677
-1503
-1299
-1071
-809
-538
-237
81
421
776
1130
1489
1850
2201
2543
2871
3181
3466
3724
3964
4167
4343
4487
4596
4675
4719
4733
4710
4651
4556
4429
4268
4071
3842
3588
3303
2994
2667
2323
1959
1590
1226
859
497
145
-193
-521
-832
-1121
-1395
-1643
-1869
-2078
-2266
-2439
-2588
-2707
-2807
-2898
-2969
-3026
-3064
-3085
-3098
-3102
-3104
-3094
-3080
-3073
-3058
-3036
-3018
-3005
-2985
-2971
-2954
-2925
-2893
-2855
-2814
-2769
-2724
-2658
-2570
-2478
-2375
-2261
-2124
-1970
-1794
-1606
-1410
-1181
-931
-662
-387
-101
203
527
865
1190
1511
1849
2190
2520
2832
3136
3432
3721
3988
4216
4418
4605
4773
4906
5000
5052
5064
5052
5012
4917
4776
4593
4383
4132
3842
3515
3168
2825
2463
2078
1679
1291
917
565
218
-130
-467
-766
-1023
-1267
-1503
-1711
-1884
-2017
-2132
-2242
-2323
-2379
-2410
-2437
-2473
-2509
-2522
-2514
-2520
-2558
-2610
-2646
-2678
-2708
-2767
-2845
-2908
-2945
-2977
-3036
-3099
-3157
-3174
-3177
-3189
-3216
-3205
-3144
-3081
-3020
-2957
-2864
-2718
-2540
-2371
-2211
-2019
-1778
-1514
-1251
-1000
-732
-428
-98
212
496
805
1142
1488
1805
2088
2372
2687
3018
3307
3550
3784
4023
4254
4451
4591
4693
4789
4853
4858
4807
4726
4629
4509
4341
4116
3861
3612
3367
3094
2777
2435
2104
1793
1482
1153
819
516
229
-51
-324
-585
-811
-1005
-1198
-1391
-1568
-1719
-1839
-1940
-2051
-2165
-2258
-2328
-2386
-2435
-2487
-2541
-2566
-2578
-2593
-2612
-2624
-2628
-2619
-2605
-2603
-2604
-2580
-2543
-2513
-2492
-2461
-2427
-2369
-2291
-2231
-2178
-2098
-1998
-1889
-1777
-1671
-1550
-1400
-1232
-1082
-928
-743
-539
-332
-130
60
265
503
754
982
1197
1419
1657
1893
2103
2288
2462
2637
2786
2894
2973
3044
3103
3128
3111
3064
3009
2960
2893
2786
2653
2510
2374
2231
2076
1905
1737
1581
1420
1248
1078
923
788
656
509
363
231
109
-4
-114
-242
-372
-483
-593
-703
-817
-934
-1043
-1147
-1261
-1374
-1488
-1594
-1696
-1797
-1898
-1988
-2069
-2142
-2198
-2260
-2314
-2334
-2362
-2360
-2351
-2337
-2306
-2267
-2209
-2132
-2049
-1954
-1845
-1736
-1594
-1472
-1326
-1168
-1012
-846
-687
-522
-370
-196
-18
148
305
463
626
788
941
1083
1224
1360
1488
1600
1709
1815
1902
1985
2058
2116
2156
2193
2222
2227
2225
2204
2179
2147
2101
2040
1970
1895
1816
1722
1617
1509
1407
1295
1175
1049
919
786
656
517
377
237
95
-48
-195
-338
-477
-614
-748
-884
-1013
-1137
-1262
-1379
-1490
-1593
-1687
-1773
-1850
-1920
-1975
-2019
-2057
-2084
-2099
-2104
-2097
-2080
-2054
-2014
-1967
-1911
-1841
-1758
-1675
-1584
-1482
-1379
-1266
-1151
-1032
-906
-781
-650
-515
-387
-261
-131
0
128
252
381
506
625
746
863
980
1095
1198
1302
1398
1491
1579
1656
1725
1783
1841
1883
1914
1936
1944
1944
1938
1919
1894
1859
1814
1766
1716
1658
1591
1526
1455
1372
1292
1207
1114
1026
925
828
728
625
515
405
301
183
72
-41
-157
-267
-384
-498
-616
-734
-841
-943
-1043
-1135
-1220
-1304
-1375
-1438
-1497
-1540
-1574
-1602
-1617
-1623
-1623
-1617
-1602
-1580
-1549
-1508
-1466
-1411
-1345
-1280
-1211
-1139
-1062
-981
-898
-820
-736
-652
-569
-489
-412
-336
-263
-192
-120
-54
10
73
131
186
238
287
329
363
399
431
464
487
508
534
556
571
583
596
613
628
641
650
663
678
686
704
711
721
739
748
754
761
763
762
759
750
739
725
710
690
668
637
606
579
536
499
459
414
364
315
267
215
165
118
68
22
-18
-61
-101
-136
-166
-194
-217
-236
-257
-272
-284
-298
-308
-314
-322
-317
-315
-313
-309
-303
-294
-289
-279
-275
-274
-261
-260
-259
-257
-257
-262
-265
-270
-282
-289
-299
-311
-322
-337
-353
-367
-382
-394
-406
-417
-427
-432
-431
-428
-430
-426
-415
-401
-386
-367
-342
-314
-287
-256
-217
-180
-144
-103
-62
-28
6
47
79
111
140
170
198
223
247
269
287
307
319
338
348
355
361
359
359
358
355
354
350
342
344
339
340
340
334
332
328
328
327
322
313
305
300
297
290
284
277
268
263
257
247
237
222
206
193
177
152
127
98
71
40
15
-18
-48
-74
-105
-131
-159
-185
-214
-243
-275
-298
-321
-347
-366
-389
-406
-415
-429
-436
-442
-446
-444
-441
-434
-428
-420
-406
-399
-387
-370
-354
-336
-316
-295
-269
-243
-216
-187
-157
-129
-98
-63
-32
-3
24
53
84
112
143
168
195
224
252
272
287
303
322
335
347
357
363
369
378
377
371
365
359
358
351
345
338
330
315
299
286
279
261
247
235
220
204
190
169
153
141
120
99
74
58
42
22
1
-20
-40
-60
-86
-102
-128
-148
-165
-183
-197
-212
-222
-236
-251
-258
-263
-265
-271
-274
-269
-269
-269
-259
-259
-253
-247
-247
-231
-215
-206
-194
-178
-165
-155
-141
-127
-115
-101
-89
-73
-61
-47
-32
-13
-4
5
15
23
35
45
58
70
73
80
86
87
85
92
100
106
110
106
108
115
114
109
105
104
104
104
105
102
100
97
95
94
88
84
75
70
60
50
43
34
26
16
3
-4
-13
-23
-28
-43
-48
-51
-58
-63
-73
-79
-78
-83
-83
-86
-81
-86
-90
-91
-91
-85
-84
-77
-71
-66
-58
-53
-51
-50
-46
-39
-31
-22
-13
-5
0
8
13
15
25
38
42
56
69
77
84
87
91
99
104
108
117
122
123
127
119
115
111
106
102
97
90
85
78
66
52
40
32
16
9
4
-7
-16
-27
-37
-49
-55
-56
-65
-67
-73
-74
-74
-80
-79
-77
-76
-76
-75
-70
-66
-71
-70
-73
-68
-68
-68
-63
-63
-63
-60
-59
-59
-57
-59
-62
-58
-53
-47
-50
-48
-51
-48
-48
-46
-41
-32
-26
-26
-16
-14
-11
-8
-2
-1
7
10
13
23
29
31
38
42
50
53
58
60
68
73
75
77
75
76
75
73
72
67
65
63
56
55
49
46
42
45
37
32
36
28
25
18
17
15
12
5
2
2
-2
1
-6
-9
-15
-18
-15
-17
-20
-21
-21
-21
-21
-32
-37
-35
-31
-34
-35
-35
-38
-41
-43
-39
-40
-36
-36
-36
-32
-32
-30
-30
-30
-21
-27
-24
-16
-14
-7
-7
-4
-2
0
0
2
4
9
14
14
13
15
16
14
12
12
16
18
16
14
12
13
10
11
13
15
21
19
17
16
14
17
13
11
14
17
15
13
15
13
12
7
8
7
11
10
4
3
2
2
0
-1
3
2
-3
-7
-5
-4
-4
-7
-9
-7
-9
-7
-8
-8
-8
-11
-13
-10
-6
-5
-7
-10
-6
-8
-6
-5
-4
1
-2
-6
-1
3
0
0
-2
0
-1
1
6
5
2
-5
0
1
2
5
4
4
6
8
3
3
3
3
-1
-2
3
-2
-3
-1
0
1
1
3
-2
2
1
-1
-2
1
2
3
2
1
0
-1
-4
-6
1
0
-3
-2
-3
-4
-2
1
-2
-2
0
1
5
1
-4
-2
-1
3
-3
-4
-3
-1
1
-4
-3
-5
-5
-3
-2
-2
-3
4
3
1
0
1
3
-1
-1
-2
1
-1
0
-1
-3
-3
-2
-1
-3
0
1
-2
4
3
3
2
4
-1
-4
-5
-7
-1
-3
0
0
-1
1
-2
0
-2
-1
0
5
8
7
10
10
10
10
10
8
4
2
0
-3
0
4
3
6
11
9
10
12
11
8
6
3
2
-3
-11
-10
-10
-10
-13
-13
-12
-13
-11
-10
-6
-8
-8
-7
-10
-9
-6
-5
-7
-7
-11
-11
-14
-13
-5
-6
-5
4
7
9
4
3
3
3
1
-4
-4
-2
2
1
6
10
11
13
9
8
3
1
0
-2
2
9
11
19
22
22
24
21
13
5
-1
-4
-6
-5
-3
4
9
12
16
16
17
15
10
6
-2
-7
-10
-15
-16
-14
-16
-14
-16
-17
-16
-20
-17
-14
-13
-13
-14
-13
-10
-9
-8
-11
-10
-11
-15
-17
-11
-6
-2
2
7
7
10
10
4
-3
-3
-6
-4
-2
-5
0
4
14
14
17
19
17
13
9
5
2
4
3
10
12
19
22
20
22
20
16
9
2
-4
-6
-5
-3
-1
2
4
7
11
11
12
8
2
-1
-9
-12
-14
-19
-21
-21
-16
-15
-17
-15
-12
-10
-8
-7
-6
-6
-7
-4
-3
0
0
-3
-3
-2
-2
2
5
9
7
10
14
13
11
6
1
-1
1
0
-1
-3
1
1
1
7
8
3
3
2
-1
-4
-6
-3
0
0
5
4
7
12
7
7
5
2
-2
-6
