0
-2
0
1
-1
-2
-2
-1
0
0
0
-1
-2
-1
0
0
0
1
2
0
1
-1
-1
0
0
1
0
0
0
0
-1
0
-1
0
0
1
0
0
0
0
-1
-2
-1
0
1
0
-1
1
0
1
-1
0
1
-1
-1
-1
0
0
-1
0
0
-1
0
1
2
1
0
-1
1
1
1
2
1
0
-1
0
-1
0
2
1
1
2
1
1
-1
-1
-1
-1
-1
0
0
0
0
2
1
-1
0
-1
1
1
1
0
-1
0
0
0
-1
0
1
0
0
-1
0
0
-1
-2
1
0
-1
0
0
0
0
-2
0
1
0
0
0
0
1
0
1
0
0
-1
0
1
0
0
0
2
1
0
0
-1
0
1
0
1
0
0
0
-1
-1
0
-1
-1
-1
-1
-1
-1
-2
-2
-2
-1
-1
-1
0
-2
-2
-3
-2
-1
-2
-4
-3
-3
-4
-2
-1
0
-3
-4
-3
-2
-4
-4
-3
-3
-3
-2
-3
-3
-3
-2
-3
-1
-2
-2
-2
-3
-1
-1
0
0
-1
-2
1
1
-1
1
0
0
-1
0
0
2
4
3
2
3
4
4
5
3
5
7
6
5
7
7
7
7
8
9
10
11
12
13
14
12
14
17
16
17
17
19
18
18
18
18
18
17
16
15
14
13
12
10
9
6
6
3
0
-4
-7
-9
-13
-15
-18
-22
-25
-30
-32
-36
-41
-43
-46
-47
-51
-53
-54
-59
-61
-62
-63
-63
-65
-65
-64
-63
-61
-60
-58
-56
-55
-51
-49
-46
-42
-38
-34
-29
-24
-21
-16
-11
-6
0
5
12
18
24
29
35
40
46
53
59
64
69
73
79
82
87
93
97
100
104
107
110
112
112
113
115
115
114
114
111
110
106
103
99
96
90
82
77
71
65
56
48
40
31
23
14
5
-6
-17
-25
-37
-46
-55
-66
-75
-85
-93
-101
-109
-116
-122
-130
-136
-140
-146
-149
-155
-156
-157
-158
-159
-161
-161
-158
-155
-153
-148
-144
-139
-132
-125
-120
-112
-102
-95
-86
-77
-66
-56
-46
-36
-24
-14
-3
10
22
33
46
57
68
80
93
104
113
125
136
146
158
168
178
186
195
203
210
219
224
228
234
239
239
242
245
244
243
244
239
234
230
222
210
199
189
174
160
145
127
107
89
69
45
25
0
-23
-46
-71
-98
-123
-146
-173
-195
-219
-242
-262
-281
-300
-318
-332
-348
-359
-371
-380
-387
-391
-391
-394
-392
-387
-378
-369
-357
-345
-331
-316
-300
-281
-261
-240
-214
-189
-166
-136
-108
-82
-57
-33
-3
24
48
72
99
127
149
169
191
212
228
243
254
264
276
289
298
306
317
324
328
331
330
329
334
342
342
341
348
352
350
357
359
356
355
360
360
357
361
363
360
356
349
337
326
314
293
267
245
218
188
155
119
79
41
4
-35
-78
-124
-168
-209
-250
-293
-336
-374
-406
-436
-462
-485
-507
-523
-538
-550
-557
-564
-566
-562
-556
-547
-539
-521
-504
-486
-464
-440
-415
-386
-362
-340
-316
-291
-264
-237
-212
-187
-156
-124
-89
-64
-38
-19
0
22
40
61
81
102
126
149
167
188
204
218
228
235
243
255
272
284
294
311
329
346
355
362
364
368
377
391
400
412
430
438
445
453
454
453
454
456
451
446
443
433
424
408
386
359
333
299
255
212
169
122
68
13
-42
-100
-154
-206
-262
-314
-366
-412
-456
-501
-536
-566
-592
-614
-626
-634
-637
-631
-623
-610
-596
-574
-552
-522
-491
-462
-429
-394
-355
-315
-275
-231
-190
-154
-112
-79
-50
-26
-6
13
31
52
67
91
122
146
158
164
170
171
173
175
174
179
188
196
204
213
227
235
243
245
247
256
267
281
289
303
315
338
357
364
375
383
392
405
417
415
431
448
442
441
443
434
425
431
416
395
384
370
345
320
292
251
216
178
126
78
22
-34
-89
-150
-215
-269
-326
-394
-445
-495
-554
-597
-635
-682
-717
-735
-754
-774
-778
-784
-786
-772
-755
-730
-703
-676
-638
-592
-565
-529
-480
-437
-399
-342
-295
-241
-180
-130
-85
-34
10
49
92
118
144
174
207
222
256
290
309
326
341
341
342
354
345
332
347
346
334
333
337
334
323
338
323
311
326
325
310
317
340
325
326
366
367
351
374
405
388
373
405
391
357
387
394
349
356
391
340
311
344
305
252
278
258
188
196
176
109
84
67
-4
-36
-47
-114
-150
-156
-212
-258
-269
-325
-374
-388
-433
-492
-506
-533
-583
-588
-594
-633
-645
-621
-638
-652
-624
-616
-612
-569
-531
-529
-492
-440
-423
-399
-334
-297
-273
-214
-167
-155
-127
-94
-96
-87
-63
-53
-37
2
1
23
47
38
50
87
67
70
134
125
121
187
207
173
233
284
249
287
352
335
337
377
384
354
363
371
380
358
341
403
339
279
362
316
189
270
286
120
186
271
100
108
219
96
35
162
114
20
116
130
46
80
124
87
72
119
135
113
113
153
144
85
127
129
42
52
86
4
-28
1
-78
-143
-127
-170
-227
-224
-259
-311
-321
-347
-389
-397
-415
-432
-396
-381
-373
-336
-300
-273
-220
-172
-139
-72
-6
45
110
171
204
234
268
295
327
365
383
401
403
383
354
322
283
238
197
148
103
57
11
-47
-95
-145
-199
-258
-314
-356
-380
-409
-451
-462
-474
-503
-498
-478
-470
-449
-410
-388
-371
-320
-292
-255
-202
-162
-127
-71
-30
-15
34
63
72
117
140
103
118
143
85
70
119
55
7
78
28
-64
11
-1
-119
-38
50
-38
16
151
88
93
274
258
243
439
442
356
481
512
402
514
605
511
567
642
490
426
479
345
281
377
280
148
181
82
-77
-60
-111
-244
-213
-185
-272
-250
-208
-298
-302
-228
-253
-227
-117
-94
-61
37
49
39
99
123
146
231
275
251
254
238
187
171
176
153
143
144
104
65
28
-27
-72
-92
-119
-144
-180
-241
-292
-331
-382
-413
-437
-499
-544
-570
-621
-666
-686
-740
-779
-764
-763
-765
-720
-705
-711
-659
-620
-590
-495
-410
-362
-270
-191
-165
-106
-29
25
135
257
300
334
359
310
305
344
332
370
432
406
372
375
292
222
252
258
255
346
390
339
402
433
388
497
605
612
690
766
708
695
757
716
706
814
813
763
778
688
540
499
429
297
278
237
111
38
-38
-194
-308
-376
-482
-532
-511
-534
-556
-549
-596
-636
-617
-603
-559
-456
-374
-306
-233
-201
-179
-133
-78
-8
88
162
193
205
185
143
128
134
138
159
167
141
105
50
-32
-95
-130
-158
-174
-189
-230
-292
-360
-435
-494
-523
-546
-567
-571
-587
-629
-672
-721
-748
-716
-658
-603
-539
-486
-473
-444
-395
-343
-247
-123
-20
78
175
213
223
266
323
389
488
562
580
567
528
453
395
379
378
369
370
353
287
225
174
98
85
125
115
133
210
241
263
343
389
407
463
471
436
524
644
680
751
799
725
668
630
506
441
465
402
322
305
195
-7
-172
-362
-529
-529
-509
-558
-568
-614
-754
-835
-845
-854
-782
-669
-600
-513
-426
-416
-427
-406
-371
-284
-146
-22
61
83
72
69
74
98
156
216
268
322
326
294
273
234
201
231
269
267
262
223
145
94
35
-62
-108
-120
-159
-198
-249
-359
-466
-546
-617
-641
-639
-670
-706
-724
-751
-773
-780
-786
-752
-680
-605
-511
-429
-391
-342
-283
-225
-105
31
116
232
341
372
442
504
471
523
621
610
658
715
619
597
633
495
471
543
410
343
414
317
311
456
342
310
479
412
365
541
528
536
788
812
811
1027
972
779
844
832
795
1018
1057
904
907
741
399
314
249
77
76
26
-187
-301
-465
-789
-985
-1082
-1201
-1176
-1088
-1125
-1187
-1244
-1349
-1383
-1296
-1176
-1016
-821
-664
-571
-508
-468
-440
-355
-186
6
160
255
281
264
254
245
232
265
321
355
364
327
233
126
51
18
33
45
13
-48
-122
-211
-306
-393
-457
-488
-507
-528
-572
-652
-752
-848
-905
-909
-867
-812
-771
-751
-736
-709
-673
-613
-518
-383
-211
-38
106
209
296
385
489
619
770
933
1035
1086
1116
1119
1111
1112
1080
1064
1127
1083
989
933
807
710
651
564
524
568
569
496
493
455
366
446
503
536
728
755
721
873
939
952
1068
1042
893
905
939
884
993
1035
831
773
719
438
290
220
-6
-125
-174
-399
-581
-710
-995
-1230
-1314
-1454
-1548
-1538
-1585
-1632
-1657
-1739
-1786
-1736
-1654
-1558
-1428
-1295
-1182
-1088
-1022
-965
-905
-794
-630
-512
-408
-329
-349
-313
-216
-214
-186
-131
-178
-173
-121
-189
-256
-253
-322
-327
-240
-275
-327
-313
-383
-441
-419
-486
-558
-518
-523
-543
-522
-585
-660
-652
-653
-626
-548
-512
-454
-405
-387
-275
-176
-142
3
120
172
410
573
578
764
871
834
1054
1233
1229
1418
1486
1348
1488
1534
1357
1487
1505
1289
1476
1427
1067
1267
1201
811
1058
1063
683
991
1095
672
898
1048
600
808
1167
831
994
1344
1005
1104
1486
1206
1120
1280
969
837
1058
983
867
945
771
511
430
226
-24
-122
-248
-445
-592
-741
-975
-1228
-1400
-1561
-1695
-1727
-1750
-1796
-1803
-1827
-1915
-1937
-1872
-1829
-1734
-1585
-1492
-1374
-1264
-1227
-1166
-1091
-1009
-886
-753
-655
-611
-588
-558
-521
-461
-423
-416
-400
-387
-386
-387
-393
-427
-437
-395
-343
-322
-313
-346
-373
-369
-370
-402
-412
-364
-339
-326
-326
-372
-402
-392
-386
-330
-275
-230
-174
-155
-115
-6
43
74
227
315
355
553
681
645
794
899
819
974
1190
1131
1227
1356
1215
1281
1333
1198
1218
1182
1146
1225
1121
979
987
891
679
807
779
523
809
860
401
672
800
371
696
856
497
708
1015
688
800
1201
946
917
1195
812
626
921
700
663
890
736
510
594
351
-37
18
-131
-371
-315
-399
-680
-757
-910
-1255
-1402
-1350
-1462
-1491
-1324
-1397
-1510
-1470
-1509
-1621
-1483
-1282
-1298
-1097
-904
-969
-909
-814
-870
-794
-572
-492
-393
-314
-333
-365
-349
-350
-339
-298
-234
-232
-262
-220
-292
-307
-269
-337
-305
-219
-302
-302
-266
-375
-379
-336
-400
-411
-361
-409
-535
-495
-565
-642
-519
-609
-609
-574
-555
-574
-545
-501
-541
-466
-323
-297
-141
-1
-33
130
130
279
330
553
701
684
880
848
888
987
1024
1033
1135
1267
1169
1157
1465
934
998
1221
775
1096
1156
796
888
1070
709
639
711
765
658
774
740
666
799
765
811
487
827
897
648
932
1148
862
1083
1229
685
768
857
546
548
998
647
545
831
295
-2
237
-193
-423
-41
-379
-618
-445
-755
-1240
-1168
-1325
-1622
-1408
-1303
-1501
-1438
-1419
-1700
-1684
-1539
-1536
-1404
-1083
-1034
-994
-815
-849
-867
-746
-613
-445
-188
-60
-90
-79
-100
-136
-100
-40
42
79
99
132
21
-49
-3
-90
-107
8
-5
-54
-12
-69
-231
-104
-127
-308
-190
-220
-408
-331
-359
-498
-411
-430
-473
-474
-371
-499
-456
-363
-405
-308
-208
-104
-69
184
49
144
316
219
329
601
562
502
1112
428
555
1418
79
654
1541
172
730
1684
248
576
1512
112
168
1271
582
-270
1410
557
-437
1104
173
-159
620
310
-241
556
378
-99
392
112
-62
300
170
59
618
393
544
646
679
549
454
677
202
277
687
819
638
791
785
314
311
245
-165
-60
198
-229
-362
-192
-660
-1145
-1106
-1357
-1586
-1270
-1331
-1435
-1280
-1496
-1734
-1550
-1488
-1489
-1190
-964
-892
-733
-589
-710
-531
-398
-287
85
237
323
321
256
265
339
398
368
495
623
389
506
323
260
309
85
374
265
247
258
61
20
116
-17
-257
-25
-174
-499
-222
-459
-643
-471
-693
-626
-636
-571
-717
-644
-607
-614
-511
-403
-212
-402
82
-27
17
62
471
234
-3
1182
185
526
1250
179
576
1340
7
431
1486
37
533
1153
273
121
979
-33
-255
1183
-91
-512
1068
46
-1003
857
145
-895
498
329
-845
559
741
-1086
556
614
-656
330
843
213
326
1256
638
638
1331
726
587
950
556
583
1094
1256
1026
847
992
651
221
234
242
-30
38
-23
-393
-524
-776
-1330
-1476
-1352
-1665
-1440
-1240
-1499
-1553
-1585
-1699
-1539
-1295
-1341
-833
-610
-753
-428
-335
-431
-171
68
224
640
769
633
677
621
512
742
840
718
890
811
559
622
418
155
418
349
153
583
319
-32
98
66
-375
-127
-84
-481
-205
-464
-671
-734
-706
-1119
-827
-785
-966
-690
-859
-828
-851
-717
-747
-348
-567
-168
-25
-245
131
165
11
177
749
164
619
984
305
256
1059
306
201
889
774
-153
959
993
-986
1067
165
-414
459
354
-27
-287
576
-482
-203
96
-251
-97
-211
291
-194
-46
175
-75
-244
58
657
-35
486
904
454
748
1084
809
952
983
593
538
666
1178
1188
1263
1205
862
717
388
155
131
150
175
-60
-361
-412
-907
-1354
-1456
-1545
-1490
-1241
-1223
-1360
-1390
-1610
-1684
-1471
-1329
-1022
-605
-539
-313
-170
-211
-276
-140
319
474
851
1052
787
691
605
668
538
855
942
565
873
709
276
376
277
-51
153
581
66
215
286
-302
-257
-356
-256
-473
-369
-385
-792
-733
-1029
-879
-1286
-1247
-613
-1280
-912
-869
-1102
-1065
-807
-506
-1097
19
-184
-709
436
130
-528
792
281
298
949
466
1132
381
580
1132
397
604
839
911
457
498
977
-234
545
469
-329
472
278
-254
263
146
-410
75
-74
-452
19
14
-402
331
-131
-168
-74
28
73
106
520
193
653
880
656
827
1106
608
678
161
506
994
1229
1302
1090
1280
453
475
355
45
244
588
90
-279
-25
-577
-1299
-1266
-1355
-1457
-1087
-972
-1182
-1242
-1420
-1795
-1498
-1260
-1068
-632
-414
-331
-247
-179
-312
-185
88
578
902
847
1087
792
403
604
734
616
751
1140
633
599
1046
-61
316
407
-39
382
414
467
108
162
-343
-140
-343
-447
-122
-609
-614
-681
-753
-1354
-981
-1132
-1239
-914
-1008
-1151
-982
-1259
-1185
-439
-1521
94
-682
-723
514
-657
29
57
397
-57
676
851
965
-65
1499
933
-804
2280
324
410
936
1563
-428
584
1721
-1462
1130
593
-431
408
844
-409
-544
1298
-1269
-734
1499
-1593
-416
1408
-1209
-657
1062
-842
-1100
1693
-576
-747
2189
339
-164
2016
1078
-339
1278
644
-366
1801
1795
702
1925
1525
137
1046
541
-224
920
825
-15
141
246
-823
-1242
-1238
-1319
-1382
-1097
-930
-1225
-1446
-1580
-1702
-1873
-1317
-911
-882
-361
-325
-491
-215
-445
-457
246
544
618
966
835
524
377
339
411
633
720
514
1018
354
268
538
-68
-106
544
185
-30
712
-113
-277
145
-311
-601
231
-235
-868
-120
-538
-1275
-625
-688
-1439
-324
-758
-1221
-592
-863
-1575
-546
-456
-1210
-45
135
-852
-522
1223
-1183
-640
2048
-882
-199
2339
348
-1393
2864
345
-2030
3097
780
-1523
2146
1828
-2289
1275
2277
-3049
970
2536
-2428
526
2190
-1616
-1104
2178
-1113
-1859
2165
-319
-1900
1458
669
-2430
1230
648
-1846
1119
947
-823
798
1659
-110
891
1781
18
178
974
228
547
1725
1282
772
1502
542
190
475
158
198
478
540
-191
14
-305
-1279
-1172
-883
-1273
-1078
-401
-1086
-1226
-906
-1401
-1457
-837
-692
-798
-80
-99
-419
-129
-122
-364
25
720
307
629
911
40
135
497
-70
126
857
66
167
741
-127
-368
565
-377
-376
865
-267
-302
853
-327
-814
1021
-405
-963
1205
-437
-1082
856
-373
-1443
837
-600
-1216
840
-750
-1091
523
-862
-1271
1098
-1222
-652
1269
-1221
-530
1385
-981
-1532
3195
-2394
-338
3443
-2781
568
2326
-1384
-1162
3726
-2045
-604
3638
-1643
-648
2499
-406
-2361
3346
-830
-1322
2337
71
-1504
995
899
-2244
1268
380
-1107
334
773
-765
-281
778
-945
32
359
-217
393
190
518
681
208
757
458
-93
269
507
12
938
1128
344
947
739
-234
248
579
-427
301
919
-364
-75
346
-1043
-883
-304
-1069
-776
-5
-769
-790
-391
-1033
-1209
-412
-501
-861
185
-32
-514
-2
-72
-503
8
314
0
631
366
12
204
117
-238
31
610
-216
291
545
-314
32
164
-330
-122
527
-516
292
648
-591
191
504
-299
-334
774
-176
-413
733
-268
-294
371
-516
-12
269
-881
455
-116
-989
314
232
-1307
163
1146
-2096
428
1674
-2632
117
2486
-3054
82
3027
-2938
325
2138
-1238
-1278
1984
169
-2492
2324
1150
-2916
1669
2092
-3724
1462
1874
-2659
359
2414
-1530
-1627
3622
-2135
-1611
2882
-931
-2303
2934
72
-3053
3028
-361
-2285
1633
992
-2159
1283
1936
-1797
747
2246
-1700
-60
2305
-1758
-62
2275
-628
-275
2282
-403
-857
1606
-164
-1047
1121
603
-1178
898
216
-1124
116
-153
-1051
-225
89
-819
-168
2
-804
-610
-55
-639
-505
205
-144
-284
19
146
-470
12
136
-85
123
343
115
-129
312
-193
-173
437
-93
-123
560
-23
-166
203
203
-402
58
254
-266
330
193
34
152
41
76
14
193
-173
372
122
-281
399
-37
-461
589
-223
-465
639
-423
-222
3
322
-945
485
81
-644
399
-164
-450
273
-187
-744
1142
-1046
217
524
-364
-478
899
-586
-513
1299
-1199
590
516
-757
37
1138
-1530
534
766
-924
402
608
-662
80
501
-891
337
212
-390
-89
1128
-1349
453
367
-841
203
253
97
-372
1042
-6
-235
725
236
-670
718
186
-800
831
635
-458
657
691
-690
290
461
-592
-18
793
-544
-56
492
-783
-144
223
-1069
-66
273
-964
77
223
-921
-126
114
-883
-27
333
-627
207
323
-571
195
352
-480
312
460
-357
524
34
-155
246
-39
131
75
207
54
167
63
-116
336
-250
-62
286
-116
116
410
-306
242
136
-339
341
242
-720
782
194
-949
884
-21
-697
294
543
-1057
245
902
-1478
385
858
-1276
-121
1353
-1373
-241
1209
-1072
-126
237
427
-1243
633
548
-1207
333
846
-1241
40
1289
-1599
516
661
-410
-614
846
73
-1153
780
417
-810
196
1190
-1430
555
741
-1183
293
1031
-1395
384
1140
-1460
206
1046
-766
-996
2239
-1481
-606
2331
-1515
-160
1601
-589
-848
1662
-368
-1278
1408
4
-1141
1153
762
-1398
910
794
-1532
514
823
-1238
333
747
-999
98
580
-797
-432
520
-521
-600
664
-316
-597
395
-256
-555
247
42
-321
136
243
-119
-134
617
-328
-170
782
-476
126
360
-53
-126
343
20
-73
280
-134
309
-463
425
-29
-392
370
139
-395
351
326
-637
354
302
-540
162
648
-940
631
-25
-470
361
-142
-213
148
135
-630
970
-875
212
376
-609
-31
357
29
-1285
1932
-1175
-788
2068
-1530
-348
1501
-960
-521
994
12
-1277
916
784
-1810
701
1659
-2383
373
2480
-3148
589
2555
-2879
214
2721
-2427
-431
2737
-1711
-1330
2804
-799
-2679
3668
-1004
-2756
3664
-1025
-2194
2750
-444
-2256
2196
-108
-1590
1319
660
-1382
605
1284
-1580
603
1039
-1344
188
836
-779
239
734
-236
-244
511
-148
-569
532
-63
-400
355
55
-449
191
-156
-453
12
-192
-29
-123
-56
-40
-307
13
-100
-29
-38
109
82
-82
206
51
-188
265
-60
82
177
30
314
-285
367
-66
-40
209
35
-105
-58
401
-593
368
87
-353
175
215
-236
-232
806
-737
-88
953
-981
20
823
-1025
132
483
-355
-600
1101
-489
-838
1562
-930
-521
1450
-1129
-276
1246
-1347
647
-199
534
-1198
1455
-479
-1024
2033
-1636
352
517
-45
-1382
2186
-1230
-817
2196
-1521
-332
1462
-844
-636
1236
-355
-870
1041
103
-1349
1451
-534
-389
516
-59
-432
289
95
-518
511
-306
27
131
-280
201
-424
346
20
-565
1122
-787
99
657
-383
-193
857
-195
-648
1072
-397
-565
978
83
-783
944
123
-875
567
374
-1099
630
391
-957
453
158
-559
-121
212
-368
-201
305
-297
-257
235
-336
-92
163
-265
225
-162
-52
338
-416
164
348
-449
253
462
-643
475
435
-843
630
275
-558
77
724
-646
-306
1258
-997
-270
1180
-786
-436
1005
-460
-361
305
330
-504
-530
1528
-1048
-881
2266
-1356
-1052
2458
-1253
-1204
2223
-667
-1527
1982
-157
-1867
1998
-186
-1608
1794
-423
-1103
1490
-736
-672
1780
-1915
687
1059
-1840
875
680
-962
-523
2197
-2044
-149
2094
-1730
-482
1830
-674
-1537
2287
-803
-1225
1603
-172
-1290
1008
490
-1396
272
1490
-2207
779
1222
-2117
1289
-13
-410
-341
1144
-911
-431
1817
-1704
414
1158
-1148
-15
1469
-1069
-38
1562
-1083
-42
1271
-906
-163
1213
-471
-462
963
-189
-791
889
-293
-529
586
-295
-471
267
-329
-329
74
-275
-178
-176
14
-468
139
-76
-475
367
-130
-171
-24
397
-296
-69
681
-359
-82
679
-207
-122
735
-87
-272
537
142
-536
676
-85
-204
398
-34
-163
114
260
-686
481
204
-906
920
-137
-859
924
-178
-1119
1236
-84
-1325
1349
-135
-1006
430
1089
-1921
820
1046
-1757
810
579
-733
-427
1306
-911
-45
613
8
-712
384
759
-1482
767
885
-1585
663
1381
-2485
1571
618
-2339
2065
-325
-1085
955
-7
-535
-105
941
-1125
160
591
-818
-136
887
-991
-419
1719
-1999
712
480
-846
36
568
-150
-460
927
-564
506
-163
788
-100
344
737
-51
475
291
1060
-390
662
721
-606
592
840
-561
496
404
-382
-146
128
-508
-440
264
-807
-485
-181
-559
-959
-65
-700
-1137
124
-580
-954
44
-292
-919
43
-114
-528
123
169
-268
235
142
215
-16
160
556
155
17
771
220
-491
856
65
-242
352
319
190
-616
1061
-168
-785
1006
-313
-455
563
103
-533
374
-133
-53
-408
362
226
-1137
841
156
-1305
713
194
-1112
596
-182
203
-889
708
113
-1529
1539
-487
-607
561
323
-1156
743
382
-1316
1046
167
-982
821
291
-850
371
591
-921
312
563
-665
-112
688
-220
-711
1329
-861
-208
743
-519
-322
699
-216
-755
1175
-549
-211
558
-192
-49
293
295
252
-53
396
538
66
203
1213
136
263
1468
-88
408
1383
439
-64
1104
255
13
860
705
-443
345
774
-1081
127
206
-890
-128
-75
-1020
-604
-78
-1186
-887
-327
-1059
-831
-200
-756
-889
-11
-850
-553
-180
-246
-128
-62
175
-200
539
-83
307
136
204
792
-341
1005
227
-210
382
222
39
-203
721
-196
-255
588
-451
12
-248
102
-185
-450
841
-1052
396
-419
-406
24
-173
-502
-67
-62
-568
-51
-485
-241
-415
106
-595
72
-75
-649
225
-300
-319
411
-377
246
-527
407
47
-428
-7
758
-458
-447
2080
-2141
1174
248
-466
350
187
784
-1231
1459
-224
-414
1020
16
1
-202
1328
-932
208
1527
-1443
1055
108
289
-6
605
785
-602
1308
168
499
830
633
874
599
1155
866
896
1212
834
872
1355
1091
724
684
604
520
532
964
228
12
244
-395
-521
-586
-432
-742
-858
-668
-1416
-1123
-1201
-1852
-1485
-1195
-1092
-1454
-764
-1238
-1372
-795
-1289
-542
-611
-189
-162
-325
-126
-14
62
-426
691
-69
174
709
181
-154
310
-205
-337
354
-276
193
-209
-54
-459
-187
-444
-372
149
-760
69
143
-699
-496
411
-967
-300
635
-1407
286
-51
-804
-159
58
-711
-216
-185
-349
111
-765
554
-410
-832
873
-215
-528
1327
-778
133
489
-188
-112
1265
-152
152
1548
-1125
873
465
90
162
1198
339
1
969
314
-438
1041
589
-295
1105
624
-205
579
595
-370
710
766
264
871
831
19
887
144
875
1165
1087
934
1446
1043
445
1676
956
1024
1441
1592
1352
905
1182
619
-78
1325
750
465
795
310
-552
-562
-175
-1059
-708
-163
-1178
-1402
-992
-1634
-2115
-1547
-1385
-1886
-1031
-1143
-1756
-1307
-1033
-1639
-962
-417
-805
-165
-191
-546
-317
-31
-378
-108
379
54
-5
203
-45
-449
46
-493
-302
-72
-601
186
-757
-534
-650
-783
-496
-629
-18
-741
-465
-511
-841
-979
118
-380
-1107
351
-951
-765
-172
-662
-9
-1058
267
-658
-1125
718
-391
-479
-180
975
-1143
166
1855
-978
435
1698
-582
120
1814
621
-147
1546
1345
-774
1511
1158
63
472
1386
349
138
1734
188
188
852
252
305
624
761
1060
-76
686
714
644
310
1258
1026
-20
1787
1216
339
1709
2099
254
1507
2373
1097
948
2429
1349
749
2641
1302
755
1585
762
113
894
1213
346
332
164
-767
-812
-835
-1041
-1100
-1251
-1557
-1935
-1805
-2164
-2324
-2357
-2159
-1924
-1622
-1506
-1882
-1634
-1538
-1527
-652
-256
-508
-140
-286
-287
-63
331
100
83
456
153
218
589
-428
-276
6
-696
-419
274
-996
-1082
-220
-1878
-989
103
-1095
-1758
-38
-1771
-1903
-73
-1090
-1443
22
-910
-2203
-9
-587
-1652
44
-702
-1318
292
-1448
-131
54
-556
-22
257
-517
441
1000
-801
668
1804
-719
516
2259
-627
1093
1363
360
-174
2163
416
-473
2239
539
-251
1072
1084
-410
736
1450
-577
985
1568
-386
904
1247
450
415
2040
200
1017
1830
279
1357
2495
1316
1252
2713
1213
1576
2675
1981
1601
2765
2471
1072
2272
2618
842
1083
1316
798
1013
1774
311
-633
447
-843
-1507
-644
-753
-1571
-1820
-1932
-2240
-2005
-2138
-3018
-2691
-1995
-1880
-1891
-1728
-1677
-2107
-1524
-903
-627
213
-114
-543
-277
109
220
305
657
464
150
554
455
-400
-178
-181
-498
-244
-44
-1119
-1639
-1429
-1404
-1554
-902
-655
-1635
-2160
-1637
-1940
-1612
-763
-1219
-1303
-1130
-700
-1936
-920
-703
-808
241
-1298
64
-175
-534
-147
96
751
-334
2006
-607
-330
2727
-531
771
1383
1447
-72
1531
1740
-821
2379
804
79
1167
1454
972
233
1147
434
40
1124
1009
778
538
1786
235
312
1527
748
1245
1326
1853
341
1717
1400
1017
2046
1966
2298
1759
2483
1569
2544
2456
1877
2563
2304
2475
1852
2447
1341
916
1057
125
1096
1546
596
-398
-594
-1219
-2205
-1493
-1141
-1631
-1481
-2433
-3450
-3173
-2905
-3219
-3045
-2512
-2486
-2726
-2348
-2580
-2236
-1799
-1711
-718
-384
-93
-414
-453
-283
34
816
575
718
900
335
626
166
238
-84
-266
-118
-401
-311
-1273
-1463
-2048
-1954
-1053
-1358
-1559
-1891
-2234
-2749
-2353
-1677
-1901
-1244
-1604
-2167
-1399
-1705
-1742
-914
-432
-1083
179
-55
-954
-38
741
-531
896
2092
-66
795
1743
755
85
2901
680
605
3156
824
201
1838
1695
-499
1907
2457
-119
1538
1085
-647
1289
1669
706
756
2218
363
627
1408
750
1489
1795
1210
1116
2665
1046
1330
2077
1731
2105
2849
2265
1637
2996
2254
1639
2706
2946
1926
2136
2299
1803
1562
1031
7
446
1586
1429
-177
-727
-914
-1955
-1909
-1541
-760
-1656
-2161
-3219
-3646
-2751
-2781
-3160
-3027
-2309
-2529
-2786
-2533
-2236
-1980
-1634
-1198
-544
-10
-211
-591
-176
215
762
913
710
1025
766
464
476
499
586
-177
76
-105
-561
-722
-1708
-1637
-1694
-1417
-1245
-1871
-2444
-2507
-2565
-2710
-2189
-1496
-2162
-2277
-2070
-2167
-1768
-1203
-1306
-1359
-228
-354
-654
-24
313
-140
513
1382
1182
617
2082
1166
245
2309
1845
1078
1951
1971
1033
1211
1898
818
994
2300
815
1334
1509
767
356
1520
1767
544
1877
1713
396
1064
1833
1362
1537
2314
1462
1105
2395
2154
1921
2182
2413
2072
2245
2863
2492
2419
2657
1950
2114
2664
2169
1946
1980
1882
682
337
468
702
750
-46
-863
-1522
-1780
-2355
-2402
-2089
-2252
-2874
-3667
-4252
-4114
-3705
-3984
-4022
-3431
-3267
-3911
-3523
-3061
-2939
-2218
-1640
-1391
-961
-529
-663
-498
325
832
808
1050
1178
800
752
928
960
696
650
337
-183
-353
-545
-1072
-1332
-988
-1513
-1667
-1953
-2194
-2257
-2768
-2197
-2253
-2015
-2359
-2208
-2195
-2278
-1384
-1813
-1578
-727
-818
-817
-558
200
-281
112
1073
1132
1063
1013
1754
946
1571
2707
1464
1729
2257
1899
910
2369
2227
688
2366
1466
1088
1604
2021
373
1155
2679
502
1074
2283
1271
1099
1916
1593
1612
2336
2470
1162
2641
2666
2223
2551
2506
3016
2522
3118
2689
3103
2943
2451
2336
2967
2836
2024
2145
1753
1725
883
280
414
724
84
-681
-1253
-1789
-2092
-2734
-2853
-2850
-2731
-3438
-4625
-4666
-4264
-4335
-4602
-4428
-3724
-4117
-4233
-3734
-3645
-2885
-2403
-2212
-1623
-1003
-899
-929
-401
230
629
942
789
1027
994
772
870
909
1209
688
312
188
-428
-685
-896
-787
-550
-1016
-1649
-2089
-1938
-2226
-2335
-1674
-1589
-2017
-2157
-2242
-2387
-1427
-1213
-1594
-851
-474
-1044
-660
78
74
786
1316
1102
1558
2137
1284
1637
2980
2315
3125
3036
1961
2826
2778
1845
2539
2956
1940
2606
1736
1318
2110
1503
1075
1678
2253
959
1149
1220
955
2065
1838
1712
1602
2190
1859
1673
2751
2469
3293
2586
2641
3130
3487
3451
2300
2986
3118
3368
3340
2452
2252
2040
1040
636
688
1207
935
-378
-1850
-2249
-2099
-2772
-3582
-3248
-3063
-4227
-5642
-6091
-5734
-5379
-5361
-5639
-5356
-5538
-5630
-5669
-5232
-4032
-3343
-3243
-2922
-2474
-2101
-1732
-1246
-419
469
606
234
442
539
785
909
1026
1214
785
393
-135
-685
-747
-712
-580
-643
-1284
-1936
-2586
-2760
-2526
-2382
-1803
-2151
-2708
-2943
-3048
-2698
-1846
-1355
-1569
-1249
-1447
-1299
-468
-5
558
1155
1689
1164
1753
2327
1814
3332
3410
3194
3732
3306
2847
3598
3737
2985
3656
3292
2368
3214
2029
2591
2619
2363
1472
1593
2897
794
2178
1265
1698
2261
2277
1756
1525
3128
2017
2719
2885
3232
3707
3223
3321
3572
4692
3927
2982
3713
4211
4557
3788
2753
2914
2620
1878
1111
1612
2245
1216
-657
-2071
-1656
-1208
-2346
-3536
-2902
-3238
-4659
-6025
-5956
-5238
-4897
-5632
-6368
-5651
-5717
-6024
-5952
-5175
-3897
-3559
-4072
-3939
-2924
-2172
-2132
-1612
-707
69
-207
-647
-11
457
743
569
577
630
508
-29
-461
-486
-648
-850
-1047
-1325
-1627
-1954
-2629
-2769
-2671
-2596
-2642
-2728
-3084
-3212
-3231
-2897
-2322
-2258
-2280
-2111
-1848
-1483
-832
-366
-136
550
925
938
1899
2174
2564
3129
3174
3576
4209
3737
3709
4763
4360
3747
4199
4161
3698
3873
3146
3256
3698
2449
1827
3002
2477
1650
2330
1816
1575
2287
2230
1680
2493
2515
2160
2906
2952
3240
3628
3703
3624
4187
3925
3259
4241
4660
4803
3929
3233
3015
2433
2004
1840
3268
2583
287
-1279
-1510
-1001
-1253
-2474
-2969
-2691
-3602
-5895
-6472
-5305
-4783
-5285
-6414
-6666
-6092
-6391
-6866
-5902
-4653
-4607
-5038
-4845
-4363
-3307
-3029
-2842
-1711
-1043
-1196
-1436
-1100
-345
388
274
-419
-216
120
-213
-391
-524
-630
-1240
-1954
-2153
-1560
-1420
-2565
-3364
-3499
-3189
-3318
-3521
-3677
-3646
-3634
-3920
-3783
-3572
-3338
-3256
-2754
-2172
-1973
-1930
-1483
-610
50
651
986
1560
2043
2498
3227
3906
4037
4237
5049
4990
4968
5241
5566
5126
5299
5456
4942
4754
4215
4483
4132
3946
3328
3377
3297
2442
3145
3045
2568
2008
2963
3140
2545
2811
2967
3476
3576
4057
3928
3717
3608
4238
5081
5298
4791
4434
3902
2529
2816
3859
4952
4016
1684
-224
-137
436
-135
-1085
-1163
-1494
-2916
-5288
-6020
-4490
-4008
-5169
-6415
-6455
-6542
-6788
-7034
-6355
-5330
-5127
-5559
-5638
-5135
-4143
-3624
-3316
-2305
-1437
-1626
-2088
-1402
-291
503
406
-270
-154
454
447
425
436
-112
-768
-1497
-1444
-944
-732
-1870
-3179
-3333
-3263
-3497
-4004
-4311
-4041
-4239
-4748
-5211
-5047
-4817
-4555
-4149
-4049
-3646
-3599
-3465
-2633
-1465
-737
-562
-155
645
1570
2302
2647
3328
4261
4840
4901
4835
5479
5781
6025
6449
6103
5755
5704
5152
5308
5532
4944
4341
4007
3956
3405
3402
3076
2608
3020
2964
2730
2249
2417
2829
3180
3479
3383
3601
3300
3516
4372
5118
5265
4818
4244
2856
3100
4405
5810
5675
3008
1049
1147
1690
1289
239
400
208
-1522
-4096
-4988
-3967
-3276
-3987
-5736
-6201
-6406
-7031
-7310
-6610
-5737
-5466
-5992
-6540
-6180
-5020
-4571
-4045
-2847
-2281
-2572
-2991
-2587
-1073
310
53
-683
-497
-135
188
464
371
65
-455
-1241
-1262
-909
-773
-1580
-2575
-2762
-3100
-3669
-4297
-4526
-4174
-4409
-4981
-5903
-6073
-5817
-5681
-5167
-5082
-5032
-5196
-4949
-4040
-3150
-2390
-2136
-1451
-599
100
821
1406
2403
3496
4115
4116
4217
5049
5661
6031
6391
6071
6059
5510
5651
6050
6111
5742
4380
4578
4427
4016
3983
3761
3502
3485
3283
2670
2661
3306
3515
3462
3528
3776
3601
3664
4138
4836
5693
5295
4876
3857
3378
4201
5810
6975
5245
2610
1825
2501
3016
2009
1315
1589
725
-1530
-3605
-3400
-2212
-2152
-3947
-5488
-5515
-5705
-6298
-6259
-5796
-5199
-5525
-6108
-6146
-5254
-4379
-4382
-3713
-2771
-2329
-2619
-2895
-1988
-294
468
-246
-797
-384
223
790
971
563
63
-416
-1009
-681
-10
-114
-1385
-2364
-2428
-2651
-3132
-3757
-3946
-3558
-4005
-5161
-6065
-5862
-5561
-5271
-5114
-5593
-5650
-5584
-5274
-4618
-3732
-3139
-2894
-2399
-1715
-908
-58
310
1436
2578
3031
2961
3237
4299
4855
5312
5564
5432
5048
5372
5518
5850
5860
5046
4476
4202
4473
4341
4349
3581
3158
3407
2995
2687
2774
3377
3184
3034
3096
2827
2933
3463
4124
4538
4554
4213
3559
2705
3213
4975
6669
5709
2820
1658
2585
3398
2890
2075
2346
1977
41
-2481
-2774
-869
-432
-2177
-4174
-4523
-4451
-4996
-5409
-5087
-4156
-4509
-5648
-5886
-5426
-4468
-4381
-3980
-3226
-2829
-3174
-3747
-2976
-1399
-478
-968
-1750
-1402
-707
-235
117
-161
-377
-1189
-1070
-437
29
-288
-1789
-2065
-1568
-1689
-2408
-3358
-3081
-2825
-3460
-4418
-5054
-4668
-4839
-4910
-5099
-5027
-4937
-5433
-5256
-4743
-3944
-3534
-3507
-2804
-2280
-1543
-1296
-652
698
1472
2018
2032
2390
3296
3886
4292
4620
4963
5010
4944
5178
5037
5335
5262
4856
4865
4812
4812
3947
4093
3828
3987
4036
3289
3314
3343
3626
3303
3469
3091
3227
3559
3931
4150
4069
3994
2986
2292
2989
4871
5873
4337
1786
1361
2655
3352
2048
1666
2243
1880
-282
-2571
-1872
99
223
-2083
-3587
-3514
-3214
-3670
-4281
-3608
-2886
-3390
-4481
-4959
-4075
-3296
-3199
-2908
-2560
-2357
-3138
-3379
-2439
-997
-525
-1536
-2303
-2027
-1140
-800
-713
-1113
-1502
-1645
-1466
-1112
-1310
-1656
-1890
-1839
-1614
-2365
-2837
-2814
-2640
-2729
-3209
-3367
-3527
-3755
-4275
-4145
-3602
-3375
-3767
-4146
-3980
-3324
-3111
-2876
-2446
-1758
-1400
-1647
-1167
-230
672
897
1129
1681
2099
2300
2451
2971
3761
4021
3916
3587
3713
4225
4178
4462
4292
4471
4390
3646
3684
4361
4569
4009
3837
3863
3707
3914
3940
4288
4071
3560
3592
3855
4479
4223
4155
3666
3541
2771
2544
3394
4698
4688
1952
205
1084
2645
2173
557
342
796
-204
-2251
-2757
-1312
-566
-1619
-3571
-4049
-3372
-3236
-3644
-3743
-3013
-2759
-3738
-4535
-3865
-2483
-2218
-2674
-2651
-2232
-2200
-2719
-2464
-1472
-803
-1363
-2500
-2550
-2137
-1837
-1780
-1796
-2072
-2601
-3080
-3045
-2705
-2608
-3008
-3041
-2902
-3278
-3950
-4219
-3748
-3141
-3059
-3597
-4197
-4329
-4118
-3717
-3128
-2795
-2952
-3413
-3284
-2596
-1976
-1532
-1173
-681
-343
-343
-180
623
1631
2125
2098
2127
2196
2641
3149
3475
3780
3755
3516
3213
3537
3984
4177
3906
3645
3745
3690
3324
3890
4299
4164
3686
3457
3844
4100
4563
4621
4667
4017
4106
4444
4999
5167
5179
5111
4702
3765
2898
3845
5549
6296
3837
893
1133
2896
3119
1104
503
1700
1029
-1722
-3503
-1936
-176
-589
-2937
-4116
-3474
-3102
-3562
-3710
-2912
-2073
-2855
-4035
-3875
-2435
-1581
-2012
-2085
-1435
-1228
-2205
-2589
-1475
-203
-286
-1693
-2642
-2360
-2101
-2069
-2115
-1997
-2447
-3554
-4236
-4144
-3528
-3505
-3881
-4064
-4340
-4897
-5504
-5296
-4500
-4002
-4135
-4870
-5341
-5323
-4807
-3986
-3313
-3044
-3478
-3824
-3372
-2497
-1559
-1021
-696
-387
-201
-103
374
1393
2259
2497
2421
2263
2317
2860
3446
3863
3761
3457
3287
3178
3413
3636
3939
3821
3429
3352
3198
3489
3700
3851
3852
3594
3800
3857
4105
4437
4538
4331
4159
4448
4942
5029
4944
4831
5054
3995
3092
3704
5403
6037
3779
1345
1459
2935
2948
1250
860
1723
1057
-1536
-3160
-1736
-10
-371
-2807
-3844
-3141
-2707
-3170
-3422
-2578
-1609
-2278
-3321
-3377
-1967
-926
-893
-1159
-888
-576
-1078
-1307
-404
632
579
-651
-1494
-1459
-1208
-1225
-1504
-1488
-1992
-3156
-3983
-4065
-3599
-3606
-4148
-4685
-5096
-5571
-6146
-5977
-5494
-5213
-5423
-6106
-6407
-6376
-6058
-5363
-4553
-4145
-4693
-4965
-4355
-3189
-2214
-1799
-1490
-1070
-551
-146
371
1328
2142
2523
2490
2610
2922
3360
3774
4070
4277
4041
3508
3386
3800
4063
3864
3643
3447
3327
3126
3107
3328
3454
3631
3436
3265
3340
3773
4425
4315
3810
3801
4542
5141
4847
4594
4697
4937
4253
3405
3931
5175
5739
3891
1520
1385
2788
3333
1689
649
1155
933
-1020
-2747
-1745
-41
-294
-2464
-3794
-3055
-2362
-2447
-2919
-2552
-1526
-1640
-2436
-2795
-1671
-139
176
-332
-476
104
95
-85
515
1359
1413
374
-590
-764
-374
-96
-569
-1145
-1807
-2552
-3142
-3554
-3552
-3482
-3845
-4637
-5406
-5866
-6012
-5846
-5720
-5782
-5996
-6420
-6625
-6625
-6359
-5616
-4913
-4730
-5103
-5121
-4346
-3307
-2546
-2121
-1668
-1141
-789
-390
294
1268
1935
2110
2210
2555
2961
3100
3358
3811
4125
3893
3344
3189
3630
3841
3649
3355
3319
3339
3129
2897
2966
3371
3538
3267
3169
3511
3729
3509
3442
3799
4168
4556
4308
3972
3987
4205
3780
2926
3264
4419
4962
3405
1025
747
2222
2855
1404
5
346
581
-639
-2652
-2461
-709
-165
-1915
-3888
-3580
-2237
-1860
-2502
-2647
-1761
-1443
-1942
-2237
-1424
-37
313
-23
-126
531
645
286
696
1631
1960
1130
-183
-462
272
877
226
-853
-1271
-1560
-2066
-2725
-2926
-2764
-3091
-4018
-4913
-5179
-5133
-5327
-5316
-5483
-5777
-6215
-6472
-6326
-6032
-5513
-5176
-5146
-5118
-5108
-4460
-3512
-2704
-2228
-1989
-1443
-1023
-466
262
1049
1707
1842
1971
2308
2733
3111
3229
3579
3705
3553
3213
3032
3317
3587
3572
3151
2836
2921
2967
2876
2923
3187
3299
3189
3137
3431
3691
3586
3734
4082
4527
4691
4478
4352
4471
4713
3931
3209
3818
5173
5462
3154
909
1228
2874
2964
992
14
520
430
-1375
-3044
-2151
-654
-813
-2865
-4274
-3555
-2510
-2475
-2975
-2657
-1867
-1898
-2319
-2375
-1216
119
287
-125
-49
746
852
628
1036
1850
2240
1322
-113
-300
715
1382
414
-721
-1280
-1507
-1831
-2441
-2699
-2694
-3051
-4006
-5056
-5238
-5106
-5036
-5192
-5674
-6046
-6406
-6387
-6279
-5910
-5378
-5298
-5293
-5236
-5027
-4286
-3375
-2539
-2323
-1994
-1516
-1094
-399
372
1152
1542
1556
1651
1963
2610
2918
3018
3164
3088
2926
2684
2731
2855
3070
3208
2845
2467
2359
2443
2768
3103
3199
3083
3201
3369
3489
3603
3837
4356
4750
4851
4691
4710
4854
5009
4916
4229
3822
4384
5388
5164
3085
1527
1980
3020
2627
1026
367
610
199
-1501
-2534
-1799
-853
-1344
-2996
-3864
-3393
-2782
-2708
-2953
-2730
-2266
-2266
-2424
-2282
-1413
-515
-218
-415
-287
218
490
514
714
1281
1570
742
-322
-386
587
1102
220
-1086
-1766
-1678
-1727
-2239
-2690
-2888
-3212
-4060
-4987
-5229
-4816
-4576
-5160
-5930
-6291
-6132
-5893
-5889
-5692
-5295
-5048
-5129
-5161
-4671
-3728
-2814
-2426
-2279
-1838
-1210
-595
-13
702
1398
1723
1683
1689
2200
2906
3263
3178
2939
2826
2894
2921
2984
2833
2612
2655
2748
2671
2284
2064
2302
2777
3044
2893
2865
3042
3375
3662
3696
4016
4476
4975
5118
4991
5080
5236
5516
5198
4474
4591
5574
6291
4999
2788
2086
3170
3797
2547
1032
867
1020
-101
-2060
-2295
-1100
-538
-1967
-3896
-4062
-3096
-2654
-3122
-3382
-2715
-2166
-2391
-2686
-2266
-1087
-324
-238
-385
55
463
547
717
1350
1847
1250
-30
-190
778
1479
640
-877
-1540
-1490
-1637
-2311
-2752
-2792
-3271
-4465
-5506
-5583
-5189
-5263
-5972
-6738
-6858
-6828
-6923
-6960
-6734
-6181
-5920
-5984
-5994
-5583
-4753
-3897
-3229
-2807
-2418
-1906
-1306
-565
159
818
1201
1405
1658
1985
2482
2880
2957
2900
2763
2786
2901
2898
2841
2576
2382
2479
2584
2500
2164
2071
2353
2647
2758
2735
3064
3278
3366
3406
3750
4476
4915
5044
4976
5096
5449
5548
5679
5401
5021
5232
5795
6126
5042
3447
2942
3651
3965
2898
1624
1312
1326
377
-1160
-1369
-516
-198
-1614
-3268
-3215
-2234
-1878
-2559
-2899
-2252
-1642
-1853
-2223
-1790
-620
-63
-271
-506
52
537
580
562
1007
1186
457
-425
-120
709
663
-528
-1528
-1603
-1686
-2325
-2919
-2839
-2851
-3885
-5233
-5570
-5058
-4961
-5762
-6527
-6697
-6490
-6667
-6977
-6892
-6510
-6148
-6089
-6097
-5815
-5323
-4615
-3945
-3395
-3021
-2592
-1983
-1229
-479
34
390
742
1206
1782
2150
2429
2592
2643
2764
2835
2951
3027
3004
2932
2695
2539
2643
2798
2708
2360
2198
2483
2820
2893
2796
2926
3240
3499
3577
3796
4272
4749
4969
5011
5086
5327
5522
5715
5712
5318
5158
5482
6133
5849
4281
3140
3508
4337
3872
2219
1417
1665
1365
-209
-1243
-643
218
-620
-2543
-3210
-2345
-1658
-2076
-2669
-2284
-1594
-1718
-2252
-2117
-932
-12
-102
-592
-411
206
495
373
577
961
763
-153
-580
-218
255
-111
-1122
-1810
-2193
-2572
-2951
-3189
-3371
-4018
-4960
-5584
-5753
-5819
-6134
-6492
-6829
-7016
-7220
-7355
-7307
-7146
-6732
-6367
-6295
-6276
-6009
-5178
-4289
-3780
-3505
-2959
-2163
-1537
-1049
-502
238
847
1119
1415
1809
2321
2585
2598
2705
2838
3036
3093
3000
2839
2665
2694
2956
3027
2673
2239
2222
2644
3007
2926
2779
2920
3324
3509
3447
3598
4191
4860
5019
4818
4742
5019
5442
5713
5637
5132
4877
5194
5882
5702
4207
3114
3424
4154
3722
2209
1515
1725
1332
-98
-926
-373
268
-646
-2263
-2631
-1885
-1488
-1921
-2254
-1737
-1233
-1469
-1797
-1516
-551
126
96
-87
146
472
701
681
944
1359
1134
249
-271
-110
531
513
-493
-1536
-2118
-2223
-2243
-2580
-3093
-3717
-4406
-4959
-5315
-5498
-5611
-5881
-6364
-6745
-6931
-6861
-6869
-6932
-6599
-6173
-6034
-6194
-6121
-5274
-4210
-3737
-3714
-3330
-2468
-1662
-1241
-861
-90
636
933
1029
1333
2063
2558
2584
2506
2528
2680
2825
2895
2978
2837
2515
2448
2616
2749
2616
2296
2353
2602
2780
2742
2810
3172
3322
3390
3524
3979
4460
4654
4723
4754
4944
5107
5480
5675
4987
4638
4916
5897
5836
4052
2870
3288
4174
3665
2074
1548
1849
1440
-228
-1018
-268
432
-525
-2390
-2679
-1758
-1279
-1770
-2445
-1945
-1182
-1248
-1591
-1598
-725
55
167
-68
91
441
580
494
719
1315
1463
389
-566
-659
15
509
-323
-1492
-2341
-2823
-2920
-3074
-3351
-3908
-4802
-5620
-6070
-6199
-6445
-6609
-6986
-7342
-7581
-7894
-7930
-7832
-7343
-6771
-6712
-6902
-6891
-6127
-4954
-4259
-3975
-3590
-2803
-2157
-1553
-958
-72
808
1141
1316
1606
2081
2786
3173
3464
3461
3238
3158
3329
3664
3742
3534
3372
3278
3130
3050
3120
3361
3427
3288
3097
3410
3719
3585
3658
4135
4752
4878
4517
4595
5118
5517
5485
5609
5950
5307
4638
4655
5968
6623
4960
2998
2868
4019
4242
2755
1761
1862
1834
410
-854
-371
665
349
-1557
-2551
-1934
-970
-1110
-1937
-1957
-1046
-739
-1106
-1541
-933
92
518
197
150
459
592
388
404
994
1436
877
-185
-572
-812
-783
-767
-791
-1151
-2581
-4105
-4258
-3753
-3656
-4581
-5534
-5874
-6270
-7323
-7931
-7259
-6553
-6699
-8124
-9190
-8787
-7685
-6810
-6697
-7007
-6938
-6733
-6166
-5301
-4292
-3321
-2899
-3016
-2688
-1655
-658
92
486
1125
1717
1606
1336
1944
3168
4121
3767
2835
2463
2923
3733
4048
4026
3849
3094
2867
3227
3567
4246
4192
3534
3544
3862
3787
4156
4412
4786
5483
5119
4613
4904
5232
5713
6021
6171
5940
5059
4354
4900
6475
6543
4793
3163
3104
3836
3700
2811
2295
2325
1583
-75
-525
141
721
54
-1484
-1881
-1261
-930
-1389
-1777
-1391
-658
-422
-936
-1281
-735
28
569
499
411
379
233
75
243
933
1134
352
-834
-1645
-1293
-996
-1399
-2054
-2889
-3464
-4206
-4971
-5335
-5361
-5433
-6028
-6981
-7871
-8210
-8194
-8080
-7859
-8075
-8433
-9052
-9365
-8599
-7544
-6764
-6895
-7329
-6951
-6094
-5025
-4152
-3442
-2835
-2430
-2097
-1494
-468
405
1012
1436
1684
2027
2044
2350
2955
3401
3641
3334
2942
2931
3142
3386
3597
3638
3320
3178
3072
3073
3557
3844
4189
4275
4025
3736
3955
4761
5654
6029
5723
5323
5534
5842
6236
6657
7164
6810
5528
4811
5593
7296
7163
5036
3405
3526
4254
3993
2988
2753
2631
1542
-163
-401
616
1242
127
-1481
-1652
-841
-463
-1017
-1490
-858
10
122
-432
-901
-209
771
1314
1132
926
818
688
481
733
1345
1478
570
-708
-1558
-1186
-972
-1599
-2481
-3333
-3653
-4210
-5152
-5852
-6099
-6122
-6515
-7437
-8158
-8328
-8370
-8720
-8750
-8635
-8343
-8634
-9208
-8989
-8037
-6958
-6709
-6946
-6567
-5875
-5007
-4180
-3323
-2468
-2057
-1911
-1541
-496
560
1201
1225
1262
1697
1932
2182
2449
2578
2881
2763
2500
2364
2390
2564
2747
2995
2967
2769
2385
2469
3104
3779
4218
4025
3645
3570
4016
5157
5980
6244
5902
5414
5562
6104
6729
7278
7504
6414
5125
4904
6096
7610
6954
4671
3192
3035
3685
3640
3322
3173
2294
370
-987
-393
1107
1506
-76
-1584
-1606
-850
-482
-858
-672
226
418
40
-496
-271
707
1613
1645
1568
1513
1379
1069
543
862
1582
1620
755
-661
-1352
-1344
-1428
-3025
-4429
-3806
-3179
-3396
-5879
-8406
-8668
-7899
-7053
-7272
-7844
-8489
-10255
-11950
-11368
-8255
-6395
-7373
-10342
-11851
-9757
-7149
-5536
-5485
-5738
-5723
-6177
-5427
-3132
-845
139
-810
-1650
-1070
707
1628
1926
2294
2926
2935
1888
1254
1797
2887
4129
3717
2588
1709
1103
1487
2632
3742
4021
2847
1631
1536
2672
4264
5051
4536
3754
3896
4492
5681
6569
6621
6581
6082
5995
6668
7444
8174
6948
5292
5088
6349
7747
7024
4828
3262
3050
3335
3381
3601
3429
2470
150
-1365
-457
1118
1894
553
-1071
-1227
-796
-249
-28
409
979
915
454
236
895
1705
2165
1982
2067
2434
2245
1554
799
916
1844
2038
1180
-185
-1386
-2090
-2484
-3132
-2962
-2925
-3980
-5680
-7634
-8118
-7474
-7220
-7416
-8165
-9055
-9959
-10709
-10453
-8985
-7774
-8158
-9437
-10334
-9446
-7799
-6563
-5860
-5606
-5521
-5489
-5187
-3653
-1784
-722
-805
-1197
-836
278
950
1239
1623
2202
2570
1986
1182
1261
1907
2590
2691
2086
1631
1240
948
1140
1854
2430
2446
1823
1486
1917
2692
3451
3711
3618
3864
4165
4914
5640
6055
6214
6204
6255
6330
6553
7110
7616
7147
5822
5024
5297
6494
6530
5144
3734
2800
2529
2328
2292
2791
2684
1068
-1057
-1624
-462
1019
1010
-209
-845
-838
-462
-191
281
1210
1594
1183
715
1019
2019
2512
2470
2132
2318
2615
2402
1934
1313
1042
964
581
57
-413
-841
-1876
-2934
-4718
-6077
-5519
-4856
-4538
-5803
-8245
-9852
-10635
-10075
-8846
-7764
-7470
-8776
-11423
-12612
-10625
-8144
-6430
-6567
-8125
-8601
-8112
-6832
-5339
-3412
-2102
-2776
-3433
-3035
-1766
-29
939
902
1085
1642
1319
1081
1236
1882
2632
2411
2008
1636
1225
1200
1114
1483
2249
2282
1518
851
926
1891
2782
3062
3146
3294
3609
3738
3765
4375
5655
6607
6818
6331
6054
6637
6889
7048
7429
7823
8024
6773
5363
5083
6173
7072
6133
4467
3242
2947
2632
2261
2419
2587
2258
458
-985
-802
352
1120
259
-435
-343
22
448
381
693
1232
1445
1243
1307
2123
2712
2643
2028
1590
1898
2266
2474
2003
1204
520
-275
-642
-698
-605
-1125
-2616
-4285
-6052
-6337
-5533
-5097
-5324
-7048
-9141
-10439
-10466
-9430
-8395
-8027
-8709
-9892
-10969
-10720
-9420
-8204
-7183
-7297
-7467
-7107
-6663
-5804
-5013
-3956
-2863
-2276
-1811
-1466
-1057
-511
76
665
1508
2147
1981
1579
1123
1308
1821
2090
2271
1919
1530
1272
932
1125
1390
1518
1526
1506
1508
1739
2114
2434
2988
3262
3621
3966
4198
4742
5005
5661
6265
6658
6975
6924
6996
6905
6823
6800
7159
7349
6703
5823
4863
5054
5339
4825
4009
2998
2716
2205
1401
1056
1210
1428
603
-671
-1139
-417
365
-19
-604
-683
56
500
261
323
703
1271
1174
793
1232
1975
2344
1876
1075
720
851
961
927
730
73
-880
-2017
-2637
-2510
-2191
-2422
-3514
-5653
-8034
-8660
-7767
-5651
-4578
-6441
-9137
-11532
-11988
-10561
-8573
-6646
-6062
-7485
-10029
-11288
-10098
-7106
-4936
-4966
-5583
-5866
-5163
-4391
-3934
-3054
-2038
-1036
-573
-262
464
949
835
406
588
1714
3020
3351
2604
1643
936
1061
1499
2165
2960
3045
2632
1677
902
1018
1744
2904
3668
4150
4029
3891
3749
3919
4713
5240
6071
6293
6830
7373
7511
7534
7069
7124
7416
7732
7987
7917
7536
6357
5153
4377
5179
6178
6020
4672
2381
1434
1250
1526
2005
1997
1732
718
-750
-1249
-809
270
578
197
-379
-220
212
527
525
259
281
465
892
1401
1579
1438
806
182
-202
-196
194
363
130
-785
-2001
-2793
-3185
-3127
-3102
-3736
-4558
-6124
-7358
-7771
-7643
-6722
-6829
-7630
-8944
-10230
-10429
-9977
-8880
-7966
-7777
-8445
-9169
-9253
-8594
-7446
-6838
-6379
-5969
-5446
-4660
-4127
-3657
-3331
-2959
-2366
-1341
-141
680
880
460
200
560
1202
2004
2309
2235
1979
1539
1380
1494
1811
2223
2344
2258
2150
1949
1956
2105
2442
3111
3625
4091
4349
4459
4713
4955
5406
5867
6243
6622
6896
7466
7941
8186
8104
7554
7224
7132
7231
7583
7515
6890
6085
4842
4566
4610
4691
4542
3219
2164
1190
983
1348
1361
1289
349
-577
-1238
-1319
-616
-187
-79
-590
-1273
-1341
-1100
-422
-35
-100
-368
-744
-736
-401
-11
235
-18
-654
-1284
-1644
-1510
-1193
-1160
-1645
-2546
-3447
-3904
-3922
-3957
-4290
-5332
-6465
-7186
-7189
-6377
-6056
-6271
-7698
-9107
-9737
-9239
-7739
-6758
-6444
-7217
-8052
-8272
-7731
-6571
-5688
-5255
-5197
-5070
-4316
-3385
-2462
-2183
-2247
-2178
-1685
-606
484
1303
1416
1053
586
615
1236
2040
2576
2346
2000
1643
1792
2216
2446
2756
2410
2375
2145
2575
3235
3722
4001
3573
3550
3681
4511
5388
6182
6607
6680
6514
6373
6598
7130
8035
8664
9094
9047
8670
8203
7700
7548
7699
7862
7970
7348
6585
5423
4540
4117
3791
3954
3360
2749
1423
405
-234
-409
-220
-417
-833
-1667
-2303
-2613
-2469
-2204
-2034
-2313
-2602
-2896
-2599
-2122
-1661
-1525
-1793
-2012
-2111
-1879
-1498
-1172
-1108
-1384
-1936
-2320
-2552
-2458
-2507
-2664
-3029
-3541
-4116
-4878
-5425
-5978
-6172
-6497
-6669
-6832
-7087
-7297
-8054
-8398
-8846
-8555
-8246
-7888
-7448
-7359
-7029
-7145
-6976
-6763
-6340
-5739
-5202
-4422
-3550
-2824
-2326
-2324
-2188
-1902
-1254
-404
399
1204
1642
1828
1705
1646
1781
2060
2361
2639
2979
3382
3579
3527
3272
3041
2981
3105
3424
3952
4466
4835
4886
4789
4718
4810
5061
5477
6105
6818
7439
7658
7572
7216
7060
7040
7485
8111
8679
8987
8548
7903
7014
6472
6380
6346
6620
6126
5378
3989
2737
2290
2114
2614
2088
1217
-498
-1939
-2467
-2240
-1331
-1127
-1776
-3161
-4429
-4623
-4039
-3118
-2734
-3188
-3756
-4238
-3712
-2919
-2125
-2058
-2643
-3299
-3295
-2847
-1702
-1417
-1260
-1990
-2778
-2900
-3493
-2548
-3241
-2584
-3718
-3995
-4739
-5514
-5397
-6342
-5896
-6886
-6655
-7393
-7312
-7516
-7623
-7607
-8072
-7838
-8028
-7177
-6717
-5892
-5542
-5515
-5343
-5315
-4620
-3888
-2994
-2056
-1548
-840
-541
-149
258
433
1115
1445
2288
2843
3310
3724
3655
3931
3804
3996
4047
4123
4499
4669
5218
5235
5343
5081
4916
4905
4972
5340
5543
5899
6038
6346
6553
6857
6954
7069
7100
7281
7534
7677
7745
7597
7659
7804
8175
8343
8140
7378
6398
5486
5294
5449
5898
5627
4544
2862
1062
322
131
847
904
374
-1146
-2817
-3835
-3980
-3344
-2899
-3069
-3947
-4918
-5342
-4932
-4164
-3479
-3558
-3993
-4547
-4491
-3846
-2908
-2214
-2079
-2416
-2741
-2874
-2546
-2203
-1947
-2057
-2433
-2825
-3176
-3291
-3421
-3603
-4061
-4681
-5475
-6071
-6670
-6912
-7339
-7611
-8037
-8321
-8395
-8436
-8308
-8482
-8597
-8772
-8517
-7902
-6901
-5989
-5275
-5033
-4833
-4604
-4006
-3198
-2281
-1379
-592
152
756
1308
1680
2055
2321
2714
3087
3530
3941
4274
4584
4762
4792
4625
4226
4009
3956
4356
4833
5117
5148
4736
4535
4399
4768
5227
5623
5895
5924
6216
6602
7252
7797
8014
8121
7851
7933
7887
8289
8644
8952
9131
8704
8291
7418
6924
6432
6140
5704
4832
3514
2130
849
526
294
452
-262
-1476
-3007
-4463
-4869
-4993
-4415
-4394
-4592
-5178
-5608
-5547
-5106
-4527
-4106
-4082
-4039
-4008
-3463
-2730
-1797
-1137
-818
-863
-1041
-1071
-919
-513
-253
-170
-573
-1180
-1896
-2423
-2796
-3089
-3614
-4269
-5195
-5887
-6535
-6949
-7478
-8264
-9118
-9963
-10208
-9934
-9235
-8482
-8166
-8120
-8313
-8215
-7609
-6634
-5324
-4257
-3324
-2683
-2052
-1307
-502
312
968
1455
1946
2449
3166
3879
4501
4823
4806
4613
4437
4461
4689
4944
5036
4878
4439
4026
3614
3508
3502
3579
3630
3521
3515
3464
3631
3871
4168
4624
5015
5600
6185
6796
7541
7973
8613
8737
9003
8943
8899
9135
9259
9933
9993
10087
9309
8302
7161
6102
5424
4586
3491
2041
283
-775
-1514
-1459
-1677
-2504
-3841
-5831
-6897
-7567
-6917
-6323
-5861
-5998
-6459
-6507
-6116
-5164
-4178
-3576
-3264
-3317
-3013
-2452
-1465
-486
161
473
335
239
24
92
-2
-59
-535
-1190
-2024
-2790
-3382
-3897
-4471
-5176
-6134
-6930
-7691
-8033
-8408
-8933
-9703
-10775
-11320
-11495
-10668
-9621
-8545
-7888
-7836
-7734
-7543
-6644
-5384
-4079
-2844
-2160
-1401
-871
5
881
1652
2245
2358
2561
2704
3249
3909
4464
4822
4647
4356
3970
3872
4106
4368
4648
4469
4177
3709
3423
3389
3444
3679
3658
3746
3728
3950
4271
4594
4959
5119
5489
5842
6607
7329
8126
8597
8866
8993
8961
9040
8944
9065
9101
9229
9305
9067
8777
7855
7079
5868
4928
3704
2172
641
-1210
-1875
-2520
-2107
-2456
-3113
-4542
-6325
-7295
-7795
-7102
-6531
-6141
-6158
-6444
-6076
-5480
-4323
-3368
-2756
-2295
-2250
-1712
-1337
-460
87
625
940
1010
1060
740
529
109
-297
-845
-1740
-2601
-3708
-4417
-5076
-5577
-6061
-6850
-7411
-8135
-8394
-8666
-9010
-9481
-10266
-10564
-10586
-9836
-8792
-7660
-6556
-5959
-5292
-4928
-4122
-3296
-2246
-1245
-386
374
937
1494
2076
2690
3187
3372
3280
3094
3050
3237
3566
3858
3883
3700
3343
3218
3317
3645
3811
3787
3526
3369
3228
3353
3529
3856
4095
4340
4542
4805
5065
5297
5609
5863
6316
6639
7104
7515
8094
8570
9031
9046
9123
8721
8460
8087
7830
7926
7808
7955
7518
6986
5960
4972
3789
2861
1508
81
-1716
-3295
-3855
-4045
-3367
-3511
-4011
-5272
-6608
-7115
-7109
-6437
-5991
-5984
-6084
-6115
-5345
-4186
-2980
-2102
-1747
-1590
-1547
-1337
-993
-602
-369
-180
-181
-211
-372
-705
-1020
-1531
-2084
-2917
-4104
-5194
-6222
-6765
-7143
-7429
-7675
-7932
-8150
-8352
-8482
-8727
-8690
-8779
-8570
-8325
-8757
-8740
-9369
-8249
-6520
-4204
-1715
-1320
-921
-1935
-1785
-891
377
1850
1982
1825
1448
1754
2606
3418
3847
3437
2872
2048
1907
2001
2301
2807
2906
3465
3688
3987
4132
4042
4275
4239
4278
4205
4097
4388
4592
5208
5486
5805
5917
6020
6460
6821
7353
7464
7571
7770
8175
8595
8812
8815
8641
8501
8152
7929
7519
7181
7025
6592
6305
5304
4251
2935
1816
1088
48
-1097
-2901
-4115
-4842
-4679
-4222
-4282
-4587
-5660
-6209
-6392
-6019
-5278
-5107
-4947
-5075
-4680
-3796
-2801
-1714
-1118
-663
-677
-668
-611
-432
-106
-113
-153
-587
-1094
-1612
-2150
-2427
-2842
-3469
-4451
-5623
-6501
-7087
-7325
-7555
-7790
-8031
-8202
-8114
-7953
-7757
-7718
-7924
-7928
-7730
-7106
-6212
-5431
-4484
-3622
-2648
-1551
-700
17
492
686
1125
1386
1736
2015
2020
2231
2320
2452
2653
2556
2468
2248
1968
1978
1951
2070
2193
2278
2518
2849
3197
3639
4013
4298
4468
4432
4461
4627
4893
5259
5605
5870
6084
6151
6196
6349
6602
6897
7118
7235
7354
7604
7830
8144
8296
8212
7861
7289
6716
6494
6289
6144
5735
5015
4346
3488
2671
1720
667
-830
-2235
-4052
-4878
-5291
-5201
-4911
-5345
-5634
-6185
-6446
-6268
-5942
-5444
-5104
-5206
-5162
-4909
-4075
-3046
-1963
-1345
-800
-780
-759
-643
-534
-256
-470
-986
-1623
-2290
-2701
-2987
-3301
-3582
-4325
-5273
-6420
-7215
-7767
-8054
-8367
-8642
-8628
-8532
-8194
-7698
-7228
-6499
-6093
-5896
-5648
-6354
-6348
-6795
-5753
-3816
-2111
-185
-55
455
552
1136
1894
2410
2523
2071
1389
964
1501
2157
2797
2911
2293
2126
1663
1867
2376
2588
3040
2535
2502
2618
3363
4320
5056
5500
5450
5210
4872
5040
5536
6046
6270
5725
5451
5113
5754
6497
7339
7812
7482
7394
7130
7775
8185
8396
7964
7081
6386
5969
6105
6463
6497
6251
5253
4322
3252
2431
1718
624
-826
-2693
-4388
-5008
-4854
-4196
-3842
-4207
-4604
-5077
-4985
-4613
-3956
-3661
-3607
-4198
-4334
-3971
-2933
-1614
-716
-283
-309
-711
-805
-676
-347
-359
-1237
-2434
-3636
-4104
-4180
-3989
-4184
-4741
-5805
-6824
-7471
-7471
-7300
-7231
-7558
-7870
-7948
-7519
-6718
-5615
-4726
-4215
-4239
-4576
-4760
-5022
-4663
-4227
-3015
-2108
-1392
-1064
-714
170
974
1639
1728
1444
1017
540
434
725
1189
1369
1092
840
844
1464
1997
2560
2681
2653
2596
2727
3323
4049
4672
4898
4949
5022
5266
5613
5918
6132
6001
5624
5112
4813
4956
5230
5636
5665
5686
5532
5688
6132
6709
7107
6839
6238
5545
5329
5496
5737
5806
5452
4920
4230
3604
3206
2825
2427
1284
-370
-2264
-3477
-3668
-3461
-3316
-3817
-4269
-4436
-4032
-3328
-2611
-2038
-2015
-2449
-3111
-3305
-2825
-2089
-1590
-1654
-1918
-2061
-1869
-1334
-853
-809
-1607
-2942
-4167
-4820
-5016
-5280
-5803
-6498
-7108
-7513
-7575
-7210
-6637
-6343
-6645
-7238
-7485
-7044
-6139
-5349
-5007
-5108
-5350
-5223
-4593
-3478
-2549
-2046
-2042
-2099
-1874
-1378
-609
3
361
171
-191
-327
1
540
688
326
-301
-690
-578
-165
411
789
1064
1269
1649
2336
3158
3990
4520
4800
4937
5128
5595
6160
6667
6752
6484
6240
6202
6516
6623
6504
6032
5522
5186
4986
5136
5223
5345
5153
4979
4966
5144
5409
5443
5404
5250
5060
4839
4623
4584
4362
3944
3213
2461
1656
492
-797
-1848
-2067
-1972
-2108
-2670
-3117
-3005
-2601
-2196
-1816
-1328
-990
-1194
-1684
-1765
-1230
-606
-590
-976
-1316
-1232
-982
-716
-552
-697
-1359
-2420
-3343
-3823
-4112
-4712
-5629
-6644
-7347
-7742
-7671
-7291
-6953
-6981
-7336
-7314
-6733
-5769
-4974
-4606
-4370
-4240
-3807
-3041
-2067
-1501
-2257
-3309
-4033
-3100
-1975
-1459
-1899
-2527
-2426
-2156
-1525
-926
-173
17
-802
-1673
-1868
-845
-122
-356
-1275
-1877
-1175
2
1414
2178
2626
2976
3456
4459
5505
6415
6729
6531
6301
6147
6552
7047
7469
7205
6415
5685
5390
5693
5748
5423
4719
4105
3948
4036
4457
4767
4776
4513
4120
4275
4558
4830
4593
4042
3412
2684
2107
1632
1447
882
-330
-1776
-2519
-2016
-1361
-1282
-1898
-2243
-1851
-1273
-699
-210
496
883
631
229
409
1311
1887
1532
499
-297
-463
-363
-324
-691
-1405
-2483
-3557
-4224
-4573
-4978
-5818
-6969
-8039
-8811
-9125
-9016
-8625
-8312
-8268
-8200
-7626
-6400
-5069
-4178
-3859
-3755
-3491
-3063
-2564
-2273
-2251
-2314
-2287
-1876
-1383
-907
-645
-602
-771
-1152
-1400
-1391
-1275
-1559
-2241
-2788
-2811
-2423
-2247
-2241
-2231
-1907
-1363
-857
-222
414
1138
1774
2404
3231
4133
5032
5709
6200
6665
7133
7651
7963
7994
7663
7261
6959
6759
6544
6137
5706
5323
5044
4939
4930
5134
5120
4727
4160
3772
3997
4196
4091
3573
3047
2726
2277
1754
1255
942
322
-1027
-2440
-3033
-2385
-1672
-1647
-2058
-1996
-1097
-181
577
1235
2037
2499
2219
1905
2204
3112
3538
2928
1877
1166
1143
1176
962
325
-647
-1795
-2943
-3714
-4335
-5041
-6078
-7302
-8381
-9196
-9508
-9396
-9081
-8894
-8887
-8603
-7766
-6450
-5278
-4501
-4028
-3608
-3120
-2752
-2388
-2174
-2003
-1927
-1842
-1596
-1330
-1019
-870
-823
-982
-1284
-1565
-1758
-1908
-2344
-2859
-3231
-3263
-3214
-3323
-3273
-2937
-2250
-1643
-1201
-691
-52
746
1430
2093
2809
3491
4134
4658
5348
6141
6943
7471
7653
7686
7650
7701
7603
7337
6879
6354
5922
5560
5382
5387
5426
5342
4905
4508
4325
4475
4556
4213
3644
3025
2613
2066
1436
724
92
-721
-1871
-3049
-3668
-3516
-3101
-2975
-3008
-2605
-1562
-298
674
1506
2308
3083
3407
3507
3739
4258
4580
4263
3588
3073
3009
2953
2514
1574
441
-674
-1713
-2793
-3954
-5151
-6337
-7518
-8616
-9432
-9772
-9720
-9611
-9638
-9580
-9112
-8186
-7195
-6351
-5710
-4982
-4287
-3665
-3212
-2805
-2334
-2028
-1824
-1856
-1675
-1504
-1274
-1296
-1321
-1320
-1308
-1387
-1661
-1863
-2105
-2246
-2580
-2892
-3274
-3435
-3483
-3312
-3056
-2639
-2127
-1584
-997
-365
467
1246
1991
2459
2978
3504
4291
4994
5690
6212
6735
7205
7568
7842
7887
7893
7617
7357
6871
6593
6276
6143
5816
5544
5308
5319
5421
5433
5275
4900
4531
3984
3422
2486
1569
364
-612
-1840
-2745
-3612
-3891
-3980
-3907
-3704
-3275
-2147
-1041
229
933
2006
2882
3932
4481
4999
5441
5746
5756
5327
5107
4889
4825
4194
3379
2285
1419
482
-470
-1625
-2862
-4144
-5494
-6718
-7787
-8411
-8889
-9175
-9546
-9592
-9299
-8577
-7724
-6964
-6221
-5624
-4963
-4521
-4019
-3631
-3275
-3097
-3090
-2969
-2818
-2460
-2264
-2021
-1889
-1731
-1669
-1732
-1828
-2002
-2183
-2526
-2890
-3275
-3567
-3823
-3936
-3910
-3681
-3385
-3020
-2665
-2211
-1592
-889
-203
323
851
1338
1833
2364
2943
3643
4165
4628
4990
5515
6135
6619
7005
7092
7290
7245
7330
7223
7124
6836
6418
6116
5780
5635
5351
5146
4727
4150
3458
2758
2065
1052
-295
-1654
-2848
-3576
-4307
-4624
-4733
-4260
-3541
-2595
-1239
213
1925
3067
4163
4844
5697
6271
6588
6549
6210
5947
5616
5386
4995
4620
4167
3587
2790
1883
961
89
-1078
-2395
-3939
-5235
-6376
-7242
-7879
-8354
-8470
-8462
-7991
-7382
-6504
-5616
-4727
-3885
-3427
-3139
-3057
-2816
-2745
-3004
-3424
-3799
-3779
-3838
-3811
-3781
-3433
-3081
-2973
-2959
-2907
-2632
-2632
-2887
-3331
-3570
-3668
-3781
-3942
-3941
-3665
-3223
-2856
-2456
-1956
-1314
-809
-492
-152
273
729
891
1062
1350
1984
2564
3110
3604
4194
4739
5149
5554
5902
6221
6143
5907
5598
5643
5787
5830
5668
5477
5510
5443
5240
4815
4385
3663
2384
912
-369
-1171
-2137
-3235
-4126
-4393
-4067
-3609
-2674
-1518
-55
1134
2325
3637
4940
6026
6467
6680
6508
6397
6181
6002
5651
5107
4661
4319
4187
3955
3715
3326
2659
1680
541
-532
-1665
-2994
-4442
-5776
-6718
-7289
-7398
-7167
-6599
-5844
-4910
-3864
-2795
-1842
-1154
-813
-926
-1278
-1815
-2267
-2913
-3496
-4116
-4420
-4613
-4632
-4406
-4058
-3590
-3523
-3399
-3466
-3350
-3567
-3851
-4207
-4524
-4747
-4994
-4810
-4472
-3832
-3344
-2742
-2086
-1289
-526
45
418
600
681
725
775
907
1059
1134
1230
1337
1782
2186
2720
2915
3080
3076
3177
3523
3722
3939
3697
3850
3856
4042
3934
3880
3780
2991
1984
793
428
-264
-1225
-2483
-3127
-3087
-3036
-2609
-1958
-635
433
1543
2771
4251
5640
6392
6768
6697
6647
6574
6418
5925
5084
4484
4228
4148
3964
3730
3655
3302
2765
2058
1483
705
-491
-1788
-3085
-3972
-4719
-4974
-5036
-4855
-4356
-3388
-1973
-751
364
1310
2212
2668
2612
2286
1684
826
-367
-1556
-2614
-3606
-4422
-5105
-5444
-5642
-5578
-5392
-5238
-5096
-5030
-4797
-4760
-4822
-5079
-5221
-5206
-5036
-4689
-4316
-3787
-3188
-2385
-1538
-679
77
598
895
1023
1202
1359
1334
1075
704
498
389
431
409
393
364
370
566
825
1267
1493
1710
1780
1928
2086
2079
1985
1281
311
-944
-1607
-2074
-2781
-3743
-4541
-4404
-4145
-3516
-2728
-1210
285
1495
2870
4499
6399
7544
8287
8480
8564
8568
8554
8351
7467
6472
5798
5532
5157
4528
4165
3800
3274
2550
2000
1520
466
-726
-1924
-2701
-3574
-4219
-4502
-4610
-4362
-3685
-2144
-640
628
1872
3361
4847
5672
6163
6172
5620
4624
3480
2599
1199
-287
-1796
-2890
-3810
-4600
-4706
-4937
-5062
-5561
-5435
-5241
-5184
-5316
-5688
-5772
-6114
-5932
-5815
-5515
-5309
-4870
-4088
-3398
-2511
-1715
-860
-384
3
578
1050
1193
912
739
711
577
368
-3
-148
-349
-283
-181
3
194
327
596
597
792
758
766
-16
-1176
-2506
-3378
-3989
-4961
-6060
-7185
-7305
-7195
-6573
-5997
-4697
-3142
-1540
52
1806
4049
5794
7137
7697
8318
8740
9141
9079
8469
7561
6784
6417
5999
5371
4732
4349
3963
3441
2872
2500
1766
775
-456
-1293
-2146
-2976
-3705
-4225
-4313
-4117
-3036
-1814
-539
466
1918
3646
5083
6077
6600
6953
6702
6229
5643
5012
4011
2743
1594
615
-218
-821
-1217
-1615
-2198
-2572
-2587
-2555
-2726
-3107
-3315
-3568
-3776
-4021
-4134
-4226
-4308
-4243
-4105
-3798
-3393
-2852
-2389
-2014
-1525
-937
-511
-422
-421
-227
-85
-174
-472
-621
-606
-483
-326
-196
-99
76
376
647
653
558
358
-316
-1736
-3374
-4256
-4871
-5926
-7810
-9080
-9400
-9140
-9040
-8727
-7591
-6186
-4622
-3187
-1050
1093
3091
4387
5300
6057
6815
7626
7667
7013
6000
5703
5705
5399
4670
4218
4199
4049
3647
3387
3225
2724
1693
665
-232
-1169
-2097
-2938
-3469
-3940
-3703
-2897
-1759
-911
118
1826
3643
5060
5801
6677
7367
7692
7476
7105
6634
5823
4960
4106
3413
2719
2152
1678
1127
728
645
759
559
35
-244
-309
-362
-826
-1258
-1635
-1965
-2271
-2472
-2368
-2378
-2234
-2126
-1728
-1348
-916
-559
-509
-551
-673
-522
-693
-1093
-1604
-1825
-1759
-1781
-1653
-1588
-1264
-972
-551
-168
-71
-194
-1116
-2335
-3772
-4478
-5290
-6829
-8802
-10150
-10216
-10395
-10428
-10182
-8886
-7688
-6538
-4816
-2570
-422
759
1938
2923
3825
4365
4787
4686
3741
3044
3006
3139
2454
1698
1757
2035
1933
1654
1890
1923
1236
548
226
-99
-1176
-2138
-2620
-2969
-3177
-3012
-2124
-1633
-1054
20
1734
3231
4074
5222
6022
6763
6926
7431
7469
6809
6081
5473
5280
4326
3720
3068
2719
2130
1805
1981
1866
1779
1524
1783
1768
1792
1897
1927
1741
1355
1436
1556
1487
1248
1164
1299
1259
1316
1378
1432
1297
1104
1054
769
393
-147
-496
-903
-1199
-1437
-1653
-1877
-1960
-1697
-1442
-1194
-1114
-1149
-2005
-3094
-3807
-3885
-4662
-6447
-7987
-8572
-8626
-9324
-9541
-9088
-8084
-7571
-6755
-5069
-3174
-1647
-790
244
941
1721
2396
2735
2096
1028
780
826
345
-744
-1153
-1035
-1217
-1595
-1465
-1004
-1211
-1787
-1887
-1695
-1993
-2683
-3052
-3339
-3796
-3799
-3115
-2474
-2403
-1903
-521
950
1919
2802
4118
5070
5537
5973
6680
6910
6353
5848
5494
5168
4551
4194
3802
3181
2679
2648
2981
2869
2785
2995
3428
3430
3286
3522
3722
3694
3619
3992
4214
4057
3843
3838
3905
3845
3968
4053
3900
3604
3603
3809
3832
3771
3767
3713
3387
2865
2081
941
-236
-1176
-2290
-4000
-5727
-6707
-7407
-8498
-9420
-9328
-8748
-8532
-8186
-7011
-5451
-4307
-3379
-2331
-1377
-650
141
844
851
397
406
840
745
154
13
310
127
-421
-575
-525
-1127
-2161
-2915
-3608
-4760
-6031
-6949
-7922
-9099
-9788
-9637
-9430
-9496
-9058
-7550
-5838
-4589
-3207
-1258
566
1975
3666
5265
6111
6451
6817
6626
6202
6331
6400
5553
4201
3190
2279
1869
1632
1277
806
594
251
-335
-377
-265
20
336
895
921
962
1216
1609
2304
3134
3976
4246
4667
4638
4902
5464
6232
6246
5638
5225
4662
4333
3622
3154
2255
1502
622
-12
-239
-426
-422
-792
-811
-875
-455
-160
54
181
217
368
237
101
-213
-284
-413
-721
-1077
-1442
-1656
-1875
-1910
-1806
-1649
-1486
-1531
-1436
-1274
-913
-632
-502
-477
-626
-610
-731
-780
-1028
-1231
-1490
-1752
-1926
-2175
-2239
-2392
-2418
-2549
-2557
-2498
-2447
-2462
-2607
-2578
-2625
-2720
-2940
-3054
-3118
-3178
-3147
-3126
-3061
-3001
-2783
-2438
-2040
-1691
-1373
-1019
-714
-444
-171
88
229
305
460
631
710
742
838
1013
1168
1332
1522
1717
1845
1948
2122
2267
2331
2306
2293
2256
2178
2118
2055
1976
1814
1734
1724
1728
1682
1619
1630
1624
1685
1737
1865
1951
2066
2214
2382
2579
2735
2944
3043
3159
3202
3267
3218
3109
2954
2734
2514
2195
1924
1564
1258
900
645
388
156
-21
-152
-207
-278
-246
-249
-206
-213
-175
-182
-207
-309
-467
-642
-894
-1184
-1516
-1821
-2200
-2548
-2882
-3163
-3427
-3603
-3730
-3802
-3797
-3756
-3683
-3589
-3458
-3347
-3194
-3055
-2937
-2857
-2750
-2693
-2628
-2519
-2401
-2318
-2230
-2126
-2075
-2005
-1939
-1868
-1845
-1800
-1820
-1836
-1825
-1781
-1699
-1558
-1349
-1164
-884
-562
-169
234
723
1195
1628
2054
2444
2813
3107
3376
3518
3583
3533
3373
3135
2803
2395
1906
1410
877
329
-141
-510
-764
-915
-887
-719
-420
15
559
1208
1856
2521
3119
3674
4104
4406
4614
4663
4595
4396
4165
3828
3449
3046
2661
2286
1898
1560
1229
926
605
328
70
-196
-453
-695
-882
-1063
-1188
-1247
-1249
-1221
-1142
-982
-792
-589
-385
-170
15
140
219
263
233
105
-61
-270
-548
-868
-1168
-1459
-1750
-2012
-2222
-2382
-2502
-2569
-2562
-2499
-2433
-2372
-2282
-2195
-2142
-2085
-2023
-2009
-2044
-2077
-2111
-2153
-2188
-2200
-2201
-2208
-2210
-2188
-2131
-2074
-2013
-1932
-1837
-1759
-1683
-1556
-1420
-1274
-1122
-937
-765
-606
-412
-211
-8
172
359
528
694
856
1035
1228
1405
1581
1746
1931
2077
2219
2342
2437
2486
2479
2465
2393
2302
2181
2077
1968
1860
1777
1731
1728
1736
1802
1877
1952
2021
2088
2149
2170
2167
2144
2108
2060
2017
1992
1987
1997
2017
2061
2109
2141
2144
2113
2030
1872
1666
1409
1107
772
429
92
-222
-492
-712
-872
-990
-1063
-1100
-1104
-1103
-1105
-1108
-1114
-1148
-1204
-1264
-1334
-1412
-1492
-1557
-1628
-1702
-1776
-1851
-1931
-2027
-2124
-2230
-2348
-2475
-2592
-2702
-2812
-2910
-2982
-3021
-3038
-3031
-2982
-2896
-2788
-2651
-2473
-2264
-2044
-1809
-1555
-1299
-1050
-808
-582
-383
-224
-96
7
58
69
51
9
-53
-130
-205
-271
-330
-376
-389
-380
-349
-294
-208
-102
9
130
270
423
579
749
936
1136
1352
1584
1840
2100
2364
2624
2864
3074
3233
3351
3410
3402
3334
3212
3048
2844
2614
2381
2151
1932
1727
1552
1402
1256
1126
1008
893
766
635
512
382
260
159
78
34
17
36
96
176
266
368
470
546
598
619
604
550
462
353
232
97
-34
-147
-249
-340
-413
-474
-528
-586
-656
-731
-820
-931
-1056
-1182
-1315
-1445
-1562
-1661
-1735
-1785
-1808
-1810
-1794
-1770
-1740
-1703
-1678
-1671
-1677
-1682
-1695
-1720
-1731
-1726
-1710
-1684
-1629
-1548
-1466
-1383
-1285
-1193
-1132
-1084
-1052
-1039
-1052
-1069
-1068
-1078
-1069
-1030
-956
-860
-750
-606
-432
-265
-102
79
252
400
549
697
832
961
1088
1221
1353
1470
1588
1707
1801
1868
1914
1946
1950
1918
1880
1823
1746
1667
1578
1490
1410
1321
1237
1162
1092
1032
980
938
925
913
924
966
1015
1079
1153
1227
1302
1348
1379
1392
1350
1285
1199
1078
940
790
651
530
406
317
263
210
182
166
144
108
47
-24
-130
-282
-441
-608
-798
-990
-1162
-1309
-1432
-1533
-1583
-1602
-1617
-1605
-1582
-1571
-1570
-1576
-1587
-1619
-1674
-1703
-1731
-1759
-1751
-1713
-1646
-1562
-1451
-1318
-1192
-1071
-950
-853
-795
-755
-736
-747
-774
-797
-819
-833
-829
-794
-739
-658
-564
-447
-312
-195
-79
33
123
196
251
294
330
351
374
409
448
493
553
622
690
754
814
869
889
893
889
846
789
735
669
610
563
545
551
571
636
733
834
960
1098
1226
1347
1448
1531
1589
1603
1598
1576
1499
1414
1321
1207
1093
979
880
785
698
639
590
533
499
470
423
372
310
233
136
27
-77
-194
-325
-430
-515
-594
-645
-669
-673
-664
-652
-619
-592
-586
-581
-593
-634
-697
-766
-836
-920
-1004
-1062
-1103
-1136
-1138
-1114
-1083
-1046
-991
-940
-897
-859
-829
-814
-813
-807
-806
-803
-781
-746
-703
-636
-544
-447
-346
-237
-142
-62
-2
34
48
24
-10
-57
-127
-190
-243
-286
-317
-328
-312
-285
-249
-194
-147
-114
-82
-61
-60
-66
-73
-77
-82
-62
-8
66
171
314
487
668
862
1060
1236
1394
1516
1602
1661
1665
1647
1601
1531
1462
1385
1314
1252
1205
1172
1142
1116
1095
1061
1016
957
869
759
632
479
315
146
-22
-180
-331
-459
-549
-614
-641
-638
-612
-560
-503
-434
-363
-309
-261
-216
-200
-198
-199
-212
-234
-256
-282
-301
-322
-345
-363
-388
-416
-446
-488
-538
-593
-651
-708
-767
-818
-857
-876
-888
-869
-834
-787
-712
-634
-552
-469
-391
-328
-283
-260
-263
-286
-328
-387
-457
-532
-600
-669
-727
-771
-796
-803
-791
-767
-727
-678
-630
-578
-526
-478
-438
-397
-362
-332
-289
-242
-193
-134
-62
16
102
196
286
377
468
554
630
694
749
796
833
865
882
904
927
941
960
976
996
1015
1034
1045
1044
1030
1004
968
915
852
786
705
629
557
488
428
385
356
341
340
346
361
388
416
441
465
480
489
485
475
453
418
381
342
292
244
185
129
77
25
-20
-63
-102
-132
-155
-180
-199
-209
-218
-230
-236
-244
-258
-271
-295
-324
-362
-409
-462
-529
-597
-671
-753
-832
-906
-983
-1054
-1115
-1174
-1216
-1248
-1275
-1289
-1287
-1272
-1243
-1202
-1146
-1074
-987
-886
-775
-662
-538
-410
-293
-184
-92
-13
45
79
93
87
63
22
-26
-81
-133
-185
-232
-256
-265
-261
-231
-178
-109
-18
85
198
324
449
580
707
831
943
1040
1127
1201
1252
1284
1304
1301
1280
1236
1183
1113
1029
942
850
759
667
581
499
431
373
319
279
245
222
204
192
186
181
172
170
173
168
162
157
152
146
145
138
132
130
123
122
112
102
88
67
43
15
-22
-69
-114
-169
-235
-297
-365
-439
-504
-568
-633
-693
-744
-789
-821
-845
-861
-864
-860
-846
-823
-800
-766
-728
-686
-641
-600
-559
-510
-471
-432
-392
-362
-332
-305
-283
-270
-256
-249
-245
-244
-253
-262
-266
-276
-282
-287
-286
-278
-273
-256
-238
-209
-173
-134
-81
-25
34
101
167
228
291
353
405
445
477
498
509
506
488
463
436
408
380
356
342
342
346
365
393
429
467
507
544
575
606
625
633
627
614
595
571
546
519
493
471
452
431
417
411
397
387
376
357
330
300
261
224
183
144
106
70
44
25
14
12
18
28
42
58
62
61
49
22
-16
-69
-130
-206
-292
-381
-468
-547
-619
-683
-732
-765
-781
-781
-769
-744
-707
-660
-613
-568
-521
-475
-437
-400
-369
-344
-323
-300
-282
-270
-257
-243
-237
-233
-231
-231
-240
-260
-280
-305
-332
-354
-377
-392
-393
-385
-367
-332
-289
-227
-163
-98
-28
36
92
144
182
208
224
237
242
245
251
263
277
302
340
381
434
491
551
602
644
677
698
705
690
668
644
600
557
517
468
430
396
372
348
330
315
299
284
262
238
210
179
145
107
74
38
9
-20
-36
-45
-42
-30
-14
7
28
49
66
69
74
66
46
17
-26
-77
-131
-183
-233
-274
-321
-357
-385
-400
-412
-417
-412
-402
-386
-371
-356
-333
-313
-299
-280
-264
-259
-254
-240
-234
-229
-226
-225
-223
-228
-234
-235
-239
-249
-258
-256
-275
-288
-294
-308
-320
-326
-317
-316
-299
-280
-253
-216
-186
-139
-90
-47
-2
47
96
124
158
194
219
242
268
284
295
310
320
325
334
339
347
350
344
340
335
318
302
301
288
277
280
278
273
271
274
270
265
257
247
232
207
184
159
128
105
84
63
50
45
42
38
44
48
55
69
83
99
105
111
113
105
90
69
55
32
-1
-18
-41
-61
-65
-74
-77
-78
-72
-62
-54
-47
-38
-29
-34
-50
-59
-63
-81
-97
-113
-138
-165
-186
-207
-229
-250
-264
-277
-291
-311
-319
-321
-334
-345
-332
-331
-339
-332
-320
-322
-322
-305
-291
-276
-255
-229
-197
-172
-139
-99
-61
-30
7
55
72
94
126
139
144
151
164
157
150
152
141
134
129
125
121
120
116
119
124
113
118
130
130
144
155
162
165
172
175
168
167
161
156
145
133
119
100
85
71
61
50
45
44
48
46
53
57
67
79
91
108
121
132
141
140
135
131
126
116
102
93
89
89
85
86
94
94
94
96
95
90
88
76
58
38
14
-10
-36
-58
-87
-113
-139
-168
-190
-217
-242
-263
-284
-303
-319
-327
-335
-345
-345
-335
-327
-312
-291
-271
-249
-230
-209
-184
-161
-136
-108
-82
-58
-32
1
24
38
59
72
75
79
81
76
67
63
56
49
46
43
43
41
45
53
65
71
80
94
95
95
93
85
84
80
73
69
69
69
66
64
64
69
72
76
78
84
90
90
87
84
81
74
65
55
46
39
30
28
28
37
51
62
75
85
94
97
102
101
98
96
95
100
105
117
123
126
130
132
128
120
115
107
96
81
66
47
25
3
-25
-50
-74
-97
-118
-135
-151
-165
-179
-194
-208
-218
-226
-233
-238
-244
-244
-247
-242
-230
-218
-203
-193
-180
-167
-157
-140
-122
-104
-84
-65
-45
-30
-17
-5
6
13
14
16
14
16
17
15
17
19
20
24
26
32
39
44
55
65
68
70
74
70
59
50
39
31
25
22
24
28
31
42
54
61
74
86
97
110
118
124
124
119
112
102
86
74
61
49
43
33
33
33
35
37
44
50
50
52
51
48
42
37
33
35
40
45
54
60
62
61
57
56
47
45
40
31
26
21
15
8
0
-14
-25
-39
-50
-56
-60
-65
-65
-71
-78
-86
-94
-98
-104
-110
-116
-119
-118
-116
-109
-106
-101
-97
-93
-84
-72
-63
-51
-38
-31
-24
-21
-14
-9
-8
-7
-4
-5
-6
-2
-1
1
4
6
5
2
2
4
0
-1
2
3
0
0
-3
-8
-10
-15
-15
-17
-16
-12
-8
-3
6
12
21
32
37
48
54
59
64
62
58
58
51
45
37
32
28
22
21
25
27
29
35
37
39
40
39
41
36
31
30
25
19
13
9
6
8
5
6
7
0
-1
-4
-9
-4
-3
-4
-3
-4
-3
2
-1
-1
1
-3
-3
-2
-8
-8
-11
-20
-21
-24
-26
-24
-27
-23
-19
-20
-20
-19
-23
-19
-19
-24
-23
-26
-27
-26
-29
-29
-29
-31
-27
-27
-23
-21
-21
-16
-12
-11
-7
-3
-3
2
1
-2
-2
-6
-9
-10
-15
-14
-12
-15
-12
-7
-2
3
8
15
21
25
28
28
24
25
23
20
21
21
24
22
21
25
25
28
29
24
23
20
16
15
14
13
14
13
14
16
15
21
25
23
26
27
22
22
17
12
9
1
-4
-5
-10
-12
-14
-16
-16
-15
-18
-17
-13
-11
-10
-10
-8
-7
-9
-11
-11
-13
-17
-18
-17
-16
-18
-17
-16
-15
-16
-16
-15
-16
-18
-18
-18
-20
-18
-22
-21
-21
-21
-21
-21
-17
-14
-13
-10
-10
-6
2
7
9
12
12
13
15
14
15
9
1
3
1
-1
-6
-6
-1
1
1
4
10
16
22
26
28
25
25
25
24
21
16
12
11
16
14
7
5
8
7
9
8
2
5
6
2
7
6
1
6
10
8
10
7
4
8
10
11
8
5
2
-1
-3
-9
-13
-12
-13
-13
-11
-15
-17
-13
-9
-8
-8
-10
-7
-8
-4
-3
-5
-3
0
-4
-6
-6
-7
-8
-9
-3
-4
-9
-10
-6
-5
-7
-11
-9
-3
-6
-5
-4
-4
-4
-4
-3
-3
-1
-1
2
6
9
7
3
6
10
7
2
2
0
-2
-6
-8
-4
-2
-3
0
1
-4
-4
-1
3
5
4
5
5
6
9
7
7
6
3
1
0
-3
-6
-7
-8
-6
-6
-9
-6
-3
-3
-4
-3
1
3
3
5
6
9
8
6
4
5
4
2
-1
1
1
-3
-5
-3
-3
-3
-5
-4
-3
0
1
0
4
3
0
0
-1
-2
-1
0
4
4
2
2
1
0
3
4
1
0
0
-2
-5
-4
-2
-4
-2
2
-2
-2
-2
-2
1
0
1
4
5
7
4
5
6
2
3
-1
-4
-3
-6
-10
-6
-4
-6
-5
-4
-1
0
-2
0
1
2
4
2
5
6
6
6
5
6
7
3
-2
1
1
-2
-6
-6
-4
-5
-7
-8
-4
-2
-2
0
1
0
3
4
4
2
1
3
2
2
3
5
2
4
6
4
4
1
0
-4
-6
-5
-6
-8
-5
-3
-2
-5
-2
2
2
1
3
5
4
5
5
5
6
7
7
1
0
0
-3
-5
-6
-5
-3
-7
-8
-4
-2
-4
0
0
-1
-1
3
2
0
4
8
7
4
1
0
-1
1
-1
