0
1
0
-1
-1
0
0
1
0
-1
-1
-1
-1
0
0
0
0
-1
1
1
0
-1
-1
-1
0
0
1
1
1
-1
-2
-1
0
-1
-1
-1
1
0
-1
-1
-1
0
-2
0
0
-1
0
0
1
0
0
0
-1
0
-1
0
-1
0
0
-2
-2
0
0
0
0
1
0
-1
-1
0
0
0
0
1
0
0
0
0
0
0
-1
0
1
0
0
1
-1
0
0
1
-1
-1
0
-1
0
-1
0
-1
0
0
0
0
1
0
-1
1
1
0
2
1
0
-1
0
0
1
-1
0
1
-1
-1
0
-2
-1
1
0
0
2
-1
0
1
0
0
2
-1
0
1
-1
2
1
-1
0
0
-1
0
0
-2
1
1
0
1
-1
-2
0
-1
0
1
-1
-2
-1
-1
-1
3
0
-2
0
0
-3
0
-1
-3
2
0
-3
3
2
-2
3
1
-3
2
1
-3
2
0
-2
2
0
0
3
1
-1
3
0
-2
2
1
-3
1
-1
-4
1
-1
-3
2
0
-2
1
-2
-2
3
1
-2
2
-4
-3
3
-1
-1
3
-1
0
5
-1
1
4
-2
1
4
-3
1
2
-5
1
2
-3
2
0
-4
4
0
-5
4
0
-2
5
-2
-3
4
-1
-2
2
-3
1
3
-1
-1
2
0
1
-1
-1
-4
-3
3
-2
-3
5
-3
-2
9
-8
-1
10
-13
1
14
-16
6
14
-22
12
12
-27
17
8
-29
24
2
-30
32
-6
-28
39
-15
-22
43
-24
-16
44
-33
-8
42
-40
4
39
-47
13
30
-49
25
22
-48
34
11
-46
41
-1
-40
46
-11
-33
46
-22
-24
47
-29
-14
44
-35
-4
40
-38
5
32
-40
11
24
-38
18
17
-36
21
10
-34
24
3
-29
26
-1
-23
28
-8
-18
27
-11
-12
28
-16
-7
28
-23
-1
24
-29
7
22
-35
13
18
-40
22
15
-42
32
7
-46
41
0
-45
51
-7
-47
56
-17
-42
65
-26
-40
68
-33
-36
71
-40
-30
77
-47
-27
75
-50
-23
77
-55
-21
81
-62
-19
82
-65
-18
81
-71
-10
89
-79
-6
87
-83
0
82
-87
10
82
-94
11
78
-89
18
68
-89
24
68
-90
21
64
-86
23
58
-84
28
57
-80
22
51
-70
21
50
-75
21
58
-74
13
58
-73
21
58
-86
31
57
-84
28
49
-80
38
40
-84
51
28
-72
48
17
-62
54
7
-60
57
-13
-34
47
-22
-16
29
-9
-11
10
1
-2
-12
22
-15
-19
51
-45
-8
60
-63
7
68
-90
23
74
-118
60
57
-133
96
29
-136
132
-12
-127
164
-67
-89
171
-114
-36
158
-145
5
136
-160
47
99
-159
82
67
-145
88
42
-123
90
21
-114
96
16
-103
91
-1
-84
97
-22
-74
95
-26
-50
76
-37
-28
71
-44
-23
57
-38
-2
37
-41
6
32
-28
-3
26
-23
-3
34
-33
-5
39
-34
-1
44
-53
12
45
-68
40
18
-63
67
-18
-39
64
-48
7
43
-69
46
1
-47
77
-57
-15
79
-78
26
42
-89
64
21
-74
54
-7
-32
53
-29
-23
36
-13
11
-15
-19
43
-32
17
5
-52
59
7
-50
11
25
-21
10
22
-59
19
71
-70
-36
99
-71
-13
119
-156
29
154
-185
38
123
-179
87
102
-217
106
119
-213
105
91
-213
161
53
-235
208
0
-187
207
-60
-126
210
-103
-111
238
-156
-51
208
-207
55
154
-228
86
124
-204
128
31
-179
184
-31
-126
127
-35
-63
125
-88
-64
154
-84
-34
85
-76
-11
118
-100
-67
143
-60
-33
67
-78
-1
131
-104
-66
141
-90
44
51
-189
131
97
-183
68
34
-120
200
-70
-206
252
-46
-88
152
-206
59
243
-258
6
142
-168
190
3
-300
262
42
-160
155
-178
-21
295
-150
-213
223
-58
-9
208
-396
92
293
-200
18
-73
-54
266
8
-351
122
166
-73
84
-191
-89
289
77
-288
-54
145
103
-6
-202
-4
111
114
-63
-176
-37
260
42
-253
70
-64
191
63
-280
79
47
77
17
-117
-72
82
238
-187
-186
234
-76
48
110
-264
-3
257
-23
-159
7
-55
164
136
-365
76
163
-217
416
-332
-314
559
-82
-150
6
-121
99
414
-539
67
132
-196
643
-614
-219
476
123
-293
-49
47
-129
561
-351
-343
184
320
1
-397
79
0
434
-243
-335
264
-43
276
-171
-290
99
425
-72
-512
278
148
-119
113
-172
-144
375
-11
-216
-94
122
270
-303
-111
272
-82
-79
243
-330
-41
520
-448
-27
240
-181
249
-246
-54
276
-183
23
104
-308
292
179
-500
257
-1
60
-63
-116
68
24
170
-264
73
-181
463
-215
-339
431
-232
278
-208
-29
-90
355
-63
-373
299
-169
397
-306
-89
102
128
51
-302
106
23
205
-127
-157
-56
331
-20
-337
28
222
39
-94
-111
-131
434
-122
-157
-168
144
487
-451
-215
298
-11
186
-147
-529
566
224
-383
-70
17
115
364
-387
-448
649
82
-244
-98
-104
312
57
-235
-178
95
417
-236
-356
226
174
-8
-234
-72
266
-65
87
-181
-153
568
-305
-184
103
210
-4
-280
254
-212
272
-54
-364
320
66
77
-487
312
196
-301
229
-396
248
251
-189
-379
227
357
-411
195
-375
221
472
-596
6
210
-2
93
-38
-407
379
479
-793
164
345
-425
450
-236
-466
837
-290
-300
250
-224
300
132
-408
-238
895
-389
-468
545
-339
90
407
-395
-566
1006
-60
-761
379
102
-186
312
-104
-492
539
88
-171
-271
181
168
-7
-56
-343
503
-322
181
106
-611
524
233
-405
-22
196
-185
317
-207
-160
181
-5
155
-103
-483
401
434
-941
707
-238
-370
832
-467
-118
43
342
-332
297
-124
-320
685
-507
151
46
-471
497
200
-493
3
260
-91
-265
624
-584
-236
1090
-928
46
634
-693
150
560
-636
101
441
-613
578
-136
-478
466
-92
32
61
-309
32
410
-122
-528
553
-270
-45
610
-1069
487
381
-330
-111
177
-26
-154
764
-968
235
551
-494
283
-310
98
121
152
-366
-165
414
-227
276
-485
12
646
-629
434
-301
-229
810
-381
-328
359
89
-310
501
-519
-183
701
-337
-230
309
-195
-83
513
-686
326
66
-154
225
-377
359
-118
-117
268
-155
-49
206
-103
-93
268
-76
-445
646
-310
-15
110
-318
330
-266
435
-660
292
355
-701
549
-308
-51
213
214
-527
253
273
-499
582
-447
224
-74
86
261
-773
744
-161
-333
427
-289
-217
436
101
-876
780
39
-590
584
-258
-221
377
337
-978
476
629
-995
632
-122
-458
595
10
-447
-11
456
-203
-58
-42
77
-65
288
-156
-444
531
58
-235
-179
381
-78
-95
196
-252
-86
463
20
-998
978
124
-1022
951
-364
-482
825
-189
-590
197
738
-859
87
632
-942
628
322
-808
242
597
-668
291
151
-518
715
-359
-63
63
56
128
-377
320
-246
112
136
-321
27
250
-32
-269
212
-220
392
-305
-30
315
-599
744
-270
-299
227
114
-121
2
257
-684
591
213
-621
335
-121
-10
398
-299
-541
782
-161
-268
271
-363
274
161
-31
-709
843
-165
-368
536
-662
501
134
-433
-87
623
-476
-110
492
-564
236
387
-671
138
592
-726
300
194
-409
276
290
-816
694
119
-779
756
-181
-287
243
199
-504
87
628
-661
-283
1031
-649
-453
1265
-1187
98
1210
-1365
62
1170
-1054
120
761
-1115
652
334
-743
142
592
-556
-11
668
-943
374
508
-626
-24
506
-361
-39
360
-395
-78
461
-126
-549
645
0
-519
421
153
-601
674
-349
-272
802
-700
210
66
-144
201
-74
-425
575
-165
-202
191
-233
260
-43
21
-323
365
-59
-79
74
-135
300
-410
729
-861
180
735
-1046
722
-251
-180
253
298
-699
233
587
-1111
1103
-589
-186
684
-604
379
-167
-116
190
46
-263
296
-220
34
199
-201
-29
-32
94
55
35
-244
351
-288
-23
354
-436
-33
574
-510
200
161
-606
780
-263
-368
610
-603
254
636
-1100
554
179
-507
430
-146
-188
214
236
-508
114
141
-171
269
-197
47
81
-70
-64
128
-118
-92
312
-205
25
213
-236
-53
342
-259
-280
501
-220
91
196
-574
344
214
-450
299
-273
-20
777
-672
-154
481
-310
201
-6
-814
1010
-92
-499
669
-773
277
625
-668
-522
1079
-409
-266
659
-618
116
426
-483
-240
595
-405
364
-36
-219
294
-168
-195
70
430
-661
231
539
-736
366
401
-1046
433
1071
-1906
973
895
-1856
1633
-310
-1487
1778
-158
-1568
1820
-620
-953
1788
-1144
-669
1777
-922
-507
1120
-883
-96
977
-754
-499
1336
-899
-146
1131
-1431
577
671
-1022
330
306
-451
220
395
-690
135
550
-587
138
319
-585
276
574
-1002
322
696
-980
408
612
-1151
376
895
-1525
647
829
-1160
536
473
-860
216
600
-1100
389
736
-734
131
563
-786
460
210
-1072
861
43
-447
539
-104
-404
380
32
-665
515
319
-922
1116
-253
-812
1123
-820
59
785
-987
228
825
-944
288
457
-1059
638
670
-1500
982
375
-1294
1387
-559
-600
841
-109
-835
1065
-236
-985
1612
-760
-653
1162
-709
-445
1442
-1183
-248
1257
-817
-168
823
-802
26
987
-1406
612
485
-932
855
-134
-788
763
28
-959
953
-229
-647
1198
-526
-536
751
-376
-217
498
-646
385
349
-299
103
-273
280
-237
208
-290
204
133
-199
375
-513
372
-319
212
-65
-78
329
-459
602
-274
-220
324
-310
170
267
-659
500
220
-444
120
263
-519
0
965
-1461
965
187
-839
898
-420
-310
267
313
-744
537
87
-620
1019
-457
-761
1083
-319
-529
750
-589
61
543
-281
-346
396
-71
-264
561
-901
677
50
-150
26
-339
594
-561
238
-304
124
48
515
-875
-82
1372
-1522
517
251
-737
819
286
-1239
734
780
-1317
441
323
-571
918
-676
-568
1325
-213
-763
126
375
-41
121
-359
-384
965
82
-1100
465
321
-96
-39
-158
-302
824
116
-1048
706
31
-241
520
-861
144
886
-643
-266
301
261
-118
-111
-526
512
496
-778
163
58
426
-94
-734
429
-48
60
63
-442
388
475
-586
-84
332
-446
263
412
-776
479
534
-865
190
99
-457
329
-189
130
343
-496
302
0
-463
344
67
-620
857
400
-1273
965
84
-1216
1086
-312
-462
949
-240
-524
659
32
-849
444
194
-470
727
-315
-372
764
-545
-219
243
15
-385
613
63
-813
1166
-494
-720
1354
-904
-383
1144
-466
-447
946
-722
-537
1490
-982
-454
710
-176
46
427
-1216
732
766
-1338
887
-502
-84
558
114
-1126
821
658
-1551
1662
-1215
-296
1472
-1254
182
829
-927
102
1025
-1556
170
1210
-1656
940
686
-1256
685
95
-430
85
161
-133
192
381
-150
-570
541
149
-1105
945
-162
-325
1011
-527
-736
1160
-616
-485
920
-1256
1295
313
-1198
697
135
-799
841
-698
-668
1787
-937
-31
564
-737
555
50
-997
813
69
-364
698
-456
121
458
-823
340
215
-837
766
35
-786
1015
-406
-403
579
-363
-178
177
162
-629
694
23
-544
581
-256
-15
96
169
-1037
1455
-75
-1449
1532
-847
-141
773
-1003
-634
2083
-850
-927
1591
-1529
752
709
-1861
495
1586
-1274
11
1080
-1591
950
603
-1755
806
1115
-1339
521
564
-1135
841
143
-1275
976
428
-1061
876
-59
-659
795
-341
-808
615
175
-337
506
-24
-117
210
-497
132
-145
-364
707
-53
87
-17
-49
-469
267
363
-831
279
650
225
-566
-57
207
-369
627
-447
-666
1020
107
-293
-482
414
344
-552
162
-367
322
26
278
-729
191
1141
-1519
586
234
-515
716
-381
-214
690
-204
-780
638
-408
-176
814
-1203
694
966
-1432
714
15
-825
1161
-526
-855
1078
235
-1057
904
-320
-382
1089
-749
-87
171
223
-207
80
-276
252
287
-314
140
-278
250
-56
-111
-32
17
138
-166
39
-130
44
-79
270
305
-725
643
-266
-238
386
-359
-386
941
54
-1433
1568
-461
-507
746
-363
-202
599
-238
-837
1201
-493
-309
651
-337
-26
308
-455
-315
843
-355
-397
750
-155
-575
672
-175
-877
1132
-401
-432
849
-481
57
124
-21
-295
563
-292
-286
507
-605
433
-479
-296
1139
-506
101
438
-687
184
184
-891
33
1030
-721
401
755
-1311
565
466
-1191
458
373
-418
164
617
-576
4
411
-396
245
-400
-81
342
156
-113
7
-161
-35
603
-988
-30
1092
-393
-240
438
-814
-33
1225
-1240
47
1224
-872
261
-4
-700
253
727
-992
565
217
-731
1261
-966
-212
688
-366
-575
637
-56
-288
914
-1079
436
551
-1045
331
199
41
224
-307
-645
713
328
-1053
808
44
-301
574
-754
-187
616
-59
-540
247
340
-190
178
-194
401
-49
-865
347
-11
51
491
-104
-37
571
-321
-1139
492
447
-431
494
-224
205
354
-328
-570
222
686
-756
297
-304
285
486
-650
37
209
404
-503
95
-343
368
406
-1038
614
139
-472
653
-282
-665
857
265
-1019
644
87
-738
768
-838
91
779
-462
209
366
-199
-605
651
-1201
377
698
-703
351
705
-18
-929
655
-853
-28
622
-368
-332
1246
156
-1376
958
-846
-346
1390
-1038
-326
1733
-620
-713
1011
-1278
-150
1692
-1468
-249
1712
-912
164
391
-1161
395
666
-1015
-57
1157
-459
163
113
-587
262
80
-489
-118
1079
-408
8
342
-590
236
-37
-164
-359
1087
-744
283
705
-1201
575
-21
-395
25
353
-492
764
56
-509
-143
-198
457
-331
42
-44
594
-107
42
-529
-358
901
-728
262
-70
140
732
-619
-46
51
-236
-11
49
-266
486
321
-407
27
318
-642
220
-21
-708
1056
-100
-233
464
-266
-278
277
-303
-757
972
183
-354
751
-573
-132
442
-587
-527
675
372
-417
712
-501
-180
683
-889
-417
806
170
-188
574
-789
63
929
-1388
-118
857
-337
626
-146
-598
381
298
-860
-3
442
-145
543
-333
-1
147
-212
-300
-44
225
106
52
136
166
-119
-233
-133
-246
273
314
-283
8
606
-430
-6
-75
-709
823
-9
-171
-196
461
14
-186
-199
-306
438
8
22
-412
678
-125
-295
60
2
-62
35
120
-568
971
-492
-66
169
-145
180
-193
166
-564
842
-595
549
-69
-907
1387
-560
-492
510
-155
-257
1129
-847
-566
1419
-862
-167
531
-580
264
563
-454
-186
299
-134
-121
9
192
-286
289
219
-640
167
327
-556
224
140
-83
478
-828
356
-128
120
121
-509
258
457
95
-1001
551
-311
360
300
-673
241
380
20
-702
253
-265
300
505
-395
-269
600
-97
-1004
730
-143
-297
1044
-468
-606
1243
-577
-1220
1143
-349
96
805
-786
-2
816
-625
-661
404
-3
520
85
-387
-48
663
-623
-516
452
-163
694
-163
-221
74
271
-608
-223
492
-390
827
-423
116
236
-502
-167
-26
375
-355
379
61
207
-148
-465
10
-102
474
-357
64
552
-72
-109
-641
330
-29
-221
370
-166
382
247
-464
-362
286
-149
-255
437
-45
248
274
-550
-65
-87
25
-146
156
362
-223
414
-3
-744
331
-311
51
527
-562
435
108
6
-140
-337
-296
685
5
-685
800
-288
116
229
-657
-109
818
-358
-417
593
-122
-14
85
-159
-241
706
-466
-356
646
-223
12
99
-140
-83
367
-369
-168
481
-328
139
31
29
-93
-117
109
-151
258
-178
-116
359
-118
-62
-134
-15
203
186
-427
-89
631
-515
193
-25
-288
526
-34
-357
-136
613
-493
9
174
-188
551
-423
-90
57
190
-139
-213
162
44
268
-346
-56
242
35
-153
-61
124
-203
304
-136
-233
386
-101
-118
326
-171
-219
-74
286
-230
147
-116
27
490
-217
-94
-533
596
-317
4
159
-324
771
-105
-401
-182
291
-354
116
284
-547
671
180
-558
188
16
-406
159
209
-370
433
246
-411
103
-38
-263
163
104
-406
557
-20
-287
326
-367
15
250
-238
-213
561
-272
87
110
-218
203
-143
91
-295
295
-33
-95
322
-7
-159
55
0
-299
314
-326
248
359
-81
-101
-136
216
-283
175
-261
121
590
-253
-192
-14
145
11
-92
-214
221
376
-285
-65
-120
288
80
-310
-2
222
124
-224
13
-141
333
99
-435
11
332
-96
-114
-72
-98
357
-95
-397
27
167
69
-256
-180
11
270
-70
-484
217
39
30
-16
-367
175
274
-146
-367
326
79
-90
141
-371
161
163
-77
-179
136
282
-353
29
-141
97
148
-152
9
-15
207
-104
-355
108
233
43
96
-89
-10
199
139
-572
250
232
32
143
-30
-79
-57
393
-448
89
82
-15
153
-20
-83
-132
257
-6
-39
-192
-80
373
-110
-187
80
6
242
-111
-338
-35
309
-35
-321
293
-163
105
143
-514
30
479
-174
-152
474
-236
-121
256
-225
-107
474
-98
15
328
-295
-203
96
-94
-61
238
-185
136
277
-468
-313
215
-182
-126
275
-253
78
408
-339
-400
282
53
-280
192
55
-64
446
-18
-410
206
219
-339
11
315
-186
179
319
-428
-74
351
-375
-103
342
-232
-164
493
-216
-361
482
-209
-240
396
-291
-230
493
13
-302
350
98
-445
391
-163
-294
416
50
-67
75
147
-379
163
167
-292
180
195
88
4
26
-12
-20
246
32
-213
250
249
-28
-168
285
-93
-109
206
-294
-104
238
-3
-375
252
-154
-316
19
-160
-215
52
31
-240
108
-144
-243
-10
-56
56
119
43
69
90
-9
-121
31
18
242
174
-119
172
105
-181
-27
-131
-26
159
34
-344
39
312
-500
26
-31
-25
-77
57
-301
-52
609
-365
8
339
202
-276
225
-30
-21
529
-18
-138
269
366
-458
149
210
-74
148
121
-107
-90
316
-148
10
375
144
-41
126
165
-136
131
282
29
189
189
-134
-138
108
-197
-35
222
-82
-80
-65
-289
-379
-67
-178
-30
213
-18
-75
9
-261
-195
78
69
249
456
152
-1
57
-322
-183
42
-9
241
358
-8
-225
-270
-529
-453
-274
-271
47
64
-217
-256
-459
-531
-250
-299
-197
254
266
-127
96
-52
-286
242
38
76
513
484
44
135
242
-81
133
195
160
262
223
-2
-87
-52
-155
-261
-77
62
-167
20
51
-111
-190
-255
-224
-274
45
-155
156
429
6
116
-61
-79
-60
86
93
435
585
195
346
173
-51
136
84
181
516
368
297
324
84
-164
84
-78
-10
309
53
88
120
-392
-467
-226
-497
-444
-85
-176
-245
-100
-571
-445
-242
-514
-400
-48
-69
-227
-68
-230
-116
-50
-142
-67
118
0
-187
-19
-78
-55
-40
16
26
9
-162
-224
-121
-193
-197
-61
-22
-68
7
-212
-75
23
-15
58
125
214
3
151
8
-55
326
201
318
323
388
232
44
192
42
263
282
337
341
357
308
12
288
334
55
329
467
372
242
327
258
311
553
68
358
569
383
265
606
733
495
885
484
653
971
652
628
913
899
722
1121
902
886
999
386
14
-77
-450
-617
-294
-433
-551
-591
-1352
-1863
-2107
-2609
-2553
-2051
-1925
-1685
-1593
-1894
-2026
-2146
-2165
-1719
-1081
-715
-213
3
-14
71
-114
-10
463
601
831
1197
1049
792
558
197
81
161
62
37
129
-164
-574
-790
-1012
-1001
-1120
-1068
-794
-785
-629
-573
-805
-591
-331
-433
-142
408
498
869
1109
662
956
1218
914
1158
1543
1532
1542
1584
1231
1486
1715
1298
1601
1884
1671
1547
1630
1760
1966
1988
1746
2062
2067
1944
2216
2498
2694
2237
1648
944
59
-959
-961
250
548
311
-650
-1431
-2096
-3599
-4802
-4340
-2825
-2533
-2681
-2559
-2297
-2285
-3468
-4399
-3551
-1783
-867
-106
569
1027
1015
289
-222
370
1557
2167
2625
3003
3191
2960
1875
601
64
393
708
916
1068
879
-44
-1622
-3034
-3625
-3384
-3078
-2771
-2220
-2025
-2724
-3722
-4395
-4459
-3864
-2967
-1801
-680
-156
-530
-890
-964
-742
-66
966
2137
2878
3015
2653
2196
1729
1550
1866
2563
3247
3277
2757
2128
1359
519
194
154
287
583
569
128
-225
-918
-1617
-1553
-1186
-802
-80
401
398
467
191
137
841
1719
2303
2997
3490
3355
3412
3465
3666
4102
4231
4067
3987
2835
1278
202
990
1613
1307
403
-645
-824
-2600
-4609
-5293
-4007
-3140
-3844
-4261
-4111
-3282
-4317
-5783
-5705
-4023
-2585
-2006
-1198
-431
227
-420
-886
-194
1466
2695
3139
3412
3580
4111
3680
2738
1992
2181
2692
2765
2586
2210
2082
638
-1406
-2823
-2825
-2296
-2171
-2503
-3077
-3566
-4679
-5596
-5590
-5107
-4362
-3475
-2782
-2322
-2291
-2611
-2449
-1813
-1054
25
1323
2249
2528
2153
1750
1760
2179
2648
3289
3712
3820
3243
2444
1809
1231
1004
873
1082
1201
877
24
-656
-1142
-1582
-1726
-1638
-860
-247
-48
-342
-504
-494
-108
666
1515
2384
2751
3024
3430
3651
4106
4552
5081
5048
3298
1812
1392
3249
4340
3567
1853
700
539
-1479
-3044
-3483
-1699
-1083
-3075
-4333
-3850
-2555
-4064
-6195
-6599
-4252
-2119
-2150
-2138
-1809
-1417
-2415
-2839
-1597
1190
2823
2122
1343
1646
2974
2880
1902
1186
2376
3591
3189
2656
2591
2838
1174
-1026
-1387
670
1713
425
-1745
-2805
-3154
-4111
-4904
-4414
-3103
-3406
-4055
-4563
-4286
-4334
-4965
-4586
-3409
-1884
-1470
-952
-854
-1007
-1303
-891
572
1739
2620
2682
2684
2147
1684
1828
2518
2898
2692
2897
2654
2190
969
322
619
828
626
449
475
-173
-810
-1540
-956
-240
-100
-2
398
981
1076
1154
1047
1788
2515
3418
4008
4523
4862
5231
4176
1617
-54
862
4419
5279
4035
1541
936
-134
-3293
-4540
-2643
1263
651
-2226
-4029
-2789
-2417
-5187
-6359
-4670
-1021
-153
-675
-1154
-936
-1854
-3465
-2756
23
3805
4572
3119
1146
779
1406
1247
1053
1778
3912
4068
2503
831
746
514
-1416
-2614
-1412
904
695
-1237
-3101
-3912
-4761
-5558
-4637
-2983
-2357
-3350
-4023
-4191
-4291
-4464
-3760
-2093
-946
-662
-594
-67
-78
-418
-302
834
2158
2730
2903
2684
2347
1656
1445
1859
2367
2506
2443
2256
1375
390
-114
430
880
413
-155
-209
-60
-505
-763
-571
201
512
479
960
1351
1589
1339
1962
2671
3567
4131
4421
4181
1532
-467
-771
2719
5110
4530
2069
-54
-515
-2876
-4134
-3355
220
1290
-1432
-3958
-4064
-2553
-3984
-5487
-4904
-1525
567
7
-1073
-1860
-1920
-2748
-1981
569
4088
5372
3420
618
-643
761
1951
2506
2747
3808
3935
2060
-48
-652
84
-455
-1356
-1039
419
356
-2032
-4373
-5106
-4616
-4171
-3346
-2166
-1992
-3350
-4845
-4947
-4005
-3006
-1883
-505
378
-12
-710
-507
317
952
1519
2686
3779
3811
2882
2340
2472
2650
2679
3079
3696
3532
2479
1409
1146
1051
776
388
445
510
47
-654
-1304
-1388
-1347
-937
-475
35
91
-18
-107
162
733
1478
2584
2943
2547
15
-1534
-1237
1902
4259
3523
1571
-570
-1184
-3279
-3961
-2397
1008
1801
-1489
-4078
-4295
-2563
-3402
-4325
-3421
-692
653
-625
-1633
-2030
-1665
-2308
-1417
1234
4266
4784
2153
-325
-846
1101
2343
2948
3135
3648
3028
574
-1054
-690
861
398
-813
-970
-53
-458
-2828
-4119
-3779
-2969
-3013
-2675
-1849
-2014
-3384
-4213
-3093
-1747
-1160
-619
393
774
79
-195
900
2346
2671
2685
3236
3601
3327
2974
3382
3830
3474
2828
2850
3084
2699
2202
2122
2128
1297
318
164
820
776
-321
-1021
-899
-195
-89
-20
-19
-32
-561
-587
170
1143
1799
1442
723
-1629
-2706
-2162
1357
3086
1650
-742
-2318
-2181
-4208
-4598
-2960
513
265
-3440
-5536
-4783
-2770
-3931
-4326
-3046
-248
89
-1524
-2324
-2142
-1122
-1130
230
2071
4118
3767
1412
-659
-590
1847
3228
3491
2575
2459
1122
-1003
-1885
-450
1342
30
-1887
-2568
-1387
-1955
-3477
-3666
-2476
-1828
-2894
-2909
-2216
-1730
-2626
-2399
-632
867
1099
615
1103
1239
1572
2285
4108
5313
4910
4230
3956
4245
4081
4285
4922
5313
4380
3052
2524
2667
2690
2075
1860
1617
1312
421
-219
-471
-582
-605
-393
91
293
-6
-452
-620
-262
196
629
1357
1476
1522
-827
-2461
-2837
255
3106
2234
-399
-3280
-3024
-4150
-4634
-3731
-605
276
-3619
-7298
-7670
-4467
-3812
-4374
-4323
-2276
-1577
-3482
-4419
-3661
-1430
-1247
-738
650
2613
2547
147
-1367
-832
1980
3437
3606
2225
1152
-236
-1656
-1645
-359
1461
304
-1808
-3452
-3005
-2716
-3210
-2969
-2136
-1556
-2794
-3424
-3115
-2107
-1941
-1488
51
1174
1289
324
656
1543
2637
3624
4819
5788
5283
4362
3956
4908
5755
6106
5872
5322
4714
3950
4091
4238
4191
3395
2721
2392
1973
1520
1200
1394
1293
1041
749
1029
1138
874
558
862
1402
1675
1865
1893
1495
-1217
-2691
-1962
2245
3824
1418
-1851
-3453
-2783
-4333
-4391
-2447
688
-717
-5714
-8379
-6809
-3777
-4242
-4898
-4423
-2558
-3170
-5068
-5292
-3785
-1898
-2081
-1575
-335
1407
762
-1404
-2490
-782
2233
3049
2050
480
68
-1043
-2241
-1940
122
1265
-689
-3188
-4040
-3370
-3448
-3538
-2737
-1823
-2500
-4030
-4312
-3488
-2573
-2071
-1017
-117
-155
-704
-518
690
1779
2748
3585
4304
4153
3795
4114
5125
5877
5858
5787
5608
5292
4598
4555
5109
5403
4701
3781
3455
3434
2680
1715
1698
2562
3080
2170
1139
681
906
998
1156
1646
2351
2277
1673
-274
-1857
-2334
-307
2470
2510
767
-1660
-1992
-3122
-4088
-3231
72
1739
-1590
-5755
-6796
-4056
-2921
-3233
-3079
-1866
-2175
-4800
-5775
-4146
-1516
-1279
-1973
-2038
-1156
-1005
-1870
-2240
-1746
40
828
978
-371
-1388
-2092
-2651
-2059
-962
783
-131
-2505
-4706
-4183
-2552
-1446
-886
-897
-1515
-3494
-3895
-2554
-52
644
199
-191
-500
-588
-438
1324
2907
3423
2836
2675
2978
2910
2895
3489
4672
4895
4401
3735
3628
3457
3206
3344
3751
4126
3761
3246
2476
1872
1605
1973
2822
3166
2905
2120
1355
1014
1403
2259
3260
2952
2220
79
-1990
-2566
-640
3144
3301
563
-3422
-4127
-3695
-3586
-2852
-624
1060
-2133
-6444
-7827
-4103
-1388
-1901
-3157
-2783
-1638
-3017
-4142
-3376
-645
259
-488
-925
51
733
-425
-1378
-1046
1380
2360
1873
-355
-2001
-2593
-2461
-1310
-477
43
-1797
-3898
-5629
-4866
-3301
-1818
-1448
-2372
-3485
-4641
-3771
-2298
-387
-13
-178
-497
-492
44
920
2521
3539
3966
3425
3411
3629
4071
4366
4614
5027
4752
4279
3668
3708
3652
3340
3008
2957
3107
2625
1814
960
811
1106
1545
1712
1472
1091
551
582
660
1548
2233
2757
1715
-1443
-3266
-2417
2308
4168
2318
-1389
-2954
-2881
-4107
-3607
-613
3093
736
-5012
-8014
-5008
-1139
-1227
-2290
-2257
-1117
-2789
-4375
-3366
-266
996
-693
-1545
-448
1573
975
-428
-1046
660
2136
1797
664
-733
-863
-2183
-2189
-1419
335
-241
-3333
-5489
-5747
-3792
-3149
-2294
-2478
-3054
-4854
-5446
-3693
-1435
26
-439
-310
-586
-152
447
2169
3968
4611
4820
4599
4949
4557
4850
5320
6274
6289
5850
5486
4820
4044
3006
3507
4024
4032
2448
1103
637
578
443
19
288
190
-213
-1158
-1156
-464
374
371
-464
-2149
-3468
-2918
-127
2125
1259
-1373
-3129
-2972
-3203
-2797
-713
1972
1019
-3438
-6117
-4438
-1036
-432
-1158
-1248
-860
-2099
-3594
-2645
-138
1112
-206
-1118
-465
872
664
-404
-836
52
1221
1113
226
-1068
-1425
-2119
-2466
-2307
-1070
-711
-2773
-5219
-6040
-4458
-3491
-3136
-3268
-3256
-4216
-5032
-3995
-1840
-385
-712
-645
-142
633
1128
2554
4423
5235
4954
4841
5863
6627
6875
6824
7294
7371
7003
6684
6593
6348
5499
5172
5080
4869
3754
2667
2142
1888
1569
899
595
159
-219
-810
-1213
-958
-664
-543
-2044
-3833
-4517
-2692
-252
-145
-2091
-4130
-4244
-4183
-3988
-2874
-416
150
-2869
-6171
-5814
-2213
-170
-765
-1889
-1705
-1846
-2761
-2618
-372
1624
1021
-882
-1385
92
1025
643
-281
-103
422
390
-326
-1088
-1599
-2450
-2966
-2846
-1924
-2026
-3474
-5407
-6154
-5596
-4797
-3994
-3763
-4031
-5218
-5752
-4787
-2719
-1308
-1178
-1310
-1147
-362
663
2265
3644
4371
4292
4386
5209
6362
7305
7479
7346
7073
7247
7450
7636
7437
7185
6884
6416
5808
5150
4953
4695
4307
3478
2907
2475
2115
1567
1037
954
972
1014
-177
-1864
-3203
-2397
-665
-68
-1230
-2916
-3725
-4715
-5179
-4195
-1396
-339
-2722
-6174
-6813
-4437
-2373
-1625
-1642
-1653
-2933
-4305
-3803
-981
1261
1025
-392
-1052
-487
-33
578
1038
1547
855
-49
-580
-391
-661
-1969
-2639
-2320
-1230
-2226
-4118
-5940
-6165
-6032
-5603
-4469
-3972
-4946
-7507
-7934
-6303
-3519
-2323
-2109
-2564
-3289
-3173
-1603
1552
3352
3588
2615
2792
3701
5074
6329
7154
7385
6701
6461
6688
7583
7857
7754
7181
6569
6113
6041
6318
6088
5346
4405
4060
3970
3737
3209
2887
2900
2648
1412
-341
-1096
-120
1156
956
-601
-1944
-2642
-3496
-4154
-3326
-1169
-570
-2844
-5875
-6347
-4440
-2704
-2223
-2163
-2079
-3077
-4493
-4402
-1911
583
927
-362
-1361
-1162
-607
101
751
1316
966
-167
-1264
-1554
-1115
-1013
-1377
-2136
-2720
-3552
-4454
-5043
-5064
-4879
-5036
-5226
-5567
-5954
-6375
-6068
-5122
-4204
-3745
-3579
-3318
-3040
-2349
-1114
376
1275
1569
1848
2456
3237
4019
4933
5651
5861
5593
5537
5921
6500
6782
6770
6549
6142
5664
5406
5661
5903
5764
4970
4225
3754
3763
3924
4069
3842
2722
1192
144
749
1962
2471
1283
-467
-1872
-2553
-2404
-1474
-231
-456
-2321
-4672
-5122
-3849
-2217
-1725
-2192
-2994
-3848
-4123
-3539
-1891
-738
-631
-1495
-1895
-1636
-957
-269
167
355
-127
-630
-1140
-1050
-1018
-949
-1265
-1752
-2341
-3071
-3580
-4028
-3906
-3984
-4022
-4468
-4762
-5144
-5267
-4855
-4122
-3382
-3350
-3241
-3072
-2357
-1701
-672
380
1089
1233
1278
2007
2983
4009
4547
4958
4866
4626
4563
5180
5991
6275
5912
5306
4919
4741
4830
4954
4969
4540
3933
3324
3107
3090
3278
3024
2176
1016
513
914
1383
1338
576
-187
-1178
-1851
-2021
-1162
-328
-484
-1786
-3218
-3525
-2969
-2002
-1564
-1376
-1866
-2685
-3407
-3005
-1652
-629
-677
-1564
-2040
-2029
-1478
-997
-519
-550
-1159
-1955
-2211
-1717
-1362
-1438
-2053
-2651
-3340
-3678
-3538
-3127
-3093
-3605
-4033
-4220
-4168
-4123
-3657
-3037
-2636
-2630
-2505
-1955
-1312
-725
-129
728
1441
1789
1984
2556
3424
4108
4506
4823
5095
5218
5241
5439
5743
5929
5782
5470
5196
5067
5088
4853
4328
3592
3253
3132
3123
2961
2713
2156
1081
150
-87
622
1112
959
-9
-995
-1691
-1876
-1553
-1005
-500
-842
-1790
-2832
-2851
-2228
-1558
-1380
-1520
-1769
-2214
-2458
-2400
-1749
-1254
-1140
-1479
-1716
-1728
-1740
-1695
-1688
-1567
-1772
-1988
-2202
-2260
-2414
-2666
-2872
-3160
-3380
-3613
-3540
-3578
-3711
-3950
-3990
-3906
-3854
-3671
-3435
-3058
-2851
-2575
-2206
-1607
-1079
-692
-210
375
1009
1464
1991
2542
3050
3349
3672
4200
4631
4798
4782
4940
5119
5201
5181
5184
5136
4909
4717
4563
4438
4159
3920
3676
3419
3148
2947
2834
2584
2192
1661
1330
1202
1251
1142
858
433
-39
-430
-639
-557
-463
-580
-1118
-1685
-1974
-1852
-1652
-1550
-1615
-1877
-2293
-2601
-2462
-2082
-1835
-1925
-2058
-2170
-2243
-2303
-2233
-2124
-2141
-2270
-2369
-2385
-2473
-2649
-2893
-3067
-3176
-3207
-3247
-3324
-3463
-3621
-3685
-3631
-3520
-3434
-3300
-3103
-2857
-2603
-2300
-1911
-1531
-1218
-832
-235
356
706
938
1332
1876
2356
2744
3114
3427
3555
3634
3837
4175
4447
4543
4467
4314
4234
4259
4344
4349
4238
3996
3711
3437
3309
3303
3260
3050
2710
2403
2156
1943
1750
1629
1465
1209
890
662
502
338
101
-157
-390
-563
-688
-826
-970
-1149
-1300
-1468
-1601
-1694
-1708
-1728
-1797
-1892
-1977
-2020
-2072
-2109
-2159
-2189
-2249
-2310
-2413
-2494
-2587
-2680
-2769
-2859
-2959
-3080
-3162
-3235
-3266
-3322
-3355
-3368
-3340
-3304
-3223
-3073
-2907
-2766
-2626
-2400
-2106
-1784
-1465
-1124
-790
-463
-137
237
659
1085
1479
1823
2143
2463
2785
3086
3364
3613
3829
3996
4131
4240
4328
4372
4369
4322
4253
4160
4029
3873
3687
3483
3254
3012
2756
2483
2201
1932
1674
1409
1145
878
637
406
200
12
-158
-342
-517
-661
-760
-837
-920
-997
-1080
-1149
-1229
-1273
-1292
-1298
-1336
-1404
-1468
-1537
-1592
-1657
-1716
-1792
-1876
-1994
-2104
-2219
-2323
-2428
-2540
-2650
-2758
-2841
-2920
-2994
-3067
-3095
-3100
-3078
-3043
-2971
-2884
-2799
-2689
-2535
-2330
-2100
-1861
-1621
-1362
-1103
-806
-489
-166
153
464
778
1084
1404
1730
2038
2297
2530
2762
2992
3214
3427
3605
3725
3796
3859
3917
3955
3967
3949
3898
3795
3675
3551
3403
3217
3013
2804
2582
2346
2105
1853
1565
1279
1017
780
542
305
75
-170
-408
-607
-765
-913
-1052
-1179
-1278
-1388
-1487
-1545
-1581
-1626
-1670
-1685
-1703
-1731
-1768
-1785
-1811
-1845
-1879
-1912
-1963
-2024
-2076
-2143
-2231
-2312
-2376
-2445
-2523
-2602
-2653
-2709
-2773
-2811
-2802
-2782
-2771
-2749
-2702
-2638
-2541
-2396
-2234
-2071
-1902
-1707
-1498
-1271
-1009
-723
-446
-189
87
391
678
948
1235
1516
1774
2023
2292
2539
2737
2910
3092
3269
3420
3557
3689
3768
3794
3833
3886
3900
3875
3840
3794
3706
3592
3497
3393
3216
3017
2844
2671
2463
2242
2034
1786
1505
1250
1035
799
545
311
84
-167
-406
-596
-773
-972
-1153
-1286
-1425
-1573
-1698
-1785
-1874
-1963
-2033
-2077
-2131
-2192
-2231
-2266
-2305
-2336
-2355
-2390
-2432
-2460
-2482
-2519
-2557
-2591
-2618
-2652
-2683
-2702
-2706
-2722
-2741
-2734
-2703
-2669
-2633
-2581
-2506
-2422
-2327
-2197
-2041
-1890
-1736
-1548
-1332
-1108
-871
-618
-371
-127
138
426
712
981
1238
1502
1736
1969
2223
2458
2638
2800
2974
3113
3212
3315
3419
3474
3475
3486
3506
3478
3405
3341
3285
3180
3061
2962
2841
2677
2512
2366
2208
2041
1887
1725
1531
1329
1169
1017
832
653
511
357
163
-10
-143
-279
-445
-587
-702
-832
-982
-1117
-1229
-1339
-1450
-1543
-1633
-1752
-1857
-1927
-2000
-2084
-2146
-2191
-2264
-2337
-2377
-2384
-2406
-2445
-2468
-2473
-2482
-2481
-2451
-2413
-2400
-2382
-2334
-2285
-2222
-2127
-2019
-1936
-1862
-1750
-1595
-1437
-1295
-1125
-940
-782
-613
-398
-159
85
304
516
724
943
1165
1389
1610
1813
2007
2165
2285
2418
2578
2691
2743
2792
2851
2867
2825
2787
2775
2731
2616
2490
2395
2289
2147
1983
1827
1683
1522
1350
1194
1056
918
759
590
455
370
277
145
27
-46
-112
-200
-282
-313
-344
-423
-515
-550
-556
-603
-689
-769
-827
-904
-973
-1034
-1095
-1176
-1287
-1416
-1516
-1577
-1635
-1724
-1836
-1939
-2011
-2069
-2117
-2133
-2138
-2166
-2215
-2216
-2145
-2054
-1971
-1904
-1844
-1748
-1607
-1433
-1240
-1050
-889
-763
-618
-418
-164
94
295
442
580
738
926
1128
1318
1476
1570
1628
1694
1799
1920
2004
2030
2022
2013
2006
1994
1991
1973
1920
1831
1730
1648
1578
1499
1387
1249
1119
1008
888
769
663
559
434
300
183
110
47
-38
-138
-213
-265
-318
-367
-394
-389
-384
-418
-475
-488
-470
-472
-503
-531
-543
-573
-625
-667
-678
-695
-760
-855
-915
-947
-1002
-1083
-1153
-1204
-1249
-1298
-1346
-1354
-1358
-1393
-1437
-1430
-1358
-1291
-1269
-1263
-1218
-1124
-1017
-902
-769
-643
-558
-499
-390
-202
-5
134
233
335
459
595
739
900
1036
1126
1178
1245
1355
1468
1550
1589
1622
1651
1678
1697
1717
1740
1726
1683
1623
1575
1532
1465
1375
1276
1170
1054
931
803
690
573
438
297
153
22
-98
-219
-330
-438
-537
-634
-716
-766
-787
-805
-848
-896
-935
-935
-916
-898
-899
-909
-911
-921
-916
-888
-848
-831
-862
-905
-922
-909
-904
-924
-944
-950
-961
-984
-987
-963
-937
-940
-948
-918
-866
-827
-806
-768
-699
-618
-546
-470
-382
-286
-210
-137
-30
91
200
282
370
481
595
697
782
869
956
1034
1112
1186
1257
1305
1333
1358
1406
1454
1478
1479
1464
1440
1415
1380
1338
1292
1224
1135
1030
928
833
733
619
502
393
274
149
21
-89
-190
-282
-371
-461
-544
-617
-669
-701
-715
-711
-705
-716
-733
-718
-669
-611
-567
-537
-511
-490
-468
-427
-369
-318
-307
-325
-351
-368
-373
-378
-392
-421
-460
-529
-597
-640
-663
-676
-711
-764
-807
-834
-850
-852
-831
-795
-770
-753
-731
-683
-603
-506
-414
-333
-251
-167
-66
43
157
272
372
452
524
613
709
794
857
912
969
1014
1046
1065
1089
1102
1084
1054
1027
1006
959
900
832
763
694
619
545
464
381
288
198
119
43
-30
-109
-185
-253
-312
-359
-399
-424
-448
-462
-478
-478
-463
-436
-406
-383
-361
-327
-280
-243
-202
-160
-125
-96
-71
-49
-28
-11
-11
-13
-28
-44
-63
-90
-123
-154
-177
-213
-248
-283
-309
-335
-359
-373
-379
-387
-396
-397
-383
-353
-322
-289
-257
-215
-169
-120
-66
-4
60
105
156
215
283
348
398
446
499
550
590
625
656
682
684
669
663
663
647
610
558
499
445
379
309
240
164
71
-33
-121
-198
-272
-357
-438
-509
-566
-620
-661
-689
-704
-709
-713
-698
-663
-617
-572
-532
-480
-406
-328
-257
-190
-120
-58
-5
46
99
148
176
186
186
187
182
167
152
126
93
54
4
-34
-57
-81
-102
-139
-165
-177
-191
-186
-164
-137
-107
-91
-70
-23
37
98
156
204
254
286
320
375
435
494
527
537
545
562
589
604
611
616
596
564
532
516
513
495
457
408
362
331
289
240
203
164
104
40
-24
-72
-120
-183
-238
-296
-352
-410
-468
-514
-547
-585
-627
-659
-682
-696
-704
-703
-699
-670
-644
-622
-581
-538
-482
-421
-367
-306
-247
-195
-140
-78
-22
23
50
69
90
104
114
117
106
85
59
27
-4
-30
-55
-76
-108
-147
-172
-180
-185
-179
-172
-162
-140
-112
-77
-30
30
97
163
218
281
355
434
500
558
625
683
723
752
778
804
821
814
793
776
750
712
661
607
555
496
420
343
283
210
131
51
-27
-89
-152
-217
-279
-324
-367
-411
-459
-490
-503
-514
-532
-546
-543
-548
-536
-520
-491
-460
-433
-419
-393
-356
-310
-260
-219
-183
-145
-107
-86
-53
-24
0
12
10
3
-7
-6
-19
-37
-43
-74
-103
-137
-170
-197
-221
-252
-285
-297
-298
-301
-307
-294
-281
-256
-219
-176
-114
-48
4
60
110
177
243
311
382
450
497
523
554
565
600
635
645
642
621
575
525
494
454
433
390
335
282
200
133
94
36
-7
-19
-80
-119
-145
-190
-213
-217
-242
-251
-259
-304
-285
-295
-298
-263
-279
-292
-277
-304
-335
-305
-316
-291
-251
-261
-226
-228
-253
-224
-213
-178
-121
-66
-63
-10
9
-9
46
55
85
131
169
180
243
234
224
233
161
159
163
130
186
204
134
142
29
-21
-26
-48
4
20
28
-12
-43
-81
-59
-62
3
14
0
71
12
66
107
116
171
167
151
175
178
193
258
221
208
199
83
34
49
11
13
74
9
-21
-91
-171
-281
-300
-321
-317
-263
-253
-203
-275
-258
-373
-356
-402
-406
-277
-333
-177
-118
-178
-114
-148
-218
-208
-157
-210
-38
-6
8
115
33
16
-6
-51
-28
57
108
192
261
251
225
208
148
159
198
225
258
308
321
318
332
351
209
280
169
75
200
127
203
252
222
159
114
37
-24
21
17
39
89
79
93
63
80
9
13
-24
-72
44
-13
172
148
111
145
-4
-54
21
24
51
245
94
92
46
-128
-120
-88
-81
-1
61
-51
-60
-163
-341
-304
-294
-336
-184
-134
-221
-237
-233
-473
-438
-384
-497
-306
-263
-219
-202
-108
-298
-260
-260
-354
-146
-96
-44
35
103
-117
88
-58
-50
62
147
84
203
238
32
327
63
225
241
169
127
156
46
-12
219
81
203
227
136
-63
-33
-193
-263
-40
-116
-16
105
-80
-30
42
-397
69
-156
-280
242
-147
96
279
101
153
184
5
102
93
-1
462
140
415
422
158
433
126
347
220
296
328
141
206
220
240
155
464
133
293
-63
-28
-37
-266
218
18
126
73
81
-425
-25
-399
-358
-97
-227
-37
-282
-147
-280
-273
-396
-117
-246
-149
-90
-89
-106
-135
56
-239
-164
-15
-235
63
256
14
121
54
-242
-122
-476
111
-41
69
297
49
-137
-308
-251
-846
-11
-487
46
4
-59
-97
-626
-301
-786
-523
-473
7
-127
-81
254
-358
-213
-191
-375
-262
219
123
81
683
130
134
302
-9
122
257
311
413
675
545
295
672
-124
257
413
-107
723
641
295
498
470
-306
228
137
-72
518
504
213
353
277
-232
234
21
22
345
47
120
207
144
31
153
240
41
-99
-44
-132
-149
84
132
139
477
-73
-91
-181
-452
-130
-327
37
151
-141
44
66
-571
-281
-446
-725
-134
-665
-354
90
-560
-84
-402
-501
-521
-702
-609
-772
-134
-434
-207
92
-366
-648
-416
-536
-867
225
-174
154
489
-321
189
-387
-128
61
-77
805
139
603
377
108
325
-18
448
349
506
361
432
482
296
128
550
83
66
392
-154
90
687
-98
417
497
-409
244
-408
-136
123
193
400
291
532
-270
63
76
-416
178
289
7
581
530
-134
223
309
-191
15
-74
289
-51
103
443
-87
371
-65
-54
-518
-28
-85
-329
74
77
-296
-130
136
-624
-265
-393
-585
-258
-308
-403
161
-414
-334
-272
-415
-256
-124
-570
-382
154
-665
334
-287
180
-152
-503
55
-407
-10
-15
276
230
342
-137
-108
-119
-187
99
271
421
469
107
-161
37
-359
222
155
491
191
201
-27
-131
-92
-82
289
-121
404
-257
139
30
-253
74
-45
141
-15
113
-126
177
-28
-147
24
393
-28
179
551
-461
641
-254
-109
462
32
280
419
386
194
116
-296
14
-191
71
483
390
257
69
-268
-580
54
-235
22
446
-494
385
1
-364
19
-77
-637
-216
-97
-8
365
-112
231
-492
-6
-346
-291
235
-227
-38
259
49
48
288
-444
-74
-312
-272
406
-328
540
145
-13
-21
-587
76
-161
17
122
27
-108
175
-137
-43
-34
260
-330
-123
-251
165
-89
287
123
-349
435
-486
161
-48
-69
-158
-331
574
-418
554
425
-481
96
-582
-3
-90
306
378
-61
577
-263
5
-387
80
142
85
179
524
440
-657
752
-853
258
354
-163
498
-121
331
-348
184
-114
-68
-76
-24
109
-294
400
-528
804
-641
-420
460
-818
427
-361
278
319
101
-447
42
-21
-696
258
76
266
511
-120
221
-196
-313
5
-455
382
342
73
74
354
-51
-715
67
-283
-288
393
-49
-230
564
-495
-344
512
-831
155
-172
-590
478
-257
34
485
-199
-50
-156
-247
-75
-595
671
9
-192
966
-205
-7
42
-469
-154
34
-106
753
76
193
898
-878
3
40
-626
78
641
279
228
705
-700
519
-799
-166
629
-467
595
499
-114
191
110
-710
409
-576
348
151
33
639
-322
-222
-2
-120
-660
877
-811
715
198
-452
296
-490
184
-608
430
-420
690
96
-300
272
-343
-498
183
-48
13
244
385
-148
-337
19
-474
-69
-177
184
62
305
-318
-94
-42
-854
244
-369
64
25
273
-319
-169
540
-991
164
188
-222
-146
479
-25
-11
398
-174
342
-200
52
190
-146
601
24
187
302
397
-375
-184
673
-503
267
625
-386
189
676
-1008
-34
696
-729
388
307
-364
63
-101
-426
-73
174
48
111
32
-4
-512
201
-479
-149
639
113
-403
839
-425
-642
578
-504
-86
809
-104
-109
466
-359
-200
-97
431
-667
717
277
-821
708
-238
-540
426
-114
-211
274
-270
125
-160
-395
422
-354
90
-151
-243
225
-300
-188
-73
462
-699
425
-540
182
275
-863
653
-356
494
-818
583
-326
184
119
-162
369
-227
656
-1068
662
106
158
-9
407
500
-780
743
-388
-38
527
25
371
100
-4
299
-379
-131
620
-745
877
-199
-291
706
-1162
819
-360
-432
788
-706
174
-173
-138
-150
204
-209
257
-343
16
238
-1105
1149
-651
250
251
-84
231
-521
332
-303
376
-194
332
268
-513
493
-473
-49
114
32
169
-545
768
-630
-446
442
-486
-25
-181
599
-919
293
41
-796
474
-605
551
-402
106
195
-245
-11
20
202
-427
661
-206
-38
557
-285
131
463
-481
513
-117
-61
306
-14
159
106
202
-103
43
-170
101
-159
178
309
-232
438
-352
81
-181
-475
697
-498
83
688
-663
252
-164
-239
-213
47
249
-295
218
369
-616
78
357
-859
758
-312
299
158
-287
760
-694
247
436
-618
559
315
-619
907
-340
-306
836
-843
370
148
-429
365
-321
106
-257
-167
130
-508
39
-85
-230
-251
120
-310
-295
337
-692
266
-50
-289
190
29
-114
-16
312
-324
351
-196
554
-267
101
923
-1101
907
171
-905
1298
-624
246
470
-405
294
-151
-204
236
-159
-55
734
-840
655
-172
-767
783
-906
674
-304
380
77
-410
301
-517
-149
44
92
-200
710
-689
418
-352
-417
-26
234
-438
402
441
-561
373
-319
296
-903
1141
-508
284
475
-198
320
-398
558
-483
534
-283
800
-648
570
58
-658
886
-898
625
-381
150
-100
-143
70
-357
15
-121
-97
-339
368
-509
-66
339
-716
441
-337
77
36
-109
246
-179
248
-176
127
107
-135
310
100
-41
320
-100
99
-78
191
-260
315
40
-147
315
-293
241
-628
605
-644
213
109
-151
147
-252
436
-777
565
-373
28
136
-27
12
203
-58
-134
308
-509
506
-517
319
134
-208
235
232
-515
260
22
-605
656
-525
551
-151
126
20
-48
-259
-35
128
-337
686
-486
648
-279
-112
161
-472
155
74
-212
505
-218
141
29
-497
280
-196
-434
534
98
-669
936
-465
-292
255
-139
-196
19
313
-189
198
-100
309
-346
94
144
-275
191
76
-6
25
301
-467
515
-287
-232
434
-393
222
-2
46
104
-228
246
-209
-191
201
-36
-191
194
160
-325
189
145
-642
617
-244
-265
520
-212
-66
358
-301
8
210
-300
259
-219
355
-211
132
103
-215
196
-171
209
-411
625
-432
208
106
-219
269
-221
22
6
56
-149
252
-303
337
-312
114
198
-648
586
-58
-658
754
-347
-128
149
53
-306
72
144
-240
-157
408
-235
-181
354
-374
277
-428
406
-209
-219
635
-439
-253
822
-750
160
318
-406
523
-482
433
-9
-490
643
-252
-228
368
100
-203
-81
402
-284
-132
53
409
-619
418
137
-381
259
-130
9
-163
244
-223
256
-27
-141
317
-258
-60
94
90
-239
193
256
-338
196
175
-441
149
137
-216
-55
520
-422
160
162
-373
138
-90
-96
105
26
-28
274
-445
433
-386
-117
411
-667
646
-111
-261
428
-144
-380
382
-240
-221
619
-632
534
-191
-66
207
-525
422
-146
-307
480
-133
-337
630
-550
65
285
-488
392
-91
-216
445
-375
136
120
-246
285
-228
157
-102
123
-163
193
-139
166
-150
147
-30
-145
203
-215
227
-281
463
-446
377
-117
-163
190
-250
289
-381
440
-240
176
-46
-101
187
-343
418
-333
243
12
-72
228
-302
241
-76
-38
38
127
-102
15
423
-659
544
-58
-426
539
-349
158
-55
178
-140
-14
186
-293
61
50
-121
-57
277
-407
397
-241
-101
265
-459
242
-121
-93
183
-5
-63
152
-171
96
-253
141
47
-274
461
-103
-80
109
93
-373
275
-187
72
41
-6
246
-406
470
-283
-113
128
-71
-47
14
202
-122
-66
276
-365
92
82
-300
359
-250
84
179
-211
-15
140
-250
23
116
-153
216
-252
395
-363
72
148
-328
202
-51
55
-75
189
-152
78
-151
133
-144
16
113
-114
133
-92
81
-163
129
-105
-20
101
-7
-116
220
-109
-185
335
-359
217
-85
13
152
-372
501
-404
74
188
-122
-92
337
-323
122
199
-538
702
-536
111
419
-520
319
48
-194
32
137
-79
-111
273
-122
44
-84
198
-223
-20
252
-209
63
-33
346
-688
697
-362
-168
591
-730
672
-472
271
-19
-42
30
-6
51
-145
173
-211
371
-563
684
-361
-278
819
-881
526
-149
4
-19
-25
180
-216
-21
231
-27
-631
1062
-886
174
387
-410
48
128
64
-443
579
-508
373
-350
301
-150
-140
335
-310
219
-166
244
-339
366
-389
339
-115
-201
607
-748
665
-354
-34
340
-454
263
142
-462
466
-49
-474
825
-791
504
-224
-144
474
-708
533
16
-432
345
190
-651
589
-314
108
-98
-132
632
-948
669
20
-547
397
-4
-162
-129
402
-248
-119
239
43
-393
284
132
-441
275
201
-451
298
77
-336
350
-298
238
-99
-189
498
-549
261
139
-286
98
178
-258
95
183
-420
523
-433
179
97
-138
-110
396
-399
-7
463
-629
454
-186
87
-98
56
21
-32
-95
220
-167
-29
268
-382
453
-472
368
-47
-373
634
-499
124
227
-247
18
207
-202
35
116
-85
-89
249
-273
121
177
-429
547
-311
-141
469
-407
-128
677
-816
434
179
-552
586
-494
402
-326
52
318
-413
188
222
-263
-178
644
-755
330
178
-372
352
-263
285
-189
-206
531
-492
-66
673
-733
335
191
-327
75
98
-114
-32
69
51
17
-235
507
-565
300
-42
-177
265
-251
215
28
-259
261
44
-531
675
-455
117
59
1
20
-201
364
-382
212
-194
307
-318
74
350
-507
335
-89
39
-227
354
-281
129
39
-179
468
-735
633
-170
-356
450
-70
-270
247
86
-245
80
107
-148
46
-25
92
-23
-164
271
-182
-39
26
157
-280
132
178
-269
171
-115
256
-384
195
180
-338
152
75
-19
-263
425
-353
203
-161
196
-91
-183
437
-479
323
-152
146
-174
195
-146
93
-16
-168
331
-412
326
-128
-23
109
-152
140
-101
7
67
-77
13
104
-109
75
-32
10
-73
69
70
-386
702
-715
378
49
-236
76
138
-238
91
212
-425
515
-444
354
-202
-17
211
-236
43
127
-111
48
-100
259
-281
119
112
-220
110
4
-16
-115
355
-468
416
-182
-96
296
-412
254
55
-332
372
-104
-144
157
39
-305
445
-433
228
180
-536
645
-363
-46
151
-13
-297
377
-182
-127
315
-183
-105
276
-247
121
-29
-97
357
-435
265
96
-291
106
270
-578
584
-344
16
216
-303
303
-288
224
-8
-176
178
104
-477
502
-173
-235
355
-145
-98
227
-162
-93
243
-226
-83
353
-203
-132
410
-356
127
184
-482
488
-96
-328
458
-213
-15
65
-208
237
-66
-339
501
-240
-84
314
-444
461
-261
-121
384
-287
138
59
-299
516
-364
-247
708
-642
190
176
-306
333
-222
-148
508
-491
221
-26
34
-8
-144
194
-84
41
-245
480
-452
243
-30
-290
445
-276
-131
272
167
-572
470
-9
-254
292
-446
517
-214
-156
231
-22
-65
-93
156
-288
499
-603
211
338
-413
206
-178
295
-175
-4
-69
296
-119
-354
535
-324
153
-166
76
66
6
-194
193
-67
19
-16
-189
420
-271
-45
113
55
-71
14
-186
395
-299
-16
157
-113
164
-303
252
-55
45
-156
59
65
128
-477
495
-108
-226
425
-581
618
-314
-162
257
-121
131
-209
3
323
-212
-163
273
-120
10
-30
-73
178
30
-264
229
-156
397
-559
96
568
-749
474
-319
370
-232
-18
26
111
-19
-228
196
-52
115
-292
231
85
-219
96
47
-131
235
-335
210
-22
-1
5
-169
370
-357
197
-169
178
-70
-95
113
-85
275
-427
274
16
-103
23
-65
105
16
-184
151
6
-135
298
-376
131
366
-480
100
180
-46
-107
3
73
125
-257
208
-107
30
209
-476
406
-274
379
-456
9
586
-602
184
18
43
-22
-31
-145
331
-161
-151
301
-375
399
-92
-473
656
-266
-37
-60
181
-45
-24
-174
150
169
-413
383
-269
313
-246
148
-107
70
-23
49
-274
242
195
-631
735
-560
359
-26
-392
511
-226
-220
462
-458
183
343
-725
760
-441
-35
466
-674
473
-22
-300
366
-216
-98
445
-553
322
-6
-205
264
-123
-170
347
-182
-141
251
-294
395
-327
-14
326
-214
-54
141
-131
42
173
-423
367
-40
-137
112
-98
238
-287
151
-78
42
21
-61
52
30
-80
105
-146
93
91
-297
345
-245
30
244
-326
189
100
-316
236
-22
-143
210
-150
-9
266
-447
410
-172
-83
187
-240
210
-202
323
-367
295
-160
97
-151
95
67
-212
241
-225
146
-30
81
-157
213
-229
92
136
-409
460
-140
-200
202
10
-158
271
-257
49
192
-354
208
102
-247
267
-218
88
-45
81
27
-242
357
-290
76
-34
259
-397
463
-454
223
109
-455
711
-647
334
-94
9
-91
201
-16
-300
481
-505
327
-98
21
23
-23
-119
248
-184
-55
421
-511
218
-8
36
-236
392
-256
-67
211
-243
307
-415
511
-315
-170
388
-225
-12
45
263
-598
564
-271
-110
439
-462
251
-11
-184
147
67
-142
66
28
-61
-25
130
-99
139
-237
134
127
-366
323
82
-406
204
294
-666
583
-21
-478
538
-335
-4
217
-136
2
125
-206
100
69
-90
53
-1
-19
-122
148
60
-246
298
-121
-190
304
-216
149
-49
-107
260
-432
343
-1
-207
174
33
-178
88
121
-177
194
-288
329
-244
31
221
-236
94
-38
30
22
-133
276
-237
8
70
-1
-27
-21
204
-317
188
-65
71
-125
162
-122
5
42
-101
302
-388
322
-111
-148
182
-10
-132
225
-189
46
95
-240
353
-250
18
206
-339
242
-73
23
-55
141
-157
-7
199
-299
233
-84
-61
36
117
-336
478
-434
223
75
-346
399
-284
77
25
111
-357
571
-542
239
149
-409
417
-246
43
40
26
-177
365
-389
241
4
-288
353
-222
31
158
-153
-106
373
-543
498
-159
-203
449
-504
347
-125
8
123
-119
28
46
-70
14
175
-251
267
-199
68
113
-254
354
-293
3
215
-276
155
90
-186
43
56
-225
216
-82
-22
200
-333
222
-29
-178
234
-39
-173
228
-148
-128
323
-312
148
150
-360
318
-117
-164
312
-215
20
76
30
-156
180
-85
-6
53
-147
260
-389
470
-429
288
-74
-128
243
-315
313
-272
187
-134
135
-64
-15
130
-127
70
38
-105
131
18
-84
159
-51
-9
-43
123
-226
217
-149
121
-57
-45
178
-413
389
-256
14
137
-59
-18
27
5
-98
129
-185
271
-234
76
100
-245
142
6
-115
78
122
-291
307
-233
73
63
-187
211
-64
-129
202
-62
-221
503
-620
383
42
-408
435
-125
-202
415
-353
19
353
-643
616
-285
-145
574
-657
408
78
-462
583
-418
140
205
-340
301
2
-177
122
55
-251
255
-219
302
-376
336
-38
-465
632
-536
182
50
-23
8
-62
97
-91
-69
121
45
-210
273
-166
-29
93
-145
133
-112
104
-62
4
-4
-7
-6
-61
82
-4
-65
46
34
-94
92
-135
207
-224
197
-129
90
8
-98
186
-255
261
-217
143
-84
127
-143
161
-131
89
99
-333
432
-245
-9
179
-77
-76
252
-361
316
-218
2
230
-358
366
-169
-11
1
27
-103
55
-36
113
-92
27
107
-241
173
-81
35
-6
58
6
-43
-31
50
-119
67
54
-124
179
-169
103
-102
-52
110
-68
-4
87
-5
-115
147
-138
25
89
-118
127
-44
-35
103
-130
-6
119
-154
51
131
-167
113
-4
-72
70
-41
46
-5
12
14
0
-9
18
-54
52
-34
20
49
-77
44
47
-97
21
105
-154
129
-37
-40
83
-123
93
-73
-49
179
-211
107
49
-154
138
-108
0
79
-104
86
0
-125
209
-216
90
-15
-37
122
-177
193
-123
-13
110
-138
62
121
-161
103
59
-213
278
-196
-51
279
-275
108
65
-138
27
145
-205
113
94
-132
93
-96
86
-104
95
-20
-70
164
-128
-36
128
-254
257
-91
-168
381
-302
43
215
-363
179
193
-442
395
-75
-215
344
-320
96
99
-154
175
-127
52
97
-202
82
124
-283
303
-43
-307
454
-305
-58
287
-324
204
103
-260
268
-103
-83
166
-148
2
190
-160
6
116
-146
25
34
-92
14
114
-96
4
58
-104
84
-53
-65
163
-158
142
-44
-109
195
-138
19
49
-23
15
52
-47
-14
85
-76
-37
110
-167
121
35
-200
212
-113
-31
85
-79
-2
95
-60
50
-7
4
42
-98
65
19
-71
69
49
-177
215
-156
-11
59
-88
26
39
-58
2
116
-245
267
-231
80
81
-86
103
-62
126
-158
148
-90
-4
86
-43
27
20
-50
-13
40
-138
97
12
-125
190
-119
-38
110
-100
5
43
46
-95
190
-159
56
46
-165
171
-120
34
60
-23
-77
114
-139
35
27
-66
96
-104
176
-200
95
5
-99
106
-9
-14
45
37
-142
178
-168
91
46
-132
169
-87
-26
70
-48
-28
54
-38
-47
89
-39
-65
116
-125
26
52
-72
52
19
-6
-27
65
-78
26
72
-127
132
-63
-4
41
-61
22
-36
49
-87
89
-46
9
28
-62
64
-45
34
4
19
-32
68
-52
-12
99
-127
93
-14
-68
82
-63
10
32
-61
55
-7
-63
127
-108
25
88
-168
136
-51
-57
135
-150
86
2
-101
129
-83
-9
111
-114
49
58
-140
134
-43
-55
133
-124
19
69
-129
83
25
-104
106
-40
-84
127
-96
25
82
-100
56
4
-55
16
89
-145
155
-62
-87
138
-137
68
-13
24
-85
101
-78
-6
92
-115
75
-15
-20
12
42
-79
104
-67
-5
69
-100
78
-11
-51
59
-41
-36
86
-92
80
-17
-51
72
-53
9
64
-46
-7
112
-138
110
7
-77
83
-20
-60
44
11
-99
159
-139
62
3
-82
82
-67
36
-21
8
-26
13
-19
29
-47
44
-15
-67
121
-123
64
47
-123
104
-34
-80
130
-76
-20
123
-163
78
22
-132
160
-97
-15
108
-154
97
15
-94
129
-73
-38
94
-107
46
41
-97
102
-77
-14
76
-114
112
-30
-63
108
-114
36
46
-87
84
-6
-63
88
-76
8
53
-93
73
-49
-28
41
-64
32
2
-22
21
-23
12
7
-9
29
-32
24
13
-23
52
-7
9
46
-23
32
12
-13
39
-18
3
18
-13
18
14
-4
27
11
3
27
-2
18
9
-2
20
-7
24
14
17
25
16
6
20
17
-14
54
-33
16
23
-51
39
-12
-24
39
-12
-17
42
-49
-10
40
-80
42
5
-79
86
-58
-18
65
-84
27
15
-87
47
-19
-81
95
-106
-10
73
-146
100
-30
-72
108
-93
1
42
-84
33
16
-58
54
-6
-40
63
-49
18
12
-23
23
-22
32
-45
28
-14
-38
42
-52
23
-5
-10
-1
-9
-7
-36
19
-32
6
0
-6
-6
-6
10
-51
51
-41
-8
50
-69
36
-1
-31
24
6
-34
22
14
-49
75
-32
-5
54
-54
39
-1
-6
19
6
17
5
20
-3
7
2
7
-4
10
8
-20
32
-27
7
16
-21
33
-9
17
-7
3
9
-15
28
-13
12
11
-2
-3
-3
-7
-20
13
-22
-8
1
-19
-11
6
-9
-18
31
-43
5
25
-57
38
-7
-35
47
-10
-16
59
-17
-7
69
-51
20
45
-66
54
8
-60
64
-24
-35
84
-52
10
74
-76
62
27
-65
78
-15
-30
79
-28
-3
77
-45
27
63
-48
54
38
-38
57
11
-49
53
-13
-37
74
-37
-8
63
-68
20
33
-70
45
13
-49
61
-20
-40
56
-39
-21
44
-58
-4
33
-58
20
23
-57
37
11
-52
57
-18
-39
62
-54
-12
44
-69
22
21
-56
41
-5
-37
39
-23
-20
26
-33
-13
14
-30
-5
8
-26
0
9
-24
9
3
-28
10
-10
-23
11
-17
-11
9
-11
-8
1
-10
-13
9
-16
-17
11
-26
-6
8
-36
4
2
-33
21
-9
-19
30
-21
-1
27
-30
9
10
-35
17
-1
-29
30
-15
-18
34
-31
0
22
-37
18
7
-32
32
-6
-20
34
-23
-4
25
-33
9
12
-34
21
-2
-24
30
-11
-2
32
-20
13
20
-22
23
1
-21
26
-14
-9
22
-18
8
17
-15
20
12
-8
29
3
-6
24
-13
-2
18
-20
10
12
-17
25
8
-3
30
-2
4
23
-10
8
11
-15
8
6
-10
12
5
-3
21
9
3
23
4
2
23
-7
1
18
-11
11
15
-13
18
6
-11
24
-3
-6
26
-11
3
21
-17
10
10
-19
18
1
-19
17
-10
-9
19
-16
1
12
-22
9
-1
-19
14
-6
-9
9
-18
-10
-1
-22
-1
-5
-20
-2
-10
-12
4
-8
-6
2
-12
-6
-5
-14
-2
-1
-2
6
-4
-9
-3
-7
-5
0
-5
-5
1
-1
1
8
-2
3
4
-10
2
-1
-9
8
1
0
9
-7
-5
-3
-18
-5
-3
-13
2
1
-8
6
-7
-15
0
-15
-14
-4
-22
-8
-2
-16
4
-1
-10
9
-5
-5
10
-8
1
8
-12
2
1
-12
6
3
4
20
5
10
18
1
10
5
-4
10
3
6
15
9
18
21
12
18
11
2
3
-6
-4
1
-2
2
8
7
7
3
-3
0
-3
-7
-6
-12
-12
-8
-13
-10
-2
-3
2
4
2
5
3
-3
-4
-12
-15
-12
-15
-11
-3
2
12
18
15
16
9
-1
-3
-11
-13
-7
-6
3
14
18
23
25
19
14
6
-6
-10
-14
-9
-5
0
9
12
14
12
7
1
-1
-4
-7
-9
-8
-9
-5
-4
-5
-4
-6
-4
0
-1
3
4
0
-2
-8
-9
-12
-13
-12
-6
-1
4
9
9
6
2
-1
-6
-12
-12
-11
-7
1
6
12
15
14
10
6
-1
-8
-10
-9
-5
1
7
13
16
16
10
5
-1
-3
-4
-3
1
0
1
3
5
1
2
-2
-3
0
0
4
4
6
6
1
-3
-5
-6
-9
-5
-5
-1
-1
-1
2
3
-2
-5
-6
-11
-10
-8
-4
1
4
6
4
2
-2
-7
-11
-11
-11
-6
0
3
8
11
10
8
1
-4
-4
-5
-5
-3
2
5
8
9
8
5
1
-1
0
-4
-4
-3
-1
3
4
5
4
3
6
4
4
2
-2
1
2
2
2
-1
-3
0
2
3
4
3
4
3
1
-1
-3
-5
-7
-7
-4
-4
-3
0
1
-1
-2
-6
-8
-9
-9
-8
-6
-5
-2
2
7
6
4
2
2
-1
-1
-3
-3
-1
2
4
3
6
4
2
0
-2
-5
-5
-2
-3
0
6
6
8
8
7
5
3
2
1
0
2
5
6
7
8
6
5
2
-3
-6
