0
-1
-1
0
1
1
1
1
-1
0
0
1
1
-1
-2
-1
0
0
0
1
1
1
-1
0
1
1
3
2
0
-2
-2
-2
1
1
2
1
-1
-1
0
1
3
2
2
0
-1
-1
-1
0
0
1
0
0
-1
0
0
0
0
1
0
0
-1
0
0
0
-1
-1
0
0
0
1
-1
-2
-1
-1
-1
2
2
2
1
-1
-2
-1
1
2
2
0
-1
-1
-3
-1
0
1
1
1
0
-1
-2
-1
1
1
1
-1
-3
-2
0
0
1
1
1
0
-1
-1
0
1
2
1
0
1
1
0
-1
0
1
2
1
-1
-1
-1
-1
-1
0
0
-1
0
-2
-2
-1
-1
0
0
-1
0
1
0
-1
1
2
1
2
2
-2
-2
-2
-1
2
1
0
-1
-1
0
-1
1
4
3
0
-2
-2
-2
0
1
2
2
2
-1
-2
-2
-2
3
2
0
-1
-3
-3
-1
2
3
1
-1
-2
-3
-2
1
3
2
0
-2
-2
-2
-2
0
2
2
-1
-1
-2
-4
0
1
3
2
-1
-4
-2
1
2
3
1
-1
-3
-3
-1
3
3
3
1
-1
-2
-1
0
2
1
0
3
0
-1
0
2
2
1
-1
0
0
-1
0
1
2
2
2
0
0
-2
-1
-1
0
3
1
0
-2
-2
0
-1
-1
1
0
1
0
0
0
0
-1
0
1
0
1
1
2
-1
-2
-1
1
2
1
1
1
3
0
-1
-2
0
0
-1
0
0
0
-1
-1
0
1
1
0
0
0
2
-1
-1
1
2
2
-1
0
-1
0
-1
-2
0
2
-1
-2
1
1
-3
-4
-2
0
0
0
1
1
1
-1
-1
0
2
1
-1
0
1
0
-2
-1
1
2
2
1
-1
-1
1
1
0
-1
0
1
0
-2
0
0
0
0
1
1
3
1
-1
1
1
-1
-1
-1
-1
1
0
-2
4
2
0
3
-1
1
2
-1
-1
2
2
3
2
-1
-2
-1
-2
0
3
-1
1
-2
-2
3
-2
-2
2
2
0
-1
-2
0
1
0
-2
1
1
-2
1
-2
3
1
-1
2
0
1
0
1
-1
1
1
-1
2
0
-1
3
-1
2
4
-2
1
-2
-2
2
-1
-1
1
-1
-1
1
-1
-1
3
-3
-1
4
-1
1
1
-3
1
0
-4
0
0
0
0
1
-3
-1
1
-1
2
2
-1
0
1
0
-2
-2
0
1
1
0
-2
-1
0
1
2
-1
2
1
-2
3
-1
-1
-2
-4
0
2
2
-3
-1
-1
-2
-1
1
-1
0
3
-2
2
1
-1
-1
3
-1
1
5
-7
2
3
-3
1
2
-3
2
4
-4
0
2
-2
-1
4
-1
0
3
-5
1
1
-1
1
2
-1
0
3
-4
1
0
-2
3
-1
1
1
0
-1
2
-1
0
1
-3
2
0
-1
0
1
-5
0
5
-5
4
3
-7
4
3
-7
4
2
-4
3
-1
-3
-1
3
-3
-5
7
-6
2
5
-5
0
2
-3
0
3
-3
0
3
-5
0
3
-3
2
-1
-2
2
-1
2
-1
4
1
-4
7
-7
0
6
-8
3
2
-3
3
0
-1
-6
3
2
-6
4
1
-1
-4
11
-5
-8
16
-10
-7
16
-8
-8
18
-7
-8
14
1
-15
12
6
-21
17
-6
-9
8
-3
4
-12
15
-3
-18
25
-11
-13
22
-13
-8
16
1
-17
15
10
-36
36
-5
-34
52
-33
-3
27
-30
16
-3
6
-15
17
1
-33
51
-39
-1
48
-65
41
18
-62
59
-18
-24
19
17
-31
-19
90
-104
26
88
-127
49
55
-78
-6
87
-56
-70
146
-72
-96
189
-110
-68
164
-100
-40
98
-13
-106
128
-6
-150
201
-116
-40
141
-128
37
47
-50
-25
107
-103
2
118
-148
66
43
-63
-18
99
-67
-63
154
-91
-69
168
-76
-144
291
-217
-37
271
-293
103
129
-189
23
209
-265
54
252
-368
177
151
-297
127
183
-319
157
132
-268
149
59
-127
-22
238
-313
150
150
-381
378
-132
-177
299
-119
-215
390
-233
-123
351
-255
-27
177
-36
-234
347
-163
-160
364
-334
127
100
-236
235
-97
-111
259
-230
23
206
-278
170
-9
-42
-18
60
24
-197
288
-223
56
66
-57
5
-19
123
-205
139
56
-216
197
-27
-145
183
-127
102
-139
136
10
-220
268
-42
-272
314
44
-530
668
-258
-360
642
-340
-235
506
-229
-295
520
-229
-276
499
-246
-167
321
-112
-132
55
307
-543
294
303
-740
599
7
-542
584
-161
-307
478
-338
122
-7
-39
102
-184
203
-153
132
-190
217
-62
-248
462
-350
-10
292
-253
-29
236
-181
-41
182
-153
69
-56
77
-4
-208
390
-356
96
208
-368
331
-184
23
96
-150
117
-26
-35
-2
94
-110
-32
216
-219
-3
282
-332
93
200
-239
-25
298
-258
-122
493
-502
134
250
-282
-29
296
-210
-181
482
-407
12
299
-247
-136
519
-521
119
477
-792
566
49
-533
435
140
-566
350
274
-571
147
534
-591
-153
917
-786
-186
939
-609
-472
1100
-536
-644
1255
-782
-126
512
-175
-244
111
353
-505
98
361
-203
-489
972
-621
-317
945
-678
-162
639
-255
-601
1054
-603
-389
1145
-1102
392
455
-894
741
-144
-522
818
-491
-312
1001
-992
147
868
-1217
548
593
-1242
833
257
-1108
1046
-224
-574
681
-91
-565
679
-138
-549
826
-499
-52
326
-169
-103
153
45
-240
231
-107
46
-53
-18
215
-373
325
-133
10
-41
59
91
-349
485
-435
385
-451
472
-142
-603
1289
-1337
642
254
-623
229
429
-688
283
402
-787
632
-275
117
-241
352
-192
-73
122
170
-453
380
106
-629
869
-775
473
-119
-218
408
-354
113
38
57
-291
313
-48
-219
158
190
-377
72
559
-910
562
295
-907
725
130
-878
850
-89
-689
862
-393
-195
439
-338
138
0
-96
201
-238
161
-119
172
-248
173
68
-258
217
-130
205
-457
610
-403
-15
315
-347
215
-43
-83
179
-129
-112
326
-295
-48
439
-589
444
-183
-163
493
-783
832
-464
-51
302
-63
-367
568
-266
-249
691
-913
943
-915
715
-250
-344
645
-455
-32
167
234
-841
1046
-634
20
277
-134
-55
49
174
-320
248
-61
-21
-123
385
-488
266
277
-816
964
-557
-224
805
-707
31
662
-780
225
482
-814
558
-30
-202
-134
578
-617
92
601
-845
565
-46
-374
461
-223
-168
534
-438
-236
1144
-1584
1024
212
-1202
1320
-763
102
64
182
-395
256
272
-736
634
176
-1274
1837
-1248
-115
1348
-1652
996
-5
-640
681
-387
165
-226
252
84
-806
1294
-1090
143
936
-1399
995
-85
-662
977
-1031
902
-583
184
153
-120
-160
316
-51
-443
624
-248
-252
377
-1
-421
480
-128
-417
717
-522
-26
465
-446
32
319
-294
-143
524
-375
-145
262
455
-1503
1941
-1267
-2
997
-1141
573
54
-264
145
20
2
-96
122
18
-306
521
-480
195
114
-248
125
45
-64
-49
52
270
-762
907
-447
-380
984
-842
174
448
-612
419
-208
35
121
-130
-127
439
-309
-471
1142
-1074
352
184
161
-845
796
419
-1838
1965
-684
-753
1313
-789
-1
421
-251
-308
742
-787
387
198
-466
162
371
-367
-526
1534
-1496
219
1190
-1453
543
483
-669
-13
675
-528
-280
856
-607
-281
1029
-932
16
860
-888
134
462
-141
-693
1175
-699
-117
486
-342
264
-575
779
-269
-707
1323
-1159
431
92
-338
554
-882
956
-576
284
-452
747
-128
-1148
1945
-1197
-576
1723
-1196
-376
1368
-875
-328
892
-360
-659
969
-317
-672
1171
-754
-263
1065
-1185
334
570
-995
853
-462
119
262
-586
691
-421
-211
757
-808
269
440
-778
682
-410
200
160
-608
898
-581
-123
624
-493
-185
832
-821
213
489
-678
298
136
-254
20
63
186
-523
559
-18
-649
928
-601
67
193
-193
95
-55
3
25
21
-139
339
-528
564
-336
-11
355
-687
868
-757
453
-220
142
147
-702
1123
-1074
453
261
-690
521
5
-332
56
632
-1122
805
348
-1342
1450
-575
-414
570
-146
-296
-11
586
-792
492
-169
211
-243
-62
684
-917
715
-312
355
-640
539
351
-1398
1630
-697
-563
879
-316
-489
534
-123
-284
125
268
-401
9
799
-1297
1307
-734
-53
646
-990
1170
-1173
1002
-337
-469
927
-779
190
258
-249
82
153
-249
99
100
-564
654
-247
-551
1179
-811
-107
674
-113
-801
960
287
-1557
1672
-442
-898
1049
-208
-616
398
512
-919
404
531
-912
393
227
-489
197
-22
78
-445
379
-29
-484
521
-152
-296
306
175
-642
741
-351
-246
611
-654
483
-168
-101
388
-455
429
-134
-106
322
-342
222
37
-208
158
306
-777
745
55
-1042
1267
-551
-403
570
131
-667
168
1030
-1538
598
831
-1281
304
812
-805
-323
1138
-675
-449
899
-106
-859
944
-22
-764
714
-181
-47
-306
663
-590
119
314
-504
604
-742
766
-666
361
-123
-143
453
-672
620
-251
115
-373
826
-829
141
515
-642
145
98
117
-553
445
128
-460
37
825
-1079
576
330
-705
633
-446
613
-827
728
-38
-683
846
-463
19
-250
603
-529
-364
1147
-1103
57
1113
-1355
528
772
-1347
939
-92
-543
583
-393
409
-605
840
-749
308
219
-642
881
-865
727
-355
-43
138
-188
270
-756
1107
-701
-283
1254
-1089
88
783
-572
-286
773
-193
-760
1043
-254
-921
1379
-908
121
181
58
-128
-341
1087
-1450
991
-257
-274
213
-165
436
-1072
1200
-600
-184
250
426
-992
669
442
-1472
1645
-1100
502
-356
540
-504
150
423
-731
704
-416
200
-254
591
-813
533
243
-757
668
-233
129
-313
159
563
-1298
1025
87
-940
717
227
-463
-539
1806
-1670
-319
2412
-2725
1115
660
-1061
234
557
-379
-560
1218
-893
-107
790
-462
-401
727
-295
-304
314
192
-625
644
-193
-284
412
-245
113
-330
706
-832
691
-293
-190
774
-1146
1109
-889
712
-409
-257
955
-1020
302
450
-459
-288
837
-473
-527
971
-262
-1011
1543
-901
-260
1014
-1130
1007
-848
554
-16
-573
916
-820
433
-31
-197
303
-232
114
-63
227
-200
-332
1117
-1430
807
359
-1283
1513
-1288
1178
-1174
667
700
-2315
2813
-1655
-293
1444
-1062
-167
871
-410
-703
1248
-759
-106
307
185
-469
114
462
-531
154
-69
677
-1381
957
715
-2238
2084
-301
-1199
1077
151
-737
-108
1213
-1228
13
1204
-1203
109
862
-729
-74
455
-107
-261
123
138
-16
-449
419
398
-1231
1148
68
-1171
1033
87
-700
-337
1909
-1913
-109
2157
-1897
-309
1804
-768
-1680
2582
-663
-2092
2680
-293
-2607
2920
-486
-2008
2011
-60
-1163
230
1784
-2460
895
1461
-2613
1779
-311
-138
-421
681
320
-1578
1643
-463
-577
336
662
-853
-437
2066
-2044
8
2104
-2098
-88
1955
-1570
-475
1739
-832
-1105
1846
-614
-1272
1702
-408
-917
680
789
-1590
767
813
-1488
672
517
-640
-379
1177
-396
-1263
1921
-675
-1274
1883
-801
-529
531
677
-1294
232
1574
-2115
707
1066
-1460
341
690
-320
-994
1747
-941
-650
1549
-1132
-12
584
-178
-549
734
-14
-776
847
-167
-613
515
184
-604
143
850
-960
-21
1120
-1076
-390
1559
-1243
-201
1260
-609
-711
1094
-90
-1258
1104
340
-1518
1221
458
-1577
1193
13
-884
438
433
-781
391
592
-1052
862
-286
-373
472
-351
90
59
368
-762
788
-148
-838
1127
-772
103
286
5
-271
218
220
-603
304
161
-333
9
512
-525
53
557
-742
172
525
-709
184
506
-481
-163
743
-543
-287
842
-582
-161
611
-313
-369
751
-517
-100
649
-804
370
309
-685
300
503
-831
134
1075
-1506
630
870
-1709
1106
147
-898
672
222
-590
135
635
-996
308
712
-1127
619
391
-723
256
326
-431
-128
387
-83
-417
498
38
-326
19
320
-237
-428
828
-554
90
119
249
-485
16
838
-1355
844
179
-843
913
-370
64
-232
346
-428
51
621
-732
432
119
-404
251
-124
48
-82
65
99
-125
124
-161
324
-574
480
-80
-400
510
-125
-178
238
-18
-224
71
159
-273
424
-291
138
227
-615
489
-114
-372
490
115
-698
759
4
-1034
1108
-506
-428
837
-241
-316
404
402
-1365
1211
-239
-1027
1394
-499
-230
620
-209
-384
278
-188
-21
66
110
74
-81
0
11
-143
-333
436
-365
36
612
-568
69
185
-256
-207
421
-255
-85
403
34
-518
668
-140
-793
1058
-679
15
544
-108
-462
562
-11
-871
1060
-254
-739
862
-220
-499
730
-106
-685
761
-444
-408
824
-364
-257
926
-698
-437
1046
-777
-345
1387
-1061
-111
1338
-1130
-101
837
-762
-120
1065
-667
-179
899
-1025
216
646
-703
124
448
-570
13
583
-390
-49
7
120
-427
138
486
-405
-130
444
-43
-814
989
-119
-967
1098
-201
-839
948
277
-1080
995
-158
-841
603
169
-617
458
525
-929
159
549
-736
83
687
-733
-57
557
-515
-2
429
-271
-224
298
-85
-161
179
8
-107
-87
255
35
-291
261
40
-479
501
133
-428
195
189
-525
345
610
-641
153
399
-744
88
648
-507
254
352
-571
-32
357
-323
64
329
-356
1
110
-243
268
-68
61
54
-247
128
105
-119
276
-149
-67
223
-22
78
-192
235
-251
-60
380
-75
-11
79
-126
-374
186
292
-374
220
257
-479
-32
463
-479
-29
449
-436
33
428
-307
104
231
-488
217
178
-316
361
125
-444
175
64
-379
259
95
-155
-86
-31
-15
-301
367
-17
-226
54
60
-134
123
120
-34
-49
-38
163
-245
405
86
-232
145
-167
-131
126
268
-54
-158
105
-397
-47
291
-191
31
260
-336
-217
268
-148
-113
468
-253
-259
411
-209
-126
527
-138
-380
509
-237
-335
602
-110
-272
418
-197
-472
423
-68
-347
599
-179
-498
311
-151
-377
436
131
-474
187
110
-616
304
288
-248
167
155
-164
-288
570
-243
94
500
-404
49
122
-76
11
451
-41
-193
258
-289
-301
360
-14
-108
207
-66
-475
11
47
-304
263
125
-309
-28
-18
-341
35
241
-133
147
128
-238
-62
127
-1
17
390
-81
-103
117
-230
-91
170
70
22
68
-26
-326
-37
-51
-149
203
-35
12
-9
-4
-100
-6
143
-153
211
176
-14
214
177
-119
-92
140
-124
50
413
134
-98
134
-302
-403
4
81
46
211
239
-339
-191
-198
-303
16
296
220
202
111
-143
-170
-157
81
52
383
253
158
88
-201
-135
-200
58
140
246
227
58
-99
-166
-251
-107
122
222
361
151
128
-182
-250
-15
-40
177
331
129
-65
-104
-279
-338
-111
90
-104
64
56
-353
-237
-194
-345
-195
100
-54
-57
38
-188
-341
-95
-134
-183
176
53
20
-60
-92
-223
-202
86
-48
44
116
-167
-227
-161
-187
-163
-3
-53
-163
-75
-160
-215
-109
-88
-144
-159
-24
-189
-144
-20
-157
-1
-58
-14
-50
-27
56
-58
106
48
-10
114
12
-25
166
-48
-15
165
31
100
173
148
-45
123
37
94
261
83
259
123
-65
163
45
22
380
177
162
304
86
88
19
160
120
184
382
226
258
287
232
134
350
238
262
448
361
267
342
336
69
255
288
24
245
332
-61
183
115
-265
-24
-23
-79
2
41
-39
-169
-206
-166
-191
-164
158
-67
-67
192
-201
-178
73
-201
-2
261
-9
139
96
-225
-59
-121
-165
13
-123
-61
-168
-430
-370
-571
-594
-326
-491
-415
-252
-600
-557
-483
-620
-391
-437
-425
-354
-498
-359
-375
-481
-214
-277
-346
17
-174
-255
-45
-267
-228
-58
-75
-121
-66
-46
-235
-126
-106
-412
-245
-146
-369
-26
143
43
250
191
261
487
523
592
479
601
578
390
741
916
913
1059
1072
1253
1418
1467
1544
1553
1767
1581
1483
1862
1653
1584
1656
1426
1485
1331
987
940
805
560
426
368
358
98
-212
-438
-632
-930
-1213
-1413
-1461
-1605
-1900
-1883
-2046
-2220
-2384
-2441
-2363
-2211
-2086
-2139
-1750
-1738
-1869
-1604
-1502
-1441
-1233
-1146
-1161
-831
-858
-883
-752
-617
-706
-725
-534
-679
-719
-796
-860
-906
-962
-944
-874
-832
-689
-714
-766
-491
-560
-431
-233
-113
116
289
480
652
784
888
1070
1118
1425
1602
1745
1992
1939
1905
2033
2031
2120
2318
2193
2351
2367
2293
2631
2676
2772
2922
2970
3027
3208
3185
3152
3296
3197
3157
3259
3382
3260
3050
2958
2885
2634
1868
463
-797
-1991
-2980
-3202
-2720
-2011
-2175
-3059
-4289
-5041
-5628
-5897
-5291
-4115
-2678
-1938
-1588
-1431
-1519
-1795
-1579
-658
744
1984
2308
2564
2210
1373
771
475
356
463
278
-175
-637
-1676
-3237
-4351
-4919
-5300
-5173
-4880
-4799
-5024
-5469
-5968
-5924
-5304
-4540
-3367
-2024
-1140
-762
-512
-417
-92
469
1321
2367
3204
3628
3425
3165
2659
2178
1891
2056
2360
2288
2169
1564
903
162
-240
-318
-148
271
227
487
427
146
-16
250
616
1104
1856
2174
2631
2855
2596
2671
3026
3412
3756
3919
3800
3740
3821
3783
3618
3534
3300
3343
3365
3546
3619
3247
3129
3008
3058
2677
2432
2106
1506
139
-1648
-2155
-1664
-1666
-2799
-3563
-3161
-3008
-3965
-5070
-4922
-3876
-3504
-3706
-3031
-1247
-637
-1346
-1442
-578
368
887
1133
1646
2322
2357
1722
1815
1668
866
474
425
303
-277
-913
-1779
-2333
-2981
-3765
-3774
-3529
-3571
-3702
-3785
-3601
-3545
-3266
-2830
-2063
-1232
-799
-434
-696
-614
-574
-365
110
388
627
596
534
-96
-522
-790
-1127
-1016
-887
-860
-926
-1033
-1455
-1609
-1535
-1482
-1195
-815
-736
-603
-462
-498
-353
-249
-82
121
445
436
249
94
5
40
-3
42
35
-36
-107
-247
-269
-72
6
31
448
1001
1287
1755
2228
2538
3025
3275
3207
3575
4100
4249
4570
4728
4590
4687
4900
4575
4213
4075
3595
3601
3340
2910
2579
2824
2765
2314
1676
628
-244
-1777
-3892
-5494
-4867
-2838
-1407
-1658
-3011
-3824
-4461
-5127
-5284
-3574
-837
1009
1376
1341
1705
1707
1132
976
2413
4390
5718
5702
4938
3636
1959
604
186
612
743
422
-353
-1547
-3302
-5215
-6480
-6784
-6245
-5377
-4487
-4092
-4397
-5207
-5513
-5083
-3998
-2301
-431
963
955
92
-793
-887
-566
-240
462
1241
1502
417
-1054
-2278
-2956
-3226
-3202
-2537
-1967
-2089
-3039
-3759
-3971
-3805
-3221
-2165
-826
-117
-161
-593
-699
-536
-290
401
1471
2257
2201
1541
807
418
236
291
752
1235
1189
612
68
-314
-369
-167
412
1330
2045
2446
2515
2983
3477
3873
4527
5299
6069
6396
6319
6070
6226
6378
6267
6198
6441
6319
5709
4673
3489
3027
2927
2896
2680
2796
2640
2265
1514
204
-1148
-2085
-2922
-3863
-4059
-3490
-1926
-1266
-1982
-3745
-4528
-4107
-3711
-2839
-1671
322
1334
1169
472
530
1181
1401
1690
2554
3724
3904
2961
1450
373
-596
-1056
-1243
-1073
-1233
-2389
-3862
-5480
-6571
-7370
-7362
-6923
-6288
-5736
-5321
-4931
-4797
-4849
-4825
-3809
-1961
109
1364
1969
2191
2015
870
-1202
-2215
-1176
1090
2016
968
-926
-2594
-4095
-5695
-6161
-4939
-3009
-2126
-2412
-3030
-3699
-4292
-4354
-2983
-461
1567
2249
1978
1479
798
310
862
2309
3923
4404
3793
2852
1869
697
-218
64
1126
2213
2359
1520
339
-622
-1176
-790
510
1964
3039
3494
3739
3565
3440
3529
4356
5720
6569
6708
6237
5801
5156
4733
4530
4561
4572
4132
3647
2981
2249
1100
275
207
831
1532
1772
1752
1148
-23
-2272
-4107
-4124
-2239
-471
-775
-2341
-3264
-2782
-2882
-3784
-4260
-2718
-653
-65
-549
-628
111
-29
-809
-891
899
2637
2895
2010
1097
631
-88
-622
-624
-141
-299
-1072
-2077
-2877
-3856
-5102
-5956
-5983
-5261
-4618
-4300
-4497
-4738
-5029
-4837
-4015
-2549
-1041
-120
337
694
1364
1776
1953
1909
2187
1898
526
-1367
-2232
-1535
-787
-1077
-2477
-3566
-4493
-5265
-5878
-5314
-3889
-2712
-2175
-2057
-1599
-1461
-1384
-1043
450
2235
3347
3447
3011
2609
2178
2252
2754
3583
3777
3228
2239
1493
817
123
-129
176
917
1281
1035
319
-198
-441
-167
617
1793
3014
3812
4173
4086
3978
3996
4449
5224
6094
6480
6123
5453
4769
4399
4123
3881
3761
4060
4260
3804
2630
1125
498
1043
2246
3146
3639
3810
3067
-73
-5266
-8601
-6691
-755
3335
2334
-1357
-3988
-5490
-7398
-8496
-6030
-827
2199
1153
-1188
-1935
-2092
-3395
-4193
-1779
2903
5916
5371
2787
303
-1722
-2895
-2181
261
2618
2891
878
-1990
-4687
-6786
-7733
-7194
-5465
-3451
-2259
-2550
-4153
-6270
-7468
-6975
-4616
-1140
1915
3226
2388
660
-403
-277
241
1242
2730
3813
2772
-750
-4063
-4882
-3620
-2801
-3008
-3354
-3359
-4254
-6043
-6778
-5530
-3179
-1588
-543
645
1641
1316
413
594
2299
4347
5432
5824
5628
4716
3249
2342
2492
3059
2954
2331
1863
1350
322
-1092
-1772
-1329
-421
-27
-90
-250
-252
-231
-163
551
1878
3313
4206
4382
4214
4014
3845
3952
4557
5174
5122
4373
3558
3340
3202
2718
2244
2538
3407
3585
2556
1238
997
1676
2447
2453
2404
2959
3371
1733
-2726
-7349
-8060
-3674
1278
2386
-429
-3542
-5479
-7458
-9279
-8284
-3531
708
891
-1672
-2903
-2336
-2418
-3694
-3274
340
4333
5539
3898
1511
-552
-2020
-2342
-430
2425
3663
2011
-1258
-4133
-5952
-6744
-6616
-5276
-3573
-2470
-2560
-3606
-5005
-6342
-6721
-5275
-1826
2025
4037
3484
1574
310
53
648
1707
3436
4699
3780
708
-2468
-3125
-2323
-1617
-2299
-2486
-2230
-2503
-3927
-5350
-4709
-3190
-1471
-772
651
1870
2113
948
84
1226
3166
4753
4881
4834
4263
3301
1860
1176
1393
1773
1477
826
395
-157
-1131
-2423
-2611
-1930
-866
-678
-688
-548
-36
208
276
1230
2806
4389
4815
4769
4532
4619
4618
4886
5482
5741
5272
4232
3773
3705
3849
3328
2872
2799
2927
2679
1748
1197
1071
1741
1808
1716
1982
2826
2669
-908
-6116
-9026
-5623
225
3204
1178
-2438
-4624
-6675
-8612
-8728
-4270
784
2233
-224
-2274
-1733
-1203
-2167
-2955
-417
3772
6430
5837
3534
1032
-1081
-2360
-1542
1219
3586
3271
180
-3405
-6040
-7111
-7460
-6768
-5408
-3617
-2551
-3030
-4676
-6647
-7427
-6554
-3523
473
3766
4625
3186
1201
211
576
1848
3392
4466
3972
1852
-609
-1837
-1850
-2131
-2831
-3346
-2877
-2740
-3490
-4684
-4969
-4165
-3233
-2174
-833
910
1559
953
59
477
2087
3550
4222
4256
4093
3436
2362
1347
896
793
652
413
235
-141
-896
-1975
-2587
-2392
-1684
-980
-552
0
531
896
856
1261
2389
3931
5043
5236
5057
4763
4701
4689
4963
5009
4727
4188
3887
3887
3650
2916
2091
1956
2100
2080
1295
660
533
983
1030
874
1271
2147
1914
-1767
-6848
-9119
-5374
274
2714
562
-2553
-4465
-6815
-9189
-8945
-3840
1407
2450
-402
-2076
-1070
-499
-1827
-2647
162
4605
7258
6530
4238
1757
-363
-1759
-1205
1269
3651
3476
402
-3564
-6532
-7515
-7440
-6602
-5437
-3787
-2658
-2891
-4391
-6208
-6883
-6108
-3240
875
4715
5986
4433
1974
584
1138
2467
4225
5425
5377
3066
-477
-2674
-2833
-2134
-2843
-3597
-3621
-3016
-3791
-5777
-6828
-6108
-4167
-2917
-1383
274
1668
1090
-513
-908
836
3463
4818
5068
4612
4037
2677
1099
38
315
971
996
274
-507
-1166
-2263
-3350
-3654
-2460
-1108
-294
-94
348
700
641
627
1526
3595
5341
6046
5685
5253
4887
4784
4794
4918
5050
5147
5224
4820
3768
2299
1661
1854
2512
2394
1642
819
608
909
914
1149
1580
2596
1431
-2686
-7533
-8054
-3185
1832
2901
69
-1963
-3583
-6088
-8900
-7757
-2098
2613
2746
-224
-948
171
229
-1756
-2210
1015
5473
7633
6638
4450
2315
198
-1589
-1486
876
3708
3891
1077
-3214
-6186
-7355
-7311
-6554
-5127
-3024
-1927
-2291
-4128
-5655
-6269
-5577
-3185
623
4574
6106
4965
2436
857
954
1966
3479
4728
5096
3144
-221
-2816
-3574
-3394
-4106
-4605
-4410
-3651
-4395
-6365
-7623
-7216
-5562
-4249
-2492
-539
1114
772
-802
-1451
-71
2342
3846
4380
4427
4287
3077
999
-550
-358
492
621
-133
-575
-849
-1867
-3551
-4399
-3324
-1706
-586
-224
486
1035
869
220
611
2700
4904
5988
5678
5275
5051
4997
4698
4548
4869
5430
5705
5237
4345
3354
2799
2518
2729
2890
2815
2197
1656
1644
1975
2528
2897
3234
1424
-2834
-7431
-7557
-2724
2202
3093
221
-2386
-4940
-7866
-10156
-8088
-2305
2010
1872
-823
-1398
-505
-493
-2170
-2300
868
5211
7658
7191
5497
3393
1017
-1187
-1486
674
3467
3932
1271
-2916
-6063
-7482
-7814
-7471
-6417
-4660
-3636
-3829
-5097
-6181
-6793
-6710
-5025
-1643
2498
4789
4517
2526
883
540
998
2195
3439
4188
2869
2
-2565
-3520
-3532
-4379
-5323
-5513
-4651
-4677
-5959
-7180
-7059
-5746
-4581
-3174
-1266
887
1461
392
-533
509
2992
4887
5475
5420
5450
4755
3085
1454
1291
1906
1987
1184
636
547
-46
-1483
-2723
-2374
-1069
250
892
1503
1926
1855
1364
1551
3214
5271
6471
6194
5748
5735
6029
5731
5129
5135
5811
6335
5884
4996
4281
3775
3040
2244
1847
1996
2127
2152
1891
1811
1648
1493
465
-2348
-6074
-8170
-5887
-1671
1140
239
-2015
-4391
-7164
-9786
-10028
-5876
-906
1506
169
-1205
-1148
-755
-1564
-2504
-1053
2325
5656
6636
5956
4396
2577
188
-1627
-1509
733
2970
2814
32
-3706
-6230
-7582
-8009
-7936
-6481
-4482
-3250
-3756
-5192
-6058
-6275
-5639
-4215
-1174
2311
4677
4720
3165
1742
1132
1561
2252
3099
3280
2504
978
-578
-1602
-2668
-3679
-4529
-4545
-4184
-3969
-4107
-4410
-4432
-4394
-3819
-2567
-507
1172
1660
1235
1138
2174
3631
4760
5100
5195
5034
4464
3383
2439
2030
1775
1208
467
139
14
-486
-1580
-2470
-2525
-1791
-959
-231
373
902
1104
1152
1580
2510
3585
4152
4430
4610
5063
5242
4919
4240
3946
4282
4628
4716
4429
4268
3689
2831
1747
1256
1406
1813
2182
2123
2140
1841
1355
-509
-3550
-6629
-7314
-4861
-1600
156
-676
-2441
-5104
-8170
-10563
-9776
-5759
-1660
60
-498
-738
-480
-543
-1570
-1808
-30
3034
5673
6946
7307
6711
5063
2464
381
40
1471
2945
2822
810
-2018
-4616
-6649
-7928
-8196
-7323
-6116
-5402
-5517
-5871
-6100
-5996
-5535
-4386
-2434
-19
2097
3201
3262
2784
2481
2389
2337
1918
1507
1385
1616
1469
601
-681
-2073
-3389
-4676
-5142
-4679
-3581
-2948
-2923
-3076
-2847
-2212
-1726
-1345
-932
48
1386
2866
3951
4458
4303
3648
2873
2358
2458
2911
3216
2895
2145
1187
267
-628
-1220
-1397
-1166
-765
-280
251
541
444
76
138
785
1839
2720
3396
3815
4010
3918
3684
3590
3615
3816
4039
4537
4958
5151
4760
4131
3380
2665
2227
2253
2937
3415
3459
2931
2508
1365
-1237
-4774
-6895
-5824
-3080
-975
-891
-1619
-3157
-5831
-9128
-10458
-8346
-4753
-2303
-1811
-1376
-513
-28
-941
-2086
-1835
79
2550
4501
6029
7097
7311
5904
3468
1460
1229
2286
3184
2861
1551
-72
-1909
-3957
-5913
-6842
-6747
-6168
-5922
-5850
-5677
-5425
-5390
-5591
-5290
-4150
-2244
-455
853
1597
2053
2267
2155
1814
1393
1350
1641
2096
2258
2080
1543
602
-666
-1911
-2566
-2579
-2190
-1904
-1787
-1731
-1556
-1374
-1388
-1510
-1504
-1076
-244
842
1887
2711
3103
2911
2297
1720
1607
1858
2145
2278
2270
2059
1511
669
-159
-640
-693
-434
11
523
916
994
819
675
807
1175
1573
1900
2155
2450
2751
2972
2946
2696
2426
2315
2410
2625
2990
3416
3687
3473
2875
2313
2172
2390
2640
2846
2943
2704
1565
-509
-2773
-4068
-3941
-2945
-1972
-1596
-1963
-3246
-5217
-7177
-8089
-7626
-6346
-5104
-4240
-3427
-2495
-1686
-1460
-1656
-1696
-1085
114
1632
3370
5109
6304
6313
5238
3887
3092
2894
2814
2499
2000
1406
540
-697
-2113
-3314
-4196
-4888
-5482
-5809
-5689
-5255
-4801
-4495
-4210
-3797
-3240
-2629
-1958
-1163
-308
411
804
911
876
868
935
1078
1265
1374
1311
1025
619
153
-297
-700
-948
-960
-769
-478
-213
-30
-28
-228
-520
-615
-331
293
1002
1563
1893
1946
1725
1292
879
678
716
855
949
929
760
439
40
-295
-452
-424
-273
-31
293
686
1080
1378
1524
1541
1503
1520
1673
1968
2295
2529
2593
2521
2426
2402
2456
2531
2635
2733
2801
2764
2666
2637
2747
2926
3035
3003
2667
1784
204
-1616
-2822
-2848
-2045
-1227
-985
-1439
-2519
-4118
-5719
-6612
-6428
-5650
-4956
-4505
-3882
-2903
-1979
-1566
-1641
-1723
-1495
-844
244
1819
3642
5174
5854
5556
4700
3852
3364
3159
3039
2849
2584
2179
1495
469
-738
-1865
-2837
-3732
-4530
-4936
-4713
-4031
-3424
-3250
-3402
-3546
-3507
-3309
-2915
-2228
-1372
-741
-572
-611
-414
84
507
582
501
567
773
872
819
752
688
476
133
-16
251
697
839
535
82
-159
-133
31
248
518
772
858
756
612
533
426
167
-173
-333
-183
102
159
-174
-711
-1119
-1190
-954
-566
-173
109
247
336
556
992
1486
1796
1832
1763
1796
1953
2135
2270
2341
2336
2309
2415
2711
2935
2785
2337
2052
2205
2542
2726
2791
2966
3122
2936
2429
1948
1481
560
-884
-2015
-1982
-1068
-396
-657
-1541
-2547
-3622
-4782
-5606
-5636
-5129
-4767
-4730
-4447
-3487
-2227
-1460
-1456
-1766
-1806
-1354
-467
843
2557
4335
5510
5618
4841
3853
3200
2887
2624
2309
2075
1951
1684
1038
105
-858
-1814
-2934
-4151
-4962
-4868
-3988
-3029
-2603
-2716
-2982
-3174
-3326
-3405
-3233
-2776
-2275
-1914
-1550
-952
-228
213
149
-220
-528
-562
-318
112
540
762
762
740
877
1057
1042
773
433
224
205
394
776
1194
1362
1128
645
233
52
-19
-183
-479
-754
-834
-682
-481
-504
-864
-1390
-1750
-1688
-1197
-473
240
712
908
997
1197
1591
2025
2311
2393
2405
2482
2625
2753
2782
2650
2414
2271
2378
2651
2756
2504
2092
1877
1973
2227
2523
2858
3107
3021
2588
2126
1794
1238
142
-1080
-1550
-1010
-204
3
-526
-1432
-2570
-3911
-5032
-5292
-4694
-4077
-4130
-4509
-4338
-3389
-2326
-1828
-1825
-1799
-1515
-1082
-467
637
2306
3949
4749
4511
3816
3350
3166
2875
2336
1862
1735
1753
1527
990
400
-173
-1009
-2275
-3567
-4181
-3865
-3063
-2427
-2206
-2244
-2413
-2773
-3298
-3711
-3727
-3376
-2918
-2445
-1858
-1170
-637
-472
-622
-853
-972
-876
-495
93
666
1043
1268
1488
1684
1687
1450
1193
1103
1142
1216
1377
1669
1932
1952
1650
1206
836
544
243
-89
-363
-507
-509
-443
-461
-633
-957
-1242
-1333
-1177
-730
-108
489
922
1211
1481
1783
2058
2163
2159
2223
2370
2483
2466
2371
2227
2065
1896
1780
1786
1826
1787
1629
1447
1390
1549
1917
2348
2634
2636
2464
2284
1960
1211
99
-823
-1004
-520
48
245
30
-621
-1863
-3526
-4887
-5230
-4696
-4136
-4142
-4436
-4377
-3814
-3156
-2784
-2611
-2366
-2000
-1607
-1060
20
1701
3397
4283
4134
3564
3263
3262
3067
2484
1909
1706
1717
1523
1087
687
312
-468
-1864
-3364
-4147
-3946
-3255
-2686
-2380
-2199
-2187
-2561
-3297
-3970
-4173
-3907
-3479
-3020
-2422
-1724
-1213
-1121
-1321
-1493
-1497
-1410
-1271
-939
-358
298
813
1151
1411
1603
1599
1395
1160
1055
1112
1295
1546
1854
2178
2289
2051
1510
871
304
-105
-358
-463
-344
-149
-69
-223
-567
-885
-1083
-1107
-875
-331
384
1021
1479
1796
2087
2352
2480
2477
2519
2681
2834
2860
2741
2599
2540
2478
2313
2092
1927
1872
1820
1666
1502
1574
1946
2375
2582
2531
2450
2392
2062
1213
99
-688
-819
-518
-179
28
81
-311
-1428
-3032
-4355
-4784
-4529
-4206
-4132
-4069
-3763
-3325
-3019
-2880
-2748
-2519
-2264
-1974
-1423
-363
1098
2477
3262
3361
3115
2880
2727
2485
2142
1863
1763
1719
1539
1211
832
352
-441
-1572
-2710
-3402
-3468
-3115
-2675
-2340
-2188
-2290
-2695
-3304
-3856
-4103
-3960
-3555
-2975
-2292
-1595
-1101
-941
-1060
-1272
-1371
-1323
-1060
-583
88
764
1234
1427
1430
1351
1217
1075
988
1057
1245
1530
1765
1954
2072
2007
1757
1290
835
442
271
235
298
411
418
304
1
-345
-612
-627
-455
-28
493
1049
1493
1766
1940
2014
2187
2365
2632
2863
3056
3158
3142
3052
2916
2783
2651
2481
2291
2169
2091
2078
2012
1969
1965
2066
2218
2312
2318
2100
1578
714
-285
-1039
-1244
-962
-499
-262
-454
-1152
-2238
-3433
-4407
-4889
-4940
-4737
-4475
-4182
-3823
-3447
-3178
-3060
-3037
-2961
-2715
-2199
-1352
-216
1025
2068
2671
2806
2649
2396
2142
1875
1630
1442
1317
1200
1036
796
419
-187
-1094
-2174
-3128
-3658
-3676
-3333
-2897
-2591
-2549
-2811
-3309
-3863
-4241
-4289
-3987
-3427
-2684
-1873
-1149
-727
-686
-912
-1186
-1263
-1056
-550
151
875
1429
1686
1685
1527
1327
1155
1061
1091
1315
1658
2009
2276
2365
2320
2066
1711
1267
959
832
852
950
977
960
771
483
89
-198
-309
-144
125
489
872
1231
1605
1881
2065
2097
2198
2350
2654
2949
3177
3311
3306
3126
2764
2415
2240
2294
2381
2406
2302
2168
2005
1858
1739
1660
1648
1619
1454
925
-2
-1067
-1798
-1960
-1691
-1332
-1093
-1116
-1588
-2570
-3765
-4594
-4808
-4625
-4467
-4391
-4158
-3679
-3135
-2773
-2595
-2466
-2301
-2097
-1749
-1057
37
1268
2228
2684
2771
2788
2846
2824
2561
2110
1634
1256
973
780
694
600
212
-687
-1926
-3044
-3645
-3722
-3502
-3192
-2910
-2745
-2826
-3143
-3523
-3750
-3748
-3530
-3095
-2392
-1484
-611
-52
59
-150
-437
-584
-488
-122
475
1149
1664
1840
1691
1378
1038
724
513
527
813
1222
1568
1775
1907
1911
1675
1240
906
901
1134
1358
1491
1640
1761
1629
1134
545
155
74
146
340
770
1395
1896
1944
1632
1369
1490
1946
2503
2991
3435
3823
4049
4061
3934
3776
3562
3270
2988
2867
2922
3025
3054
2933
2620
2159
1679
1250
607
-612
-2252
-3540
-3806
-3245
-2585
-2282
-2372
-2959
-4237
-5869
-6869
-6535
-5320
-4294
-3896
-3654
-3104
-2470
-2204
-2288
-2316
-2090
-1725
-1212
-251
1285
2928
3890
3752
2866
1978
1564
1571
1703
1827
1950
1999
1744
1102
271
-581
-1542
-2756
-3979
-4656
-4454
-3639
-2813
-2422
-2613
-3319
-4333
-5229
-5522
-4984
-3853
-2555
-1396
-494
72
224
-16
-461
-812
-839
-393
500
1641
2620
3031
2689
1776
705
-140
-529
-430
35
617
1081
1258
1111
651
-26
-687
-1039
-892
-296
540
1332
1839
1863
1427
792
354
331
677
1219
1790
2309
2673
2760
2522
2086
1725
1709
2117
2790
3494
4055
4372
4379
4092
3683
3461
3655
4132
4539
4640
4550
4403
4130
3573
2894
2584
2740
2770
1696
-569
-2948
-4066
-3759
-2964
-2447
-2258
-2510
-3885
-6334
-8446
-8519
-6825
-5094
-4491
-4344
-3575
-2369
-1670
-1801
-2028
-1867
-1446
-1013
-116
1658
3939
5424
5158
3416
1521
652
763
1091
1091
1076
1199
1085
140
-1361
-2716
-3675
-4696
-5915
-6542
-5831
-4072
-2653
-2471
-3363
-4398
-5145
-5591
-5616
-4681
-2672
-441
887
1001
645
410
288
18
9
713
2056
3189
3514
3148
2563
1889
931
-19
-389
174
1025
1403
1082
502
-126
-873
-1556
-1650
-938
-42
345
182
108
371
676
727
844
1371
2135
2619
2745
2962
3462
3860
3801
3597
3783
4459
5132
5512
5606
5623
5474
5201
4925
4859
5035
5398
5774
5832
5495
4773
4000
3148
2514
2214
2531
3213
3757
3069
217
-4124
-7528
-7621
-5206
-2586
-1518
-1549
-2895
-6010
-10044
-11962
-10013
-6233
-3736
-3424
-3238
-2333
-1457
-1930
-2853
-2992
-1945
-530
871
2601
4597
6013
5445
2990
-11
-1343
-616
1046
1802
1442
564
-583
-2351
-4518
-5905
-6105
-5790
-6112
-6699
-6717
-5788
-4871
-4730
-5338
-5813
-5555
-4698
-3722
-2735
-1478
-125
708
582
173
321
1183
1895
2201
2408
2962
3272
2745
1531
582
392
460
391
246
480
630
163
-1045
-2071
-2438
-2258
-1970
-1453
-550
311
448
-358
-1291
-1615
-1026
-67
1057
2137
3077
3314
2716
1818
1561
2265
3284
4120
4695
5411
5897
5880
5367
5089
5254
5663
6084
6601
7283
7688
7646
7057
6354
5557
4871
4229
3905
4053
4475
4834
4689
3869
1440
-2738
-7300
-8946
-6595
-2581
-379
-880
-2767
-5720
-9527
-12606
-11843
-7460
-2819
-1186
-1741
-2044
-1489
-1372
-2254
-2612
-1417
1073
3371
5076
6043
6343
5261
2788
-20
-1254
25
2519
3934
2847
289
-2502
-4796
-6828
-7839
-7352
-5809
-4885
-5441
-6712
-7675
-8009
-8294
-8224
-7353
-5254
-2892
-1312
-1020
-1340
-1544
-1459
-1157
-547
869
2708
4150
4237
3344
2157
1206
368
-197
6
1018
2051
1930
715
-876
-1975
-2612
-2818
-2490
-1584
-584
-150
-232
-486
-626
-849
-1057
-883
-31
1196
2142
2479
2326
2048
1780
1649
1900
2599
3404
3741
3554
3375
3623
4202
4620
4824
5057
5715
6586
7229
7442
7363
7388
7337
7348
7310
7454
7265
6664
5803
5208
5260
5424
4940
2074
-2804
-7458
-8048
-4723
-839
101
-1833
-4881
-8728
-12330
-13584
-9943
-4050
-235
-876
-2957
-3457
-2369
-1557
-1555
-711
1464
4338
6090
6669
6246
5350
3437
988
-515
572
3632
5629
4139
-353
-4692
-7096
-7692
-7798
-7150
-5847
-4786
-5681
-8162
-10257
-10547
-9594
-8726
-7644
-5650
-2755
-968
-1257
-2951
-3886
-3278
-1686
3
1620
3109
3692
2854
1013
-269
-425
98
326
433
724
1022
414
-1236
-2980
-3750
-3327
-2362
-1314
-593
-419
-1126
-2156
-2660
-2014
-680
563
1280
1555
1597
1412
1102
820
989
1645
2532
3252
3671
3634
3038
2008
1237
1507
2907
4696
5829
5978
5635
5536
5721
6084
6458
7101
7792
8299
8367
8101
7541
6658
5837
5177
5231
5566
5831
4036
-494
-6072
-8389
-5746
-1360
649
-978
-3756
-7160
-10496
-12563
-10224
-4562
71
312
-2026
-2887
-1809
-500
-500
10
1905
4898
7010
7721
7119
5749
3761
1677
829
2072
4827
6268
4397
-496
-5122
-7379
-7258
-6554
-5984
-5578
-5682
-6867
-8982
-10461
-10679
-9858
-8875
-7401
-4996
-2222
-536
-1058
-2837
-4337
-4048
-1884
1313
3975
4636
3422
1079
-877
-1701
-1028
242
1151
1306
644
-440
-1891
-3096
-3852
-3726
-2750
-1196
287
756
-280
-2314
-3581
-2993
-926
1321
2679
2849
2010
745
-156
-180
732
1806
2466
2711
2940
2926
2274
1256
546
899
2210
3997
5386
5903
5531
4769
4585
5590
7478
9047
9452
9009
8417
8252
8104
7982
7778
7610
7116
6118
5188
4325
3099
-244
-4895
-8297
-7022
-2743
-8
-1664
-5810
-9009
-10970
-11635
-10412
-5702
-682
982
-1562
-3816
-2752
-20
1385
1281
2482
5402
8415
8798
7010
4592
3184
2506
2425
3213
4669
5136
2686
-2043
-6432
-7609
-6243
-4771
-5119
-6189
-6898
-7418
-8659
-10280
-10702
-9559
-7498
-5779
-4142
-2677
-1994
-3122
-5518
-6916
-5479
-1547
1807
2606
1251
-472
-1906
-2842
-2675
-1224
688
1511
768
-632
-1498
-1833
-2323
-2757
-2264
-754
736
891
-439
-2299
-3136
-2662
-1294
413
1800
2083
995
-403
-1149
-706
366
1323
1684
1853
2002
1800
1163
583
452
762
1589
2840
4102
4709
4520
3897
4070
5549
7604
8922
9181
9105
9017
9059
9066
9347
9654
9539
8844
7725
7095
6685
6002
3032
-2180
-6885
-6821
-2165
1246
-187
-4887
-7889
-9520
-10790
-10950
-7150
-1511
468
-2311
-5371
-3950
-837
282
-921
-395
2809
6154
6773
4732
2467
1321
1314
1676
2697
4224
5155
3799
251
-3207
-3852
-2013
-390
-611
-1345
-1327
-1554
-3190
-5613
-6634
-5891
-4402
-3429
-2868
-2744
-3801
-5890
-8112
-9091
-8582
-6373
-3740
-2561
-3405
-5002
-5720
-5522
-4471
-2895
-810
990
1495
488
-816
-889
-16
755
1151
1648
1973
1308
-371
-1945
-2195
-1137
-11
476
290
-134
-885
-1653
-1961
-1433
-141
1001
1427
1005
730
668
707
667
1018
1966
3142
4021
4050
3753
3831
4734
5933
7078
7917
8272
8156
8008
7995
8060
8185
8717
9060
8812
8023
7350
6742
5734
3848
278
-3390
-4330
-888
2400
1437
-3016
-6094
-6636
-7205
-7837
-6151
-1542
731
-1517
-5031
-4658
-1997
-1309
-2555
-2148
1325
4054
3419
251
-1741
-1456
-222
837
1986
3345
3485
1954
-478
-2084
-1913
-567
334
124
133
622
-104
-2854
-5457
-5705
-4195
-2925
-2600
-2719
-3084
-4512
-7059
-9066
-8648
-6183
-4112
-3414
-3671
-4078
-4910
-5565
-5259
-3564
-1037
781
1087
-51
-992
-1378
-1196
-743
62
951
1236
731
-745
-2164
-2678
-1994
-964
-121
371
156
-658
-1618
-1947
-1500
-474
497
897
842
543
153
-125
182
982
1753
2301
2693
2945
2967
3059
3536
4555
5874
6966
7469
7343
7035
6760
6814
7070
7633
8304
8768
8606
7720
6677
5605
4922
3540
921
-1849
-1484
1764
3147
168
-3850
-4418
-3541
-4244
-5622
-3824
-137
574
-2373
-4499
-2861
-1028
-1851
-3320
-1915
1248
2299
448
-1980
-2561
-1703
-562
511
1561
2410
2121
947
-543
-1116
-615
105
273
89
435
310
-1190
-3578
-4659
-3982
-3010
-2842
-3005
-2700
-3033
-4964
-7286
-7466
-5410
-3436
-2908
-3039
-3069
-3440
-4313
-4545
-3213
-999
345
164
-497
-732
-775
-1229
-1485
-982
-100
144
-440
-1126
-1459
-1521
-1642
-1473
-828
-38
294
94
-355
-798
-906
-576
-9
551
957
1004
504
-138
-250
375
1310
1902
2180
2392
2694
2840
3118
4008
5208
5949
5977
6016
6250
6467
6406
6357
6579
6928
7270
7302
6916
5931
4756
3508
1741
-165
-506
1621
3348
1908
-1450
-2906
-2168
-2051
-2901
-2339
214
1381
-203
-2075
-1844
-976
-1377
-1733
-381
1626
1723
-21
-1522
-1501
-623
62
610
1203
1519
1132
356
-350
-1080
-1504
-1309
-696
-520
-877
-1588
-2917
-4442
-5139
-4481
-3627
-3277
-3542
-4327
-5546
-6433
-6180
-5267
-4242
-3482
-2855
-2805
-3239
-3561
-3129
-2016
-1096
-633
-403
-1
-67
-846
-1615
-1497
-770
-456
-593
-766
-825
-1190
-1811
-2127
-1762
-862
-68
193
-167
-740
-1115
-1191
-936
-428
229
516
229
-345
-685
-600
-291
219
836
1471
1906
2195
2489
2857
3376
3936
4409
4745
5101
5499
5591
5386
5122
5269
5678
5879
5509
4873
4584
3723
1576
-659
-125
2356
3139
1145
-534
-72
-95
-1634
-2320
-77
2080
1546
33
273
1287
501
-837
-331
1786
2700
1924
1142
1024
733
0
59
1081
1892
1784
1420
1230
388
-1003
-1809
-1426
-778
-636
-956
-1811
-3007
-4130
-4544
-4384
-3882
-3649
-4096
-4909
-5414
-5485
-5453
-5059
-4300
-3533
-3142
-2928
-2905
-2905
-2539
-1762
-1100
-737
-347
9
-37
-610
-1204
-1417
-1107
-559
-171
-156
-480
-1028
-1528
-1568
-1009
-190
418
569
364
54
-178
-161
150
702
1193
1502
1430
952
291
68
403
844
1222
1677
2309
2678
2769
2644
2662
2888
3417
3949
4229
4238
4085
3945
3572
3072
2819
3280
3144
1441
-638
-688
466
247
-1101
-1123
108
-161
-1703
-2001
-432
238
-452
-362
1342
2214
1053
152
1000
2095
1779
1486
2280
2973
2282
1577
1990
2480
1894
1214
1559
2104
1674
680
209
-4
-533
-1077
-891
-536
-809
-1580
-2197
-2966
-4196
-4990
-4476
-3564
-3666
-4350
-4558
-4448
-4793
-5048
-4447
-3423
-2867
-2546
-1919
-1320
-1375
-1771
-1696
-1136
-666
-443
-98
154
-212
-1056
-1439
-1058
-426
-23
182
251
58
-318
-593
-558
-299
44
413
715
709
305
-207
-452
-361
-118
167
646
1261
1722
1761
1673
1733
1941
2152
2546
3156
3494
3268
2898
3065
3405
3360
2936
2609
1735
-30
-1426
-895
471
313
-1086
-1634
-1124
-1604
-2883
-2870
-1281
-607
-1332
-1329
12
368
-1117
-1846
-423
1193
1228
1006
1618
2059
1437
1054
1757
2574
2585
2554
3255
3800
3218
2101
1780
2128
2171
1837
2064
2611
2304
1081
68
-593
-1563
-2416
-2144
-1363
-1583
-2666
-3466
-3834
-4347
-4706
-4387
-3575
-2907
-2452
-2189
-2263
-2540
-2565
-2119
-1448
-750
-132
272
142
-445
-943
-871
-376
209
689
938
860
528
194
-79
-255
-232
84
477
662
503
49
-504
-887
-854
-500
-108
162
449
738
752
481
376
814
1490
1898
2021
2252
2570
2697
2642
2712
2982
2871
1775
83
-563
479
1561
953
-321
-607
-525
-1200
-1863
-1361
-684
-1187
-1986
-1444
-543
-1207
-2814
-3094
-1875
-999
-1082
-1043
-555
-549
-1026
-929
-120
288
282
865
1992
2429
1813
1290
1624
2090
2030
2086
2692
3122
2770
2155
1697
944
-153
-563
72
520
-57
-905
-1263
-1649
-2469
-2930
-2420
-1588
-1233
-1203
-1096
-1164
-1601
-1761
-1165
-348
67
205
303
229
-96
-428
-415
-6
499
781
803
777
807
640
189
-176
-122
227
545
623
420
-71
-571
-714
-574
-513
-522
-265
129
239
3
-157
-86
85
277
636
1080
1323
1301
1196
1183
1065
597
-255
-869
-587
346
545
-359
-1173
-1337
-1411
-1579
-1322
-839
-898
-1527
-1663
-1157
-1059
-1778
-2284
-1852
-1166
-873
-816
-622
-527
-686
-770
-365
52
41
115
674
1317
1400
1151
1164
1448
1479
1424
1588
1758
1603
1290
1083
707
10
-598
-602
-334
-356
-703
-923
-949
-1146
-1553
-1668
-1200
-629
-324
-98
133
57
-104
190
874
1340
1466
1642
1923
2016
1771
1419
1300
1534
1859
1989
1947
1972
1982
1719
1259
942
897
980
1051
1084
941
490
-44
-303
-267
-181
-52
167
351
287
96
11
39
56
122
342
558
602
441
206
-263
-988
-1637
-1735
-1440
-1172
-1315
-1961
-2610
-2888
-2877
-2968
-3031
-2950
-2687
-2491
-2477
-2718
-3063
-3116
-2674
-1949
-1580
-1448
-1187
-675
-371
-280
-317
-215
154
646
1111
1365
1527
1545
1520
1413
1514
1658
1772
1709
1400
855
330
152
127
-43
-593
-1087
-1321
-1202
-1133
-1312
-1692
-1824
-1653
-1489
-1373
-1261
-1034
-731
-197
262
576
698
966
1438
1985
2358
2550
2742
2953
3180
3222
3214
3214
3406
3606
3758
3704
3521
3345
3229
3084
2822
2561
2332
2283
2220
2054
1748
1576
1484
1417
1252
939
607
414
406
238
-105
-520
-985
-1856
-2814
-3241
-2953
-2670
-2934
-3552
-4102
-4222
-4028
-3819
-3997
-4181
-3978
-3355
-2917
-3014
-3468
-3707
-3311
-2614
-2163
-2139
-1988
-1592
-1133
-970
-1032
-1212
-1153
-577
269
747
644
483
423
432
412
548
655
633
430
201
-55
-227
-223
-288
-629
-993
-894
-543
-324
-511
-842
-1074
-958
-688
-500
-506
-449
-124
356
787
1002
1042
1036
1394
2007
2497
2589
2649
2870
3163
3297
3344
3445
3644
3947
4198
4284
4109
3917
3785
3715
3582
3413
3230
3129
3110
3086
3001
2827
2583
2323
2185
2082
1917
1659
1418
1168
789
180
-640
-1575
-2316
-2532
-2325
-2288
-2791
-3620
-4244
-4383
-4224
-4244
-4575
-4799
-4604
-4175
-4060
-4379
-4811
-4828
-4358
-3675
-3193
-2946
-2711
-2343
-1929
-1652
-1453
-1276
-874
-243
390
600
487
342
289
174
-12
-135
-264
-447
-751
-1072
-1461
-1754
-1909
-2037
-2312
-2517
-2392
-2102
-1968
-2100
-2268
-2281
-1970
-1554
-1234
-1029
-686
-153
453
1038
1509
1831
2144
2758
3547
4151
4448
4738
5075
5326
5517
5750
5936
5969
5967
5975
5865
5520
5065
4618
4271
3977
3686
3370
3067
2792
2516
2271
2081
1880
1659
1542
1496
1336
1008
770
618
160
-724
-1418
-1446
-1136
-1189
-1761
-2428
-2773
-2739
-2638
-2790
-3234
-3603
-3563
-3191
-3056
-3470
-4085
-4200
-3746
-3334
-3384
-3557
-3380
-2990
-2714
-2653
-2644
-2565
-2227
-1688
-1303
-1293
-1355
-1194
-1016
-1125
-1429
-1626
-1659
-1567
-1504
-1580
-1802
-2025
-2191
-2308
-2287
-2071
-1838
-1741
-1738
-1804
-1892
-1902
-1735
-1505
-1323
-1137
-863
-535
-204
87
330
611
1080
1712
2256
2594
2810
3030
3350
3769
4133
4298
4364
4560
4796
4822
4632
4486
4548
4650
4609
4496
4437
4432
4435
4450
4431
4295
4089
3919
3769
3523
3165
2839
2554
1989
993
17
-360
-220
-275
-938
-1869
-2453
-2460
-2244
-2318
-2810
-3279
-3207
-2642
-2237
-2478
-3030
-3149
-2651
-2126
-2102
-2380
-2424
-2122
-1783
-1674
-1826
-2030
-1950
-1523
-1150
-1158
-1313
-1274
-1218
-1468
-1923
-2266
-2432
-2469
-2450
-2541
-2832
-3165
-3355
-3472
-3585
-3559
-3320
-2980
-2686
-2558
-2585
-2613
-2455
-2118
-1732
-1329
-884
-399
95
529
830
1032
1366
1984
2613
2978
3158
3363
3612
3755
3733
3674
3699
3887
4093
4061
3790
3465
3361
3451
3436
3317
3225
3229
3276
3298
3250
3030
2716
2444
2268
2168
2058
1820
1369
689
-65
-584
-722
-645
-680
-1000
-1444
-1678
-1610
-1484
-1592
-1873
-1956
-1640
-1169
-991
-1229
-1555
-1565
-1259
-960
-872
-884
-781
-580
-466
-524
-669
-721
-541
-234
-45
-35
-35
-26
-244
-777
-1294
-1478
-1458
-1501
-1734
-2156
-2661
-3040
-3183
-3252
-3445
-3640
-3591
-3277
-2976
-2934
-3070
-3068
-2771
-2313
-1864
-1393
-825
-217
313
702
979
1275
1774
2475
3063
3244
3213
3350
3681
3903
3817
3622
3581
3714
3807
3664
3316
2894
2551
2376
2269
2147
2006
1875
1728
1457
1055
689
538
562
528
287
-133
-656
-1176
-1509
-1522
-1364
-1357
-1599
-1833
-1819
-1654
-1545
-1555
-1555
-1439
-1210
-943
-787
-830
-1021
-1145
-1015
-708
-448
-367
-408
-462
-509
-563
-578
-519
-423
-332
-219
-97
-112
-373
-785
-1079
-1152
-1110
-1130
-1266
-1475
-1705
-1867
-1917
-1892
-1880
-1886
-1789
-1558
-1313
-1210
-1233
-1192
-996
-738
-486
-175
297
840
1297
1600
1843
2185
2650
3132
3485
3653
3775
3951
4149
4233
4179
4085
4050
4049
4014
3946
3828
3617
3292
2926
2626
2404
2230
2065
1831
1422
867
370
84
-109
-432
-946
-1504
-2004
-2454
-2830
-3053
-3161
-3337
-3637
-3909
-4000
-3914
-3808
-3752
-3705
-3608
-3416
-3149
-2888
-2752
-2736
-2660
-2372
-1936
-1547
-1322
-1216
-1153
-1099
-1013
-855
-657
-485
-369
-288
-248
-320
-497
-668
-754
-787
-883
-1050
-1186
-1257
-1338
-1486
-1644
-1681
-1576
-1415
-1300
-1258
-1251
-1190
-1024
-782
-560
-404
-249
38
483
993
1453
1844
2237
2679
3154
3597
3961
4263
4544
4849
5132
5350
5501
5610
5691
5731
5778
5890
6020
6036
5860
5578
5310
5069
4781
4421
4000
3527
3004
2457
1912
1326
613
-183
-888
-1409
-1808
-2231
-2735
-3242
-3683
-4038
-4335
-4596
-4805
-4917
-4924
-4864
-4841
-4873
-4882
-4788
-4597
-4376
-4126
-3817
-3452
-3103
-2838
-2666
-2544
-2409
-2210
-1962
-1739
-1605
-1559
-1564
-1631
-1768
-1921
-1992
-1956
-1909
-1964
-2119
-2261
-2314
-2341
-2426
-2546
-2588
-2488
-2302
-2145
-2092
-2083
-1975
-1700
-1313
-921
-568
-197
252
759
1243
1681
2123
2606
3101
3552
3949
4337
4716
5035
5268
5461
5701
6012
6298
6457
6506
6555
6661
6744
6666
6422
6134
5880
5613
5229
4740
4248
3792
3293
2673
2011
1478
1122
773
258
-355
-861
-1136
-1325
-1659
-2146
-2577
-2754
-2760
-2831
-3072
-3332
-3432
-3377
-3315
-3342
-3372
-3272
-3076
-2932
-2934
-2988
-2935
-2754
-2563
-2495
-2531
-2546
-2505
-2465
-2527
-2673
-2791
-2818
-2788
-2778
-2832
-2898
-2941
-2956
-2962
-2968
-2926
-2830
-2699
-2575
-2485
-2384
-2232
-2008
-1748
-1490
-1256
-1041
-800
-506
-160
189
483
723
980
1303
1662
1968
2176
2338
2540
2831
3125
3320
3408
3472
3594
3744
3823
3786
3700
3650
3591
3417
3085
2740
2547
2491
2380
2049
1616
1313
1224
1178
943
526
191
113
190
141
-151
-500
-652
-567
-469
-521
-649
-668
-553
-465
-531
-673
-695
-564
-435
-459
-600
-680
-619
-537
-580
-752
-900
-917
-857
-875
-1025
-1211
-1334
-1363
-1380
-1431
-1484
-1495
-1457
-1421
-1401
-1381
-1307
-1185
-1059
-937
-803
-609
-368
-137
46
181
319
498
705
912
1100
1256
1387
1509
1637
1770
1887
1961
1993
2033
2114
2213
2257
2191
2045
1895
1787
1712
1608
1431
1192
942
684
413
126
-166
-432
-675
-913
-1146
-1359
-1550
-1754
-1988
-2224
-2396
-2465
-2485
-2521
-2604
-2693
-2727
-2701
-2649
-2590
-2507
-2392
-2246
-2112
-2014
-1918
-1806
-1678
-1566
-1472
-1352
-1179
-1012
-910
-882
-857
-770
-650
-560
-520
-467
-355
-217
-137
-117
-67
88
331
546
686
804
990
1250
1476
1620
1733
1929
2220
2509
2715
2852
3003
3206
3424
3610
3802
4040
4276
4415
4430
4424
4491
4583
4555
4364
4158
4072
4017
3747
3168
2524
2150
2077
1953
1490
802
240
0
-132
-485
-1066
-1553
-1692
-1629
-1734
-2135
-2589
-2770
-2675
-2590
-2690
-2833
-2785
-2556
-2378
-2414
-2533
-2506
-2294
-2087
-2050
-2102
-2074
-1941
-1857
-1953
-2132
-2198
-2115
-2073
-2231
-2498
-2672
-2675
-2671
-2855
-3177
-3407
-3409
-3324
-3356
-3531
-3660
-3591
-3390
-3251
-3261
-3274
-3108
-2759
-2406
-2187
-2038
-1802
-1427
-1032
-748
-537
-251
182
649
983
1166
1344
1640
2039
2398
2641
2830
3078
3392
3662
3807
3867
3960
4140
4340
4453
4464
4440
4429
4408
4327
4201
4099
4042
3980
3837
3599
3328
3090
2901
2704
2467
2213
1982
1776
1559
1284
973
693
495
366
243
64
-155
-378
-563
-703
-831
-974
-1109
-1207
-1264
-1323
-1425
-1560
-1675
-1725
-1709
-1691
-1705
-1741
-1790
-1832
-1875
-1919
-1944
-1942
-1934
-1941
-1959
-1961
-1931
-1903
-1885
-1868
-1825
-1740
-1653
-1604
-1583
-1539
-1456
-1348
-1253
-1193
-1123
-1011
-856
-685
-504
-295
-44
214
411
551
699
895
1112
1269
1341
1371
1392
1379
1262
1044
827
720
728
713
576
345
132
30
-26
-131
-290
-415
-434
-399
-438
-593
-783
-894
-893
-844
-809
-777
-702
-593
-513
-503
-512
-456
-311
-139
-9
75
169
292
392
443
458
518
639
771
838
822
775
748
732
672
574
491
460
471
463
398
303
250
270
318
352
371
410
480
551
585
572
566
598
651
695
717
730
754
793
816
830
847
894
967
1034
1069
1075
1069
1062
1052
1007
935
869
809
754
683
595
505
431
373
321
267
204
148
103
58
-8
-94
-178
-265
-337
-410
-484
-559
-641
-713
-790
-875
-962
-1067
-1173
-1287
-1398
-1510
-1640
-1771
-1900
-2007
-2103
-2194
-2278
-2343
-2378
-2394
-2390
-2382
-2371
-2331
-2277
-2209
-2134
-2044
-1916
-1764
-1597
-1424
-1251
-1063
-861
-664
-469
-279
-79
123
294
424
525
619
723
822
903
977
1068
1177
1283
1348
1376
1400
1447
1514
1559
1559
1519
1476
1419
1320
1172
1006
885
830
800
749
674
606
568
557
552
544
567
631
716
789
832
860
905
976
1071
1190
1328
1489
1653
1786
1875
1942
1999
2048
2080
2069
2037
1996
1930
1806
1613
1389
1182
1004
813
581
311
56
-186
-438
-732
-1045
-1318
-1532
-1705
-1893
-2084
-2244
-2342
-2383
-2395
-2400
-2373
-2291
-2168
-2038
-1924
-1818
-1688
-1531
-1371
-1228
-1109
-996
-867
-743
-635
-551
-460
-349
-248
-172
-131
-104
-73
-50
-48
-81
-123
-163
-211
-278
-370
-464
-544
-606
-671
-744
-818
-882
-929
-970
-1022
-1071
-1096
-1096
-1083
-1056
-1028
-973
-886
-780
-656
-525
-375
-201
-13
173
348
529
711
891
1060
1217
1358
1501
1635
1746
1845
1919
1987
2042
2083
2102
2101
2083
2058
2026
1982
1921
1856
1790
1723
1657
1582
1510
1437
1369
1306
1244
1181
1110
1042
978
924
870
821
767
710
665
625
585
528
471
416
357
302
229
139
42
-61
-172
-293
-435
-585
-734
-873
-1023
-1184
-1339
-1482
-1618
-1748
-1874
-1995
-2109
-2210
-2297
-2377
-2450
-2511
-2563
-2602
-2629
-2646
-2650
-2636
-2611
-2577
-2523
-2463
-2390
-2299
-2205
-2098
-1976
-1837
-1686
-1519
-1351
-1171
-969
-768
-562
-354
-131
89
311
527
734
932
1130
1317
1486
1648
1793
1925
2036
2138
2228
2301
2361
2411
2449
2468
2478
2483
2474
2460
2433
2398
2352
2298
2236
2159
2076
1982
1874
1765
1639
1503
1364
1214
1067
910
755
591
424
264
106
-55
-208
-357
-490
-627
-755
-874
-987
-1088
-1174
-1255
-1320
-1380
-1426
-1457
-1480
-1497
-1506
-1494
-1476
-1452
-1423
-1395
-1363
-1325
-1291
-1260
-1230
-1208
-1187
-1171
-1163
-1151
-1146
-1137
-1127
-1115
-1102
-1075
-1043
-998
-939
-870
-783
-681
-556
-416
-269
-115
44
212
386
559
740
907
1071
1224
1364
1493
1608
1701
1782
1848
1897
1924
1923
1905
1872
1828
1759
1675
1567
1440
1313
1159
1003
850
679
509
325
150
-29
-196
-349
-488
-610
-739
-849
-953
-1045
-1114
-1164
-1188
-1201
-1209
-1201
-1176
-1153
-1102
-1037
-958
-875
-788
-698
-613
-529
-453
-364
-284
-216
-163
-127
-106
-99
-98
-98
-111
-138
-165
-202
-244
-281
-319
-350
-377
-395
-392
-369
-336
-282
-215
-141
-51
36
143
264
385
535
669
800
937
1056
1177
1281
1381
1477
1550
1613
1672
1696
1708
1691
1663
1617
1531
1456
1349
1224
1093
935
773
582
388
193
-4
-187
-352
-511
-681
-848
-1006
-1144
-1266
-1362
-1427
-1475
-1527
-1561
-1577
-1597
-1589
-1563
-1516
-1451
-1393
-1327
-1265
-1216
-1152
-1078
-1002
-931
-865
-805
-755
-716
-678
-629
-584
-542
-496
-459
-419
-380
-343
-310
-270
-228
-174
-109
-46
34
112
188
268
338
418
503
585
684
766
850
928
993
1057
1115
1170
1228
1263
1312
1356
1374
1400
1398
1402
1382
1346
1333
1289
1245
1197
1129
1052
951
843
735
622
517
423
324
215
92
-19
-128
-234
-327
-405
-462
-544
-604
-656
-725
-763
-807
-833
-841
-864
-868
-879
-904
-914
-920
-919
-920
-917
-911
-907
-909
-910
-901
-889
-862
-834
-806
-771
-734
-697
-655
-606
-557
-493
-424
-351
-268
-190
-102
-9
81
175
265
369
475
576
679
774
859
941
1012
1083
1151
1197
1247
1281
1299
1306
1289
1268
1210
1150
1093
1011
927
827
715
595
460
322
175
30
-112
-240
-359
-488
-601
-706
-806
-902
-979
-1032
-1075
-1114
-1126
-1131
-1129
-1104
-1089
-1047
-1002
-948
-881
-822
-753
-687
-626
-557
-500
-448
-390
-348
-303
-273
-241
-222
-202
-181
-164
-141
-129
-104
-79
-58
-35
-3
46
105
162
226
294
367
453
540
621
714
808
898
988
1075
1159
1238
1305
1355
1400
1435
1459
1467
1461
1443
1398
1342
1261
1169
1069
951
827
694
555
405
246
91
-67
-225
-372
-509
-634
-758
-860
-953
-1032
-1106
-1171
-1217
-1244
-1256
-1260
-1246
-1219
-1189
-1157
-1115
-1066
-1010
-947
-887
-817
-754
-700
-645
-602
-561
-530
-498
-471
-455
-443
-442
-446
-454
-467
-486
-504
-519
-536
-543
-552
-551
-548
-525
-491
-447
-390
-323
-238
-144
-37
84
217
349
497
642
782
926
1061
1192
1312
1416
1504
1585
1646
1687
1711
1707
1686
1642
1581
1506
1416
1314
1203
1078
942
801
655
506
360
220
85
-33
-150
-256
-355
-443
-512
-581
-629
-663
-686
-697
-696
-684
-662
-641
-616
-580
-540
-489
-439
-385
-339
-296
-251
-213
-184
-156
-130
-114
-107
-105
-113
-129
-152
-189
-229
-270
-316
-362
-414
-469
-518
-567
-613
-658
-699
-729
-746
-756
-758
-740
-715
-680
-625
-560
-484
-397
-297
-195
-80
37
161
280
399
515
625
727
812
889
944
988
1016
1024
1021
994
944
888
814
723
628
521
406
297
184
66
-48
-153
-254
-341
-417
-487
-536
-578
-608
-618
-617
-603
-571
-532
-485
-427
-360
-291
-213
-135
-61
26
108
179
251
325
383
439
487
523
548
569
575
573
568
539
513
476
429
374
322
256
191
130
64
4
-51
-109
-157
-201
-248
-281
-300
-316
-327
-326
-324
-305
-284
-274
-248
-215
-189
-155
-118
-83
-54
-24
-4
9
27
32
37
40
30
19
6
-16
-35
-64
-102
-131
-166
-213
-247
-281
-312
-337
-367
-390
-408
-428
-447
-460
-468
-465
-460
-451
-434
-406
-374
-343
-305
-270
-228
-177
-131
-80
-20
39
97
157
212
268
323
370
408
453
489
518
542
555
571
576
572
567
551
526
502
469
433
398
365
329
288
249
214
180
143
113
84
63
39
22
6
-7
-22
-32
-45
-60
-75
-85
-88
-102
-112
-117
-124
-133
-138
-144
-155
-158
-162
-167
-167
-170
-171
-172
-175
-175
-168
-175
-174
-177
-180
-181
-184
-187
-188
-191
-192
-187
-185
-177
-163
-149
-128
-106
-90
-63
-34
-13
16
50
85
110
136
172
191
206
224
236
234
236
241
232
227
217
201
185
168
147
131
115
92
85
72
55
44
34
33
30
20
9
8
6
-2
1
-7
-19
-21
-34
-47
-61
-83
-98
-119
-142
-170
-189
-212
-236
-253
-278
-303
-305
-321
-353
-354
-360
-360
-359
-352
-338
-332
-307
-282
-259
-230
-209
-168
-132
-102
-59
-16
27
65
111
158
194
231
279
314
346
382
414
442
458
481
499
513
510
503
508
493
468
451
429
384
344
315
270
207
162
119
63
15
-34
-71
-110
-148
-180
-206
-220
-245
-255
-249
-261
-258
-243
-231
-214
-199
-177
-149
-138
-122
-99
-82
-69
-61
-49
-48
-52
-43
-46
-56
-64
-73
-84
-102
-124
-134
-153
-181
-186
-199
-215
-222
-223
-230
-239
-225
-214
-223
-206
-178
-169
-148
-115
-84
-52
-23
18
43
74
113
142
175
192
222
257
266
271
291
294
293
290
287
276
258
248
228
209
188
150
128
99
63
45
20
-21
-52
-62
-88
-112
-124
-139
-155
-160
-168
-177
-169
-162
-163
-152
-130
-134
-122
-92
-79
-75
-50
-27
-10
4
15
44
62
65
73
88
105
97
111
133
118
121
129
125
124
121
119
114
100
103
102
92
91
77
75
71
67
58
43
50
48
33
28
38
27
19
19
21
13
-1
14
1
-9
-7
-9
-8
-25
-35
-29
-42
-58
-64
-76
-87
-106
-104
-116
-143
-142
-150
-157
-167
-191
-190
-195
-213
-207
-205
-213
-215
-207
-206
-214
-197
-184
-182
-166
-152
-144
-132
-113
-102
-87
-57
-42
-29
-7
9
20
40
51
75
95
94
118
132
146
156
175
208
210
215
235
238
247
259
268
286
293
304
310
304
308
303
306
317
297
285
265
248
233
198
184
176
141
100
78
40
1
-30
-51
-77
-113
-131
-155
-186
-207
-218
-226
-234
-247
-245
-242
-246
-237
-235
-224
-218
-206
-176
-168
-153
-142
-136
-126
-125
-117
-107
-106
-99
-92
-100
-115
-116
-118
-126
-133
-137
-138
-147
-154
-162
-158
-154
-160
-150
-140
-130
-125
-114
-96
-81
-56
-38
-17
15
31
56
77
102
132
151
181
194
209
229
236
255
271
282
299
297
296
297
289
290
286
272
265
246
228
203
170
158
135
107
84
54
27
-7
-30
-51
-73
-72
-91
-104
-115
-127
-124
-135
-130
-127
-126
-111
-110
-90
-78
-69
-49
-41
-20
-9
0
14
13
18
17
9
4
-7
-4
-10
-21
-36
-52
-61
-79
-97
-108
-120
-128
-138
-151
-156
-153
-155
-145
-143
-132
-118
-107
-87
-82
-59
-39
-23
1
9
36
56
61
84
92
110
120
122
126
117
126
125
116
116
108
102
91
76
66
59
46
37
15
-2
-3
-23
-35
-47
-57
-62
-80
-84
-96
-105
-100
-107
-94
-83
-75
-65
-59
-44
-34
-18
-3
5
22
36
48
59
65
85
94
102
110
113
114
105
107
100
91
82
66
59
53
43
33
18
11
-1
-8
-17
-26
-27
-34
-41
-46
-49
-44
-39
-39
-33
-30
-24
-18
-22
-16
-11
-10
-4
-8
0
-2
-7
-2
-12
-8
-13
-23
-22
-29
-38
-42
-53
-58
-63
-69
-69
-79
-74
-76
-78
-72
-83
-81
-73
-75
-73
-70
-62
-55
-54
-47
-51
-49
-35
-29
-18
-8
2
6
18
27
36
45
51
61
72
80
83
84
85
94
97
106
106
107
109
105
106
102
102
99
94
90
82
87
84
79
75
65
69
61
56
55
50
44
40
33
28
21
17
14
8
3
-1
-5
-15
-23
-32
-39
-46
-50
-52
-62
-65
-74
-74
-77
-85
-86
-91
-91
-91
-93
-98
-100
-97
-90
-89
-92
-82
-79
-77
-78
-76
-70
-62
-56
-56
-50
-44
-40
-37
-30
-27
-24
-18
-17
-13
-9
-4
-1
5
10
15
19
25
31
38
40
45
53
57
58
65
70
70
75
78
79
80
81
84
84
82
80
80
80
78
76
75
66
63
60
57
56
51
47
38
32
27
20
16
12
9
3
1
-10
-15
-22
-30
-40
-45
-46
-46
-45
-54
-60
-63
-63
-65
-71
-67
-65
-66
-69
-67
-63
-59
-56
-50
-45
-44
-42
-43
-34
-31
-27
-23
-22
-17
-14
-13
-8
-4
-3
-5
-3
0
-2
-3
-4
-2
-2
-4
-2
3
4
-1
4
5
4
7
12
12
12
16
20
26
26
27
32
28
29
32
35
38
35
36
39
38
37
34
32
33
26
28
28
24
23
19
15
15
15
8
9
10
3
7
4
-3
-3
-8
-7
-8
-12
-13
-10
-11
-13
-16
-16
-15
-19
-18
-13
-14
-13
-16
-14
-12
-11
-7
-5
-5
-6
-6
0
1
1
2
2
3
6
6
4
1
1
1
3
1
3
0
-3
-1
-2
-2
-4
-3
-2
-3
-2
-6
-4
-3
-8
-5
-5
-3
0
-1
-2
-1
1
-1
3
4
0
0
3
4
3
6
5
1
1
3
3
1
3
3
2
3
4
3
3
3
-1
4
4
-2
1
-3
-6
-5
-7
-5
-5
-7
-8
-6
-5
-6
-8
-6
-7
-5
-3
-6
-3
-5
-7
-4
1
-2
0
0
-2
0
0
0
3
2
1
1
1
3
2
1
1
0
0
2
1
-2
-2
-1
-2
-3
1
0
-4
-6
-7
-4
0
-1
-1
-4
-3
0
-1
1
1
-1
0
1
3
4
4
7
5
1
3
8
5
7
1
0
-1
3
4
4
4
-1
1
-1
3
2
-1
-1
-1
0
-2
0
-2
-1
-4
-3
-3
-2
2
-4
-3
-5
-4
-5
-4
-1
-1
-4
-3
-1
-3
1
-2
-2
2
-1
-2
1
1
1
4
2
0
1
0
3
2
5
4
4
3
2
5
4
1
-1
0
-2
4
2
0
-1
-3
-1
-3
-2
0
-3
-6
-9
-5
-3
-3
-2
-2
-2
-2
-3
0
-1
0
-1
-5
0
3
4
1
0
1
2
1
3
2
0
3
3
1
0
2
4
2
-1
3
4
2
-2
-4
-1
0
1
2
-2
2
-3
-3
-2
-4
1
-1
-1
0
1
1
3
3
1
-1
-2
-1
-1
0
2
-2
0
2
1
2
0
-2
0
0
1
1
-2
-1
-2
-1
0
2
1
-1
0
-3
-3
-4
-3
-1
0
-3
-1
0
1
3
-1
-2
-4
-1
2
3
1
-2
2
3
1
1
1
-1
-1
0
3
2
0
-2
0
0
0
1
-1
1
0
2
0
-2
0
1
3
1
0
-1
-1
-1
-1
2
1
-2
-3
-2
0
2
-1
-1
-3
0
2
-2
2
0
-1
-1
0
-1
1
2
2
0
2
1
0
1
1
1
1
-2
-3
-1
0
0
2
1
0
-1
1
2
1
0
0
3
5
3
1
-2
1
-1
-1
2
1
1
2
0
-2
0
1
0
0
1
0
-2
2
-1
-1
3
0
-2
2
1
0
2
-3
-4
-1
3
2
1
1
-4
-1
-1
-2
1
0
1
-2
-3
-3
-2
0
-1
0
2
1
0
0
0
-2
-2
1
1
-1
1
0
0
2
-1
-1
-1
-4
1
4
3
0
0
-1
-1
4
4
0
0
2
3
5
1
-1
0
6
4
4
4
2
2
-1
-1
-3
0
0
-1
1
0
-5
-3
-3
-7
-3
0
-5
-3
0
-2
-3
