5
3
0
-3
-5
-3
-1
2
4
4
3
0
-2
-4
-1
0
1
0
0
1
2
0
-4
-2
0
2
1
-1
-2
0
3
-1
-2
0
3
3
2
0
1
-1
-5
-7
-3
6
5
3
2
-1
-2
-4
-6
-5
3
5
4
2
3
0
-4
-4
-3
-4
-2
2
5
4
6
2
-2
-4
-9
-7
-2
8
11
9
5
-5
-9
-14
-13
-2
11
18
13
4
-7
-11
-15
-14
0
11
15
12
2
-3
-4
-9
-13
-8
-1
9
13
12
12
10
-6
-29
-30
-17
8
24
29
30
8
-16
-38
-46
-18
16
34
33
29
3
-22
-25
-35
-13
9
20
21
13
15
-4
-13
-15
-16
-12
-6
4
11
27
23
4
-7
-21
-27
-26
-14
14
44
41
17
-12
-33
-39
-33
-10
17
53
49
7
-24
-37
-25
-22
5
16
23
32
-3
-19
-17
11
4
-15
-4
-16
10
21
18
13
12
2
-55
-44
-7
18
55
44
5
-24
-25
-44
-38
18
42
43
20
-19
-36
-26
2
5
6
32
4
-22
-12
-7
3
19
27
-12
-11
-9
-34
-1
18
28
12
11
6
-31
-14
-30
-22
14
44
37
7
16
-32
-43
-37
-30
27
55
78
14
-29
-41
-70
-35
0
53
53
66
23
-80
-54
-61
-15
46
55
59
16
9
-68
-72
-37
-6
77
47
56
-3
-35
-28
-87
-22
7
64
71
30
-2
-69
-15
-60
-23
38
33
86
11
-17
-64
-38
1
-27
47
22
49
13
-40
-31
-53
40
3
11
29
-3
9
-43
-1
-21
22
47
-32
8
-8
1
-22
-8
23
-9
31
-22
-18
22
20
10
-36
0
-6
-16
1
5
32
33
12
-47
-35
17
-9
-15
14
17
35
23
-26
-32
-19
0
-20
-11
43
56
23
-20
-24
-62
-36
5
-6
87
86
4
-44
-83
-57
-19
18
37
75
65
0
-24
-86
-31
-9
-55
55
24
22
57
13
-2
11
-11
-152
-65
-3
23
162
87
71
-34
-116
-127
-150
23
111
176
108
25
-73
-212
-109
-50
81
191
135
33
-103
-131
-117
-53
75
136
117
55
-79
-161
-130
-19
86
146
151
23
-77
-133
-167
-49
82
156
117
0
-39
-116
-49
2
12
59
28
37
-108
-64
12
49
140
51
-18
-141
-98
-83
-13
170
98
92
1
-71
-101
-150
-48
50
192
161
-1
-101
-165
-34
-37
0
141
90
106
-81
-150
-38
21
39
-31
58
-20
-4
-17
-90
154
162
36
-175
-211
-80
28
125
110
170
49
-65
-236
-209
56
144
106
73
69
-106
-65
-182
-147
221
282
102
-160
-99
-145
-77
-7
48
239
169
55
-243
-235
38
15
-31
27
183
154
-15
-146
-216
90
145
-73
-95
-13
74
-39
80
85
54
111
-189
-262
-56
143
9
32
176
64
-26
-128
-99
13
85
-4
-134
-17
131
28
-50
81
81
17
-124
-186
-51
94
80
-3
101
92
29
-126
-115
36
-76
-33
-62
65
245
134
-100
-125
42
-146
-119
-61
133
266
37
-92
-133
15
52
-41
-96
113
166
-105
-130
-93
-22
172
75
-6
122
-30
-132
-189
9
31
34
81
71
165
-85
-49
-155
-65
123
-134
-39
95
230
2
-88
-15
0
115
-103
-248
-80
134
95
96
71
48
27
-1
-183
-193
-59
-21
220
169
129
29
-223
-131
-69
-71
67
194
142
-28
-144
-264
-42
84
170
316
72
-40
-93
-426
-251
48
21
305
387
90
-59
-8
-251
-280
-41
-200
77
177
173
131
122
116
-147
-187
-114
-42
43
83
-293
5
168
191
52
60
92
-79
178
-286
-268
-328
51
284
38
363
-67
141
78
-74
-350
-431
59
152
411
-60
25
83
-68
-3
-364
-101
260
376
-89
-219
-194
0
190
-86
107
74
-8
93
-71
-303
66
195
-227
147
225
-271
-44
178
-10
-36
5
-28
-197
82
196
-56
20
158
-125
-303
113
-27
0
162
49
-37
232
-108
-211
-43
-105
81
-25
181
-80
252
11
-98
-58
-266
117
-89
185
-107
100
67
-147
144
-52
91
74
-1
-60
-348
-76
84
26
190
130
281
-23
-43
-299
-377
-39
-138
314
118
244
361
-113
-229
-69
-140
-233
-177
-23
231
374
236
-30
-100
-68
-38
-255
-120
-9
54
265
-57
-190
240
4
-70
124
-109
-135
218
-3
-246
79
-48
33
-14
38
11
229
117
-89
-15
-55
-170
-55
-99
-51
198
81
-100
-63
232
-147
117
114
-288
349
-62
-330
-257
40
-5
25
533
-171
247
125
-126
-296
-184
111
-290
268
273
84
-73
-28
-221
50
320
-44
15
-153
32
1
-236
-276
-116
45
137
293
56
69
98
-164
-191
-284
-91
255
184
173
111
-19
19
133
44
-264
30
-121
-261
194
22
105
304
6
-251
-192
-261
-286
3
72
403
436
173
54
-323
-295
-311
-403
44
334
403
313
176
-367
93
-271
-404
261
-24
261
249
155
-123
-30
57
-449
145
260
195
50
-96
-292
-602
-72
-94
-64
266
53
176
117
-60
-109
-200
40
62
37
61
135
447
550
43
-531
-138
-102
-56
454
10
-76
117
189
-526
-573
-82
-93
371
174
-45
-329
66
176
-346
-387
-172
382
96
143
115
-172
231
58
-15
129
522
324
-89
4
51
71
-96
-173
-58
-111
-66
-316
-459
-26
-95
-16
-141
-101
-113
14
43
62
442
276
384
-32
-9
-230
30
246
124
453
167
256
-83
-548
-215
-272
-67
-175
-191
-35
-310
-116
-736
-428
-11
322
633
481
730
233
-274
-885
-440
290
421
796
606
455
567
147
-613
-743
45
186
-135
-544
-568
-479
-342
-109
-92
521
315
158
-505
-564
-78
-171
117
291
868
431
104
-193
-14
138
-168
1
-178
326
341
-85
45
221
104
194
-79
-76
-105
-78
-422
-260
-247
-159
-102
-563
68
83
428
322
187
-255
-269
-163
19
156
420
895
78
-253
-562
-352
-144
441
660
424
724
-107
-509
-601
-701
-52
28
35
-29
-36
-238
-335
-171
-213
329
228
519
315
-156
-351
-456
-184
-122
853
793
567
643
-254
-522
-681
-187
-14
-187
219
-91
77
-255
-406
-228
-34
698
606
46
-24
-139
-384
-398
-483
121
-132
405
437
-233
-29
-395
-158
-495
-32
46
-79
466
128
-18
-186
-139
47
380
633
585
654
221
135
10
-323
-270
-144
42
-169
-149
-260
-313
-407
-458
-110
-38
52
4
-360
-458
-104
-148
99
17
383
633
228
613
528
472
190
-168
-18
-184
101
23
113
186
-142
-209
-646
-257
-95
-130
-341
-364
35
-385
109
46
-39
680
316
53
-104
-49
-52
205
529
555
797
554
420
-365
-968
-913
-1238
-371
113
287
793
760
819
-168
-901
-1211
-1080
-501
-53
798
779
957
494
-218
-367
-321
286
366
229
-257
-154
-305
-569
41
-62
504
758
340
244
-203
-424
-937
-617
-240
161
916
733
623
225
-314
-878
-959
-651
-128
235
386
673
526
103
-409
-339
-401
-223
320
367
84
191
123
47
-21
-243
-214
-7
440
214
-185
-255
232
388
-192
-98
106
294
545
-82
-297
-369
-188
-205
-416
-68
174
649
193
-45
-338
-790
-434
-312
-19
187
171
436
249
266
-26
-470
-519
-482
-98
-244
316
707
491
422
-173
-399
-331
283
427
364
722
314
-79
-457
-541
-443
3
367
417
514
155
-291
-733
-812
-786
-435
163
314
348
294
-289
-785
-496
-186
213
532
566
267
-58
70
-138
218
612
704
540
-96
-188
-583
-246
85
-21
317
120
80
-377
-326
-110
-194
259
348
372
106
31
-198
-503
-82
-107
130
516
402
248
136
-6
-235
-246
-104
-42
-48
-12
-50
-18
-4
-147
-171
117
409
291
208
-195
-523
-328
-373
-84
279
504
553
339
15
-405
-376
-250
-76
263
303
181
131
-108
-448
-755
-434
91
405
630
43
-289
-527
-706
-756
-766
-104
241
608
308
-105
226
210
418
325
141
306
375
64
-254
-80
4
274
429
242
317
449
248
-72
-277
-420
-415
-388
-231
-128
-71
46
-253
-359
-267
-356
-293
-160
40
82
137
176
261
473
340
308
135
162
384
198
166
56
93
-23
-116
-32
-30
99
-56
-86
-286
-197
-41
-236
-162
-174
-112
-186
-32
6
-87
-4
-172
-251
-334
-116
-72
-31
213
87
10
1
-73
-112
6
7
62
194
149
37
3
-6
-33
147
37
28
87
-108
-201
-274
-182
-107
188
284
58
71
-168
-401
-416
-468
-389
-164
15
70
92
83
-19
-80
-170
-260
-149
-49
80
174
174
211
205
179
153
147
165
156
98
122
118
61
8
-33
-5
-10
111
83
33
141
22
-71
-87
-23
71
110
122
36
110
191
149
135
148
168
107
45
4
55
231
315
264
183
84
-56
-146
-178
-196
-92
-11
-77
-133
-180
-214
-213
-114
-47
-32
90
73
40
17
-79
-76
-64
35
105
160
258
241
278
240
177
211
197
201
121
36
-37
-134
-136
-212
-250
-236
-270
-290
-290
-276
-237
-149
-58
-8
47
136
127
142
159
108
104
58
24
-33
-38
-29
-77
-18
-8
-3
-1
-35
-41
-55
-27
-52
-82
-64
-44
-17
1
33
110
207
276
303
335
385
407
383
291
228
178
109
32
-104
-187
-249
-307
-359
-406
-351
-242
-124
-42
33
133
207
274
268
262
302
348
402
405
416
455
493
520
488
465
438
413
351
244
143
78
73
46
14
-27
-37
-17
-33
-68
-100
-69
9
82
123
175
255
296
279
202
120
81
57
19
-24
-42
-8
19
-13
-92
-197
-299
-427
-588
-738
-839
-859
-849
-839
-823
-798
-761
-772
-821
-892
-938
-971
-1020
-1065
-1108
-1107
-1109
-1134
-1166
-1198
-1196
-1188
-1164
-1127
-1055
-959
-879
-822
-801
-786
-787
-795
-791
-754
-675
-585
-467
-346
-198
-54
73
185
261
333
346
337
322
341
408
473
568
669
787
886
934
957
966
1019
1087
1167
1284
1418
1593
1745
1893
2048
2192
2325
2390
2425
2429
2383
2292
2149
2015
1903
1821
1760
1715
1723
1729
1718
1657
1593
1561
1511
1448
1364
1358
1440
1542
1620
1653
1716
1744
1622
1329
919
507
20
-589
-1304
-1984
-2487
-2912
-3300
-3679
-3884
-3888
-3842
-3786
-3790
-3640
-3396
-3144
-2951
-2803
-2470
-2104
-1662
-1334
-989
-557
-171
198
291
419
435
415
227
-186
-532
-979
-1280
-1778
-2224
-2597
-2870
-2977
-3235
-3314
-3432
-3315
-3204
-3131
-2969
-2832
-2433
-2136
-1724
-1336
-830
-208
291
812
1144
1565
1858
2086
2233
2291
2433
2410
2375
2189
2048
1931
1764
1609
1352
1209
1035
900
744
603
581
572
671
747
922
1169
1449
1769
2039
2395
2767
3179
3545
3835
4122
4363
4589
4698
4682
4603
4488
4391
4219
3976
3773
3647
3683
3668
3621
3536
3438
3324
2828
2078
1034
88
-838
-1930
-3061
-4238
-4920
-5429
-5723
-6025
-6171
-5845
-5425
-4798
-4415
-3856
-3220
-2568
-1963
-1661
-1136
-682
-51
392
759
1250
1643
2141
2241
2341
2250
2104
1831
1192
591
-239
-892
-1738
-2556
-3289
-3968
-4339
-4788
-4918
-5073
-4985
-4875
-4775
-4517
-4341
-3942
-3776
-3463
-3214
-2818
-2368
-2071
-1638
-1309
-683
-222
252
597
947
1399
1625
1825
1710
1713
1588
1406
1096
643
345
-37
-277
-635
-846
-988
-1115
-1186
-1373
-1378
-1408
-1337
-1330
-1317
-1154
-991
-698
-486
-167
199
612
1068
1410
1851
2220
2654
2996
3277
3599
3884
4309
4578
4882
5107
5408
5751
5922
6050
5954
6025
6006
5937
5653
5316
5243
5177
5175
4809
4557
4339
4118
3490
2241
1012
-166
-1037
-2322
-3789
-5098
-5894
-6176
-6662
-7067
-7336
-6880
-6151
-5526
-5002
-4436
-3356
-2354
-1480
-911
-170
864
1794
2568
3004
3654
4321
4815
4909
4679
4537
4242
3734
2732
1578
547
-476
-1565
-2940
-4129
-5007
-5593
-6083
-6644
-6859
-6813
-6464
-6199
-5994
-5592
-5084
-4420
-4017
-3593
-3123
-2519
-1915
-1571
-1155
-754
-145
306
609
902
1166
1550
1600
1544
1293
1087
857
383
-87
-682
-1015
-1380
-1688
-1972
-2190
-2146
-2189
-2108
-2127
-1965
-1766
-1611
-1425
-1300
-914
-585
-179
130
535
1074
1569
2072
2406
2888
3332
3802
4124
4389
4727
5051
5424
5627
5909
6186
6577
6825
6925
6983
7023
7173
7065
6878
6506
6370
6314
6162
5840
5311
5065
4750
4332
3206
1803
524
-545
-1573
-3167
-4649
-5874
-6370
-6742
-7316
-7734
-7758
-6977
-6255
-5567
-5021
-4139
-2858
-1814
-919
-343
644
1657
2554
3193
3607
4301
4759
5078
4829
4479
4124
3514
2644
1223
-113
-1480
-2729
-4169
-5772
-7029
-8001
-8537
-9154
-9604
-9751
-9477
-8844
-8367
-7777
-7130
-6155
-5207
-4472
-3805
-3178
-2305
-1626
-1065
-648
-138
483
904
1208
1338
1591
1784
1756
1503
1082
741
278
-293
-1004
-1649
-2084
-2476
-2783
-3092
-3181
-3102
-2906
-2656
-2390
-1950
-1491
-1003
-582
-126
390
884
1353
1772
2288
2837
3330
3719
4103
4557
5032
5363
5563
5763
6029
6304
6372
6391
6401
6582
6709
6711
6686
6603
6701
6581
6515
6293
6146
5963
5660
5598
5385
5388
5008
4752
4439
4068
3330
1858
543
-804
-1748
-3186
-4744
-6094
-6944
-7135
-7677
-8003
-8169
-7505
-6506
-5663
-4807
-4073
-2688
-1492
-433
232
947
1965
2714
3464
3681
4100
4428
4582
4421
3840
3405
2635
1768
478
-959
-2259
-3601
-4873
-6390
-7564
-8425
-8944
-9248
-9546
-9425
-9036
-8207
-7429
-6642
-5711
-4789
-3727
-2889
-2088
-1448
-844
-241
175
669
1000
1312
1495
1683
1908
1927
1924
1638
1376
1028
569
-39
-798
-1362
-1955
-2350
-2744
-3003
-3073
-3004
-2730
-2514
-2105
-1702
-1238
-756
-345
137
518
971
1290
1656
2102
2505
2951
3257
3705
4122
4602
4972
5189
5442
5642
5894
5953
5962
5952
6011
6107
6100
6066
6037
6144
6209
6177
6047
5975
5960
5856
5640
5176
5016
4918
4992
4691
4324
4173
3904
3647
2179
886
-639
-1434
-2698
-4442
-5847
-7122
-7163
-7849
-8168
-8663
-8090
-6997
-6140
-5146
-4462
-2969
-1570
-349
481
1066
2220
2982
3669
3889
3935
4307
4145
4062
3114
2554
1738
771
-408
-2065
-3300
-4796
-5888
-7469
-8806
-9757
-10402
-10644
-11058
-11039
-10773
-9951
-8956
-8155
-7066
-5954
-4545
-3362
-2298
-1325
-528
408
952
1515
1847
2187
2323
2284
2358
2188
2059
1580
1109
549
8
-653
-1596
-2335
-3023
-3434
-3886
-4175
-4296
-4146
-3689
-3288
-2748
-2176
-1407
-661
47
718
1284
1954
2527
3086
3560
4058
4575
5013
5497
5866
6274
6569
6797
6886
6858
6867
6713
6589
6287
6064
5881
5759
5664
5420
5340
5344
5479
5454
5302
5217
5229
5317
5155
4737
4561
4594
4857
4652
4377
4213
4151
4000
2616
1311
-191
-887
-2195
-3984
-5599
-6957
-7125
-7955
-8502
-9197
-8712
-7755
-7032
-6203
-5610
-4098
-2686
-1480
-733
-110
1113
1874
2563
2661
2709
3051
2994
2877
1970
1510
833
105
-896
-2289
-3304
-4449
-5274
-6612
-7682
-8363
-8781
-8926
-9289
-9229
-8880
-7957
-7067
-6460
-5514
-4400
-2964
-1845
-992
-199
622
1669
2134
2491
2650
2932
3163
3019
2886
2405
2276
1791
1257
522
-166
-734
-1541
-2079
-2788
-3063
-3286
-3345
-3265
-3019
-2436
-1923
-1240
-646
92
888
1554
2193
2617
3247
3755
4259
4640
4917
5339
5630
6010
6077
6249
6303
6279
6181
5885
5718
5440
5237
4827
4485
4294
4178
4135
3908
3807
3811
4017
4168
3981
3902
3871
4061
4069
3839
3567
3556
3848
3882
3639
3452
3449
3458
2841
1393
53
-1054
-1760
-3352
-5121
-6691
-7475
-7706
-8404
-8931
-9292
-8328
-7378
-6522
-5827
-4887
-3282
-1925
-862
-392
357
1345
1869
2141
1923
1944
1983
1799
1273
316
-140
-855
-1571
-2768
-3920
-4821
-5663
-6405
-7600
-8328
-8720
-8730
-8797
-8903
-8569
-7925
-6763
-5924
-5221
-4231
-2947
-1531
-582
170
767
1632
2438
2704
2746
2664
2777
2716
2374
1856
1203
834
247
-424
-1241
-1865
-2378
-2943
-3280
-3670
-3630
-3475
-3173
-2802
-2177
-1316
-512
374
1167
2072
3009
3812
4468
4972
5619
6141
6508
6700
6773
6921
6952
6941
6575
6321
6036
5714
5326
4841
4479
4097
3895
3481
3204
3037
2951
2905
2742
2756
2766
2932
3025
2917
2972
3064
3275
3324
3362
3440
3672
4061
4175
4046
3982
3977
3812
3105
1664
275
-951
-1779
-3351
-5089
-6613
-7431
-7701
-8297
-8727
-9121
-8342
-7514
-6712
-6087
-5314
-4059
-2957
-1963
-1488
-886
-122
336
667
639
753
799
711
451
-153
-382
-894
-1383
-2309
-3059
-3671
-4265
-4793
-5681
-6157
-6407
-6279
-6301
-6300
-5976
-5410
-4472
-3777
-3129
-2348
-1326
-288
328
939
1358
1954
2305
2404
2335
2194
2192
1805
1465
977
603
127
-375
-805
-1285
-1482
-1833
-2055
-2131
-1941
-1639
-1372
-855
-336
482
1298
2040
2730
3446
4282
4870
5418
5781
6068
6350
6462
6406
6139
5963
5687
5276
4870
4375
4032
3685
3384
3003
2760
2699
2509
2394
2212
2218
2235
2298
2344
2323
2586
2742
2983
3079
3333
3566
3826
4014
4043
4311
4421
4522
4046
3834
3417
3031
1932
343
-982
-2173
-2990
-4800
-6238
-7539
-7823
-8091
-8664
-9003
-8995
-7907
-7170
-6409
-5864
-4892
-3460
-2369
-1448
-988
-176
681
1163
1463
1263
1466
1342
1167
540
-174
-603
-1408
-2165
-3354
-4119
-4861
-5489
-6200
-7001
-7251
-7306
-7175
-7143
-6984
-6380
-5626
-4672
-3990
-3203
-2178
-1192
-218
302
1009
1460
1962
2183
2179
2246
2088
1997
1545
1313
976
580
131
-423
-720
-1105
-1389
-1817
-2057
-1986
-1853
-1573
-1348
-796
-135
713
1528
2210
3041
3786
4549
5045
5510
5824
6040
6191
6083
5964
5716
5466
5029
4565
4175
3773
3471
3046
2722
2440
2366
2251
1995
1884
1792
1894
1885
1932
1953
2154
2429
2598
2793
3024
3336
3612
3781
3938
4085
4199
4153
3716
3435
2950
2590
1400
73
-1251
-2224
-2977
-4469
-5648
-6797
-6843
-7090
-7397
-7699
-7546
-6561
-5866
-5121
-4649
-3697
-2415
-1407
-535
-80
793
1602
2176
2506
2351
2642
2492
2413
1723
1036
482
-290
-1038
-2276
-3106
-3984
-4605
-5328
-6096
-6422
-6562
-6353
-6225
-5978
-5426
-4732
-3727
-2987
-2096
-1242
-260
665
1263
1869
2181
2621
2715
2777
2632
2407
2111
1651
1273
770
311
-318
-883
-1413
-1907
-2346
-2844
-3168
-3309
-3226
-3002
-2679
-2180
-1530
-627
275
1208
2093
2974
3809
4502
5070
5420
5690
5785
5810
5673
5393
5067
4634
4227
3808
3368
2995
2699
2431
2219
2097
1960
1935
1922
1992
2097
2228
2399
2583
2835
3027
3285
3496
3765
3987
4094
4182
4179
4198
4015
3664
3175
2616
1993
739
-593
-2027
-2996
-3986
-5266
-6389
-7218
-7226
-7379
-7403
-7422
-6781
-5719
-4759
-3836
-3093
-1905
-691
285
949
1337
2015
2512
2817
2711
2372
2323
1915
1481
502
-296
-1142
-2044
-3071
-4392
-5331
-6317
-6998
-7782
-8336
-8492
-8407
-8015
-7647
-6982
-6021
-4854
-3618
-2594
-1352
-161
1072
1932
2498
3020
3409
3732
3538
3307
2918
2624
2131
1424
741
103
-399
-1096
-1749
-2388
-2855
-3255
-3704
-3987
-4092
-3864
-3537
-3107
-2482
-1681
-614
362
1361
2302
3320
4247
4893
5393
5705
6047
6110
6020
5738
5424
5173
4737
4264
3755
3396
3149
2871
2573
2305
2250
2252
2227
2199
2205
2454
2701
2886
3005
3179
3530
3795
3974
4025
4083
4170
4089
3935
3573
3194
2770
2212
1657
611
-593
-1826
-2732
-3432
-4476
-5383
-6126
-6095
-6010
-5967
-5802
-5306
-4165
-3283
-2292
-1562
-520
615
1461
2124
2330
2799
3064
3230
3014
2524
2235
1769
1265
320
-578
-1359
-2254
-3175
-4425
-5408
-6330
-7082
-7833
-8557
-8816
-8863
-8529
-8267
-7763
-6920
-5804
-4485
-3472
-2258
-983
414
1539
2155
2788
3277
3863
3851
3562
3210
2911
2683
1958
1282
515
144
-379
-1031
-1664
-2255
-2498
-2986
-3331
-3711
-3698
-3470
-3257
-2867
-2374
-1421
-483
489
1384
2383
3556
4443
5188
5648
6204
6613
6738
6630
6338
6233
5960
5618
5067
4622
4373
4112
3831
3406
3216
3128
3091
2890
2689
2735
2871
3010
2914
2948
3084
3329
3411
3391
3393
3360
3329
3080
2793
2214
1747
1211
725
-235
-1575
-2717
-3534
-3997
-5054
-6033
-6720
-6561
-6306
-6299
-6103
-5484
-4159
-3115
-2140
-1314
-103
1258
2245
2899
3152
3716
4153
4303
3915
3265
2939
2481
1799
566
-573
-1459
-2407
-3566
-5058
-6178
-7109
-7883
-8786
-9621
-9945
-9912
-9571
-9324
-8850
-7955
-6708
-5345
-4251
-3034
-1653
-188
988
1700
2391
2995
3554
3596
3304
2949
2583
2231
1495
749
-62
-620
-1179
-1835
-2483
-3132
-3504
-3940
-4274
-4606
-4692
-4553
-4360
-3981
-3482
-2654
-1755
-811
168
1209
2381
3380
4268
4949
5612
6179
6503
6652
6595
6622
6530
6357
6047
5748
5624
5465
5324
5049
4918
4847
4774
4652
4431
4400
4319
4293
4102
3975
3911
3848
3825
3645
3552
3303
3125
2824
2472
1951
1376
882
298
-580
-1810
-2828
-3522
-4020
-4875
-5706
-6107
-5869
-5548
-5378
-5051
-4229
-2987
-1901
-940
-54
1144
2290
3211
3706
4009
4372
4632
4615
4134
3538
3000
2428
1528
352
-765
-1736
-2779
-4042
-5338
-6377
-7256
-8079
-8932
-9520
-9752
-9652
-9394
-9052
-8426
-7511
-6278
-5094
-3929
-2755
-1402
-127
907
1662
2335
2977
3347
3444
3258
3056
2699
2253
1626
1001
391
-198
-787
-1399
-1952
-2478
-2913
-3349
-3725
-3999
-4098
-4092
-3975
-3748
-3271
-2687
-1966
-1271
-454
444
1367
2273
3014
3773
4375
4999
5385
5707
5881
6002
6076
6018
5996
5922
5925
5862
5777
5721
5677
5662
5537
5402
5319
5244
5193
4919
4694
4416
4309
4063
3695
3217
2795
2541
2148
1628
905
456
38
-541
-1723
-2803
-3548
-3825
-4508
-5447
-6058
-5939
-5376
-5302
-5075
-4604
-3194
-2015
-982
-184
973
2442
3519
4254
4453
4998
5471
5721
5292
4574
4119
3706
2952
1636
304
-650
-1682
-2991
-4632
-5946
-6942
-7961
-9018
-10121
-10582
-10805
-10665
-10601
-10271
-9462
-8371
-7054
-6063
-4829
-3532
-2075
-924
-172
650
1330
2004
2104
2073
1951
1800
1555
971
546
19
-318
-896
-1467
-1981
-2437
-2800
-3390
-3814
-4175
-4244
-4338
-4394
-4253
-3884
-3308
-2794
-2178
-1442
-534
377
1160
1957
2752
3565
4192
4682
5125
5569
5950
6133
6278
6446
6743
6910
6955
6905
7025
7186
7231
7078
6942
7010
7102
7002
6630
6342
6169
6022
5509
4839
4123
3702
3123
2438
1456
708
184
-373
-1266
-2657
-3489
-4106
-4268
-5264
-6041
-6422
-5979
-5577
-5713
-5397
-4703
-3166
-2318
-1411
-557
902
2385
3337
4054
4516
5401
6015
6244
5866
5394
5241
4872
4024
2691
1580
818
-301
-1725
-3351
-4384
-5335
-6447
-7647
-8651
-8968
-9267
-9320
-9481
-9189
-8509
-7654
-6684
-6006
-4941
-3887
-2672
-1856
-1240
-450
199
804
768
880
904
1000
786
324
101
-178
-286
-832
-1249
-1676
-1925
-2247
-2801
-3199
-3507
-3491
-3638
-3756
-3706
-3355
-2835
-2485
-2051
-1478
-679
60
600
1196
1790
2478
2906
3275
3632
4036
4449
4654
4968
5241
5722
5981
6228
6426
6790
7187
7323
7447
7534
7948
8038
8016
7694
7639
7497
7096
6444
5655
5202
4412
3688
2532
1796
1006
312
-670
-2019
-2987
-3830
-4046
-4919
-5660
-6251
-6008
-5612
-5700
-5519
-5068
-3810
-3100
-2395
-1639
-422
862
1594
2345
2902
3813
4417
4758
4747
4523
4561
4308
3792
2713
1787
1098
120
-1139
-2654
-3575
-4498
-5524
-6672
-7473
-7706
-8008
-8145
-8328
-7987
-7499
-6885
-6302
-5857
-5214
-4554
-3747
-3260
-2850
-2375
-1798
-1351
-1235
-1047
-721
-437
-422
-596
-567
-518
-595
-935
-1327
-1578
-1909
-2237
-2766
-3086
-3350
-3448
-3548
-3629
-3436
-3145
-2654
-2354
-1865
-1294
-581
-1
417
969
1498
2058
2350
2697
3064
3484
3833
4087
4425
4794
5219
5508
5742
6025
6408
6769
6944
7091
7412
7767
7969
7865
7857
7906
7816
7431
6825
6432
5866
5257
4286
3454
2711
1968
1087
-285
-1398
-2358
-2701
-3452
-4382
-5095
-5143
-4752
-4951
-4980
-4790
-3810
-3217
-2820
-2253
-1342
-205
386
1054
1605
2495
3200
3703
3941
3960
4213
4281
4094
3344
2658
2186
1491
416
-931
-1814
-2602
-3553
-4681
-5521
-5829
-6146
-6421
-6708
-6544
-6192
-5773
-5456
-5234
-4870
-4442
-3909
-3641
-3416
-3149
-2684
-2294
-2112
-1924
-1558
-1143
-971
-947
-826
-590
-561
-748
-1014
-1152
-1385
-1750
-2172
-2480
-2672
-2858
-2980
-3032
-2883
-2618
-2311
-2020
-1659
-1175
-675
-308
-49
261
656
998
1202
1391
1687
2076
2386
2684
2989
3379
3759
4047
4373
4634
4963
5250
5607
5939
6216
6550
6849
7225
7401
7545
7551
7545
7463
7142
6786
6197
5702
5040
4333
3458
2199
932
-300
-996
-1888
-2971
-3969
-4345
-4184
-4373
-4480
-4392
-3525
-2944
-2582
-2100
-1313
-309
32
418
736
1446
1908
2131
2200
2158
2428
2506
2505
1977
1519
1194
775
3
-1118
-1886
-2610
-3452
-4516
-5219
-5447
-5741
-6055
-6169
-5705
-5176
-4900
-4630
-4216
-3628
-3309
-3094
-2942
-2738
-2539
-2453
-2328
-2356
-2173
-2033
-1903
-1945
-1940
-1681
-1629
-1743
-2059
-2019
-2057
-2288
-2705
-2943
-2877
-2995
-3091
-3210
-2960
-2686
-2453
-2232
-1913
-1402
-1036
-724
-567
-245
95
358
532
647
1024
1340
1631
1829
2193
2663
2933
3156
3374
3852
4118
4348
4547
4900
5307
5503
5818
5982
6376
6547
6781
6837
6896
6966
6870
6781
6279
6035
5512
5056
3860
2559
1534
861
222
-1213
-2169
-2670
-2323
-2587
-2894
-2878
-2148
-1403
-1359
-1032
-595
332
479
500
539
932
1384
1402
1372
1209
1513
1803
1869
1476
1041
1004
837
255
-746
-1418
-1818
-2508
-3422
-4196
-4269
-4438
-4705
-4906
-4579
-4030
-3850
-3649
-3431
-2915
-2774
-2619
-2548
-2334
-2206
-2240
-2097
-2056
-1786
-1762
-1659
-1749
-1666
-1522
-1563
-1779
-2142
-2113
-2221
-2421
-2868
-2948
-2866
-2896
-2996
-3038
-2676
-2408
-2153
-2031
-1689
-1270
-941
-686
-574
-263
9
287
396
523
839
1143
1377
1383
1664
1925
2123
2099
2202
2485
2629
2747
2793
3195
3393
3618
3698
3963
4285
4571
4823
4912
5229
5410
5694
5602
5589
5476
5444
4767
3707
2841
2425
2151
951
-62
-567
-156
-425
-872
-1061
-349
134
-7
53
512
1363
1243
1046
976
1461
1682
1551
1331
1229
1337
1328
1196
733
276
0
-368
-1093
-2056
-2557
-2948
-3565
-4437
-4831
-4543
-4462
-4641
-4732
-4105
-3540
-3301
-3305
-2930
-2410
-2284
-2249
-2162
-1763
-1681
-1627
-1643
-1375
-1217
-1232
-1309
-1454
-1452
-1608
-1776
-2232
-2512
-2722
-2872
-3130
-3464
-3460
-3414
-3368
-3440
-3228
-2875
-2621
-2491
-2311
-1801
-1387
-1102
-904
-474
32
404
619
822
1222
1531
1676
1674
1646
1738
1746
1699
1552
1622
1731
1843
1956
2107
2473
2650
2795
2904
3302
3563
3703
3767
3957
4197
4166
4124
4053
4238
3650
2805
1997
1983
2022
1142
312
28
871
815
590
395
1413
2022
1861
1792
2262
3399
3182
2837
2507
3144
3425
3179
2730
2438
2579
2371
2093
1346
771
360
-180
-1063
-2206
-2669
-3026
-3605
-4614
-5039
-4539
-4256
-4427
-4654
-3965
-3172
-2901
-2978
-2687
-1921
-1717
-1627
-1566
-938
-636
-557
-583
-362
-53
-145
-313
-791
-935
-1252
-1498
-2181
-2687
-2965
-3045
-3262
-3664
-3574
-3330
-3088
-3227
-3028
-2562
-2173
-2199
-2260
-1826
-1356
-1108
-1150
-827
-258
259
442
589
1033
1429
1653
1505
1436
1457
1506
1275
960
897
1050
1229
1188
1231
1532
1909
2068
2037
2187
2443
2659
2600
2488
2500
2402
2345
2067
2062
1343
644
-149
-68
-50
-668
-1167
-1242
-206
-177
87
140
1469
1957
2056
2211
3060
4215
4020
3946
3876
4893
5143
5119
4767
4680
4800
4464
4103
3152
2489
1632
823
-345
-1544
-2158
-2783
-3431
-4471
-4620
-4253
-3935
-4216
-4426
-3840
-3317
-3127
-3422
-3103
-2591
-2287
-2164
-1892
-1084
-660
-240
-110
457
709
770
492
104
-164
-653
-1020
-1812
-2316
-2819
-2907
-3153
-3414
-3520
-3443
-3236
-3314
-3167
-2980
-2708
-2737
-2697
-2312
-1848
-1474
-1371
-878
-249
425
748
1044
1477
1803
1962
1754
1737
1657
1644
1313
1039
1002
1141
1288
1074
1109
1185
1570
1492
1459
1435
1691
1877
1701
1574
1202
1330
1051
921
-179
-1044
-1721
-1618
-1760
-2603
-3006
-2920
-1832
-1895
-1602
-1301
150
657
711
949
2018
3338
3330
3306
3356
4599
5261
5561
5300
5276
5583
5570
5319
4356
3674
2912
2196
1031
-123
-658
-1099
-1587
-2545
-2683
-2363
-1868
-2092
-2439
-2333
-2016
-1848
-2208
-2315
-2272
-1965
-1849
-1586
-1199
-697
-264
32
328
550
705
607
312
-62
-390
-673
-1103
-1580
-1984
-2129
-2209
-2360
-2532
-2624
-2564
-2605
-2607
-2634
-2498
-2482
-2427
-2299
-1937
-1519
-1181
-836
-409
177
638
1010
1260
1581
1786
1833
1800
1831
1934
1852
1663
1523
1640
1743
1612
1370
1181
1285
1263
1291
1131
1292
1334
1385
1126
912
923
777
317
-1018
-1887
-2514
-2301
-2930
-3497
-4007
-3451
-2876
-2607
-2315
-1721
-715
-476
-214
11
1037
1633
1911
1905
2269
3063
3705
4179
4097
4099
4032
4160
3925
3249
2400
1598
1063
296
-280
-797
-888
-1099
-1220
-1175
-783
-372
-229
-249
-372
-406
-469
-437
-457
-565
-710
-564
-163
214
267
263
341
526
405
106
-235
-458
-732
-1156
-1507
-1783
-1836
-2044
-2170
-2410
-2410
-2383
-2282
-2330
-2458
-2395
-2174
-1798
-1696
-1556
-1378
-935
-635
-451
-355
-158
68
145
192
288
569
772
900
948
1181
1473
1704
1676
1629
1706
1901
1983
1809
1709
1747
2017
2079
2153
2227
2395
2372
1946
1662
1259
1017
-228
-1378
-2703
-2907
-3262
-3488
-3967
-4021
-3571
-3252
-2622
-2371
-1513
-1458
-1175
-1355
-711
-8
657
1022
1145
1829
2478
3563
4002
4353
4051
3744
3401
3025
2626
1668
750
-460
-1075
-1558
-1536
-1636
-1783
-1966
-1965
-1555
-1121
-705
-691
-794
-983
-913
-531
26
440
553
577
906
1445
2003
2052
1879
1438
1164
832
616
388
46
-414
-1042
-1327
-1470
-1340
-1591
-1998
-2590
-2840
-2815
-2659
-2534
-2539
-2375
-2146
-1643
-1160
-572
-181
22
16
70
361
683
865
730
644
669
952
1207
1439
1471
1432
1343
1386
1567
1747
1760
1549
1388
1393
1733
2062
2442
2511
2663
2515
2627
2390
2250
1357
353
-1039
-1820
-2303
-2378
-2473
-2689
-2715
-2797
-2314
-2007
-1300
-1332
-1223
-1639
-1464
-1246
-544
78
633
1030
1277
1850
2442
3186
3240
2928
2111
1456
827
332
-198
-829
-1450
-2080
-2369
-2386
-2036
-1763
-1663
-1798
-1892
-1767
-1511
-1257
-1245
-1289
-1290
-987
-448
270
927
1357
1515
1507
1542
1605
1628
1407
1025
582
313
215
251
225
70
-264
-659
-1045
-1354
-1634
-1920
-2220
-2462
-2478
-2247
-1769
-1254
-720
-310
62
295
506
685
882
1012
1065
1106
1192
1365
1505
1677
1807
1939
1967
1930
1862
1770
1655
1406
1172
952
924
981
1170
1400
1645
1846
1883
1896
1635
1251
321
-699
-1910
-2587
-3021
-2882
-2701
-2338
-2146
-1972
-1789
-1483
-1019
-730
-501
-566
-422
-254
341
1013
1916
2602
3160
3421
3569
3514
3268
2776
2100
1320
447
-423
-1162
-1682
-1983
-2205
-2421
-2681
-2905
-3117
-3247
-3271
-3168
-2997
-2906
-2843
-2706
-2249
-1557
-695
80
748
1246
1578
1763
1810
1802
1638
1378
975
682
469
458
408
368
203
-34
-408
-895
-1443
-1955
-2360
-2667
-2808
-2835
-2700
-2464
-2096
-1639
-1105
-633
-315
-158
-53
115
363
654
966
1272
1527
1706
1858
2021
2218
2329
2343
2296
2254
2220
2161
2083
2061
2124
2221
2320
2413
2514
2588
2568
2434
2140
1609
710
-463
-1714
-2682
-3223
-3281
-3053
-2676
-2432
-2353
-2443
-2466
-2335
-2032
-1653
-1256
-869
-489
-19
615
1503
2533
3529
4259
4648
4640
4333
3837
3331
2917
2566
2165
1646
1052
435
-145
-677
-1135
-1533
-1918
-2408
-2986
-3581
-4019
-4251
-4191
-3904
-3369
-2770
-2152
-1654
-1148
-666
-129
289
620
812
958
1037
1123
1227
1384
1527
1600
1524
1292
916
397
-213
-843
-1418
-1907
-2316
-2644
-2862
-2958
-2899
-2717
-2448
-2175
-1924
-1748
-1573
-1372
-1080
-725
-328
78
475
822
1090
1268
1378
1464
1538
1605
1670
1725
1759
1780
1797
1855
1965
2105
2237
2343
2402
2416
2350
2149
1775
1198
449
-374
-1132
-1681
-1942
-1942
-1761
-1552
-1449
-1530
-1760
-2042
-2235
-2225
-1979
-1508
-893
-231
422
1037
1630
2205
2744
3187
3445
3482
3301
2969
2585
2279
2095
2057
2074
2076
1943
1639
1146
517
-165
-822
-1376
-1822
-2107
-2278
-2307
-2236
-2047
-1809
-1520
-1261
-1023
-846
-670
-486
-245
49
410
791
1153
1419
1596
1615
1522
1301
1012
654
269
-155
-588
-1032
-1439
-1795
-2073
-2260
-2384
-2462
-2535
-2615
-2718
-2820
-2873
-2842
-2705
-2447
-2099
-1694
-1270
-867
-506
-189
77
287
455
570
649
712
780
865
991
1146
1311
1469
1605
1705
1757
1741
1626
1392
1009
481
-166
-844
-1441
-1851
-2022
-1967
-1750
-1499
-1328
-1306
-1419
-1604
-1750
-1751
-1550
-1157
-599
35
660
1254
1797
2286
2700
3029
3227
3267
3146
2883
2565
2261
2046
1936
1916
1911
1854
1647
1268
709
65
-599
-1157
-1556
-1705
-1654
-1405
-1072
-700
-388
-150
14
136
253
403
610
850
1125
1378
1627
1830
2012
2155
2264
2305
2250
2076
1800
1429
1019
613
265
-22
-229
-398
-537
-688
-850
-1053
-1252
-1467
-1660
-1835
-1971
-2079
-2129
-2126
-2067
-1956
-1788
-1579
-1353
-1128
-931
-784
-684
-624
-575
-522
-438
-325
-182
-31
115
211
259
219
108
-89
-362
-719
-1121
-1530
-1898
-2173
-2305
-2296
-2164
-1983
-1812
-1718
-1708
-1783
-1880
-1929
-1863
-1675
-1352
-944
-485
-36
400
805
1188
1538
1851
2082
2227
2252
2201
2100
2014
1969
1977
1984
1943
1766
1443
977
479
15
-283
-408
-335
-173
12
119
159
122
116
174
366
660
1022
1365
1661
1867
2040
2184
2365
2559
2749
2863
2866
2716
2455
2126
1814
1545
1356
1220
1090
940
758
557
385
277
245
279
339
359
296
160
-50
-282
-485
-630
-727
-776
-829
-908
-1022
-1141
-1261
-1327
-1337
-1286
-1213
-1128
-1092
-1100
-1159
-1242
-1349
-1436
-1543
-1672
-1857
-2088
-2385
-2672
-2924
-3080
-3124
-3055
-2943
-2833
-2788
-2802
-2882
-2937
-2921
-2789
-2534
-2180
-1801
-1447
-1154
-915
-722
-514
-303
-75
113
242
280
239
173
132
147
228
347
439
434
336
155
-16
-116
-94
64
306
556
748
859
906
946
1037
1233
1519
1847
2146
2360
2451
2442
2388
2338
2331
2381
2449
2501
2492
2418
2307
2201
2143
2164
2248
2365
2463
2507
2463
2372
2258
2171
2136
2165
2234
2302
2318
2274
2140
1963
1761
1570
1399
1239
1067
870
613
330
41
-207
-394
-494
-549
-588
-661
-783
-960
-1147
-1327
-1447
-1528
-1587
-1671
-1816
-2054
-2344
-2644
-2885
-3034
-3084
-3070
-3033
-3032
-3067
-3138
-3181
-3153
-3017
-2783
-2504
-2243
-2045
-1945
-1924
-1925
-1898
-1817
-1681
-1527
-1401
-1344
-1388
-1500
-1654
-1787
-1866
-1885
-1862
-1821
-1788
-1764
-1740
-1681
-1568
-1373
-1110
-792
-463
-137
152
416
663
910
1166
1430
1680
1906
2078
2201
2262
2289
2297
2306
2324
2343
2358
2350
2313
2259
2188
2135
2120
2167
2269
2413
2558
2686
2775
2822
2844
2865
2910
2974
3041
3082
3059
2957
2790
2607
2450
2343
2279
2219
2121
1946
1692
1388
1100
873
720
615
518
379
174
-89
-353
-556
-675
-714
-724
-769
-901
-1130
-1420
-1704
-1922
-2030
-2053
-2038
-2047
-2120
-2250
-2400
-2508
-2526
-2445
-2307
-2171
-2095
-2117
-2221
-2357
-2467
-2497
-2461
-2378
-2304
-2288
-2342
-2460
-2590
-2663
-2663
-2589
-2480
-2385
-2337
-2354
-2412
-2455
-2433
-2316
-2110
-1851
-1593
-1366
-1186
-1034
-872
-666
-401
-104
178
407
554
617
635
658
708
812
948
1071
1164
1206
1194
1169
1163
1200
1280
1381
1481
1552
1604
1660
1748
1893
2090
2328
2566
2766
2909
3004
3069
3116
3149
3166
3147
3075
2944
2774
2576
2376
2193
2031
1878
1722
1551
1361
1165
966
792
645
526
417
314
214
112
5
-102
-191
-258
-296
-319
-333
-348
-374
-413
-469
-533
-587
-622
-641
-651
-661
-696
-756
-841
-943
-1041
-1113
-1154
-1181
-1210
-1255
-1325
-1416
-1511
-1590
-1631
-1627
-1596
-1559
-1534
-1520
-1522
-1526
-1524
-1505
-1459
-1393
-1325
-1260
-1204
-1175
-1159
-1150
-1137
-1096
-1022
-925
-819
-717
-637
-588
-555
-538
-505
-450
-369
-269
-178
-105
-70
-60
-62
-57
-32
13
69
113
140
132
108
92
93
133
199
277
353
420
464
499
543
598
675
753
822
878
911
928
945
970
1011
1069
1115
1142
1142
1136
1124
1117
1135
1164
1192
1198
1175
1132
1077
1034
1011
1013
1028
1031
1015
975
921
873
842
836
843
855
853
835
806
771
749
736
736
746
753
749
726
694
660
625
588
548
507
449
376
290
194
88
-24
-136
-249
-361
-467
-571
-679
-790
-907
-1025
-1136
-1236
-1316
-1376
-1421
-1458
-1494
-1531
-1563
-1585
-1602
-1602
-1597
-1578
-1558
-1542
-1538
-1542
-1547
-1554
-1557
-1550
-1538
-1526
-1523
-1523
-1525
-1531
-1530
-1514
-1485
-1447
-1402
-1348
-1291
-1234
-1171
-1105
-1028
-944
-854
-759
-662
-560
-457
-358
-264
-175
-86
-1
92
188
291
399
507
603
685
749
804
858
923
1013
1122
1251
1367
1445
1495
1520
1548
1592
1669
1786
1913
2027
2090
2097
2066
2026
2010
2033
2087
2161
2196
2161
2065
1922
1776
1672
1627
1616
1608
1569
1456
1273
1054
858
729
664
650
641
591
475
288
84
-91
-203
-237
-223
-202
-224
-322
-479
-654
-806
-902
-921
-885
-841
-830
-893
-1010
-1152
-1278
-1343
-1342
-1286
-1206
-1157
-1168
-1231
-1341
-1445
-1506
-1515
-1455
-1375
-1300
-1275
-1320
-1406
-1507
-1576
-1579
-1515
-1400
-1287
-1225
-1221
-1262
-1330
-1386
-1362
-1252
-1082
-905
-773
-717
-735
-780
-807
-749
-589
-375
-166
-32
12
-20
-66
-78
-14
126
298
459
555
593
599
597
619
681
760
872
998
1117
1227
1322
1401
1442
1452
1446
1467
1540
1661
1797
1910
1953
1905
1780
1614
1492
1450
1480
1536
1543
1461
1279
1042
814
636
540
516
517
483
390
254
116
5
-71
-109
-115
-97
-83
-94
-109
-124
-142
-158
-186
-214
-223
-217
-224
-235
-250
-277
-306
-356
-420
-489
-555
-611
-649
-661
-656
-658
-691
-757
-841
-932
-986
-985
-931
-855
-798
-782
-831
-912
-987
-1024
-1003
-913
-803
-718
-687
-724
-803
-884
-921
-896
-804
-681
-591
-573
-615
-689
-749
-755
-695
-581
-454
-391
-399
-442
-477
-454
-354
-201
-50
43
50
5
-13
56
224
439
626
709
680
592
529
562
706
919
1090
1143
1061
894
740
671
713
827
938
964
873
707
547
460
457
498
544
558
522
450
376
347
374
427
455
438
389
340
318
335
375
416
435
402
312
197
120
102
126
159
184
184
140
42
-83
-187
-217
-171
-102
-44
-35
-77
-175
-294
-380
-403
-355
-293
-258
-262
-308
-371
-433
-482
-499
-493
-482
-470
-453
-423
-385
-369
-375
-403
-438
-452
-430
-355
-247
-160
-128
-172
-257
-326
-367
-344
-263
-175
-128
-159
-243
-324
-372
-368
-321
-258
-208
-195
-205
-214
-185
-117
-41
19
48
73
95
141
214
309
395
430
415
360
326
320
343
396
441
453
415
331
234
159
133
145
180
214
213
183
120
61
30
28
65
112
160
190
198
185
170
161
160
168
189
217
257
286
282
248
192
134
101
102
132
172
192
166
87
-7
-81
-121
-115
-73
-26
-6
-37
-114
-204
-259
-265
-225
-155
-101
-88
-113
-159
-198
-217
-198
-156
-102
-59
-50
-55
-78
-92
-99
-109
-97
-79
-60
-49
-41
-40
-59
-86
-127
-143
-134
-120
-94
-70
-69
-84
-107
-147
-173
-176
-168
-140
-104
-81
-87
-114
-155
-185
-187
-172
-139
-95
-64
-58
-71
-96
-104
-95
-73
-48
-13
18
46
68
63
48
28
17
25
52
89
111
108
82
36
-10
-24
-10
23
59
63
43
9
-16
-18
7
54
90
112
123
120
114
111
124
154
186
207
223
219
198
164
123
105
100
115
134
131
107
48
-26
-88
-113
-94
-43
16
29
-8
-82
-162
-202
-175
-85
29
100
113
61
-35
-102
-108
-40
81
189
233
197
95
-11
-68
-50
32
118
166
151
74
-34
-117
-157
-133
-84
-40
-21
-40
-86
-151
-197
-215
-200
-173
-138
-102
-83
-82
-96
-105
-115
-117
-100
-60
0
58
93
88
53
1
-40
-45
-8
54
114
144
110
34
-47
-96
-95
-47
31
91
110
73
-14
-102
-139
-108
-22
75
140
139
69
-20
-88
-79
-2
91
169
189
137
53
-22
-46
-3
63
120
130
91
32
-27
-56
-46
-7
38
65
53
20
-17
-41
-40
-34
-12
15
39
50
31
3
-24
-31
-27
-9
29
60
69
53
19
-5
-11
-6
19
55
80
72
47
18
18
44
71
79
48
5
-37
-50
-21
20
52
38
-30
-121
-188
-203
-149
-57
10
22
-30
-131
-229
-272
-242
-150
-42
41
58
4
-92
-183
-209
-153
-43
84
159
151
70
-45
-143
-175
-130
-23
93
144
122
32
-91
-193
-225
-158
-16
125
188
156
26
-141
-246
-236
-101
94
248
286
176
-19
-192
-261
-183
6
214
346
326
163
-65
-237
-267
-149
69
275
362
288
92
-136
-280
-259
-88
145
317
350
239
36
-156
-252
-200
-20
195
334
323
177
-21
-176
-230
-150
21
202
305
271
126
-46
-168
-189
-103
47
195
265
225
109
-21
-104
-119
-77
8
98
159
166
104
1
-122
-218
-236
-173
-48
78
143
106
-28
-190
-304
-313
-216
-58
84
147
113
-8
-148
-237
-235
-143
-1
125
188
163
60
-64
-158
-182
-130
-40
50
97
85
33
-41
-111
-158
-159
-123
-54
19
64
77
41
-27
-107
-153
-141
-70
35
117
149
118
39
-58
-124
-133
-72
32
131
182
164
86
-16
-92
-109
-64
21
107
162
158
96
7
-62
-83
-55
3
70
113
115
75
13
-23
-22
-2
24
41
43
35
15
9
26
56
79
70
27
-23
-57
-52
-4
69
137
158
108
4
-99
-146
-117
-24
86
166
175
105
-25
-153
-219
-198
-101
27
127
159
102
-18
-155
-239
-227
-129
6
116
159
115
15
-100
-173
-176
-110
-8
80
125
114
59
-15
-77
-111
-101
-53
11
62
81
63
20
-23
-62
-72
-67
-38
-1
26
40
33
19
-3
-25
-47
-49
-40
-22
1
26
43
45
34
9
-26
-59
-68
-45
2
50
85
94
69
17
-42
-80
-82
-33
33
95
121
98
40
-30
-78
-88
-53
4
61
92
84
44
-10
-47
-56
-37
-6
20
36
31
13
-2
-14
-12
-3
0
-4
-15
-23
-20
-3
20
39
50
37
6
-30
-61
-59
-31
16
64
87
74
27
-32
-80
-89
-59
-4
54
90
90
49
-19
-75
-100
-85
-29
34
77
82
48
-7
-63
-91
-78
-35
16
56
67
43
0
-43
-65
-60
-27
10
35
41
30
4
-14
-26
-23
-5
10
19
16
8
1
2
8
18
23
20
8
-8
-13
-8
8
27
40
42
29
8
-12
-25
-20
0
25
46
48
37
18
-8
-25
-27
-19
3
19
29
27
15
-5
-26
-36
-37
-29
-11
9
16
11
-1
-22
-44
-59
-58
-41
-16
2
8
12
1
-27
-54
-65
-54
-33
-4
21
33
28
6
-24
-49
-55
-41
-14
19
48
56
38
4
-32
-53
-45
-21
18
49
63
55
23
-14
-36
-42
-24
3
38
59
55
33
1
-23
-37
-27
-7
21
42
45
35
10
-12
-27
-32
-18
5
28
37
37
24
6
-8
-20
-16
-4
20
35
39
33
23
5
-11
-18
-12
2
13
23
24
12
-5
-18
-22
-21
-15
-7
2
5
2
-11
-27
-33
-34
-29
-26
-19
-7
-1
-1
-7
-19
-27
-33
-25
-13
0
12
21
17
7
-9
-18
-18
-13
2
18
31
33
22
8
-5
-18
-13
0
19
36
40
33
19
1
-12
-20
-7
9
28
39
37
24
3
-14
-24
-17
-3
15
28
34
22
5
-14
-25
-24
-14
4
20
24
20
6
-9
-19
-21
-12
-2
13
23
20
11
-3
-17
-19
-16
-8
0
6
9
5
-5
-16
-22
-24
-17
-7
-3
1
2
-3
-14
-28
-31
-25
-18
-8
-1
4
2
-3
-13
-21
-20
-14
-5
5
12
15
12
4
-5
-9
-10
-8
1
9
17
23
