-1
0
0
0
2
0
0
0
-1
0
0
-1
-1
-3
-1
2
1
0
0
0
-2
-1
0
1
1
-1
-1
0
0
-1
-1
0
0
1
1
1
-1
1
0
2
1
-2
1
0
0
-1
1
1
0
0
1
-1
0
0
0
0
-2
-2
-2
-3
-1
-1
-1
-2
-2
-3
-2
-2
-1
0
0
1
1
1
2
3
1
1
2
1
2
2
1
2
1
4
3
2
3
3
2
0
1
0
-1
-2
-1
0
-3
-4
-3
-1
-3
-3
-3
-1
-1
-1
-1
1
0
2
3
2
2
3
4
3
1
-2
-2
-3
-4
-6
-8
-8
-10
-10
-12
-13
-11
-11
-10
-9
-7
-4
-3
2
2
5
8
11
12
11
12
13
14
14
14
14
15
16
14
13
11
10
5
4
2
-1
-1
-6
-6
-4
-4
-3
-4
-1
1
2
2
3
5
5
4
5
8
7
7
6
7
6
2
-1
-3
-6
-10
-14
-15
-16
-15
-14
-16
-15
-12
-9
-7
-5
-1
2
4
9
10
13
16
20
24
24
22
21
19
18
17
15
13
11
7
6
4
1
0
-3
-8
-12
-15
-18
-22
-27
-31
-35
-37
-36
-39
-42
-44
-44
-46
-46
-45
-44
-44
-42
-39
-35
-28
-22
-16
-11
-4
3
10
15
19
23
27
30
33
35
36
36
34
30
27
23
18
10
4
1
-1
-3
-1
4
9
17
25
37
52
64
79
93
107
121
135
147
157
167
173
175
172
170
159
146
129
111
90
69
45
19
-7
-35
-61
-89
-117
-143
-169
-192
-216
-237
-253
-265
-275
-281
-282
-282
-279
-273
-262
-249
-234
-218
-200
-179
-154
-131
-110
-90
-66
-44
-28
-11
4
17
27
35
43
53
62
70
76
85
96
108
120
132
149
167
185
207
230
257
283
308
331
355
377
391
399
406
406
396
381
356
326
289
243
193
135
77
14
-51
-116
-180
-241
-298
-350
-391
-426
-455
-472
-480
-479
-473
-461
-440
-415
-385
-349
-317
-277
-236
-196
-156
-119
-80
-48
-18
10
32
51
67
79
86
89
89
83
74
62
44
30
14
-4
-18
-28
-34
-31
-20
-6
15
41
72
106
149
194
238
288
345
404
457
509
557
603
640
664
675
678
667
645
611
566
509
437
356
259
153
42
-83
-211
-339
-469
-594
-711
-817
-912
-985
-1040
-1085
-1098
-1091
-1063
-1012
-945
-854
-755
-645
-519
-398
-268
-138
-19
101
206
297
379
445
497
527
546
550
530
502
451
389
317
237
152
61
-28
-114
-199
-272
-331
-384
-420
-440
-440
-427
-399
-356
-295
-219
-136
-45
59
168
282
398
515
633
752
869
974
1078
1174
1258
1322
1366
1393
1390
1361
1297
1196
1068
900
699
472
218
-45
-319
-598
-859
-1110
-1322
-1504
-1654
-1750
-1808
-1815
-1775
-1702
-1582
-1428
-1247
-1039
-822
-592
-361
-131
94
303
498
674
822
944
1037
1098
1131
1120
1081
1001
890
752
579
386
170
-60
-294
-528
-749
-955
-1140
-1289
-1405
-1476
-1502
-1489
-1427
-1322
-1185
-1016
-824
-617
-403
-185
28
233
426
609
775
928
1061
1180
1281
1363
1432
1490
1544
1588
1622
1652
1678
1695
1705
1701
1675
1611
1514
1360
1158
907
611
286
-63
-425
-804
-1178
-1527
-1829
-2067
-2241
-2355
-2397
-2378
-2288
-2130
-1927
-1678
-1414
-1136
-840
-547
-260
12
269
508
724
907
1071
1217
1353
1449
1508
1532
1504
1443
1337
1196
999
749
471
174
-135
-454
-775
-1079
-1361
-1605
-1791
-1928
-2013
-2058
-2040
-1959
-1829
-1655
-1449
-1222
-971
-703
-419
-130
138
386
609
817
996
1148
1267
1353
1396
1415
1408
1366
1303
1211
1106
983
859
724
585
442
304
175
56
-47
-142
-221
-300
-360
-398
-416
-419
-412
-394
-357
-300
-222
-130
-45
41
132
239
354
472
574
648
704
755
819
885
928
943
935
924
911
890
863
809
739
665
592
499
357
184
8
-150
-295
-438
-597
-765
-941
-1079
-1180
-1247
-1292
-1323
-1332
-1314
-1262
-1199
-1117
-1042
-962
-869
-767
-662
-566
-462
-361
-273
-198
-113
-17
87
183
258
327
386
431
450
465
439
384
314
233
144
26
-93
-228
-352
-470
-559
-630
-702
-750
-769
-762
-741
-691
-623
-534
-429
-312
-181
-61
75
216
372
510
644
769
879
979
1060
1134
1179
1216
1229
1234
1213
1183
1130
1056
968
887
829
760
701
623
564
519
519
547
582
619
667
753
838
932
994
1023
1004
965
900
795
626
370
80
-230
-542
-859
-1170
-1494
-1794
-2043
-2216
-2326
-2398
-2417
-2395
-2308
-2174
-2001
-1824
-1657
-1494
-1300
-1100
-916
-749
-603
-459
-326
-176
-25
122
244
350
440
521
576
588
569
493
402
288
145
-37
-233
-421
-598
-751
-866
-948
-1014
-1032
-986
-884
-752
-596
-428
-238
-26
221
484
727
940
1137
1341
1540
1721
1870
1968
2023
2062
2085
2084
2017
1881
1713
1548
1425
1329
1236
1133
1039
1029
1112
1236
1368
1474
1575
1719
1906
2044
2031
1810
1444
1051
712
372
-83
-705
-1434
-2116
-2627
-2936
-3162
-3394
-3606
-3708
-3610
-3319
-2939
-2582
-2298
-2060
-1771
-1395
-990
-655
-422
-250
-113
70
302
584
839
1021
1170
1337
1556
1774
1959
2036
1990
1854
1698
1540
1328
1009
568
73
-408
-831
-1190
-1523
-1884
-2244
-2504
-2627
-2632
-2558
-2460
-2362
-2212
-1957
-1622
-1245
-893
-606
-369
-115
169
457
713
878
965
1032
1118
1212
1288
1336
1334
1314
1309
1315
1302
1253
1170
1056
925
793
643
470
296
124
-35
-178
-307
-447
-565
-631
-659
-665
-662
-661
-670
-656
-615
-553
-482
-398
-308
-199
-49
130
318
518
723
901
1071
1222
1342
1431
1492
1511
1503
1487
1464
1446
1449
1472
1494
1528
1577
1622
1665
1705
1699
1636
1508
1301
1022
679
298
-128
-578
-1049
-1517
-1956
-2335
-2658
-2919
-3092
-3185
-3199
-3119
-2954
-2735
-2456
-2136
-1801
-1447
-1083
-732
-395
-65
256
553
828
1085
1286
1426
1524
1578
1582
1533
1425
1272
1092
875
627
350
60
-253
-576
-868
-1143
-1395
-1624
-1836
-2019
-2151
-2229
-2261
-2242
-2177
-2085
-1940
-1722
-1441
-1144
-819
-486
-149
198
536
856
1129
1352
1525
1661
1760
1814
1799
1745
1664
1543
1391
1242
1088
935
814
711
626
564
520
520
603
747
897
1065
1278
1514
1788
2076
2343
2497
2484
2311
2054
1744
1341
810
173
-545
-1331
-2074
-2679
-3128
-3513
-3834
-4039
-4028
-3823
-3495
-3074
-2604
-2146
-1740
-1306
-801
-309
71
361
622
886
1128
1380
1661
1949
2172
2359
2585
2837
3029
3131
3168
3141
2987
2699
2359
1993
1524
928
281
-354
-994
-1632
-2199
-2687
-3104
-3483
-3732
-3805
-3756
-3661
-3508
-3243
-2883
-2489
-2050
-1583
-1132
-756
-427
-86
258
534
732
898
1052
1196
1312
1434
1536
1580
1579
1554
1531
1475
1341
1146
903
619
295
-18
-325
-644
-974
-1280
-1534
-1723
-1861
-1929
-1943
-1927
-1865
-1753
-1581
-1383
-1164
-927
-658
-394
-138
135
463
817
1168
1463
1717
1918
2097
2290
2493
2657
2716
2714
2736
2782
2825
2850
2912
3024
3101
3118
3089
3103
3137
3178
3116
2845
2303
1605
1024
633
227
-471
-1451
-2401
-3058
-3398
-3561
-3765
-4060
-4378
-4413
-4011
-3354
-2815
-2509
-2222
-1774
-1180
-558
18
507
848
1085
1372
1771
2171
2429
2592
2708
2753
2713
2689
2722
2666
2354
1870
1411
1031
613
103
-469
-1077
-1713
-2301
-2741
-3082
-3443
-3850
-4135
-4250
-4241
-4205
-4109
-3933
-3720
-3490
-3199
-2822
-2431
-2122
-1853
-1559
-1209
-869
-570
-307
-75
151
378
649
911
1106
1196
1260
1350
1437
1446
1357
1217
1069
910
729
528
336
157
-3
-128
-243
-338
-400
-413
-385
-357
-361
-360
-340
-293
-249
-203
-136
-42
106
287
477
687
953
1326
1712
2026
2272
2551
2913
3242
3480
3674
3910
4149
4306
4398
4421
4394
4314
4226
4079
3606
2790
1944
1393
971
235
-938
-2184
-3095
-3606
-3908
-4140
-4473
-4893
-5115
-4779
-3970
-3276
-2986
-2825
-2359
-1642
-997
-517
-98
244
450
685
1114
1631
1982
2191
2468
2809
3041
3169
3388
3616
3537
3086
2588
2216
1816
1166
354
-487
-1335
-2198
-2897
-3376
-3846
-4405
-4872
-4997
-4884
-4739
-4566
-4257
-3818
-3383
-2935
-2372
-1804
-1413
-1157
-847
-471
-239
-227
-269
-230
-180
-181
-149
-121
-147
-220
-145
92
311
310
212
178
224
204
85
-88
-319
-582
-795
-855
-866
-904
-956
-847
-591
-269
49
386
761
1103
1394
1679
1948
2146
2247
2294
2341
2355
2389
2437
2509
2553
2570
2592
2653
2745
2820
2799
2673
2487
2398
2427
2443
2358
2267
2330
2533
2785
3014
3207
3290
3306
3297
3312
3086
2424
1542
822
273
-470
-1536
-2682
-3554
-4146
-4530
-4719
-4774
-4869
-4913
-4564
-3731
-2867
-2399
-2156
-1736
-1076
-522
-158
146
391
469
486
706
1076
1298
1293
1330
1525
1683
1694
1711
1780
1683
1303
870
577
266
-259
-942
-1594
-2213
-2851
-3412
-3804
-4134
-4545
-4856
-4866
-4617
-4322
-4014
-3610
-3087
-2558
-2006
-1374
-761
-345
-145
46
271
432
461
432
362
242
104
81
173
215
124
17
-16
-6
-45
-153
-317
-578
-913
-1204
-1394
-1536
-1703
-1819
-1806
-1635
-1358
-965
-470
82
637
1230
1873
2453
2880
3175
3421
3607
3682
3636
3562
3445
3270
3098
3005
2951
2822
2631
2512
2484
2449
2324
2169
2099
2031
1951
1946
2082
2255
2364
2446
2665
2972
3216
3273
3205
2965
2479
1838
1223
653
-123
-1209
-2384
-3298
-3894
-4291
-4594
-4772
-4877
-4826
-4449
-3660
-2726
-2032
-1629
-1239
-646
-12
483
777
887
850
783
887
1178
1402
1401
1294
1271
1379
1472
1507
1419
1113
574
-42
-574
-1094
-1783
-2673
-3572
-4360
-4978
-5416
-5653
-5760
-5815
-5718
-5304
-4576
-3720
-2887
-2073
-1227
-394
397
1116
1674
1952
1952
1848
1751
1591
1286
871
457
111
-146
-280
-306
-315
-371
-403
-331
-224
-228
-386
-624
-870
-1121
-1362
-1575
-1745
-1863
-1839
-1588
-1132
-556
67
770
1555
2345
3077
3688
4131
4383
4466
4437
4315
4068
3715
3342
3011
2729
2510
2361
2263
2176
2099
2084
2120
2124
2058
1953
1868
1831
1860
1996
2193
2353
2461
2602
2889
3210
3353
3181
2683
1955
1116
293
-551
-1588
-2898
-4302
-5432
-6051
-6277
-6306
-6242
-6033
-5535
-4656
-3430
-2096
-998
-241
349
997
1707
2248
2482
2431
2215
2045
2038
2173
2293
2212
2007
1849
1839
1895
1792
1429
802
-20
-895
-1747
-2602
-3554
-4651
-5720
-6548
-7034
-7173
-7086
-6837
-6414
-5754
-4771
-3537
-2216
-982
60
970
1782
2484
3004
3186
3004
2557
1982
1402
823
189
-501
-1179
-1725
-2044
-2139
-2083
-2000
-1902
-1758
-1529
-1257
-1035
-913
-895
-960
-1025
-1016
-940
-842
-725
-517
-132
417
1048
1715
2371
2961
3466
3867
4160
4293
4208
3924
3544
3132
2705
2301
1945
1661
1455
1351
1386
1516
1672
1849
2069
2305
2492
2613
2712
2808
2938
3146
3392
3615
3723
3769
3907
4112
4205
3955
3233
2132
835
-430
-1585
-2815
-4315
-5976
-7384
-8180
-8347
-8104
-7671
-7112
-6327
-5152
-3512
-1665
-74
978
1635
2224
2855
3354
3483
3203
2660
2111
1780
1708
1695
1519
1170
825
680
676
595
248
-447
-1374
-2335
-3216
-4006
-4801
-5662
-6450
-6933
-6925
-6424
-5599
-4617
-3518
-2242
-764
816
2291
3446
4193
4584
4740
4727
4433
3697
2536
1148
-158
-1168
-1927
-2600
-3249
-3764
-3952
-3709
-3137
-2481
-1949
-1549
-1127
-580
-19
381
506
392
263
301
496
704
789
808
950
1309
1806
2261
2530
2632
2658
2677
2733
2736
2562
2221
1858
1619
1518
1506
1533
1535
1515
1567
1785
2124
2433
2631
2753
2858
3004
3202
3372
3473
3542
3685
3942
4192
4318
4334
4289
4153
3882
3364
2381
739
-1326
-3159
-4449
-5608
-7066
-8585
-9594
-9799
-9308
-8219
-6653
-5029
-3612
-2083
-6
2321
4025
4693
4749
4727
4630
4281
3714
2938
1902
799
94
0
124
-9
-421
-818
-1071
-1286
-1633
-2242
-3224
-4516
-5803
-6762
-7339
-7742
-8063
-8118
-7688
-6682
-5145
-3286
-1421
245
1744
3230
4677
5746
6158
5938
5337
4588
3764
2808
1649
169
-1563
-3060
-3847
-4016
-4083
-4341
-4589
-4450
-3816
-2831
-1766
-928
-452
-124
388
1172
1889
2114
1862
1517
1398
1575
1819
1826
1536
1182
1135
1459
1853
2009
1917
1717
1616
1761
2083
2299
2192
1899
1764
1923
2197
2364
2324
2121
1911
1935
2230
2544
2604
2462
2440
2685
3019
3242
3381
3541
3724
3866
3913
3847
3595
3115
2544
1956
1104
-469
-2765
-5021
-6433
-7138
-7888
-8959
-9823
-9850
-8978
-7389
-5278
-3070
-1351
-87
1483
3669
5664
6394
5898
5072
4460
3946
3324
2596
1651
515
-368
-432
185
618
324
-454
-1189
-1720
-2292
-3171
-4499
-6200
-7874
-8939
-9113
-8633
-7913
-7040
-5697
-3677
-1059
1748
4207
5898
6739
7096
7313
7257
6418
4652
2448
478
-913
-1770
-2279
-2802
-3680
-4699
-5111
-4493
-3453
-2914
-3105
-3464
-3414
-2862
-1967
-1035
-438
-255
13
864
2121
3059
3149
2567
1837
1399
1318
1214
676
-225
-860
-746
1
848
1454
1824
2113
2552
3198
3815
3947
3484
2822
2425
2383
2417
2271
1916
1681
1998
2945
4093
4906
5365
5755
6229
6611
6728
6505
5839
4748
3456
2349
1496
702
-194
-1098
-1886
-2812
-4197
-5939
-7364
-8002
-8124
-8305
-8623
-8517
-7626
-6020
-3910
-1431
1067
3089
4630
6166
7832
8877
8596
7221
5564
4053
2525
888
-748
-2259
-3581
-4433
-4498
-4013
-3623
-3770
-4173
-4412
-4468
-4649
-5157
-5874
-6610
-7074
-6975
-6167
-4884
-3511
-2124
-528
1387
3310
4830
5645
5681
5066
4073
2966
1726
243
-1421
-2883
-3799
-4099
-3963
-3687
-3497
-3407
-3146
-2511
-1676
-1079
-966
-1199
-1439
-1473
-1278
-1011
-904
-1014
-1109
-902
-402
94
270
125
-85
-87
181
501
646
614
695
1090
1720
2339
2725
2854
2827
2867
3043
3206
3124
2761
2383
2232
2383
2696
2999
3198
3392
3806
4526
5396
6079
6429
6481
6346
6091
5675
5091
4294
3282
2087
950
179
-124
-228
-579
-1421
-2829
-4708
-6724
-8287
-8992
-9069
-9051
-8998
-8299
-6468
-3661
-440
2680
5331
7270
8570
9528
10130
9814
8169
5534
2770
503
-1237
-2678
-3978
-5054
-5684
-5612
-4834
-3772
-3028
-2945
-3260
-3468
-3362
-3234
-3423
-3885
-4309
-4357
-3826
-2778
-1599
-759
-337
49
659
1270
1479
1082
198
-828
-1553
-1751
-1644
-1582
-1604
-1421
-918
-254
286
448
96
-570
-1057
-1156
-1192
-1572
-2161
-2565
-2615
-2385
-1969
-1493
-1243
-1222
-1010
-375
307
550
456
439
612
842
1045
1161
1020
636
368
473
754
849
767
863
1371
2168
2975
3672
4317
4887
5299
5560
5754
5765
5375
4755
4409
4573
4952
5210
5389
5648
5860
5856
5768
5824
5759
4948
3389
2031
1631
1652
938
-904
-3567
-6851
-10165
-11965
-11354
-9824
-9487
-9878
-8640
-5057
-759
2976
6082
8037
8124
7458
7970
9081
8083
4319
336
-1755
-2511
-3161
-3806
-4370
-5256
-6075
-5446
-3164
-1141
-1113
-2377
-2895
-1975
-765
-432
-958
-1876
-2937
-3705
-3538
-2648
-2447
-3727
-5284
-5429
-4228
-3146
-2852
-2792
-2560
-2256
-1624
-251
1273
1742
1136
748
1212
1688
1321
377
-530
-1292
-1908
-2122
-2073
-2377
-3128
-3620
-3280
-2395
-1564
-1033
-680
-166
828
2122
2967
2795
1878
893
170
-434
-1170
-2172
-3240
-3760
-3284
-2026
-644
474
1409
2436
3723
5075
5905
5808
5181
4770
4632
4281
3538
2691
2046
1723
2033
3076
4289
5031
5425
6047
6964
7515
7318
6831
6526
6043
4759
3120
2417
2995
3487
2664
356
-3415
-8497
-13028
-14121
-11769
-9599
-9892
-10298
-7629
-2257
3255
7575
10128
9974
7598
5950
6680
7403
4993
161
-3664
-4592
-3521
-2111
-1486
-2307
-4003
-4682
-2936
6
1428
245
-1728
-2044
-268
1914
2793
1932
-94
-2329
-3699
-3787
-3761
-5294
-8227
-10214
-9545
-7029
-4568
-2952
-1949
-1237
-318
1417
3353
3865
2445
570
-379
-708
-1033
-1387
-1943
-3091
-4088
-3643
-2196
-1653
-2473
-3028
-2245
-842
370
1427
2365
2963
3402
3966
4038
2865
739
-1431
-3194
-4367
-4791
-4726
-4758
-4607
-3314
-822
1618
3053
3679
4101
4652
5324
5789
5432
4237
3037
2535
2585
2814
3074
3203
3042
3091
4055
5759
7196
7795
7818
7694
7658
7808
7950
7288
5442
3313
2434
3113
4084
3619
636
-5070
-11766
-15937
-15107
-11106
-8360
-8380
-8260
-5060
413
5707
9356
10538
8507
4758
2883
4308
5759
3685
-1005
-4373
-4408
-2430
-800
-950
-2843
-4959
-5106
-2617
718
2304
1595
456
957
2995
4668
4303
1800
-1804
-5073
-6858
-7193
-7610
-9400
-11560
-11715
-9134
-5561
-2871
-1391
-586
-47
715
1897
2667
1893
-145
-1956
-2628
-2364
-1804
-1701
-2735
-4310
-4767
-3584
-2348
-2362
-2777
-2252
-865
623
2083
3397
3956
3565
2982
2632
2076
704
-1442
-3751
-5207
-5156
-4205
-3647
-3639
-2987
-1140
1024
2531
3334
3714
3881
4159
4727
5054
4694
3930
3309
2995
2962
3147
3191
2855
2783
3821
5715
7343
8164
8579
8990
9338
9463
9164
7956
5830
3774
2968
3292
3380
2024
-1263
-6376
-11853
-14917
-13797
-10330
-8056
-7770
-6948
-3671
1052
5363
8236
8881
6801
3636
2388
3688
4623
2687
-1064
-3615
-3501
-1699
-268
-704
-2758
-4409
-3627
-521
2757
4148
3608
2796
3184
4508
5171
3811
490
-3515
-6622
-7979
-8137
-8493
-9583
-10263
-9167
-6536
-3828
-2036
-1158
-855
-689
-234
274
-19
-1218
-2247
-2471
-2465
-2690
-2829
-3068
-4074
-5276
-5088
-3471
-2141
-1721
-1008
545
1935
2571
2971
3247
2795
1700
830
500
227
-440
-1557
-2847
-3587
-3184
-2100
-1418
-1377
-1192
-352
897
2127
3043
3343
3000
2588
2661
3116
3481
3504
3249
2897
2735
3010
3712
4684
5871
7223
8654
10106
11404
12259
12461
11737
9664
6532
4025
3534
3863
2370
-1919
-7762
-13199
-15934
-14090
-9038
-5243
-4878
-5053
-2591
1553
4931
6827
6826
4221
879
526
3191
4473
1838
-2215
-4402
-4428
-3601
-2808
-2602
-2983
-2701
-327
3724
7307
8526
7250
5048
3569
2805
1454
-1012
-3835
-6280
-7957
-8228
-7055
-5985
-6314
-7018
-6304
-4415
-2809
-1806
-988
-702
-1338
-2080
-2000
-1538
-1731
-2735
-3944
-4841
-5265
-5276
-5093
-4758
-4097
-3205
-2402
-1605
-419
930
1710
1782
1689
1650
1347
758
288
13
-434
-1228
-2131
-2773
-2842
-2249
-1383
-783
-521
-208
424
1300
2138
2515
2128
1338
1052
1648
2564
3068
2956
2381
1697
1519
2273
3623
4858
5845
7111
8928
10798
12071
12420
11550
9259
6441
4970
5435
5822
3827
-642
-6114
-10966
-13153
-11022
-6338
-3559
-4180
-4893
-2918
402
2927
4514
4881
3044
454
508
3392
5192
3426
-9
-2287
-2914
-2780
-2556
-2674
-3071
-2804
-862
2526
5726
6979
5887
3812
2343
1477
217
-1534
-3048
-4109
-4799
-4676
-3826
-3675
-4890
-5928
-5348
-3898
-2904
-2333
-1689
-1225
-1085
-881
-719
-1314
-2724
-4086
-4787
-4741
-4054
-3169
-2648
-2418
-1957
-1376
-1277
-1605
-1664
-1200
-536
182
915
1277
977
279
-451
-1180
-1910
-2440
-2647
-2522
-1960
-949
112
732
893
864
827
906
1170
1434
1475
1526
1982
2645
2873
2417
1700
1226
1258
1909
2973
3930
4594
5448
6803
8074
8310
7159
5165
3606
3805
5837
7720
6851
2497
-3478
-8192
-9546
-7299
-3364
-544
-47
-572
-205
1415
3100
3501
2200
177
-655
849
3633
5387
4820
2496
-31
-1408
-1394
-927
-1024
-1457
-1107
570
2881
4475
4303
2294
-414
-2288
-2749
-2456
-2208
-2237
-2418
-2585
-2711
-3019
-3820
-5006
-5928
-5951
-5101
-3918
-2829
-1863
-965
-301
-205
-835
-1976
-3109
-3568
-2977
-1646
-375
273
279
-99
-594
-1087
-1631
-2229
-2531
-2087
-954
229
837
665
-115
-1070
-1716
-1983
-2212
-2571
-2841
-2800
-2488
-2041
-1609
-1383
-1384
-1294
-819
-6
940
1954
2928
3555
3585
3090
2523
2464
3190
4408
5422
5709
5413
5127
5218
5372
4827
3116
776
-709
-104
2243
4214
3551
-229
-5344
-8962
-9023
-5715
-1439
1096
1212
396
333
1259
2238
2243
1139
-27
268
2529
5472
7094
6317
3815
1298
194
502
1250
1726
2144
2971
4244
5388
5470
3792
740
-2142
-3523
-3376
-2632
-2150
-2250
-2759
-3252
-3554
-3901
-4641
-5563
-6069
-5525
-3902
-1812
-316
-41
-744
-1733
-2505
-2851
-2785
-2447
-1871
-1041
-51
657
691
-14
-1076
-1920
-2016
-1203
104
1297
2059
2342
2113
1378
325
-704
-1292
-1175
-464
323
534
-107
-1311
-2424
-2946
-2810
-2358
-1892
-1372
-569
517
1467
1725
1065
9
-518
128
1779
3575
4577
4557
4140
4054
4484
4789
4296
2942
1622
1423
2585
3901
3510
505
-4290
-8730
-10679
-9340
-6050
-3139
-2005
-2335
-2825
-2630
-1699
-726
-174
2
656
2216
4244
5598
5439
3802
1714
534
757
1931
3208
4263
5070
5734
6153
6014
4960
3037
1143
95
112
582
902
636
-151
-1234
-2366
-3468
-4496
-5168
-5140
-4205
-2675
-1166
-442
-751
-1739
-2766
-3297
-3136
-2321
-1141
134
1084
1351
668
-715
-2187
-2970
-2645
-1357
230
1397
1895
1930
1765
1498
1043
404
-257
-487
-79
755
1289
990
-252
-1875
-3111
-3384
-2783
-1822
-962
-253
438
1152
1674
1760
1350
882
925
1729
2853
3695
3774
3248
2542
2152
1973
1662
926
157
-125
350
951
722
-1114
-4084
-6840
-7858
-6731
-4331
-2349
-1870
-2706
-3705
-3851
-2999
-1801
-982
-742
-671
-117
1013
2119
2373
1604
334
-459
-201
1073
2638
3829
4279
4257
4040
3791
3284
2389
1223
340
112
594
1370
1842
1444
131
-1668
-3156
-3756
-3262
-2043
-627
296
514
53
-632
-1202
-1326
-1036
-391
402
1210
1834
2053
1667
672
-567
-1479
-1542
-724
549
1615
1961
1563
854
387
358
653
927
1043
1018
999
976
792
289
-524
-1348
-1797
-1585
-824
65
594
581
233
-77
-15
455
1131
1639
1806
1694
1519
1464
1541
1620
1481
1137
692
429
393
530
509
15
-1082
-2526
-3786
-4416
-4252
-3621
-3013
-2860
-3109
-3506
-3674
-3427
-2779
-1973
-1271
-753
-311
160
641
1012
1140
1021
837
786
1032
1464
1906
2091
2012
1653
1108
423
-273
-860
-1188
-1225
-1081
-966
-1158
-1787
-2714
-3502
-3738
-3305
-2418
-1509
-941
-881
-1122
-1319
-1130
-476
463
1376
2061
2488
2729
2877
2963
2974
2925
2953
3184
3597
4008
4200
4016
3515
2950
2612
2647
2935
3164
3033
2480
1691
906
244
-235
-553
-724
-787
-811
-901
-1095
-1380
-1645
-1716
-1462
-940
-341
121
352
402
449
580
782
998
1184
1330
1446
1489
1397
1152
829
527
287
68
-241
-717
-1309
-1859
-2225
-2368
-2394
-2491
-2755
-3157
-3554
-3801
-3831
-3709
-3565
-3471
-3435
-3403
-3316
-3151
-2930
-2660
-2359
-2037
-1696
-1354
-1039
-761
-477
-169
142
403
562
623
667
766
927
1090
1159
1086
914
722
524
308
88
-101
-246
-357
-480
-688
-1013
-1402
-1719
-1834
-1704
-1426
-1142
-915
-720
-469
-102
375
844
1228
1558
1949
2512
3189
3780
4082
4083
3981
3988
4206
4549
4831
4887
4719
4475
4287
4224
4199
4104
3926
3751
3650
3617
3599
3486
3209
2768
2258
1795
1408
1061
711
364
58
-221
-553
-998
-1567
-2211
-2787
-3138
-3264
-3321
-3472
-3758
-4112
-4461
-4799
-5139
-5398
-5473
-5342
-5061
-4736
-4508
-4424
-4419
-4382
-4216
-3882
-3377
-2766
-2166
-1677
-1338
-1076
-800
-514
-260
-39
191
473
810
1154
1413
1497
1362
1046
693
414
250
189
169
106
-77
-403
-822
-1240
-1587
-1830
-1949
-1915
-1685
-1299
-903
-670
-664
-772
-769
-496
34
685
1295
1761
2080
2314
2503
2681
2843
3011
3258
3656
4200
4750
5113
5147
4872
4492
4248
4265
4497
4751
4845
4738
4508
4244
3968
3630
3194
2691
2228
1922
1774
1669
1416
928
288
-317
-773
-1141
-1528
-1964
-2374
-2674
-2856
-2981
-3163
-3457
-3828
-4185
-4398
-4400
-4218
-3970
-3792
-3771
-3887
-4020
-4003
-3760
-3329
-2821
-2328
-1867
-1396
-927
-543
-336
-330
-442
-535
-499
-345
-166
-86
-207
-528
-976
-1461
-1919
-2307
-2615
-2808
-2834
-2693
-2419
-2117
-1895
-1823
-1848
-1822
-1651
-1340
-1003
-739
-567
-401
-167
149
513
883
1252
1661
2132
2611
3011
3265
3368
3414
3527
3751
4064
4380
4626
4771
4839
4850
4814
4743
4644
4533
4424
4326
4230
4088
3843
3507
3179
2971
2897
2846
2669
2286
1735
1124
562
83
-362
-854
-1403
-1926
-2317
-2549
-2700
-2919
-3264
-3679
-4087
-4431
-4685
-4819
-4781
-4563
-4228
-3863
-3520
-3200
-2901
-2646
-2468
-2347
-2208
-1988
-1684
-1372
-1092
-847
-656
-554
-561
-645
-801
-995
-1184
-1307
-1334
-1291
-1173
-950
-662
-429
-355
-428
-591
-810
-1038
-1215
-1325
-1374
-1328
-1146
-889
-724
-730
-758
-655
-456
-268
-72
242
686
1155
1547
1867
2128
2338
2548
2824
3210
3653
4061
4377
4582
4707
4794
4786
4625
4380
4214
4230
4375
4535
4645
4632
4387
3891
3318
2866
2503
2038
1438
861
391
-40
-484
-870
-1195
-1618
-2198
-2754
-3102
-3338
-3645
-3966
-4073
-3957
-3831
-3752
-3614
-3414
-3296
-3263
-3135
-2874
-2625
-2421
-2106
-1644
-1251
-1063
-986
-901
-863
-956
-1095
-1184
-1243
-1330
-1435
-1519
-1572
-1571
-1477
-1400
-1457
-1613
-1697
-1626
-1538
-1571
-1672
-1706
-1626
-1479
-1317
-1158
-990
-776
-409
119
647
1081
1471
1911
2300
2480
2519
2626
2885
3159
3366
3575
3826
4007
4042
3986
3869
3646
3322
3047
2956
2960
2893
2744
2637
2643
2642
2488
2199
1942
1804
1659
1340
920
618
469
271
-93
-497
-811
-1057
-1308
-1565
-1813
-2077
-2324
-2468
-2538
-2680
-2887
-3023
-3059
-3094
-3132
-3010
-2734
-2557
-2572
-2531
-2275
-2045
-2063
-2150
-2034
-1832
-1831
-1948
-1857
-1575
-1453
-1576
-1620
-1399
-1177
-1235
-1439
-1469
-1257
-1026
-905
-786
-543
-234
-26
35
26
56
141
221
292
443
718
1039
1297
1465
1599
1746
1879
1975
2045
2114
2223
2386
2563
2727
2880
3027
3144
3214
3267
3304
3291
3232
3223
3310
3374
3297
3170
3177
3265
3208
2915
2577
2350
2134
1805
1433
1148
903
578
177
-225
-631
-1111
-1612
-1985
-2230
-2490
-2805
-3049
-3145
-3208
-3397
-3673
-3872
-3915
-3874
-3793
-3664
-3485
-3288
-3138
-3081
-3111
-3173
-3218
-3206
-3128
-2990
-2829
-2710
-2632
-2513
-2295
-2073
-1937
-1849
-1684
-1408
-1107
-865
-712
-623
-548
-420
-281
-216
-230
-209
-74
83
188
327
594
932
1204
1404
1625
1889
2120
2281
2433
2620
2791
2908
3032
3225
3450
3571
3603
3616
3695
3804
3835
3767
3669
3685
3835
4039
4163
4138
4007
3851
3698
3497
3228
2973
2804
2679
2473
2129
1682
1170
595
-42
-650
-1166
-1578
-1934
-2241
-2492
-2706
-2970
-3330
-3691
-3943
-4044
-4050
-4006
-3906
-3754
-3611
-3568
-3584
-3567
-3494
-3422
-3384
-3279
-3042
-2757
-2614
-2606
-2593
-2485
-2356
-2300
-2255
-2104
-1843
-1616
-1491
-1437
-1376
-1304
-1270
-1271
-1240
-1132
-1025
-984
-1002
-989
-844
-625
-379
-109
208
558
922
1262
1531
1716
1823
1951
2149
2409
2705
3025
3338
3598
3781
3899
3993
4042
4025
3992
4021
4128
4258
4349
4307
4111
3823
3544
3348
3200
3036
2808
2576
2351
2125
1859
1499
1057
595
238
-22
-223
-481
-821
-1134
-1332
-1437
-1586
-1807
-2030
-2112
-2041
-1961
-1991
-2149
-2314
-2426
-2480
-2553
-2663
-2755
-2792
-2754
-2720
-2746
-2859
-2974
-3039
-3032
-2976
-2896
-2746
-2565
-2396
-2312
-2306
-2333
-2373
-2408
-2433
-2393
-2281
-2124
-1981
-1875
-1755
-1607
-1406
-1173
-907
-597
-256
102
436
725
973
1185
1353
1506
1673
1918
2239
2560
2797
2957
3123
3335
3539
3626
3583
3490
3470
3528
3559
3508
3351
3175
3033
2937
2848
2713
2520
2255
1985
1725
1515
1307
1066
800
538
349
184
-29
-362
-749
-1053
-1198
-1251
-1327
-1421
-1464
-1400
-1324
-1337
-1476
-1663
-1774
-1800
-1763
-1714
-1668
-1605
-1522
-1442
-1434
-1506
-1636
-1730
-1750
-1720
-1674
-1607
-1488
-1363
-1266
-1250
-1271
-1305
-1349
-1418
-1495
-1528
-1528
-1521
-1514
-1484
-1412
-1295
-1154
-998
-805
-593
-371
-149
68
290
513
739
958
1176
1385
1590
1793
1967
2066
2136
2263
2442
2637
2753
2787
2802
2837
2835
2748
2624
2498
2406
2344
2288
2214
2105
1953
1728
1482
1240
1021
834
647
436
198
-34
-270
-545
-880
-1234
-1509
-1665
-1745
-1813
-1855
-1868
-1855
-1881
-1976
-2101
-2206
-2268
-2302
-2309
-2268
-2178
-2059
-1932
-1814
-1724
-1642
-1548
-1426
-1302
-1185
-1091
-989
-865
-762
-710
-704
-697
-701
-701
-699
-690
-668
-627
-575
-498
-401
-320
-250
-188
-104
-8
102
219
334
466
593
714
826
936
1030
1133
1270
1437
1624
1803
1980
2170
2384
2576
2728
2857
2974
3067
3115
3121
3086
3033
2959
2855
2751
2662
2571
2455
2327
2178
2003
1807
1579
1352
1142
918
697
486
253
-30
-369
-766
-1180
-1568
-1943
-2277
-2531
-2709
-2847
-2953
-3044
-3136
-3223
-3317
-3382
-3385
-3317
-3223
-3106
-2953
-2796
-2653
-2551
-2475
-2393
-2290
-2186
-2067
-1922
-1763
-1624
-1521
-1439
-1353
-1267
-1194
-1118
-1001
-851
-712
-605
-505
-408
-324
-270
-218
-138
-34
88
225
387
560
736
904
1089
1300
1502
1693
1863
2042
2206
2323
2390
2447
2520
2569
2602
2640
2694
2734
2751
2737
2733
2736
2711
2672
2641
2636
2609
2546
2462
2374
2263
2094
1889
1680
1483
1255
1000
753
545
346
126
-81
-252
-409
-579
-758
-918
-1055
-1215
-1409
-1590
-1737
-1875
-2039
-2193
-2316
-2398
-2462
-2518
-2523
-2501
-2478
-2454
-2413
-2357
-2304
-2260
-2209
-2120
-2015
-1928
-1853
-1769
-1708
-1674
-1665
-1655
-1617
-1559
-1495
-1400
-1254
-1102
-964
-837
-707
-580
-462
-354
-231
-71
84
231
379
527
658
771
877
980
1091
1194
1299
1407
1525
1631
1733
1831
1927
2030
2121
2206
2275
2338
2371
2377
2355
2310
2250
2177
2120
2067
2028
1988
1953
1914
1845
1756
1640
1503
1348
1187
1018
841
652
441
218
-26
-274
-519
-749
-948
-1122
-1272
-1396
-1504
-1618
-1724
-1822
-1909
-1972
-2017
-2025
-2003
-1957
-1903
-1848
-1790
-1727
-1666
-1603
-1528
-1441
-1333
-1224
-1104
-988
-889
-802
-727
-663
-606
-554
-511
-472
-433
-400
-370
-334
-289
-239
-188
-134
-80
-25
19
57
100
153
221
315
424
543
658
759
841
913
967
1006
1051
1101
1169
1247
1340
1427
1506
1562
1590
1604
1598
1591
1571
1554
1536
1510
1460
1374
1262
1107
936
757
584
437
299
175
53
-76
-221
-380
-546
-716
-873
-1007
-1108
-1194
-1246
-1283
-1324
-1362
-1405
-1438
-1478
-1503
-1505
-1490
-1454
-1405
-1345
-1290
-1235
-1196
-1164
-1139
-1107
-1072
-1038
-994
-943
-878
-810
-724
-629
-542
-452
-365
-291
-230
-178
-120
-46
51
167
299
437
564
676
748
799
840
872
905
952
1016
1091
1160
1221
1265
1288
1298
1302
1300
1315
1336
1376
1418
1442
1451
1431
1387
1333
1269
1207
1156
1135
1119
1095
1053
992
913
801
688
567
461
382
316
257
200
140
52
-51
-173
-305
-447
-575
-687
-794
-878
-955
-1030
-1124
-1220
-1329
-1454
-1565
-1675
-1755
-1824
-1867
-1889
-1909
-1907
-1910
-1906
-1911
-1894
-1876
-1846
-1794
-1729
-1632
-1533
-1406
-1275
-1150
-1021
-900
-780
-668
-550
-424
-298
-160
-30
102
218
316
405
481
552
618
700
784
875
959
1048
1135
1186
1231
1250
1257
1266
1289
1320
1353
1399
1435
1462
1467
1457
1418
1360
1320
1275
1244
1229
1227
1229
1227
1226
1204
1173
1127
1079
1019
970
936
896
866
836
806
757
715
658
568
483
398
316
220
132
54
-36
-126
-204
-302
-406
-483
-564
-649
-730
-795
-862
-930
-986
-1042
-1090
-1128
-1150
-1181
-1199
-1202
-1209
-1214
-1223
-1225
-1238
-1250
-1252
-1254
-1259
-1249
-1230
-1212
-1190
-1168
-1149
-1134
-1115
-1097
-1072
-1048
-1014
-960
-905
-847
-782
-721
-657
-593
-536
-474
-402
-336
-264
-186
-109
-41
24
80
132
182
227
279
323
377
433
470
519
559
592
629
653
684
709
738
784
832
865
909
945
955
979
984
987
985
988
999
1004
1018
1034
1041
1025
1020
1000
966
934
896
874
852
833
817
806
779
752
717
667
612
550
498
443
393
349
315
274
225
182
129
69
16
-28
-84
-135
-172
-214
-246
-273
-304
-342
-375
-397
-420
-451
-473
-494
-525
-549
-580
-623
-652
-677
-703
-730
-751
-765
-775
-801
-820
-848
-878
-899
-917
-916
-909
-886
-851
-817
-790
-758
-733
-716
-677
-651
-610
-550
-492
-430
-368
-310
-264
-227
-198
-175
-158
-134
-103
-92
-67
-42
-25
-7
-1
7
16
15
26
40
46
65
88
104
134
161
195
229
268
316
360
407
458
503
541
589
631
671
708
743
787
823
850
874
893
888
891
876
853
822
786
754
713
673
631
586
529
468
412
341
274
218
161
110
64
29
-4
-38
-72
-102
-131
-158
-178
-199
-205
-205
-200
-192
-186
-189
-191
-198
-204
-211
-221
-224
-211
-204
-197
-181
-182
-182
-189
-202
-215
-225
-228
-228
-222
-218
-212
-209
-222
-223
-242
-264
-277
-301
-310
-324
-337
-350
-362
-386
-405
-422
-456
-475
-492
-501
-502
-502
-502
-494
-482
-476
-459
-445
-420
-394
-365
-327
-285
-236
-192
-148
-116
-75
-39
-12
22
47
71
104
134
163
185
209
226
236
245
247
253
252
262
275
281
300
314
328
339
346
349
345
343
337
336
330
337
338
340
338
328
322
315
304
285
269
251
242
244
240
233
231
235
238
239
231
222
221
219
220
215
212
212
203
193
184
166
150
134
113
94
70
44
21
-7
-34
-60
-87
-108
-130
-153
-174
-196
-208
-217
-228
-230
-233
-235
-233
-229
-226
-219
-208
-201
-188
-176
-164
-157
-156
-159
-159
-163
-168
-168
-177
-182
-182
-188
-197
-211
-218
-227
-236
-244
-252
-254
-255
-246
-243
-235
-227
-219
-199
-189
-171
-157
-140
-115
-93
-68
-50
-26
-4
14
34
45
64
73
80
89
96
102
105
111
106
107
101
100
101
99
99
94
87
85
87
85
81
86
83
85
90
88
91
87
91
100
105
101
106
109
115
123
124
134
146
159
174
193
204
217
233
246
260
269
282
302
312
320
331
336
332
325
318
311
303
290
277
265
248
231
217
196
178
151
126
104
76
44
16
-4
-35
-58
-87
-117
-142
-174
-195
-223
-248
-269
-286
-311
-327
-340
-357
-373
-390
-403
-413
-424
-427
-428
-428
-424
-424
-418
-412
-402
-395
-391
-379
-376
-367
-358
-344
-334
-323
-309
-295
-289
-281
-270
-266
-256
-251
-232
-215
-198
-180
-165
-154
-143
-126
-113
-94
-71
-50
-25
5
23
51
75
95
126
153
178
206
239
269
296
326
354
373
398
424
447
475
498
519
539
553
562
573
578
582
586
583
573
560
545
528
503
481
450
424
390
358
330
292
263
230
198
161
124
91
53
20
-10
-38
-72
-98
-123
-149
-166
-179
-193
-211
-228
-242
-253
-258
-269
-277
-286
-293
-307
-313
-320
-325
-332
-344
-341
-344
-351
-360
-357
-362
-367
-369
-380
-385
-388
-385
-389
-388
-383
-382
-376
-372
-368
-362
-348
-332
-317
-305
-282
-255
-236
-212
-194
-167
-141
-116
-85
-53
-20
13
48
76
100
125
151
177
204
228
253
276
301
323
340
356
370
384
398
403
411
414
410
410
400
394
389
379
374
365
361
354
347
336
325
312
292
280
254
235
222
197
174
152
136
122
110
93
74
56
45
32
19
9
1
-6
-16
-30
-40
-48
-59
-74
-88
-98
-117
-132
-140
-155
-172
-187
-197
-206
-219
-231
-245
-252
-259
-266
-269
-276
-279
-289
-296
-295
-299
-299
-294
-295
-295
-290
-286
-277
-266
-262
-254
-246
-234
-215
-199
-182
-169
-151
-140
-126
-117
-105
-87
-75
-57
-42
-25
-13
5
24
46
61
74
91
101
111
116
118
128
129
129
126
134
145
153
160
168
180
183
184
189
191
193
193
190
183
175
174
174
176
176
171
176
173
169
171
167
168
169
167
159
153
146
140
128
120
115
99
84
73
59
46
35
22
15
0
-11
-23
-40
-47
-63
-72
-82
-93
-100
-116
-125
-129
-133
-134
-137
-144
-149
-152
-148
-143
-143
-138
-140
-139
-136
-134
-132
-124
-114
-107
-104
-102
-89
-86
-75
-64
-58
-48
-39
-29
-23
-14
-1
10
16
20
29
36
37
36
37
39
42
36
33
41
41
43
45
48
51
53
52
51
51
52
49
42
40
36
34
31
25
26
27
26
27
19
20
24
18
16
13
9
3
-3
-10
-14
-20
-29
-35
-41
-49
-58
-62
-66
-66
-71
-76
-76
-77
-74
-70
-67
-70
-65
-63
-62
-58
-48
-40
-29
-23
-15
-9
-6
7
22
32
38
46
54
60
67
73
79
89
91
95
95
100
108
113
122
128
133
134
132
132
130
132
133
134
130
121
113
111
101
94
92
84
78
62
59
53
44
35
34
30
24
18
9
4
-9
-16
-21
-29
-36
-45
-57
-67
-80
-90
-94
-99
-103
-111
-122
-131
-143
-151
-155
-165
-170
-180
-197
-206
-216
-225
-227
-235
-241
-239
-240
-243
-239
-232
-226
-217
-211
-199
-192
-185
-176
-164
-151
-137
-122
-107
-89
-78
-69
-50
-29
-7
15
29
48
66
77
98
117
130
146
158
163
171
184
194
206
217
236
243
249
258
260
264
274
281
282
282
275
267
262
252
250
252
240
237
227
208
197
184
180
174
167
160
148
124
102
87
73
71
62
44
29
10
-13
-25
-40
-47
-48
-65
-78
-91
-112
-122
-128
-140
-146
-162
-177
-185
-202
-209
-220
-228
-226
-230
-238
-247
-251
-255
-246
-246
-242
-232
-235
-231
-234
-229
-224
-214
-199
-193
-186
-172
-163
-159
-152
-144
-129
-111
-94
-83
-70
-53
-43
-35
-23
-14
1
15
27
39
52
65
72
82
101
113
121
136
153
159
165
170
172
181
188
192
203
208
215
213
211
214
209
207
210
211
211
215
203
189
185
169
