-36
7
36
36
44
37
-12
-48
-46
-45
-34
19
61
58
46
28
-19
-70
-75
-52
-26
18
76
93
63
27
-16
-78
-106
-75
-28
11
71
113
84
32
-7
-58
-107
-93
-34
1
40
94
94
40
3
-19
-73
-89
-36
-2
4
44
72
30
3
8
-22
-47
-21
-2
-13
-2
18
9
0
13
21
8
1
5
-11
-35
-30
-15
-10
9
45
41
27
19
-12
-45
-50
-41
-22
12
45
58
52
22
-15
-38
-62
-57
-18
8
33
58
51
22
0
-27
-58
-42
-20
-10
29
46
32
27
6
-28
-33
-10
-22
-15
29
13
3
22
0
-20
1
11
-18
-2
31
-7
-19
1
-8
-20
3
28
5
4
30
-3
-37
-9
7
-22
-23
32
16
-15
34
25
-25
-7
14
-32
-41
22
-7
-27
30
29
19
29
15
-24
-26
-37
-61
-9
7
15
73
65
8
21
8
-92
-87
-17
-34
-9
91
84
37
52
1
-83
-79
-43
-48
-34
55
85
68
38
24
-14
-79
-64
-43
-39
23
63
47
17
57
16
-71
-31
-12
-40
-22
31
30
-9
45
6
-54
19
33
-6
-20
46
-1
-95
-20
-3
-37
36
88
64
30
46
-33
-131
-82
-50
-59
46
102
138
84
-3
-11
-94
-123
-107
-3
47
29
150
72
-25
9
-33
-123
-96
69
1
5
101
65
-23
-26
-8
-96
-37
16
0
32
25
96
23
-32
-20
-32
-51
-98
9
22
-5
120
86
-12
26
28
-101
-143
-28
7
-44
86
116
9
88
18
-100
-84
0
8
-106
75
69
-55
64
-42
-34
53
65
23
-39
92
-73
-168
-37
-99
45
138
102
140
115
-7
-182
-196
-121
-143
63
151
108
289
113
-130
-90
-153
-164
-146
101
97
91
247
-60
-71
24
-131
-102
-6
106
22
25
28
-93
-2
-17
-57
73
116
35
34
-55
-79
-52
-71
-38
60
154
29
-17
82
-128
-61
26
-68
29
110
2
-123
13
6
-167
97
115
0
166
29
-131
-72
-60
-165
-47
161
38
130
168
-92
-14
0
-166
-85
74
-33
-80
87
-22
-63
170
114
-18
100
21
-205
-196
-62
-115
7
213
158
112
117
-28
-184
-184
-109
-58
81
102
148
109
-49
-112
-109
-70
39
150
110
108
22
-136
-151
-159
-88
86
168
28
127
97
-215
-89
-72
-176
11
133
-13
35
185
-21
-99
99
-67
23
208
-39
-14
-35
-163
-104
-3
223
181
370
65
-285
-197
-465
-300
-106
103
350
289
378
30
-84
-115
-335
-279
-250
-5
82
181
394
280
295
227
-68
-262
-350
-357
-370
-87
200
351
464
396
131
-195
-314
-442
-445
-185
49
245
272
317
198
4
-53
-158
-191
-143
-3
87
89
141
125
-67
-37
-35
-55
110
135
-12
-52
-146
-234
-205
57
142
106
349
29
-78
-75
-216
-81
-164
136
79
30
183
-19
104
-135
39
10
-207
77
-13
-94
20
92
-1
-151
121
-37
-129
208
101
18
86
19
-139
-189
-11
-104
-40
56
169
143
59
84
-117
-239
-268
-14
-65
70
361
1
-75
-149
-99
-27
125
387
102
138
-19
-317
-193
-138
-30
108
201
199
6
125
-185
-403
-106
-218
-68
214
184
41
-3
0
-332
33
133
148
272
159
-13
-109
-91
-266
29
72
97
372
140
40
-103
-261
-510
-287
-50
-35
386
344
155
39
-85
-325
-278
-92
-40
167
288
327
276
68
-50
-249
-304
-210
18
192
282
372
129
-169
-216
-409
-295
-139
103
237
246
245
20
-36
-192
-82
-76
-68
142
56
98
-47
92
-27
-62
211
-57
109
-40
-17
-187
-270
47
-163
83
156
127
72
-8
89
-207
-48
-42
-127
-64
12
144
71
221
76
-43
-167
-227
-74
-93
190
286
216
84
-83
-157
-435
-171
-78
12
216
236
220
-31
46
-149
-184
-53
-109
88
-69
133
69
16
158
6
137
-98
25
-87
-211
38
-146
45
21
62
28
9
85
-126
107
-48
-43
17
-39
-16
-27
174
-47
151
113
-95
-16
-128
-67
-179
101
116
62
222
30
-78
-195
-146
-258
-128
132
162
274
275
204
-63
-66
-243
-274
-48
-82
132
110
75
29
-21
-42
-91
108
15
-13
30
-104
-137
-29
-29
-23
125
3
-17
-26
-38
18
61
109
-21
14
-121
-182
-18
-9
102
162
112
-18
-55
-75
-90
28
133
106
7
-36
-188
-204
-191
-47
109
113
299
120
49
-14
-129
-125
-203
117
0
112
268
-42
67
-112
-118
-75
52
279
123
319
64
-150
-85
-368
-148
11
43
173
103
38
-132
-36
-25
-25
339
142
65
65
-291
-285
-285
-183
-76
153
281
114
309
97
-44
-7
-200
-140
-165
-67
-91
-50
28
-110
-6
-48
17
85
72
106
4
-20
-154
-151
-133
-104
10
14
99
60
111
67
25
71
-45
-7
-66
-13
46
64
147
84
96
-5
-30
-27
-32
117
99
104
77
-24
-85
-95
5
52
171
220
87
33
-102
-208
-186
-138
-13
46
110
75
19
-12
-116
-64
-60
-34
7
-48
-94
-153
-148
-183
-122
-26
-10
7
-55
-124
-190
-211
-167
-118
-49
-1
-37
-95
-118
-127
-81
1
119
166
165
114
-15
-58
-107
-94
8
88
173
211
173
78
-3
-74
-122
-58
37
111
217
244
184
121
20
-59
-82
-45
14
107
177
185
206
158
119
101
61
32
25
40
26
80
113
104
115
47
-34
-120
-182
-207
-196
-134
-97
-50
-51
-83
-105
-156
-167
-163
-151
-146
-144
-146
-177
-163
-140
-93
-26
25
51
19
-10
-69
-111
-81
-31
64
135
179
155
75
-12
-112
-136
-108
-40
57
122
160
139
93
42
9
18
56
132
188
236
257
240
217
176
143
120
120
132
144
175
170
171
151
105
76
34
20
15
31
38
34
30
-4
-26
-43
-48
-32
-15
-7
-17
-56
-101
-154
-187
-190
-186
-157
-135
-118
-111
-121
-136
-156
-154
-146
-134
-100
-78
-44
-2
29
54
59
50
27
13
-4
-7
16
36
44
35
3
-55
-120
-186
-227
-221
-183
-132
-69
-11
11
34
23
15
27
46
83
122
165
177
176
141
70
6
-58
-111
-141
-162
-173
-170
-171
-178
-183
-193
-207
-224
-232
-242
-246
-244
-238
-207
-176
-141
-104
-88
-71
-68
-70
-67
-77
-68
-48
-25
-2
-1
-6
-40
-79
-109
-150
-156
-167
-151
-122
-111
-90
-88
-71
-71
-82
-89
-97
-89
-96
-103
-111
-104
-75
-49
-25
8
56
125
213
314
426
543
661
748
823
873
904
923
926
917
911
894
851
801
738
682
614
556
492
434
381
315
267
206
177
154
134
101
69
72
61
64
42
47
58
92
112
98
95
44
-1
-100
-206
-342
-481
-626
-778
-884
-998
-1076
-1168
-1237
-1291
-1314
-1324
-1353
-1357
-1361
-1326
-1298
-1255
-1204
-1127
-1026
-920
-774
-630
-457
-312
-178
-77
3
39
8
-44
-130
-202
-281
-354
-411
-431
-415
-401
-379
-342
-283
-219
-174
-131
-68
11
94
172
265
373
488
584
673
774
881
985
1061
1141
1253
1379
1475
1517
1550
1592
1625
1638
1628
1661
1746
1854
1951
2043
2168
2279
2338
2327
2347
2436
2555
2616
2579
2567
2545
2446
2095
1525
853
158
-595
-1486
-2389
-3191
-3758
-4216
-4572
-4780
-4719
-4395
-3984
-3493
-2944
-2197
-1395
-656
-64
454
1017
1511
1873
2001
2095
2176
2262
2222
2044
1858
1651
1437
1031
544
-48
-661
-1395
-2254
-3105
-3917
-4591
-5265
-5807
-6193
-6270
-6133
-5861
-5417
-4797
-3916
-2985
-2028
-1153
-264
559
1215
1700
2022
2332
2531
2635
2589
2550
2513
2432
2236
1898
1564
1226
885
405
-91
-521
-826
-1048
-1252
-1357
-1334
-1113
-820
-470
-83
393
930
1443
1914
2313
2695
3023
3287
3475
3620
3761
3895
4010
4102
4151
4213
4202
4132
3927
3659
3415
3171
2989
2683
2471
2222
2089
1794
1221
418
-543
-1305
-2193
-3025
-4041
-4751
-5176
-5330
-5353
-5408
-5081
-4601
-3744
-3006
-2155
-1280
-289
671
1308
1876
2217
2693
2833
2800
2511
2255
2092
1754
1336
656
208
-265
-652
-1267
-1937
-2518
-3045
-3435
-4002
-4391
-4763
-4813
-4845
-4749
-4559
-4219
-3642
-3113
-2462
-1923
-1196
-587
-9
386
681
955
1064
1143
1022
988
909
905
826
718
627
503
402
183
-3
-234
-413
-618
-827
-978
-1049
-1026
-990
-883
-710
-448
-159
114
354
604
873
1104
1258
1348
1414
1453
1480
1449
1449
1465
1528
1589
1652
1778
1942
2169
2373
2620
2898
3224
3566
3851
4141
4385
4606
4712
4687
4640
4544
4487
4292
4047
3757
3440
3043
2235
1187
-177
-1388
-2618
-3809
-5038
-6179
-6820
-7214
-7132
-7107
-6650
-5968
-4877
-3641
-2501
-1239
-145
1140
2012
2834
3314
3823
4198
4301
4253
3935
3790
3438
3070
2397
1710
1060
375
-365
-1354
-2290
-3193
-3951
-4651
-5355
-5809
-6125
-6083
-5962
-5618
-5080
-4372
-3391
-2549
-1498
-693
286
953
1532
1862
1976
2071
1760
1543
953
664
160
-184
-640
-1030
-1256
-1583
-1744
-2137
-2246
-2480
-2512
-2688
-2784
-2748
-2630
-2348
-2181
-1830
-1484
-948
-498
-97
263
596
970
1169
1297
1287
1316
1302
1250
1170
1102
1145
1181
1281
1332
1505
1715
2013
2290
2590
2970
3382
3874
4261
4706
5031
5420
5624
5767
5779
5739
5667
5406
5166
4699
4227
3302
2132
656
-764
-2061
-3409
-4634
-5855
-6480
-6820
-6665
-6434
-5897
-5015
-3896
-2517
-1342
-31
1044
2212
3042
3697
4180
4501
4795
4698
4571
4173
3972
3603
3134
2477
1722
1118
341
-410
-1500
-2473
-3477
-4327
-5143
-5959
-6501
-6921
-6904
-6826
-6404
-5835
-4962
-3913
-2855
-1664
-583
609
1452
2108
2421
2609
2582
2150
1478
584
-94
-836
-1561
-2404
-3049
-3403
-3638
-3820
-4061
-4056
-3929
-3679
-3554
-3399
-3113
-2734
-2339
-2051
-1654
-1184
-593
-126
251
615
1021
1385
1525
1553
1492
1499
1429
1277
1076
947
965
999
1104
1219
1470
1803
2158
2519
2833
3276
3711
4224
4688
5159
5689
6159
6650
6897
7172
7217
7206
7066
6847
6650
6150
5660
4890
4271
3251
1881
167
-1501
-2695
-3982
-5116
-6436
-6995
-7111
-6798
-6477
-6066
-5025
-3838
-2322
-1270
1
1187
2492
3465
3952
4434
4698
5162
5003
4706
4110
3767
3461
2851
2061
974
271
-600
-1433
-2703
-3921
-4972
-5876
-6608
-7473
-7946
-8256
-8055
-7794
-7292
-6543
-5494
-4144
-2916
-1637
-454
926
2060
2776
3026
3048
3092
2761
1930
643
-472
-1244
-1977
-2910
-3946
-4516
-4640
-4659
-4893
-5152
-4980
-4564
-4152
-4013
-3800
-3298
-2635
-2077
-1756
-1227
-516
286
807
1161
1579
2064
2465
2449
2273
2103
2022
1814
1406
1024
799
823
856
874
994
1293
1746
2134
2512
2926
3430
4004
4504
5023
5526
6122
6590
6894
7116
7237
7289
7088
6849
6519
6188
5701
4956
4242
3415
2350
686
-1076
-2509
-3612
-4630
-5929
-6881
-7246
-6888
-6537
-6210
-5538
-4427
-2941
-1671
-423
722
2111
3334
4159
4675
5020
5446
5581
5479
4925
4415
4003
3524
2752
1648
666
-318
-1200
-2383
-3654
-4859
-5816
-6569
-7335
-7838
-8158
-8042
-7735
-7210
-6593
-5734
-4540
-3314
-2081
-991
226
1352
2302
2761
2827
2879
2818
2436
1434
297
-680
-1344
-2024
-2990
-3877
-4380
-4427
-4557
-4782
-4917
-4737
-4295
-3957
-3696
-3393
-2764
-2144
-1654
-1226
-694
-26
536
981
1251
1651
2006
2199
2152
2044
1994
1855
1642
1302
1091
999
998
936
949
1170
1534
1905
2236
2655
3239
3967
4675
5316
5996
6771
7398
7796
8010
8173
8165
7917
7467
6949
6528
5884
5094
4164
3376
2210
640
-1006
-2305
-3210
-4311
-5457
-6503
-6621
-6364
-6001
-5755
-5113
-3934
-2619
-1243
-180
1092
2342
3583
4330
4782
5193
5478
5660
5334
4815
4160
3731
3125
2148
1058
-29
-889
-1944
-3048
-4356
-5413
-6251
-7005
-7664
-8255
-8428
-8413
-8062
-7705
-7159
-6375
-5298
-4086
-3020
-1887
-721
540
1481
2053
2334
2515
2653
2327
1461
354
-467
-1158
-2027
-3064
-4106
-4704
-4897
-5100
-5545
-5722
-5428
-5065
-4732
-4460
-4061
-3421
-2656
-2231
-1949
-1313
-599
-54
347
768
1194
1833
2339
2452
2602
2938
3125
3047
2969
2795
2659
2620
2432
2146
2162
2315
2338
2413
2730
3196
3855
4593
5194
5931
6805
7534
7923
8277
8424
8347
8124
7667
7086
6380
5708
4787
3975
2858
1341
-284
-1548
-2521
-3722
-4894
-6044
-6420
-6420
-6297
-6328
-5886
-4898
-3838
-2688
-1661
-358
950
2306
3148
3748
4393
4946
5286
5075
4639
4047
3710
3154
2163
1017
-16
-805
-1782
-2840
-4103
-5060
-5800
-6495
-7220
-7848
-8074
-8109
-7843
-7630
-7186
-6442
-5370
-4267
-3222
-1998
-705
643
1613
2295
2773
3194
3338
2955
2175
1217
450
-390
-1407
-2481
-3292
-3767
-4108
-4408
-4687
-4589
-4255
-3998
-3855
-3577
-3063
-2534
-2074
-1883
-1605
-1036
-371
57
382
901
1503
2195
2618
2885
3142
3490
3541
3316
3137
2911
2689
2322
1982
1653
1675
1723
1722
1851
2278
2942
3604
4319
4963
5881
6774
7523
7948
8323
8583
8682
8575
8106
7563
6929
6331
5490
4536
3107
1457
-89
-1325
-2530
-3979
-5355
-6345
-6553
-6666
-6806
-6831
-6116
-5039
-3996
-3046
-2027
-652
690
1808
2389
2980
3619
4262
4500
4252
3866
3636
3594
3104
2219
1197
449
-292
-1301
-2595
-3917
-4958
-5909
-6845
-7774
-8443
-8763
-8765
-8556
-8246
-7612
-6627
-5456
-4352
-3227
-1893
-564
601
1310
1819
2232
2519
2358
1674
854
48
-552
-1387
-2301
-3177
-3633
-3886
-4184
-4484
-4686
-4453
-4233
-4079
-4117
-3838
-3399
-2945
-2611
-2390
-1911
-1275
-508
-19
556
1198
1933
2553
2971
3317
3550
3750
3575
3376
3179
2992
2620
2180
1856
1683
1752
1714
1699
1859
2433
3094
3710
4293
5010
5952
6836
7527
7980
8457
8843
9096
8991
8672
8248
7789
7145
6274
5129
3562
1883
305
-985
-2394
-3872
-5275
-6020
-6223
-6361
-6562
-6421
-5560
-4551
-3601
-2832
-1735
-449
794
1645
2200
2852
3524
4145
4281
4160
3944
3944
3874
3373
2556
1661
994
117
-1028
-2476
-3771
-4904
-6035
-7110
-8091
-8635
-8983
-8940
-8796
-8319
-7567
-6542
-5430
-4394
-3128
-1845
-547
253
901
1369
1835
1924
1484
743
-29
-518
-1225
-2028
-2932
-3402
-3637
-3810
-4138
-4373
-4222
-3959
-3772
-3818
-3673
-3358
-2881
-2617
-2427
-2032
-1422
-788
-295
249
836
1519
2125
2534
2845
3189
3396
3334
3170
3025
2871
2637
2293
1975
1907
1995
2011
1996
2222
2710
3377
3985
4524
5244
6120
7054
7702
8317
8805
9363
9803
9952
9848
9499
9196
8588
7946
6592
4873
2927
1360
-82
-1885
-3745
-5434
-6015
-6420
-6745
-7267
-6836
-5754
-4660
-3771
-2989
-1561
-210
1100
1608
2179
2815
3492
3804
3545
3367
3176
3345
2989
2411
1614
1089
605
-343
-1491
-2892
-3887
-5166
-6412
-7711
-8609
-9170
-9626
-9683
-9646
-8918
-8084
-6863
-5812
-4488
-2948
-1475
-235
399
1176
1635
2056
1644
965
45
-673
-1357
-2382
-3249
-4034
-4144
-4442
-4487
-4670
-4429
-4039
-3736
-3551
-3534
-3128
-2892
-2551
-2578
-2301
-1934
-1368
-877
-457
220
840
1673
2148
2701
3102
3520
3653
3513
3393
3155
2985
2506
2106
1743
1688
1648
1557
1626
1865
2491
3042
3655
4233
4983
5821
6534
7196
7604
8126
8575
8951
9047
8897
8710
8415
8216
7388
6064
4322
2898
1716
222
-1655
-3627
-4561
-5064
-5511
-6382
-6552
-5798
-4726
-3876
-3344
-2175
-759
744
1450
1953
2570
3367
3918
3763
3514
3244
3410
3227
2719
1929
1401
1136
483
-467
-1717
-2576
-3557
-4664
-5988
-7069
-7741
-8309
-8630
-8931
-8631
-8042
-7050
-6127
-5077
-3709
-2237
-842
-71
682
1263
1847
1799
1298
532
-236
-867
-1803
-2648
-3502
-3828
-4157
-4245
-4306
-4223
-3908
-3612
-3259
-3193
-2870
-2674
-2363
-2238
-2061
-1799
-1401
-832
-417
203
755
1502
2070
2702
3171
3494
3723
3675
3616
3358
3157
2668
2247
1839
1587
1450
1328
1387
1526
2049
2574
3248
3882
4590
5324
6049
6752
7163
7593
7939
8288
8328
8166
7890
7648
7400
6701
5532
3971
2679
1618
424
-1300
-3077
-4080
-4443
-4840
-5692
-6044
-5380
-4243
-3561
-3160
-2210
-692
713
1362
1723
2362
3274
3792
3663
3236
2977
3034
2871
2184
1206
591
248
-383
-1540
-2796
-3681
-4440
-5462
-6722
-7676
-8222
-8569
-8909
-9012
-8631
-7809
-6766
-5733
-4528
-3068
-1451
-169
655
1276
1905
2271
1992
1215
291
-441
-1267
-2294
-3306
-3921
-4187
-4331
-4360
-4304
-3973
-3497
-3066
-2889
-2700
-2435
-2247
-2169
-2209
-2118
-1837
-1398
-1047
-591
111
886
1580
2193
2804
3257
3567
3606
3457
3232
2924
2475
1917
1441
1038
812
688
657
805
1201
1791
2404
3099
3801
4556
5290
5911
6391
6749
7124
7380
7537
7431
7192
6999
6835
6533
5774
4653
3347
2405
1590
372
-1254
-2615
-3146
-3376
-3880
-4678
-4648
-3702
-2744
-2343
-1898
-702
722
1766
2073
2411
3098
3793
3910
3499
3096
2884
2896
2524
1738
910
550
248
-517
-1597
-2575
-3212
-4011
-5111
-6233
-6892
-7349
-7854
-8220
-8134
-7547
-6734
-5816
-4794
-3455
-1909
-489
476
1167
1811
2292
2196
1490
550
-266
-1067
-2216
-3396
-4137
-4349
-4549
-4680
-4575
-4091
-3379
-2854
-2601
-2360
-1892
-1705
-1761
-1970
-2062
-1975
-1735
-1581
-1454
-795
96
899
1478
2237
2988
3599
3850
3755
3628
3391
3017
2339
1798
1296
990
766
635
680
974
1549
2007
2578
3140
3925
4594
5064
5291
5539
5918
6075
6175
6010
5898
5749
5729
5515
5099
4383
3288
2379
1644
853
-524
-1889
-2809
-3040
-3261
-3977
-4392
-3864
-2804
-2264
-1798
-960
385
1602
2234
2540
3031
3722
3936
3783
3308
2916
2747
2611
1941
940
382
94
-369
-1366
-2352
-3068
-3615
-4564
-5752
-6556
-7078
-7564
-8150
-8308
-8028
-7253
-6362
-5387
-4173
-2619
-898
432
1415
2076
2731
2924
2554
1594
551
-477
-1731
-3017
-4142
-4801
-5356
-5556
-5549
-5132
-4557
-3969
-3481
-2978
-2402
-2185
-2023
-2016
-1978
-2034
-1806
-1619
-1393
-820
1
836
1490
2383
3165
3853
4109
4170
4038
3793
3313
2619
2049
1492
1130
799
748
777
1080
1542
2093
2644
3181
3894
4526
4963
5095
5375
5656
5833
5806
5712
5638
5533
5400
5133
4801
4050
2958
1979
1355
573
-697
-2007
-2717
-2738
-2837
-3351
-3525
-2769
-1744
-1107
-560
318
1475
2481
2972
3190
3530
3915
3981
3732
3247
2769
2549
2311
1617
701
164
-178
-738
-1687
-2602
-3224
-3793
-4691
-5718
-6355
-6763
-7173
-7623
-7723
-7388
-6664
-5865
-5054
-4016
-2685
-1220
-77
728
1301
1864
2124
1866
1148
313
-515
-1515
-2549
-3484
-4087
-4569
-4879
-4988
-4759
-4342
-4003
-3723
-3402
-2947
-2645
-2408
-2321
-2223
-2002
-1588
-1183
-831
-190
633
1504
2216
3000
3716
4280
4566
4613
4564
4320
3909
3289
2751
2224
1794
1424
1173
1067
1140
1477
1830
2210
2583
3177
3741
4094
4315
4627
5005
5103
5072
5016
5017
4780
4467
4233
3828
2860
1543
727
298
-443
-1814
-2841
-2946
-2706
-2879
-3203
-2725
-1675
-834
-458
179
1257
2271
2750
2819
3055
3466
3811
3664
3211
2807
2752
2792
2357
1537
818
566
148
-792
-1965
-2838
-3482
-4373
-5398
-6237
-6647
-6985
-7282
-7362
-7030
-6358
-5631
-4834
-4022
-2953
-1830
-847
-261
100
523
769
675
91
-482
-1042
-1647
-2384
-3023
-3371
-3720
-4006
-4259
-4150
-4020
-3964
-4008
-3986
-3803
-3700
-3568
-3599
-3468
-3238
-2754
-2246
-1751
-1086
-293
686
1450
2259
2979
3674
4097
4370
4618
4635
4486
4064
3803
3490
3160
2699
2336
2220
2203
2338
2395
2666
2996
3511
3913
4265
4690
5112
5490
5530
5615
5581
5472
5078
4704
4308
3395
2058
808
333
-204
-1247
-2449
-2723
-2293
-2157
-2331
-2096
-1034
-224
103
384
1290
2212
2486
2375
2426
2905
3224
3292
3004
2806
2796
2976
2892
2270
1554
1041
673
-261
-1483
-2592
-3356
-4258
-5303
-6013
-6275
-6355
-6590
-6497
-6026
-5258
-4650
-4095
-3504
-2860
-2190
-1683
-1350
-1335
-1232
-1100
-1008
-1308
-1664
-1790
-1827
-1986
-2319
-2321
-2250
-2274
-2604
-2760
-2737
-2781
-3037
-3395
-3479
-3489
-3371
-3381
-3281
-3079
-2642
-2107
-1682
-1241
-733
-22
528
1011
1482
2097
2609
2946
3304
3689
4002
3993
3947
3899
3832
3524
3089
2749
2508
2338
2166
2138
2250
2533
2891
3335
3812
4291
4729
5034
5206
5166
4963
4624
4209
3556
2470
1097
-32
-666
-1218
-2059
-2812
-2847
-2350
-1996
-1878
-1395
-474
207
331
472
1088
1693
1730
1438
1513
2024
2500
2679
2755
2979
3333
3641
3663
3330
2780
2195
1448
369
-890
-1996
-2930
-3971
-4957
-5468
-5417
-5285
-5306
-5123
-4458
-3594
-3021
-2749
-2531
-2202
-1906
-1781
-1894
-2128
-2238
-2203
-2166
-2316
-2406
-2256
-2029
-2025
-2112
-1958
-1718
-1791
-2232
-2520
-2527
-2551
-2887
-3243
-3294
-3143
-2997
-2947
-2809
-2615
-2367
-2125
-1900
-1721
-1525
-1227
-884
-527
-120
486
1145
1758
2309
2917
3483
3809
3936
3969
3957
3757
3414
3047
2775
2579
2514
2563
2727
2998
3447
4069
4630
5060
5386
5682
5737
5490
5072
4600
3760
2361
797
-328
-968
-1740
-2721
-3367
-3145
-2494
-2033
-1715
-1026
22
771
1028
1239
1821
2329
2325
1987
1988
2489
2969
3077
2989
3169
3592
3903
3726
3197
2602
2021
1247
120
-1091
-2106
-2905
-3730
-4452
-4749
-4586
-4356
-4320
-4179
-3647
-2969
-2683
-2790
-2840
-2577
-2318
-2412
-2668
-2710
-2471
-2269
-2245
-2193
-1975
-1735
-1729
-1871
-1908
-1828
-1958
-2418
-2900
-3105
-3069
-3147
-3378
-3471
-3153
-2693
-2368
-2151
-1862
-1455
-1151
-1011
-942
-789
-672
-655
-660
-505
-188
139
447
807
1336
1876
2293
2536
2751
2994
3168
3114
2870
2681
2627
2629
2545
2479
2575
2900
3279
3638
4048
4509
4939
5076
5021
4957
4905
4446
3329
1854
724
69
-628
-1692
-2684
-2934
-2573
-2218
-2157
-1816
-1036
-228
119
324
842
1590
1956
1823
1827
2324
3023
3345
3264
3198
3443
3719
3585
3000
2204
1531
881
64
-973
-1900
-2561
-3006
-3376
-3582
-3434
-3148
-2940
-2865
-2643
-2354
-2218
-2449
-2753
-2843
-2785
-2806
-2944
-2958
-2783
-2473
-2229
-1998
-1765
-1520
-1371
-1355
-1417
-1517
-1723
-2068
-2509
-2893
-3117
-3272
-3511
-3638
-3560
-3283
-2937
-2616
-2278
-1857
-1455
-1147
-874
-643
-481
-411
-391
-348
-224
-62
138
384
700
1038
1380
1653
1966
2260
2481
2472
2441
2471
2636
2685
2622
2616
2824
3166
3459
3794
4145
4618
4872
4985
4928
4970
4753
4098
2873
1690
909
409
-260
-1159
-1717
-1682
-1281
-1133
-1033
-726
-160
193
286
457
963
1527
1702
1723
2004
2766
3546
3948
3952
3996
4260
4421
4166
3379
2501
1711
1020
139
-797
-1628
-2173
-2540
-2803
-2829
-2653
-2406
-2305
-2228
-2120
-1960
-1993
-2252
-2517
-2686
-2734
-2851
-2931
-3025
-2987
-2963
-2814
-2660
-2441
-2321
-2251
-2214
-2098
-2031
-2121
-2389
-2756
-3031
-3228
-3508
-3875
-4138
-4209
-4052
-3796
-3505
-3121
-2657
-2181
-1726
-1272
-890
-629
-552
-562
-520
-368
-174
-43
94
285
674
1089
1508
1782
2015
2149
2288
2403
2502
2506
2399
2331
2369
2602
2794
3070
3244
3542
3714
3914
3928
3943
3714
3207
2323
1345
630
171
-169
-707
-1033
-1041
-596
-265
0
205
575
888
1027
1124
1343
1772
2069
2271
2406
2863
3475
4044
4219
4112
4038
4034
3965
3462
2707
1876
1283
708
120
-539
-1071
-1379
-1564
-1646
-1705
-1612
-1531
-1452
-1512
-1561
-1565
-1560
-1537
-1641
-1697
-1792
-1704
-1718
-1770
-2039
-2238
-2344
-2323
-2307
-2356
-2341
-2241
-2031
-1938
-1922
-2067
-2247
-2523
-2934
-3445
-3901
-4177
-4319
-4300
-4226
-3925
-3435
-2788
-2224
-1748
-1404
-1127
-965
-994
-1099
-1244
-1205
-1159
-1016
-941
-666
-327
191
583
903
1184
1465
1790
1909
2008
1910
2066
2136
2484
2591
2891
3028
3265
3339
3371
3348
3170
2844
2011
1126
99
-405
-812
-883
-1118
-1141
-1053
-660
-194
189
527
718
986
1130
1437
1807
2425
3052
3662
4170
4667
5220
5649
5863
5634
5173
4552
3978
3313
2570
1781
1081
537
73
-317
-650
-851
-972
-1074
-1214
-1343
-1362
-1296
-1222
-1208
-1215
-1096
-872
-581
-435
-394
-514
-652
-920
-1225
-1585
-1869
-2066
-2195
-2244
-2228
-2064
-1902
-1791
-1936
-2231
-2674
-3126
-3613
-4092
-4516
-4764
-4755
-4539
-4132
-3640
-3058
-2465
-1914
-1491
-1230
-1129
-1166
-1256
-1349
-1330
-1227
-1038
-873
-721
-587
-404
-198
11
165
274
413
560
781
996
1322
1649
2085
2460
2882
3106
3266
3210
3106
2867
2519
2002
1252
392
-489
-1034
-1299
-1185
-1058
-859
-807
-725
-680
-548
-430
-359
-326
-308
-133
210
862
1699
2652
3531
4289
4876
5296
5525
5492
5248
4739
4110
3374
2668
2006
1469
1000
583
149
-305
-722
-1073
-1274
-1392
-1420
-1450
-1395
-1297
-1046
-714
-272
156
531
749
832
767
613
436
211
2
-225
-342
-395
-290
-161
-6
22
-106
-444
-996
-1688
-2451
-3147
-3735
-4128
-4361
-4373
-4218
-3881
-3437
-2926
-2415
-1992
-1668
-1505
-1432
-1456
-1433
-1361
-1150
-897
-600
-356
-201
-141
-188
-258
-366
-418
-482
-471
-467
-346
-152
164
541
948
1322
1566
1713
1692
1603
1369
1050
544
-94
-851
-1560
-2080
-2290
-2143
-1741
-1223
-812
-579
-567
-652
-748
-731
-569
-288
85
505
1014
1597
2298
3081
3868
4524
4950
5084
4961
4673
4327
4033
3808
3667
3528
3349
3085
2720
2282
1788
1267
720
177
-348
-789
-1107
-1263
-1227
-1009
-647
-211
247
633
930
1134
1222
1239
1195
1129
1070
1029
1045
1121
1246
1384
1485
1455
1244
807
158
-636
-1492
-2284
-2933
-3395
-3669
-3798
-3846
-3859
-3872
-3886
-3877
-3829
-3726
-3563
-3370
-3139
-2878
-2583
-2236
-1857
-1462
-1100
-828
-692
-700
-829
-1011
-1165
-1236
-1170
-993
-719
-421
-131
117
322
500
656
804
915
973
905
687
277
-303
-982
-1648
-2173
-2462
-2467
-2229
-1838
-1444
-1161
-1060
-1129
-1311
-1495
-1579
-1496
-1221
-785
-215
427
1097
1756
2370
2903
3337
3658
3860
3964
3982
3946
3867
3780
3685
3589
3489
3376
3238
3045
2788
2466
2095
1709
1348
1049
823
679
591
535
498
464
434
424
432
442
468
501
544
617
731
924
1199
1544
1930
2305
2587
2711
2624
2308
1790
1123
409
-256
-799
-1179
-1401
-1505
-1562
-1619
-1739
-1926
-2179
-2465
-2735
-2958
-3082
-3112
-3048
-2916
-2739
-2562
-2384
-2221
-2071
-1921
-1784
-1646
-1556
-1510
-1531
-1596
-1682
-1760
-1795
-1765
-1660
-1511
-1310
-1115
-929
-768
-647
-580
-564
-610
-714
-869
-1084
-1322
-1581
-1829
-2038
-2182
-2266
-2258
-2189
-2065
-1917
-1781
-1671
-1584
-1526
-1469
-1368
-1217
-958
-612
-161
360
931
1508
2061
2557
2984
3335
3595
3794
3898
3967
3955
3917
3819
3708
3578
3439
3317
3174
3058
2909
2793
2632
2497
2338
2195
2059
1925
1830
1726
1662
1552
1487
1377
1304
1244
1261
1369
1557
1857
2169
2507
2738
2886
2828
2626
2246
1741
1161
546
-12
-531
-914
-1232
-1410
-1535
-1563
-1571
-1566
-1574
-1645
-1757
-1953
-2151
-2363
-2503
-2590
-2557
-2474
-2338
-2186
-2064
-1951
-1880
-1786
-1694
-1557
-1422
-1279
-1200
-1182
-1249
-1391
-1564
-1735
-1859
-1955
-1994
-2051
-2126
-2276
-2479
-2739
-2980
-3163
-3243
-3188
-3045
-2820
-2629
-2469
-2434
-2454
-2541
-2595
-2569
-2428
-2136
-1764
-1291
-861
-431
-115
180
407
638
890
1160
1488
1762
2062
2240
2418
2469
2513
2488
2434
2370
2234
2106
1864
1677
1390
1211
1037
1007
1081
1246
1527
1772
2083
2221
2378
2362
2350
2248
2176
2129
2073
2117
2125
2262
2331
2508
2621
2799
2912
2990
3017
2915
2790
2512
2267
1912
1644
1329
1102
887
696
531
341
233
74
18
-83
-89
-159
-201
-290
-414
-541
-703
-783
-882
-885
-918
-884
-889
-874
-886
-906
-893
-903
-853
-857
-827
-914
-1047
-1301
-1634
-2057
-2499
-2897
-3260
-3514
-3715
-3814
-3920
-3997
-4108
-4208
-4297
-4352
-4318
-4197
-3940
-3616
-3190
-2732
-2242
-1788
-1345
-937
-599
-311
-98
80
170
236
260
302
346
428
527
631
726
754
720
597
419
169
-82
-289
-437
-498
-472
-317
-105
168
467
806
1140
1484
1829
2175
2514
2821
3100
3326
3516
3618
3662
3661
3632
3557
3473
3406
3339
3286
3239
3221
3202
3163
3107
3025
2904
2731
2516
2265
2023
1771
1542
1358
1234
1142
1083
1051
1035
990
918
828
701
556
413
274
171
109
79
61
32
-37
-190
-439
-771
-1166
-1591
-2001
-2354
-2630
-2806
-2909
-2971
-3020
-3063
-3150
-3272
-3393
-3516
-3601
-3629
-3573
-3448
-3265
-3057
-2840
-2636
-2455
-2321
-2223
-2140
-2079
-2026
-1955
-1871
-1779
-1692
-1588
-1499
-1428
-1373
-1333
-1330
-1340
-1387
-1441
-1528
-1611
-1687
-1736
-1735
-1670
-1545
-1351
-1109
-840
-611
-404
-266
-173
-129
-59
32
207
461
823
1243
1725
2199
2643
2995
3267
3421
3480
3433
3335
3179
3020
2860
2748
2670
2650
2671
2749
2838
2936
3003
3034
3010
2939
2804
2628
2437
2251
2082
1960
1882
1857
1878
1925
1982
2027
2048
2039
2008
1947
1883
1810
1740
1653
1540
1375
1158
875
543
160
-218
-564
-870
-1128
-1306
-1455
-1587
-1728
-1894
-2101
-2339
-2600
-2838
-3050
-3194
-3267
-3259
-3155
-2979
-2769
-2515
-2246
-1999
-1801
-1652
-1571
-1569
-1641
-1765
-1936
-2126
-2300
-2450
-2556
-2609
-2632
-2627
-2606
-2577
-2575
-2603
-2622
-2647
-2667
-2651
-2584
-2468
-2290
-2048
-1758
-1425
-1071
-710
-344
5
336
641
927
1206
1467
1711
1954
2167
2355
2516
2642
2730
2788
2835
2884
2928
2961
2988
3007
2999
2958
2895
2821
2749
2708
2693
2695
2693
2657
2560
2385
2114
1770
1410
1074
807
635
562
560
577
576
515
387
225
48
-82
-125
-73
81
306
563
824
1015
1145
1201
1151
1041
866
640
402
168
-50
-212
-340
-445
-513
-607
-742
-924
-1156
-1437
-1745
-2037
-2302
-2516
-2656
-2743
-2771
-2720
-2607
-2467
-2282
-2074
-1881
-1714
-1579
-1485
-1425
-1367
-1279
-1157
-970
-726
-469
-222
-16
108
133
71
-50
-221
-391
-524
-617
-661
-651
-616
-583
-563
-581
-660
-787
-951
-1146
-1342
-1507
-1629
-1686
-1665
-1568
-1400
-1184
-939
-696
-470
-285
-154
-65
-4
64
165
325
553
841
1155
1446
1676
1801
1812
1729
1587
1450
1367
1382
1467
1603
1728
1784
1744
1604
1396
1157
958
836
808
859
959
1061
1134
1170
1170
1161
1164
1190
1241
1297
1342
1360
1337
1288
1236
1196
1182
1206
1248
1268
1255
1191
1074
914
756
621
523
486
502
538
581
622
638
616
564
490
392
263
117
-45
-215
-377
-541
-687
-807
-912
-1014
-1125
-1247
-1385
-1541
-1677
-1778
-1862
-1893
-1882
-1844
-1802
-1774
-1762
-1782
-1818
-1856
-1892
-1899
-1880
-1841
-1779
-1720
-1679
-1661
-1665
-1694
-1746
-1809
-1868
-1927
-1977
-2004
-2005
-1976
-1913
-1816
-1668
-1483
-1276
-1055
-836
-635
-454
-295
-146
0
150
309
477
662
844
1008
1148
1267
1359
1435
1511
1575
1644
1725
1805
1879
1940
1985
2011
2008
1997
1978
1949
1920
1894
1855
1817
1781
1747
1712
1678
1657
1648
1636
1622
1606
1576
1542
1501
1463
1449
1454
1481
1528
1570
1593
1585
1536
1436
1322
1195
1074
970
887
832
779
713
623
501
344
171
-25
-227
-418
-597
-763
-917
-1066
-1208
-1340
-1460
-1561
-1646
-1722
-1778
-1819
-1851
-1877
-1902
-1914
-1922
-1902
-1878
-1846
-1815
-1781
-1748
-1711
-1689
-1664
-1641
-1623
-1607
-1597
-1591
-1587
-1587
-1586
-1577
-1571
-1560
-1547
-1535
-1533
-1531
-1545
-1552
-1570
-1581
-1582
-1560
-1520
-1459
-1387
-1292
-1179
-1056
-914
-762
-600
-428
-241
-58
124
293
441
593
733
860
985
1098
1211
1320
1416
1495
1564
1614
1655
1692
1724
1763
1794
1815
1845
1870
1892
1907
1904
1900
1888
1871
1855
1829
1804
1773
1738
1700
1664
1622
1563
1512
1452
1386
1312
1223
1143
1057
967
891
815
762
717
682
656
624
591
537
483
416
351
297
247
218
200
189
180
154
119
66
-6
-89
-190
-299
-411
-532
-656
-776
-904
-1036
-1162
-1265
-1362
-1436
-1495
-1543
-1562
-1586
-1590
-1592
-1583
-1573
-1547
-1511
-1473
-1434
-1392
-1355
-1313
-1279
-1248
-1216
-1193
-1165
-1142
-1114
-1092
-1072
-1048
-1024
-1004
-983
-962
-939
-917
-887
-850
-806
-761
-702
-624
-533
-430
-315
-198
-72
60
189
318
439
564
680
794
902
993
1079
1145
1220
1274
1320
1354
1376
1387
1378
1358
1314
1271
1203
1132
1057
975
887
802
714
624
539
454
380
306
248
192
153
117
94
85
83
105
119
142
172
199
223
253
281
308
344
376
420
456
499
533
571
595
594
586
558
528
470
411
340
275
199
131
56
-13
-82
-150
-213
-282
-343
-412
-477
-545
-607
-674
-725
-769
-801
-829
-843
-860
-855
-858
-850
-849
-842
-833
-828
-818
-819
-813
-816
-804
-805
-792
-792
-778
-777
-774
-767
-765
-768
-765
-758
-745
-726
-702
-673
-624
-568
-504
-439
-379
-299
-229
-145
-78
-5
61
133
196
257
310
365
420
457
498
525
556
574
600
619
643
664
686
704
715
728
739
750
752
759
763
767
777
783
792
797
801
808
812
810
803
789
782
758
744
730
715
700
678
656
618
586
548
507
464
417
376
334
285
238
200
153
115
63
7
-37
-100
-152
-217
-274
-332
-377
-424
-452
-482
-508
-519
-526
-531
-538
-543
-559
-570
-594
-606
-621
-631
-636
-635
-636
-627
-626
-622
-626
-622
-631
-637
-649
-659
-666
-679
-677
-681
-667
-659
-631
-610
-579
-549
-512
-479
-446
-407
-376
-342
-309
-274
-231
-188
-139
-91
-48
-4
33
74
99
130
148
172
185
199
211
225
240
251
269
284
300
314
326
341
360
367
390
412
435
457
475
502
527
554
584
607
630
646
662
673
682
692
701
703
702
688
669
649
622
595
570
545
518
483
441
409
376
344
311
272
245
216
191
156
120
91
66
42
18
5
-7
-13
-28
-43
-64
-90
-119
-148
-173
-195
-220
-239
-265
-290
-323
-362
-399
-445
-487
-531
-570
-606
-639
-679
-713
-747
-783
-815
-829
-842
-848
-843
-836
-822
-813
-795
-774
-747
-725
-690
-650
-605
-556
-511
-467
-427
-389
-358
-328
-303
-271
-236
-199
-153
-109
-72
-31
5
33
58
79
97
114
123
140
161
179
200
228
254
270
294
315
343
364
385
412
436
467
497
523
546
568
590
612
630
647
659
676
685
692
688
682
673
660
642
618
598
572
553
529
506
477
449
423
397
377
356
337
311
291
266
237
215
197
184
165
142
122
94
73
45
11
-23
-58
-95
-136
-167
-205
-239
-267
-300
-336
-372
-404
-434
-459
-487
-514
-535
-547
-548
-550
-549
-549
-551
-546
-546
-548
-547
-541
-521
-507
-485
-463
-448
-436
-424
-409
-403
-393
-384
-367
-348
-331
-317
-307
-298
-283
-274
-259
-242
-220
-200
-182
-156
-131
-105
-81
-53
-28
1
32
59
90
114
127
145
163
173
180
183
194
206
215
232
251
265
276
286
299
303
312
314
309
307
302
300
303
306
303
309
310
307
306
301
299
302
300
306
310
303
306
303
295
290
289
285
275
274
273
269
259
246
233
215
197
178
161
144
125
111
91
67
44
16
-8
-30
-50
-69
-89
-104
-123
-148
-165
-176
-188
-202
-205
-211
-214
-213
-224
-228
-230
-240
-252
-260
-271
-270
-270
-276
-279
-282
-282
-285
-284
-282
-281
-273
-262
-261
-256
-248
-234
-218
-212
-198
-186
-178
-179
-171
-159
-144
-131
-114
-98
-87
-71
-60
-49
-39
-26
-17
-6
3
6
11
19
31
40
51
57
57
61
65
74
83
90
102
111
107
109
121
130
137
143
147
149
155
151
152
156
158
164
167
171
170
169
167
165
168
166
167
160
152
145
141
144
141
140
130
123
110
103
98
89
84
76
70
56
44
29
16
9
-1
-11
-26
-34
-42
-47
-53
-64
-68
-73
-73
-75
-75
-73
-77
-81
-83
-81
-82
-84
-84
-84
-85
-90
-93
-92
-93
-91
-89
-90
-89
-86
-86
-90
-89
-85
-78
-74
-70
-66
-67
-71
-69
-65
-58
-52
-51
-50
-47
-42
-32
-28
-24
-13
-5
-7
-8
-1
4
6
15
21
25
32
27
29
36
31
37
48
52
51
47
45
54
65
66
67
64
62
63
55
60
63
72
75
74
78
72
72
66
67
68
73
74
68
68
59
56
59
56
58
56
49
39
34
34
29
22
13
8
7
5
-3
-7
-20
-24
-33
-40
-44
-50
-40
-43
-44
-58
-66
-53
-55
-49
-51
-48
-51
-54
-58
-68
-65
-69
-64
-57
-62
-58
-77
-85
-90
-89
-75
-78
-78
-90
-91
-93
-94
-80
-78
-71
-72
-76
-74
-75
-65
-61
-57
-52
-47
-47
-47
-40
-40
-29
-17
-6
-1
0
-5
-5
2
18
31
41
44
40
31
28
33
42
58
65
70
67
65
63
68
69
74
74
77
83
78
77
78
76
76
77
77
77
76
75
73
65
63
57
55
60
59
61
52
51
40
33
36
31
39
31
41
39
25
21
10
19
11
14
16
17
23
8
-3
-21
-20
-13
-10
6
-9
-15
-34
-42
-37
-42
-33
-41
-44
-58
-63
-60
-63
-55
-65
-68
-71
-71
-67
-66
-63
-75
-76
-71
-69
-63
-66
-65
-68
-63
-54
-44
-41
-43
-49
-52
-40
-28
-16
-9
-8
-17
-26
-26
-15
-4
7
12
9
15
7
6
11
15
20
26
30
30
35
28
21
22
20
29
31
36
37
31
36
21
22
22
25
36
37
42
26
22
20
23
32
30
44
40
39
33
26
28
