-2
-2
-1
-2
0
-1
0
0
0
0
0
-1
1
2
0
0
-1
1
-2
-2
0
0
0
0
0
-1
0
2
1
-2
-1
-1
-1
-1
1
0
-1
-2
-2
-1
-1
0
0
0
0
1
0
1
0
0
-1
-1
1
1
0
0
0
0
0
0
-1
-1
1
0
0
0
1
1
0
0
0
-1
0
0
0
-1
-3
-2
0
1
1
0
0
0
0
1
0
0
0
2
1
1
-1
0
-1
-1
0
0
-1
-1
0
1
0
0
0
1
1
1
1
0
0
0
0
-1
-1
-1
-2
-1
-1
-1
0
1
1
0
1
1
1
0
0
1
0
1
0
-1
-1
0
0
0
1
1
1
1
0
2
0
-1
-1
1
0
-1
-1
-1
0
0
0
0
0
0
0
0
-1
0
-1
-1
-1
0
1
2
1
1
1
1
1
0
0
-1
-1
0
0
0
0
1
0
-1
-1
-1
0
0
0
0
0
1
1
-1
1
1
1
0
1
0
-1
-1
1
-1
0
-2
-2
-1
0
1
0
0
-1
-1
-2
-1
-1
-1
0
0
1
1
1
1
1
-1
0
1
0
2
1
0
1
0
0
1
0
-2
1
0
-1
-2
0
2
1
0
-2
1
-1
0
0
1
1
0
-2
-1
1
2
1
0
0
-1
0
0
-2
0
0
1
0
0
0
-1
-1
1
0
-1
1
0
1
0
-1
0
1
1
0
-1
-1
-2
-2
1
1
1
0
-2
-1
-2
0
-1
-1
0
-1
1
0
-2
0
0
0
0
0
-1
-1
-1
-1
-1
-1
-1
1
2
1
0
1
-2
-1
0
0
1
0
1
0
0
0
0
0
0
1
0
0
0
0
-2
0
0
-1
-2
-1
1
-1
-2
0
0
0
-1
-1
-1
-1
-2
1
1
-1
-1
-1
-1
1
-1
-2
0
1
1
0
-1
0
1
1
2
0
1
-1
-1
0
0
1
1
-1
-1
0
1
0
-1
-1
0
1
1
1
1
1
0
-1
0
0
1
0
-2
-1
1
0
0
1
-1
0
0
1
1
3
1
0
-1
0
0
0
1
-1
1
0
-1
0
1
0
1
1
2
2
0
-1
1
0
0
-1
-1
0
0
-1
0
-1
-1
-1
-2
1
0
0
0
-2
0
0
-3
0
3
2
2
3
-2
1
3
-4
0
3
-2
1
0
-2
2
-2
-2
1
-2
-2
-2
-2
-1
1
-1
2
2
-2
1
1
1
2
-1
0
1
-1
0
-3
1
2
-4
1
0
-2
1
0
0
1
0
-2
-1
3
-1
-1
2
-5
2
0
-3
2
0
0
0
-1
2
-2
3
-1
-5
5
-1
-1
5
-2
0
2
-2
0
2
2
0
0
3
-4
2
2
-8
1
0
-4
2
0
-1
1
2
-1
-3
2
-2
-4
7
-5
-1
7
-6
0
4
-3
0
1
-1
-1
1
3
-2
0
5
-6
1
3
-7
6
-1
-4
5
-9
0
8
-11
3
7
-11
6
6
-8
2
6
-5
-4
7
-8
-5
14
-11
0
9
-13
6
-1
-4
6
-11
10
-6
-9
20
-19
2
19
-26
12
11
-25
18
4
-16
13
0
-8
6
0
-4
-2
6
-1
-6
8
-2
-4
6
-8
5
1
-6
14
-15
-3
23
-26
7
19
-35
18
13
-31
17
5
-10
5
-2
7
-10
6
14
-27
15
17
-31
14
13
-26
8
17
-22
-4
31
-28
-9
39
-40
8
28
-49
36
-4
-28
53
-47
15
37
-66
53
-4
-46
56
-28
-10
24
-13
2
-8
21
-24
-1
37
-51
30
5
-40
54
-44
7
40
-70
63
-13
-56
93
-68
-11
83
-94
41
36
-83
69
-17
-35
48
-36
14
3
-6
19
-24
23
-14
-4
21
-25
22
-14
4
16
-36
50
-34
-21
82
-96
33
72
-138
102
15
-123
140
-62
-47
110
-99
35
24
-57
61
-46
24
7
-41
66
-50
3
57
-80
47
23
-78
77
-21
-48
76
-46
-16
58
-57
6
47
-59
27
12
-23
17
-15
24
-43
28
14
-63
73
-30
-24
56
-53
9
40
-57
31
19
-58
46
1
-51
48
3
-43
37
0
-23
8
20
-16
-32
73
-58
-12
73
-87
62
-14
-32
69
-68
35
22
-55
24
51
-76
-6
135
-177
49
167
-269
145
112
-270
188
48
-208
160
21
-153
134
9
-136
157
-74
-55
146
-135
23
118
-186
113
57
-191
177
-29
-128
170
-94
-2
30
-11
41
-135
184
-76
-153
315
-252
-3
248
-279
102
96
-144
58
24
11
-108
127
3
-169
207
-84
-80
120
-39
-27
-5
77
-50
-82
165
-76
-125
233
-147
-52
160
-97
-21
48
43
-117
60
98
-173
49
166
-244
57
218
-305
96
208
-286
75
202
-242
7
237
-234
-32
279
-248
-59
343
-317
-6
330
-342
34
296
-342
65
275
-364
109
264
-428
219
193
-429
269
142
-409
264
149
-407
225
239
-536
350
194
-608
505
20
-483
466
-22
-407
403
10
-425
464
-77
-372
486
-170
-283
431
-160
-267
461
-264
-140
406
-339
32
249
-270
60
198
-266
39
291
-452
277
89
-343
344
-133
-107
212
-141
-88
269
-262
49
238
-391
293
-17
-183
159
-3
-56
10
105
-199
167
-29
-137
146
-14
-99
121
31
-327
503
-312
-235
646
-563
134
277
-356
98
238
-314
64
299
-421
281
-26
-195
181
19
-140
-14
313
-426
280
-43
-194
302
-266
200
-213
227
-62
-295
591
-605
298
196
-505
506
-405
297
-63
-330
634
-614
266
249
-658
629
-128
-433
638
-395
-51
345
-394
296
-215
118
150
-450
601
-481
93
421
-746
671
-225
-341
676
-661
369
-35
-311
598
-544
100
333
-406
255
-125
-30
313
-488
381
-65
-275
390
-179
-114
138
92
-278
247
-39
-181
229
14
-189
0
394
-515
216
286
-668
608
-53
-589
742
-416
-101
455
-469
126
242
-199
-156
416
-281
-125
588
-655
100
638
-786
218
403
-568
227
165
-352
202
73
-255
199
108
-368
265
176
-490
493
-283
18
295
-288
40
-80
465
-704
487
-126
-303
829
-975
471
91
-327
367
-352
204
85
-176
246
-397
207
323
-728
762
-465
-31
606
-882
576
-229
67
69
-146
120
-89
274
-422
318
-207
112
238
-583
532
-118
-129
99
-213
271
-113
-136
199
-144
178
-24
-422
614
-269
-208
372
-146
-37
51
174
-448
318
91
-276
203
-69
138
-251
206
-107
-265
705
-623
62
577
-762
566
-246
-158
577
-663
373
308
-723
384
248
-578
477
-328
215
65
-381
414
-494
423
-149
-190
438
-638
676
-162
-703
781
-105
-287
52
205
-236
232
-86
-470
966
-765
96
468
-726
730
-480
61
324
-422
262
-37
-133
31
40
77
-300
218
197
-515
349
-14
-171
223
-50
-102
137
165
-434
418
-171
-125
493
-635
389
34
-283
235
-272
201
-132
65
-100
137
-129
-56
431
-693
505
9
-186
122
16
237
-653
906
-617
-74
611
-588
315
-228
227
-199
-13
116
-176
216
-431
719
-610
-140
980
-962
314
271
-304
321
-457
381
100
-457
482
-173
-100
313
-532
595
-327
-195
633
-563
274
-28
8
109
-295
327
-2
-406
533
-342
61
173
-463
556
-255
-452
727
-416
-271
711
-656
113
496
-806
527
-225
-69
302
-550
674
-660
408
204
-1025
1231
-706
-8
546
-667
607
-295
28
44
-50
-38
127
-68
-215
471
-438
131
8
-163
199
-155
233
-398
566
-331
11
83
-80
204
-363
467
-455
592
-634
243
444
-1279
1423
-788
-114
515
-348
357
-695
809
-532
167
64
-300
763
-807
475
-130
176
-337
-24
970
-1661
1291
-59
-1045
1338
-1194
839
-331
-436
934
-980
764
-444
23
593
-965
921
-355
-263
539
-437
369
-260
118
244
-451
546
-737
792
-491
-174
790
-974
854
-532
232
76
-462
836
-772
294
257
-264
-69
285
-93
-166
189
-128
281
-640
615
-32
-745
1057
-742
42
511
-1071
1267
-814
-543
1624
-1473
419
235
-112
17
-564
1068
-710
-143
706
-493
108
67
-298
611
-569
-212
1050
-1000
181
367
-335
64
-40
-95
490
-610
240
286
-413
259
-351
330
184
-874
921
-102
-617
654
-474
346
-67
-653
1330
-968
10
777
-955
1075
-1306
915
320
-1256
1031
-135
-192
-246
399
-136
-8
-238
320
289
-1159
1115
-132
-739
639
-83
130
-560
242
839
-1398
790
253
-660
706
-875
1147
-892
-49
897
-908
499
-359
749
-795
127
392
-359
276
-581
919
-544
-401
1116
-1096
595
-176
42
180
-522
639
-361
99
10
-280
561
-309
-273
355
69
-158
-371
562
75
-852
869
-428
65
137
-575
968
-750
-40
497
-204
-151
-67
424
109
-916
660
643
-1292
331
916
-940
370
-405
715
-92
-1293
1770
-784
-520
1120
-1097
1091
-1064
516
262
-702
516
-307
766
-1260
694
439
-1008
562
-235
706
-1021
429
570
-1039
807
-322
-200
642
-673
174
751
-1483
1443
-690
-347
1091
-1282
1224
-728
-317
1469
-1887
1059
259
-884
730
-520
629
-560
-117
929
-1305
961
-58
-782
929
-372
-14
-368
700
-230
-551
709
-296
119
-294
107
593
-1289
1347
-692
-366
1195
-1147
328
352
-298
33
-147
323
-2
-446
573
-213
-202
493
-645
626
-550
481
12
-786
1115
-497
-484
698
-80
-601
884
-612
85
382
-507
237
-192
536
-852
621
284
-1356
1681
-1135
87
523
-548
594
-942
1170
-830
-128
993
-1317
991
-331
-399
1238
-1737
1279
-157
-603
491
-401
1102
-1682
1227
115
-1186
1316
-1083
991
-703
-186
1246
-1381
838
-579
710
-358
-755
1864
-1865
824
553
-1415
1412
-1112
832
-213
-467
841
-652
315
-109
-249
420
-299
292
-486
536
63
-987
1315
-678
-748
1664
-1207
29
547
-256
-161
-146
743
-986
539
305
-781
550
-36
-470
392
48
-468
490
-45
-202
145
-252
544
-777
436
352
-428
-149
461
315
-1418
1048
529
-1477
790
786
-978
-492
1848
-1112
-927
1843
-814
-320
278
154
62
-700
896
-279
14
-624
1222
-440
-1542
2429
-1307
-200
492
136
-129
-827
1649
-1524
628
239
-966
1633
-1931
1107
246
-977
407
495
-539
-287
986
-649
-404
867
-431
-334
283
435
-864
529
240
-537
103
130
324
-679
34
1472
-1936
619
1290
-2215
1476
-271
-311
427
-576
1160
-1590
1349
-310
-954
1923
-2052
1335
-292
-722
1446
-1624
1201
-47
-821
849
-628
824
-1434
1144
386
-1774
1887
-476
-864
896
-329
397
-1131
1135
-147
-822
973
-776
489
-313
106
332
-1127
1815
-1462
290
878
-1552
1249
-659
454
-913
782
719
-2105
1946
-536
-466
402
93
-49
-725
1565
-1415
375
520
-841
631
-175
-231
157
314
-492
144
494
-664
211
271
-295
-322
888
-727
203
318
-414
266
-285
359
-304
-272
968
-894
388
278
-597
477
-177
-46
-154
337
-11
-749
1212
-923
170
348
-175
-130
-353
1413
-1498
148
1107
-825
-390
585
464
-1532
931
887
-2039
1447
274
-1099
749
-106
-225
357
-504
501
-313
254
-335
357
-3
-910
1524
-1115
-255
1461
-1471
653
131
-626
829
-1210
1411
-878
-145
1081
-1110
681
-512
511
-295
-594
1522
-1369
403
763
-801
-172
857
-571
-551
1038
-344
-614
911
-210
-369
160
305
-169
-980
1946
-1392
-227
1479
-1203
59
371
266
-1317
1187
323
-1812
1678
7
-1211
423
1438
-2254
878
1704
-2925
1872
286
-1419
865
-13
-52
-559
814
-5
-1135
1608
-984
-301
1047
-962
175
268
159
-868
1174
-643
-382
1256
-1556
1185
-743
299
430
-1067
1380
-1117
496
335
-1145
1226
-682
-173
912
-811
36
743
-913
419
199
-976
1474
-1095
-22
1630
-2598
2095
-487
-1023
1564
-1498
1490
-1374
1132
-270
-1197
2371
-2557
1596
-348
-757
1303
-1311
1264
-1550
1343
-283
-1168
1884
-1559
461
510
-591
209
-29
458
-683
617
-306
180
-204
145
584
-1419
1720
-975
-82
642
-626
176
-132
720
-1472
1588
-840
-395
1257
-1421
652
121
-153
-237
277
384
-993
718
101
-696
350
515
-696
94
600
-494
-128
184
447
-870
480
450
-680
-4
715
-479
-631
1585
-1452
803
-262
-74
597
-1629
2081
-1553
311
829
-1098
925
-1066
1243
-977
-367
1785
-2067
1106
667
-1788
1516
-468
-365
488
-398
631
-851
827
41
-1364
1815
-1030
-365
1042
-695
-60
502
-481
438
-729
719
15
-1182
1774
-1367
539
-20
-115
282
-822
1416
-1360
690
-9
-157
171
-439
895
-1338
1370
-834
-25
957
-1490
1432
-708
-155
390
-196
117
-626
1281
-947
-423
1823
-1875
524
847
-1550
1212
-769
647
-387
-307
1382
-1792
1491
-750
-176
1049
-1550
1622
-1134
371
114
-93
189
-842
1605
-1276
43
1209
-1494
515
298
-164
-565
326
1083
-2139
1700
20
-1392
1135
6
-293
-625
1465
-686
-732
1489
-533
-665
539
636
-1240
389
1061
-1217
-269
1647
-1416
-511
1735
-1554
512
453
-214
-406
77
907
-1684
1209
-132
-1004
1720
-1285
254
445
-1017
1033
-431
-244
313
7
208
-666
765
-531
-304
890
-608
-320
583
151
-746
664
42
-714
641
66
-663
176
784
-991
352
643
-937
412
504
-593
-633
1656
-1033
-504
1740
-1713
433
637
-680
0
-217
1016
-847
76
885
-1337
736
-214
197
-324
-698
2391
-2186
597
1171
-1701
216
775
38
-1958
2584
-428
-1455
1722
-385
-1111
318
1473
-2032
766
1015
-991
-182
744
-119
-1348
1764
-443
-555
620
170
-523
-349
912
-859
116
419
86
-226
-190
664
-587
-513
1034
-62
-1152
1648
-237
-1133
1057
32
-1223
643
961
-1397
746
660
-1234
253
576
-1093
207
905
-1036
843
67
-823
638
-366
-259
152
423
-627
496
192
-675
310
-83
24
-487
985
-614
275
134
-631
999
-1266
658
213
-686
305
708
-498
-742
1632
-1247
-149
1019
-576
-456
684
511
-1563
1319
-190
-898
931
-179
-243
-18
782
-951
548
-13
-465
601
-877
1142
-1050
417
367
-813
812
-635
557
-510
430
-75
-408
351
12
-319
163
277
-878
1131
-752
-147
775
-525
108
33
469
-1026
714
198
-1105
1112
-86
-506
-51
751
-498
-515
1042
-585
-11
575
-105
-544
9
745
-840
-28
615
-501
109
417
-55
-813
842
-503
-78
947
-1531
1225
-117
-317
497
-725
784
-1254
1415
174
-1687
1975
-946
-80
176
28
-65
-502
1216
-724
358
-265
-311
708
-1029
704
-64
-408
95
158
47
-477
373
205
-521
490
148
-989
875
-571
176
740
-1066
479
300
-401
-152
90
163
117
241
-109
-200
-106
473
-512
-69
355
-151
247
-79
-621
230
375
-943
561
444
-701
108
333
-232
-641
831
19
-909
908
395
-1057
351
808
-1194
454
497
-382
209
-135
456
-433
124
546
-1250
664
448
-826
539
-173
-299
186
192
-530
81
575
-415
157
172
42
-848
607
301
-975
981
-239
-21
57
-149
479
-1067
870
634
-1172
567
551
-543
-333
540
-306
-119
449
177
-825
392
115
-648
497
-730
481
326
-857
737
-67
-1155
1024
94
-1356
1195
275
-1315
986
70
-853
96
831
-875
-161
1175
-711
-294
521
-105
-617
493
-308
148
-196
-2
772
-1275
761
57
-732
831
-674
633
-141
-190
452
-396
132
-323
434
-163
-118
647
-316
-81
76
453
-796
532
412
-814
1071
-653
-24
502
-476
202
131
68
28
-105
94
-268
258
-227
75
103
-216
453
-287
-235
51
222
-379
-296
630
-680
126
563
-830
-26
211
-202
-376
284
-49
-334
504
-31
-629
90
499
-916
237
729
-757
303
525
-421
-411
795
-73
-846
1181
107
-631
741
129
-410
-128
768
-64
-396
1047
-181
-183
723
-516
253
178
-513
972
4
-558
582
243
-570
44
502
-478
-198
584
-85
-589
429
34
-529
142
33
-126
-210
132
376
-906
397
531
-1224
500
405
-895
343
543
-726
49
434
-387
-272
407
-116
-442
525
-121
-381
197
19
-290
-41
164
-185
-60
-59
29
-191
-351
448
-320
-443
799
-698
-93
261
-414
-6
225
-101
-134
448
-335
-138
251
-24
-27
445
169
14
311
-32
70
298
-64
351
502
32
81
441
-28
-196
364
102
-167
197
189
-90
-269
227
-273
-364
297
-516
65
-63
-399
182
-334
-328
-77
105
-343
-63
192
-348
15
83
-342
-248
411
-12
-400
450
-153
-359
233
-31
-158
-440
428
112
-729
482
-62
-647
313
-30
-286
-124
16
-58
-245
169
-246
-297
221
-149
-270
200
-53
-367
352
-27
-481
339
174
-303
178
368
-279
-109
594
-298
-168
541
28
-62
452
53
-107
357
8
-14
101
229
17
30
509
-180
20
232
-250
-40
326
164
-70
149
207
-40
-181
121
276
-143
131
407
-113
156
37
317
-44
-86
583
-68
-44
486
111
-117
332
274
-68
40
352
216
55
387
81
-272
184
141
-177
411
349
-64
233
276
9
-168
173
308
-151
156
251
-255
49
56
-120
66
-95
124
-246
-182
144
-295
-162
-181
-151
99
-117
-309
-11
-26
-227
35
68
-6
158
47
-213
-197
86
-128
-299
-118
-358
-390
-280
-454
-585
-614
-625
-503
-675
-737
-466
-702
-812
-526
-610
-983
-628
-414
-599
-564
-123
-374
-707
-593
-730
-745
-215
-26
-156
-273
-184
-235
-358
-240
37
299
484
764
719
558
474
420
631
970
1322
1159
1201
1254
857
896
1313
1422
1193
1391
1747
1492
1288
1589
1748
1598
1836
2104
1952
2198
2569
2313
2017
2179
2139
1644
1417
1563
1545
1247
999
431
-420
-1208
-1622
-1945
-2151
-2170
-2498
-3096
-3589
-4104
-4581
-4675
-4536
-4269
-3799
-3384
-3285
-3291
-3309
-3099
-2711
-1889
-1193
-583
-157
-106
-87
-62
20
202
581
833
1062
953
569
71
-441
-707
-763
-805
-811
-867
-1063
-1639
-1965
-1879
-1868
-1604
-1185
-727
-478
-89
-187
39
420
725
1481
2112
2276
2648
2968
2714
2734
3264
3324
3410
3954
4351
4435
4437
4294
3935
4312
4522
4423
4299
4088
3972
3920
3683
3648
3624
3232
1787
-363
-1478
-707
336
53
-1346
-2610
-2772
-3238
-4666
-5886
-5388
-3732
-3390
-4120
-3787
-3025
-3143
-3878
-4074
-3177
-915
963
1322
950
1100
1598
1343
1340
1754
2679
3635
3635
2946
2060
1330
527
-387
-1107
-909
-333
-670
-1826
-2954
-3653
-4555
-5234
-5438
-5212
-4605
-4604
-4537
-4707
-5047
-5060
-4835
-4474
-3980
-3006
-1899
-1222
-1122
-634
-271
-7
907
1281
1579
2407
3128
3149
2884
2937
2727
2635
2809
2810
2578
2328
2124
1634
1495
1207
961
940
686
195
178
174
-27
-100
-41
69
237
232
339
635
1102
1676
1820
2331
2998
3388
3843
4512
5087
5675
5807
5712
5909
6605
7541
7397
5276
1573
-1247
-644
2010
3470
2607
290
-2323
-4482
-7098
-8647
-7457
-5192
-3537
-4331
-5356
-5652
-6345
-7565
-8446
-7060
-3307
636
1836
1253
10
-877
-741
-221
1953
4642
6856
7116
5242
3337
1973
1338
795
972
1946
3140
3182
1188
-1654
-3839
-5111
-5551
-4488
-3020
-1717
-1631
-3487
-5417
-6889
-6986
-6077
-4846
-3097
-1676
-1296
-2072
-3309
-3727
-2710
-1317
333
1705
2011
2172
1668
925
610
985
2035
3015
3760
3574
2457
1008
149
88
834
1996
2061
1754
563
-832
-1457
-1501
-1035
-524
-60
-120
-346
-552
-1186
-1688
-1379
66
1554
2219
2273
1742
1737
2399
3645
4974
6149
6513
6305
6435
6190
6231
6973
7754
6892
2998
-1162
-1928
1515
4604
3215
-634
-3068
-3878
-5760
-8467
-8902
-5668
-2716
-3329
-6274
-7578
-6377
-6218
-7786
-7646
-3845
1134
3222
1335
-841
-898
226
1574
2786
5150
7858
8481
6246
3074
1860
2718
3423
2984
2962
3914
4166
1880
-1711
-4119
-4082
-2961
-2583
-1812
-1077
-1471
-3199
-5798
-6975
-6262
-4556
-3151
-2571
-2073
-2124
-2819
-3488
-3619
-2696
-1230
196
1067
1225
787
426
509
582
782
1335
2240
2709
2118
1179
384
32
322
719
778
806
418
-258
-1131
-1610
-1270
-864
-745
-927
-974
-1099
-1518
-1504
-892
-103
597
888
967
1235
1703
2406
3468
4280
4721
4979
5261
5504
5642
6498
7019
5678
2338
-683
-290
2888
5134
3530
177
-2142
-3380
-5072
-6907
-5495
-2242
-824
-2928
-5911
-6486
-5639
-4906
-5322
-4242
-710
2251
2718
471
-1121
-493
1476
3297
4474
6233
7332
6299
3406
1145
1507
3262
4301
3633
2604
1995
792
-1521
-3289
-3125
-2241
-1772
-2192
-2878
-3275
-4035
-5062
-5574
-4876
-3680
-3189
-3589
-3904
-3709
-3555
-3434
-2542
-866
-36
-264
-790
-1205
-1057
-164
1505
2413
1945
1013
323
192
304
891
1282
1360
1311
554
-265
-793
-546
-228
-631
-750
-444
-159
-530
-1238
-1806
-2221
-1730
-479
687
1172
755
136
84
779
1984
3416
4378
4700
4857
5186
5575
5836
6162
6118
5086
2954
814
819
3124
5103
3982
569
-2475
-3547
-3926
-5065
-4853
-2582
-750
-2021
-5361
-7095
-6339
-4532
-3770
-3196
-898
1605
2048
-7
-1811
-950
1889
4509
5483
5932
6158
5128
2796
851
1614
4046
5328
4325
1972
508
-363
-1930
-3216
-3055
-1393
-521
-1860
-3751
-5047
-5201
-5316
-5574
-5197
-4006
-2575
-2813
-4169
-4936
-4394
-3251
-2441
-1067
175
579
313
-178
-331
3
1249
2711
3185
2646
1788
1313
1164
1610
2126
2147
2060
1731
1077
147
-229
164
339
58
-221
-274
-546
-1326
-1865
-1518
-810
-448
-723
-949
-533
304
1018
1011
1250
1840
2742
3575
3817
4417
5359
5771
4613
1954
-232
212
3380
5930
4815
1156
-1570
-2430
-3269
-4264
-3632
-1087
676
-1460
-5402
-7153
-5779
-3437
-3053
-3131
-1343
589
271
-2454
-3960
-1701
1844
3889
3840
3398
3564
2943
1105
266
1994
4690
5624
3289
580
-327
-292
-339
-1061
-628
653
389
-1608
-3807
-4562
-3994
-3594
-3336
-2752
-2118
-2059
-3255
-4200
-3849
-2732
-1786
-1202
-640
-191
-26
-206
-102
527
1791
2771
2827
2305
1733
1888
2431
3162
3426
3168
2624
2173
1672
1311
1478
1966
2295
1596
606
-243
-876
-803
-495
208
616
-75
-1476
-2340
-1920
-659
32
452
822
822
568
7
701
2709
3946
2950
-685
-3314
-1732
2965
5829
3561
-755
-3165
-3137
-3207
-3772
-2421
460
1041
-2778
-6885
-7033
-3837
-1862
-2774
-3149
-1086
948
-578
-3713
-4367
-1422
2003
2909
2394
2158
2289
1162
-659
-774
1956
5131
4751
1524
-898
-578
517
317
-174
766
1966
1328
-1309
-3538
-3354
-2006
-1112
-1399
-1488
-1288
-2024
-2935
-3048
-1898
-751
-184
-69
7
172
249
822
1835
2808
3239
3405
3142
2592
2252
2544
3809
4808
4473
2938
1796
1438
1383
1662
2047
2445
1799
207
-1351
-1680
-784
-204
-158
-624
-1153
-1270
-1156
-971
-730
-305
216
784
1256
1284
1209
1699
2120
1605
-365
-2169
-1162
2467
4769
2528
-1700
-3670
-2775
-2282
-3272
-3262
-1010
55
-3157
-7052
-7261
-3740
-1525
-2805
-4148
-2989
-691
-1218
-3428
-3624
-870
1971
2078
740
332
1341
1621
643
181
1792
3682
2945
83
-1829
-715
1036
1231
203
-188
-64
-1090
-2765
-3258
-1806
-175
40
-1263
-2256
-2663
-2564
-1846
-918
213
266
-175
-782
-713
216
1113
2052
2475
2603
2512
2576
2948
3278
3568
3940
4234
4285
3824
3185
2911
2850
3124
3303
3288
2754
1855
879
488
746
1024
977
185
-336
-327
200
425
268
88
67
453
635
922
1081
1435
1214
-28
-2060
-2868
-445
2755
3096
-438
-3700
-3984
-2686
-2876
-3841
-2699
-922
-1809
-5847
-8087
-5924
-2363
-1872
-3951
-4330
-2450
-1388
-2836
-3815
-2019
985
1846
529
-277
613
1860
1500
702
1076
2681
3078
1018
-1146
-1319
363
1002
-4
-1264
-1840
-2088
-3306
-3874
-3132
-1802
-1494
-2885
-3785
-3758
-3117
-2724
-2217
-1118
-578
-759
-1266
-985
89
993
1424
1920
2589
3007
3141
3370
3841
4071
4404
4749
5180
5052
4270
4131
4510
4815
4359
3914
3813
3620
3025
2304
2316
2423
2157
1319
863
1144
1610
1767
1308
941
880
1253
1398
1277
1226
1434
1498
459
-1296
-2072
-444
1738
1744
-617
-2590
-2663
-2397
-3292
-4168
-2976
-1400
-2283
-5394
-7202
-5944
-3760
-3362
-4227
-4080
-2941
-2671
-3915
-4216
-2390
80
809
-154
-507
260
1246
1214
931
1536
2723
2927
1437
-134
-192
786
947
105
-902
-1401
-2142
-3143
-3678
-3190
-2521
-2814
-3613
-4457
-4478
-4236
-3764
-3016
-2338
-2067
-2439
-2281
-1694
-780
118
903
1444
1631
1822
2374
3437
4125
4294
4326
4698
4984
4836
4414
4411
5080
5371
4968
4125
3544
3290
3171
3187
3076
2591
1873
1222
1086
1326
1483
1514
1227
1152
1287
1581
1447
1246
1569
1479
385
-1304
-975
1382
3127
1873
-1045
-2357
-1809
-1238
-1733
-1432
-225
-283
-3104
-5994
-5524
-2833
-1390
-2565
-3821
-3811
-3318
-3803
-4184
-3014
-1112
-271
-1280
-2132
-1703
-332
355
178
148
862
1500
1010
-99
-637
219
821
482
-1191
-2097
-1995
-1602
-1726
-2408
-2322
-2585
-2958
-3866
-3949
-3000
-2078
-1792
-2665
-3163
-3138
-2244
-1198
-234
234
286
231
273
846
1773
3043
3683
3849
3449
3210
3438
3890
4383
4466
4557
4336
3881
3319
2971
3067
3250
3029
2242
1461
1272
1594
1735
1583
1159
974
1113
1327
1331
1252
1663
1810
674
-1508
-2385
-447
2408
3068
606
-2045
-2709
-1999
-1643
-1211
387
1508
-37
-3743
-5455
-3430
-158
692
-1043
-2463
-2561
-2320
-2579
-2205
-629
748
457
-1108
-1897
-1052
313
622
260
394
784
392
-826
-1444
-890
-188
-422
-1657
-2286
-2345
-2247
-2719
-2763
-2130
-1956
-2440
-3266
-3094
-2491
-1900
-1647
-1573
-1564
-1816
-1735
-1069
27
505
459
369
689
999
1274
1963
2790
3266
2823
2421
2502
2963
3254
3258
3318
3134
2726
2321
2345
2608
2574
2105
1595
1386
1425
1555
1755
1931
1607
1020
825
1276
1916
2175
2265
1876
718
-836
-1464
-84
1905
2473
701
-1466
-2363
-2160
-1752
-1118
11
323
-1072
-3471
-4344
-3042
-1074
-540
-1460
-2209
-2497
-2539
-2567
-1718
-474
-23
-618
-1432
-1386
-875
-325
-54
230
320
-153
-913
-1289
-1007
-983
-1381
-1762
-1633
-1606
-2299
-2947
-2979
-2281
-2023
-2267
-2446
-2140
-1616
-1522
-1433
-1040
-295
117
211
390
918
1500
1929
2251
2459
2642
2817
3187
3543
3758
3769
3693
3601
3522
3355
3243
3157
3010
2635
2075
1701
1425
1403
1283
1120
689
276
105
101
236
251
294
100
82
162
557
445
-318
-1218
-1300
7
1072
1093
-310
-1396
-1724
-1477
-1009
-480
89
-365
-1623
-2948
-2810
-1632
-639
-898
-1781
-2317
-2389
-2127
-1893
-1162
-688
-691
-1410
-1911
-1524
-666
64
37
-228
-618
-968
-1308
-1226
-859
-714
-1095
-1697
-2059
-2297
-2439
-2570
-2447
-2401
-2474
-2642
-2644
-2385
-2081
-1667
-1196
-781
-641
-490
27
877
1538
1955
2344
2782
3059
3222
3664
4366
4919
4817
4536
4473
4743
4863
4688
4426
4143
3802
3271
2968
2802
2703
2250
1662
1159
798
559
300
264
172
57
-383
-646
-636
-422
-539
-1269
-1891
-1948
-1018
-213
-94
-929
-1863
-2192
-1987
-1318
-680
-182
-544
-1507
-2429
-2337
-1442
-668
-650
-1262
-1681
-1897
-1835
-1752
-1287
-840
-892
-1438
-1962
-1793
-1350
-1029
-1157
-1343
-1559
-1905
-2349
-2438
-2024
-1758
-2006
-2631
-2958
-3068
-3071
-3056
-2824
-2552
-2582
-2743
-2796
-2396
-1918
-1466
-1094
-712
-414
-183
303
1033
1798
2206
2539
2906
3374
3794
4228
4761
5147
5253
5123
5240
5488
5693
5563
5246
4966
4731
4606
4410
4177
3704
3173
2714
2462
2205
1709
1153
742
616
423
113
-296
-568
-813
-1206
-1640
-1903
-1749
-1505
-1401
-1652
-2064
-2443
-2583
-2339
-1895
-1485
-1502
-1846
-2222
-2223
-1848
-1391
-1108
-1117
-1270
-1454
-1405
-1182
-906
-768
-825
-973
-1132
-1136
-1075
-1043
-1190
-1471
-1713
-1883
-2011
-2267
-2519
-2670
-2789
-3039
-3405
-3616
-3627
-3577
-3600
-3597
-3495
-3304
-3072
-2810
-2487
-2145
-1768
-1331
-791
-220
272
666
1049
1521
2026
2499
2897
3210
3507
3846
4227
4522
4658
4701
4795
4966
5128
5211
5140
4940
4685
4521
4497
4483
4296
3860
3372
3018
2868
2790
2616
2275
1795
1336
1042
954
883
616
130
-382
-708
-826
-880
-1043
-1333
-1678
-1972
-2175
-2270
-2304
-2323
-2356
-2420
-2509
-2619
-2695
-2652
-2479
-2267
-2163
-2222
-2326
-2322
-2141
-1859
-1625
-1545
-1629
-1740
-1741
-1570
-1351
-1230
-1280
-1443
-1568
-1632
-1633
-1629
-1680
-1798
-1966
-2116
-2230
-2332
-2395
-2383
-2322
-2301
-2360
-2393
-2284
-2008
-1684
-1410
-1178
-937
-617
-218
208
596
936
1269
1642
2017
2335
2556
2759
3002
3254
3449
3542
3585
3634
3738
3869
3957
3953
3870
3781
3733
3728
3698
3594
3415
3195
2981
2803
2647
2464
2193
1835
1468
1176
987
836
622
279
-152
-536
-754
-829
-900
-1091
-1409
-1730
-1925
-1994
-2005
-2025
-2077
-2143
-2200
-2224
-2232
-2211
-2142
-2032
-1906
-1835
-1855
-1896
-1873
-1758
-1618
-1555
-1587
-1645
-1647
-1568
-1449
-1360
-1340
-1384
-1428
-1410
-1324
-1203
-1103
-1049
-1026
-1021
-990
-912
-786
-661
-582
-535
-488
-426
-346
-244
-114
3
71
112
179
292
440
582
707
816
911
1015
1130
1260
1394
1538
1680
1794
1857
1884
1930
2010
2108
2189
2226
2213
2158
2105
2099
2124
2131
2087
1994
1885
1791
1708
1625
1530
1416
1275
1106
914
708
482
248
31
-174
-395
-644
-925
-1225
-1500
-1711
-1853
-1950
-2044
-2163
-2306
-2426
-2474
-2441
-2359
-2259
-2165
-2089
-2019
-1927
-1802
-1646
-1474
-1314
-1168
-1035
-902
-771
-643
-507
-387
-291
-210
-134
-45
51
138
207
250
275
291
306
333
386
464
527
568
578
574
581
612
654
696
731
753
752
728
704
701
712
721
738
766
798
828
858
886
923
966
1014
1082
1165
1245
1295
1298
1268
1233
1216
1218
1222
1201
1147
1046
912
777
671
601
529
432
300
143
-27
-181
-304
-394
-479
-596
-762
-959
-1141
-1282
-1386
-1475
-1563
-1678
-1825
-1979
-2094
-2147
-2145
-2122
-2107
-2109
-2108
-2092
-2066
-2005
-1900
-1766
-1652
-1558
-1462
-1347
-1208
-1058
-911
-754
-589
-431
-276
-103
85
262
410
534
653
792
935
1064
1168
1247
1319
1359
1371
1389
1424
1462
1493
1523
1546
1542
1513
1474
1452
1452
1458
1442
1401
1364
1324
1268
1199
1142
1101
1064
1032
1011
999
970
924
869
829
828
840
828
797
761
702
616
516
428
359
302
239
134
-5
-160
-317
-458
-567
-638
-712
-844
-1020
-1181
-1296
-1377
-1443
-1519
-1600
-1681
-1767
-1852
-1909
-1914
-1904
-1903
-1904
-1872
-1821
-1781
-1733
-1657
-1534
-1391
-1277
-1180
-1077
-957
-847
-750
-653
-539
-424
-329
-236
-142
-46
25
76
149
270
404
508
576
636
700
768
843
923
1000
1052
1065
1058
1059
1089
1113
1107
1083
1070
1066
1055
1038
1044
1068
1083
1072
1045
1031
1038
1051
1056
1064
1059
1034
982
927
892
876
846
802
754
693
623
541
460
397
346
285
203
109
27
-57
-154
-258
-349
-416
-469
-541
-631
-723
-804
-879
-948
-990
-1006
-1024
-1080
-1150
-1199
-1214
-1230
-1251
-1262
-1248
-1243
-1280
-1318
-1307
-1256
-1213
-1186
-1151
-1086
-1003
-929
-848
-729
-594
-482
-393
-278
-125
24
124
209
307
408
488
541
602
677
735
749
740
748
773
787
786
794
804
775
711
660
647
649
634
582
518
464
428
398
385
386
379
351
328
337
377
418
443
474
514
550
584
602
616
631
645
647
632
597
533
454
375
310
243
151
33
-91
-213
-330
-443
-553
-661
-758
-847
-927
-1003
-1074
-1148
-1205
-1226
-1216
-1199
-1197
-1203
-1194
-1155
-1099
-1022
-944
-871
-799
-716
-629
-540
-441
-346
-248
-146
-39
55
130
208
309
426
519
589
649
720
813
906
979
1029
1055
1068
1088
1121
1158
1154
1103
1025
960
917
864
782
673
575
485
389
284
183
96
17
-58
-133
-189
-238
-307
-372
-405
-405
-400
-417
-441
-442
-426
-406
-384
-353
-306
-266
-244
-221
-172
-113
-85
-69
-44
-17
-1
-10
-27
-36
-48
-80
-131
-172
-212
-266
-341
-415
-474
-529
-592
-653
-709
-760
-809
-855
-880
-882
-873
-870
-865
-856
-826
-779
-713
-631
-542
-452
-381
-314
-232
-131
-1
133
243
324
392
478
599
735
857
948
1006
1064
1142
1251
1362
1441
1477
1488
1507
1544
1583
1598
1572
1524
1471
1405
1343
1269
1167
1041
909
795
684
557
411
252
102
-20
-131
-240
-354
-472
-589
-689
-762
-802
-832
-872
-919
-956
-980
-972
-936
-896
-870
-863
-863
-845
-799
-733
-680
-656
-652
-656
-648
-632
-610
-606
-621
-653
-689
-720
-744
-777
-820
-872
-922
-954
-976
-1001
-1038
-1076
-1099
-1096
-1076
-1052
-1030
-1007
-981
-934
-866
-774
-672
-575
-488
-400
-305
-196
-63
78
215
324
414
507
619
762
905
1025
1105
1163
1235
1340
1467
1586
1661
1695
1715
1752
1823
1891
1930
1930
1899
1863
1842
1831
1798
1737
1654
1568
1493
1411
1321
1204
1065
936
818
708
595
465
319
165
28
-79
-169
-260
-367
-481
-588
-670
-720
-749
-790
-843
-898
-948
-967
-954
-934
-923
-929
-946
-960
-945
-911
-887
-870
-867
-877
-878
-876
-868
-869
-885
-911
-928
-940
-956
-983
-1020
-1053
-1076
-1090
-1098
-1113
-1123
-1131
-1132
-1118
-1090
-1045
-1001
-956
-909
-855
-783
-696
-592
-488
-388
-298
-214
-122
-5
125
246
341
405
473
552
654
761
845
900
934
964
1007
1072
1131
1163
1167
1154
1148
1162
1178
1184
1178
1154
1135
1122
1117
1110
1086
1054
1015
981
956
927
887
828
769
708
651
599
536
470
391
307
221
151
89
27
-43
-129
-217
-301
-358
-400
-450
-507
-578
-642
-690
-704
-706
-707
-724
-750
-766
-762
-730
-695
-673
-658
-653
-642
-618
-584
-548
-516
-490
-475
-457
-427
-390
-357
-335
-325
-303
-278
-253
-229
-208
-189
-170
-151
-112
-76
-47
-16
9
39
82
132
167
180
180
193
220
257
290
307
298
282
279
295
310
316
305
272
240
220
217
202
172
135
97
76
67
70
62
43
19
-3
-7
-7
1
-2
-10
-14
-10
8
16
22
18
21
31
45
58
51
29
2
-13
-17
-19
-24
-50
-90
-128
-156
-170
-176
-200
-239
-292
-329
-343
-339
-336
-341
-357
-382
-386
-369
-333
-301
-277
-269
-263
-243
-195
-129
-74
-25
9
42
84
146
213
274
323
363
393
419
463
508
552
575
589
598
603
624
647
649
636
604
570
544
526
510
492
450
391
342
293
260
234
195
143
80
22
-17
-40
-58
-83
-125
-173
-204
-213
-214
-229
-257
-296
-327
-340
-334
-319
-317
-334
-360
-369
-365
-353
-342
-350
-373
-397
-405
-402
-394
-391
-392
-399
-402
-396
-380
-371
-367
-359
-352
-337
-331
-330
-337
-334
-316
-284
-260
-246
-239
-240
-227
-199
-162
-134
-123
-127
-116
-86
-37
10
33
35
28
43
93
161
224
262
277
289
315
361
414
460
475
480
492
523
566
605
626
625
620
617
628
638
647
637
621
605
592
585
570
545
516
488
462
435
412
391
363
338
320
294
253
194
132
77
37
15
-8
-40
-78
-131
-179
-223
-265
-310
-373
-429
-469
-490
-494
-504
-521
-552
-584
-602
-610
-606
-606
-624
-642
-651
-647
-622
-608
-600
-598
-596
-581
-556
-526
-499
-488
-491
-503
-508
-493
-471
-437
-408
-391
-380
-371
-358
-342
-331
-316
-306
-293
-261
-219
-175
-135
-116
-107
-97
-76
-34
27
90
140
180
213
258
312
368
417
451
482
519
559
609
652
679
689
695
708
724
739
741
726
712
704
699
700
686
659
621
578
545
516
499
478
466
461
464
470
451
415
359
300
258
237
232
231
215
186
144
108
73
23
-37
-113
-169
-205
-219
-219
-242
-282
-328
-376
-395
-396
-394
-398
-426
-459
-480
-466
-449
-435
-442
-474
-480
-479
-454
-414
-403
-416
-453
-492
-510
-500
-481
-469
-470
-492
-494
-489
-471
-454
-464
-476
-497
-482
-444
-392
-336
-316
-302
-315
-297
-253
-207
-135
-104
-72
-30
20
85
138
194
213
233
279
312
378
443
452
451
463
447
469
519
506
483
463
410
383
413
392
350
331
246
194
190
180
173
176
166
126
147
155
157
188
192
182
186
215
228
264
293
293
296
303
304
281
284
261
236
243
221
228
195
163
139
85
93
57
59
54
-1
-2
-67
-60
-68
-82
-66
-142
-111
-155
-154
-107
-147
-111
-181
-202
-248
-278
-229
-266
-222
-292
-307
-330
-390
-314
-410
-405
-441
-526
-474
-489
-407
-420
-429
-456
-546
-471
-469
-363
-311
-328
-253
-337
-236
-122
-132
-18
-8
-77
-37
44
59
125
193
105
50
94
59
72
157
94
40
12
-17
-15
-24
65
24
-38
44
-2
-3
95
119
98
149
207
170
239
312
285
328
377
356
371
401
385
393
368
385
367
301
352
274
253
260
199
201
120
172
97
55
131
-10
45
35
-8
44
-13
46
-10
-7
56
-17
59
52
9
61
-5
44
35
13
87
-24
35
5
-56
18
-92
-73
-105
-142
-103
-98
-78
-166
-113
-198
-274
-94
-168
-170
-36
-125
-219
-63
-73
-160
43
-24
-145
-38
-29
-101
-23
56
-105
-113
-42
-149
-123
-19
-65
-168
-118
-122
-234
-103
-58
-149
-123
-59
-150
-166
36
-97
-78
30
-125
-39
-49
15
-6
-31
78
-89
-8
3
-42
56
-14
57
0
-15
58
-55
80
24
10
96
8
35
78
37
12
55
21
-18
60
49
-38
25
-11
-93
-28
8
-71
-1
1
-70
-88
-47
-42
-34
45
87
55
38
178
2
82
180
81
218
230
305
231
280
310
115
287
216
148
299
236
198
240
202
49
155
50
-27
71
5
-54
23
35
-162
19
-96
-170
-108
-77
-145
-141
26
-128
-42
-10
19
-93
-39
74
-139
2
127
-11
66
120
42
-22
-52
44
-124
-113
85
-118
-59
-43
-75
-209
-239
-86
-388
-191
-86
-308
-129
-134
-301
-211
-240
-309
-242
-194
-187
-242
-60
-215
-276
-83
-356
-244
-143
-231
-185
-98
-140
-241
-94
-217
-205
-111
-149
-57
-163
34
-95
-136
136
-167
139
86
6
245
4
120
165
78
215
251
307
283
291
323
139
207
257
225
282
496
326
365
415
125
199
144
197
160
446
339
337
422
182
161
74
181
101
315
389
421
355
364
269
109
126
247
197
185
656
164
320
398
-79
79
-14
13
-133
189
73
-124
81
-206
-388
-363
-308
-583
-330
-253
-471
-370
-305
-668
-523
-617
-647
-525
-599
-252
-565
-271
-432
-452
-459
-502
-313
-508
-139
-195
-263
-54
-167
-302
-151
-158
-262
-108
99
-212
68
44
-184
-43
-80
-77
-186
164
-139
25
94
-133
104
-118
78
14
10
162
-2
201
8
222
142
147
330
176
402
192
430
276
338
413
355
529
339
642
371
436
546
297
542
416
476
479
441
477
286
445
233
170
498
-23
340
349
-46
274
128
-64
18
156
-176
59
25
-102
-120
-92
-116
-381
21
-334
-275
-21
-390
-298
-125
-484
-396
-152
-548
-263
-338
-287
-447
-371
-225
-588
-231
-385
-286
-306
-364
-49
-509
-236
-82
-501
-70
-168
-163
-174
-36
-149
-224
29
-327
100
-180
-22
93
-87
30
-25
68
-255
176
-10
-104
224
86
-48
190
56
-31
139
31
102
67
270
-36
283
138
-40
305
49
97
208
292
-25
313
237
-65
284
188
22
241
270
115
161
337
125
-27
472
-65
118
329
100
42
230
239
-343
452
-90
-147
328
-62
16
72
216
-354
175
7
-367
171
-43
-156
24
163
-345
40
12
-349
-36
19
-204
-64
152
-249
-71
-44
-226
-163
-88
-39
-111
3
-35
-67
-115
-240
71
-317
-72
153
-167
1
94
-76
-292
175
-361
72
-82
47
208
-260
505
-409
133
24
-183
166
-81
432
-268
402
185
-447
456
-121
-123
133
376
-191
113
515
-480
155
94
-82
-241
388
140
-432
660
-177
-338
289
-143
-228
51
368
-376
162
423
-638
329
-18
-236
139
37
195
-261
457
-206
-117
248
-387
306
-268
207
55
-184
177
-85
-144
-84
123
-308
81
-1
-88
-181
105
-158
-321
215
-254
-116
73
-100
-161
-4
-48
-291
68
-74
-287
236
-244
-86
84
-109
-123
-9
191
-475
240
149
-532
351
15
-252
196
101
-47
-115
285
-180
-111
383
-218
316
92
108
141
-45
123
12
49
164
290
-66
505
-111
93
66
-44
-7
71
421
-266
525
49
-213
120
10
-246
61
387
-233
275
291
-289
3
129
-332
52
298
-129
334
111
1
-19
-5
-118
-31
266
-166
442
11
-19
159
-218
-24
-120
55
-18
48
90
-58
-197
-19
-231
-297
134
-316
50
-37
-205
-137
-198
-157
-480
161
-287
-256
216
-336
-260
91
-331
-350
211
-350
-115
143
-193
-125
67
-187
-191
117
-166
-15
-11
203
-222
136
182
-286
221
-75
81
-48
268
111
-13
289
15
-37
103
61
-5
258
56
309
86
130
75
-20
-24
40
219
-44
429
8
203
4
-81
83
-165
219
50
210
245
120
44
69
-132
-6
146
-67
355
196
78
211
-10
-48
-93
142
-105
222
247
22
250
-98
-35
-96
-143
-11
-26
96
-82
157
-187
-295
230
-649
63
-53
-258
85
-183
6
-499
101
-475
-273
112
-469
170
-216
-250
127
-485
-147
81
-512
104
-14
-288
99
-181
-118
-186
-15
-16
-275
383
-278
79
92
-194
98
-101
213
-352
611
-230
20
544
-442
340
105
-44
194
235
45
171
184
105
-29
373
-123
196
376
-152
415
74
136
-6
296
-60
21
399
-82
112
193
166
-175
336
16
-124
390
-160
171
35
93
5
26
131
-252
366
-235
-67
344
-305
85
160
-214
-57
66
-193
-116
-11
-19
-197
19
-59
-263
86
-302
-42
-85
-130
-92
-61
-57
-410
242
-411
-239
227
-372
35
-163
105
-287
-180
227
-510
67
8
-178
-126
-43
-32
-407
136
-309
-9
-52
-187
162
-186
-104
-3
31
-374
180
102
-338
222
179
-227
31
408
-392
274
299
-149
359
102
220
-14
290
57
55
319
80
114
343
46
141
234
-11
211
38
155
139
-2
196
60
-77
149
13
-41
141
-3
64
1
84
-80
34
-37
75
-66
98
38
-112
204
-255
197
-201
145
-12
-126
214
-218
83
-136
92
-200
78
117
-274
262
-182
-67
24
-131
-73
42
-31
-213
276
-309
-97
115
-223
-142
184
-85
-242
346
-302
-63
36
-157
-83
43
-124
-13
-52
-148
-57
-132
-148
-76
28
-214
70
26
-230
-22
116
-418
146
41
-243
103
147
-158
-98
397
-353
-2
551
-396
170
498
-287
97
243
222
-578
735
121
-573
774
41
-174
-153
965
-844
102
825
-674
119
323
146
-706
682
-25
-507
432
80
-319
143
156
-243
40
5
190
-451
523
-209
-227
501
-418
-13
222
-27
-444
615
-261
-385
633
-409
-121
189
87
-267
-10
507
-781
398
80
-458
297
-201
280
-528
489
-178
-304
316
-100
-109
-115
519
-531
130
359
-420
7
235
-32
-374
444
95
-703
778
-291
-361
396
16
-478
399
168
-621
538
-43
-370
136
396
-737
490
95
-451
384
-125
49
-261
434
-271
-76
442
-338
87
240
-171
-108
349
-217
-125
484
-417
185
96
-126
21
25
4
-82
139
-198
281
-302
161
-60
-29
-96
11
152
-506
561
-361
-52
228
-182
-19
5
156
-345
216
151
-476
388
50
-485
411
23
-511
443
38
-529
512
-36
-465
529
-221
-225
334
-185
-126
282
-198
-38
315
-436
380
-178
-51
182
-135
78
18
121
-297
443
-255
-159
577
-569
237
237
-276
89
156
-16
-290
552
-453
243
48
-151
309
-273
201
14
18
-186
425
-266
-34
326
-108
-184
321
83
-515
680
-258
-247
506
-178
-277
537
-289
-150
421
-273
-31
139
91
-405
511
-278
-54
270
-278
210
-151
145
-171
169
-49
-206
405
-445
118
193
-434
280
-161
25
-58
-124
242
-456
208
-53
-194
-16
85
-115
-236
395
-442
62
112
-208
-52
163
-182
-85
225
-232
-99
276
-271
-125
436
-478
163
98
-90
-159
228
30
-415
511
-126
-329
433
-25
-467
558
-137
-363
438
-5
-443
438
79
-559
604
-119
-271
311
174
-424
329
270
-635
645
-141
-179
288
5
-80
62
236
-303
331
-183
211
-49
-84
388
-362
170
240
-373
286
59
-212
286
-181
203
-255
309
-141
-255
749
-967
726
-132
-403
500
-304
81
-214
320
-235
-288
648
-596
20
338
-343
-34
81
227
-715
696
-218
-503
770
-617
134
58
-5
-299
271
40
-585
773
-622
179
4
-15
-42
-141
311
-357
160
-115
253
-433
264
205
-583
530
-136
-205
231
-32
-120
78
26
-19
-131
265
-205
-20
272
-295
143
108
-207
239
-120
26
196
-294
369
-205
123
-25
105
-26
-11
162
-136
212
-221
322
-210
101
48
82
-220
306
-107
-121
275
-237
208
-310
577
-714
512
6
-493
616
-343
26
-13
293
-463
236
194
-401
137
279
-393
26
402
-501
184
112
-142
-133
297
-235
-59
258
-285
140
-41
-17
-36
8
109
-287
371
-330
150
8
-160
214
-235
132
-33
0
-130
282
-311
64
204
-325
121
179
-282
70
287
-461
293
50
-235
103
122
-185
-56
306
-338
116
102
-196
145
-96
72
-58
61
-134
303
-420
344
-45
-259
464
-461
325
-128
8
1
96
-178
141
85
-371
598
-543
223
210
-465
369
-55
-161
75
186
-339
187
159
-446
451
-217
-95
210
-103
-72
45
182
-412
310
59
-351
267
51
-246
99
160
-181
-70
255
-122
-249
466
-336
23
167
-49
-130
155
113
-396
528
-369
121
110
-159
186
-157
224
-256
261
-118
-65
282
-363
342
-175
4
121
-108
105
-134
307
-463
434
-111
-274
456
-268
-6
41
223
-463
357
50
-471
554
-365
113
-3
-43
123
-214
224
-138
66
-77
132
-96
-122
365
-444
235
64
-257
191
-66
6
-147
252
-227
-24
208
-248
118
-94
137
-200
26
233
-409
198
215
-538
413
-25
-339
370
-159
-23
-46
204
-222
-21
331
-372
99
231
-301
70
162
-126
-167
321
-139
-279
477
-187
-319
519
-192
-364
622
-362
-149
377
-160
-221
388
-217
-42
251
-277
272
-278
264
-134
-23
102
27
-103
44
283
-540
536
-133
-270
369
-45
-286
285
159
-523
532
-104
-254
327
-155
58
-102
121
48
-223
212
47
-193
65
218
-256
-71
371
-328
-127
487
-411
-87
496
-445
-7
388
-368
-47
384
-415
54
292
-386
191
-3
21
-204
245
-66
-275
468
-477
295
-159
27
95
-216
234
-176
100
-171
275
-341
250
-71
-176
378
-528
532
-314
-48
325
-340
170
-60
154
-311
325
-138
-74
159
-127
178
-422
612
-540
150
268
-357
173
-10
157
-484
579
-183
-451
733
-405
-208
486
-172
-293
360
157
-734
762
-134
-635
958
-679
183
110
-26
-137
147
122
-477
735
-724
525
-198
-94
350
-470
545
-512
445
-267
14
247
-390
392
-341
354
-383
282
37
-417
584
-413
90
36
85
-267
224
-12
-195
196
-55
-108
173
-136
-19
224
-445
475
-315
62
80
-106
127
-237
310
-221
15
109
-57
-66
22
137
-183
-33
338
-388
34
476
-726
487
41
-462
440
-34
-356
346
85
-554
651
-310
-137
338
-255
107
-21
2
12
70
-311
550
-524
114
374
-582
457
-226
146
-167
116
44
-199
252
-275
346
-383
228
88
-367
426
-331
230
-166
32
224
-414
354
-42
-245
263
-5
-286
392
-204
-155
450
-422
32
455
-556
114
531
-759
347
272
-435
-19
554
-590
64
529
-707
485
-203
124
-179
198
-124
17
94
-216
342
-379
296
-160
36
65
-202
362
-382
154
220
-462
405
-115
-131
135
46
-189
80
202
-420
363
-25
-324
340
-19
-365
418
-72
-384
523
-183
-313
538
-282
-223
599
-599
266
141
-379
357
-202
100
-176
350
-368
65
417
-714
579
-90
-368
492
-298
37
56
11
-110
68
77
-233
317
-324
275
-184
38
139
-271
288
-155
-13
101
-44
-100
222
-228
85
164
-375
361
-92
-239
333
-78
-253
269
98
-519
564
-160
-340
560
-386
26
240
-252
20
274
-373
96
383
-632
321
350
-802
608
62
-581
547
-161
-132
72
156
-239
91
136
-268
268
-129
-90
276
-256
-31
365
-418
115
228
-223
-115
411
-323
-39
294
-243
34
29
121
-309
300
-100
-134
222
-128
-89
248
-213
-47
359
-445
199
191
-364
200
67
-83
-196
518
-507
140
331
-603
564
-311
79
-71
299
-460
231
371
-918
933
-394
-196
354
-122
-128
109
74
-162
85
11
26
-165
295
-280
138
8
2
-157
227
-26
-386
602
-374
-115
326
43
-649
836
-319
-529
939
-584
-155
501
-77
-697
1014
-514
-371
850
-592
-30
386
-200
-267
604
-560
185
235
-429
240
152
-374
153
324
-604
435
67
-495
542
-207
-247
501
-397
95
150
-167
45
-37
246
-444
390
-45
-353
531
-409
121
45
63
-283
279
131
-643
731
-243
-361
468
-16
-407
316
191
-546
427
35
-385
355
5
-409
515
-196
-305
523
-240
-222
242
309
-854
783
-86
-573
689
-325
12
-45
247
-323
195
-33
-1
-27
-49
254
-440
364
-48
-206
128
183
-346
68
387
-512
96
434
-485
-49
618
-666
105
466
-565
227
94
-62
-190
255
38
-432
514
-211
-157
205
121
-435
375
53
-516
653
-439
106
149
-236
205
-128
82
-150
290
-367
199
160
-450
412
-96
-182
204
7
-217
258
-125
-82
199
-141
-72
236
-173
-95
328
-320
90
103
-67
-194
418
-371
-2
474
-687
475
-26
-236
101
198
-297
61
286
-447
367
-145
-78
243
-243
72
199
-255
25
322
-445
291
-3
-97
57
19
52
-177
251
-202
144
-141
190
-112
-131
412
-490
301
14
-208
219
-121
7
93
-208
185
14
-268
293
-9
-336
394
-67
-356
504
-292
-102
346
-339
77
196
-361
264
-72
-147
140
-31
-176
237
-158
-113
361
-507
353
-83
-186
249
-137
-14
38
41
-152
207
-134
-4
200
-296
253
-30
-231
363
-233
-23
269
-258
99
126
-187
54
198
-272
113
226
-432
309
94
-443
467
-122
-221
307
-58
-173
142
186
-369
258
128
-389
293
65
-303
294
-21
-168
130
50
-119
-24
306
-411
253
59
-243
120
95
-147
-51
297
-367
169
22
-83
-93
221
-204
-44
239
-304
61
185
-249
-23
365
-495
207
196
-379
107
308
-470
197
288
-549
360
65
-328
225
126
-376
307
-6
-263
315
-135
-128
281
-198
-84
365
-407
138
238
-379
150
219
-384
182
193
-395
264
87
-342
275
105
-460
455
-12
-445
482
-6
-481
485
45
-520
446
104
-528
416
129
-544
442
24
-420
374
55
-427
413
-29
-334
289
127
-437
238
339
-705
409
236
-542
195
377
-460
-105
696
-635
-110
791
-737
54
620
-609
9
581
-573
-1
659
-746
199
509
-671
144
599
-774
188
629
-898
371
382
-656
228
364
-536
118
414
-567
167
386
-626
342
190
-508
354
112
-393
167
346
-617
276
402
-793
439
310
-800
512
205
-697
444
243
-707
426
295
-839
680
1
-600
599
-66
-414
389
120
-559
524
-17
-438
473
-91
-270
267
55
-311
256
72
-288
206
72
-220
66
205
-236
-31
355
-334
-18
353
-291
-42
303
-159
-165
327
-127
-190
309
-156
-69
183
-157
63
32
-115
139
-31
-123
173
-29
-156
167
58
-251
195
82
-289
205
47
-209
100
96
-187
74
53
-82
13
8
29
-65
-2
51
-29
-106
146
-26
-138
163
5
-202
189
6
-185
136
53
-126
-11
228
-265
95
120
-121
-1
65
117
-355
378
-65
-299
391
-183
-78
105
38
-155
28
140
-193
75
9
37
-87
4
208
-250
42
223
-207
-83
316
-190
-177
370
-189
-172
289
-100
-156
170
10
-131
37
126
-116
-68
234
-161
-47
211
-142
-46
177
-118
-88
241
-267
117
70
-217
201
-97
-40
59
49
-192
190
-20
-195
297
-206
2
145
-123
17
90
-123
80
39
-141
157
-45
-89
106
33
-208
193
7
-236
236
-20
-167
114
98
-238
154
93
-232
124
115
-233
117
138
-254
180
47
-126
46
129
-120
10
127
-79
-20
85
32
-162
164
-23
-120
120
-31
-80
78
-37
-36
51
-26
-15
53
-4
-100
182
-125
-46
159
-107
-47
142
-35
-163
209
-87
-146
181
-79
-156
231
-123
-110
241
-159
-44
186
-155
-57
213
-184
-9
163
-112
-43
173
-135
-28
130
-135
36
22
-4
-50
84
-43
-19
72
-38
-17
60
-31
-31
79
-47
7
-11
50
-102
42
10
-71
41
-6
-14
-30
40
-26
-26
28
28
-69
67
-17
-1
-14
47
-44
-13
74
-113
83
-53
34
-13
11
-7
22
-15
-33
88
-117
93
-1
-72
49
52
-89
49
80
-121
69
94
-130
58
120
-158
99
43
-51
13
87
-50
-48
148
-118
16
60
-56
-9
66
-41
-18
84
-46
3
47
-44
-34
85
-97
12
60
-84
37
21
-49
-38
85
-144
-6
99
-199
110
51
-179
145
16
-142
122
-6
-93
49
81
-145
49
142
-194
110
62
-128
48
66
-80
-31
124
-65
-52
139
-70
-63
146
-75
-59
95
-33
-82
105
-29
-83
92
-65
-14
-14
2
-12
-51
70
-52
-11
26
17
-42
13
76
-110
58
68
-119
70
44
-103
63
4
-36
4
41
-25
-25
66
-57
28
-14
14
-17
-17
60
-73
24
32
-38
12
53
-40
-1
71
-57
13
64
-61
32
48
-39
37
37
-29
17
40
-42
30
25
-26
27
10
10
-22
48
0
-32
49
-16
-39
9
33
-96
44
46
-123
60
23
-129
37
36
-163
88
24
-135
121
-23
-95
114
-40
-58
94
-47
-35
64
-31
-48
94
-43
-27
90
-85
24
40
-53
54
11
-26
40
-14
-24
42
-44
-11
31
-65
5
10
-55
8
20
-55
4
30
-64
26
41
-60
42
34
-53
49
12
-28
29
14
-26
5
32
-47
17
16
-47
31
4
-33
28
8
-22
36
12
-18
26
18
-27
23
32
-43
32
19
-40
33
16
-42
34
19
-54
36
10
-37
31
14
-52
47
13
-46
57
-17
-23
38
-16
-21
39
-11
-17
41
-25
2
37
-28
-3
21
-33
5
18
-30
11
15
-29
5
8
-24
15
5
-30
14
6
-27
14
-6
-36
15
-5
-37
24
-5
-35
31
1
-27
43
-3
-31
48
-17
-29
51
-30
-29
47
-46
-25
45
-59
-10
49
-55
10
49
-52
28
47
-50
38
31
-47
42
9
-52
39
-7
-46
37
-22
-31
40
-26
-16
34
-27
5
39
-21
17
32
-22
16
18
-20
19
3
-21
15
-6
-16
13
-7
-5
15
-8
-4
9
-4
10
15
2
13
9
-2
10
2
-3
11
2
1
13
-2
2
16
-6
2
17
-16
-4
12
-21
-1
14
-29
2
19
-28
9
14
-37
11
12
-35
19
15
-31
21
7
-32
27
7
-30
24
2
-22
22
-3
-22
16
-9
-19
9
-1
-3
9
-5
-8
-5
-4
-3
-10
1
0
-11
10
5
-9
17
5
-15
13
1
-15
21
-5
-20
19
-2
-17
19
-9
-21
17
-7
-15
22
-3
-13
21
-8
-11
25
-3
-9
17
-13
-14
18
-10
-10
16
-15
-12
11
-17
-10
14
-15
-9
12
-12
-5
12
-13
-2
13
-12
5
20
-10
1
10
-11
6
14
-12
8
17
-7
11
14
-16
0
4
-18
10
19
-1
18
15
-13
11
12
-10
13
11
-12
10
12
-4
18
17
-6
8
2
-19
0
0
-16
5
6
-8
9
1
-18
-2
-2
-15
5
2
-16
-1
-1
-13
7
4
-9
5
-3
-18
-1
-3
-12
7
2
-10
4
-1
-10
5
0
-13
-1
-4
-11
5
-2
-11
5
-1
-6
9
0
-11
-3
-9
-10
3
3
3
14
7
3
11
4
-5
2
-3
-4
9
11
14
21
13
6
9
1
2
7
2
-1
4
5
5
12
8
1
-2
-11
-15
-9
-9
-3
2
1
3
1
-5
-8
-8
-11
-6
-6
-11
-9
-8
-8
-2
0
0
2
0
-6
-6
-6
-3
5
6
3
4
1
1
6
7
5
5
1
-3
3
2
2
5
4
2
4
1
-3
-3
-6
-5
-3
-3
0
6
8
8
5
4
0
-3
-2
-4
-5
1
7
7
8
8
3
2
1
-1
5
8
-1
0
3
-4
1
7
-4
-7
-5
-14
-11
-3
-8
-1
9
1
0
7
-2
0
7
-5
-5
4
-5
-6
4
-5
-2
11
0
0
10
-2
-3
10
1
1
11
-3
-2
8
-4
-5
4
-7
-4
10
-2
-7
5
-9
-9
4
-11
-11
-1
-13
-11
5
-7
-7
11
-1
0
11
-5
-6
5
-11
-12
3
-4
-1
17
8
6
18
4
2
15
0
-7
8
-4
-5
11
0
1
18
4
-2
12
1
-3
9
-4
-7
10
1
-3
9
-4
-12
2
-8
-12
3
-7
-10
6
-2
-5
8
-4
-12
2
-10
-14
1
-6
-11
4
-2
-7
6
-5
-13
3
-4
-9
7
3
-3
8
2
-5
11
2
-11
3
-2
-9
10
7
-1
15
9
-1
15
8
-4
11
4
-8
8
4
-8
12
7
-6
10
4
-8
10
7
-9
6
3
-8
6
-1
-13
0
-3
-14
3
-1
-10
8
5
-11
2
-3
-16
-2
-4
-17
-1
-1
-14
5
6
-4
8
8
-6
1
0
-11
1
-1
-15
0
5
-3
10
12
0
14
14
0
7
1
-11
1
5
-4
6
8
0
9
10
-2
7
6
-5
1
2
-6
2
6
-5
3
3
-11
-6
-4
-12
-4
2
-5
3
7
-6
-1
3
-9
-5
0
-11
-4
2
-8
-3
3
-5
-4
2
-7
-2
8
0
1
8
-2
2
8
-2
-2
6
-4
-3
5
-3
2
13
3
1
8
-2
2
10
-1
1
6
-2
-2
5
-2
-2
7
-2
-4
3
-3
2
8
1
-1
5
-5
-5
0
-6
-7
-2
-6
-4
4
-1
-1
4
1
-3
2
-4
-2
-1
-6
-4
1
-2
-1
1
0
3
5
2
0
3
0
5
2
-2
-1
1
1
3
3
1
3
2
1
1
0
1
2
-1
0
0
2
1
2
0
-3
-1
0
-2
-1
0
-1
-1
1
0
0
-1
-2
0
1
1
-1
-3
-2
0
4
0
0
0
0
-2
-3
-2
0
-2
-1
1
1
1
0
1
0
-1
-2
0
1
-1
-2
-1
-3
-2
1
-1
-1
1
1
1
1
0
1
1
-2
-2
-2
-2
-1
-2
1
2
1
-1
2
3
2
1
-1
-2
0
-1
-1
-2
