-1
0
0
1
0
0
0
0
0
0
0
0
0
-1
-1
0
1
0
1
0
1
0
-1
0
1
1
0
0
-1
-1
1
-1
-1
0
-1
1
0
0
0
0
0
-2
-1
0
0
1
0
0
0
1
0
1
0
0
1
0
0
0
2
2
-1
1
2
2
-1
-1
0
0
1
0
1
1
0
0
0
0
2
0
0
0
-1
1
0
0
0
-2
-2
0
0
1
1
1
0
0
-1
1
1
1
1
0
1
-1
-1
0
0
1
0
-1
-2
-2
0
1
-1
0
2
-1
0
1
2
-1
1
0
0
1
1
0
0
0
0
1
1
0
-1
-3
-1
1
2
1
-1
1
2
2
1
0
-1
-1
1
0
1
0
-1
-1
0
0
0
-1
-1
-1
1
2
2
0
1
1
-1
-2
0
0
-1
1
0
-1
0
0
2
0
1
1
2
1
0
0
0
0
0
-1
-1
0
0
0
1
0
0
0
0
-1
-1
-1
-1
1
1
0
-2
0
0
2
0
-1
-1
-1
2
0
0
-1
0
-1
-2
-1
0
0
0
-1
0
1
0
1
0
1
1
0
0
2
-1
0
-1
0
1
-1
-1
0
-1
-1
2
1
1
0
0
-1
0
-1
-1
0
0
0
0
-2
-1
0
0
-1
-1
0
1
0
-1
0
-1
0
1
-1
1
1
0
0
0
1
-1
-1
-1
2
1
-1
-2
-2
-2
0
-2
-1
-2
-2
-2
-1
1
0
-1
-2
-2
-3
-3
-1
-2
-2
-2
-3
-4
-2
-2
-1
-2
-2
-2
-1
1
-2
-2
-2
-1
-2
-3
-4
-2
-1
-2
-2
-3
-1
-2
-2
-2
-2
-1
-2
-2
-3
-2
-2
-3
-1
-2
-1
-2
-3
-3
-3
-1
-2
-1
-2
0
0
-2
-3
-3
-2
-2
-3
-3
-3
0
1
0
-1
-1
1
-1
-1
-1
-1
1
1
0
1
2
4
2
3
4
4
7
6
4
3
6
8
6
3
5
9
10
9
6
8
10
10
8
7
8
9
10
9
7
7
9
7
4
5
9
10
6
5
3
4
5
4
3
2
3
5
1
-1
1
5
3
2
-1
1
3
1
0
-1
1
1
2
0
-1
0
1
1
-2
-3
0
-1
-3
-4
-5
-5
-3
-2
-6
-7
-7
-6
-7
-10
-11
-9
-10
-9
-11
-13
-12
-11
-11
-13
-14
-12
-12
-13
-14
-14
-12
-11
-11
-13
-13
-11
-10
-9
-10
-8
-8
-7
-6
-5
-5
-3
-3
0
-2
-2
1
1
-1
2
3
2
3
3
2
1
3
3
4
5
5
4
5
5
3
3
3
4
4
2
3
4
2
3
3
4
5
5
4
2
4
5
4
3
5
5
5
5
4
6
7
8
9
10
12
12
11
11
11
11
11
13
12
12
13
12
9
9
10
12
10
7
6
8
7
8
9
10
7
6
5
7
7
7
8
5
5
6
7
7
6
5
2
2
1
1
-1
-3
-8
-11
-11
-12
-14
-17
-23
-27
-30
-35
-37
-38
-40
-42
-47
-49
-53
-55
-56
-57
-59
-59
-59
-58
-56
-57
-54
-54
-54
-54
-52
-47
-44
-42
-40
-38
-36
-33
-27
-22
-18
-14
-8
-4
2
11
17
26
33
42
51
61
71
79
86
94
100
105
107
112
115
115
113
111
112
108
104
101
95
89
80
72
68
63
62
58
54
53
51
52
54
56
61
63
68
72
77
82
87
89
92
93
94
97
98
96
88
79
70
59
48
34
19
3
-20
-38
-58
-71
-85
-101
-120
-141
-157
-171
-181
-189
-194
-201
-206
-209
-206
-201
-196
-190
-186
-179
-172
-160
-150
-143
-136
-127
-118
-105
-91
-76
-64
-55
-48
-43
-34
-23
-8
6
20
31
42
49
59
67
76
83
91
96
103
111
117
117
111
102
94
90
89
87
78
67
53
45
42
42
46
47
46
51
59
74
88
103
120
139
163
190
217
241
259
273
284
297
307
312
308
292
272
250
227
200
166
123
77
29
-19
-66
-119
-171
-225
-273
-311
-343
-372
-400
-431
-455
-467
-467
-460
-452
-443
-429
-410
-386
-356
-326
-299
-274
-244
-209
-173
-140
-117
-105
-93
-84
-76
-70
-70
-74
-83
-91
-99
-108
-119
-134
-150
-167
-180
-188
-192
-192
-194
-193
-188
-184
-174
-157
-133
-107
-79
-55
-30
-2
28
67
108
149
187
228
274
324
372
415
452
483
519
565
617
669
710
739
763
788
820
849
871
875
872
873
875
873
856
814
750
679
611
556
497
416
313
201
101
17
-63
-147
-243
-341
-425
-489
-538
-584
-634
-682
-715
-724
-711
-690
-669
-651
-629
-593
-536
-470
-406
-359
-325
-290
-246
-188
-134
-97
-78
-68
-59
-43
-33
-43
-71
-112
-152
-182
-204
-237
-289
-360
-436
-491
-529
-565
-608
-665
-722
-766
-785
-783
-788
-803
-812
-812
-786
-734
-684
-640
-595
-549
-491
-411
-330
-258
-190
-118
-39
51
133
205
269
326
383
443
502
553
598
633
664
697
729
748
768
783
791
797
797
787
769
759
755
752
748
744
733
732
740
749
763
783
805
828
852
878
913
941
974
1001
1020
1034
1043
1050
1050
1043
1013
958
884
796
702
592
477
344
204
61
-89
-244
-405
-561
-710
-834
-942
-1031
-1118
-1200
-1272
-1333
-1368
-1378
-1355
-1311
-1255
-1190
-1121
-1040
-947
-843
-730
-621
-510
-397
-292
-199
-121
-63
-18
22
61
97
108
88
42
-24
-88
-146
-212
-290
-383
-486
-589
-687
-780
-874
-964
-1036
-1091
-1131
-1170
-1204
-1226
-1229
-1204
-1155
-1095
-1032
-973
-902
-814
-708
-587
-475
-372
-260
-146
-23
103
207
300
393
481
571
650
708
748
769
790
819
842
848
847
843
852
864
868
874
891
916
945
976
1016
1066
1123
1180
1229
1285
1358
1430
1493
1550
1595
1630
1611
1539
1467
1420
1375
1296
1179
1050
904
718
504
288
103
-66
-227
-377
-523
-671
-814
-946
-1073
-1160
-1198
-1170
-1120
-1088
-1068
-1044
-992
-920
-824
-695
-551
-406
-269
-152
-42
55
149
249
350
453
540
600
621
608
579
565
545
503
443
356
255
128
-26
-170
-294
-419
-576
-748
-895
-1031
-1188
-1364
-1507
-1602
-1674
-1736
-1797
-1829
-1819
-1812
-1823
-1822
-1780
-1690
-1571
-1459
-1342
-1208
-1076
-948
-821
-684
-540
-394
-267
-169
-88
-4
98
187
250
295
343
397
439
472
492
511
532
554
575
584
594
611
644
687
734
792
867
958
1047
1120
1182
1261
1359
1460
1556
1659
1798
1957
2084
2172
2259
2364
2450
2480
2494
2555
2643
2681
2627
2519
2387
2194
1929
1638
1383
1153
900
605
264
-95
-437
-748
-1041
-1319
-1527
-1645
-1715
-1818
-1960
-2090
-2171
-2207
-2203
-2135
-1996
-1829
-1672
-1540
-1414
-1268
-1093
-893
-684
-472
-268
-75
75
187
287
395
498
567
597
600
568
465
318
168
52
-70
-237
-433
-623
-816
-1049
-1320
-1575
-1764
-1913
-2058
-2194
-2278
-2324
-2401
-2514
-2598
-2615
-2549
-2427
-2295
-2152
-1995
-1856
-1711
-1535
-1342
-1122
-897
-670
-463
-288
-127
43
218
373
501
636
768
876
946
988
1030
1063
1093
1115
1136
1153
1145
1126
1102
1095
1103
1117
1146
1186
1223
1240
1263
1307
1365
1430
1514
1638
1785
1932
2055
2166
2293
2429
2543
2658
2816
2998
3147
3226
3250
3215
3099
2914
2717
2520
2304
2048
1738
1362
928
494
99
-284
-676
-1028
-1295
-1510
-1729
-1976
-2217
-2418
-2564
-2648
-2673
-2649
-2582
-2481
-2360
-2236
-2093
-1907
-1684
-1450
-1216
-979
-753
-541
-349
-167
7
177
315
418
490
528
493
385
277
191
102
-34
-190
-346
-521
-727
-970
-1204
-1396
-1568
-1738
-1885
-1986
-2071
-2218
-2388
-2511
-2565
-2566
-2524
-2431
-2318
-2221
-2136
-2033
-1891
-1693
-1466
-1237
-1024
-824
-625
-454
-291
-90
135
333
490
619
747
843
894
940
1031
1145
1222
1278
1328
1372
1366
1330
1333
1374
1416
1446
1488
1529
1547
1536
1543
1583
1643
1708
1792
1893
1977
2029
2065
2121
2199
2295
2432
2606
2756
2859
2949
3039
3096
3126
3192
3286
3341
3343
3310
3177
2880
2494
2092
1649
1120
581
107
-353
-812
-1203
-1494
-1780
-2097
-2336
-2454
-2534
-2629
-2672
-2626
-2554
-2510
-2433
-2274
-2106
-1987
-1874
-1717
-1552
-1422
-1250
-1021
-816
-664
-513
-329
-180
-62
60
172
248
301
347
317
182
5
-204
-456
-725
-971
-1209
-1452
-1646
-1823
-2062
-2349
-2616
-2869
-3109
-3215
-3166
-3105
-3066
-2961
-2874
-2939
-3056
-3024
-2867
-2664
-2305
-1789
-1368
-1173
-1026
-873
-821
-788
-556
-149
201
467
724
858
768
623
585
603
651
795
984
1107
1141
1128
1046
956
996
1149
1278
1418
1642
1816
1803
1750
1806
1850
1825
1923
2182
2359
2382
2433
2559
2638
2679
2776
2907
2984
3071
3219
3318
3360
3456
3535
3509
3450
3463
3437
3288
3156
3138
3052
2733
2254
1750
1182
438
-443
-1238
-1859
-2450
-3070
-3439
-3397
-3330
-3518
-3594
-3284
-3048
-3122
-2990
-2374
-1842
-1655
-1277
-616
-300
-415
-334
-10
79
54
303
587
548
452
512
405
94
-7
73
-19
-175
-128
-190
-598
-1022
-1264
-1645
-2166
-2466
-2541
-2696
-2878
-2898
-2916
-3132
-3336
-3284
-3109
-2920
-2553
-1930
-1362
-1091
-1054
-1009
-1086
-1343
-1461
-960
-272
125
392
834
958
563
187
243
426
471
673
1074
1191
864
511
226
-154
-423
-358
-248
-141
23
159
46
-86
-93
0
130
465
988
1507
1931
2291
2470
2455
2408
2401
2357
2401
2629
2824
2920
3047
3096
2900
2668
2548
2397
2247
2349
2500
2479
2378
2396
2255
1925
1716
1773
1782
1783
1959
2116
2006
1833
1694
1389
980
607
148
-498
-1145
-1833
-2609
-3301
-3663
-3841
-3749
-3250
-2574
-2182
-1894
-1514
-1319
-1389
-1189
-647
-301
-126
282
657
498
131
-29
-193
-562
-728
-599
-529
-665
-741
-804
-983
-1195
-1283
-1317
-1307
-1277
-1278
-1392
-1550
-1729
-1964
-2245
-2456
-2526
-2564
-2631
-2649
-2595
-2588
-2606
-2494
-2170
-1780
-1361
-907
-512
-420
-513
-660
-857
-1067
-887
-418
-9
287
680
900
757
554
593
741
834
996
1261
1387
1231
952
625
292
25
-124
-236
-204
-76
-14
-84
-58
28
78
144
386
747
1098
1442
1836
2178
2349
2399
2379
2274
2154
2123
2092
2072
2196
2356
2286
2059
1909
1791
1559
1370
1414
1549
1526
1451
1458
1455
1371
1374
1509
1679
1752
1719
1632
1574
1481
1315
1277
1420
1450
1151
699
112
-826
-2005
-2788
-3045
-3255
-3484
-3198
-2476
-2076
-2144
-1991
-1505
-1325
-1521
-1347
-641
-153
-217
-276
-15
69
-313
-744
-827
-730
-790
-987
-1016
-848
-760
-931
-1142
-1084
-876
-826
-877
-704
-375
-325
-617
-866
-925
-1127
-1605
-1938
-1893
-1856
-2105
-2243
-1971
-1654
-1527
-1264
-818
-711
-1069
-1401
-1650
-2080
-2290
-1624
-568
0
227
606
737
213
-324
-118
512
927
1181
1519
1724
1444
803
259
140
368
639
794
945
1044
893
474
108
52
280
677
1126
1496
1659
1609
1457
1366
1355
1450
1674
1957
2120
2087
1953
1780
1567
1393
1351
1341
1267
1191
1148
1049
888
763
754
828
962
1068
1153
1392
1770
1973
1950
2026
2214
2177
1928
1789
1735
1616
1607
1809
1848
1607
1518
1634
1347
508
-257
-692
-1249
-2139
-2879
-3074
-3005
-3106
-3219
-2934
-2375
-2217
-2598
-2785
-2360
-1896
-1883
-1842
-1276
-653
-565
-750
-758
-737
-914
-1015
-856
-633
-472
-304
-221
-354
-530
-546
-434
-252
38
301
392
411
360
9
-567
-943
-1050
-1214
-1447
-1474
-1399
-1515
-1755
-1807
-1609
-1397
-1367
-1500
-1574
-1637
-2024
-2566
-2451
-1477
-524
-116
254
807
867
171
-395
-156
406
659
735
1071
1445
1235
420
-290
-377
-167
-138
-137
164
531
477
34
-327
-403
-331
-158
207
655
942
1037
1086
1066
887
677
716
963
1101
1039
965
982
917
678
498
620
925
1094
1110
1197
1352
1389
1347
1570
2088
2502
2626
2669
2802
2851
2698
2542
2613
2853
2994
2972
3067
3486
3988
4155
3823
2956
1591
-137
-2297
-4775
-6361
-5754
-3945
-3083
-2819
-1421
-133
-1435
-3753
-3596
-1869
-1825
-2533
-953
1649
1784
44
-566
-78
-480
-1490
-1407
-357
326
315
144
69
-33
-218
-387
-353
-91
149
277
445
486
11
-781
-1331
-1609
-1955
-2277
-2222
-1838
-1493
-1421
-1492
-1457
-1392
-1687
-2202
-2218
-1631
-946
-203
690
1204
1153
1094
741
-575
-1688
-1062
100
18
-195
791
1360
90
-1276
-1054
-493
-871
-1163
-402
543
487
-488
-1433
-1690
-1549
-1652
-1848
-1373
-296
428
425
260
250
156
-16
71
499
972
1350
1672
1828
1626
1214
947
885
812
777
1042
1445
1540
1255
973
861
683
406
378
747
1177
1349
1407
1596
1754
1613
1356
1409
1733
1939
1973
2103
2417
2698
2813
2889
3032
3100
2908
2688
2869
3331
3413
2785
1722
524
-900
-2885
-5212
-6420
-5301
-3146
-2225
-2079
-889
260
-975
-3154
-3041
-1383
-1079
-1539
-322
1705
1916
567
-234
-237
-497
-901
-658
103
723
1021
1124
995
679
424
381
479
606
745
861
824
496
-145
-973
-1763
-2317
-2599
-2669
-2540
-2209
-1857
-1705
-1752
-1861
-2067
-2363
-2501
-2360
-2119
-1795
-1152
-341
168
254
147
-43
-387
-752
-880
-712
-341
38
186
-15
-368
-678
-954
-1182
-1167
-850
-497
-403
-626
-1005
-1463
-1930
-2218
-2117
-1604
-886
-120
594
1055
1157
1043
972
979
1036
1221
1653
2101
2164
1825
1451
1228
947
617
550
958
1436
1605
1526
1474
1387
1086
714
511
544
697
934
1131
1269
1334
1326
1109
844
790
938
1117
1359
1893
2567
3075
3298
3498
3679
3568
3150
2854
2813
2685
2367
1966
1218
-129
-1842
-3696
-5320
-5645
-4209
-2440
-1485
-528
677
453
-1378
-2475
-1996
-1765
-2037
-1134
780
1485
846
339
135
-534
-1192
-965
-211
592
1250
1678
1563
1339
1022
555
0
-90
56
20
-25
-58
-382
-1259
-1924
-2389
-2734
-3070
-2812
-2457
-2419
-2600
-2529
-2332
-2430
-2556
-2684
-2588
-2291
-1714
-1997
-2849
-2611
-722
594
352
276
947
758
-665
-1250
-364
365
278
449
1240
1573
936
-57
-717
-787
-655
-446
-443
-338
-344
-354
-506
-432
-189
145
579
981
1330
1299
1188
927
856
543
242
71
313
485
370
362
688
1081
960
811
841
1050
994
1031
1148
1241
1213
1196
1173
1041
1044
1097
1099
969
1058
1234
1273
1208
1496
2195
2858
3318
3753
4112
3912
3365
2987
2808
2568
2460
2261
1232
-212
-1272
-2736
-5170
-5992
-3616
-1140
-1157
-994
1204
1936
-744
-2862
-1787
-750
-1647
-1639
743
2366
1500
22
-352
-406
-761
-902
-342
741
1721
2092
1761
1363
1010
551
-17
-84
255
560
509
280
-154
-847
-1695
-2496
-3103
-3533
-3602
-3319
-2820
-2602
-2546
-2379
-2119
-2421
-3092
-3334
-2885
-2389
-2200
-1856
-1122
-303
83
174
166
133
-40
-156
-18
292
589
793
977
1007
832
551
284
65
-115
-178
-249
-371
-595
-771
-925
-986
-920
-744
-518
-221
219
566
685
508
285
69
-65
-252
-377
-277
113
521
700
793
899
888
585
301
257
429
691
1143
1635
1812
1567
1250
1135
1080
920
791
873
1065
1241
1422
1524
1467
1450
1867
2719
3584
4064
4073
3823
3539
3348
3114
2918
2762
2384
1353
-175
-1825
-3383
-4571
-4898
-4167
-2694
-971
415
1027
847
172
-797
-1624
-1611
-761
-33
168
440
858
532
-625
-1484
-1423
-978
-560
71
914
1414
1230
617
66
-158
-167
-131
13
319
508
362
-55
-683
-1534
-2394
-3025
-3289
-3099
-2510
-1962
-1718
-1565
-1318
-1262
-1469
-1806
-2063
-1924
-1298
-1323
-2585
-3292
-1716
552
1210
1045
1527
1661
325
-988
-759
-22
-154
-399
286
1432
1749
836
-527
-1190
-1074
-1015
-1343
-1422
-1030
-818
-1148
-1639
-1767
-1467
-830
-225
78
142
241
242
4
-328
-503
-534
-433
-117
311
525
315
-36
-167
-39
18
50
435
1280
2002
2241
2219
2288
2271
1912
1439
1352
1713
2046
2032
1890
1856
1706
1401
1417
2171
3186
3862
4303
5042
5706
5550
4715
4211
3863
2588
384
-1670
-3747
-6119
-6975
-4710
-1599
-448
-209
1074
1727
-90
-2143
-1863
-641
-373
40
1620
2792
2158
603
-714
-1576
-1914
-1597
-931
-62
947
1568
1181
273
-297
-431
-515
-528
-240
392
1003
1073
488
-386
-1284
-2257
-3113
-3453
-3148
-2464
-1733
-1302
-1200
-1233
-1394
-1796
-2054
-1865
-1510
-1193
-702
-673
-1785
-2959
-2596
-1452
-952
-429
965
1934
1336
359
237
148
-657
-1195
-642
361
822
578
4
-464
-900
-1562
-2294
-2495
-2058
-1529
-1364
-1382
-1284
-1089
-904
-709
-364
183
709
892
787
661
531
215
-158
-307
-213
-85
29
290
689
1043
1105
919
854
1262
1857
2090
1945
1987
2384
2667
2522
2193
1872
1467
1150
1306
1804
2080
2087
2371
3147
3970
4397
4433
4360
4306
4180
3972
3862
3545
2151
-489
-3266
-5425
-6997
-7149
-4692
-1073
612
128
-58
418
-270
-1702
-1513
201
1298
1530
2091
2500
1430
-566
-1883
-2025
-1435
-537
140
273
276
475
362
-288
-656
-127
672
948
879
993
1096
631
-406
-1496
-2315
-2838
-3027
-2862
-2480
-2016
-1577
-1353
-1433
-1691
-1934
-2071
-2041
-1797
-1340
-775
-562
-1275
-2496
-2826
-1956
-1128
-907
-485
330
507
-282
-1001
-1097
-1197
-1562
-1562
-876
-139
-130
-837
-1574
-1965
-2293
-2698
-2853
-2544
-2060
-1752
-1590
-1377
-1055
-609
-107
338
727
1109
1361
1387
1301
1237
1116
790
399
253
386
565
722
878
1009
1150
1436
1811
1927
1713
1620
1913
2240
2281
2291
2545
2736
2499
2121
2151
2475
2628
2657
3087
4048
4905
4968
4479
4234
4358
4354
4354
4724
4556
2559
-847
-4289
-7057
-8110
-6103
-2399
-313
-234
122
564
-842
-2777
-2318
-358
488
902
2663
4193
3070
242
-1667
-1914
-1403
-808
-267
275
763
743
-131
-1190
-1417
-872
-359
11
695
1525
1656
818
-241
-903
-1451
-2222
-2779
-2663
-2242
-2047
-1992
-1873
-1926
-2166
-2202
-2064
-2048
-1865
-1124
-404
-319
-539
-712
-1611
-2961
-2971
-1400
-472
-706
-523
233
-67
-1346
-1943
-1495
-1367
-1758
-1499
-462
145
-406
-1529
-2252
-2242
-2203
-2405
-2313
-1622
-1072
-1137
-1424
-1302
-965
-765
-464
221
1010
1582
1971
2202
2213
1954
1685
1585
1591
1556
1521
1486
1400
1226
1014
928
1011
1155
1268
1484
1809
2274
2702
2804
2591
2566
2844
3015
2997
3260
3856
4240
4388
4634
4757
4235
3613
3835
4808
5353
4872
3606
1952
-137
-3013
-6400
-8190
-6143
-1873
455
-72
-723
-1091
-3037
-5198
-3895
-102
1813
1429
2011
3617
3028
-207
-2831
-2511
-314
1471
1787
1287
621
-326
-1754
-2832
-2604
-1247
220
1307
2066
2070
838
-1174
-2441
-2314
-1486
-1047
-1056
-1287
-1671
-2356
-3293
-4205
-4475
-3715
-2501
-1629
-1352
-1254
-1381
-1621
-1918
-2031
-1838
-904
-667
-2026
-3059
-1608
-68
-705
-1837
-1436
-1049
-2042
-2739
-1706
-545
-926
-1717
-1631
-882
-766
-1686
-2908
-2833
-1782
-1081
-1213
-1343
-1327
-1432
-1679
-1512
-842
-39
693
1273
1666
1897
1987
1872
1913
2213
2533
2683
2756
2679
2415
1938
1325
820
758
1309
2056
2390
2338
2431
2646
2758
2858
3163
3451
3528
3543
3940
4723
5359
5370
4913
4441
4151
4079
4285
4524
4389
4070
3595
2003
-1524
-5868
-8635
-7943
-4137
13
1610
654
-1085
-3026
-5089
-5468
-3104
-176
1248
2257
3706
3481
389
-3037
-3785
-1854
843
2664
3087
2306
705
-1470
-3524
-4338
-3351
-1196
1015
2305
2146
707
-1273
-2862
-3319
-2486
-1093
-95
131
-254
-1245
-2838
-4505
-5244
-4533
-2901
-1333
-564
-591
-1062
-1515
-1863
-2035
-1614
-272
502
-491
-1588
-718
509
36
-899
-592
-41
-347
-513
194
458
-549
-1594
-1586
-868
-411
-794
-1685
-1905
-1341
-1050
-1501
-1904
-1687
-1193
-866
-515
87
566
645
603
779
1101
1400
1586
1855
2363
2910
3201
3121
2797
2372
1835
1277
1200
1891
2918
3367
2738
1526
748
731
1098
1754
2794
3747
4058
3968
3909
3759
3299
3010
3457
4359
4833
4550
4117
4004
3656
2371
523
-1453
-4069
-7010
-7804
-5004
-1127
312
-639
-1682
-2359
-3445
-3923
-2243
469
1696
1345
1270
1601
603
-1847
-3323
-2119
573
2436
2619
1710
228
-1587
-3016
-3209
-2193
-800
226
660
495
-425
-2069
-3691
-4198
-3276
-1763
-678
-435
-994
-2100
-3315
-4195
-4525
-4161
-3106
-1840
-1054
-1125
-1913
-2789
-3030
-2510
-1695
-950
-358
9
200
383
427
54
-528
-698
-205
561
1066
988
306
-540
-1039
-1114
-1012
-948
-915
-817
-769
-1054
-1699
-2255
-2257
-1701
-904
-133
471
764
687
485
454
614
925
1500
2261
2777
2777
2580
2605
2769
2817
2706
2548
2532
2799
3244
3558
3552
3154
2482
1951
1956
2401
2851
3141
3417
3792
4067
3929
3407
3017
3162
3608
3909
3875
3472
2874
2619
2675
1737
-1085
-4557
-6622
-6605
-4884
-2219
-367
-1050
-3408
-4630
-3725
-2054
-628
680
1581
1486
794
52
-892
-1926
-1997
-626
1149
1993
1430
-157
-1948
-2995
-2823
-1739
-439
471
635
-63
-1288
-2470
-3135
-3038
-2213
-1162
-716
-1241
-2206
-2872
-3144
-3138
-2710
-1939
-1451
-1656
-2200
-2643
-2838
-2781
-2412
-1763
-992
-382
-300
-599
-683
-189
504
970
1314
1554
1414
828
293
91
51
93
319
626
557
-11
-759
-1262
-1320
-957
-447
-323
-642
-941
-893
-715
-641
-440
152
979
1547
1601
1355
1232
1440
1893
2447
3018
3418
3308
2651
2001
1946
2482
3240
3955
4425
4261
3536
3032
3280
3810
3840
3489
3318
3520
3726
3650
3343
2914
2528
2229
2276
2870
3882
4351
2721
-1578
-6823
-9318
-7052
-2113
1078
309
-2935
-6338
-8158
-7039
-2613
2280
3657
1488
-490
-219
26
-1414
-2537
-917
2443
4390
3435
389
-2772
-4458
-4044
-2041
323
1714
1084
-1240
-3596
-4476
-4016
-3099
-1927
-555
189
-677
-2835
-4854
-5363
-4134
-2222
-999
-1092
-2149
-3566
-4687
-4882
-3955
-2542
-1459
-938
-994
-1507
-1945
-1585
-533
545
1423
2065
2115
1319
386
94
313
487
586
841
855
234
-718
-1184
-853
-199
108
-168
-621
-922
-984
-807
-337
271
551
380
312
846
1543
1679
1419
1649
2577
3344
3393
3160
3184
3269
3106
3025
3403
4042
4403
4144
3462
2975
3249
4044
4637
4655
4154
3313
2574
2766
3833
4529
3996
2885
2257
2107
2075
2088
2212
2216
1359
-1278
-5546
-8605
-7458
-3026
228
-347
-3130
-5923
-7805
-7478
-3425
2228
4379
1592
-1897
-2135
-509
-71
-515
401
2697
3941
2744
-19
-2545
-3641
-3022
-1138
851
1581
243
-2413
-4437
-4402
-2852
-1402
-760
-602
-845
-1929
-3583
-4635
-4291
-2958
-1705
-1383
-2176
-3369
-3883
-3438
-2887
-2855
-2782
-2053
-1126
-781
-938
-1106
-1159
-942
63
1760
2875
2415
1062
318
641
1250
1378
1084
840
717
396
-143
-437
-293
-146
-355
-657
-705
-646
-667
-447
266
955
918
294
-39
509
1637
2552
2832
2804
3041
3526
3669
3265
2935
3291
4137
4839
5051
4776
4174
3673
3840
4658
5392
5394
4812
4202
3846
3808
4014
4155
3754
2882
2242
2239
2576
2939
3076
1653
-2639
-7844
-9100
-4833
78
259
-3698
-7605
-9577
-9462
-6166
-248
3470
1206
-3802
-5454
-2878
-181
353
353
1317
2275
1680
-422
-2522
-3012
-1520
658
1777
1241
-395
-2335
-3754
-3731
-2254
-863
-1071
-2537
-3775
-4204
-4332
-4416
-4166
-3546
-3042
-3170
-3928
-4545
-4098
-2909
-2528
-3450
-4156
-3499
-2418
-2070
-2028
-1671
-1399
-1299
-534
948
1852
1523
921
1089
1806
2226
2003
1464
1136
1088
929
502
100
-65
-159
-321
-464
-531
-529
-381
-10
505
917
1010
823
726
1146
2052
2912
3281
3246
3307
3644
3788
3417
3146
3813
5066
5670
5233
4567
4423
4796
5412
6113
6553
6380
5720
5144
5096
5342
5320
4821
4071
3417
3141
3330
3614
3392
2342
63
-3824
-7654
-7639
-2983
1199
-190
-5330
-8829
-9142
-7576
-4038
755
2500
-1255
-6024
-6045
-2092
809
815
91
277
765
473
-551
-1189
-570
876
1751
1315
139
-1060
-1946
-2156
-1536
-873
-1283
-2701
-3959
-4231
-3722
-3127
-2953
-3345
-3999
-4410
-4541
-4570
-4293
-3682
-3590
-4597
-5559
-5028
-3532
-2698
-2805
-2899
-2631
-2200
-1317
142
1341
1415
780
556
1055
1705
2010
2046
2053
1869
1197
232
-341
-163
330
533
231
-289
-614
-571
-231
115
300
377
481
783
1258
1634
1789
1842
2014
2311
2602
2919
3304
3739
4121
4266
4177
4093
4287
4753
5450
6368
7007
6809
6073
5806
6431
7072
6864
6078
5417
5272
5431
5350
4889
4341
3906
2555
-1125
-5525
-6400
-2602
1117
-149
-4722
-7711
-8204
-7600
-5093
-538
1666
-1886
-6957
-6943
-2370
872
563
-637
-782
-565
-875
-1203
-802
214
1248
1490
589
-804
-1755
-1731
-880
58
114
-1233
-3320
-4694
-4379
-2895
-1877
-2364
-3831
-4927
-5151
-5209
-5460
-5514
-5432
-5884
-6781
-6999
-6192
-5358
-5171
-5120
-4682
-4096
-3458
-2440
-1145
-151
212
159
45
133
615
1391
2030
2147
1790
1289
799
333
46
264
886
1091
483
-272
-389
19
302
375
497
663
778
880
1132
1557
1878
1807
1469
1634
2735
3940
4234
3815
3680
4173
4824
5375
5921
6416
6666
6797
7240
7844
8046
7767
7432
7388
7481
7452
7385
7194
6641
5809
5009
4451
3326
469
-3215
-4516
-1976
757
-646
-4719
-6905
-6607
-6129
-5080
-2094
15
-2217
-6063
-5997
-2244
292
-120
-1027
-835
-387
-419
-393
70
806
1577
1842
1190
130
-313
211
990
1186
542
-757
-2202
-3109
-3010
-2273
-1953
-2703
-4103
-5067
-5087
-4827
-5222
-6254
-7032
-7092
-7013
-7211
-7238
-6853
-6591
-6545
-5996
-4842
-3904
-3462
-2853
-1869
-1092
-760
-539
-239
167
753
1299
1449
1339
1274
1132
769
476
533
678
526
149
-190
-289
-101
165
214
35
-72
26
222
527
828
742
291
198
971
2009
2457
2408
2613
3412
4379
5091
5559
5885
6166
6633
7500
8446
8748
8335
8007
8321
8877
9017
8737
8415
8140
7806
7348
6288
3692
6
-1921
-313
1850
279
-4039
-6367
-5788
-5328
-5210
-3318
-1620
-3795
-7385
-6714
-2428
-243
-1561
-2721
-2081
-1370
-1243
-568
711
1534
1580
1256
858
710
1180
2085
2653
2392
1502
501
-246
-635
-673
-537
-784
-1870
-3341
-4159
-4062
-3949
-4727
-6204
-7295
-7520
-7645
-8277
-8663
-8090
-7386
-7522
-7871
-7331
-6150
-5162
-4282
-3189
-2315
-2093
-2064
-1479
-289
865
1353
1211
975
945
1084
1327
1500
1283
695
234
156
184
92
22
32
-62
-338
-634
-729
-555
-358
-479
-820
-898
-639
-441
-331
78
781
1435
2112
3006
3723
3966
4288
5357
6767
7608
7744
7719
7967
8464
9027
9443
9500
9220
8939
8884
8842
8259
6670
4042
1423
798
2337
2998
271
-3621
-4855
-3831
-3326
-3173
-2037
-1955
-4706
-6830
-4778
-1284
-859
-2672
-3160
-2144
-1569
-1428
-612
594
1104
880
552
519
905
1626
2318
2449
1878
1127
777
763
696
539
407
-9
-906
-1748
-2043
-2184
-2756
-3671
-4562
-5297
-5823
-6265
-6703
-6847
-6488
-6200
-6560
-6930
-6449
-5439
-4659
-4002
-3134
-2514
-2515
-2511
-1856
-784
25
317
334
393
509
607
816
1170
1293
875
234
-44
82
228
304
398
393
112
-361
-737
-672
-119
306
-134
-1180
-1698
-1243
-526
-155
105
494
807
1016
1526
2528
3587
4228
4424
4556
4991
5620
6154
6480
6623
6651
6635
6817
7231
7426
6490
4271
2236
2506
4407
4617
1742
-1252
-1631
-929
-1065
-897
295
-39
-2894
-4573
-2559
24
-281
-1930
-1854
-755
-754
-1250
-456
1067
1496
719
199
434
867
1145
1448
1621
1331
792
477
495
606
657
450
-93
-722
-1141
-1546
-2146
-2707
-3161
-3943
-4965
-5504
-5388
-5399
-5806
-6063
-5966
-5917
-5895
-5406
-4551
-3909
-3592
-3244
-2771
-2367
-2068
-1645
-1119
-747
-647
-493
-60
367
450
460
677
831
566
139
62
324
570
517
214
-59
-184
-341
-465
-259
44
-303
-1145
-1392
-843
-439
-475
-280
263
550
626
1147
2060
2759
3123
3441
3821
4144
4489
5052
5492
5365
4865
4782
5362
5779
5463
4407
2710
1048
1151
3044
3703
1061
-1993
-2141
-754
-542
-705
173
106
-2180
-3560
-1644
765
505
-859
-586
434
302
-184
632
2020
2307
1558
1057
1152
1427
1698
2102
2227
1699
944
755
1142
1405
1209
783
335
-282
-1035
-1591
-1840
-2158
-2869
-3890
-4868
-5329
-5204
-4989
-5201
-5691
-5831
-5588
-5207
-4668
-3917
-3333
-3173
-2987
-2440
-1848
-1446
-1089
-788
-697
-622
-245
208
374
321
383
662
969
1088
986
778
640
705
898
935
586
210
335
629
355
-244
-351
-18
-9
-294
-265
71
284
412
708
1157
1535
1740
1896
2352
3153
3697
3607
3483
3862
4302
4423
4358
4208
3951
3901
3722
2390
452
105
1543
1946
-74
-2077
-2146
-1870
-2368
-2054
-549
-537
-2796
-3962
-2146
-188
-529
-1451
-948
-110
-242
-325
583
1485
1484
1309
1592
1839
1808
2109
2814
3093
2636
2217
2332
2569
2497
2295
2084
1518
568
-41
-51
-391
-1537
-2649
-3133
-3584
-4351
-4730
-4488
-4472
-5158
-5847
-5885
-5400
-4667
-3991
-3846
-4085
-3849
-2976
-2255
-1975
-1658
-1206
-954
-927
-790
-366
189
536
440
107
100
633
1231
1338
916
405
280
571
762
467
33
-96
-148
-480
-815
-658
-160
98
-10
-64
228
698
1112
1529
2067
2520
2674
2815
3344
4067
4552
4772
4853
4780
4699
4696
4132
2551
1143
1587
3007
2507
-339
-2368
-1799
-974
-1692
-2089
-1082
-1170
-3362
-4275
-2130
-310
-1319
-2635
-1838
-638
-878
-1165
-73
1078
891
316
621
1394
1907
2320
2763
2778
2369
2301
2855
3334
3217
2920
2797
2376
1513
1156
1516
1204
-290
-1458
-1455
-1529
-2518
-3256
-3011
-3002
-4022
-4949
-4748
-4049
-3747
-3818
-3963
-3979
-3654
-3086
-2623
-2270
-1900
-1605
-1397
-1191
-970
-673
-230
124
141
86
423
951
1021
611
307
366
532
578
446
166
-159
-450
-705
-834
-745
-558
-471
-520
-631
-664
-386
204
745
937
967
1142
1509
2019
2591
3056
3306
3426
3458
3477
3678
3698
2753
1112
519
1681
2517
1054
-1371
-2099
-1286
-1004
-1349
-994
-578
-1634
-3001
-2333
-443
-69
-1149
-1432
-729
-630
-1019
-516
561
707
-8
-212
315
766
1074
1620
1968
1559
1037
1368
2221
2624
2444
2081
1629
1205
1210
1503
1280
397
-334
-633
-993
-1322
-1151
-892
-1361
-2209
-2458
-2022
-1499
-1258
-1328
-1664
-1888
-1549
-873
-555
-686
-735
-508
-299
-205
-32
226
363
327
338
557
839
912
731
391
-9
-228
-85
141
-34
-606
-1114
-1346
-1416
-1333
-1096
-976
-1188
-1481
-1470
-1082
-527
-98
44
15
51
259
647
1186
1615
1676
1644
1900
2175
2048
1605
972
95
-375
284
887
-335
-2494
-3072
-2154
-1874
-2220
-1793
-1448
-2729
-3948
-2697
-548
-471
-1635
-1468
-465
-521
-858
188
1542
1383
523
664
1412
1665
1818
2454
2779
2171
1615
2008
2649
2669
2277
1885
1438
1024
957
1043
748
91
-510
-972
-1336
-1335
-949
-761
-1140
-1677
-1820
-1471
-887
-407
-276
-432
-469
-89
548
1032
1180
1198
1377
1685
1911
2036
2247
2523
2569
2322
2130
2221
2352
2179
1696
1155
728
429
212
-10
-416
-1076
-1715
-1968
-1870
-1785
-1902
-2086
-2142
-1954
-1530
-1071
-773
-513
-115
235
368
534
913
1242
1354
1466
1616
1544
1172
541
-327
-959
-709
-227
-937
-2576
-3389
-3156
-3267
-3670
-3161
-2498
-3424
-4907
-4480
-2716
-2195
-2888
-2775
-1926
-1885
-2182
-1333
3
240
-191
44
659
767
873
1667
2400
2180
1625
1759
2325
2480
2247
2124
2039
1627
1057
845
997
938
399
-236
-631
-961
-1355
-1415
-1007
-760
-1191
-1832
-1913
-1471
-969
-524
-91
168
256
524
1096
1714
2259
2773
3105
3118
3075
3362
3879
4200
4078
3638
3216
3104
3234
3253
2961
2463
1906
1429
1184
1103
864
361
-112
-404
-656
-920
-1013
-923
-894
-967
-921
-688
-456
-299
-142
11
84
135
335
626
647
226
-404
-944
-1251
-1270
-1179
-1474
-2328
-3137
-3364
-3316
-3342
-3186
-2908
-3247
-4091
-4150
-3190
-2657
-3117
-3319
-2711
-2422
-2794
-2611
-1615
-1141
-1585
-1722
-1043
-466
-386
-208
216
366
224
249
499
747
915
862
419
-63
-66
268
431
371
269
-39
-562
-724
-228
353
420
89
-278
-526
-480
-45
426
542
483
585
745
881
1315
2069
2550
2495
2447
2821
3319
3647
3920
4083
3874
3503
3503
3837
3958
3700
3339
2996
2612
2310
2191
2044
1671
1222
895
648
413
275
254
234
170
169
276
390
434
431
436
433
384
338
327
188
-255
-913
-1564
-2053
-2235
-2166
-2332
-3138
-4053
-4218
-3860
-3816
-3969
-3675
-3342
-3721
-4114
-3435
-2417
-2364
-2706
-2235
-1544
-1702
-1977
-1287
-453
-643
-1141
-816
-225
-288
-497
-141
179
-191
-604
-345
74
-89
-565
-718
-643
-765
-937
-766
-464
-595
-1073
-1233
-869
-501
-399
-291
-123
-188
-391
-241
284
693
832
983
1179
1275
1448
1926
2476
2722
2732
2795
2969
3188
3440
3640
3644
3488
3355
3299
3306
3363
3357
3155
2843
2629
2485
2279
2094
2040
1950
1637
1298
1200
1235
1210
1171
1197
1176
1089
1107
1195
1119
915
827
777
478
27
-248
-508
-1211
-2148
-2627
-2664
-3039
-3959
-4658
-4758
-4903
-5434
-5651
-5196
-4909
-5288
-5419
-4648
-3896
-3883
-3714
-2718
-1917
-2043
-1977
-928
-75
-267
-354
435
942
483
277
941
1196
468
15
416
499
-214
-642
-443
-558
-1203
-1492
-1243
-1267
-1642
-1745
-1585
-1615
-1688
-1435
-1125
-1078
-1007
-678
-374
-224
76
594
987
1198
1506
1969
2369
2701
3098
3492
3773
4026
4309
4534
4702
4890
5027
4999
4911
4881
4795
4555
4316
4159
3901
3442
3015
2749
2478
2117
1830
1668
1452
1194
1092
1141
1117
1023
1072
1183
1085
895
912
988
710
221
15
-78
-621
-1389
-1700
-1809
-2492
-3449
-3747
-3651
-4210
-5107
-5170
-4753
-5105
-5843
-5592
-4749
-4786
-5304
-4800
-3706
-3566
-3928
-3261
-2070
-1913
-2281
-1684
-654
-648
-1107
-647
105
-132
-706
-430
43
-367
-971
-809
-559
-1049
-1586
-1458
-1340
-1802
-2193
-2030
-1937
-2252
-2380
-2098
-1947
-2041
-1879
-1450
-1189
-1046
-637
-85
260
531
1028
1569
1906
2227
2708
3147
3406
3657
3991
4266
4445
4630
4801
4885
4922
4952
4907
4795
4739
4693
4495
4215
4061
3969
3732
3444
3326
3280
3088
2835
2734
2727
2609
2423
2315
2250
2130
1935
1701
1472
1308
1113
733
285
50
-94
-555
-1197
-1498
-1576
-2024
-2738
-3012
-2950
-3340
-4054
-4178
-3842
-4030
-4586
-4484
-3855
-3798
-4180
-3857
-3001
-2800
-3107
-2754
-1906
-1760
-2145
-1903
-1243
-1303
-1838
-1737
-1262
-1475
-2095
-2079
-1711
-1937
-2447
-2361
-2010
-2200
-2576
-2406
-2025
-2103
-2288
-2031
-1696
-1743
-1811
-1504
-1177
-1149
-1084
-763
-516
-448
-241
157
412
515
817
1246
1489
1646
2009
2443
2650
2784
3117
3463
3587
3659
3880
4071
4055
4018
4119
4186
4091
3994
3967
3892
3741
3653
3600
3451
3265
3146
2993
2697
2445
2342
2137
1717
1355
1184
898
394
43
-34
-236
-735
-1089
-1091
-1210
-1627
-1858
-1710
-1719
-2118
-2344
-2143
-2055
-2327
-2424
-2104
-1917
-2118
-2143
-1735
-1429
-1480
-1378
-940
-714
-884
-893
-560
-437
-699
-839
-732
-868
-1320
-1538
-1432
-1516
-1890
-2074
-1979
-2016
-2224
-2184
-1876
-1755
-1849
-1778
-1509
-1366
-1356
-1204
-932
-840
-894
-804
-592
-470
-416
-241
-9
111
194
409
693
889
1038
1271
1521
1652
1733
1893
2087
2174
2181
2223
2300
2295
2224
2200
2241
2237
2144
2079
2087
2073
1982
1921
1930
1900
1776
1656
1581
1466
1278
1094
937
704
395
134
-84
-378
-743
-1034
-1265
-1568
-1916
-2157
-2306
-2517
-2777
-2890
-2868
-2911
-3005
-2944
-2711
-2521
-2424
-2225
-1856
-1524
-1329
-1102
-753
-450
-315
-203
7
183
182
121
172
242
177
69
80
162
146
82
130
279
376
403
491
643
749
779
836
950
1013
986
958
977
982
936
883
877
893
866
826
844
900
937
941
983
1070
1144
1191
1250
1330
1389
1433
1511
1601
1643
1665
1712
1770
1791
1794
1823
1852
1817
1745
1694
1625
1496
1349
1224
1060
796
499
254
5
-327
-685
-1002
-1316
-1690
-2073
-2390
-2668
-2973
-3280
-3520
-3717
-3913
-4080
-4143
-4128
-4107
-4056
-3921
-3698
-3454
-3189
-2858
-2477
-2103
-1758
-1403
-1048
-732
-465
-231
-42
74
126
152
141
81
-3
-103
-202
-308
-408
-484
-529
-536
-516
-458
-370
-256
-107
76
272
477
703
944
1187
1417
1651
1899
2147
2374
2575
2788
3004
3198
3371
3518
3647
3753
3849
3917
3942
3931
3897
3852
3773
3655
3503
3355
3212
3026
2804
2586
2387
2185
1961
1722
1486
1256
1022
790
556
303
49
-189
-436
-708
-998
-1272
-1520
-1786
-2075
-2355
-2609
-2855
-3094
-3321
-3519
-3683
-3828
-3943
-4017
-4054
-4054
-4014
-3935
-3834
-3703
-3549
-3379
-3192
-3005
-2821
-2648
-2492
-2350
-2219
-2107
-2019
-1954
-1900
-1847
-1804
-1772
-1753
-1720
-1661
-1588
-1524
-1466
-1389
-1274
-1129
-1003
-886
-755
-579
-393
-208
-35
159
394
664
928
1178
1451
1765
2116
2453
2763
3068
3401
3741
4043
4298
4519
4739
4945
5083
5153
5177
5190
5188
5126
4998
4831
4662
4486
4284
4037
3767
3511
3250
2978
2679
2367
2067
1775
1470
1137
782
434
102
-241
-609
-988
-1352
-1691
-2020
-2337
-2644
-2919
-3145
-3328
-3484
-3611
-3692
-3730
-3721
-3684
-3633
-3564
-3467
-3345
-3221
-3104
-3003
-2907
-2798
-2697
-2625
-2582
-2542
-2493
-2448
-2427
-2437
-2444
-2429
-2402
-2393
-2412
-2426
-2407
-2357
-2317
-2298
-2265
-2197
-2092
-1973
-1867
-1749
-1576
-1361
-1131
-906
-680
-411
-93
236
546
844
1170
1531
1895
2224
2534
2857
3195
3520
3795
4041
4281
4526
4748
4921
5048
5159
5261
5344
5374
5342
5282
5199
5087
4920
4699
4448
4171
3866
3518
3125
2702
2262
1812
1344
858
371
-103
-567
-1015
-1448
-1839
-2194
-2509
-2775
-3007
-3190
-3331
-3419
-3459
-3464
-3438
-3379
-3284
-3171
-3044
-2913
-2764
-2613
-2480
-2353
-2238
-2129
-2033
-1973
-1933
-1902
-1871
-1857
-1870
-1901
-1937
-1960
-1987
-2027
-2075
-2114
-2133
-2133
-2137
-2139
-2119
-2060
-1977
-1879
-1776
-1647
-1487
-1299
-1094
-884
-655
-391
-103
196
484
779
1094
1422
1741
2025
2308
2599
2887
3156
3379
3588
3794
3998
4177
4311
4407
4484
4553
4588
4574
4510
4423
4323
4194
4005
3758
3476
3189
2882
2517
2115
1685
1262
849
413
-39
-500
-915
-1301
-1668
-2027
-2369
-2661
-2891
-3080
-3251
-3398
-3504
-3544
-3546
-3534
-3503
-3443
-3349
-3231
-3105
-2978
-2849
-2704
-2548
-2399
-2262
-2129
-2000
-1872
-1744
-1627
-1525
-1435
-1346
-1252
-1166
-1092
-1020
-950
-885
-803
-717
-639
-563
-468
-354
-249
-137
-20
123
277
435
600
769
942
1130
1330
1513
1683
1848
2026
2200
2363
2504
2630
2757
2887
3004
3101
3169
3233
3300
3350
3370
3361
3340
3312
3271
3195
3088
2948
2789
2614
2408
2166
1895
1605
1310
1000
670
333
-13
-351
-675
-994
-1314
-1607
-1884
-2131
-2350
-2555
-2727
-2882
-3002
-3091
-3148
-3186
-3207
-3207
-3180
-3139
-3084
-3020
-2961
-2885
-2807
-2719
-2630
-2557
-2478
-2386
-2293
-2206
-2127
-2048
-1970
-1880
-1787
-1693
-1607
-1506
-1388
-1261
-1128
-1002
-856
-689
-515
-341
-163
38
253
475
697
915
1135
1370
1604
1818
2009
2192
2368
2547
2707
2831
2931
3036
3136
3212
3264
3280
3295
3312
3316
3293
3252
3205
3164
3114
3043
2955
2848
2741
2627
2490
2327
2155
1978
1787
1586
1369
1143
910
674
438
181
-71
-316
-556
-795
-1021
-1233
-1438
-1633
-1811
-1979
-2133
-2272
-2405
-2521
-2620
-2709
-2790
-2861
-2919
-2976
-3033
-3073
-3103
-3131
-3154
-3168
-3170
-3163
-3156
-3138
-3113
-3066
-3008
-2954
-2882
-2796
-2690
-2573
-2444
-2295
-2134
-1961
-1771
-1569
-1360
-1137
-903
-652
-389
-123
140
409
689
964
1230
1487
1747
1998
2228
2442
2649
2843
3017
3182
3319
3438
3548
3637
3698
3742
3774
3782
3772
3745
3700
3638
3555
3452
3331
3191
3032
2855
2655
2447
2223
1983
1734
1478
1217
946
666
391
122
-143
-404
-656
-888
-1104
-1298
-1484
-1649
-1789
-1912
-2016
-2103
-2168
-2215
-2245
-2260
-2261
-2255
-2243
-2225
-2212
-2191
-2165
-2146
-2127
-2110
-2101
-2096
-2096
-2087
-2087
-2091
-2091
-2091
-2086
-2077
-2055
-2023
-1977
-1918
-1848
-1762
-1663
-1548
-1415
-1270
-1103
-924
-737
-528
-308
-87
135
371
609
839
1072
1300
1522
1732
1936
2129
2310
2476
2622
2751
2863
2963
3041
3096
3132
3161
3171
3142
3099
3033
2952
2848
2718
2575
2402
2225
2032
1815
1585
1352
1114
861
600
341
79
-176
-422
-672
-910
-1131
-1332
-1527
-1703
-1858
-1997
-2102
-2195
-2267
-2321
-2352
-2357
-2347
-2327
-2285
-2228
-2167
-2101
-2021
-1936
-1861
-1775
-1694
-1617
-1543
-1479
-1419
-1366
-1317
-1272
-1236
-1201
-1169
-1133
-1095
-1054
-1004
-950
-887
-814
-724
-628
-519
-398
-262
-115
37
203
378
555
742
926
1122
1318
1512
1705
1893
2075
2245
2405
2552
2683
2800
2900
2979
3040
3085
3104
3107
3085
3036
2968
2873
2760
2628
2472
2297
2110
1910
1688
1462
1229
991
743
492
244
-8
-252
-490
-725
-953
-1167
-1368
-1560
-1736
-1897
-2040
-2171
-2286
-2374
-2455
-2521
-2567
-2602
-2624
-2634
-2633
-2622
-2599
-2575
-2533
-2491
-2453
-2404
-2348
-2292
-2235
-2182
-2123
-2062
-1995
-1935
-1862
-1791
-1716
-1631
-1544
-1449
-1339
-1229
-1105
-969
-824
-667
-505
-330
-146
39
229
435
644
845
1058
1263
1474
1682
1885
2096
2294
2488
2668
2841
3005
3158
3289
3405
3503
3587
3654
3698
3721
3722
3699
3655
3582
3496
3380
3238
3082
2910
2718
2505
2278
2039
1791
1530
1264
988
709
429
147
-131
-405
-673
-928
-1172
-1402
-1623
-1827
-2009
-2174
-2322
-2459
-2571
-2668
-2753
-2823
-2875
-2915
-2948
-2970
-2979
-2978
-2977
-2967
-2951
-2936
-2911
-2879
-2847
-2813
-2773
-2728
-2672
-2611
-2549
-2476
-2395
-2308
-2206
-2093
-1973
-1838
-1688
-1529
-1358
-1180
-988
-783
-578
-362
-139
91
326
564
793
1024
1259
1493
1727
1949
2164
2373
2582
2772
2952
3124
3280
3419
3534
3641
3727
3793
3838
3858
3861
3837
3791
3727
3633
3521
3388
3227
3057
2864
2654
2425
2182
1935
1680
1409
1125
848
568
289
14
-259
-514
-767
-1009
-1237
-1450
-1644
-1828
-1990
-2136
-2264
-2375
-2472
-2554
-2617
-2663
-2702
-2728
-2746
-2751
-2750
-2740
-2723
-2702
-2668
-2630
-2586
-2544
-2496
-2447
-2388
-2325
-2260
-2188
-2115
-2034
-1949
-1853
-1760
-1658
-1543
-1425
-1299
-1163
-1025
-882
-730
-578
-414
-245
-75
105
289
474
665
856
1047
1244
1435
1624
1800
1977
2144
2304
2454
2583
2713
2827
2924
2999
3059
3100
3118
3121
3099
3059
2998
2913
2812
2692
2557
2406
2238
2061
1868
1670
1455
1237
1017
789
566
344
119
-106
-315
-519
-722
-913
-1093
-1259
-1411
-1560
-1690
-1806
-1912
-2001
-2081
-2147
-2200
-2238
-2265
-2285
-2294
-2294
-2282
-2261
-2231
-2196
-2146
-2095
-2038
-1972
-1898
-1815
-1729
-1637
-1542
-1442
-1336
-1227
-1117
-1005
-885
-762
-639
-515
-390
-262
-136
-10
122
249
371
502
628
746
859
978
1090
1198
1305
1409
1508
1604
1699
1785
1864
1937
2006
2061
2105
2139
2167
2183
2182
2173
2148
2113
2069
2011
1937
1849
1749
1635
1513
1384
1243
1096
938
775
612
448
288
121
-42
-201
-357
-509
-651
-793
-925
-1047
-1168
-1276
-1374
-1461
-1546
-1619
-1679
-1735
-1780
-1819
-1846
-1868
-1873
-1872
-1865
-1849
-1825
-1796
-1762
-1720
-1672
-1615
-1550
-1483
-1412
-1336
-1252
-1165
-1076
-982
-886
-785
-681
-582
-479
-377
-269
-165
-62
37
143
246
338
431
528
622
708
787
869
947
1022
1090
1151
1213
1268
1317
1363
1407
1444
1478
1500
1526
1542
1554
1562
1557
1551
1530
1507
1471
1433
1382
1329
1270
1202
1128
1048
965
877
774
672
569
456
346
230
122
10
-102
-216
-316
-418
-515
-609
-699
-778
-852
-922
-987
-1044
-1095
-1130
-1164
-1195
-1216
-1230
-1237
-1243
-1239
-1222
-1212
-1201
-1180
-1148
-1120
-1092
-1057
-1025
-990
-950
-910
-866
-824
-782
-731
-690
-643
-598
-562
-509
-458
-409
-356
-314
-256
-200
-143
-90
-30
32
88
155
215
281
346
409
473
542
604
664
729
783
846
900
951
1000
1040
1077
1107
1129
1149
1174
1181
1184
1180
1181
1170
1142
1113
1074
1039
986
932
876
817
752
682
619
550
476
403
328
258
184
109
39
-29
-98
-165
-227
-283
-340
-387
-431
-476
-516
-556
-590
-622
-649
-675
-698
-718
-738
-754
-767
-774
-783
-794
-801
-802
-808
-809
-810
-806
-801
-799
-790
-783
-769
-756
-745
-726
-706
-684
-662
-639
-605
-574
-544
-506
-468
-426
-385
-345
-299
-247
-197
-143
-89
-37
17
69
126
182
235
284
335
387
438
485
532
575
615
647
676
704
728
748
766
781
781
785
780
772
765
749
734
723
694
665
636
602
571
530
490
449
416
380
342
303
263
224
185
144
107
74
45
14
-21
-52
-80
-114
-142
-164
-193
-215
-229
-248
-269
-287
-300
-317
-325
-336
-344
-352
-359
-361
-363
-373
-372
-373
-377
-359
-350
-343
-331
-322
-315
-306
-297
-282
-266
-254
-233
-209
-204
-191
-175
-167
-154
-131
-109
-89
-60
-43
-37
-23
-15
-1
23
40
63
78
88
95
101
97
100
110
114
132
142
141
141
129
124
107
104
104
99
103
88
88
76
64
51
37
29
19
18
12
9
2
-9
-17
-23
-28
-32
-34
-38
-41
-36
-41
-32
-29
-28
-21
-29
-22
-22
-20
-12
-9
-1
13
25
22
17
19
18
23
28
46
55
57
65
60
56
51
54
56
63
79
82
86
91
95
92
88
97
109
120
128
132
127
124
132
127
119
129
133
138
140
138
129
126
120
115
109
106
94
86
75
57
46
22
0
-13
-29
-39
-46
-65
-79
-95
-113
-131
-143
-165
-179
-186
-203
-210
-216
-231
-245
-247
-253
-259
-250
-240
-235
-231
-227
-228
-232
-228
-208
-183
-178
-161
-147
-136
-127
-128
-113
-99
-80
-63
-43
-28
-22
-10
-7
0
9
22
37
50
66
64
72
74
77
84
96
104
110
123
124
133
139
138
144
143
156
166
168
171
175
185
178
189
191
187
188
183
181
174
174
172
169
163
157
147
128
121
109
95
92
82
73
50
37
24
-1
-17
-33
-50
-67
-76
-88
-103
-117
-128
-143
-157
-163
-167
-179
-187
-192
-192
-198
-200
-194
-198
-195
-190
-188
-183
-172
-162
-154
-140
-128
-119
-107
-96
-87
-72
-58
-54
-36
-32
-25
-15
-11
1
14
24
28
36
44
53
56
57
60
62
62
73
81
77
80
79
84
91
93
99
102
100
101
102
100
103
103
103
102
98
99
92
87
87
84
81
77
76
67
61
56
48
42
39
32
28
20
12
3
-7
-12
-17
-19
-25
-31
-35
-40
-50
-54
-57
-67
-64
-67
-73
-67
-73
-69
-71
-73
-73
-70
-66
-67
-66
-64
-58
-54
-52
-50
-45
-38
-35
-32
-35
-29
-21
-15
-9
-11
-3
1
4
11
16
21
19
24
30
33
34
31
41
44
44
50
54
58
54
50
51
57
57
53
55
56
56
58
52
53
53
51
51
45
45
45
44
37
40
42
43
41
32
34
30
21
19
19
17
13
3
3
-1
-5
-10
-18
-25
-26
-29
-40
-41
-45
-53
-58
-63
-72
-73
-74
-75
-75
-79
-77
-75
-78
-83
-81
-79
-79
-79
-74
-66
-56
-57
-53
-41
-44
-37
-29
-27
-17
-12
-15
-5
-1
4
10
10
23
24
22
32
37
33
42
44
44
49
48
45
46
47
53
48
51
55
49
47
53
51
45
47
46
44
42
44
38
35
38
31
33
29
31
34
23
28
28
23
24
23
18
23
16
11
7
7
4
1
-2
-2
-8
-9
-12
-13
-21
-22
-23
-30
-24
-30
-37
-34
-35
-38
-43
-54
-42
-42
-51
-41
-40
-46
-43
-47
-38
-38
-52
-39
-27
-40
-30
-22
-27
-18
-22
-19
-10
-13
-9
-4
1
9
0
-6
10
15
9
16
21
24
17
11
16
20
18
24
23
24
22
13
11
24
19
14
11
15
14
5
12
17
15
9
12
12
9
2
6
12
16
9
12
5
9
11
9
12
9
5
7
11
1
9
8
8
6
3
-2
-3
-11
1
-2
-6
0
-1
-10
-8
-4
-16
-12
-9
-10
-14
-9
-8
-16
-21
-2
-12
-16
-10
-12
-15
-11
-12
-8
-7
-20
-11
-8
-11
-11
-9
-2
-4
-8
-6
0
-1
-4
1
2
-2
5
2
6
12
5
8
10
8
10
3
10
24
9
13
18
4
12
21
14
21
17
16
17
14
12
12
12
22
14
8
18
16
11
10
17
13
11
14
16
9
8
13
11
14
9
7
6
1
8
4
2
9
5
6
4
-4
0
1
-4
-4
-8
-10
-13
-14
-11
-12
-15
-21
-14
-18
-16
-15
-24
-20
-14
-22
-22
-24
-27
-14
-23
-21
-11
-23
-22
-17
-22
-16
-25
-27
-14
-22
-20
-10
-16
-14
-14
-18
-11
-8
-10
-5
-9
-4
-5
-14
-2
2
-6
-9
0
3
2
3
9
2
5
4
6
9
