15
12
12
11
10
12
15
19
18
13
12
11
13
15
12
11
8
8
8
10
11
8
5
2
3
4
6
4
0
1
4
5
4
0
-1
-1
-1
1
4
6
6
1
-1
-2
-1
2
3
2
0
-4
-7
-6
-4
-3
-5
-8
-9
-9
-9
-14
-13
-11
-12
-10
-9
-9
-11
-14
-14
-9
-3
-1
-5
-8
-10
-6
-2
2
0
-3
-5
-4
-2
0
-2
-3
-5
-4
-6
-12
-15
-16
-13
-9
-11
-20
-26
-28
-27
-25
-25
-29
-30
-27
-26
-29
-35
-39
-36
-29
-22
-20
-23
-31
-36
-31
-19
-9
-10
-17
-23
-19
-11
-4
-4
-8
-9
-9
-5
-4
-3
-2
-2
0
4
3
-4
-12
-9
2
15
16
3
-10
-11
-2
9
12
7
2
2
4
6
5
3
4
6
8
9
7
3
0
1
4
10
11
7
0
-6
-8
-3
10
17
12
-2
-11
-3
14
21
17
7
5
15
25
30
32
30
28
28
32
37
40
38
37
39
44
40
30
20
19
26
30
25
16
5
-1
-2
-5
-6
-12
-19
-14
-3
-3
-15
-33
-36
-23
-6
3
-2
-11
-17
-14
-5
-1
4
7
12
16
9
-7
-21
-19
1
23
19
-10
-45
-57
-38
-14
-9
-32
-60
-66
-49
-31
-40
-69
-86
-72
-34
1
-4
-41
-72
-62
-5
61
82
49
-6
-25
15
80
113
98
60
40
58
82
95
88
77
79
95
106
104
82
49
40
66
104
117
91
47
32
50
69
77
72
70
65
47
29
25
43
50
31
6
-15
-31
-52
-73
-88
-110
-146
-191
-219
-213
-210
-232
-275
-313
-337
-363
-381
-374
-337
-311
-323
-361
-375
-335
-264
-210
-186
-168
-145
-119
-100
-77
-34
6
15
3
-9
-18
-28
-39
-38
-29
-48
-101
-169
-224
-261
-291
-314
-327
-339
-365
-361
-318
-267
-248
-272
-291
-260
-203
-138
-46
77
202
291
352
445
579
705
781
852
948
1065
1180
1278
1386
1496
1550
1544
1555
1617
1697
1729
1712
1700
1692
1648
1558
1456
1354
1222
1037
849
715
613
487
329
181
51
-101
-295
-487
-645
-781
-939
-1119
-1261
-1382
-1516
-1670
-1817
-1912
-1978
-2051
-2132
-2183
-2203
-2238
-2307
-2361
-2364
-2333
-2321
-2324
-2301
-2228
-2138
-2057
-1945
-1782
-1603
-1464
-1357
-1224
-1064
-908
-779
-666
-539
-419
-328
-256
-173
-69
27
102
154
199
257
307
352
415
509
632
743
816
887
979
1081
1175
1278
1417
1579
1743
1873
2024
2210
2407
2588
2747
2896
3041
3179
3309
3434
3539
3604
3634
3643
3617
3583
3577
3618
3649
3587
3427
3259
3065
2781
2346
1854
1377
836
174
-528
-1034
-1333
-1649
-2123
-2638
-3024
-3368
-3812
-4254
-4474
-4478
-4536
-4729
-4798
-4527
-4071
-3699
-3391
-3009
-2554
-2206
-1921
-1489
-874
-273
123
428
764
1101
1342
1458
1511
1441
1151
730
277
-113
-531
-1030
-1584
-2178
-2737
-3228
-3676
-4123
-4600
-5014
-5323
-5550
-5661
-5591
-5280
-4890
-4543
-4202
-3665
-2974
-2228
-1518
-758
77
894
1697
2513
3387
4203
4873
5431
5910
6307
6607
6834
7056
7111
7016
6762
6532
6230
5824
5291
4758
4321
3889
3449
3069
2821
2571
2211
1734
1326
1045
903
810
786
758
718
679
708
794
841
776
552
-12
-840
-1566
-1691
-1364
-1224
-1484
-1902
-2058
-2235
-2694
-3035
-2964
-2738
-3159
-4011
-4444
-4024
-3430
-3192
-3125
-2805
-2436
-2334
-2227
-1687
-964
-573
-583
-536
-296
-140
104
530
1176
1290
864
401
385
492
255
-459
-1089
-1676
-2298
-3074
-3725
-3964
-4054
-4293
-4789
-5324
-5566
-5456
-5264
-5080
-5014
-4647
-4146
-3529
-3014
-2313
-1438
-408
273
816
1413
2284
3241
3987
4654
5334
6062
6682
7115
7406
7627
7645
7600
7403
7285
6930
6503
5825
5212
4556
4053
3599
3150
2663
2105
1616
1205
835
434
74
-119
-128
-148
-207
-307
-209
-52
75
118
164
151
-281
-1207
-2033
-2141
-1579
-1198
-1355
-1729
-1951
-2168
-2656
-2890
-2500
-2124
-2494
-3566
-3997
-3547
-2867
-2794
-2898
-2754
-2471
-2417
-2248
-1549
-667
-237
-233
-215
-119
-178
-156
355
890
900
231
-36
286
738
586
122
-326
-724
-1453
-2256
-2919
-3442
-3994
-4582
-4973
-5120
-5143
-4904
-4638
-4502
-4509
-4337
-3611
-2897
-2335
-1981
-1288
-414
397
961
1735
2589
3344
3851
4423
5229
5988
6498
6963
7427
7757
7695
7454
7398
7335
7056
6401
5838
5326
4804
4032
3307
2631
2019
1374
771
395
105
-201
-507
-746
-771
-779
-800
-884
-1016
-1052
-1089
-966
-821
-575
-452
-807
-1614
-2318
-2333
-1923
-1858
-2270
-2695
-2828
-3049
-3488
-3453
-2888
-2451
-3021
-3908
-3981
-3404
-2976
-3127
-3093
-2737
-2517
-2423
-1921
-818
134
442
572
848
1070
1073
1358
1938
2287
1775
1216
1341
1847
1999
1671
1362
1139
486
-314
-852
-1249
-2074
-3435
-4539
-4936
-5042
-5159
-5095
-5058
-4933
-5130
-4723
-3816
-2918
-2388
-2223
-1710
-991
-345
417
1244
1956
2416
2825
3739
4788
5591
6218
6886
7384
7630
7471
7783
7906
7643
6923
6153
5868
5301
4586
3810
3097
2405
1454
764
382
22
-482
-1079
-1352
-1567
-1685
-1834
-1687
-1616
-1788
-1892
-1871
-1412
-1189
-977
-921
-1458
-2203
-2908
-2711
-2189
-2296
-2643
-3027
-2933
-3001
-3181
-2705
-1983
-1716
-2503
-3107
-2831
-2141
-1925
-2113
-1961
-1751
-1668
-1435
-578
649
1200
1301
1449
1790
1980
1983
2385
2697
2436
1496
1153
1557
1973
1863
1411
1206
819
124
-347
-659
-1283
-2744
-4296
-5002
-5174
-5365
-5598
-5557
-5492
-5581
-5434
-4367
-2955
-2232
-2001
-1760
-871
-123
523
1161
1792
2038
2104
2734
3873
4950
5580
6150
6805
7114
7219
7485
7801
7615
6682
5724
5214
4716
4001
3262
2472
1807
643
54
-199
-289
-707
-1338
-1624
-1750
-1890
-1986
-1762
-1597
-1634
-1835
-1786
-1284
-1007
-578
-303
-552
-1179
-2105
-2069
-1702
-1714
-2096
-2604
-2705
-2853
-3141
-2833
-2062
-1683
-2096
-2825
-2667
-2137
-1904
-2069
-2203
-2249
-2357
-2290
-1583
-505
120
507
881
1542
1940
2145
2619
3106
2855
2106
1481
1790
2080
1936
1618
1345
1139
701
315
220
-200
-1568
-2843
-4072
-4202
-4754
-5250
-5313
-5862
-5800
-6064
-4936
-3548
-2744
-2273
-1946
-961
-40
549
1205
1707
1802
1659
2028
3007
4181
4654
5354
5955
6528
6998
7355
8096
7919
7271
6350
5780
5343
4600
3846
3122
2071
1042
241
294
236
-71
-613
-850
-911
-1062
-1087
-923
-832
-1143
-1521
-1566
-1358
-1124
-897
-548
-733
-1447
-2042
-2060
-1405
-1634
-2098
-2754
-3029
-3230
-3764
-3489
-2961
-2670
-3188
-3767
-3347
-2581
-2192
-2285
-2458
-2538
-2688
-2567
-1851
-922
-538
-283
162
938
1489
1792
2594
3107
2968
2152
1772
2192
2391
2055
1514
1020
725
127
-52
-176
-774
-1832
-3220
-3718
-4281
-4551
-4948
-5262
-5595
-6243
-5779
-4906
-3564
-3144
-2705
-1934
-916
16
761
1677
2190
2168
2113
2707
3762
4421
4848
5314
6006
6507
7019
7793
8354
8263
7626
7179
6861
6371
5565
4867
3923
2816
1586
1047
910
693
125
-254
-372
-373
-430
-345
-83
-355
-754
-1192
-1208
-1211
-1383
-1266
-1314
-1752
-2587
-3043
-2667
-2285
-2556
-3222
-3651
-3804
-4024
-4349
-4096
-3680
-3674
-4171
-4463
-3817
-2927
-2466
-2409
-2527
-2400
-2204
-1780
-897
-271
161
312
825
1521
2024
2575
3145
3556
3251
2623
2398
2671
2709
2123
1332
544
84
-569
-802
-1385
-2224
-3301
-4473
-4790
-5568
-5596
-6020
-6248
-6604
-7126
-6318
-5564
-4369
-4048
-3497
-2449
-1399
-252
593
1727
2343
2671
3006
3892
4930
5485
5997
6392
7119
7600
8138
8845
9115
9105
8592
8346
8062
7520
6823
5828
4884
3732
2682
1957
1373
852
73
-318
-639
-600
-676
-559
-578
-853
-1068
-1290
-1290
-1460
-1578
-1618
-1963
-2640
-3305
-3494
-3070
-3069
-3436
-3850
-4034
-3940
-4176
-4040
-3656
-3437
-3618
-4157
-3924
-3326
-2745
-2589
-2681
-2689
-2633
-2316
-1641
-810
-407
-219
97
714
1356
1730
2272
2716
2745
2264
1795
2013
2206
1888
1104
334
-107
-563
-863
-1343
-2033
-2950
-3945
-4480
-5022
-5211
-5556
-5943
-6229
-6739
-6311
-5723
-4719
-4159
-3813
-2833
-1911
-659
286
1301
2116
2395
2868
3591
4616
5274
5706
6130
6729
7375
7900
8714
9136
9422
9132
8970
8841
8421
7902
6875
5868
4729
3622
2777
1990
1264
442
-143
-487
-619
-636
-539
-418
-727
-827
-1084
-953
-1143
-1422
-1508
-2038
-2693
-3629
-3917
-3578
-3516
-3781
-4195
-4237
-4035
-4003
-3724
-3110
-2722
-2913
-3353
-3310
-2643
-2333
-2328
-2567
-2729
-2706
-2649
-1999
-1179
-810
-625
-371
358
1007
1347
1821
2249
2334
1850
1381
1529
1812
1387
619
-112
-501
-733
-1246
-1563
-2267
-2990
-3764
-4505
-4638
-5030
-5265
-5687
-6068
-6192
-6082
-5325
-4578
-4000
-3480
-2695
-1617
-494
509
1505
2253
2628
3081
3737
4661
5286
5594
5967
6434
7033
7535
8067
8603
8716
8619
8449
8234
7969
7306
6487
5483
4405
3433
2486
1807
1015
286
-366
-721
-862
-918
-764
-825
-791
-1074
-996
-948
-1012
-1137
-1396
-1682
-2587
-3332
-3793
-3546
-3515
-3931
-4275
-4487
-4058
-3981
-3476
-2856
-2409
-2306
-2769
-2391
-1978
-1549
-1692
-2072
-2192
-2381
-2176
-1739
-1015
-668
-476
-5
790
1596
2026
2571
3008
3118
2693
2257
2363
2338
1792
787
-15
-545
-1000
-1500
-2117
-2769
-3625
-4320
-4882
-5151
-5415
-5922
-6224
-6654
-6800
-6608
-6035
-5227
-4809
-4252
-3458
-2265
-942
124
1129
1864
2469
3121
3975
4876
5492
5846
6205
6734
7328
7947
8534
8963
9082
8966
8872
8787
8422
7775
6876
5859
4822
3710
2845
2042
1246
494
-269
-650
-846
-883
-870
-994
-1056
-1229
-1292
-1246
-1375
-1359
-1773
-2517
-3352
-4104
-3998
-4083
-4325
-4767
-5245
-5010
-4869
-4279
-3605
-3022
-2720
-2896
-2580
-2058
-1486
-1429
-1684
-2041
-2339
-2347
-2093
-1429
-1208
-974
-654
80
1095
1747
2702
3372
3739
3546
3237
3435
3520
3123
2061
995
119
-443
-1041
-1629
-2431
-3449
-4085
-4640
-4643
-4962
-5249
-5481
-6000
-6118
-6282
-5587
-4965
-4672
-4426
-4114
-2882
-1669
-417
466
1193
1944
2688
3780
4702
5504
5827
6227
6570
6964
7538
7959
8504
8327
8183
8052
8080
8061
7349
6774
5775
4912
3920
2990
2360
1347
569
-375
-849
-1125
-1351
-1267
-1452
-1414
-1738
-1763
-1593
-1627
-1515
-2247
-2873
-3739
-4379
-4248
-4586
-4582
-5201
-5536
-5325
-5189
-4248
-3695
-2937
-2756
-2783
-2203
-1606
-806
-795
-924
-1211
-1382
-1314
-1054
-462
-362
-228
-134
510
1401
2042
2882
3321
3634
3485
3364
3719
3680
3396
2311
1266
495
-390
-741
-1779
-2603
-3797
-4770
-4816
-5301
-5046
-5601
-5666
-5710
-6030
-5278
-5008
-3961
-3871
-3746
-3110
-2427
-1009
-398
548
1048
1720
2576
3535
4753
5280
5965
6257
6946
7345
7674
8213
8171
8242
7622
7517
7423
6957
6491
5525
4997
4095
3310
2686
1982
1364
449
-125
-587
-870
-1162
-1319
-1396
-1610
-1837
-2030
-1855
-1878
-2084
-2795
-3571
-4241
-4714
-4767
-5092
-5298
-5844
-6045
-5967
-5600
-4727
-4143
-3521
-3497
-3177
-2525
-1787
-1123
-1172
-1192
-1428
-1380
-1101
-648
-123
5
194
520
1301
2177
3011
3704
4015
4111
4018
4239
4494
4352
3741
2684
1817
1027
322
-282
-1238
-2244
-3442
-4247
-4506
-4746
-4882
-5352
-5634
-5782
-5676
-5085
-4494
-3956
-3840
-3553
-2903
-1951
-1007
-324
348
843
1555
2380
3486
4513
5134
5711
6208
6939
7525
7995
8346
8316
8089
7711
7488
7237
6678
5923
5129
4366
3654
2943
2395
1881
1224
658
139
-116
-357
-632
-817
-1099
-1334
-1644
-1806
-1895
-2114
-2723
-3552
-4326
-4871
-5069
-5475
-5762
-6288
-6639
-6683
-6618
-5851
-5315
-4702
-4467
-4269
-3532
-2892
-2087
-1853
-1769
-1814
-1816
-1489
-1041
-468
-240
20
269
977
1810
2639
3472
3762
4021
3910
4066
4361
4267
3905
2920
2027
1247
523
-46
-887
-1803
-2821
-3766
-4190
-4451
-4532
-4760
-5116
-5214
-5194
-4650
-4009
-3384
-2948
-2671
-2064
-1300
-326
445
1096
1589
2080
2746
3558
4492
5086
5610
5963
6485
7044
7478
7985
8013
7933
7568
7263
7119
6569
5987
5117
4338
3600
2757
2255
1669
1157
560
47
-110
-294
-366
-597
-706
-926
-1187
-1338
-1559
-1687
-2472
-3253
-4157
-4777
-5051
-5689
-5930
-6604
-6909
-7037
-6941
-6148
-5715
-5043
-4824
-4409
-3709
-3049
-2252
-2016
-1829
-1969
-1842
-1560
-1147
-660
-523
-150
79
824
1613
2406
3186
3418
3769
3757
3962
4071
3908
3526
2646
1879
1025
446
-318
-1096
-1970
-2805
-3331
-3969
-4020
-4328
-4325
-4452
-4625
-4180
-4055
-3300
-3031
-2558
-1977
-1630
-743
-309
572
1066
1599
2213
2772
3669
4196
4932
5331
5939
6373
6797
7281
7399
7663
7342
7264
6922
6551
6143
5328
4814
3929
3358
2715
2154
1721
1094
762
417
350
278
142
36
-134
-263
-344
-456
-613
-1068
-1869
-2666
-3506
-3946
-4521
-5153
-5801
-6600
-6901
-7179
-6867
-6469
-6120
-5737
-5600
-4959
-4297
-3467
-2947
-2737
-2604
-2597
-2292
-1994
-1499
-1277
-1088
-864
-437
407
1135
2001
2448
2833
3101
3273
3659
3660
3501
2855
2033
1297
544
-80
-889
-1762
-2615
-3342
-3760
-3942
-4016
-3987
-4049
-3992
-3755
-3350
-2710
-2270
-1824
-1504
-1072
-441
172
901
1416
1972
2459
3060
3845
4599
5306
5731
6145
6497
6931
7271
7435
7459
7188
6911
6477
6143
5695
5058
4397
3566
2965
2385
1917
1500
939
547
173
65
110
64
44
-127
-210
-210
-165
-106
-315
-829
-1578
-2279
-2803
-3155
-3676
-4340
-5070
-5793
-6074
-6195
-5902
-5605
-5517
-5306
-5222
-4575
-3905
-3320
-2914
-2976
-2831
-2794
-2413
-1991
-1709
-1493
-1471
-1154
-693
94
779
1367
1694
1847
2153
2335
2747
2653
2344
1706
919
460
-218
-636
-1483
-2282
-3033
-3631
-3696
-3885
-3692
-3798
-3701
-3495
-3154
-2338
-1844
-1152
-913
-498
66
615
1444
1790
2310
2537
2969
3591
4186
4965
5284
5670
5856
6248
6674
6875
7027
6720
6475
6027
5718
5392
4827
4268
3403
2761
2169
1768
1467
980
564
128
-35
-20
55
84
-27
-163
-247
-117
60
199
-25
-647
-1298
-1888
-2088
-2369
-2874
-3493
-4391
-4918
-5250
-5197
-4915
-4961
-4925
-5097
-4872
-4283
-3736
-3186
-3199
-3229
-3239
-3014
-2483
-2050
-1729
-1677
-1524
-1178
-477
314
1014
1474
1576
1794
1956
2365
2608
2431
1980
1144
598
118
-284
-799
-1678
-2525
-3282
-3668
-3763
-3780
-3840
-3944
-4026
-3827
-3270
-2575
-1829
-1425
-1029
-545
119
1054
1729
2312
2594
2876
3422
4013
4768
5250
5541
5706
5862
6255
6623
6866
6790
6464
6026
5648
5328
4955
4403
3596
2808
2005
1471
1099
723
354
-214
-506
-650
-568
-336
-333
-286
-472
-448
-188
54
366
85
-460
-1121
-1607
-1622
-1855
-2187
-2852
-3688
-4195
-4504
-4311
-4116
-4151
-4287
-4527
-4326
-3819
-3244
-2893
-2970
-3140
-3195
-2941
-2448
-1956
-1735
-1683
-1592
-1225
-480
276
990
1311
1413
1567
1716
2148
2292
2126
1560
749
253
-228
-507
-1074
-1861
-2604
-3310
-3499
-3631
-3562
-3557
-3697
-3646
-3525
-2904
-2228
-1597
-1078
-755
-160
529
1402
2161
2639
2990
3284
3772
4359
4941
5329
5517
5571
5676
5895
6084
6229
6044
5688
5285
4842
4564
4145
3585
2899
2119
1532
960
568
270
-174
-509
-844
-964
-860
-774
-607
-637
-657
-554
-348
6
219
95
-394
-955
-1361
-1374
-1519
-1897
-2448
-3253
-3684
-3978
-3854
-3611
-3721
-3781
-4076
-3872
-3359
-2909
-2541
-2713
-2809
-2878
-2697
-2234
-1880
-1656
-1683
-1586
-1243
-572
137
696
1075
1178
1396
1589
1940
2146
1889
1487
771
306
-51
-511
-961
-1765
-2412
-2920
-3239
-3276
-3386
-3382
-3432
-3476
-3223
-2784
-2215
-1666
-1255
-785
-217
457
1275
1916
2478
2941
3364
3997
4505
5043
5417
5588
5820
5949
6136
6204
6120
5965
5563
5214
4859
4444
4036
3388
2709
2093
1535
1063
561
122
-267
-678
-915
-1039
-1055
-967
-994
-974
-967
-875
-538
-307
-3
-82
-506
-910
-1391
-1294
-1439
-1806
-2305
-3122
-3516
-3856
-3744
-3551
-3644
-3747
-4045
-3874
-3389
-2877
-2580
-2661
-2802
-2871
-2645
-2254
-1792
-1654
-1670
-1618
-1334
-598
40
628
973
1087
1318
1528
1919
2139
1920
1497
808
322
2
-413
-872
-1713
-2519
-3108
-3458
-3489
-3612
-3666
-3796
-3905
-3647
-3166
-2517
-1980
-1568
-1141
-561
234
1107
1857
2397
2844
3321
4025
4722
5327
5764
5943
6154
6422
6727
6898
6814
6609
6199
5795
5505
5124
4702
4009
3186
2501
1914
1473
958
413
-62
-583
-898
-1045
-1063
-1014
-1084
-1171
-1218
-1145
-829
-528
-266
-199
-596
-1016
-1462
-1478
-1431
-1818
-2250
-3037
-3550
-3787
-3815
-3524
-3596
-3703
-3960
-3933
-3392
-2894
-2495
-2567
-2769
-2915
-2797
-2413
-2027
-1822
-1943
-1960
-1774
-1143
-434
114
497
551
739
949
1360
1683
1617
1240
562
105
-246
-416
-832
-1545
-2374
-3184
-3432
-3625
-3549
-3636
-3855
-3899
-3877
-3207
-2546
-1886
-1407
-1095
-472
264
1252
2105
2653
2980
3333
3927
4689
5383
5819
6086
6148
6490
6859
7197
7323
7068
6788
6296
6066
5750
5319
4649
3695
2911
2177
1733
1172
598
6
-589
-932
-1189
-1124
-1172
-1167
-1283
-1392
-1261
-1104
-670
-498
-296
-536
-975
-1318
-1610
-1481
-1814
-2153
-2808
-3476
-3701
-3890
-3566
-3551
-3609
-3773
-3880
-3425
-2960
-2443
-2409
-2598
-2839
-2868
-2580
-2255
-1973
-2094
-2123
-2045
-1524
-788
-179
360
477
669
865
1223
1604
1633
1389
821
292
-117
-357
-720
-1248
-2075
-2900
-3411
-3769
-3732
-3908
-4024
-4229
-4374
-3960
-3461
-2666
-2162
-1707
-1129
-509
488
1419
2300
2814
3188
3707
4418
5242
5862
6365
6531
6821
7131
7541
7899
7812
7695
7216
6910
6606
6155
5668
4717
3914
3050
2364
1811
1114
544
-173
-665
-1056
-1233
-1313
-1403
-1464
-1642
-1605
-1589
-1268
-1028
-872
-818
-1257
-1542
-1994
-2052
-2111
-2484
-2825
-3601
-3977
-4223
-4126
-3844
-3885
-3869
-4017
-3784
-3299
-2738
-2391
-2413
-2564
-2708
-2516
-2225
-1817
-1737
-1805
-1723
-1493
-788
-176
461
818
915
1158
1349
1757
1932
1811
1460
862
384
-6
-357
-778
-1502
-2334
-3059
-3574
-3775
-3922
-4087
-4296
-4557
-4482
-4116
-3517
-2882
-2416
-1878
-1340
-570
395
1323
2090
2530
2978
3614
4359
5175
5778
6197
6490
6774
7209
7588
7829
7816
7601
7286
6991
6649
6209
5548
4731
3924
3080
2417
1729
1072
451
-204
-631
-1026
-1207
-1337
-1448
-1459
-1568
-1497
-1458
-1243
-1068
-984
-1129
-1611
-1963
-2334
-2352
-2579
-2929
-3436
-4117
-4354
-4497
-4219
-4038
-4011
-3984
-4018
-3576
-3080
-2506
-2255
-2278
-2368
-2404
-2075
-1768
-1425
-1494
-1466
-1328
-917
-193
353
943
1131
1353
1600
1901
2296
2318
2175
1632
1104
613
243
-136
-855
-1634
-2600
-3139
-3613
-3837
-4065
-4424
-4585
-4803
-4529
-4159
-3636
-3104
-2722
-2168
-1606
-757
126
891
1494
1926
2547
3230
4073
4762
5362
5800
6203
6674
7070
7504
7650
7695
7521
7274
7042
6652
6213
5538
4799
4030
3275
2621
1904
1285
645
131
-303
-635
-840
-1011
-1033
-1119
-1101
-1159
-1080
-924
-837
-807
-1241
-1657
-2183
-2430
-2538
-2923
-3286
-4052
-4475
-4726
-4659
-4318
-4260
-4092
-4156
-3854
-3373
-2764
-2277
-2172
-2182
-2336
-2078
-1810
-1378
-1273
-1345
-1240
-1097
-387
169
820
1212
1371
1713
1894
2377
2532
2523
2105
1496
960
512
238
-426
-1184
-2342
-3065
-3644
-3928
-4111
-4587
-4797
-5171
-5017
-4673
-4177
-3562
-3224
-2710
-2214
-1379
-422
435
1096
1453
2025
2647
3632
4328
5002
5406
5778
6351
6756
7390
7557
7710
7575
7344
7223
6857
6545
5865
5100
4315
3501
2937
2164
1531
724
138
-334
-701
-866
-1173
-1181
-1372
-1327
-1333
-1291
-1048
-1020
-833
-1095
-1480
-1899
-2401
-2386
-2795
-3070
-3715
-4301
-4533
-4728
-4357
-4270
-4022
-4017
-3818
-3336
-2812
-2140
-1952
-1810
-1949
-1887
-1561
-1347
-979
-1182
-1102
-1029
-647
23
435
1091
1265
1624
1879
2237
2671
2714
2654
2133
1634
1186
830
498
-310
-1218
-2280
-2924
-3296
-3646
-3884
-4373
-4640
-4861
-4676
-4244
-3745
-3230
-2952
-2480
-1962
-1085
-155
550
998
1210
1762
2509
3392
4035
4444
4834
5240
5856
6423
6928
7203
7267
7213
7103
7011
6809
6460
5756
4990
4199
3557
3008
2313
1594
807
258
-168
-440
-654
-934
-1043
-1190
-1197
-1146
-1112
-955
-967
-920
-1273
-1689
-2214
-2643
-2753
-3305
-3723
-4457
-4986
-5259
-5407
-5083
-5042
-4797
-4766
-4485
-3907
-3363
-2661
-2481
-2284
-2356
-2143
-1769
-1456
-1102
-1295
-1060
-883
-329
341
828
1516
1691
2153
2456
2939
3401
3382
3320
2722
2309
1866
1529
1041
62
-917
-2027
-2551
-3068
-3464
-3854
-4391
-4602
-4842
-4550
-4174
-3629
-3168
-2886
-2365
-1839
-895
-78
574
924
1178
1798
2517
3348
3862
4334
4762
5269
5900
6399
6956
7212
7373
7327
7213
7136
6896
6559
5840
5117
4341
3688
3151
2409
1763
1010
507
75
-243
-462
-787
-807
-1040
-1007
-1081
-1115
-968
-1073
-969
-1500
-1892
-2551
-2890
-3056
-3732
-4043
-4966
-5325
-5687
-5689
-5327
-5358
-4975
-5076
-4544
-4043
-3359
-2634
-2515
-2186
-2359
-1927
-1616
-1157
-887
-1078
-702
-642
106
615
1177
1720
1790
2317
2470
3070
3278
3255
3101
2454
2130
1570
1315
649
-282
-1293
-2339
-2785
-3396
-3706
-4221
-4640
-4854
-4999
-4602
-4272
-3665
-3320
-2915
-2383
-1792
-865
-177
478
745
1138
1742
2460
3205
3672
4229
4661
5264
5834
6406
6908
7149
7356
7306
7298
7165
6939
6523
5847
5195
4414
3825
3151
2488
1810
1122
669
170
-97
-433
-637
-748
-918
-923
-1092
-1034
-1061
-1081
-1159
-1674
-2055
-2731
-2914
-3345
-3849
-4305
-5105
-5323
-5714
-5510
-5400
-5293
-5019
-4970
-4377
-3951
-3154
-2666
-2390
-2110
-2136
-1629
-1386
-868
-817
-772
-484
-298
465
851
1491
1819
2076
2512
2728
3263
3324
3345
3059
2561
2176
1659
1320
533
-314
-1332
-2171
-2717
-3276
-3649
-4149
-4482
-4738
-4746
-4467
-4106
-3645
-3315
-2884
-2388
-1753
-989
-324
212
552
990
1551
2250
2850
3406
3918
4440
4990
5608
6204
6658
7019
7201
7303
7292
7248
7012
6606
6033
5367
4653
3973
3295
2629
1907
1303
733
236
-129
-420
-609
-764
-901
-1034
-1126
-1107
-1131
-1191
-1416
-1889
-2327
-2913
-3123
-3668
-4095
-4724
-5343
-5621
-5920
-5682
-5667
-5464
-5308
-5086
-4533
-3999
-3214
-2816
-2460
-2236
-2087
-1561
-1293
-776
-814
-596
-412
-51
648
1018
1657
1836
2230
2517
2837
3272
3267
3255
2860
2453
2020
1542
1118
224
-562
-1612
-2288
-2900
-3407
-3791
-4289
-4479
-4744
-4578
-4339
-3908
-3452
-3083
-2530
-2036
-1295
-583
85
636
984
1511
1987
2671
3166
3671
4161
4565
5106
5556
6093
6444
6753
6909
6893
6910
6770
6589
6177
5671
5058
4373
3749
3084
2488
1798
1262
678
203
-120
-410
-501
-699
-764
-935
-958
-889
-948
-909
-1362
-1686
-2323
-2685
-3011
-3587
-3964
-4836
-5182
-5658
-5700
-5520
-5521
-5169
-5203
-4644
-4200
-3456
-2769
-2504
-2033
-2056
-1515
-1261
-799
-552
-637
-334
-343
284
633
1123
1525
1667
2144
2301
2848
3027
3105
2988
2595
2337
1810
1536
854
80
-807
-1735
-2299
-2993
-3392
-3932
-4294
-4561
-4757
-4539
-4351
-3874
-3573
-3127
-2617
-2086
-1328
-725
-50
345
769
1262
1791
2430
2833
3348
3738
4212
4707
5182
5699
6022
6348
6441
6533
6559
6486
6292
5914
5447
4871
4295
3634
3045
2383
1794
1249
693
345
-47
-190
-377
-474
-544
-679
-572
-640
-514
-765
-1154
-1662
-2277
-2519
-3150
-3537
-4325
-5000
-5448
-5897
-5729
-5861
-5579
-5562
-5292
-4698
-4183
-3280
-2964
-2446
-2270
-1928
-1412
-1143
-607
-673
-414
-345
-16
531
847
1458
1587
2034
2330
2748
3191
3261
3380
3016
2807
2401
2046
1606
768
7
-1026
-1698
-2398
-2962
-3403
-3949
-4214
-4556
-4450
-4255
-3908
-3488
-3171
-2608
-2134
-1408
-742
-121
397
703
1211
1675
2302
2776
3191
3625
3989
4516
4960
5489
5862
6162
6359
6441
6556
6480
6356
6004
5563
5004
4410
3800
3110
2473
1763
1228
627
217
-153
-454
-566
-794
-769
-931
-868
-862
-852
-846
-1295
-1623
-2278
-2552
-2998
-3507
-4017
-4863
-5204
-5740
-5682
-5680
-5611
-5347
-5314
-4641
-4194
-3343
-2789
-2403
-1943
-1805
-1179
-939
-465
-332
-301
-83
-50
502
742
1214
1455
1618
2027
2236
2757
2872
2990
2829
2477
2268
1833
1555
833
85
-767
-1595
-2152
-2837
-3222
-3758
-4127
-4385
-4483
-4191
-3979
-3524
-3195
-2739
-2193
-1626
-836
-264
328
672
1091
1640
2124
2674
2990
3423
3772
4183
4679
5071
5483
5698
5911
6036
6121
6151
5994
5750
5334
4844
4332
3782
3219
2569
1910
1353
801
378
-29
-363
-575
-810
-856
-999
-996
-1015
-1050
-1043
-1378
-1620
-2118
-2388
-2700
-3161
-3552
-4283
-4630
-5072
-5113
-5061
-5087
-4841
-4839
-4336
-3930
-3256
-2638
-2301
-1837
-1700
-1147
-809
-404
-150
-114
141
195
670
999
1389
1650
1730
2067
2283
2687
2831
2917
2816
2527
2297
1970
1705
1113
412
-367
-1065
-1650
-2232
-2704
-3199
-3614
-3986
-4075
-3994
-3789
-3557
-3296
-2906
-2516
-1919
-1343
-702
-212
191
665
1159
1771
2184
2615
2961
3360
3796
4197
4668
4898
5155
5268
5407
5521
5493
5436
5110
4802
4341
3929
3497
2978
2469
1809
1347
843
468
99
-290
-530
-834
-879
-991
-1008
-1012
-1103
-1112
-1402
-1592
-1954
-2230
-2486
-2925
-3260
-3874
-4259
-4654
-4818
-4766
-4838
-4664
-4623
-4235
-3814
-3276
-2646
-2285
-1841
-1656
-1197
-764
-378
-60
-16
219
310
663
1026
1355
1629
1659
1894
2093
2435
2599
2628
2523
2212
1966
1660
1447
957
278
-494
-1189
-1694
-2200
-2593
-3063
-3468
-3839
-3954
-3813
-3597
-3322
-3124
-2743
-2330
-1726
-1075
-462
78
433
913
1401
2018
2490
2832
3143
3410
3827
4172
4593
4813
4941
5040
5090
5249
5228
5193
4912
4565
4199
3792
3476
2994
2538
1916
1403
962
572
303
-94
-341
-679
-809
-867
-908
-837
-954
-977
-1247
-1445
-1718
-2003
-2210
-2663
-2998
-3580
-3976
-4323
-4541
-4522
-4656
-4540
-4531
-4214
-3800
-3324
-2741
-2421
-1980
-1761
-1330
-900
-539
-223
-202
-4
77
396
708
971
1208
1224
1462
1649
2027
2245
2301
2248
1974
1845
1601
1458
1075
468
-215
-913
-1331
-1793
-2136
-2599
-3042
-3364
-3529
-3332
-3143
-2860
-2673
-2381
-1940
-1413
-722
-195
285
591
962
1437
1911
2375
2600
2823
3004
3302
3679
4003
4270
4343
4453
4552
4716
4833
4797
4628
4274
3935
3591
3270
2873
2343
1749
1137
655
293
24
-244
-524
-779
-937
-937
-848
-738
-715
-804
-1019
-1258
-1490
-1712
-1996
-2429
-2946
-3529
-3990
-4302
-4456
-4529
-4614
-4624
-4553
-4253
-3802
-3258
-2761
-2389
-2035
-1700
-1252
-815
-447
-230
-144
-21
145
443
698
911
1036
1140
1349
1589
1893
2024
2040
1922
1760
1633
1410
1131
609
17
-640
-1195
-1635
-2088
-2465
-2923
-3188
-3326
-3210
-2922
-2619
-2219
-1880
-1337
-788
-138
463
920
1371
1665
2074
2403
2755
3019
3190
3408
3551
3847
4054
4288
4432
4496
4597
4604
4648
4525
4343
4019
3630
3236
2775
2351
1787
1229
652
142
-233
-548
-768
-998
-1167
-1284
-1275
-1155
-1034
-946
-1002
-1136
-1302
-1459
-1610
-1837
-2193
-2639
-3093
-3434
-3628
-3717
-3746
-3777
-3736
-3586
-3255
-2826
-2382
-1994
-1716
-1439
-1177
-859
-583
-419
-345
-359
-313
-237
-62
96
217
326
398
579
724
900
969
936
823
600
403
77
-252
-716
-1205
-1674
-2150
-2465
-2794
-2950
-3070
-3030
-2843
-2560
-2091
-1627
-1014
-442
190
813
1382
1946
2341
2735
2994
3249
3434
3567
3690
3737
3845
3886
3991
4069
4144
4199
4185
4172
4061
3931
3684
3384
2991
2533
2051
1520
1015
485
28
-395
-712
-963
-1121
-1202
-1239
-1165
-1085
-942
-872
-836
-878
-972
-1084
-1272
-1472
-1801
-2107
-2442
-2682
-2834
-2937
-2924
-2911
-2745
-2541
-2197
-1837
-1503
-1178
-971
-719
-560
-382
-334
-371
-473
-642
-714
-804
-778
-816
-814
-807
-767
-619
-504
-335
-311
-309
-415
-548
-702
-966
-1239
-1669
-2037
-2429
-2703
-2882
-3019
-3013
-2985
-2746
-2404
-1862
-1248
-606
90
734
1452
2100
2770
3315
3744
4085
4310
4552
4679
4828
4856
4839
4799
4726
4730
4659
4633
4482
4291
4058
3769
3512
3143
2764
2257
1748
1228
733
323
-129
-491
-882
-1175
-1394
-1547
-1601
-1721
-1809
-1979
-2116
-2243
-2384
-2496
-2733
-2948
-3199
-3359
-3427
-3436
-3337
-3254
-3052
-2797
-2405
-1951
-1494
-1046
-717
-375
-94
198
407
492
483
365
268
164
118
53
-49
-164
-283
-321
-339
-337
-386
-527
-738
-972
-1215
-1496
-1829
-2251
-2714
-3148
-3501
-3754
-3928
-4050
-4085
-3999
-3768
-3359
-2815
-2192
-1534
-844
-118
667
1459
2221
2920
3513
4064
4551
5003
5394
5699
5935
6081
6198
6262
6305
6286
6170
5992
5735
5438
5083
4673
4204
3666
3090
2489
1905
1338
798
288
-207
-633
-1013
-1325
-1580
-1805
-2003
-2229
-2434
-2656
-2869
-3080
-3308
-3513
-3753
-3927
-4075
-4134
-4107
-4018
-3805
-3555
-3172
-2746
-2244
-1718
-1212
-704
-297
105
406
660
801
840
824
713
610
445
302
115
-64
-242
-423
-548
-714
-843
-1036
-1229
-1451
-1711
-1961
-2265
-2553
-2902
-3205
-3481
-3703
-3839
-3937
-3906
-3808
-3574
-3239
-2767
-2191
-1550
-814
-72
755
1564
2393
3176
3881
4540
5078
5575
5941
6246
6435
6520
6539
6451
6348
6159
5957
5687
5398
5090
4730
4402
4001
3612
3146
2657
2147
1581
1026
375
-261
-956
-1632
-2289
-2925
-3478
-4031
-4466
-4852
-5098
-5233
-5274
-5174
-5023
-4732
-4400
-3973
-3503
-3025
-2504
-2039
-1549
-1103
-664
-270
68
399
661
937
1165
1390
1582
1727
1876
1956
2028
2029
1964
1837
1605
1327
932
491
-44
-647
-1264
-1944
-2570
-3226
-3803
-4315
-4755
-5046
-5273
-5314
-5289
-5102
-4808
-4425
-3920
-3400
-2756
-2137
-1449
-765
-102
595
1221
1890
2463
3069
3625
4140
4655
5073
5517
5829
6139
6345
6465
6527
6440
6329
6047
5732
5290
4775
4217
3562
2947
2244
1613
955
357
-175
-689
-1066
-1439
-1677
-1898
-2022
-2097
-2155
-2131
-2152
-2102
-2110
-2077
-2068
-2082
-2070
-2111
-2087
-2115
-2080
-2042
-1976
-1855
-1755
-1578
-1433
-1234
-1071
-903
-756
-678
-590
-608
-620
-717
-833
-985
-1171
-1317
-1500
-1621
-1753
-1822
-1853
-1846
-1777
-1704
-1568
-1456
-1300
-1164
-1039
-921
-841
-747
-703
-636
-597
-534
-455
-368
-211
-58
166
397
675
981
1288
1615
1911
2223
2479
2718
2910
3068
3197
3272
3329
3334
3337
3299
3238
3159
3050
2929
2776
2609
2399
2159
1893
1596
1290
968
639
310
0
-291
-567
-805
-1001
-1143
-1246
-1307
-1334
-1330
-1297
-1245
-1187
-1116
-1037
-964
-898
-833
-777
-735
-699
-672
-646
-637
-626
-626
-634
-658
-701
-764
-854
-957
-1086
-1221
-1398
-1584
-1790
-2000
-2195
-2389
-2541
-2694
-2785
-2845
-2848
-2790
-2686
-2510
-2292
-2009
-1697
-1341
-967
-592
-195
172
540
873
1178
1443
1657
1842
1975
2087
2155
2194
2206
2192
2161
2106
2059
1987
1909
1828
1725
1625
1508
1403
1288
1177
1062
945
853
756
695
637
617
611
614
646
671
730
789
863
931
987
1023
1023
1017
980
932
862
767
653
524
387
233
84
-65
-203
-341
-473
-595
-724
-845
-963
-1091
-1208
-1329
-1447
-1562
-1676
-1797
-1915
-2023
-2131
-2216
-2290
-2335
-2359
-2365
-2347
-2312
-2245
-2154
-2029
-1880
-1703
-1500
-1283
-1045
-804
-556
-300
-38
222
477
721
949
1159
1349
1525
1686
1833
1960
2065
2154
2226
2281
2323
2344
2336
2300
2229
2124
1988
1811
1607
1367
1082
765
425
78
-279
-627
-951
-1243
-1488
-1681
-1809
-1871
-1870
-1808
-1681
-1492
-1256
-986
-701
-412
-134
133
385
611
800
958
1081
1168
1222
1251
1270
1272
1252
1215
1164
1105
1028
937
830
701
553
374
172
-44
-271
-511
-754
-992
-1221
-1433
-1627
-1789
-1916
-2003
-2051
-2063
-2044
-1992
-1904
-1786
-1645
-1499
-1337
-1166
-994
-822
-644
-469
-298
-130
28
190
349
509
663
818
970
1111
1243
1356
1465
1555
1628
1675
1697
1695
1664
1610
1531
1432
1312
1175
1017
858
683
497
320
148
-20
-191
-352
-503
-644
-774
-893
-1004
-1098
-1172
-1231
-1265
-1273
-1249
-1194
-1111
-990
-840
-660
-449
-211
50
319
584
839
1069
1273
1444
1579
1676
1735
1749
1708
1627
1513
1354
1163
948
709
456
197
-63
-326
-581
-821
-1043
-1245
-1429
-1588
-1718
-1825
-1911
-1970
-1995
-1992
-1955
-1890
-1800
-1682
-1536
-1372
-1185
-977
-761
-531
-287
-48
184
410
628
828
1006
1166
1298
1403
1481
1532
1550
1546
1513
1450
1372
1271
1151
1024
881
727
569
417
263
112
-20
-146
-268
-377
-471
-550
-620
-670
-717
-762
-786
-796
-791
-768
-736
-691
-635
-559
-461
-353
-236
-107
28
184
320
450
580
685
781
849
914
960
999
1022
1023
1015
982
944
880
798
695
578
451
314
171
13
-157
-333
-506
-681
-859
-1030
-1189
-1331
-1465
-1570
-1645
-1694
-1715
-1710
-1664
-1592
-1488
-1361
-1210
-1043
-866
-674
-479
-284
-97
88
257
418
572
704
828
934
1026
1109
1176
1222
1258
1275
1282
1279
1256
1231
1192
1149
1093
1036
971
900
823
738
642
541
445
346
253
151
62
-19
-97
-165
-228
-276
-320
-345
-366
-367
-358
-339
-309
-271
-227
-186
-153
-137
-121
-115
-113
-118
-126
-138
-156
-172
-196
-220
-243
-278
-312
-340
-366
-392
-416
-449
-474
-504
-544
-582
-626
-668
-708
-754
-797
-839
-881
-915
-949
-975
-1000
-1016
-1004
-979
-937
-882
-816
-737
-640
-532
-413
-285
-146
6
155
305
466
624
781
937
1076
1204
1310
1401
1487
1548
1592
1621
1636
1644
1638
1613
1574
1524
1451
1366
1258
1136
1010
870
719
558
389
225
68
-88
-237
-372
-497
-612
-709
-777
-825
-854
-868
-872
-861
-834
-799
-760
-715
-669
-616
-568
-515
-461
-413
-361
-325
-297
-273
-258
-248
-236
-234
-231
-229
-234
-231
-224
-217
-212
-214
-227
-239
-256
-278
-290
-310
-321
-332
-353
-367
-371
-374
-374
-378
-376
-355
-336
-307
-268
-229
-189
-142
-100
-53
6
61
118
175
233
291
356
422
483
536
576
611
635
667
695
719
745
765
790
805
816
829
835
821
800
774
735
695
649
588
517
439
359
279
194
106
20
-64
-142
-215
-280
-328
-365
-400
-423
-443
-453
-460
-464
-457
-448
-435
-417
-403
-381
-353
-339
-329
-318
-318
-325
-347
-371
-388
-417
-444
-459
-478
-486
-485
-489
-482
-476
-478
-468
-459
-449
-423
-405
-376
-340
-306
-262
-214
-173
-124
-76
-27
29
77
127
185
232
271
314
347
375
407
431
445
453
456
462
464
450
437
411
384
355
333
316
294
283
274
271
263
265
270
271
281
285
290
302
303
311
323
320
317
315
302
290
273
247
227
200
173
136
102
76
52
27
4
-26
-61
-88
-124
-148
-173
-201
-218
-241
-259
-272
-290
-299
-308
-332
-352
-379
-413
-435
-455
-469
-470
-477
-475
-466
-463
-451
-447
-443
-428
-417
-409
-389
-372
-352
-320
-298
-272
-252
-233
-208
-183
-158
-133
-115
-85
-49
-17
16
45
80
107
132
166
198
234
269
298
325
345
362
374
386
400
412
417
415
419
423
426
419
411
402
390
372
362
354
343
330
313
301
290
278
264
252
247
236
226
213
203
192
174
158
156
156
151
143
124
102
78
52
24
-3
-28
-56
-93
-122
-145
-175
-211
-259
-295
-333
-380
-425
-459
-483
-517
-553
-570
-571
-572
-576
-588
-592
-596
-601
-596
-573
-542
-516
-497
-475
-441
-407
-370
-341
-308
-268
-236
-197
-152
-107
-64
-26
13
50
93
132
168
208
242
269
296
322
350
378
400
414
420
428
434
446
454
459
464
466
457
450
449
435
418
403
393
378
360
345
336
327
307
289
273
259
246
231
220
208
192
175
165
163
153
134
119
111
102
85
65
51
35
10
-17
-32
-38
-65
-99
-133
-162
-190
-223
-259
-284
-314
-353
-386
-412
-423
-440
-465
-487
-502
-514
-530
-536
-531
-522
-522
-518
-493
-460
-431
-411
-389
-372
-353
-334
-309
-272
-235
-208
-188
-163
-133
-111
-87
-65
-46
-34
-18
4
36
63
87
113
145
174
199
232
265
304
333
354
379
416
448
470
499
519
532
538
541
545
546
541
529
503
480
462
431
395
358
315
269
223
183
141
102
56
14
-25
-62
-94
-126
-152
-178
-197
-218
-233
-233
-226
-226
-231
-235
-237
-232
-229
-224
-206
-191
-181
-167
-158
-149
-149
-148
-139
-130
-128
-121
-115
-116
-122
-131
-143
-144
-137
-140
-141
-142
-142
-137
-139
-139
-133
-126
-128
-124
-114
-104
-101
-102
-98
-92
-84
-79
-71
-63
-59
-61
-58
-55
-52
-41
-27
-13
1
15
32
52
71
93
117
136
162
185
211
239
265
293
321
339
356
365
375
381
373
369
367
358
348
334
317
288
255
220
184
147
117
87
48
12
-26
-62
-106
-146
-179
-199
-213
-228
-240
-249
-256
-268
-271
-281
-272
-253
-237
-215
-196
-176
-156
-141
-126
-101
-75
-48
-26
-8
0
4
3
-3
-10
-17
-16
-24
-35
-48
-55
-74
-89
-103
-121
-132
-145
-157
-171
-183
-194
-203
-210
-210
-200
-191
-186
-176
-160
-149
-136
-124
-110
-86
-62
-32
5
39
72
93
123
148
170
198
216
245
274
294
314
335
357
368
374
373
368
363
357
354
349
339
329
311
287
259
237
208
178
162
131
99
70
37
-2
-43
-75
-110
-139
-161
-179
-191
-203
-228
-252
-265
-276
-273
-273
-268
-250
-232
-221
-208
-189
-170
-143
-112
-86
-63
-40
-24
-4
18
21
21
24
21
24
32
26
12
11
-8
-33
-45
-72
-91
-103
-112
-133
-151
-171
-191
-194
-192
-189
-184
-180
-175
-165
-156
-144
-126
-109
-85
-55
-23
4
41
67
86
117
149
164
187
210
225
248
269
279
290
301
297
299
301
283
270
267
251
241
231
209
179
149
125
112
99
75
54
32
6
-20
-46
-75
-95
-102
-108
-120
-137
-154
-166
-167
-168
-158
-165
-167
-162
-162
-146
-140
-143
-135
-116
-99
-87
-81
-79
-74
-62
-53
-42
-38
-44
-37
-38
-42
-52
-68
-75
-61
-55
-58
-69
-96
-113
-107
-97
-93
-84
-82
-93
-89
-95
-106
-94
-64
-35
-10
1
-8
-1
23
55
79
97
116
135
148
157
158
157
165
190
203
197
196
192
183
187
187
168
154
150
136
134
122
100
93
88
64
55
56
39
38
45
29
19
16
7
-9
-10
-9
-20
-14
-18
-27
-33
-41
-47
-43
-45
-58
-64
-63
-70
-81
-84
-93
-98
-91
-86
-87
-93
-94
-93
-79
-72
-86
-92
-84
-75
-60
-51
-62
-74
-73
-68
-59
-55
-59
-62
-57
-65
-80
-97
-108
-106
-89
-77
-82
-96
-113
-124
-118
-104
-84
-68
-53
-44
-45
-49
-49
-32
8
40
62
73
75
84
106
125
138
156
175
187
195
193
179
167
170
174
169
165
153
137
131
116
96
82
66
44
35
33
15
7
0
-18
-25
-19
-22
-18
-12
-13
-9
0
-6
-6
2
6
11
23
30
21
15
12
11
16
12
6
-1
-4
-9
-17
-26
-45
-60
-54
-53
-65
-74
-85
-86
-75
-73
-87
-97
-98
-99
-95
-91
-99
-116
-119
-114
-105
-94
-97
-101
-97
-87
-86
-91
-97
-95
-82
-69
-51
-42
-38
-30
-23
-13
6
26
42
59
64
69
73
82
104
124
137
138
145
145
143
144
136
132
134
131
121
113
98
84
66
56
50
41
31
10
4
-1
-12
-18
-17
-16
-13
-7
-3
2
4
14
20
27
35
42
52
66
68
76
81
74
69
59
55
57
51
37
19
5
-1
-10
-27
-49
-72
-83
-87
-99
-112
-125
-143
-146
-144
-153
-158
-162
-166
-165
-162
-164
-168
-177
-172
-160
-142
-127
-130
-128
-121
-109
-95
-88
-75
-69
-57
-37
-14
7
18
26
37
56
79
96
106
107
112
123
134
149
159
164
156
154
159
159
157
146
133
121
112
112
109
97
78
57
43
40
35
28
11
0
-8
-9
-8
-7
-6
-10
-1
9
11
11
14
23
28
38
44
50
58
63
68
64
63
56
44
38
37
35
24
6
-11
-19
-24
-35
-54
-71
-85
-96
-102
-109
-124
-135
-136
-132
-132
-127
-124
-129
-131
-120
-110
-106
-102
-102
-86
-68
-52
-46
-42
-36
-32
-20
-9
-4
1
0
3
17
22
25
22
22
28
31
36
38
32
25
26
26
38
44
46
39
35
35
42
54
52
48
42
46
50
53
56
54
49
44
49
47
49
50
42
34
31
30
35
32
27
26
27
23
16
11
9
7
7
8
6
6
5
-1
-1
-1
-6
-7
-11
-12
-11
-11
-15
-23
-25
-30
-32
-35
-37
-37
-41
-43
-45
-49
-50
-50
-51
-50
-49
-54
-56
-52
-45
-44
-41
-42
-38
-32
-31
-29
-26
-23
-24
-20
-13
-4
-3
-3
5
8
9
10
14
18
18
24
27
31
33
34
34
30
34
35
34
36
33
31
32
34
31
29
31
29
26
29
27
27
28
26
24
23
24
23
21
22
21
19
18
16
17
15
15
14
6
6
6
5
3
-1
1
2
2
2
1
-2
-7
-6
-8
-9
-7
-9
-15
-14
-16
-14
-14
-17
-16
-14
-13
-14
-18
-25
-24
-24
-21
-26
-30
-25
-28
-29
-25
-32
-35
-34
-35
-33
-31
-32
-37
-36
-32
-30
-29
