-1
0
0
-1
0
1
0
0
0
0
1
-1
0
0
1
-1
0
0
-1
-2
-1
0
1
1
0
1
0
-1
0
0
0
0
1
1
-1
-1
1
2
0
0
1
0
0
0
0
-1
1
0
0
-1
-2
-1
0
-1
0
0
0
0
-1
1
2
-1
-1
2
0
1
1
0
0
-1
0
1
0
1
-1
-1
0
0
-1
-1
0
0
0
1
0
0
0
-1
0
-1
-1
0
1
-1
0
1
-1
2
0
0
0
0
0
0
0
1
1
-1
-1
-1
0
1
-1
-1
1
1
-1
0
0
0
-1
1
1
0
0
0
0
0
-1
-1
0
1
0
-1
0
0
-1
1
0
-1
-1
-1
0
0
0
1
1
1
0
0
0
-2
0
1
0
-2
-1
0
1
0
1
0
0
1
0
-1
0
1
1
1
0
2
1
0
1
0
-1
0
0
1
1
0
1
0
1
1
0
1
1
0
1
1
1
-2
-2
0
0
0
1
-1
1
1
0
-1
1
0
0
2
0
0
0
0
2
2
-1
0
-1
-1
0
-2
0
1
0
0
0
0
0
0
-1
-1
0
0
0
0
0
0
-1
0
0
-1
-2
1
0
-1
-1
0
0
-1
-1
1
1
1
-1
1
1
-1
-1
0
0
0
0
0
0
-1
-1
0
1
1
-1
0
0
0
1
0
0
-1
-1
1
-1
1
1
0
-1
0
0
1
0
-1
-1
0
0
0
0
1
0
1
1
0
0
0
1
0
1
0
1
0
0
1
0
1
0
1
-1
-1
-1
1
-1
0
1
0
0
-2
-1
0
1
1
1
0
0
1
-1
-1
0
0
0
1
1
-2
0
1
0
1
0
0
0
0
1
-1
-1
0
1
0
-1
0
0
-1
-1
0
0
0
1
0
0
0
-1
0
-1
0
0
2
3
2
2
3
2
6
5
6
7
8
10
8
9
11
14
15
13
9
2
0
0
3
3
-4
-13
-17
-20
-27
-33
-35
-34
-34
-38
-44
-43
-37
-29
-24
-24
-20
-16
-8
5
18
29
34
38
42
47
54
59
62
61
57
53
49
42
35
24
16
2
-12
-25
-34
-44
-53
-63
-70
-74
-80
-82
-81
-81
-79
-81
-79
-67
-53
-46
-43
-34
-19
-8
-4
4
22
38
42
39
46
58
63
54
45
49
56
50
37
25
25
19
3
-10
-12
-11
-21
-41
-53
-51
-51
-61
-67
-65
-60
-62
-72
-72
-60
-46
-41
-43
-39
-30
-23
-19
-10
2
10
13
15
22
28
28
30
38
46
46
42
42
52
55
47
43
50
57
46
30
31
42
46
27
14
16
18
5
-14
-19
-15
-18
-23
-14
-3
-3
-12
-4
21
33
26
26
46
65
65
53
58
79
91
83
67
62
59
43
25
15
9
-3
-25
-41
-47
-55
-75
-90
-94
-95
-112
-135
-129
-97
-86
-101
-106
-74
-38
-44
-69
-52
-6
20
12
14
58
93
81
65
98
147
149
118
123
176
209
187
178
220
261
233
157
109
120
130
102
68
49
26
-24
-86
-119
-127
-141
-168
-193
-204
-213
-225
-230
-212
-184
-175
-177
-171
-142
-105
-82
-66
-39
-8
9
8
12
37
53
37
14
19
37
24
-24
-57
-43
-28
-67
-117
-107
-56
-51
-106
-127
-57
30
37
1
40
160
236
218
215
304
412
431
389
410
500
533
455
375
383
406
336
196
101
64
-14
-168
-311
-377
-421
-522
-650
-737
-781
-817
-847
-841
-811
-797
-791
-735
-614
-500
-430
-355
-232
-92
11
85
176
291
383
424
450
479
501
490
452
392
314
233
167
116
57
-34
-140
-232
-299
-353
-393
-423
-442
-442
-421
-381
-336
-281
-208
-124
-47
18
101
208
312
418
546
665
719
736
822
988
1128
1158
1123
1143
1238
1338
1375
1320
1233
1234
1364
1370
954
367
252
679
808
71
-857
-939
-383
-450
-1461
-2176
-1737
-1068
-1425
-2405
-2608
-1807
-1210
-1512
-1923
-1580
-875
-601
-637
-345
264
625
645
786
1212
1540
1541
1521
1711
1856
1681
1365
1222
1213
1045
642
219
-84
-320
-565
-832
-1134
-1460
-1706
-1760
-1739
-1852
-2053
-2077
-1844
-1605
-1559
-1546
-1296
-879
-604
-527
-365
10
364
500
564
785
1082
1190
1130
1163
1294
1232
886
657
844
1090
856
242
-125
12
201
-9
-435
-608
-501
-515
-762
-925
-792
-572
-545
-685
-740
-598
-367
-181
-79
-40
13
178
462
750
950
1059
1136
1246
1424
1673
1958
2189
2263
2194
2155
2282
2487
2575
2449
2281
2250
2103
1396
390
75
756
1277
358
-1543
-2538
-1817
-928
-1589
-3174
-3727
-2884
-2280
-3004
-3996
-3685
-2364
-1693
-2209
-2707
-2156
-964
-153
48
166
510
920
1291
1772
2298
2523
2334
2088
2118
2264
2131
1699
1277
1009
674
119
-454
-789
-963
-1277
-1815
-2323
-2548
-2522
-2465
-2505
-2573
-2599
-2555
-2394
-2075
-1626
-1217
-1019
-927
-649
-105
440
712
784
941
1264
1510
1519
1476
1580
1728
1695
1444
1155
1022
1047
1057
887
512
76
-173
-151
-77
-218
-553
-833
-910
-850
-789
-745
-675
-626
-657
-660
-468
-107
219
389
509
729
1024
1277
1554
1972
2422
2612
2520
2511
2814
3182
3209
2944
2746
2770
2771
2452
1673
635
-55
140
789
516
-1246
-3116
-3246
-1961
-1608
-3185
-4754
-4271
-2699
-2572
-4113
-4866
-3409
-1510
-1414
-2596
-2775
-1299
279
677
397
508
1122
1719
2135
2485
2625
2462
2314
2464
2578
2205
1594
1367
1441
1059
57
-730
-725
-548
-1022
-1928
-2435
-2401
-2457
-2817
-2912
-2499
-2275
-2707
-3087
-2593
-1602
-1183
-1491
-1542
-779
76
241
87
424
1180
1626
1519
1376
1585
1866
1892
1852
1902
1775
1358
1060
1162
1278
909
254
-27
133
71
-534
-1129
-1072
-597
-500
-1000
-1467
-1342
-869
-610
-596
-430
-39
266
378
628
1262
2007
2430
2472
2505
2857
3458
3948
4112
4133
4472
5084
4879
3028
974
1357
4135
5518
2644
-1850
-2841
63
1705
-1036
-4629
-4421
-1726
-1629
-5003
-7184
-5181
-2117
-2274
-4916
-6046
-4333
-2174
-1537
-1729
-1535
-1132
-915
-281
1112
2232
2134
1509
1614
2374
2686
2326
2188
2536
2439
1384
288
150
589
466
-513
-1595
-2193
-2430
-2488
-2382
-2502
-3194
-3969
-3990
-3286
-2788
-3005
-3257
-2834
-2189
-2050
-2088
-1559
-674
-257
-402
-306
423
1093
1082
917
1299
1872
1864
1373
1203
1645
2017
1695
1051
831
1028
1091
807
412
143
10
-85
-166
-260
-445
-645
-649
-442
-289
-370
-486
-355
7
359
513
628
969
1467
1857
2120
2444
2762
2935
3089
3484
4126
4508
4257
3954
4383
5058
4586
2869
1661
2339
3752
3473
1173
-816
-791
38
-383
-2035
-3154
-2938
-2580
-3306
-4535
-4914
-4246
-3506
-3428
-3820
-4078
-3770
-2893
-1756
-929
-792
-975
-698
283
1365
1898
1946
1966
2132
2259
2264
2306
2311
2052
1492
913
532
182
-291
-766
-1156
-1662
-2430
-3090
-3222
-3033
-3141
-3670
-4061
-3924
-3510
-3252
-3181
-3061
-2801
-2448
-1999
-1451
-980
-741
-536
-83
508
852
864
896
1191
1530
1554
1346
1245
1332
1359
1133
855
774
797
666
348
7
-205
-251
-184
-88
-78
-249
-547
-649
-364
55
309
311
195
206
471
853
1207
1568
1836
1944
2155
2517
2840
3055
3227
3408
3657
3847
3811
3943
4437
4702
4416
4144
4363
4706
4195
2592
1410
2055
3378
2977
640
-1471
-1502
-185
-23
-1825
-3649
-3759
-2941
-2996
-4271
-5325
-4775
-3309
-2880
-3864
-4672
-4026
-2273
-951
-957
-1450
-1230
-218
892
1687
2007
1941
1886
2075
2502
2788
2402
1648
1368
1519
1148
-16
-1103
-1429
-1367
-1963
-3339
-4268
-4203
-4027
-4492
-5151
-5336
-5154
-5109
-5245
-4899
-4000
-3487
-3695
-3709
-2862
-1701
-1101
-1062
-848
-125
559
769
925
1308
1577
1524
1426
1525
1620
1421
1058
985
1106
871
289
-142
-205
-223
-473
-763
-859
-881
-996
-1022
-776
-549
-586
-641
-316
313
607
503
675
1361
1973
2079
2047
2405
3119
3587
3497
3495
3995
4444
4432
4202
4153
4471
4932
4997
4476
3963
4002
4582
5069
4531
3337
3110
4075
4212
2216
-60
114
2344
2890
-155
-3357
-2776
-3
45
-3481
-6047
-4489
-1690
-2286
-5512
-6488
-3875
-1570
-2496
-4517
-4120
-1642
-154
-588
-894
54
994
1067
1227
2226
3057
2670
1789
1875
2610
2365
1133
404
615
476
-839
-2345
-2837
-2600
-3144
-4602
-5474
-5331
-5254
-5880
-6388
-6217
-5854
-5940
-6218
-5655
-4511
-4021
-4245
-3956
-2837
-1861
-1497
-1276
-604
250
587
590
1103
1908
2027
1569
1464
1970
2347
1999
1340
1206
1436
1217
623
375
455
224
-346
-640
-424
-265
-565
-865
-656
-249
-221
-333
-66
514
955
1076
1135
1414
1964
2543
2948
3231
3448
3742
4248
4706
4856
4875
5062
5340
5583
5594
5225
5064
5394
5622
5334
4873
4527
4351
4402
4279
3841
3343
2806
2374
2539
2966
2773
1985
899
-53
-304
-226
-868
-1671
-1348
-710
-1439
-3602
-5003
-3885
-1795
-2067
-4489
-5361
-3763
-2407
-3062
-4116
-3460
-1772
-1447
-2604
-2613
-869
364
-32
-652
-374
297
445
157
375
852
521
-626
-1346
-1207
-958
-1272
-2416
-3597
-3974
-3723
-3930
-4997
-6044
-6345
-5816
-5491
-6065
-6787
-6563
-5521
-4978
-5237
-5440
-4651
-3213
-2421
-2540
-2520
-1547
-350
258
383
550
1018
1577
1965
2059
2035
2011
2070
2151
2046
1769
1564
1475
1239
835
488
360
339
243
-44
-429
-614
-502
-293
-234
-242
-106
130
334
541
944
1500
1928
2133
2332
2726
3194
3674
4249
4697
4797
4726
4901
5406
5840
5895
5535
5294
5472
5694
5477
4888
4542
4543
4657
4298
3428
2963
3227
3413
2805
1916
1392
1379
1571
1462
1057
840
782
508
-84
-1233
-2447
-2487
-1164
-323
-1403
-3387
-4256
-3306
-2317
-2895
-4067
-3900
-2808
-2609
-3520
-4117
-3244
-1833
-1474
-2250
-2709
-2133
-1238
-673
-610
-837
-1108
-1143
-828
-367
-251
-750
-1331
-1534
-1514
-1731
-2168
-2463
-2580
-2823
-3430
-4064
-4269
-4160
-4267
-4616
-4814
-4940
-5195
-5104
-4372
-3754
-3914
-4458
-4353
-3266
-2187
-2088
-2263
-1611
-685
-425
-488
-47
854
1474
1338
1027
1423
2126
2316
2177
2164
2192
2128
2073
2080
2121
2047
1790
1645
1709
1575
1298
1311
1518
1449
1016
730
985
1539
1780
1541
1327
1499
1887
2240
2473
2624
2748
2906
3196
3552
3848
4041
4209
4412
4459
4330
4259
4423
4711
4769
4456
3990
3749
3726
3558
3214
2986
2931
2803
2328
1585
1331
1754
1952
1325
535
326
513
631
422
213
263
281
79
-213
-828
-2023
-2693
-1811
-488
-912
-3243
-4904
-3960
-2070
-2333
-4470
-5380
-4004
-2735
-3518
-5001
-4776
-3003
-2098
-2881
-3651
-3163
-2107
-1479
-1240
-1038
-1029
-1341
-1287
-338
578
242
-818
-1082
-377
62
-524
-1317
-1362
-1157
-1612
-2432
-2704
-2455
-2451
-2951
-3510
-3778
-4089
-4406
-3926
-3021
-3022
-4059
-4683
-3857
-2417
-1909
-2599
-2764
-1623
-657
-682
-752
-36
947
1346
1089
1205
2201
2936
2783
2645
3034
3378
3353
3202
3291
3582
3498
2905
2603
2825
2802
2364
1924
1605
1344
1089
892
805
733
416
50
50
175
117
85
261
464
435
335
597
1241
1772
1750
1537
1716
2213
2596
2704
2812
3018
3095
2981
2905
3064
3212
3054
2784
2707
2591
2266
2023
2147
2247
1818
1135
927
1408
1527
653
-118
200
881
650
-86
-273
175
199
-900
-1908
-1597
-664
-806
-1975
-2889
-2809
-2122
-1993
-2726
-3375
-3148
-2687
-2671
-3062
-3332
-2879
-2123
-2008
-2516
-2553
-1842
-1103
-847
-1001
-994
-609
-271
-219
-15
358
432
207
55
122
232
204
-90
-422
-662
-964
-1218
-1276
-1418
-1892
-2369
-2616
-2747
-2803
-2910
-3099
-3074
-2945
-3075
-3134
-2788
-2341
-2025
-1781
-1618
-1302
-628
-133
135
547
909
1118
1503
1962
2247
2515
2592
2411
2491
2769
2748
2518
2211
1852
1745
1773
1403
855
516
208
-63
-244
-628
-1058
-1197
-1270
-1447
-1551
-1627
-1637
-1429
-1268
-1259
-1058
-663
-337
-51
219
539
1006
1481
1792
2106
2518
2794
2902
3085
3397
3653
3653
3545
3600
3693
3477
3098
3022
3263
3288
2796
2097
1884
2195
2363
2093
1686
1433
1250
1037
846
821
966
1041
916
586
63
-504
-719
-477
-213
-359
-1057
-1807
-2092
-1886
-1600
-1642
-2004
-2453
-2558
-2313
-2100
-2125
-2177
-1960
-1601
-1479
-1650
-1554
-932
-256
-51
-256
-382
-164
296
669
808
731
512
356
392
541
572
444
145
-279
-641
-752
-686
-796
-1159
-1616
-2001
-2199
-2232
-2253
-2388
-2559
-2725
-2824
-2864
-3067
-3181
-2690
-2001
-2016
-2569
-2762
-2158
-1225
-906
-1353
-1462
-731
-136
-242
-405
-128
447
762
464
141
395
731
626
519
618
573
325
66
4
220
289
-142
-571
-568
-502
-588
-689
-752
-740
-681
-752
-811
-629
-409
-290
-150
2
132
399
792
1154
1439
1602
1746
2104
2566
2834
2865
2899
3167
3594
3749
3505
3309
3465
3854
4160
3970
3433
3274
3682
4058
3947
3491
3252
3601
3729
2917
2140
2490
3297
3174
1851
443
250
516
-351
-1495
-1130
-248
-1129
-3430
-4674
-3471
-1631
-2147
-4364
-4889
-3233
-2126
-2685
-3318
-2555
-1035
-637
-1372
-1169
414
1493
1472
1522
2004
2350
2314
2332
2896
3420
2809
1538
1092
1474
1588
928
-234
-1315
-1845
-2080
-2509
-3080
-3688
-4348
-4820
-4976
-5084
-5259
-5374
-5344
-5152
-5047
-5248
-5262
-4575
-3664
-3283
-3389
-3353
-2813
-2009
-1379
-958
-560
-279
-186
17
544
1125
1355
1219
1072
1165
1318
1279
1137
1055
913
571
240
120
51
-200
-538
-753
-931
-1314
-1753
-1799
-1467
-1332
-1703
-2169
-2156
-1637
-1115
-951
-987
-915
-637
-142
533
1223
1725
1956
2159
2710
3461
3940
4157
4498
4964
5267
5320
5209
5154
5281
5468
5567
5493
5140
4565
4173
4287
4755
4941
4339
3343
2936
3342
3629
3051
2206
2120
2713
2957
1825
-755
-2884
-2034
1009
1967
-1294
-5258
-5195
-1780
-408
-3239
-5769
-4098
-1132
-1419
-4052
-4604
-1905
561
21
-1720
-1517
237
1312
1568
2088
2613
2221
1365
1579
3175
4115
2877
995
655
1462
1477
286
-910
-1355
-1634
-2611
-3793
-4199
-4160
-4499
-5255
-5862
-6090
-6182
-6159
-5776
-5258
-5295
-5763
-5779
-4970
-3864
-3235
-3202
-3236
-2825
-2106
-1319
-608
-342
-301
-20
416
802
1135
1310
1276
1328
1417
1238
949
897
1033
1004
514
-271
-613
-402
-303
-593
-1093
-1643
-1960
-1743
-1386
-1430
-1773
-1893
-1574
-1213
-1184
-1164
-663
-39
166
154
395
977
1633
2113
2387
2736
3249
3619
3723
3850
4317
4954
5205
4811
4488
4801
5194
5033
4509
4310
4521
4652
4258
3540
3220
3585
4102
4095
3468
2549
2283
3007
3753
3483
2439
1845
2091
2434
1098
-1600
-2427
-88
2236
523
-3723
-5647
-3432
-640
-1522
-4409
-4972
-2743
-1580
-3054
-4387
-3236
-772
-171
-1487
-2173
-1049
374
857
1074
1305
1297
783
557
1368
2403
2276
860
-216
-315
-73
-179
-887
-1773
-2544
-3172
-3705
-4000
-4188
-4551
-4985
-5306
-5413
-5482
-5485
-5261
-5033
-4879
-4736
-4462
-4112
-3846
-3380
-2709
-2016
-1753
-1895
-1472
-364
474
433
198
546
1339
1913
1796
1365
1259
1682
2081
1987
1417
743
579
842
940
526
-153
-696
-878
-776
-859
-1265
-1589
-1476
-1240
-1345
-1720
-1807
-1331
-766
-552
-607
-577
-336
160
799
1360
1724
1964
2252
2588
3054
3516
3931
4246
4369
4570
4721
4749
4651
4750
5073
5159
4904
4399
4152
4164
4413
4548
4278
3830
3201
3038
3336
3753
3605
2842
2295
2186
2430
1258
-1311
-2597
-776
1846
747
-3397
-6083
-4407
-1318
-1623
-4605
-5824
-3649
-1935
-3080
-4853
-4177
-1567
-405
-1357
-2164
-1149
299
926
1349
1904
2030
1269
969
2179
3840
3757
1862
555
927
1794
1489
205
-722
-893
-1216
-2320
-3322
-3496
-3318
-3637
-4447
-5037
-5139
-4958
-4820
-4868
-4838
-4689
-4578
-4494
-4165
-3560
-3058
-2721
-2670
-2624
-1983
-928
-306
-333
-327
-3
581
1125
1320
1285
1369
1591
1658
1672
1584
1384
1295
1300
1114
701
320
84
123
88
-467
-1258
-1467
-999
-662
-931
-1559
-1783
-1454
-1056
-835
-720
-703
-804
-600
28
757
1135
1152
1394
1918
2369
2525
2854
3531
4007
4052
3861
4026
4429
4765
4987
5130
5098
4598
4345
4632
5225
5339
4579
3832
3675
4125
4213
3944
3478
2865
2470
2155
1663
-469
-2790
-2591
9
1173
-2351
-6726
-7242
-3799
-1894
-4560
-7465
-6587
-3469
-3192
-5512
-6231
-3652
-859
-1109
-2512
-2163
65
1410
1550
2001
2782
3137
2605
2802
4172
5271
4531
2857
2289
2697
2941
2156
1134
383
-147
-997
-2185
-2835
-3251
-3455
-3752
-4281
-5092
-5803
-5647
-5031
-4459
-5113
-6146
-5752
-4268
-3358
-3969
-4380
-3823
-2563
-1725
-2084
-2082
-1061
-3
-199
-594
-66
847
1429
1025
561
895
1593
1513
956
864
874
774
492
262
158
44
-479
-1191
-1253
-995
-912
-1203
-1651
-1934
-1775
-1452
-1373
-1288
-1185
-1146
-1145
-798
-262
254
682
992
1342
1542
1822
2386
3244
3722
3633
3726
4147
4682
4856
5040
5400
5600
5430
4995
5231
5825
6065
5468
4557
4357
4632
5048
4750
3913
3120
2639
2671
1923
-362
-2631
-2120
587
1035
-2649
-6743
-6681
-3343
-2036
-4799
-7351
-6056
-3340
-3297
-5506
-5841
-3188
-682
-882
-2155
-1553
422
1782
2246
2849
3458
3272
2777
3381
5206
6048
4788
3035
2634
3325
3382
2483
1455
860
273
-912
-2096
-2730
-2864
-2979
-3408
-4198
-5257
-5745
-5227
-4197
-3977
-5330
-6299
-5381
-3589
-3064
-3978
-4135
-3240
-2293
-2373
-2655
-1683
-338
-149
-1211
-1460
-338
788
825
189
81
490
727
480
509
804
711
257
67
278
103
-407
-613
-347
-270
-917
-1568
-1384
-725
-618
-1052
-1392
-1356
-1104
-799
-390
-160
-111
39
538
1284
1764
1729
1743
2317
3276
3970
3851
3483
3659
4564
5289
5275
4898
4762
5109
5516
5718
5555
5283
4832
4591
4773
5036
4787
3934
3613
3495
3072
976
-1851
-2087
161
2036
-444
-5004
-6650
-4502
-1984
-3666
-6728
-6902
-4360
-3467
-5560
-6712
-4790
-1720
-1388
-2749
-2888
-908
1024
1553
2246
2914
3129
2561
2722
4405
5854
5459
3462
2450
2914
3501
2879
1502
515
-1
-496
-1713
-2761
-3204
-3253
-3543
-4473
-5400
-5846
-5355
-4606
-4715
-5587
-6064
-5371
-4106
-3606
-3960
-4141
-3521
-2532
-2159
-2021
-1491
-806
-476
-681
-749
-296
426
708
381
-36
-54
245
520
540
219
-94
-284
-328
-351
-422
-493
-671
-946
-1284
-1437
-1252
-963
-881
-1005
-1145
-1216
-1105
-858
-417
-10
53
83
383
1082
1748
2088
2297
2564
3118
3691
3961
4009
4220
4693
5137
5321
5109
4874
5059
5562
5780
5452
4915
4454
4596
4938
4966
4409
3615
3452
3396
3424
1906
-828
-1987
-753
1552
606
-3082
-5602
-4603
-1934
-2654
-5445
-6462
-4344
-2665
-4021
-5883
-5361
-2454
-1093
-1828
-2643
-1696
9
860
1683
2349
2908
2537
2233
3147
4520
4937
3720
2701
2543
2800
2371
1358
476
-153
-634
-1606
-2463
-3269
-3747
-3932
-4208
-4667
-5545
-5901
-5553
-4807
-4659
-5099
-5185
-4563
-3647
-3393
-3294
-2987
-2070
-1238
-1027
-836
-483
267
611
644
639
924
1347
1262
906
636
857
964
689
182
-108
10
-134
-540
-1022
-1114
-1039
-1177
-1496
-1823
-1696
-1403
-1126
-1106
-1162
-1133
-974
-541
-106
334
524
753
1175
1790
2434
2871
3346
3653
3976
4390
5022
5562
5680
5714
5762
6107
6219
6099
5979
5825
6008
6032
5870
5151
4228
4043
4379
4745
3843
2453
1761
1961
1805
-649
-3039
-2700
-116
490
-3059
-6516
-6431
-3631
-2884
-5194
-6717
-5493
-3497
-4052
-5482
-5031
-2776
-1330
-2024
-2460
-1379
365
974
1062
1827
2617
2602
1926
2218
3332
3945
3207
1954
1414
1226
824
27
-549
-1175
-2122
-3309
-4215
-4457
-4796
-5300
-5897
-6165
-6449
-6883
-6902
-6369
-5503
-5315
-5488
-5406
-4646
-3706
-3152
-2429
-1722
-1040
-723
-368
347
1072
1573
1601
1791
2095
2247
2109
1978
2156
2246
1983
1283
831
833
892
538
-180
-651
-763
-737
-1088
-1643
-1861
-1539
-1106
-1116
-1434
-1609
-1249
-695
-336
-216
40
557
1072
1506
1900
2530
3152
3538
3800
4322
5107
5578
5629
5572
5954
6518
6678
6365
5935
6085
6549
6658
6026
4968
4439
4549
4968
4704
3470
2381
2196
2781
1590
-1615
-3496
-1784
1328
416
-4097
-7149
-5675
-2580
-2963
-5600
-6595
-4614
-3199
-4492
-5751
-4702
-2037
-1171
-2053
-2506
-1447
15
649
1380
2092
2250
1438
1089
2242
3556
3531
2072
1123
1130
1177
530
-306
-644
-1117
-2141
-3576
-4313
-4388
-4468
-4865
-5502
-6027
-6766
-7125
-6749
-5735
-5076
-5442
-5945
-5684
-4447
-3418
-2957
-2748
-2221
-1362
-674
-122
255
781
1212
1614
1954
2111
2186
2197
2449
2616
2521
2066
1670
1669
1759
1672
1210
748
381
222
89
-151
-341
-462
-302
-177
-158
-250
-162
204
424
596
877
1436
1848
1940
2127
2680
3461
3814
3813
4071
4827
5449
5431
5201
5480
6191
6445
6002
5568
5872
6460
6357
5594
4941
4756
4657
4199
3605
3156
2797
2602
2006
670
-1785
-3467
-2348
-78
31
-3625
-7050
-6805
-4227
-3184
-5239
-6744
-5881
-4271
-4545
-5793
-5119
-2894
-1335
-2027
-2740
-1989
-267
941
1407
2087
2164
1664
1103
1921
3500
3779
2395
630
372
820
689
-354
-1435
-2035
-2854
-3920
-4929
-5099
-5014
-5413
-6288
-7218
-7470
-7388
-6999
-6581
-6244
-6114
-6272
-6034
-5228
-4063
-3327
-3008
-2672
-1932
-913
-193
250
485
985
1473
1821
2056
2186
2353
2361
2411
2370
2249
1980
1714
1728
1792
1614
993
484
362
475
442
111
-59
4
227
249
296
577
821
931
978
1497
2207
2607
2614
2701
3372
4039
4305
4375
4852
5514
5691
5495
5459
5948
6312
6095
5627
5515
5885
6010
5702
5071
4494
4155
3876
3654
3097
2481
2086
1881
1452
-594
-3205
-3893
-1631
557
-1216
-5386
-7528
-5633
-3240
-3934
-6149
-6411
-4500
-3866
-5273
-6043
-4217
-1697
-1286
-2315
-2638
-1235
139
932
1723
2340
2099
956
927
2419
3940
3445
1425
231
436
907
296
-768
-1496
-1889
-2630
-3884
-4701
-4782
-4493
-4769
-5710
-6622
-6851
-6259
-5583
-5362
-5554
-5634
-5308
-4721
-4068
-3365
-2528
-1850
-1525
-1243
-529
426
1093
1427
1632
1889
2163
2393
2574
2694
2683
2606
2489
2307
2008
1753
1752
1721
1426
907
464
300
349
339
140
-1
43
211
364
544
824
1090
1251
1508
2168
2957
3299
3244
3496
4333
5126
5501
5642
5836
6104
6259
6478
6692
6728
6413
6045
5975
6063
6076
5579
4851
4017
3564
3443
3119
2610
1783
1303
782
-190
-2417
-4602
-4131
-1743
-547
-3633
-7784
-8626
-5932
-3834
-5607
-7725
-7382
-5253
-5072
-6664
-6578
-4338
-2044
-2499
-3506
-2975
-1038
352
626
1355
1800
1669
834
1187
2901
3827
2842
667
-87
208
429
-354
-1480
-2099
-2907
-3947
-5189
-5492
-5259
-5355
-6176
-7291
-7508
-7046
-6186
-5855
-5989
-6031
-5668
-4824
-4170
-3532
-2779
-1756
-972
-717
-336
444
1506
2192
2433
2480
2664
3096
3411
3480
3228
3089
3203
3197
2760
2093
1923
2086
1924
1307
724
564
519
264
-95
-168
24
145
99
35
185
514
867
1268
1802
2396
2713
2787
3116
3988
4918
5400
5660
5987
6458
6706
6828
7117
7501
7683
7370
6957
6618
6677
6724
6335
5411
4272
3867
3747
3540
2616
1642
1096
351
-1353
-4042
-4732
-2919
-889
-2399
-6773
-9101
-7663
-4709
-4988
-7297
-8156
-6617
-5386
-6609
-7303
-5897
-3232
-2663
-3846
-4102
-2719
-865
-344
269
929
1187
510
24
1218
2728
3139
1609
100
-376
-15
226
-333
-1103
-2216
-3212
-4225
-4640
-4509
-4513
-5159
-6384
-6848
-6468
-5716
-5498
-5643
-5577
-5155
-4573
-4228
-3640
-2695
-1460
-643
-393
-267
273
1512
2736
3365
3128
2849
3135
3856
4432
4337
3943
3621
3650
3632
3407
3129
2938
2849
2546
2117
1602
1335
1335
1393
1393
1141
862
685
767
1015
1381
1760
1909
1925
1978
2411
3033
3544
3898
4185
4570
4984
5374
5660
6106
6726
7156
6958
6349
6169
6747
7510
7274
6134
5020
4808
5089
4780
3871
2883
2531
2102
690
-2048
-4271
-3597
-1191
-618
-4263
-8555
-9237
-6436
-4574
-6441
-8682
-8533
-6791
-6900
-8279
-7805
-5420
-3631
-4507
-5494
-4817
-2892
-1570
-1029
-166
130
-315
-1166
-463
1485
2607
1798
-258
-1220
-1052
-457
-617
-1423
-2402
-3510
-4460
-5335
-5454
-5399
-5750
-6820
-7741
-7620
-7106
-6727
-6852
-6696
-6241
-5850
-5718
-5349
-4022
-2440
-1431
-1433
-1487
-768
816
2455
3083
2897
2622
3125
3975
4542
4568
4332
4229
4090
3889
3608
3592
3638
3494
2960
2182
1653
1602
2041
2213
1859
1121
696
1005
1628
2091
2084
2085
2223
2601
3018
3433
4008
4486
4890
5008
5151
5640
6369
6948
7082
7130
7196
7249
7250
7199
7382
7556
7282
6484
5532
5225
5317
5237
4405
3208
2473
1974
1023
-1489
-3608
-3231
-973
-514
-4068
-7930
-8441
-5588
-4272
-6271
-8358
-7751
-5669
-5984
-7571
-7569
-4988
-2882
-3328
-4359
-4162
-2313
-985
-97
461
541
46
-535
383
1802
2493
1406
-30
-623
-693
-828
-1527
-1901
-2403
-3252
-4753
-6072
-6295
-6061
-6157
-7393
-8451
-8616
-7950
-7444
-7578
-7592
-7342
-6767
-6553
-6059
-4808
-3184
-2201
-2286
-2137
-1038
849
2150
2505
2574
2970
3789
4401
4831
4988
5057
5008
4942
4878
4608
4393
4236
4145
3580
2661
2058
2197
2649
2346
1353
458
493
1111
1533
1546
1388
1450
1632
2048
2702
3403
3841
3958
4206
4806
5597
6263
6659
6933
7204
7485
7713
7771
7786
7771
7867
7900
7488
6862
6236
5965
5573
4908
4167
3450
2988
1976
244
-2256
-3574
-2528
-839
-1407
-5156
-8086
-7722
-5381
-5118
-7204
-8083
-6828
-5617
-6897
-8033
-6576
-3714
-2621
-3966
-4520
-3283
-1168
-126
346
847
871
520
289
1387
2595
2772
1612
293
-214
-426
-606
-1159
-1751
-2730
-4122
-5450
-6231
-6363
-6864
-7870
-8915
-9167
-8969
-9079
-9420
-9399
-8701
-8308
-8574
-8723
-7559
-5569
-4339
-4388
-4547
-3524
-1814
-530
13
548
1326
1926
2231
2643
3383
3871
3860
3719
3840
3904
3577
3261
3321
3458
2967
2086
1617
1849
2144
1901
1345
967
928
1045
1402
1966
2467
2536
2440
2760
3568
4410
4796
5095
5640
6460
7043
7234
7535
8152
8951
9081
8670
8249
8345
8854
8920
8523
7611
6892
6276
5735
5397
4908
4470
3453
2172
119
-2052
-2747
-1572
-10
-1504
-5180
-7746
-6692
-4370
-4543
-6310
-7150
-5819
-5338
-6329
-6579
-4670
-2216
-2282
-3382
-3440
-1555
206
898
1521
1979
2073
1277
1395
2763
4114
3896
2125
872
529
863
645
-114
-1214
-2601
-3783
-4760
-5190
-5889
-6893
-7903
-8431
-8586
-9056
-9464
-9484
-8882
-8530
-8740
-8975
-8475
-7132
-5849
-5059
-4777
-4331
-3440
-2180
-960
-151
373
758
1313
1945
2560
2924
3013
3045
3138
3215
2936
2532
2378
2530
2422
1739
945
581
675
696
484
150
-168
-430
-426
146
989
1457
1249
1058
1649
2919
3996
4338
4522
5158
6198
6938
7338
7968
8916
9625
9506
9177
9212
9751
10121
9885
9285
8473
7934
7399
6928
6172
5309
4688
3765
1934
-1002
-2544
-1617
-10
-1117
-5078
-7788
-7268
-5183
-5461
-7397
-8161
-7018
-6194
-7377
-7949
-6496
-3893
-3164
-4073
-4218
-2804
-715
280
1156
1894
2270
1913
1888
3374
4873
5163
3687
2568
2484
2852
2654
1609
742
-216
-1100
-2505
-3913
-5009
-5580
-5690
-6411
-7725
-9341
-9773
-9210
-8691
-9051
-9898
-9852
-9132
-8210
-7811
-7256
-6293
-5257
-4479
-4025
-3138
-2007
-770
40
622
1130
1525
1959
2370
3035
3406
3326
2814
2484
2619
2788
2665
1991
1319
777
519
322
49
-307
-824
-1149
-1270
-1032
-793
-657
-550
-322
149
588
1100
1754
2707
3601
4143
4599
5438
6759
7845
8262
8311
8645
9428
10193
10531
10458
10150
9853
9554
9284
8895
8385
7960
7142
5238
2244
426
1201
2788
1772
-2377
-5772
-5892
-4221
-4502
-6680
-7848
-7167
-6722
-8244
-9351
-8127
-5564
-4651
-5724
-6238
-5076
-3013
-1679
-530
593
1107
839
870
2602
4698
5504
4544
3602
3778
4361
4496
3871
3303
2689
1896
613
-992
-2212
-2675
-2477
-3045
-4939
-7270
-8216
-7472
-6782
-7338
-8682
-9251
-8951
-8499
-8182
-7595
-6571
-5839
-5541
-5251
-4343
-3025
-1798
-800
-78
444
729
1193
2107
3195
3841
3710
3295
3120
3407
3812
3899
3500
2693
1949
1555
1451
1175
505
-151
-442
-462
-719
-1205
-1351
-949
-525
-708
-1094
-815
217
1208
1492
1584
2239
3432
4519
5042
5461
6130
7091
7908
8325
8603
8779
9133
9339
9392
9206
8888
8708
8120
6861
4604
2947
2974
3849
3271
108
-2957
-3950
-3118
-3436
-5339
-6715
-6666
-6420
-7955
-9337
-8898
-6881
-5925
-6802
-7370
-6664
-4909
-3871
-2947
-1902
-982
-608
-518
642
2142
3367
3387
3100
3097
3275
3516
3353
3365
3008
2231
662
-870
-1328
-1030
-1053
-2694
-4782
-6028
-5918
-5749
-6362
-7058
-7372
-7404
-7978
-8328
-7756
-6442
-5598
-5744
-5821
-5191
-3860
-2722
-1834
-1135
-585
-173
246
1178
2213
2932
3008
2996
3242
3514
3621
3544
3675
3612
3124
2318
1796
1712
1519
1065
527
338
149
-307
-737
-679
-231
-139
-507
-776
-347
547
1194
1402
1583
2195
3171
3987
4493
4915
5648
6557
7168
7454
7562
8001
8505
8821
8707
8393
8361
8132
7213
5164
3631
3810
4903
4472
1414
-1568
-2349
-1311
-1599
-3622
-5151
-5068
-4733
-6215
-7793
-7682
-5948
-5158
-6117
-6928
-6476
-4947
-4004
-3300
-2639
-2052
-1793
-1596
-491
826
1796
1772
1590
1708
1995
2356
2461
2574
2124
1200
-15
-681
-474
-292
-924
-2602
-3975
-4390
-4150
-4319
-5060
-5514
-5596
-5766
-6495
-6824
-6098
-4909
-4494
-5036
-5299
-4638
-3379
-2422
-1892
-1517
-1214
-926
-471
408
1308
1717
1627
1638
2070
2561
2767
2774
2859
2910
2664
2226
1946
1870
1761
1505
1249
1050
768
462
406
617
672
388
125
325
864
1236
1338
1506
1957
2549
3013
3405
3855
4405
5001
5479
5868
6103
6381
6694
6990
7148
7110
7206
7163
6640
5138
3651
3534
4604
5045
3143
454
-885
-349
-139
-1427
-2732
-2899
-2565
-3720
-5371
-5695
-4338
-3353
-4112
-5105
-5114
-4017
-3351
-2983
-2417
-1763
-1536
-1857
-1476
-494
548
664
291
108
139
329
269
257
-216
-1112
-2136
-2540
-2304
-2484
-3441
-4819
-5355
-5216
-5145
-5637
-6155
-6062
-5885
-6016
-6377
-6039
-5158
-4458
-4363
-4400
-3871
-3051
-2242
-1668
-1042
-585
-407
-170
445
1272
1551
1354
1252
1699
2113
2009
1729
1779
2081
1868
1219
745
824
885
543
148
65
178
-83
-326
-180
246
269
-99
27
819
1675
1664
1501
1941
3023
3868
3991
4212
4699
5486
5888
6276
6661
6804
6767
6668
7247
7574
7528
6924
6184
5131
3719
3513
4472
5446
3854
896
-660
22
942
-205
-1416
-1437
-761
-1856
-3866
-3973
-2100
-479
-1521
-3018
-3149
-1787
-783
-721
-317
169
412
-232
-310
569
1626
1870
1039
413
65
176
121
-148
-730
-1750
-2600
-3191
-3386
-3911
-4704
-5399
-5803
-6041
-6538
-6833
-6770
-6484
-6536
-6891
-6861
-6290
-5513
-5106
-4876
-4475
-3893
-3310
-2788
-2042
-1271
-836
-752
-505
244
943
1090
843
926
1410
1660
1435
1200
1446
1686
1340
606
271
513
665
360
-132
-364
-384
-356
-206
80
143
-194
-446
-36
872
1470
1454
1333
1725
2469
3129
3507
3826
4249
4584
4835
4954
5138
5374
5682
5926
5897
5749
5490
5132
4083
2827
2507
3490
4316
3073
689
-608
96
697
-178
-1240
-971
-65
-729
-2306
-2611
-953
461
3
-985
-898
249
885
1090
1608
2398
2570
1901
1707
2381
3331
3413
2730
1987
1545
1408
1070
480
-469
-1252
-1675
-2132
-3118
-4540
-5358
-5410
-5366
-6033
-6949
-7236
-6941
-6727
-6973
-7067
-6704
-6098
-5668
-5362
-4887
-4296
-3652
-3022
-2372
-1889
-1588
-1190
-532
156
431
380
383
658
985
1096
1018
864
711
538
393
248
-1
-327
-528
-491
-438
-631
-1040
-1287
-1145
-759
-430
-306
-290
-219
76
611
1254
1772
2097
2371
2714
3157
3600
4040
4380
4579
4735
4959
5185
5099
4763
4376
3961
3065
1943
1702
2613
3242
1799
-860
-2262
-1469
-428
-984
-2169
-2342
-1756
-2142
-3211
-3057
-1286
95
-430
-1377
-926
729
1810
2043
2508
3420
3904
3552
3572
4518
5585
5591
4767
4202
4045
3794
3095
2549
2361
2033
945
-699
-1911
-2324
-2341
-2881
-3973
-4961
-5302
-5255
-5483
-5916
-6107
-5814
-5542
-5544
-5470
-4941
-4116
-3525
-3152
-2756
-2218
-1761
-1341
-666
154
682
643
500
719
1249
1626
1628
1477
1327
1184
956
757
682
622
389
-74
-532
-816
-952
-1089
-1225
-1253
-1225
-1310
-1506
-1462
-980
-369
-96
-164
-89
408
1130
1695
2006
2170
2386
2870
3555
4009
3873
3529
3566
3693
2929
1510
1158
2547
3606
2018
-1065
-2347
-1014
47
-1203
-2978
-2900
-1904
-2558
-4372
-4521
-2468
-1044
-1996
-3331
-2763
-1008
-264
-424
91
1357
1906
1426
1473
2676
3868
3864
3266
3067
3105
2893
2632
2850
2986
2326
1145
461
485
328
-371
-1131
-1369
-1495
-1980
-2578
-2734
-2408
-2294
-2629
-3075
-3068
-2652
-2222
-1952
-1831
-1658
-1479
-1188
-759
-302
-49
-36
117
481
812
789
737
1039
1452
1386
806
544
920
1360
1139
539
322
516
514
49
-278
-174
-32
-333
-685
-431
195
336
-295
-782
-394
486
826
428
8
190
897
1549
1834
1682
1495
1559
1645
957
-329
-562
1058
2722
1632
-1508
-3127
-1611
214
-611
-2642
-2875
-1500
-1635
-3571
-4332
-2464
-497
-1071
-2773
-3004
-1611
-712
-726
-387
510
766
-66
-344
775
2248
2381
1296
405
352
833
1119
1200
994
551
-52
-582
-774
-802
-670
-651
-799
-1213
-1626
-1610
-1134
-482
-268
-500
-824
-648
75
835
1165
1050
1019
1209
1512
1715
1965
2303
2429
2195
1856
1882
2094
2068
1691
1362
1282
1173
876
613
600
535
172
-270
-308
-109
-207
-691
-954
-533
17
12
-499
-577
25
596
482
45
140
594
894
866
1062
1416
1391
1055
833
726
-82
-885
-314
1398
1632
-932
-3417
-2955
-636
-433
-2563
-3618
-2160
-1016
-2641
-4501
-3654
-1070
-407
-1894
-2644
-1587
-483
-716
-628
605
1701
1213
322
826
2018
2233
1226
767
1172
1397
741
1
-6
-41
-609
-1490
-1792
-1823
-2144
-2619
-2698
-2341
-2433
-2900
-3118
-2486
-1698
-1478
-1613
-1462
-701
63
652
1072
1539
1914
2165
2569
3099
3584
3703
3781
4017
4226
3980
3382
3141
3420
3702
3328
2586
2074
1830
1497
1134
1137
1280
851
-112
-629
-224
272
-69
-726
-828
-381
-345
-839
-1046
-721
-260
-345
-536
-680
-631
-454
-202
-301
-1578
-2751
-2345
-200
712
-1321
-3954
-4154
-2033
-1407
-2742
-3600
-2281
-1344
-3056
-4933
-4062
-1035
-59
-1577
-2789
-1932
-583
-568
-455
619
1802
1337
206
226
1081
1523
1089
1132
1406
1017
-156
-728
-93
345
-191
-1164
-1302
-1062
-1263
-1679
-1494
-761
-632
-1127
-1363
-717
53
284
347
722
1223
1333
1446
2029
2847
3127
2859
2782
3144
3517
3452
3256
3232
3245
3033
2712
2634
2742
2727
2350
1866
1676
1751
1828
1567
1279
1318
1606
1647
1157
774
865
1374
1549
1248
825
414
297
297
693
821
383
-500
-1296
-1821
-2738
-3048
-2200
-686
-1156
-4181
-6602
-5932
-3262
-2774
-4364
-5352
-4298
-3724
-5311
-6231
-4486
-1530
-1338
-3230
-4000
-2513
-866
-882
-799
110
1090
561
-505
-569
66
680
585
505
-113
-1171
-2035
-1935
-1221
-1338
-2059
-2826
-2902
-2947
-3095
-2911
-2335
-1710
-1788
-1964
-1799
-996
-71
669
1286
1659
2041
2489
3414
4419
5070
5253
5385
5862
6312
6543
6484
6517
6529
6364
6044
5732
5554
5274
4940
4492
4009
3376
2728
2406
2403
2481
2117
1410
726
558
833
997
792
245
-53
-12
217
230
-115
-338
-311
-352
-1493
-2999
-3046
-1030
639
-934
-4215
-5526
-3599
-1909
-2683
-3958
-3556
-2722
-4146
-5990
-5284
-2381
-1341
-3294
-4902
-4150
-2565
-2746
-3321
-2584
-1123
-1235
-2968
-3950
-3335
-2049
-1792
-2232
-2831
-3261
-3611
-3864
-3601
-3190
-2762
-2866
-3206
-3466
-3234
-2527
-1897
-1426
-1235
-886
-575
-220
232
949
1820
2255
2280
2207
2775
3717
4419
4451
4227
4373
4731
4937
4656
4398
4421
4723
4844
4451
3807
3323
3439
3699
3708
3359
3137
3240
3246
3154
3159
3604
3944
3942
3691
3471
3519
3668
4009
3890
3371
2796
2521
1773
57
-737
697
2824
1657
-2462
-4963
-3223
-536
-1353
-3885
-4213
-2153
-2143
-4908
-6290
-3868
-738
-1197
-3622
-4392
-2697
-1613
-2083
-2141
-968
-267
-1689
-3427
-3622
-2354
-1594
-1977
-2895
-3939
-4866
-5491
-5248
-4803
-4755
-5300
-5745
-5925
-6168
-6251
-5764
-4555
-3779
-3869
-4385
-4081
-2816
-1384
-435
-78
296
806
1761
2821
3818
4479
4910
5295
5409
5406
5397
5854
6311
6347
5838
5144
4663
4259
4104
4077
4098
3699
2998
2493
2392
2591
2621
2520
2234
1930
1765
1861
2150
2111
1744
1393
1480
1328
84
-1328
-967
1425
2658
392
-3159
-3741
-1119
466
-811
-2216
-1193
6
-1382
-3456
-2702
338
1554
28
-1305
-553
417
-146
-604
694
2311
1480
-1272
-2682
-1338
629
461
-1432
-2898
-3066
-3082
-3783
-4296
-3948
-3462
-4073
-5360
-5952
-5489
-4801
-4537
-4307
-3964
-3890
-4136
-3921
-2739
-1405
-852
-978
-810
44
1090
1924
2497
2966
3184
3258
3527
4124
4665
4698
4519
4545
4767
4638
4131
3854
4156
4548
4239
3412
2906
3164
3567
3305
2484
1924
2048
2235
1777
867
441
797
696
-973
-3027
-2986
-767
368
-1734
-4709
-4886
-2792
-2103
-3616
-4244
-2407
-894
-2160
-4161
-3481
-664
803
18
-684
125
1017
852
762
1718
2452
1404
-166
40
1733
2245
470
-1483
-1734
-1092
-1479
-2649
-3086
-2785
-3142
-4467
-5240
-4725
-4026
-4313
-4910
-4629
-3770
-3401
-3557
-3146
-1967
-952
-685
-482
473
1894
2958
3370
3583
3972
4567
5252
5915
6369
6458
6350
6303
6349
6317
6158
6008
5930
5763
5338
4790
4344
4082
3833
3398
2889
2494
2081
1457
789
390
146
-568
-2026
-3411
-3456
-2163
-1352
-2658
-5146
-6182
-4997
-3730
-4106
-4892
-4214
-2914
-3171
-4684
-4830
-2768
-794
-753
-1578
-1474
-654
-303
-415
-347
-284
-626
-814
-258
163
-791
-2563
-3376
-2820
-2391
-3136
-4288
-4734
-4697
-5034
-5676
-5875
-5522
-5243
-5336
-5405
-5065
-4459
-3883
-3281
-2528
-1764
-1170
-576
360
1639
2870
3699
4117
4365
4761
5529
6557
7418
7705
7427
7050
7024
7334
7623
7636
7336
6851
6366
6031
5843
5639
5280
4850
4395
3833
3254
2877
2774
2671
2121
942
-362
-864
-228
629
427
-831
-1903
-2081
-1921
-1954
-1759
-983
-414
-949
-2017
-2217
-1299
-330
-50
-119
-9
148
-30
-509
-987
-1165
-876
-373
-434
-1578
-3144
-3896
-3617
-3419
-4154
-5269
-5818
-5887
-6266
-7082
-7589
-7380
-7014
-7089
-7419
-7442
-7035
-6527
-6064
-5479
-4780
-4215
-3778
-3097
-2001
-837
-68
314
722
1441
2384
3264
3847
4109
4235
4472
4887
5219
5236
5117
5196
5425
5419
5051
4669
4566
4574
4427
4094
3652
3195
2947
3044
3157
2649
1449
475
623
1504
1840
1078
59
-199
143
245
26
178
840
1201
770
223
423
1190
1727
1912
2199
2543
2396
1639
1012
1281
2263
2963
2555
1273
178
-51
130
-97
-691
-1004
-1018
-1517
-2771
-3909
-4001
-3296
-2874
-3342
-4325
-5014
-4948
-4324
-3748
-3638
-3832
-3814
-3364
-2758
-2344
-2148
-1940
-1539
-964
-398
-23
164
334
643
1037
1333
1423
1404
1483
1728
1936
1860
1575
1419
1556
1731
1611
1211
760
450
419
676
893
540
-440
-1296
-1311
-689
-301
-648
-1326
-1677
-1637
-1663
-1934
-2003
-1529
-949
-992
-1638
-2069
-1753
-1012
-418
-116
-7
-187
-642
-897
-425
584
1282
1145
532
145
188
344
387
484
761
899
479
-348
-864
-550
274
720
280
-601
-1032
-636
63
325
61
-161
79
547
743
577
433
663
1163
1537
1563
1407
1384
1610
1928
2088
2018
1884
1894
2099
2328
2324
2064
1862
1986
2285
2359
2094
1791
1701
1734
1735
1749
1820
1762
1421
1026
931
1095
1152
948
709
624
537
236
-157
-324
-192
-74
-266
-705
-1081
-1201
-1142
-1109
-1213
-1387
-1559
-1718
-1895
-2029
-2039
-1953
-1925
-2053
-2275
-2465
-2570
-2610
-2588
-2553
-2588
-2730
-2897
-2960
-2857
-2679
-2576
-2637
-2760
-2731
-2470
-2163
-2050
-2086
-2028
-1762
-1459
-1320
-1317
-1261
-1045
-785
-644
-628
-591
-449
-265
-144
-79
-25
20
56
144
314
459
498
484
576
776
929
984
1056
1220
1406
1535
1640
1812
2032
2214
2331
2445
2609
2787
2920
3032
3157
3276
3339
3353
3381
3436
3472
3455
3415
3362
3257
3116
2992
2903
2800
2638
2436
2222
1977
1717
1526
1408
1243
951
599
333
168
9
-187
-388
-551
-713
-907
-1076
-1150
-1164
-1182
-1244
-1342
-1423
-1442
-1385
-1302
-1252
-1260
-1306
-1346
-1370
-1367
-1331
-1299
-1333
-1446
-1589
-1699
-1773
-1843
-1915
-2013
-2173
-2381
-2583
-2710
-2766
-2816
-2925
-3071
-3194
-3272
-3298
-3283
-3247
-3202
-3147
-3075
-2979
-2850
-2689
-2504
-2293
-2079
-1860
-1632
-1397
-1160
-917
-657
-391
-129
119
345
553
738
912
1091
1278
1457
1603
1692
1746
1799
1871
1954
2027
2066
2065
2039
2014
2011
2034
2066
2073
2046
2018
1998
1999
2030
2076
2103
2103
2091
2102
2151
2212
2267
2287
2280
2263
2255
2265
2294
2299
2253
2164
2064
1973
1891
1812
1715
1565
1365
1154
963
802
647
465
249
17
-220
-438
-623
-779
-934
-1117
-1309
-1474
-1604
-1707
-1784
-1853
-1927
-2000
-2054
-2074
-2059
-2033
-2017
-1999
-1965
-1914
-1850
-1775
-1701
-1638
-1589
-1531
-1446
-1353
-1275
-1215
-1166
-1119
-1061
-995
-925
-858
-799
-756
-726
-680
-607
-523
-442
-370
-321
-271
-197
-95
4
92
176
248
313
391
485
579
654
694
719
756
806
848
862
857
840
808
759
725
703
675
613
513
410
331
279
236
188
124
38
-47
-100
-111
-101
-107
-123
-141
-149
-137
-92
-22
43
90
117
149
213
284
352
407
452
478
486
497
516
546
546
507
445
392
353
320
268
182
78
-22
-90
-134
-180
-243
-322
-403
-457
-469
-449
-411
-382
-382
-387
-355
-274
-147
-4
108
189
230
292
412
592
773
897
930
929
944
1013
1121
1244
1299
1243
1123
1023
991
1018
1033
983
846
651
457
333
291
268
183
7
-226
-452
-601
-652
-674
-748
-912
-1127
-1317
-1416
-1433
-1423
-1452
-1555
-1694
-1809
-1836
-1768
-1677
-1633
-1652
-1693
-1708
-1643
-1491
-1321
-1206
-1166
-1159
-1110
-984
-807
-632
-526
-496
-511
-487
-389
-238
-117
-91
-127
-179
-190
-145
-51
36
62
6
-66
-67
20
150
255
311
318
310
352
495
680
840
925
936
955
1042
1188
1349
1488
1543
1525
1504
1552
1651
1751
1812
1795
1726
1656
1631
1647
1690
1686
1606
1478
1362
1281
1240
1209
1151
1024
866
716
609
530
451
354
234
108
-17
-136
-211
-267
-338
-421
-493
-548
-598
-646
-685
-698
-702
-718
-738
-753
-768
-798
-837
-857
-854
-860
-900
-968
-1047
-1126
-1187
-1217
-1229
-1265
-1342
-1458
-1553
-1597
-1590
-1557
-1541
-1560
-1606
-1636
-1605
-1505
-1376
-1265
-1179
-1113
-1059
-972
-818
-619
-434
-307
-225
-139
-21
109
260
422
558
624
636
682
785
894
960
990
1024
1048
1045
1029
1048
1100
1126
1092
1055
1043
1042
1032
1012
1013
1029
1016
969
934
939
963
958
930
902
904
902
879
849
835
832
808
761
715
684
652
595
521
466
419
345
246
160
104
34
-71
-184
-265
-316
-385
-486
-581
-636
-688
-756
-812
-844
-871
-908
-942
-948
-934
-928
-934
-920
-874
-827
-808
-784
-728
-659
-601
-557
-513
-457
-400
-342
-283
-240
-213
-187
-139
-95
-77
-73
-71
-65
-58
-54
-54
-68
-96
-125
-131
-130
-146
-179
-202
-198
-196
-210
-215
-199
-169
-161
-149
-116
-75
-48
-15
52
120
149
152
200
287
347
361
369
419
459
447
429
451
486
460
394
363
367
330
244
187
185
163
71
-28
-53
-42
-85
-166
-199
-169
-166
-218
-234
-176
-118
-112
-120
-68
19
62
68
108
200
276
296
301
336
384
404
409
422
438
423
381
345
332
314
280
229
175
119
73
39
-4
-53
-92
-107
-130
-168
-208
-208
-180
-178
-194
-188
-154
-142
-148
-127
-68
-21
-27
-44
-9
47
65
43
43
81
92
53
17
32
45
17
-42
-73
-87
-120
-175
-216
-231
-266
-327
-382
-398
-413
-452
-503
-526
-522
-529
-552
-563
-557
-543
-525
-501
-473
-452
-418
-365
-303
-252
-205
-150
-72
10
82
141
207
277
339
406
469
518
552
574
603
640
668
661
642
625
613
605
576
528
482
446
413
368
309
259
230
205
169
134
113
103
93
81
94
108
112
102
111
142
166
157
143
157
175
173
148
129
132
129
96
63
42
20
-13
-54
-84
-107
-139
-184
-213
-231
-256
-294
-330
-355
-368
-390
-418
-447
-473
-489
-507
-524
-543
-564
-585
-599
-609
-622
-630
-622
-616
-604
-579
-553
-513
-469
-419
-352
-279
-206
-139
-68
11
83
142
196
246
297
326
340
347
350
342
322
294
261
226
182
140
100
66
33
-5
-29
-43
-57
-63
-60
-45
-26
5
47
89
136
191
249
310
364
413
461
505
539
561
580
590
590
578
556
535
500
457
409
351
296
232
162
95
27
-39
-103
-161
-209
-249
-287
-319
-340
-359
-373
-378
-376
-369
-356
-344
-328
-307
-276
-246
-215
-176
-140
-100
-63
-28
7
50
83
118
155
188
227
261
293
317
336
351
360
347
332
311
280
235
182
122
60
-5
-76
-152
-221
-281
-342
-396
-446
-479
-501
-520
-529
-527
-508
-484
-452
-414
-366
-309
-253
-193
-131
-69
-15
39
86
130
167
194
210
216
219
213
201
181
162
137
111
79
46
23
-3
-31
-59
-77
-91
-113
-128
-132
-124
-123
-122
-116
-104
-95
-84
-74
-67
-54
-52
-57
-54
-52
-55
-62
-67
-57
-56
-52
-49
-37
-23
-14
-2
19
42
71
100
123
159
199
236
270
305
337
357
371
385
393
397
397
387
368
343
318
289
256
215
174
129
82
42
9
-28
-57
-81
-109
-131
-146
-148
-149
-148
-140
-128
-121
-116
-101
-82
-62
-41
-31
-22
-15
-2
10
15
19
17
11
-4
-17
-25
-33
-53
-80
-108
-138
-160
-182
-209
-229
-245
-261
-277
-287
-285
-283
-279
-270
-260
-240
-215
-194
-171
-138
-105
-72
-48
-19
14
38
67
88
109
125
137
146
152
149
133
125
117
104
93
79
69
59
47
37
30
29
30
23
13
18
37
40
41
52
54
51
42
41
51
52
51
38
37
40
33
27
19
24
34
30
27
39
51
60
64
72
80
99
106
109
115
129
141
139
140
140
138
126
117
105
99
89
68
43
23
6
-6
-30
-59
-79
-100
-125
-143
-157
-168
-170
-173
-180
-183
-167
-142
-128
-117
-95
-72
-52
-38
-17
4
25
42
43
43
47
54
49
40
37
36
20
9
-1
-1
-9
-18
-27
-41
-49
-53
-61
-62
-58
-58
-61
-66
-60
-57
-58
-56
-57
-52
-54
-47
-40
-31
-19
-19
-17
-14
-6
0
6
9
17
21
17
20
29
30
23
8
-5
-4
0
-9
-12
-10
-12
-16
-17
-14
-4
2
-3
-1
9
25
38
47
53
59
62
59
66
76
79
79
73
74
76
77
72
66
65
58
51
41
41
45
43
41
38
35
38
40
34
33
35
35
30
27
29
31
24
21
18
11
8
1
-12
-17
-18
-26
-36
-39
-46
-53
-60
-72
-73
-80
-83
-77
-78
-81
-69
-65
-62
-56
-52
-46
-40
-33
-34
-30
-30
-30
-33
-44
-46
-45
-56
-60
-58
-61
-64
-68
-71
-66
-58
-57
-48
-42
-37
-30
-19
-11
3
15
21
29
35
44
53
56
61
69
66
67
73
72
72
73
74
74
69
63
57
59
56
52
56
49
48
50
41
31
22
21
21
15
6
-2
-7
-15
-25
-29
-34
-42
-46
-48
-52
-54
-57
-49
-40
-39
-29
-28
-16
2
8
21
33
42
57
70
78
89
91
96
99
101
97
88
82
69
57
43
22
3
-17
-44
-55
-73
-96
-103
-118
-128
-142
-147
-148
-144
-142
-140
-128
-114
-103
-83
-60
-44
-20
-1
18
38
51
67
87
93
109
116
118
122
115
114
105
91
80
66
52
40
24
11
-8
-22
-35
-54
-63
-74
-85
-85
-91
-95
-93
-97
-86
-83
-78
-68
-63
-49
-36
-25
-9
0
14
24
34
42
48
55
60
64
70
71
70
69
62
60
50
42
39
26
17
10
-2
-8
-17
-19
-23
-30
-29
-37
-39
-37
-30
-29
-30
-25
-21
-14
-6
-3
1
12
12
21
20
23
34
30
31
37
39
32
30
32
33
23
19
20
19
17
8
4
8
6
-3
-3
-9
-6
-11
-13
-11
-12
-16
-14
-12
-15
-13
-14
-11
-8
-5
-9
-9
-5
-7
-3
-5
-6
-6
-4
-1
-2
-1
-4
-3
-4
-6
-6
-6
-6
-7
-8
-9
-7
-9
-10
-10
-9
-7
-5
-6
-4
-9
-14
-11
-11
-9
-10
-8
-6
-5
-9
-7
-7
-6
-5
-7
-4
-4
-3
-2
2
0
1
-2
-2
-1
2
2
5
5
7
9
10
10
6
8
7
7
11
11
9
13
15
14
13
5
3
9
7
3
3
9
11
5
3
2
2
-4
-5
-6
-4
-5
-3
0
-1
-5
-3
2
-2
-2
-7
-2
-1
0
1
4
6
0
-2
-5
1
-6
-9
-7
-2
-6
-10
-8
-3
-10
-14
-12
-9
-12
-18
-12
-7
-4
-10
-10
-5
-5
-5
-6
1
3
6
7
10
11
10
9
13
11
13
12
12
14
15
17
12
10
7
6
7
5
1
8
12
3
1
1
2
-1
-2
-4
-1
0
1
0
-1
-1
-4
-2
-3
-4
-2
-3
-1
-1
-3
-2
-1
-4
-7
-6
-5
-8
-7
-9
-8
-3
-7
-9
-4
-4
-10
-12
-5
-3
-4
-8
-2
4
2
-4
2
4
2
2
4
9
4
8
9
12
10
7
5
9
10
7
4
1
6
6
3
1
2
0
-1
-4
-2
-3
-3
-3
-6
-5
-5
-4
-5
-5
-7
-8
-4
-4
-5
-4
-2
-3
-2
-4
-1
1
0
0
0
3
4
4
4
5
-1
-1
2
1
1
0
3
0
-1
1
1
1
1
3
2
2
3
4
5
5
3
-2
0
2
5
5
1
4
2
1
0
-1
-2
0
2
-1
-3
0
-4
-3
-1
-2
-6
-6
-4
-4
-4
-7
-6
-5
-6
-7
-7
-6
-6
-2
-2
-4
-2
-2
-1
-1
0
2
2
1
3
3
5
4
5
6
4
6
5
8
9
5
8
7
5
5
5
8
7
6
6
3
3
6
3
0
2
1
3
-2
-4
-2
-1
-1
-4
-6
-3
-5
-5
-5
-6
-7
-8
-7
-4
-5
-8
-7
-4
-5
