0
1
-2
-1
-1
1
1
0
1
0
1
0
-1
0
1
0
0
0
0
-1
-1
-1
-2
0
1
1
1
0
-1
1
1
1
1
0
0
-2
0
0
1
1
-1
1
1
2
0
-1
0
0
-1
0
0
-1
0
0
0
1
1
0
1
0
-1
-1
-1
0
0
-1
-1
1
0
-1
-1
0
0
-1
0
-1
2
-1
-1
0
1
1
0
1
0
-2
0
1
-1
0
1
0
-1
-1
0
0
-1
0
1
2
0
-1
-1
0
-1
0
1
0
1
-1
0
1
2
2
1
0
-1
-1
-2
-2
0
0
-1
-2
0
0
0
-2
-2
-1
0
1
0
1
0
1
-1
0
0
0
-1
-1
0
-3
1
1
0
0
-2
0
0
0
1
1
-1
1
1
0
-1
1
1
1
0
0
-1
-1
0
0
0
2
0
-1
0
-1
-2
-2
-1
-1
-1
-1
1
0
-2
0
0
0
-1
0
1
1
1
1
0
0
0
0
0
-1
-1
0
0
1
-1
0
0
0
1
1
1
-1
0
-1
1
-1
-1
1
0
0
0
2
1
-2
-1
0
0
-1
0
0
1
0
-1
-1
-1
0
0
-1
-2
-2
-1
1
0
-1
-1
0
1
0
0
0
0
0
0
-1
0
1
0
1
1
1
1
-1
0
0
0
2
1
0
0
0
0
0
0
1
0
0
-2
-1
0
1
0
-2
-1
2
1
1
0
0
-1
0
0
-1
-1
-1
0
1
0
0
2
1
1
0
1
0
0
0
0
1
1
0
1
0
-1
0
-2
-1
-1
0
-1
0
-1
0
0
0
0
0
1
1
1
0
-1
-2
0
1
1
0
1
-1
-1
1
0
0
0
-1
0
1
-1
1
1
1
1
-1
0
0
2
0
1
-1
-2
-1
-1
-1
-1
0
-1
1
-1
-3
1
0
1
2
1
-2
1
-2
-2
0
-1
0
1
2
4
2
-1
1
2
-1
2
1
-1
2
-1
-2
2
1
-2
-1
-2
-3
3
1
-3
2
-1
-3
3
-2
-3
5
-3
-3
4
-4
0
6
-4
1
5
-8
-2
5
-5
4
6
-11
0
4
-10
4
8
-8
3
1
-13
6
6
-8
7
3
-10
6
0
-6
7
1
-7
-2
-2
-1
4
3
0
-2
0
-1
-5
7
4
-7
2
-2
-9
6
3
-3
11
-3
-13
4
0
-2
12
-4
-6
4
-9
-4
11
-1
2
4
-10
0
3
-6
8
2
-6
2
-6
-3
6
-1
0
3
-3
-2
-1
0
1
-3
2
-2
-2
8
-4
-1
10
-11
-1
10
-8
8
9
-14
4
3
-11
9
9
-7
5
-2
-11
8
2
-4
9
0
-9
-2
-3
1
7
3
2
2
-6
-5
0
2
7
1
-1
1
-7
-4
1
-2
5
5
-2
0
-3
-5
0
3
4
8
3
-6
-6
-4
-2
6
10
4
0
-7
-8
-2
4
8
7
-1
-4
-9
-9
7
7
5
12
-9
-15
3
-10
0
22
-6
-3
8
-25
-3
16
-8
11
14
-23
-1
8
-16
15
13
-15
8
-3
-19
13
4
-3
12
-6
-9
2
-4
3
9
-2
-3
-4
-9
1
7
3
6
-2
-10
1
-4
4
9
-3
10
-7
-13
15
-9
3
24
-21
-2
14
-28
9
21
-20
12
13
-34
7
18
-30
21
21
-38
18
7
-36
30
5
-25
25
-8
-20
16
-6
-3
16
-4
-7
0
-5
0
-1
7
6
-14
5
2
-20
20
4
-26
28
-2
-30
32
-7
-24
42
-12
-28
40
-14
-27
40
-14
-25
42
-18
-28
44
-16
-26
45
-16
-29
49
-21
-32
58
-27
-32
64
-41
-19
68
-53
-3
57
-56
11
39
-50
14
31
-43
6
30
-39
8
30
-48
18
24
-49
30
9
-33
32
-13
-9
19
-14
9
-7
0
12
-25
19
2
-21
30
-12
-11
25
-16
-3
13
-8
1
2
-1
-4
1
7
-7
1
10
-7
-4
12
-9
-11
18
-9
-15
26
-16
-17
34
-22
-11
34
-26
-4
28
-24
-1
21
-17
-5
21
-8
-16
26
-8
-19
34
-13
-17
34
-19
-12
28
-19
-6
21
-12
-5
16
-12
-5
15
-12
1
9
-14
10
-2
-12
19
-13
-7
23
-23
7
22
-32
15
11
-38
29
0
-33
41
-14
-18
37
-28
-2
33
-38
5
25
-30
8
19
-38
27
18
-56
39
1
-35
46
-37
-6
55
-57
18
11
-20
41
-50
6
47
-51
23
-3
-15
41
-33
-20
43
-7
-32
21
9
-23
18
4
-44
61
-28
-24
52
-43
8
25
-31
11
1
-1
21
-46
33
14
-40
30
0
-34
60
-28
-50
86
-35
-57
103
-62
-32
100
-93
14
69
-84
9
84
-87
-11
89
-54
-42
93
-51
-48
142
-111
-60
188
-109
-87
184
-107
-55
184
-164
-12
174
-148
-22
135
-96
-14
102
-117
31
88
-109
15
75
-86
66
-48
-13
111
-145
62
56
-122
139
-89
-58
206
-184
-5
140
-100
29
-20
-25
121
-108
-17
53
13
-10
-57
22
62
-17
-79
15
119
-80
-80
140
-94
44
43
-153
128
64
-199
145
-10
-83
129
-133
23
120
-122
-12
96
-87
92
-86
-8
89
-36
-63
31
44
-1
-58
-36
119
-9
-87
-39
173
-70
-77
55
-15
51
40
-231
170
141
-240
33
78
16
0
-127
78
94
-110
38
-68
60
118
-197
-5
202
-120
-81
146
-64
-45
108
-87
17
20
-37
69
-66
12
34
-98
214
-173
-153
401
-214
-139
251
-210
163
45
-323
227
117
-148
-31
-18
116
85
-235
-47
204
98
-243
-9
44
200
-41
-375
218
310
-299
-83
42
126
151
-350
3
296
-21
-240
44
68
117
-97
-143
75
201
-175
-65
104
-26
74
-42
-75
-43
220
-116
-169
184
57
-151
176
-212
23
306
-361
-8
249
-99
-35
-27
20
146
-136
2
-63
186
-42
-247
214
83
-146
-1
17
46
84
-262
162
84
-114
14
-49
172
-43
-242
158
169
-319
184
-72
48
208
-477
241
291
-325
-40
96
5
69
-119
-70
117
145
-204
-183
326
32
-200
163
-216
157
81
-230
5
128
78
-166
-14
83
87
-63
-115
70
167
-227
53
127
-209
190
-119
-71
314
-185
-259
347
42
-376
209
73
-51
54
-153
-31
272
-127
-146
16
243
-40
-290
144
34
71
-73
21
-103
183
45
-294
-9
431
-251
-92
235
-317
220
167
-509
207
415
-419
-2
221
-301
196
107
-426
328
92
-173
-106
218
-79
-17
185
-283
20
270
-253
-92
290
-54
-22
-8
-12
-18
170
-217
-70
322
-146
-121
140
-24
85
-145
-50
227
-101
-23
-19
40
-47
-67
19
102
-23
48
-136
128
9
-399
345
-8
-76
138
-226
150
216
-340
-133
396
-139
135
-371
174
192
-26
-255
-106
565
-114
-389
106
230
-181
211
-309
87
299
-248
-289
425
-89
-232
298
-93
-133
113
112
-137
144
-195
-101
191
117
-329
76
283
-213
7
-151
54
303
-61
-178
-166
374
12
-488
226
199
-175
192
-147
-272
738
-410
-272
396
-25
-338
429
-115
-428
604
-278
-75
284
-307
-14
451
-350
-242
358
38
-100
-97
108
-189
513
-370
-445
817
-273
-231
343
-547
390
350
-594
89
248
81
-337
105
-26
37
394
-499
-190
686
-417
-15
193
-381
578
-242
-280
251
-36
186
-271
-69
460
-423
109
260
-497
668
-409
-180
532
-194
-500
561
-28
-281
381
-441
195
490
-651
-166
852
-519
33
-19
-81
323
24
-345
-59
464
18
-406
24
317
-67
12
-356
137
299
50
-488
-8
530
-94
-619
254
144
-6
159
-753
484
515
-698
-216
473
107
-174
-230
50
329
-53
-292
-86
412
168
-626
17
510
-237
-173
13
77
105
-125
-239
244
1
-51
-161
201
15
-174
240
-269
208
-8
-168
65
-8
145
-136
-67
194
-18
-204
98
-5
-63
307
-368
-128
425
175
-567
43
421
0
-223
-295
424
192
-169
-580
446
385
-213
-533
187
649
-426
-267
192
100
211
-272
-449
823
-148
-285
29
99
113
64
-365
-23
504
-292
-72
-36
176
195
-225
-434
714
-147
-406
342
-269
307
144
-605
206
573
-446
-306
372
156
-402
246
-62
-75
456
-641
304
204
-245
-9
-46
399
-394
-139
607
-297
-241
218
-94
395
-406
-323
739
-103
-448
213
172
-73
142
-496
151
680
-479
-461
519
255
-171
-330
-16
613
-14
-882
224
960
-543
-544
192
576
224
-1266
336
912
-264
-835
29
846
349
-1460
81
1461
-625
-479
-171
494
678
-850
-737
1079
536
-1014
-298
568
551
-478
-625
363
559
-112
-699
32
703
115
-1187
626
501
-550
-55
164
-13
167
-309
71
361
-575
361
8
-88
7
-54
-51
377
-563
67
598
-618
-106
546
-105
-493
410
18
114
-546
238
409
-164
-510
52
773
-254
-732
296
757
-522
-268
-168
895
-224
-941
663
222
-77
-457
115
471
-58
-472
-87
770
-100
-981
607
596
-720
37
-118
445
205
-918
256
579
-226
-113
-428
489
843
-1395
193
790
-208
-406
-36
246
183
-177
-399
353
299
-250
-385
417
244
-331
-10
38
222
88
-156
-518
732
516
-1496
660
513
-267
-214
-317
434
570
-757
-538
990
203
-627
-444
800
353
-701
-469
1040
-76
-634
84
316
89
-234
-564
921
90
-1065
591
129
233
-623
-135
823
-146
-798
451
318
-160
-233
-99
386
-75
-171
-133
317
-67
-478
831
-487
-455
725
124
-683
-171
1049
-356
-557
72
570
67
-548
-380
970
-16
-938
172
793
-255
-811
680
-11
73
-340
108
435
-384
-96
371
-53
-294
120
213
-79
-375
248
148
12
-463
167
553
-452
-242
334
302
-214
-398
430
614
-1003
8
1073
-694
-258
151
396
34
-757
40
942
-208
-1139
682
745
-442
-899
617
906
-730
-954
1042
691
-1300
-38
461
751
-1049
-718
1508
341
-1673
178
1389
-243
-1314
412
1286
-821
-816
646
850
-902
-477
618
659
-1007
-509
1370
129
-1517
414
1125
-423
-1078
637
680
-461
-424
-7
916
-347
-878
697
286
-479
-3
213
35
-357
360
-122
-253
309
-100
61
-78
-275
798
-531
-419
711
53
-529
69
388
111
-625
-22
797
-406
-344
117
593
-286
-618
534
263
-208
-296
147
803
-735
-486
1069
-166
-607
85
499
109
-885
355
449
-170
-678
283
813
-709
-293
558
281
-650
-64
322
324
-453
-217
404
178
-557
17
577
-474
3
228
158
-505
-128
913
-305
-730
316
607
-75
-823
196
789
-350
-490
375
12
42
-71
-78
138
-440
478
115
-458
-232
560
306
-982
437
126
21
34
-445
573
68
-761
595
547
-1004
-67
838
-35
-624
-359
856
324
-909
-193
538
321
-360
-293
-12
682
-269
-304
-110
382
339
-674
39
217
372
-515
-17
309
-24
-350
305
72
-241
277
-258
179
-212
230
-190
149
-56
-236
497
-199
-467
508
171
-446
-83
298
316
-339
-171
25
429
-142
-566
469
155
-194
33
-370
378
287
-778
467
-16
1
-55
-141
525
-552
-1
406
90
-740
386
515
-422
-612
736
308
-686
94
150
248
-449
-113
563
-82
-339
131
211
-11
-571
380
701
-1077
-28
1078
-742
-46
23
-29
633
-740
-411
1204
-249
-894
619
361
-743
221
510
-417
-259
440
127
-502
-91
496
127
-394
-266
348
619
-1039
-130
1290
-769
-324
511
29
-209
-257
378
135
-374
-47
368
92
-568
34
700
-525
-296
459
107
-504
403
69
-477
506
-293
122
23
-336
564
45
-613
197
528
-267
-325
-262
866
25
-1114
410
1063
-995
-332
527
105
134
-678
199
796
-588
-524
694
-80
-143
120
-232
141
380
-475
73
-180
391
200
-774
196
469
177
-962
532
205
-231
117
-350
122
365
-139
-132
-71
200
254
-454
-358
427
592
-769
-30
736
-252
-357
-139
255
127
-293
342
-169
439
-243
-723
730
-47
-644
469
342
-121
-161
-9
11
45
-422
264
210
-219
341
-13
-517
304
281
-601
-117
682
-7
-646
615
-137
-252
465
-812
520
350
-815
514
206
-476
90
401
-436
-95
329
260
-706
137
694
-695
339
-432
445
287
-587
-277
663
226
-1014
571
298
-238
-46
-172
254
-90
-216
220
107
-64
-18
-103
362
-567
170
171
-168
451
-601
273
522
-1020
404
387
-467
-60
326
281
-516
-262
571
283
-982
339
354
245
-649
-159
975
-595
-472
826
-409
-257
767
-583
261
1
-349
397
170
-979
659
554
-722
215
-14
-23
307
-713
-42
1136
-1237
741
123
-580
345
-35
-263
29
-119
682
-315
-504
1149
-918
-378
899
-472
-444
864
31
-493
383
-444
430
-382
-298
744
-186
-191
601
-601
-48
484
-758
262
362
-260
237
152
-607
379
109
-812
429
442
-207
-271
431
121
-735
222
221
-263
15
307
8
-95
80
-282
63
174
-67
-445
671
257
-870
232
728
-722
-85
383
-391
498
-185
-670
1150
-50
-1367
1012
559
-1298
266
780
-650
104
293
-417
716
-547
-530
828
-144
-557
591
173
-128
-322
23
267
-289
-34
107
167
208
-323
-173
618
-776
224
8
3
568
-503
91
64
-426
465
-377
-215
1198
-704
-330
488
-119
-94
-254
36
392
134
-312
-83
295
26
-572
-110
825
-350
43
-47
-70
334
-338
-387
847
-386
-431
945
-747
153
459
-578
-127
662
-497
134
61
-21
73
-104
-373
662
-162
-485
681
-329
-41
227
-487
298
307
-530
493
-364
136
154
-636
444
396
-611
342
6
-441
614
-331
-468
951
-200
-784
840
-103
-545
544
-185
-212
495
-387
-22
329
-316
-40
208
64
-378
154
448
-634
142
355
-361
101
87
-187
432
-384
53
230
-242
12
-20
290
-278
149
90
-147
-154
348
-549
196
465
-510
132
366
-317
-373
599
-434
-186
493
226
-672
328
593
-1072
443
33
-172
446
-462
351
281
-756
564
-269
-295
586
-468
300
145
-387
214
-35
-229
70
287
-172
-177
513
-599
44
579
-684
514
-123
-234
652
-878
217
690
-752
248
371
-401
177
-94
-402
657
-207
-423
684
-104
-455
235
-105
52
-42
-101
255
75
-517
210
365
-462
295
-68
-119
127
-307
300
241
-277
-72
312
-213
-104
101
-78
145
-22
-161
677
-584
-72
275
-611
207
414
50
15
-243
-62
452
-966
156
729
-380
100
102
-18
264
-636
36
177
-384
609
-154
16
364
-176
-126
-481
119
287
-146
90
176
451
-433
-338
137
-351
472
-137
-309
1038
-261
-693
265
-5
-313
329
-18
-224
812
-183
-977
1020
-348
-866
951
-145
-390
802
-113
-292
178
-457
-21
85
18
183
439
-143
-163
-353
103
10
-25
2
363
-138
-245
360
-255
196
-60
-487
531
45
-652
486
338
-412
202
-315
117
134
-372
105
362
-92
-262
478
-375
-334
465
13
-445
540
82
23
-332
-471
480
47
-56
99
72
37
27
-554
440
-4
-217
139
-186
367
214
-608
343
5
-607
681
-398
671
-311
-707
686
-8
-253
-60
506
68
-255
-581
89
549
-276
-184
796
-244
-3
-721
18
808
-760
165
805
-465
-24
-348
134
364
-618
411
302
-293
-49
-552
509
560
-939
482
289
-385
-295
114
265
0
-176
277
-151
319
-447
-525
1069
-485
-331
663
-188
-67
308
-1143
1059
276
-1235
465
559
-248
-30
-124
164
46
-418
-8
537
271
-1065
404
406
-139
-411
401
447
-679
-497
707
-135
4
344
108
-188
-500
57
-240
501
-1
135
217
-130
-431
-53
132
16
-289
194
650
-101
-81
-412
16
-135
-181
127
386
307
-186
-220
-37
-3
-208
-211
-118
833
-213
-11
399
-429
-183
-214
-92
570
164
-750
581
441
-537
-636
694
14
-565
85
663
-25
-539
388
217
-466
-349
561
-150
-166
252
252
18
-269
-204
148
60
62
-664
598
550
-680
60
481
-189
-291
-199
-33
899
-747
56
660
-44
-514
33
79
-237
286
-239
212
648
-614
-126
381
-673
411
-210
-43
368
-193
22
128
-140
-137
-181
139
112
-92
259
-29
356
-788
46
547
-553
139
630
-267
-186
61
-458
751
-12
-721
250
797
-853
-177
1096
-50
-420
-1087
633
582
-304
248
198
-126
-437
-726
658
839
-830
43
320
-223
-88
19
161
242
-564
-395
957
322
-867
215
59
-106
-368
343
347
144
-239
-957
271
714
-255
-422
433
212
-41
-899
229
837
-489
-413
186
880
-157
-779
85
33
129
199
-250
428
117
-825
84
23
221
364
-490
-286
666
-234
-221
-11
15
218
-17
-289
236
280
-457
-109
285
155
-28
-245
140
178
-358
80
26
-19
166
-102
473
81
-808
277
-108
-76
272
125
350
-93
-195
-276
-4
94
-46
15
210
437
-153
-136
-158
-503
406
-349
336
320
85
-291
-254
-246
-104
416
48
-98
51
285
-303
-67
-454
826
-72
-533
563
227
-264
-148
-15
-95
161
-232
576
274
-747
285
-62
-461
490
278
-73
14
-161
-485
374
227
134
-239
-181
194
-7
-357
315
16
-271
357
-143
-2
497
-475
-486
357
-33
489
36
-388
276
-165
-646
629
33
-274
390
-368
-68
108
5
158
-187
-235
260
-241
-112
502
131
-337
-12
40
-198
-12
31
291
-162
-75
312
129
24
-688
-210
227
164
434
72
-78
95
-902
-303
814
233
-94
-130
-140
122
14
-260
218
477
-560
-472
383
142
237
42
-34
72
-294
-729
409
517
166
124
-306
84
-260
-563
292
387
178
-257
-156
705
-457
-463
99
51
-90
199
173
342
225
-897
-169
290
-276
237
469
-123
291
-327
-567
232
62
-218
515
30
86
-166
-583
492
118
-351
212
237
-366
187
156
-60
53
-106
-227
-3
196
188
55
-277
222
-139
-246
16
48
-1
75
230
25
-244
27
-241
-333
332
431
-162
249
-143
-227
22
-313
213
202
134
-151
144
-18
-121
-144
-8
36
-147
164
25
320
-33
-179
-154
-180
-103
322
110
176
448
-531
-72
66
-188
110
170
56
174
-22
-22
-48
47
-327
-301
407
-205
281
428
-371
-317
74
-296
-243
289
319
278
-89
-128
120
-604
-103
639
-186
464
343
-456
-17
-40
-317
93
327
35
38
-234
35
-147
-433
67
146
-19
-54
-12
-136
-217
41
-81
138
301
-113
31
-146
136
-38
20
378
198
89
-107
-98
-16
-131
-48
185
333
-66
-182
-62
-332
-200
-271
255
270
-80
31
0
-149
-239
40
174
156
270
170
226
73
-213
101
-41
53
113
80
164
-133
-103
-112
-261
-214
-32
-14
86
11
-258
-11
96
-301
-63
378
178
35
205
131
38
-44
35
434
147
194
265
-144
-56
-25
-327
242
231
-142
3
-127
-304
-397
-349
-160
113
-103
-137
19
-255
-527
-144
-197
-54
295
-105
164
158
-366
-127
-5
-120
151
118
124
198
-38
-285
-49
-8
-323
61
2
-18
22
-212
-76
-69
-311
-310
-1
-30
25
91
161
101
-123
-213
26
97
66
361
372
317
67
-52
28
22
39
334
421
282
224
-59
-12
-94
-144
114
278
231
92
103
-28
-131
-68
24
156
333
193
242
238
0
46
26
68
155
183
64
86
22
-249
-266
-156
-232
-172
-93
-159
-59
-226
-325
-143
-93
-180
24
138
33
100
-78
-4
77
-112
-46
95
-26
-135
-108
-190
-173
-265
-327
-164
-231
-319
-173
-228
-194
-180
-217
-113
-54
-108
13
127
64
192
119
105
254
153
206
327
251
335
234
198
235
223
135
197
281
195
238
125
190
132
68
136
172
196
217
157
191
171
134
148
173
255
169
286
209
287
197
134
244
185
239
263
234
325
197
53
244
90
38
-6
38
7
-91
-167
-221
-266
-464
-544
-527
-517
-570
-568
-625
-488
-560
-681
-556
-510
-512
-469
-413
-345
-259
-336
-332
-211
-234
-335
-271
-274
-262
-241
-388
-251
-263
-395
-367
-331
-331
-334
-324
-280
-152
-191
-247
-137
-132
-264
-209
-179
-167
-162
-47
85
90
46
37
161
138
241
533
719
717
777
795
860
772
707
835
998
1056
1022
1098
1108
985
792
827
966
1148
1081
1356
1556
1482
1271
1084
1091
1041
1059
1079
1184
1083
883
581
530
353
231
-76
-208
-214
-415
-729
-1090
-1346
-1602
-1859
-2108
-1869
-1875
-2123
-2288
-2115
-2101
-2206
-2214
-1937
-1627
-1433
-1267
-925
-656
-907
-1003
-752
-615
-652
-509
-394
-324
-506
-672
-727
-752
-882
-930
-825
-779
-854
-937
-1076
-1084
-1015
-1068
-895
-639
-549
-467
-400
-363
-150
27
189
444
751
930
1011
1176
1325
1298
1321
1343
1419
1578
1623
1506
1401
1317
1225
1100
1130
1255
1207
1240
1350
1447
1473
1362
1191
1240
1353
1523
1675
1868
1929
1852
1905
1995
1965
1989
2136
2372
2696
2884
2788
2314
2017
2064
2095
2243
2442
2337
2026
1555
1040
351
-994
-2483
-3103
-3139
-3148
-3035
-3025
-3686
-4588
-5041
-4866
-4300
-3900
-3462
-2507
-1492
-911
-555
-581
-761
-742
-285
584
1426
1549
1095
652
274
-8
-247
-506
-779
-778
-810
-1067
-1612
-2284
-2956
-3406
-3417
-3002
-2610
-2764
-2952
-2692
-2312
-2411
-2368
-1797
-1109
-615
-14
753
1141
834
424
758
1255
1410
1544
2037
2392
2370
2008
1511
1189
845
639
753
1040
1098
936
420
154
159
-107
-384
-155
434
798
972
905
808
689
726
837
1258
1611
1610
1600
1613
1554
1313
1108
937
1142
1378
1554
1561
1628
1722
1743
1804
2018
2486
2777
3165
3420
3387
3064
2908
2582
2354
2404
2565
2745
2283
1296
-105
-1813
-3991
-5222
-4715
-3048
-2629
-3649
-4211
-4272
-4996
-5927
-4984
-3031
-2197
-2513
-950
1461
1587
-114
-524
545
1214
1550
2364
3423
2944
1725
1046
1095
727
-56
-872
-1089
-630
-702
-1520
-2533
-3069
-3769
-4150
-3933
-3204
-3036
-3319
-3159
-2634
-2371
-2450
-2149
-2013
-1898
-1398
-102
683
301
-310
-266
-186
-334
221
1061
1410
941
510
317
-9
-786
-1333
-1257
-779
-203
-202
-581
-1004
-1426
-1962
-1959
-1277
-465
-48
142
523
609
141
-366
-200
227
670
1256
1694
1571
1191
949
708
503
434
880
1702
2319
2431
2202
1698
1386
1736
2407
3131
3761
4000
3926
3964
4143
4248
4042
3886
4375
5042
5269
5459
5443
4645
3440
2899
3183
3277
2296
913
-414
-2443
-4778
-5488
-3735
-2077
-2786
-4381
-4223
-3689
-4531
-4897
-2758
-457
-534
-666
1620
3874
2948
1053
1142
2665
3370
3547
3952
4090
3226
1973
1286
1034
548
-846
-2383
-2996
-2642
-3095
-4648
-6023
-6388
-6440
-6339
-5675
-4901
-4634
-4694
-4133
-3050
-2030
-1561
-1185
-647
294
1331
1891
1564
377
-1218
-2245
-1798
-517
194
-426
-1438
-2097
-2827
-3804
-4029
-3485
-3188
-3054
-2172
-917
-790
-1966
-2932
-2647
-1551
-341
576
1064
1083
771
460
554
801
772
572
856
1605
1925
1220
93
-552
-491
-20
436
806
1033
1105
1055
1109
1381
1858
2351
2973
3859
4675
5080
5036
4861
4734
4747
4899
5375
5860
5916
5468
5056
4707
4055
3289
2980
3107
3118
3010
2836
2821
2677
2502
2347
2734
3314
2367
-1652
-6555
-7755
-4549
-811
-213
-1354
-2701
-4668
-7260
-6732
-2859
-139
-1347
-2313
676
4337
3909
350
-1721
-1138
867
2825
4376
4405
2416
-409
-1736
-879
116
-796
-3096
-3958
-2962
-2156
-3533
-6126
-8242
-8915
-8141
-6214
-4454
-4165
-4976
-5430
-4666
-3202
-1849
-1066
-510
308
1869
3351
3854
2802
1125
41
463
1703
2569
2092
182
-1655
-2838
-3664
-5244
-6182
-6093
-4942
-4279
-3455
-3119
-3773
-5217
-5335
-3380
-828
1068
1851
2491
2633
2805
2570
2382
2066
2457
3119
3577
3627
3026
1848
223
-361
-78
493
305
298
325
447
409
173
-294
-306
712
1962
2797
3044
3449
3489
3250
3176
3658
4042
4440
4918
5293
5193
4519
3675
2957
2804
3032
3499
3560
3474
2981
2482
1976
1767
1728
2202
2959
3615
3866
3590
3437
3583
4180
3554
591
-4333
-7009
-5106
-589
1449
-106
-2760
-4938
-6881
-7377
-4586
-1222
-868
-2599
-1513
2093
3535
590
-2991
-3351
-733
2411
4115
4191
2536
149
-1821
-1886
-592
108
-1290
-3367
-3648
-2434
-2188
-4311
-6957
-8162
-7347
-5573
-4006
-3374
-3789
-4584
-4996
-3869
-1619
326
516
117
690
2357
3444
2681
824
-682
-508
634
1827
1370
-292
-2464
-3833
-4525
-4534
-4409
-4585
-4989
-4896
-3428
-2100
-1931
-2946
-2976
-1722
476
2136
3108
3166
2696
2510
2897
3664
3747
3414
2611
2449
2576
2791
1972
496
-576
-523
127
438
494
-14
-372
-539
-126
109
226
337
781
1440
2203
3234
3755
3677
3195
3304
3939
4805
5230
5102
4786
4405
4136
3627
3389
3244
3120
2657
2594
2828
2680
1833
1099
1351
1933
2239
2206
2310
2236
2043
2407
3076
2321
-1869
-7213
-9235
-5654
-914
423
-1773
-4278
-6391
-8163
-7393
-3520
-329
-1382
-3036
-985
3262
4099
893
-2336
-2562
-3
3096
5194
4781
2675
-164
-1825
-1745
-163
495
-1295
-3773
-4270
-2705
-2423
-4413
-7324
-8433
-7613
-5569
-3727
-2832
-3107
-4223
-4799
-3903
-1309
880
1459
801
1151
2783
4046
3459
1595
217
-10
974
2252
2877
1608
-1034
-3562
-4522
-4061
-3247
-3045
-3514
-3704
-2907
-1659
-1178
-1616
-1837
-1018
768
2720
4105
4228
3278
2180
1871
2459
3233
3342
2474
1514
1313
1554
1000
-491
-1719
-1832
-1123
-406
64
24
-543
-1300
-1447
-819
-49
218
137
432
1247
2248
2843
2918
2637
2519
2965
3839
4538
4587
4159
3575
3233
3120
3089
2858
2511
2350
2356
2354
2169
1934
1499
1227
1422
2168
2543
2239
1752
1869
2356
2561
1881
-529
-4656
-8244
-7847
-3637
106
-41
-2694
-4999
-6368
-6683
-4842
-1154
934
213
-478
1523
3849
3466
924
-772
-192
1903
4168
5059
4187
1963
-271
-1719
-1476
-154
336
-1248
-3324
-3675
-3015
-3191
-4753
-6059
-6438
-5611
-4047
-2346
-1742
-2342
-3111
-3125
-1985
-181
1656
2276
2003
1761
2461
3080
2746
1522
485
373
943
1657
1515
386
-1794
-3814
-4904
-4406
-3438
-2933
-3258
-3484
-3067
-2220
-1395
-994
-820
-684
214
1666
3054
3198
2317
1184
876
1352
1934
1933
1283
642
296
400
321
-86
-944
-1415
-1297
-649
-122
52
-215
-656
-699
-258
426
628
619
664
1333
2255
3119
3371
3208
2974
3040
3529
4073
4277
3736
3056
2590
2625
2683
2729
2461
1996
1532
1437
1643
1715
1659
1486
1506
1469
1668
2021
2689
2893
1853
-936
-4439
-6630
-6155
-3455
-790
178
-1095
-3345
-5263
-5404
-3800
-1532
-118
287
715
1672
2619
2312
963
-524
-687
445
2251
3403
3302
1959
149
-1037
-1231
-620
-375
-841
-1987
-2745
-2949
-2918
-3387
-4137
-4399
-4045
-3361
-2827
-2136
-1794
-1833
-2086
-1465
-164
1067
1565
1549
1583
1689
1968
1963
1750
1139
767
757
1075
820
-384
-2039
-3402
-4125
-4486
-4197
-3744
-3594
-4111
-4202
-3537
-2652
-2334
-2172
-1506
-400
765
1466
1705
1424
1192
1117
1352
1590
1740
1464
941
722
916
959
286
-525
-1015
-982
-837
-561
-515
-686
-841
-568
-150
-105
-385
-682
-525
100
1259
2328
2931
2890
2711
2773
3227
3851
4176
4114
3844
3879
3992
3968
3639
3290
2848
2371
2138
2302
2668
2772
2670
2343
2043
1932
2298
2820
2846
1589
-1380
-4950
-6750
-5173
-1977
1
-277
-1748
-3667
-5377
-5376
-3070
-275
733
454
709
2022
3010
2753
1494
298
109
1080
2637
3836
4143
3147
1266
-340
-525
279
686
63
-1086
-1895
-2130
-1992
-2186
-2922
-3837
-4292
-4207
-3626
-2618
-1741
-1767
-2571
-2846
-1927
-549
100
-26
-254
-84
452
1012
1287
1058
571
73
-341
-798
-1205
-1699
-2612
-3853
-4555
-4226
-3649
-3761
-4381
-4604
-4226
-3627
-2960
-2044
-1026
-340
-107
-3
398
1010
1412
1319
1109
1179
1381
1277
954
833
884
708
221
-217
-420
-493
-533
-564
-624
-714
-685
-523
-320
-190
-102
-100
-58
262
1084
2182
3084
3503
3578
3688
4083
4697
5231
5487
5484
5308
5076
4926
4897
4673
4014
3153
2734
2960
3453
3606
3226
2466
1774
1574
2013
2416
1534
-1264
-4740
-6463
-5192
-2346
-379
-383
-1889
-3956
-5440
-5039
-2632
9
1073
835
980
2162
3406
3558
2550
1215
528
965
2289
3665
4117
3188
1348
-260
-788
-482
-297
-800
-1760
-2556
-2850
-2852
-3074
-3782
-4739
-5424
-5522
-4999
-4086
-3277
-3044
-3252
-3236
-2568
-1616
-931
-581
-316
30
504
1023
1372
1397
1213
941
425
-365
-1117
-1662
-2295
-3142
-3805
-3971
-3929
-4125
-4497
-4680
-4488
-4082
-3604
-2965
-2034
-1029
-378
-138
59
423
771
1009
1295
1554
1492
1164
978
1106
1263
1193
891
444
-1
-214
-70
135
90
-213
-451
-369
6
380
544
491
430
563
1081
2005
2996
3544
3607
3640
4021
4620
5105
5294
5195
4896
4641
4601
4697
4568
4022
3241
2715
2727
3154
3474
3272
2569
1839
1594
1907
2035
863
-1923
-4907
-5999
-4524
-2014
-469
-704
-2371
-4587
-5988
-5302
-2761
-261
690
540
717
1702
2724
2940
2266
1298
759
1079
2183
3491
4154
3532
1840
99
-751
-726
-602
-959
-1747
-2542
-3093
-3432
-3814
-4388
-5070
-5616
-5845
-5595
-4815
-3791
-3079
-2888
-2808
-2347
-1557
-815
-263
285
888
1382
1644
1834
2139
2450
2324
1523
371
-580
-1144
-1533
-1992
-2487
-2985
-3561
-4173
-4493
-4325
-3940
-3759
-3759
-3405
-2392
-1041
34
470
362
153
311
964
1763
2184
2045
1651
1417
1492
1754
1908
1668
976
238
105
675
1283
1250
590
-164
-609
-664
-342
195
607
672
580
709
1169
1756
2284
2667
2945
3333
3999
4765
5222
5213
4990
4800
4635
4499
4449
4410
4275
4119
4077
4058
3818
3281
2558
1889
1617
1788
1502
-433
-3656
-5991
-5756
-3793
-2154
-1766
-2508
-4349
-6669
-7494
-5534
-2334
-582
-667
-772
138
1383
2192
2538
2472
1951
1444
1714
2900
4247
4704
3820
2134
733
180
87
-195
-870
-1763
-2659
-3366
-3765
-3979
-4288
-4860
-5648
-6313
-6321
-5470
-4254
-3348
-2859
-2450
-1953
-1442
-889
-170
658
1392
1925
2298
2618
2995
3271
3044
2149
990
149
-235
-490
-910
-1570
-2465
-3472
-4244
-4449
-4161
-3812
-3785
-4015
-4028
-3405
-2306
-1361
-956
-830
-558
-90
412
886
1269
1376
1225
1179
1496
1986
2232
1937
1195
507
377
772
1175
1168
767
220
-275
-505
-328
80
338
307
249
493
1038
1590
1915
2055
2258
2678
3260
3860
4344
4588
4566
4415
4326
4329
4286
4192
4277
4578
4732
4390
3636
2870
2340
2099
2066
1767
364
-2276
-4803
-5462
-4141
-2542
-2129
-2971
-4503
-6169
-7028
-6114
-3876
-2086
-1711
-1876
-1361
-158
1058
1912
2326
2225
1819
1722
2318
3378
4200
4204
3342
2164
1298
884
626
161
-654
-1721
-2739
-3356
-3497
-3450
-3614
-4231
-5203
-6006
-6022
-5185
-4037
-3100
-2453
-1944
-1479
-982
-339
429
1139
1645
2001
2394
2965
3550
3680
3034
1907
961
531
438
285
-210
-1156
-2400
-3455
-3871
-3688
-3390
-3446
-3838
-4114
-3848
-3093
-2326
-1911
-1738
-1491
-1014
-324
421
906
915
645
576
961
1585
2076
2168
1835
1332
1057
1196
1512
1662
1513
1169
786
518
438
470
490
481
542
712
967
1271
1590
1835
1977
2139
2451
2920
3448
3944
4360
4660
4746
4572
4284
4183
4479
4944
5108
4757
4058
3335
2807
2608
2570
2020
257
-2391
-4476
-4808
-3714
-2556
-2347
-3245
-4902
-6582
-7191
-6147
-4227
-2891
-2636
-2676
-2118
-939
331
1303
1812
1827
1572
1539
2073
3078
3987
4233
3699
2802
2073
1661
1363
930
241
-689
-1699
-2472
-2725
-2556
-2473
-2943
-3949
-4952
-5384
-5114
-4409
-3562
-2797
-2276
-1992
-1664
-1052
-280
315
611
796
1100
1668
2443
3068
3037
2235
1168
475
370
530
482
-102
-1180
-2317
-2954
-2914
-2585
-2527
-2961
-3575
-3818
-3431
-2710
-2134
-1926
-1929
-1877
-1596
-1068
-469
-102
-101
-266
-214
236
877
1303
1271
932
681
781
1166
1591
1832
1773
1433
1014
786
835
1018
1136
1136
1066
1016
1069
1237
1449
1624
1739
1845
2002
2256
2649
3164
3677
3969
3934
3703
3595
3805
4206
4482
4449
4121
3619
3157
2972
2960
2464
881
-1462
-3321
-3734
-2931
-1914
-1516
-2063
-3477
-5195
-6178
-5717
-4284
-3092
-2768
-2793
-2395
-1445
-339
627
1343
1617
1389
1039
1185
2036
3099
3728
3707
3268
2675
2047
1479
1051
675
123
-643
-1342
-1653
-1624
-1628
-1973
-2683
-3487
-4084
-4298
-4116
-3651
-3117
-2727
-2519
-2320
-1928
-1390
-965
-827
-857
-771
-364
307
972
1319
1217
805
391
194
208
202
-56
-573
-1110
-1408
-1455
-1437
-1580
-1940
-2365
-2607
-2505
-2143
-1804
-1685
-1759
-1838
-1728
-1428
-1074
-813
-726
-777
-839
-702
-265
287
592
523
353
441
802
1177
1409
1517
1542
1419
1189
1064
1176
1394
1476
1403
1348
1432
1559
1639
1745
1971
2268
2526
2745
3033
3451
3908
4256
4390
4334
4229
4246
4464
4789
5012
4930
4507
3923
3509
3421
3319
2507
664
-1594
-3125
-3292
-2483
-1578
-1279
-1900
-3321
-4870
-5550
-4957
-3752
-2916
-2679
-2480
-1876
-962
-27
819
1453
1641
1368
1051
1234
1973
2823
3354
3448
3186
2596
1767
972
425
38
-419
-986
-1473
-1729
-1819
-1973
-2383
-3032
-3731
-4259
-4501
-4384
-3925
-3346
-2933
-2764
-2627
-2309
-1862
-1526
-1436
-1484
-1464
-1237
-824
-337
134
496
638
513
196
-218
-644
-976
-1075
-895
-582
-407
-562
-1004
-1480
-1714
-1650
-1480
-1411
-1440
-1454
-1381
-1238
-1044
-876
-821
-905
-1024
-1041
-931
-747
-565
-396
-211
19
293
568
767
830
789
788
910
1113
1309
1487
1680
1857
1956
1939
1869
1874
2016
2266
2528
2739
2925
3112
3298
3503
3746
3971
4066
3979
3785
3649
3749
4058
4324
4357
4183
3899
3502
3051
2730
2450
1659
-7
-1883
-2849
-2677
-2078
-1712
-1702
-2158
-3235
-4456
-4844
-4135
-3221
-2883
-2868
-2589
-1924
-1126
-282
610
1289
1381
964
631
861
1618
2445
2966
3113
2876
2253
1420
703
241
-76
-447
-977
-1552
-1926
-2059
-2214
-2618
-3213
-3783
-4232
-4459
-4279
-3693
-3086
-2819
-2825
-2804
-2564
-2167
-1829
-1728
-1906
-2156
-2190
-1859
-1236
-523
65
298
111
-362
-857
-1145
-1150
-925
-582
-230
18
69
-113
-412
-639
-757
-853
-926
-835
-576
-327
-227
-239
-291
-379
-469
-517
-507
-456
-397
-336
-250
-83
161
370
444
392
317
295
351
482
679
937
1231
1513
1749
1892
1948
1989
2096
2295
2606
3006
3405
3709
3892
4024
4204
4399
4517
4538
4457
4298
4189
4263
4446
4544
4479
4271
3920
3441
2962
2497
1687
207
-1483
-2442
-2408
-1973
-1704
-1744
-2187
-3211
-4417
-4870
-4262
-3392
-3077
-3152
-3053
-2615
-1962
-1093
-28
873
1147
794
355
374
960
1839
2644
3136
3205
2827
2177
1518
1011
651
267
-288
-955
-1439
-1599
-1669
-1983
-2607
-3324
-3968
-4431
-4546
-4236
-3745
-3398
-3287
-3231
-2998
-2556
-2145
-2004
-2154
-2380
-2425
-2185
-1657
-889
-63
491
574
290
-118
-452
-606
-527
-259
66
315
423
395
269
77
-183
-527
-877
-1032
-887
-578
-331
-271
-374
-543
-670
-692
-632
-550
-509
-523
-523
-389
-79
273
484
504
466
483
530
581
664
837
1123
1487
1832
2085
2182
2164
2134
2208
2492
2952
3404
3675
3790
3866
3976
4094
4194
4263
4249
4141
4010
3962
3961
3924
3865
3821
3664
3276
2718
1948
694
-1061
-2538
-2927
-2417
-1853
-1724
-2001
-2819
-4200
-5374
-5471
-4644
-3907
-3702
-3612
-3268
-2712
-2067
-1223
-335
220
288
92
111
597
1430
2303
2930
3225
3181
2842
2316
1752
1252
760
183
-458
-980
-1225
-1337
-1634
-2244
-3044
-3868
-4595
-5036
-4997
-4575
-4121
-3830
-3624
-3385
-3114
-2869
-2693
-2656
-2719
-2679
-2297
-1503
-427
609
1212
1216
836
465
314
388
628
901
1036
1005
984
1038
982
642
55
-576
-1030
-1157
-960
-631
-392
-357
-474
-624
-700
-697
-701
-749
-789
-670
-309
214
729
1032
1073
944
779
687
773
1054
1390
1644
1813
1976
2100
2145
2171
2221
2291
2391
2613
2972
3355
3684
3930
4063
4094
4114
4167
4131
4015
3987
4079
4043
3791
3640
3701
3650
3243
2610
1683
44
-2036
-3376
-3235
-2277
-1654
-1682
-2241
-3400
-4858
-5678
-5283
-4365
-3921
-3990
-3917
-3380
-2592
-1657
-664
61
198
-93
-224
144
918
1872
2790
3445
3612
3336
2857
2358
1866
1357
841
272
-306
-710
-857
-940
-1296
-2040
-3033
-4048
-4831
-5121
-4873
-4358
-3924
-3684
-3487
-3248
-2985
-2755
-2608
-2535
-2454
-2170
-1532
-539
592
1494
1876
1754
1441
1207
1165
1326
1637
1886
1874
1687
1488
1309
1008
514
-107
-737
-1237
-1482
-1452
-1252
-1008
-857
-917
-1162
-1398
-1479
-1425
-1272
-971
-493
53
512
845
1098
1230
1202
1061
1015
1206
1579
1975
2266
2413
2368
2153
1850
1608
1549
1681
1914
2114
2288
2520
2794
2972
3009
2963
2805
2534
2366
2520
2845
3043
3100
3106
2963
2595
2246
1857
772
-1276
-3261
-3889
-3211
-2250
-1634
-1490
-2168
-3790
-5371
-5648
-4677
-3680
-3340
-3230
-2883
-2386
-1835
-1022
-36
574
493
140
163
749
1702
2767
3707
4142
3863
3117
2325
1721
1240
808
383
-130
-747
-1242
-1470
-1660
-2135
-2988
-3978
-4845
-5315
-5199
-4596
-3824
-3277
-3039
-2970
-2871
-2688
-2512
-2328
-2026
-1488
-784
108
1136
1986
2295
2067
1719
1479
1455
1697
2169
2580
2616
2352
1964
1523
965
363
-160
-597
-946
-1187
-1214
-1056
-861
-842
-1058
-1327
-1527
-1614
-1534
-1186
-623
-60
408
806
1126
1277
1256
1220
1279
1486
1849
2288
2636
2783
2754
2645
2484
2270
2072
1967
1934
1885
1855
1975
2268
2526
2607
2524
2324
2024
1767
1777
1974
2122
2185
2310
2408
2316
2100
1747
722
-1310
-3471
-4391
-3788
-2651
-1840
-1565
-2068
-3493
-5082
-5543
-4662
-3549
-3090
-3066
-2873
-2410
-1753
-825
270
957
849
332
168
718
1714
2795
3708
4144
3891
3150
2430
1951
1546
1060
515
-77
-720
-1250
-1538
-1756
-2213
-2926
-3745
-4494
-4962
-4913
-4353
-3634
-3082
-2814
-2743
-2738
-2627
-2345
-1979
-1554
-1060
-459
235
1042
1824
2277
2272
1956
1620
1439
1589
2086
2637
2856
2590
2057
1442
863
375
46
-157
-341
-560
-785
-860
-770
-680
-781
-989
-1095
-1086
-1041
-855
-388
233
720
966
1094
1212
1303
1391
1603
2006
2446
2729
2856
2930
2973
2884
2729
2650
2673
2681
2640
2607
2539
2434
2406
2501
2502
2224
1763
1429
1352
1368
1310
1185
1107
1017
844
688
485
-444
-2532
-4818
-5674
-4816
-3494
-2666
-2458
-3136
-4917
-6718
-6879
-5353
-3731
-2975
-2672
-2318
-2028
-1734
-1027
33
789
842
564
623
1334
2468
3530
4123
4024
3231
2068
1136
761
733
678
362
-320
-1291
-2166
-2643
-2992
-3627
-4438
-5073
-5427
-5461
-4908
-3799
-2797
-2474
-2674
-2883
-2880
-2631
-2049
-1171
-249
532
1217
1894
2467
2757
2684
2335
1899
1642
1799
2353
2951
3132
2773
2070
1231
391
-220
-419
-319
-262
-389
-526
-511
-388
-284
-251
-255
-250
-212
-5
493
1212
1842
2149
2195
2148
2125
2209
2500
2967
3369
3526
3464
3308
3176
3092
3048
3015
2991
3022
3083
3065
2892
2650
2485
2495
2602
2656
2485
2092
1636
1276
1014
844
875
1021
947
486
-91
-946
-2735
-5191
-6614
-5878
-4086
-2941
-2810
-3401
-4910
-6985
-7921
-6662
-4391
-2869
-2344
-2063
-1817
-1666
-1312
-494
424
882
903
968
1467
2343
3238
3822
3863
3219
2035
928
440
415
389
149
-341
-1186
-2209
-2893
-3181
-3566
-4283
-4952
-5199
-5051
-4486
-3490
-2475
-2063
-2299
-2572
-2402
-1883
-1308
-726
-58
609
1154
1715
2393
2852
2677
2017
1395
1123
1173
1453
1817
1919
1548
860
137
-475
-915
-1171
-1283
-1325
-1288
-1167
-963
-635
-264
-4
130
335
738
1262
1869
2556
3105
3309
3357
3532
3778
3888
3913
3998
4076
4018
3875
3745
3576
3263
2857
2551
2524
2705
2750
2491
2189
2079
2057
2061
2215
2400
2297
2024
1976
2020
1798
1500
1467
1401
1008
515
-389
-2648
-5751
-7339
-6211
-4012
-2808
-2944
-4190
-6560
-8978
-9398
-7375
-4786
-3362
-3009
-2860
-2589
-2198
-1595
-764
29
433
506
817
1777
2997
3750
3820
3316
2224
860
-43
-243
-311
-666
-1205
-1981
-3122
-4205
-4725
-4963
-5453
-6031
-6242
-6029
-5447
-4421
-3153
-2216
-1886
-1884
-1733
-1094
-55
892
1416
1720
2124
2671
3298
3901
4090
3529
2537
1765
1422
1313
1287
1115
560
-267
-1014
-1557
-1975
-2239
-2381
-2570
-2718
-2545
-2108
-1680
-1223
-555
146
689
1240
1929
2600
3177
3767
4293
4628
4905
5222
5399
5414
5526
5756
5791
5539
5209
4881
4503
4172
4036
4035
4054
4008
3761
3302
2938
2929
3106
3176
3037
2761
2500
2388
2332
2176
2052
2015
1745
1107
363
-806
-3324
-6498
-7784
-6044
-3334
-2116
-2655
-4409
-7167
-9671
-9668
-6835
-3608
-2095
-1992
-2142
-2187
-2075
-1518
-515
440
925
1054
1295
1947
2762
3185
2975
2211
999
-344
-1228
-1454
-1542
-1969
-2714
-3770
-5162
-6386
-6810
-6678
-6717
-6977
-7032
-6801
-6338
-5407
-3963
-2564
-1744
-1393
-1101
-632
179
1333
2426
2960
3043
3261
3780
4220
4306
4095
3584
2686
1656
997
827
723
286
-434
-1181
-1842
-2418
-2874
-3122
-3089
-2872
-2667
-2485
-2090
-1414
-686
-27
663
1333
1786
2099
2634
3482
4331
4874
5031
4882
4651
4600
4826
5193
5480
5470
5044
4361
3870
3910
4339
4749
4861
4718
4554
4545
4665
4756
4685
4459
4275
4375
4633
4610
4118
3406
2724
2157
1909
1652
-29
-3824
-7553
-8145
-5673
-3106
-2424
-3528
-6199
-9893
-12085
-10299
-5766
-2262
-1553
-2264
-2762
-2752
-2295
-1191
397
1671
2066
2005
2433
3458
4052
3460
2055
608
-552
-1207
-1175
-1045
-1804
-3580
-5633
-7392
-8542
-8705
-8069
-7688
-8189
-8940
-9133
-8766
-8010
-6757
-5178
-3863
-3043
-2364
-1506
-495
522
1305
1603
1680
2215
3343
4405
4854
4613
3693
2225
914
561
1052
1495
1226
302
-866
-1901
-2575
-2900
-2956
-2680
-2130
-1660
-1476
-1298
-935
-626
-359
364
1642
2856
3530
3852
4175
4514
4694
4730
4892
5327
5755
5842
5722
5690
5534
4856
3973
3709
4318
5234
5827
5926
5558
4953
4573
4785
5464
6061
6163
5881
5649
5600
5389
4832
4197
3702
3349
3143
2560
226
-4137
-7839
-7774
-4559
-1771
-1493
-3339
-6685
-10546
-12121
-9224
-3900
-475
-428
-1626
-2079
-1806
-1170
153
2064
3460
3636
3413
3944
4862
4743
3239
1503
443
-76
-331
-368
-798
-2431
-5047
-7513
-8978
-9291
-8627
-7700
-7551
-8474
-9598
-10038
-9692
-8710
-7092
-5161
-3708
-3074
-2646
-1685
-366
529
705
643
898
1694
2924
4200
4806
4132
2321
297
-788
-456
644
1207
520
-909
-2259
-3208
-3758
-3835
-3496
-3008
-2511
-2081
-1786
-1656
-1670
-1771
-1506
-250
1766
3357
3809
3595
3398
3305
3273
3609
4472
5518
6126
6027
5470
4898
4397
3870
3638
4186
5405
6395
6506
5846
5043
4634
4859
5584
6333
6649
6294
5568
4958
4663
4455
4156
3814
3447
3063
2381
313
-3898
-8211
-8922
-5492
-1726
-954
-2931
-6295
-10179
-12236
-9637
-3663
735
1052
-501
-1307
-1201
-613
865
3213
5244
5934
5650
5507
5674
5081
3316
1682
1291
1591
1613
1280
224
-2403
-6066
-8826
-9634
-9052
-7870
-6965
-7371
-9123
-10843
-11440
-10930
-9531
-7472
-5549
-4420
-3858
-3465
-3070
-2364
-1288
-619
-519
134
1794
3130
3174
2636
1984
851
-389
-458
659
1591
1410
140
-1630
-3072
-3527
-3330
-3065
-2640
-2085
-1961
-2373
-2577
-2376
-2265
-2119
-1247
295
1732
2506
2575
2199
1952
2270
2948
3802
4804
5759
6031
5486
4701
4166
4114
4538
5504
6768
7877
8213
7517
6397
5918
6494
7649
8728
9199
8802
7668
6570
5948
5586
5186
4763
4362
3843
3114
1297
-2790
-8011
-10452
-7828
-3130
-1004
-2568
-6190
-10394
-13322
-11965
-6000
4
1548
-535
-2257
-1986
-853
480
2494
4890
6298
6282
5987
6097
5747
4157
2373
1986
2911
3793
3632
2179
-562
-3894
-6447
-7361
-6852
-5743
-4984
-5530
-7407
-9355
-10164
-9832
-8953
-7824
-6507
-5370
-4793
-4750
-4644
-4003
-3300
-3086
-2878
-1576
464
1779
1660
754
-87
-542
-271
540
1359
1736
1439
427
-983
-1838
-2009
-2161
-2444
-2287
-1572
-1181
-1480
-2212
-2924
-3160
-2648
-1496
-310
581
1012
883
552
513
937
1529
2278
3247
3928
3937
3392
2882
2635
2889
3948
5374
6362
6412
6142
6112
6431
7094
8056
9111
9452
9029
8427
8249
8288
7829
6966
6011
5315
4718
4282
3785
1324
-4010
-9320
-9561
-4857
-853
-1076
-4259
-8091
-11826
-12684
-8028
-1009
2147
-108
-3025
-3269
-1712
-65
1416
2982
3729
3408
2862
3022
3297
2120
104
-731
343
1720
2086
1561
-88
-2638
-4707
-4940
-3832
-2643
-1688
-1449
-2394
-4119
-5368
-5534
-5270
-5012
-4653
-3846
-3171
-3812
-5547
-6913
-7007
-6536
-5697
-3961
-2336
-2295
-3416
-3733
-2822
-1605
-377
622
1055
1045
1231
1460
1099
322
-452
-849
-554
358
819
-149
-1949
-3364
-3632
-2648
-1017
78
-35
-710
-1234
-1582
-1559
-740
560
1412
1638
1819
2151
2332
2216
2129
2614
3772
5152
6175
6700
6880
6772
6859
7727
9281
10262
9705
8385
7601
7886
8454
8547
7932
6651
5294
4442
4537
4123
713
-5227
-8763
-5669
453
2763
-336
-5050
-8825
-11051
-8891
-1918
4086
3224
-1850
-4137
-2462
-344
233
644
1457
1698
1407
1484
2046
1138
-1810
-4075
-2855
693
2801
2390
556
-1799
-3901
-4278
-2471
-439
314
-179
-1186
-2325
-3206
-3543
-3752
-4005
-4177
-3714
-2740
-2471
-4059
-6638
-7915
-7338
-5881
-4118
-2275
-1675
-2916
-4091
-3443
-1596
-252
225
424
881
1749
2256
1665
228
-1015
-1628
-1516
-402
831
590
-1415
-3407
-3944
-3147
-1674
-328
282
41
-516
-1102
-1561
-1359
-402
742
1447
1766
1775
1376
806
565
1234
2768
4352
5088
4989
4877
5054
5370
5987
6941
7652
7597
7203
7006
6979
6607
5567
4537
4467
5394
6016
5540
3468
-945
-6172
-7454
-2378
3739
4506
293
-4356
-7481
-8472
-5117
1431
5194
2711
-1496
-2086
-207
252
-945
-909
687
1891
1927
1766
1144
-1483
-4738
-4847
-880
2997
3165
648
-1907
-3482
-4030
-3049
-1071
127
-243
-1491
-2560
-3361
-4099
-4726
-5066
-4885
-4212
-2986
-2309
-3477
-6256
-8231
-7715
-5793
-3670
-1647
-155
-757
-2973
-4140
-2734
28
1937
2475
2159
1748
1158
115
-790
-728
94
389
16
-300
-637
-1786
-3363
-3703
-2411
-774
-115
-195
-287
-425
-1009
-1742
-1631
-395
1242
2162
2009
1158
244
-200
279
1927
3942
5188
5204
4633
4035
3829
4762
6619
8112
8022
7076
6261
5800
5590
5465
5538
5385
5163
4777
4415
3206
-446
-5176
-6387
-1510
3948
4166
148
-3624
-6097
-7383
-4312
2512
6727
4012
-754
-1459
571
1215
183
727
2722
3621
2773
1904
1371
-773
-3481
-3280
583
3890
3373
533
-2087
-3615
-4042
-2883
-844
194
-359
-1691
-2967
-4248
-5324
-5552
-5292
-4968
-4361
-3135
-2904
-5111
-7952
-8672
-7093
-5205
-3382
-1582
-1040
-2373
-3926
-3652
-1943
-51
1346
2121
2167
1367
148
-830
-880
-284
178
374
417
6
-1206
-2398
-2665
-2185
-1518
-765
112
504
27
-829
-1212
-803
-20
788
1577
2091
1722
524
-325
17
1104
2146
3102
3898
3854
2895
2220
2851
4368
5584
5885
5604
5131
4619
3990
3741
4180
4719
4607
4182
3858
2054
-1756
-4464
-2741
1167
2498
771
-1295
-2876
-4472
-4062
-467
2868
2487
447
822
2706
2590
604
24
1775
3463
3869
3674
2876
475
-2207
-1991
1247
3758
2892
566
-607
-784
-1051
-1107
-567
-260
-571
-764
-666
-1303
-3166
-5250
-6093
-5126
-3251
-2514
-3856
-6248
-7953
-8244
-7141
-5021
-3102
-2610
-3314
-3785
-3471
-2717
-1809
-707
437
1283
1453
997
193
-598
-1270
-1361
-550
407
352
-636
-1464
-1946
-2249
-2111
-1104
25
349
-212
-889
-1144
-720
139
998
1450
1230
573
194
570
1114
1470
1873
2648
3127
2944
2678
2929
3372
3776
4220
4719
5093
5098
4536
3734
3441
3691
3902
3603
3296
2267
-663
-4102
-4366
-1194
1267
293
-2103
-3485
-4442
-4796
-2452
1505
2675
439
-682
1506
3197
1864
334
1484
3380
3762
3431
3576
2947
771
-298
1739
4494
4481
2427
1404
1889
1798
847
606
1198
1232
688
261
-476
-2265
-3988
-4071
-3138
-2836
-3648
-4883
-6147
-6799
-6314
-5071
-4251
-4059
-3732
-3147
-2854
-2909
-2660
-1784
-586
429
989
931
272
-663
-1108
-825
-400
-460
-568
-263
-126
-919
-2147
-2554
-1866
-886
-451
-621
-1176
-1690
-1730
-1066
-287
-282
-965
-1173
-529
114
223
193
505
1056
1553
2005
2390
2639
2933
3287
3818
4418
4488
3918
3741
4168
4430
4142
3910
4100
3434
874
-2385
-4043
-2725
203
1380
-325
-3035
-5123
-6066
-4882
-1460
1468
773
-1531
-1234
893
1068
-599
-864
1018
2714
3018
3185
3018
1135
-1087
-609
2474
4596
3735
2249
2289
2462
1377
534
1263
2419
2551
2088
1684
580
-1204
-2066
-1434
-804
-1339
-2531
-3225
-3207
-3105
-3305
-3603
-3443
-2725
-1961
-1503
-1397
-1617
-1798
-1193
-18
648
423
60
89
147
28
-184
-482
-697
-377
282
443
-113
-825
-1220
-1263
-1082
-911
-927
-857
-594
-607
-1168
-1793
-1999
-1866
-1438
-735
-223
-403
-814
-737
-289
192
812
1701
2360
2307
1897
1788
2086
2486
2942
3382
3508
3182
2677
2011
315
-2383
-3778
-2143
465
739
-1165
-2912
-4045
-4991
-4174
-1019
1029
-293
-1917
-738
865
-100
-1565
-554
1489
1923
1584
2006
1831
-174
-1613
100
3035
3720
2602
2292
2575
1566
120
404
1886
2554
2231
1857
1278
102
-1135
-1640
-1299
-873
-1171
-1737
-1513
-1090
-1890
-3073
-2704
-1249
-447
-60
759
1055
332
74
1068
2036
2151
2141
2459
2588
2110
1398
992
1056
1385
1690
1863
1666
865
-131
-591
-553
-559
-467
27
382
-128
-1225
-2009
-2146
-1907
-1472
-916
-656
-964
-1340
-1185
-682
-359
-108
425
916
985
934
1047
976
720
890
1432
1685
1457
914
-440
-2700
-4131
-3250
-1511
-1287
-2255
-2865
-3408
-4454
-4514
-2691
-1269
-1872
-2303
-808
398
-625
-1789
-1053
145
315
595
1592
1531
-101
-998
154
1558
1683
1599
2244
2438
1313
248
509
1177
1153
999
1324
1260
208
-873
-1161
-1283
-1846
-2085
-1322
-549
-1003
-2118
-2507
-2129
-1718
-1148
-111
687
700
720
1355
1815
1614
1640
2511
3471
3769
3588
3248
2683
2032
1967
2716
3494
3465
2783
2042
1350
676
421
818
1323
1366
1063
640
70
-498
-768
-726
-481
-104
108
-42
-242
-170
-68
-159
-115
281
692
836
820
726
446
40
-189
-23
91
-766
-2446
-3383
-2846
-2186
-2464
-2906
-3050
-3700
-4493
-3893
-2452
-2295
-3125
-2802
-1677
-1896
-2978
-2752
-1561
-1228
-1358
-622
68
-628
-1522
-957
224
522
460
1084
1781
1552
912
873
1175
1029
751
1151
1760
1363
198
-440
-550
-1057
-1480
-854
-172
-779
-1723
-1730
-1605
-2066
-1919
-705
28
-305
-396
149
405
502
1289
2324
2660
2631
2923
3251
3306
3559
4209
4705
4677
4396
4141
3823
3436
3293
3457
3439
2885
2173
1783
1484
954
462
302
240
84
27
91
-49
-353
-396
-90
227
362
414
440
387
279
174
124
78
-288
-1350
-2790
-3441
-2854
-2147
-2343
-3016
-3617
-4430
-5053
-4337
-2911
-2743
-3611
-3420
-2321
-2419
-3439
-3306
-2247
-1974
-1982
-983
-176
-1036
-2138
-1680
-639
-559
-725
-102
475
108
-454
-396
-263
-654
-906
-308
453
268
-620
-1110
-1133
-1386
-1538
-777
159
-67
-912
-995
-614
-657
-478
578
1389
1167
993
1617
2148
2128
2366
3039
3365
3261
3379
3669
3629
3456
3589
3731
3471
3044
2837
2743
2546
2425
2521
2509
2165
1849
1839
1826
1591
1534
1860
2120
2063
2008
2034
1864
1626
1734
2030
2053
1829
1621
1406
1059
719
507
327
65
-498
-1510
-2538
-2884
-2647
-2588
-2926
-3327
-3851
-4531
-4712
-4176
-3833
-4219
-4491
-4045
-3630
-3781
-3910
-3679
-3558
-3577
-3112
-2284
-1928
-2132
-2191
-1861
-1542
-1335
-1021
-687
-606
-675
-597
-449
-557
-899
-1092
-979
-878
-1068
-1387
-1559
-1588
-1574
-1481
-1329
-1272
-1318
-1240
-974
-729
-587
-424
-224
-81
67
380
814
1206
1521
1751
1851
1937
2239
2729
3154
3460
3800
4148
4314
4342
4444
4627
4722
4774
4951
5146
5087
4819
4581
4345
4009
3754
3772
3858
3703
3343
3025
2768
2477
2251
2253
2367
2284
1979
1708
1584
1464
1273
1101
907
481
-123
-530
-693
-1066
-1812
-2514
-2901
-3211
-3610
-3941
-4222
-4672
-5164
-5354
-5294
-5336
-5512
-5523
-5350
-5198
-5049
-4770
-4493
-4387
-4283
-3937
-3438
-3017
-2675
-2332
-2053
-1914
-1803
-1593
-1327
-1087
-893
-743
-740
-887
-961
-848
-730
-757
-815
-830
-899
-1046
-1151
-1185
-1222
-1230
-1150
-1096
-1232
-1443
-1438
-1187
-916
-677
-322
141
579
976
1403
1818
2164
2505
2968
3470
3785
3907
4011
4141
4189
4198
4324
4539
4675
4718
4749
4769
4696
4591
4626
4799
4924
4897
4807
4745
4672
4537
4368
4159
3859
3493
3167
2863
2351
1551
723
136
-252
-639
-1098
-1604
-2156
-2632
-2880
-2961
-3067
-3253
-3365
-3359
-3338
-3326
-3274
-3228
-3279
-3353
-3316
-3182
-3047
-2893
-2689
-2562
-2549
-2487
-2294
-2044
-1813
-1589
-1425
-1450
-1631
-1735
-1693
-1664
-1709
-1714
-1716
-1836
-1997
-2054
-2035
-2020
-1946
-1804
-1784
-1966
-2136
-2130
-2065
-2063
-2069
-1983
-1789
-1532
-1204
-897
-703
-532
-207
273
712
1008
1202
1403
1643
1864
2020
2151
2276
2470
2766
3092
3355
3483
3531
3618
3790
3965
4127
4303
4478
4571
4531
4424
4263
4026
3805
3721
3686
3435
2871
2146
1367
632
132
-58
-213
-690
-1413
-2060
-2510
-2787
-2865
-2796
-2848
-3104
-3267
-3121
-2847
-2717
-2710
-2640
-2451
-2127
-1637
-1171
-991
-1054
-1044
-785
-346
55
264
327
350
408
510
509
307
38
-175
-266
-221
-190
-404
-857
-1297
-1494
-1476
-1416
-1376
-1399
-1556
-1789
-1891
-1827
-1771
-1777
-1705
-1449
-1151
-922
-691
-422
-111
272
714
1073
1265
1393
1609
1945
2254
2388
2342
2216
2167
2309
2513
2618
2613
2542
2422
2251
2088
1990
1964
1936
1922
1934
1852
1615
1256
934
791
815
924
953
706
76
-737
-1284
-1318
-1084
-1024
-1303
-1742
-2158
-2428
-2471
-2364
-2365
-2615
-2812
-2683
-2421
-2367
-2539
-2662
-2594
-2386
-2031
-1618
-1448
-1641
-1830
-1679
-1291
-934
-765
-705
-628
-555
-446
-309
-342
-549
-678
-581
-340
-168
-232
-494
-765
-894
-797
-558
-328
-180
-103
-66
-19
51
131
249
470
843
1287
1644
1882
2095
2371
2791
3292
3684
3869
3959
4087
4304
4529
4623
4548
4342
4142
4085
4105
4010
3767
3504
3288
3044
2718
2376
2103
1846
1580
1382
1191
872
389
-116
-475
-698
-854
-960
-1102
-1443
-2029
-2627
-2940
-2982
-3009
-3134
-3264
-3378
-3512
-3623
-3651
-3638
-3709
-3777
-3634
-3357
-3231
-3294
-3327
-3222
-3077
-2958
-2785
-2610
-2585
-2628
-2543
-2370
-2288
-2293
-2257
-2104
-1956
-1903
-1867
-1877
-1986
-2050
-1923
-1679
-1476
-1382
-1348
-1317
-1265
-1150
-932
-675
-463
-240
15
248
424
558
697
885
1164
1557
1994
2368
2648
2890
3173
3525
3925
4314
4655
4933
5150
5332
5482
5601
5706
5772
5805
5805
5722
5547
5329
5135
4950
4706
4413
4128
3845
3505
3125
2748
2342
1900
1470
1093
714
244
-273
-748
-1178
-1589
-1969
-2301
-2659
-3078
-3475
-3757
-3926
-4042
-4111
-4156
-4239
-4322
-4332
-4236
-4110
-4011
-3892
-3720
-3527
-3352
-3189
-3084
-3066
-3070
-2994
-2851
-2745
-2732
-2785
-2883
-2986
-3026
-2980
-2924
-2948
-3015
-3036
-3009
-2966
-2898
-2812
-2750
-2709
-2602
-2399
-2175
-1998
-1851
-1703
-1536
-1318
-1015
-629
-254
84
444
851
1285
1714
2154
2596
3003
3387
3804
4226
4569
4816
5004
5151
5277
5419
5597
5755
5816
5789
5734
5675
5604
5536
5473
5381
5218
5012
4805
4586
4323
4015
3686
3331
2944
2549
2159
1740
1277
793
334
-85
-474
-844
-1198
-1566
-1946
-2288
-2550
-2749
-2924
-3091
-3258
-3418
-3550
-3603
-3588
-3561
-3550
-3551
-3539
-3500
-3419
-3298
-3163
-3064
-2989
-2905
-2798
-2682
-2569
-2470
-2399
-2342
-2283
-2202
-2131
-2111
-2143
-2202
-2249
-2281
-2285
-2285
-2324
-2408
-2486
-2508
-2475
-2415
-2333
-2219
-2083
-1906
-1674
-1394
-1111
-834
-536
-176
233
642
1022
1355
1623
1845
2096
2390
2680
2931
3144
3326
3485
3632
3781
3913
4007
4082
4175
4276
4349
4365
4323
4238
4116
4000
3893
3753
3548
3290
3016
2756
2492
2212
1896
1520
1120
756
464
206
-56
-341
-653
-986
-1296
-1541
-1728
-1891
-2033
-2140
-2225
-2299
-2375
-2433
-2476
-2506
-2475
-2384
-2267
-2175
-2135
-2128
-2133
-2104
-2021
-1881
-1748
-1661
-1635
-1650
-1669
-1671
-1634
-1567
-1504
-1459
-1430
-1418
-1427
-1450
-1464
-1455
-1409
-1321
-1199
-1083
-982
-892
-785
-650
-462
-220
48
316
565
798
1016
1223
1429
1630
1821
1986
2120
2235
2319
2370
2401
2432
2471
2508
2548
2583
2585
2563
2522
2478
2442
2403
2377
2335
2247
2110
1923
1713
1504
1326
1178
1028
841
590
285
-26
-312
-544
-721
-872
-1039
-1260
-1514
-1777
-2015
-2196
-2305
-2363
-2396
-2427
-2482
-2560
-2649
-2723
-2752
-2709
-2605
-2482
-2373
-2327
-2333
-2349
-2323
-2211
-2030
-1831
-1674
-1578
-1532
-1485
-1405
-1278
-1121
-976
-846
-735
-635
-547
-479
-436
-398
-331
-215
-60
106
257
384
512
678
894
1162
1440
1713
1968
2212
2464
2712
2931
3099
3214
3292
3365
3443
3510
3541
3525
3461
3369
3271
3178
3097
3027
2959
2872
2768
2627
2448
2249
2043
1853
1655
1454
1233
986
710
421
125
-170
-445
-701
-916
-1106
-1288
-1487
-1703
-1915
-2099
-2233
-2302
-2343
-2392
-2454
-2535
-2601
-2648
-2675
-2686
-2693
-2707
-2737
-2773
-2819
-2886
-2957
-3020
-3064
-3072
-3061
-3056
-3065
-3097
-3128
-3112
-3038
-2910
-2760
-2623
-2503
-2397
-2262
-2084
-1863
-1603
-1345
-1098
-868
-652
-420
-158
133
466
830
1199
1558
1874
2153
2421
2696
3005
3347
3676
3952
4138
4222
4252
4268
4302
4353
4396
4407
4347
4216
4031
3811
3602
3434
3300
3197
3069
2883
2629
2314
1998
1713
1489
1313
1144
945
709
414
95
-208
-471
-667
-807
-913
-1033
-1201
-1407
-1632
-1836
-1962
-2023
-2028
-2023
-2066
-2144
-2248
-2348
-2416
-2437
-2410
-2366
-2326
-2316
-2358
-2428
-2510
-2566
-2566
-2525
-2469
-2433
-2462
-2540
-2617
-2668
-2661
-2600
-2523
-2458
-2425
-2412
-2395
-2356
-2271
-2150
-1979
-1788
-1617
-1449
-1284
-1119
-905
-642
-331
10
335
644
918
1180
1462
1770
2104
2442
2742
2995
3194
3363
3508
3645
3786
3915
4013
4069
4060
3997
3917
3807
3707
3617
3495
3356
3177
2929
2677
2411
2147
1918
1697
1460
1213
945
662
384
117
-117
-322
-493
-669
-843
-1019
-1207
-1376
-1504
-1610
-1675
-1722
-1786
-1838
-1910
-1987
-2037
-2064
-2071
-2062
-2050
-2051
-2062
-2090
-2133
-2160
-2169
-2161
-2135
-2108
-2113
-2134
-2156
-2182
-2178
-2150
-2102
-2044
-1984
-1936
-1888
-1822
-1746
-1646
-1507
-1347
-1170
-981
-803
-621
-420
-208
43
316
594
870
1124
1371
1606
1851
2100
2347
2581
2790
2956
3097
3210
3306
3388
3445
3487
3493
3461
3389
3281
3152
3021
2873
2714
2542
2335
2103
1848
1587
1341
1116
890
657
420
174
-78
-316
-532
-727
-899
-1061
-1212
-1363
-1514
-1658
-1778
-1878
-1950
-2001
-2047
-2100
-2152
-2216
-2272
-2302
-2311
-2310
-2296
-2290
-2300
-2304
-2317
-2320
-2302
-2271
-2232
-2187
-2141
-2109
-2071
-2036
-1989
-1915
-1820
-1715
-1604
-1490
-1394
-1286
-1166
-1030
-868
-693
-504
-319
-130
57
251
455
672
912
1154
1408
1649
1883
2103
2312
2527
2739
2955
3156
3337
3484
3605
3700
3760
3809
3832
3834
3811
3749
3657
3528
3370
3194
2994
2785
2560
2316
2058
1780
1486
1196
903
610
328
53
-219
-480
-731
-975
-1188
-1398
-1589
-1755
-1907
-2049
-2175
-2279
-2375
-2451
-2512
-2563
-2606
-2643
-2677
-2700
-2721
-2724
-2730
-2731
-2735
-2736
-2738
-2739
-2726
-2715
-2695
-2669
-2635
-2595
-2553
-2503
-2445
-2381
-2303
-2218
-2118
-2002
-1884
-1758
-1618
-1462
-1297
-1121
-924
-714
-491
-252
-9
242
499
769
1048
1334
1622
1911
2199
2480
2750
3005
3248
3475
3688
3880
4046
4186
4298
4380
4430
4452
4437
4390
4322
4211
4077
3917
3721
3507
3267
3009
2732
2449
2157
1856
1552
1251
948
645
350
60
-218
-483
-727
-955
-1171
-1363
-1543
-1708
-1860
-2000
-2127
-2233
-2327
-2408
-2481
-2548
-2613
-2673
-2720
-2767
-2799
-2825
-2841
-2857
-2869
-2874
-2873
-2866
-2853
-2825
-2793
-2749
-2702
-2653
-2591
-2523
-2445
-2357
-2261
-2160
-2050
-1927
-1799
-1666
-1528
-1375
-1214
-1043
-864
-683
-490
-290
-89
123
338
563
788
1008
1232
1451
1672
1888
2092
2293
2485
2661
2829
2977
3108
3226
3321
3397
3457
3489
3493
3481
3448
3395
3325
3238
3131
3002
2863
2702
2525
2340
2143
1945
1740
1529
1311
1092
874
654
438
220
5
-193
-395
-597
-782
-967
-1142
-1311
-1474
-1622
-1762
-1892
-2008
-2113
-2208
-2291
-2357
-2413
-2456
-2486
-2509
-2513
-2506
-2492
-2461
-2425
-2379
-2327
-2266
-2203
-2130
-2049
-1971
-1884
-1793
-1707
-1608
-1520
-1424
-1323
-1219
-1111
-1007
-892
-775
-656
-529
-400
-269
-125
20
162
317
473
631
790
948
1107
1267
1414
1561
1701
1839
1963
2074
2176
2265
2336
2394
2436
2464
2483
2477
2456
2416
2360
2291
2197
2099
1988
1866
1738
1600
1444
1286
1119
950
794
627
464
305
141
-15
-164
-322
-466
-594
-714
-831
-943
-1044
-1140
-1230
-1310
-1385
-1448
-1499
-1553
-1594
-1633
-1672
-1700
-1724
-1736
-1742
-1745
-1742
-1733
-1724
-1707
-1687
-1654
-1614
-1564
-1509
-1457
-1393
-1324
-1245
-1158
-1066
-965
-855
-744
-631
-519
-398
-273
-142
-7
125
258
391
516
639
766
886
1008
1127
1238
1340
1439
1526
1605
1686
1759
1819
1869
1909
1939
1962
1970
1969
1963
1946
1918
1874
1825
1761
1692
1610
1527
1438
1332
1225
1113
992
863
736
604
475
345
208
78
-50
-185
-312
-435
-553
-662
-772
-871
-970
-1062
-1150
-1233
-1298
-1370
-1432
-1482
-1527
-1564
-1604
-1640
-1662
-1675
-1683
-1691
-1699
-1699
-1697
-1684
-1671
-1650
-1618
-1587
-1546
-1508
-1467
-1420
-1367
-1309
-1232
-1158
-1079
-992
-913
-822
-726
-617
-511
-403
-284
-174
-55
64
182
307
430
559
686
808
924
1036
1144
1256
1357
1455
1549
1633
1711
1778
1836
1894
1938
1977
2007
2015
2018
2011
1988
1959
1923
1871
1817
1749
1674
1584
1495
1392
1284
1170
1046
922
795
665
538
414
286
159
32
-101
-226
-350
-469
-580
-687
-786
-879
-972
-1058
-1144
-1223
-1291
-1360
-1422
-1477
-1518
-1561
-1593
-1612
-1634
-1648
-1662
-1666
-1657
-1653
-1637
-1607
-1570
-1527
-1486
-1437
-1377
-1314
-1249
-1181
-1102
-1021
-936
-853
-755
-651
-559
-461
-375
-277
-180
-89
9
107
203
299
389
479
565
651
728
803
881
954
1025
1086
1147
1205
1256
1301
1348
1388
1420
1447
1468
1480
1485
1479
1468
1454
1429
1400
1364
1324
1274
1215
1156
1087
1006
917
827
734
642
549
463
369
278
183
83
-16
-118
-214
-302
-383
-458
-527
-596
-667
-731
-792
-856
-908
-961
-1008
-1043
-1075
-1097
-1125
-1144
-1160
-1173
-1189
-1193
-1192
-1193
-1168
-1152
-1120
-1082
-1048
-1006
-964
-916
-870
-815
-754
-688
-616
-544
-465
-391
-323
-248
-183
-111
-38
29
103
175
242
311
380
440
502
559
609
665
714
758
801
837
877
911
932
958
980
995
1006
1009
1006
1002
986
969
953
925
895
864
825
783
738
684
627
575
506
433
363
291
226
158
91
27
-43
-110
-181
-255
-313
-371
-430
-481
-526
-569
-608
-640
-671
-699
-736
-751
-768
-789
-789
-793
-795
-790
-785
-778
-763
-751
-732
-711
-690
-652
-615
-575
-527
-487
-450
-402
-361
-317
-259
-214
-157
-99
-48
11
63
108
151
195
236
278
324
366
410
445
481
519
540
570
593
614
636
644
655
664
671
675
671
666
651
635
622
602
573
544
514
478
443
410
370
326
287
234
186
138
84
33
-21
-72
-119
-173
-221
-272
-320
-362
-409
-450
-484
-509
-531
-552
-574
-596
-611
-625
-632
-631
-630
-626
-617
-608
-588
-579
-562
-548
-529
-501
-481
-458
-427
-398
-376
-347
-316
-279
-244
-208
-176
-141
-105
-68
-32
4
42
79
117
150
192
230
264
298
330
364
395
424
461
493
523
556
580
605
625
646
671
690
708
722
734
743
744
739
737
732
719
700
680
661
631
600
557
519
474
417
365
309
255
194
126
63
-3
-73
-144
-213
-282
-348
-408
-466
-522
-580
-631
-679
-723
-757
-784
-811
-828
-836
-847
-846
-841
-837
-828
-810
-788
-765
-732
-698
-668
-637
-602
-563
-530
-490
-454
-414
-374
-337
-300
-267
-230
-193
-159
-129
-85
-45
-20
20
58
91
131
172
205
243
276
307
348
390
424
458
495
524
553
579
613
638
665
683
700
716
726
738
740
743
743
739
731
722
704
672
646
618
584
548
506
464
419
364
311
252
191
137
76
13
-40
-99
-156
-216
-280
-335
-385
-437
-483
-524
-565
-597
-629
-654
-679
-697
-708
-716
-716
-713
-707
-693
-679
-664
-645
-620
-588
-557
-525
-486
-452
-415
-372
-339
-299
-257
-220
-182
-144
-106
-63
-30
0
32
66
103
134
162
190
221
246
272
294
318
339
358
374
389
406
417
430
441
451
460
467
476
480
481
480
481
476
470
461
457
445
437
422
399
377
357
335
300
274
244
206
170
131
94
54
17
-19
-63
-99
-139
-179
-215
-254
-288
-320
-352
-380
-402
-430
-447
-459
-470
-481
-487
-490
-492
-488
-483
-474
-461
-445
-427
-406
-389
-360
-333
-307
-284
-256
-225
-196
-169
-142
-109
-81
-54
-27
1
26
55
77
104
127
146
168
184
201
219
229
244
257
270
283
293
301
308
308
314
318
325
335
334
341
338
347
348
348
347
347
345
338
330
319
307
294
281
265
248
221
196
171
143
119
89
61
30
-5
-36
-68
-97
-133
-165
-195
-225
-255
-286
-311
-336
-357
-372
-389
-404
-421
-432
-440
-450
-458
-458
-455
-451
-450
-438
-427
-412
-397
-384
-363
-344
-322
-299
-279
-246
-219
-191
-159
-133
-96
-66
-39
-12
17
42
66
97
126
151
174
191
206
225
233
250
265
273
282
290
297
304
315
317
326
323
327
335
334
340
336
342
334
334
332
324
317
307
302
287
272
258
245
230
214
198
179
158
138
117
100
72
49
28
4
-24
-55
-72
-97
-118
-140
-161
-178
-194
-218
-236
-253
-272
-285
-296
-308
-320
-324
-325
-330
-329
-333
-337
-331
-327
-326
-317
-300
-287
-274
-261
-246
-229
-215
-198
-188
-173
-151
-134
-113
-92
-72
-49
-32
-15
0
13
32
43
57
70
83
94
105
119
124
134
146
153
163
174
180
187
186
199
207
219
218
222
228
225
224
227
231
226
229
228
222
212
204
199
193
188
176
162
155
142
129
118
99
86
71
58
42
34
19
4
-12
-28
-39
-59
-70
-88
-100
-111
-122
-133
-145
-149
-159
-171
-174
-179
-181
-190
-185
-187
-188
-186
-187
-181
-179
-179
-175
-169
-159
-149
-147
-139
-124
-119
-111
-100
-89
-79
-64
-56
-49
-34
-31
-22
-14
-7
1
5
17
21
29
35
47
46
49
60
62
73
78
83
95
98
99
100
106
111
113
121
125
132
131
132
136
131
129
127
129
127
124
125
118
114
101
97
97
89
84
80
80
71
59
47
37
34
25
18
7
2
-3
-12
-20
-31
-38
-51
-55
-60
-64
-70
-79
-79
-87
-93
-96
-101
-97
-101
-104
-103
-104
-102
-100
-100
-100
-98
-99
-89
-86
-81
-79
-81
-82
-79
-72
-65
-54
-50
-57
-59
-55
-48
-43
-39
-31
-28
-23
-26
-26
-21
-11
-10
-3
3
7
19
17
16
15
16
20
28
37
42
44
46
47
45
49
53
58
62
64
61
57
58
61
57
53
59
66
71
63
58
50
51
55
51
52
45
46
37
32
28
24
23
13
18
16
19
16
12
3
-5
-11
-17
-14
-7
-4
-9
-13
-22
-22
-21
-21
-20
-18
-23
-20
-10
-11
-14
-18
-22
-20
-19
-11
-6
-5
-10
-16
-19
-24
-19
-9
1
-1
-11
-19
-18
-17
-17
-18
-18
-14
-11
-7
-4
-9
-13
-16
-17
-19
-17
-8
-2
1
-1
-7
-6
-7
-2
-1
-5
-4
-3
2
7
5
8
12
11
8
6
1
5
14
21
23
18
17
12
10
5
2
2
4
12
12
16
19
12
5
-4
-6
-8
-3
4
7
14
8
0
-3
-6
-3
1
-1
6
11
10
12
11
7
2
-6
-3
5
13
17
13
7
1
-7
-11
-5
6
12
6
2
-1
1
0
-6
-17
-20
-12
-5
-2
-1
-3
-6
-12
-20
-26
-19
-10
-3
-3
-6
-2
-7
-7
-9
-15
-20
-17
-14
-5
2
4
-1
-6
-6
-12
-14
-9
-3
1
4
5
3
-3
-10
-6
-3
-5
-2
-2
7
9
7
1
-3
-2
-5
2
1
1
7
11
13
10
8
7
9
6
7
11
12
12
15
16
14
13
13
15
13
15
17
16
15
15
13
10
11
15
16
14
13
10
9
12
12
6
4
1
0
3
3
1
-3
-7
-12
-13
-12
-9
-7
-7
-10
-14
-15
-16
-16
-19
-20
-20
-23
-17
-14
-12
-13
-19
-24
-26
-27
-23
-19
-12
-6
-6
-4
-11
-18
-18
-19
-12
-16
-12
-5
-3
1
-1
1
5
6
6
1
-1
5
6
9
14
15
16
15
15
20
21
15
8
6
14
16
16
21
25
26
19
13
14
17
15
11
7
10
10
9
11
11
12
11
5
5
7
0
0
-4
-2
-1
-6
-5
-5
-7
-6
-8
-6
-6
-9
-9
-11
-10
-5
-10
-17
-15
-19
-20
-16
-12
-7
-3
-5
-7
-6
-4
-9
-10
-11
-9
-8
-12
-7
2
2
4
5
7
8
2
2
0
-1
3
1
5
6
5
10
7
13
15
9
6
-3
-5
3
1
6
9
5
10
2
5
8
0
5
-2
-6
-1
-9
-1
3
0
9
1
-2
1
-7
-5
-6
-9
-4
-9
-10
-3
-3
0
-1
-3
1
-3
-5
-6
-7
1
-1
-5
-1
-3
-8
-5
-3
0
2
0
0
-2
1
-3
-1
-1
-5
-2
-6
-7
-1
-3
-1
2
2
7
0
-1
2
1
6
1
0
-1
-2
1
0
2
12
8
4
4
-1
3
2
-3
1
-3
-1
2
-2
4
1
4
6
-2
5
-1
-3
0
-2
-2
1
-4
1
-2
-5
-1
-4
1
2
0
-1
0
-3
-1
1
4
4
-1
5
3
5
7
3
2
4
-3
-4
0
-3
5
2
2
1
-1
2
1
-5
-5
-6
-8
-10
-5
1
1
1
2
3
-1
-2
-2
-3
0
-2
-5
-8
-3
1
-1
-2
3
1
-4
1
-1
-2
-1
