1
-1
-2
-1
1
1
-1
-1
-1
0
0
-1
-1
1
0
0
1
0
2
0
0
1
0
0
0
-1
-1
1
-1
-3
-1
0
1
0
0
0
0
-1
-1
-1
-1
0
1
0
0
1
0
0
2
0
0
0
-1
0
0
-1
0
0
0
2
1
0
1
1
0
-1
1
1
0
0
-1
0
1
0
-1
-1
0
-1
-1
0
0
3
1
-1
0
-1
0
-1
-1
0
1
0
0
0
1
0
0
0
-1
-1
-1
0
0
0
-1
0
1
0
0
0
-2
-1
-1
0
0
0
0
-1
-2
-1
0
2
2
1
-1
-1
-2
0
1
0
1
0
-1
-1
0
0
-1
-1
-2
0
1
-1
-1
1
1
0
0
1
1
-1
2
2
1
-1
-1
-1
0
-1
0
0
-1
-2
0
0
1
-1
-1
0
-1
1
1
-1
0
1
-1
0
1
-2
-1
0
0
-1
0
1
2
0
-1
0
1
-1
-2
0
0
1
1
1
0
-1
0
-2
0
0
2
1
0
1
0
0
0
-1
0
-1
-1
0
0
1
-1
1
0
-1
1
1
-1
-1
0
-1
0
1
1
1
0
0
0
0
0
0
2
-1
-1
0
0
0
-1
1
1
1
0
0
1
1
0
-1
0
0
-1
-1
0
0
1
1
-1
0
1
-1
0
1
-1
-1
1
1
1
0
-1
-2
-1
0
2
2
2
1
1
2
3
2
2
2
1
2
3
4
3
2
2
4
3
4
3
2
1
3
2
0
1
2
1
1
0
-2
-1
-2
0
-1
-3
-3
-2
-2
-1
-2
-3
-3
-3
-3
-4
-4
-4
-4
-4
-5
-6
-6
-7
-6
-6
-5
-5
-6
-6
-6
-5
-6
-5
-6
-5
-6
-4
-2
-3
-1
-2
-3
-4
-3
-1
0
-2
0
-1
1
0
0
1
4
5
5
6
6
6
8
9
9
9
10
12
11
10
11
11
11
9
9
10
8
8
8
9
10
9
8
7
8
6
6
7
6
9
8
9
9
9
9
9
10
14
12
10
12
12
12
12
12
13
12
11
10
10
8
5
2
2
0
-3
-8
-11
-12
-18
-20
-22
-24
-26
-30
-34
-35
-35
-39
-39
-41
-41
-43
-42
-43
-44
-44
-41
-40
-38
-38
-36
-35
-35
-35
-33
-30
-29
-26
-27
-26
-24
-23
-22
-18
-14
-14
-13
-10
-10
-9
-4
0
2
7
10
13
14
18
22
24
28
33
35
37
37
40
40
41
45
45
48
46
45
46
46
47
47
47
47
47
46
44
43
44
43
44
45
45
44
44
42
41
42
42
42
41
39
38
34
32
29
26
25
21
17
14
6
1
-3
-7
-11
-17
-21
-27
-33
-38
-44
-47
-55
-60
-67
-73
-76
-83
-90
-98
-102
-102
-104
-105
-108
-111
-109
-110
-108
-104
-98
-91
-86
-77
-68
-62
-54
-42
-28
-11
-2
6
16
27
40
52
60
67
70
68
65
65
67
71
67
59
53
45
34
26
24
26
29
26
25
21
17
19
25
34
44
54
63
69
73
78
84
91
101
109
113
113
109
105
100
97
91
84
77
67
50
34
14
-6
-20
-25
-33
-59
-103
-139
-151
-145
-150
-169
-183
-179
-173
-185
-197
-195
-180
-158
-135
-118
-109
-93
-77
-71
-76
-67
-37
-11
-6
-10
-15
-26
-45
-59
-64
-57
-54
-73
-92
-97
-97
-109
-119
-99
-66
-52
-48
-34
-9
20
46
67
93
132
173
197
212
229
244
249
250
259
275
275
254
235
214
176
134
111
125
146
138
116
112
112
92
67
79
145
220
247
229
205
187
171
145
110
71
53
90
130
64
-97
-202
-165
-97
-104
-144
-122
-35
21
1
-28
11
114
196
227
260
298
280
212
162
123
41
-63
-126
-179
-297
-454
-589
-688
-763
-843
-913
-928
-876
-831
-848
-845
-729
-582
-505
-438
-290
-103
28
100
166
243
309
345
350
353
367
335
247
179
156
104
-18
-130
-161
-164
-191
-228
-244
-234
-208
-200
-203
-162
-66
26
83
141
210
219
166
168
267
379
415
412
448
477
400
281
286
436
582
628
696
865
989
927
787
795
1002
1241
1366
1373
1282
1130
999
866
536
2
-308
-73
252
-82
-993
-1622
-1555
-1387
-1710
-2167
-2025
-1391
-1106
-1450
-1743
-1443
-927
-712
-550
-10
602
736
540
600
983
1208
1064
917
1047
1169
897
380
92
58
-138
-566
-821
-803
-918
-1334
-1636
-1525
-1301
-1342
-1539
-1521
-1211
-905
-827
-796
-570
-259
-110
-77
77
319
403
363
444
621
659
513
376
385
459
455
378
350
404
400
270
202
340
496
476
434
599
823
822
664
624
802
1006
1032
948
971
1069
983
682
499
604
705
579
455
571
747
667
328
66
157
486
711
708
694
834
957
709
10
-628
-478
400
950
428
-556
-973
-885
-1105
-1703
-1874
-1273
-645
-846
-1660
-2151
-1982
-1677
-1534
-1172
-513
-236
-658
-1084
-845
-256
15
-30
67
375
491
173
-264
-352
-96
70
-50
-231
-376
-650
-959
-970
-716
-594
-748
-911
-912
-864
-824
-686
-448
-275
-276
-341
-254
26
233
200
182
453
759
674
364
368
723
920
783
707
891
1016
840
645
806
1222
1430
1227
965
1063
1368
1464
1389
1471
1693
1778
1716
1640
1545
1527
1774
2062
1915
1360
901
791
843
827
683
663
1081
1456
608
-1623
-3454
-3074
-962
641
312
-1162
-2123
-2240
-2571
-3348
-3142
-1199
789
795
-773
-1990
-2050
-1538
-831
273
1524
1945
1008
-438
-992
-405
320
577
763
1019
672
-536
-1746
-2040
-1480
-823
-675
-1094
-1773
-2432
-2920
-2997
-2497
-1770
-1410
-1546
-1873
-2122
-2074
-1522
-628
74
265
99
-93
-59
217
532
820
1243
1679
1626
966
322
300
765
1204
1361
1249
906
427
50
26
412
909
1086
811
418
258
288
349
513
871
1177
1188
935
563
299
508
1267
1975
2101
1748
1396
1353
1661
2105
2270
2226
2383
2711
2652
2040
1647
2339
3660
3278
-189
-3812
-2978
1500
3419
181
-3493
-3112
-1253
-2686
-6394
-6849
-2392
1506
-138
-4635
-5717
-2999
-1410
-2211
-1570
1833
4073
2461
-521
-1120
941
3137
3590
2971
2965
3371
2425
-111
-1901
-1171
933
1784
240
-2269
-3496
-3124
-2979
-3771
-3677
-1736
-269
-1534
-3859
-4043
-2000
-420
-606
-993
-50
1222
854
-737
-1135
426
1978
2005
1310
922
551
-166
-548
-21
919
1267
615
-512
-1287
-1378
-1064
-573
-64
118
-266
-889
-1233
-1266
-1084
-503
438
867
97
-1087
-1260
-370
294
248
273
698
732
0
-660
-373
601
1297
1309
1098
1199
1368
1230
1222
1970
3130
3685
3468
3102
3059
3372
3881
4278
4190
3819
3524
3155
2368
1583
1412
1242
214
-1195
-1718
-1509
-1806
-2817
-3575
-3564
-3552
-4183
-4980
-4775
-3478
-2503
-2606
-2695
-1681
-554
-415
-328
973
2716
3435
3350
3457
3869
4021
3837
3658
3751
3921
3533
2403
1146
354
-271
-1049
-1743
-2198
-2635
-3172
-3694
-4367
-4961
-4796
-3917
-3382
-3639
-3745
-3084
-2182
-1782
-1587
-825
395
738
-626
-1878
-754
1891
2769
1223
-206
-96
282
-413
-1375
-1305
-166
516
-469
-2246
-2999
-2473
-1960
-1707
-1162
-713
-1140
-1912
-2007
-1616
-1246
-726
83
544
276
-204
-352
-184
18
308
795
1281
1221
471
-226
-6
873
1314
1119
1112
1653
2036
1864
1757
2321
3278
3874
3943
3933
4274
4816
5033
4805
4521
4477
4312
3681
3014
2799
2707
1828
331
-717
-1128
-1844
-2990
-3111
-2097
-1861
-3671
-5779
-5764
-4067
-2986
-3359
-3211
-1379
329
-104
-1424
-720
1905
3837
3949
3833
4588
5170
4593
3531
3371
4098
4476
3679
2242
1067
123
-1011
-2220
-2863
-2834
-2786
-3393
-4652
-5831
-6068
-5295
-4503
-4342
-4192
-3461
-2722
-2725
-2845
-1888
-142
907
386
-747
-755
781
2065
1531
559
888
1586
706
-1025
-1508
-724
-94
-502
-1623
-2541
-2507
-2176
-2517
-2808
-2208
-1678
-2101
-2419
-1942
-1651
-1831
-1327
-234
243
47
6
280
439
590
843
1176
1473
1451
1138
940
1265
1586
1568
1748
2201
2566
2562
2697
3223
3762
4199
4440
4786
5193
5494
5474
5244
5365
5326
4772
3994
3633
3570
2841
1608
448
115
164
-1097
-3859
-5656
-3845
-1108
-1919
-5744
-7595
-5389
-3185
-3884
-5408
-3993
-256
1424
-399
-2312
-638
2869
4222
3366
3409
5214
5988
4467
2621
2551
3745
4204
3195
1420
-20
-960
-1948
-3173
-3913
-3651
-3316
-4126
-5847
-6876
-6386
-5345
-4945
-5015
-4358
-2954
-2296
-2990
-3308
-1764
-33
36
-771
-478
933
1777
1244
153
205
1114
1043
-325
-1030
-269
-87
-1221
-2168
-2076
-1832
-2078
-2429
-2616
-2552
-2403
-2345
-2202
-1808
-1495
-1575
-1384
-469
218
94
47
834
1623
1441
1018
1392
2124
2162
1759
1905
2468
2531
2053
1938
2405
2839
3042
3271
3730
4123
4086
3925
4247
5162
5666
5222
4818
5245
5641
4943
3853
3482
3576
3051
1565
55
-337
401
197
-2652
-5793
-5448
-2295
-1399
-4528
-7381
-6194
-3138
-2795
-5060
-5546
-2064
1659
1278
-1436
-1319
2321
4801
3873
2822
4382
6529
6055
3679
2426
3331
4499
3823
1669
-109
-539
-848
-2266
-3939
-4396
-3771
-3844
-5298
-6837
-6842
-5439
-4584
-5030
-5266
-3779
-1984
-2040
-3039
-2902
-1407
-268
-97
-227
226
1345
1558
358
-655
-52
669
75
-556
-436
-506
-1333
-1937
-2118
-2204
-1852
-1501
-1830
-2481
-2521
-2180
-1890
-1327
-851
-948
-991
-333
45
-464
-467
709
1622
1211
597
930
1492
1294
765
970
1948
2593
2244
1554
1642
2532
3316
3728
4068
4444
4496
4475
5120
6105
6337
5542
5281
6307
7223
6550
4898
4250
4865
5183
2930
-1730
-4635
-2116
2855
2787
-3178
-7734
-6190
-3132
-4613
-8429
-8006
-2308
1649
-1409
-6918
-6735
-1070
2204
701
357
4325
7487
5291
1051
523
4068
7216
6787
4258
2981
3289
2398
-909
-3515
-2626
-164
-300
-3820
-7080
-7542
-6426
-6574
-7804
-7425
-4963
-3277
-5015
-7535
-6751
-3027
-635
-1249
-1900
-1452
-1206
-1567
-631
1643
2768
1887
43
-787
-630
-604
-1190
-1294
42
641
-979
-3420
-4366
-3994
-3296
-1843
-431
-693
-2762
-4158
-3434
-1825
-693
-188
618
1443
1044
-755
-1861
-259
2503
3510
2459
1689
1797
1112
-252
-78
2345
4440
4194
2533
1282
1192
2047
3772
5632
6520
5859
4485
4295
5808
7414
7260
6428
6857
7869
7486
5764
4922
5491
5999
4142
-710
-5167
-4467
996
3719
-487
-6580
-7857
-5486
-5528
-8573
-9410
-4630
1160
948
-4633
-7746
-4254
478
1524
1659
4796
8212
7128
2861
556
2561
6406
8298
7096
4933
3778
2519
-446
-3304
-3130
-657
446
-1812
-5596
-8046
-8256
-7891
-7982
-7081
-4598
-3030
-4939
-8032
-8134
-4878
-1906
-1831
-2600
-1569
451
290
-1772
-2154
9
2074
1878
804
260
-120
-1045
-2113
-1746
-58
821
-796
-3280
-4007
-3228
-2535
-2263
-1855
-1771
-2354
-2714
-2227
-1575
-1445
-1193
-56
1208
1030
-306
-702
718
2144
1960
1340
1824
2610
2049
1032
1718
3565
4099
3080
2898
4060
4512
3767
3823
5535
6978
6667
5451
5105
6116
7224
7267
6575
6487
7259
7573
5611
457
-5061
-5155
1581
7355
4086
-4657
-8788
-6292
-4532
-7328
-9204
-4949
1557
2163
-3998
-8927
-6827
-1400
1260
1911
4553
7854
7072
2326
-1077
489
5384
9186
8999
5785
2759
1189
-447
-2558
-3123
-1281
571
-462
-4404
-8492
-9929
-8854
-7582
-6672
-4763
-2673
-3441
-7022
-9627
-8741
-5202
-1260
1015
644
-1045
-2177
-2400
-1780
-434
782
1258
1850
2385
768
-2554
-4289
-2954
-433
1052
587
-1964
-4773
-5439
-3938
-2053
-995
-871
-1704
-2700
-2805
-2272
-1468
-91
1621
2030
622
-539
-30
1195
1800
2218
3214
3947
3280
1574
850
2403
4983
6162
5442
4633
4662
4639
4081
4063
5330
7182
8513
8176
6160
4353
4859
6708
5602
43
-5093
-3221
4323
7679
1712
-6626
-7748
-3189
-1998
-5985
-8040
-3502
2194
1539
-4035
-6649
-3085
1217
1846
1818
4745
8065
7164
3007
619
2419
6150
7935
6581
4265
3185
2509
138
-3046
-4025
-2070
-178
-1446
-5163
-7975
-8232
-7633
-7737
-7245
-4917
-2896
-4029
-7389
-8638
-5646
-1459
-39
-1153
-1504
-583
-434
-1087
-809
703
1971
2497
2216
889
-868
-2213
-2549
-1585
338
1215
-521
-3305
-4803
-4601
-3350
-1693
-916
-1843
-3007
-2839
-2101
-1914
-1694
-630
653
1225
988
369
-7
380
1373
2226
2699
2984
3006
2472
1953
2467
3756
4867
5186
4974
4172
3156
3354
5128
7057
7096
5596
4376
4497
4434
905
-5210
-7418
-1260
6592
5644
-3378
-9665
-7767
-4188
-5333
-8057
-5401
1915
5225
-18
-6995
-6394
276
4478
4507
6099
10273
11073
6152
987
1318
6422
11067
11117
7443
3971
2305
495
-2384
-3651
-1741
693
-128
-4272
-8197
-9267
-8152
-7323
-6920
-5271
-2737
-2515
-6118
-9356
-7508
-1800
1733
870
-649
-369
94
-818
-1114
702
3299
4460
3209
899
-614
-925
-1462
-2002
-856
1037
865
-1929
-4830
-6069
-5234
-2720
-653
-1062
-2984
-3786
-3371
-3115
-2753
-1524
187
1197
913
-353
-1328
-606
1048
2169
2738
3529
3827
2473
1037
1602
4064
5606
4543
2675
2743
5032
6298
5035
3360
3818
4755
1789
-4556
-7667
-2505
5361
5927
-1647
-8237
-7726
-5085
-6519
-9635
-7449
192
4839
664
-7167
-8789
-2984
2802
4490
5754
9132
10732
7295
2190
1231
5527
10841
12480
9968
6565
4448
2419
-636
-2495
-1031
1869
2328
-933
-5481
-8338
-8581
-7579
-6641
-5391
-3635
-2891
-4576
-6680
-6039
-2752
72
704
719
1357
1888
1376
952
2090
3958
4519
3267
1998
1620
1175
-117
-1048
-328
853
293
-2407
-4897
-5050
-3127
-1337
-1278
-2601
-3882
-3888
-2898
-1902
-1488
-872
579
1749
1117
-681
-1023
783
2756
3126
2852
3245
3537
2549
979
781
1992
3339
3984
4278
4165
2856
970
252
1135
526
-3019
-5802
-3569
1333
2143
-2226
-6662
-7130
-5997
-6533
-7513
-5669
-969
1621
-822
-5163
-5808
-2380
858
2301
4048
7085
8423
6065
2077
488
3001
7178
9182
7704
5059
3099
1165
-1387
-2856
-1680
709
1301
-1140
-4814
-7242
-7684
-7286
-6439
-4368
-1598
-556
-2276
-4298
-3939
-1269
1570
3322
4093
4230
3847
3223
3281
4400
5728
6097
5595
4814
3597
1772
222
88
1032
1765
1402
-104
-2261
-4077
-4486
-3287
-1479
-559
-926
-1733
-2098
-2038
-1828
-1032
707
2574
3115
2177
1174
1199
1891
2575
3498
4700
4906
3209
1041
515
1646
2890
3305
2892
1455
-1659
-6232
-9631
-8177
-2255
1997
-324
-6267
-9659
-9649
-9732
-10407
-8493
-3320
838
-364
-5527
-8739
-6814
-2714
-59
2264
6253
9149
6918
1303
-1623
873
5709
8668
8656
7153
5210
2228
-1864
-4621
-3455
278
2157
-79
-4438
-7949
-9802
-10424
-9574
-6806
-3189
-1339
-2766
-5719
-6712
-4330
-530
2238
3747
4896
5428
4632
3391
3691
6077
8804
9840
8874
6894
4775
3065
2340
3044
4723
5752
4691
1931
-634
-1590
-1094
-123
831
1690
2081
1618
492
-404
-58
1631
3557
4584
4671
4329
3724
2998
2857
3796
5015
5218
4352
3382
2802
2388
1837
1174
373
-1219
-4244
-7259
-7103
-3343
-395
-2145
-6516
-8842
-8497
-8357
-9118
-8432
-5186
-1902
-2006
-5240
-7611
-6454
-3664
-2002
-691
2170
5022
4506
820
-2042
-1198
2119
4653
4823
3768
2888
1479
-1587
-4816
-5206
-2600
-388
-1256
-4348
-7276
-9156
-10292
-10400
-8610
-5359
-2960
-3260
-5407
-6746
-5688
-2961
-252
1733
3226
4187
4160
3342
3004
4175
6230
7656
7856
7176
5921
4317
2988
2802
3942
5293
5274
3519
1373
403
650
1085
1391
1968
2713
2932
2488
2009
1988
2498
3658
5384
6830
7051
6267
5470
5093
5120
5775
6892
7607
7083
5440
3546
1646
-1007
-4154
-5134
-2049
2107
1867
-3312
-8213
-9176
-8163
-8189
-8265
-5859
-2080
-1128
-4498
-8330
-8316
-5276
-2929
-1802
380
3300
3556
105
-3489
-3710
-937
2239
4036
4018
2400
-290
-3116
-4946
-4942
-3198
-1135
-771
-3195
-7357
-10579
-10989
-9322
-7584
-6360
-5030
-4193
-5326
-7524
-7634
-4629
-1081
644
1169
1947
2634
2281
1699
2561
4842
6760
7022
6052
4853
3735
2907
3181
4726
6116
5775
3795
1601
359
426
1591
3084
3882
3590
2584
1489
694
568
1677
4028
6256
6688
5360
3968
3569
3881
4695
6148
7576
7611
5954
3834
1943
-507
-3370
-3843
86
4935
4584
-1413
-6917
-7612
-5867
-5437
-5408
-2868
1013
1694
-2328
-6783
-6793
-3059
-4
941
2085
4051
4092
838
-2867
-3491
-908
2386
4090
3502
1423
-960
-3191
-5154
-5968
-4644
-2159
-1308
-3778
-8101
-11070
-11078
-9491
-8286
-7460
-6028
-4756
-5494
-7577
-7770
-4851
-1372
264
765
1741
2800
2696
2023
2654
4872
6910
7210
6039
4678
3786
3234
3248
4145
5287
5323
3520
705
-1222
-981
884
2423
2392
1468
773
206
-695
-1270
-256
2293
4580
4972
3812
2713
2543
2980
3838
5250
6549
6450
4680
2352
336
-1211
-1683
-259
2183
2965
615
-3025
-5226
-5651
-5532
-4880
-2758
74
1066
-801
-3488
-4442
-3188
-929
1337
3363
4668
4428
2666
584
-439
171
1966
3773
4332
3172
1088
-864
-2529
-4016
-4576
-3552
-2172
-2787
-5864
-9164
-10356
-9563
-8448
-7795
-7129
-6275
-5945
-6419
-6649
-5479
-3258
-1342
-235
771
2095
3156
3467
3537
4209
5508
6673
7076
6635
5774
5054
4794
4933
5118
4922
4164
2996
1756
797
383
572
1033
1113
484
-482
-1188
-1322
-934
-162
791
1557
1810
1646
1575
1881
2297
2495
2489
2189
1109
-633
-1539
-383
1647
1927
-244
-2719
-3541
-3375
-3775
-4317
-3374
-1194
-158
-1451
-3218
-3167
-1626
-486
-137
782
2725
4086
3397
1456
386
1170
2832
3903
3958
3414
2531
1184
-541
-1936
-2263
-1682
-1384
-2525
-4923
-7102
-7828
-7350
-6800
-6722
-6727
-6475
-6313
-6533
-6528
-5494
-3679
-2221
-1628
-1131
-10
1294
2012
2356
3191
4600
5683
5849
5491
5219
5124
5145
5519
6237
6614
6016
4750
3677
3138
2904
2915
3307
3687
3311
2097
916
539
827
1181
1319
1333
1333
1390
1497
1423
894
116
-399
-769
-1635
-2694
-2475
-577
862
-417
-3498
-5266
-4580
-3485
-3704
-4064
-2844
-1002
-1016
-3043
-4470
-3512
-1394
-158
167
871
2053
2392
1287
-95
-266
918
2392
3104
2748
1656
372
-731
-1582
-2179
-2340
-2051
-1953
-2893
-4795
-6448
-6764
-5964
-5201
-5132
-5375
-5360
-5115
-4935
-4705
-4022
-2922
-1878
-1125
-464
279
980
1512
2029
2742
3605
4363
4791
4845
4661
4472
4547
5043
5707
5970
5537
4783
4306
4178
4077
4004
4242
4641
4606
3952
3276
3125
3306
3297
2974
2689
2805
3226
3327
2578
1303
450
255
-102
-1053
-1608
-798
462
263
-1702
-3654
-4000
-3121
-2464
-2574
-2721
-2212
-1532
-1765
-2992
-3949
-3463
-1897
-601
-290
-544
-694
-663
-813
-1246
-1557
-1215
-236
549
221
-1181
-2618
-3205
-3083
-3033
-3392
-3803
-3852
-3742
-4100
-5062
-5907
-5754
-4652
-3558
-3213
-3390
-3396
-2993
-2510
-2223
-1980
-1457
-616
222
684
714
575
595
912
1413
1896
2202
2283
2214
2156
2233
2362
2413
2383
2427
2613
2702
2511
2260
2345
2821
3368
3649
3621
3548
3657
3887
3972
3874
3925
4370
4869
4857
4348
3830
3565
3369
3044
2712
2556
2590
2624
2381
1745
1026
695
810
947
791
507
316
152
-163
-648
-1154
-1529
-1661
-1606
-1648
-1978
-2447
-2753
-2829
-2802
-2741
-2641
-2551
-2520
-2524
-2609
-2846
-3128
-3209
-3088
-3053
-3282
-3599
-3761
-3789
-3820
-3902
-3943
-3824
-3514
-3109
-2852
-2846
-2875
-2649
-2185
-1749
-1470
-1261
-1045
-853
-690
-511
-341
-211
-47
208
426
460
357
306
426
688
926
940
717
547
701
1020
1165
1162
1353
1816
2249
2411
2372
2356
2531
2926
3351
3529
3479
3510
3715
3808
3616
3383
3319
3287
3110
2887
2723
2559
2367
2223
2093
1835
1517
1366
1372
1300
1076
821
562
250
-40
-205
-361
-671
-1009
-1197
-1336
-1616
-1942
-2053
-1912
-1728
-1663
-1727
-1900
-2099
-2179
-2105
-2013
-1999
-1987
-1964
-2088
-2376
-2576
-2503
-2292
-2119
-1968
-1792
-1682
-1700
-1725
-1662
-1525
-1327
-1056
-781
-627
-575
-518
-449
-417
-292
45
412
529
416
354
480
641
706
718
726
750
760
689
538
413
425
537
555
466
448
542
610
579
544
656
873
1052
1142
1192
1298
1486
1652
1669
1563
1484
1530
1578
1521
1428
1394
1352
1209
979
779
646
529
413
305
194
50
-138
-375
-620
-806
-883
-927
-1067
-1306
-1523
-1630
-1660
-1668
-1657
-1631
-1621
-1626
-1612
-1564
-1522
-1498
-1446
-1335
-1198
-1085
-1023
-997
-939
-787
-557
-325
-119
77
282
505
727
944
1130
1273
1396
1533
1674
1779
1832
1797
1677
1551
1505
1512
1450
1286
1108
978
870
748
617
500
408
334
300
283
224
144
104
149
252
338
373
356
274
201
190
239
323
367
362
330
257
189
146
112
93
67
56
76
52
-46
-191
-336
-416
-456
-538
-684
-918
-1184
-1405
-1566
-1682
-1794
-1948
-2107
-2246
-2369
-2461
-2524
-2549
-2547
-2520
-2459
-2370
-2288
-2222
-2135
-1996
-1800
-1570
-1355
-1167
-998
-828
-624
-388
-151
58
263
475
683
879
1041
1178
1283
1365
1474
1608
1737
1822
1830
1824
1847
1878
1913
1941
1946
1949
1929
1889
1833
1728
1614
1546
1516
1490
1417
1297
1170
1047
951
929
964
1022
1054
1050
1078
1134
1197
1277
1348
1425
1511
1574
1616
1598
1492
1377
1301
1247
1157
971
712
433
157
-77
-275
-482
-709
-960
-1206
-1413
-1621
-1829
-2005
-2153
-2270
-2375
-2474
-2553
-2625
-2699
-2740
-2724
-2662
-2603
-2583
-2570
-2531
-2440
-2319
-2210
-2117
-2048
-1983
-1890
-1773
-1648
-1534
-1443
-1356
-1246
-1110
-948
-768
-588
-399
-212
-23
177
348
494
639
789
938
1046
1098
1119
1126
1132
1143
1152
1159
1154
1136
1117
1112
1114
1125
1138
1159
1174
1188
1214
1249
1273
1287
1310
1347
1404
1460
1495
1525
1572
1640
1710
1770
1821
1854
1868
1883
1899
1905
1898
1875
1840
1784
1690
1572
1444
1333
1213
1063
887
704
509
300
95
-91
-272
-474
-683
-865
-1014
-1145
-1285
-1430
-1574
-1688
-1777
-1850
-1900
-1965
-2046
-2115
-2148
-2153
-2167
-2195
-2201
-2165
-2104
-2035
-1976
-1917
-1862
-1792
-1689
-1542
-1382
-1267
-1197
-1122
-1029
-905
-760
-606
-467
-373
-297
-180
-21
138
277
413
556
687
792
874
941
967
941
908
902
872
759
581
395
231
81
-55
-167
-264
-369
-466
-507
-498
-468
-439
-377
-250
-98
43
191
354
498
638
834
1084
1319
1460
1546
1661
1817
1946
2009
2043
2053
2001
1880
1752
1634
1495
1300
1066
819
583
356
152
-53
-271
-482
-632
-720
-809
-954
-1105
-1172
-1175
-1198
-1249
-1280
-1273
-1283
-1325
-1336
-1282
-1179
-1097
-1062
-1028
-943
-807
-639
-480
-360
-235
-74
120
295
406
487
598
717
807
878
950
1013
1040
1007
963
967
1007
1047
1055
1021
966
924
885
843
812
775
737
698
621
506
386
274
179
74
-43
-141
-211
-312
-478
-670
-794
-824
-833
-896
-983
-1010
-996
-991
-1012
-998
-915
-818
-760
-695
-579
-473
-459
-496
-464
-329
-190
-209
-347
-480
-494
-456
-487
-617
-764
-841
-873
-958
-1116
-1218
-1175
-1053
-1046
-1172
-1263
-1152
-939
-835
-873
-887
-729
-493
-354
-374
-405
-302
-82
90
147
163
264
436
551
598
683
878
1092
1195
1186
1224
1383
1558
1610
1581
1611
1744
1881
1901
1807
1688
1653
1734
1833
1852
1799
1723
1640
1548
1470
1439
1445
1450
1389
1263
1137
1037
941
831
723
671
671
647
529
311
93
-4
2
-10
-105
-223
-305
-414
-609
-809
-867
-807
-814
-954
-1112
-1183
-1220
-1327
-1434
-1420
-1337
-1360
-1550
-1724
-1752
-1685
-1685
-1774
-1843
-1837
-1824
-1898
-2020
-2074
-1971
-1782
-1674
-1743
-1887
-1905
-1736
-1562
-1555
-1621
-1542
-1319
-1183
-1277
-1419
-1325
-1025
-783
-758
-777
-639
-391
-223
-151
-21
261
569
762
834
921
1112
1339
1476
1525
1608
1778
1953
1991
1889
1760
1754
1876
1966
1928
1845
1788
1737
1647
1551
1529
1567
1603
1589
1549
1510
1465
1413
1382
1404
1473
1522
1543
1522
1440
1316
1226
1219
1239
1209
1135
1053
926
708
460
333
344
342
191
-47
-218
-305
-412
-553
-642
-662
-699
-825
-979
-1088
-1158
-1214
-1259
-1286
-1316
-1396
-1508
-1606
-1669
-1680
-1638
-1581
-1596
-1714
-1841
-1853
-1776
-1763
-1828
-1839
-1743
-1677
-1759
-1887
-1853
-1658
-1498
-1478
-1488
-1372
-1180
-1041
-981
-879
-680
-436
-260
-154
-55
91
264
392
475
554
681
807
866
827
773
778
839
868
842
809
802
783
737
699
716
770
811
846
879
913
950
1001
1086
1188
1256
1309
1381
1488
1581
1597
1564
1549
1588
1633
1651
1620
1540
1407
1255
1141
1091
1061
953
767
580
451
367
268
137
11
-92
-174
-264
-371
-474
-552
-602
-643
-688
-738
-780
-825
-874
-911
-896
-835
-798
-821
-879
-902
-862
-819
-812
-810
-795
-773
-782
-813
-834
-829
-812
-809
-807
-797
-783
-782
-806
-823
-797
-736
-670
-647
-650
-648
-606
-545
-497
-468
-442
-396
-352
-313
-303
-304
-293
-269
-233
-195
-171
-173
-186
-180
-160
-122
-85
-59
-32
-7
33
81
129
157
183
228
294
364
405
417
421
439
473
523
565
572
554
551
570
594
601
592
581
574
598
628
642
637
604
575
586
614
635
624
587
544
514
500
500
490
456
401
344
310
289
271
234
179
123
90
73
66
54
19
-19
-43
-45
-23
5
16
3
-14
-15
21
65
87
74
47
40
55
75
78
66
39
19
1
-8
-10
-28
-65
-110
-138
-140
-139
-163
-204
-246
-256
-249
-248
-266
-291
-293
-284
-279
-287
-293
-290
-280
-271
-274
-286
-306
-342
-373
-378
-368
-374
-432
-519
-583
-592
-582
-590
-624
-659
-683
-687
-681
-675
-661
-641
-602
-535
-458
-396
-371
-374
-357
-277
-147
-32
15
-5
-36
-21
52
138
190
189
165
164
183
197
207
210
229
268
308
324
303
273
259
292
351
407
429
388
317
252
260
328
384
380
314
256
263
311
333
322
319
368
456
527
537
529
553
622
710
782
843
881
891
869
847
864
913
941
909
833
775
751
715
628
517
437
413
398
325
199
75
-27
-96
-147
-190
-234
-290
-368
-477
-570
-618
-629
-641
-651
-673
-705
-750
-811
-858
-849
-803
-743
-697
-698
-731
-778
-817
-817
-766
-693
-642
-644
-722
-820
-867
-855
-796
-745
-745
-778
-813
-831
-838
-813
-747
-665
-581
-529
-516
-513
-487
-418
-317
-206
-127
-98
-109
-159
-171
-117
-41
-7
-42
-99
-120
-84
-56
-76
-95
-61
33
138
205
230
282
402
547
686
813
936
1047
1142
1211
1297
1410
1497
1511
1474
1449
1474
1495
1424
1263
1109
1020
980
922
794
631
493
390
298
220
158
126
119
102
67
38
23
22
60
134
223
271
245
172
132
157
210
238
224
172
105
18
-101
-208
-271
-285
-286
-322
-433
-584
-724
-809
-811
-769
-735
-738
-793
-884
-953
-940
-867
-775
-707
-691
-704
-720
-730
-729
-692
-630
-567
-529
-553
-622
-675
-686
-672
-649
-620
-580
-535
-537
-596
-652
-626
-512
-360
-260
-223
-205
-178
-129
-57
52
188
322
406
416
398
414
485
559
602
624
656
686
652
550
456
435
486
530
500
415
322
249
205
189
204
251
284
276
228
201
223
281
364
444
518
575
595
578
565
607
694
779
805
768
709
654
606
561
524
494
459
404
310
179
63
-15
-54
-69
-98
-140
-212
-299
-372
-400
-372
-324
-292
-295
-336
-381
-391
-361
-309
-267
-259
-280
-305
-341
-365
-376
-378
-380
-391
-417
-452
-492
-542
-583
-601
-584
-548
-527
-546
-592
-628
-614
-547
-464
-418
-403
-409
-404
-369
-321
-267
-215
-169
-140
-129
-121
-107
-94
-88
-82
-53
-3
25
3
-58
-104
-92
-28
36
49
13
-21
-23
10
68
123
159
186
202
226
273
327
368
394
426
478
547
588
579
549
541
579
636
668
640
584
531
504
504
517
510
463
402
338
306
311
305
268
217
185
187
190
166
120
83
84
106
137
139
100
50
16
21
54
84
72
12
-47
-81
-69
-48
-62
-110
-157
-184
-198
-202
-224
-262
-292
-302
-299
-288
-294
-333
-382
-403
-378
-331
-309
-342
-415
-461
-435
-385
-352
-365
-404
-433
-446
-437
-411
-386
-375
-388
-398
-377
-332
-305
-307
-321
-285
-198
-115
-79
-102
-113
-78
-7
74
134
155
155
136
134
186
253
298
294
256
241
264
281
270
243
238
243
247
234
209
176
147
134
142
184
208
190
136
91
99
148
186
187
170
152
137
131
143
172
200
201
185
169
169
176
171
162
159
178
183
165
138
114
108
117
123
130
126
104
65
28
25
47
69
74
55
24
4
-24
-46
-64
-71
-68
-83
-117
-152
-184
-206
-219
-229
-230
-236
-239
-253
-272
-274
-259
-240
-232
-237
-229
-201
-169
-144
-139
-116
-84
-56
-48
-54
-37
-13
-6
-14
-24
-9
5
-7
-34
-42
-12
0
-44
-102
-119
-87
-70
-104
-139
-143
-131
-141
-176
-187
-150
-108
-110
-138
-135
-95
-81
-104
-117
-82
-17
2
-32
-59
-34
19
36
24
29
63
90
77
49
51
84
93
72
57
78
109
103
62
41
72
115
117
92
86
116
150
159
159
172
196
197
176
159
176
207
210
188
173
189
208
205
182
168
172
185
186
174
178
192
195
169
144
144
165
185
192
182
185
187
178
159
139
139
135
125
97
72
56
42
18
-17
-28
-21
-33
-83
-150
-185
-182
-176
-188
-214
-237
-251
-277
-309
-329
-324
-300
-293
-305
-319
-313
-307
-330
-342
-326
-286
-262
-275
-306
-308
-278
-250
-233
-220
-200
-180
-174
-186
-191
-174
-150
-135
-132
-132
-121
-116
-128
-146
-137
-101
-70
-68
-83
-79
-53
-23
-12
2
31
69
80
71
69
99
145
168
176
191
228
265
270
269
283
315
335
345
357
383
401
383
356
343
369
400
405
381
364
361
359
340
318
291
274
267
248
235
209
181
155
135
129
127
118
81
33
6
-6
-4
-10
-28
-45
-58
-73
-88
-106
-131
-141
-132
-134
-159
-193
-213
-226
-238
-245
-253
-260
-267
-278
-287
-287
-284
-284
-285
-278
-266
-263
-284
-308
-310
-293
-263
-259
-279
-293
-291
-274
-255
-251
-247
-228
-207
-199
-195
-186
-183
-174
-161
-138
-110
-99
-105
-116
-98
-56
-14
-1
-3
12
43
75
90
98
115
140
158
182
206
223
230
215
212
234
261
261
239
225
234
247
239
234
233
232
225
212
214
222
219
200
181
182
206
223
213
203
211
221
226
224
232
239
224
200
191
197
199
176
146
120
114
121
118
96
67
44
23
18
12
-8
-46
-89
-111
-111
-115
-132
-168
-196
-206
-196
-182
-182
-204
-227
-227
-211
-199
-206
-225
-241
-240
-228
-215
-212
-224
-238
-241
-228
-209
-202
-212
-231
-228
-211
-185
-174
-174
-169
-158
-138
-111
-96
-88
-90
-92
-81
-58
-40
-35
-48
-44
-30
-13
4
5
12
6
7
7
23
35
30
17
21
36
59
74
73
77
89
112
128
146
153
162
158
166
188
210
218
207
202
208
228
241
245
233
226
221
222
226
221
211
188
170
168
170
164
140
119
107
107
112
108
92
72
59
52
48
39
19
0
-11
-26
-24
-34
-42
-64
-82
-94
-96
-99
-118
-132
-152
-154
-165
-169
-184
-193
-201
-205
-212
-208
-209
-220
-226
-230
-224
-219
-218
-222
-212
-209
-194
-188
-175
-165
-155
-144
-144
-126
-112
-104
-103
-98
-90
-68
-64
-57
-52
-50
-37
-26
-11
-9
6
1
15
29
46
57
68
73
86
110
121
140
142
147
156
177
181
197
201
206
209
220
224
221
220
210
215
208
204
198
187
173
163
150
136
130
115
99
97
82
77
63
58
50
42
44
39
37
26
20
15
11
1
-4
-19
-22
-35
-43
-57
-63
-69
-87
-94
-110
-116
-129
-137
-156
-158
-168
-174
-179
-181
-185
-183
-185
-186
-175
-179
-174
-167
-156
-148
-136
-132
-117
-100
-88
-78
-58
-45
-34
-11
-3
9
23
34
40
56
51
62
68
61
69
71
70
67
68
60
68
66
66
67
73
71
92
90
85
100
101
104
111
105
95
113
101
108
105
98
92
91
78
72
67
49
45
32
22
12
7
-16
-20
-35
-46
-47
-48
-60
-61
-65
-62
-61
-66
-62
-59
-52
-56
-49
-53
-52
-53
-53
-52
-55
-63
-70
-73
-79
-85
-89
-93
-100
-106
-111
-116
-116
-116
-114
-105
-97
-95
-81
-68
-57
-40
-29
-13
0
19
29
44
52
64
88
102
110
120
132
141
156
156
160
168
172
172
177
173
171
164
159
155
144
137
127
118
106
96
84
75
60
52
35
23
19
5
3
-10
-17
-27
-32
-42
-46
-53
-65
-69
-79
-78
-84
-84
-90
-89
-96
-100
-103
-111
-114
-115
-120
-124
-125
-136
-133
-134
-133
-135
-130
-125
-123
-124
-120
-116
-120
-117
-119
-116
-120
-118
-112
-102
-97
-89
-83
-74
-63
-53
-36
-23
-8
8
17
29
41
53
66
80
92
102
112
121
126
134
143
148
158
159
167
171
177
174
173
168
163
159
155
149
144
143
138
136
129
128
126
124
114
109
101
91
81
68
61
49
35
25
20
12
2
1
-4
-9
-10
-15
-18
-24
-32
-37
-51
-58
-71
-76
-84
-93
-98
-107
-109
-115
-119
-123
-126
-127
-131
-131
-133
-136
-139
-139
-144
-152
-155
-159
-160
-158
-159
-156
-152
-148
-147
-135
-121
-111
-97
-87
-72
-59
-46
-37
-24
-14
-3
4
7
20
28
30
36
43
52
58
67
74
81
88
91
91
96
95
95
98
100
105
104
107
108
112
119
121
124
121
122
123
122
119
111
102
103
100
97
91
91
96
92
89
86
86
83
74
67
60
54
53
41
34
28
23
22
20
18
14
11
4
1
-5
-12
-18
-23
-30
-36
-48
-60
-68
-80
-96
-106
-115
-127
-135
-140
-145
-152
-154
-158
-155
-151
-147
-145
-142
-137
-130
-125
-124
-121
-117
-112
-107
-100
-92
-87
-80
-69
-61
-51
-43
-36
-28
-27
-22
-15
-10
-6
-1
5
9
13
17
24
31
35
37
46
55
54
57
62
66
72
76
88
93
101
110
111
116
122
127
128
128
128
123
124
121
112
110
107
107
106
103
104
106
109
111
109
110
112
111
108
106
102
95
84
76
69
59
45
30
13
2
-17
-35
-48
-63
-73
-83
-92
-100
-113
-119
-125
-128
-132
-139
-141
-144
-145
-147
-149
-148
-147
-145
-138
-134
-130
-124
-116
-110
-108
-98
-92
-94
-92
-86
-82
-81
-77
-74
-68
-64
-63
-59
-58
-54
-50
-46
-43
-33
-31
-25
-18
-11
-2
9
22
29
40
53
62
71
78
86
93
99
103
105
105
105
102
104
102
101
104
108
111
114
114
118
122
126
129
130
133
131
131
132
129
125
119
113
106
97
86
74
66
54
41
25
16
9
-1
-13
-27
-38
-44
-52
-62
-71
-76
-79
-83
-88
-91
-94
-96
-94
-93
-87
-82
-76
-71
-71
-66
-66
-61
-58
-62
-61
-58
-59
-67
-71
-73
-68
-61
-65
-73
-75
-71
-71
-77
-82
-84
-80
-78
-75
-79
-68
-54
-47
-37
-28
-22
-14
4
14
28
43
53
62
67
68
63
66
71
78
80
80
77
72
72
70
67
68
65
67
72
78
70
60
61
61
67
67
63
62
55
45
36
34
30
26
24
14
3
-3
-6
-7
-12
-22
-33
-38
-42
-48
-45
-40
-36
-39
-48
-55
-50
-48
-41
-28
-19
-13
-16
-19
-17
-4
3
4
1
-4
0
0
-5
-7
-4
2
3
-4
-10
-6
-3
-3
-11
-13
-12
-5
7
5
-3
-12
-12
-10
-10
-12
-15
-16
-9
-1
5
4
0
0
-3
0
16
30
47
53
35
12
9
25
50
62
55
36
19
9
3
-2
-6
-14
-10
-15
-34
-47
-42
-23
-16
-21
-39
-45
-36
-34
-45
-43
-20
23
40
-5
-70
-107
-96
-72
-44
-11
17
23
-13
-79
-107
-64
-6
33
30
0
-14
-15
-13
1
30
64
81
67
42
26
24
27
35
53
70
74
57
30
10
-1
-1
4
16
21
7
-30
-64
-70
-44
-11
-10
-31
-57
-58
-34
1
24
30
31
21
17
14
42
80
110
114
89
65
70
97
113
113
100
86
81
73
52
39
47
50
38
17
-9
-18
-20
-30
-48
-41
-25
-25
-46
-70
-51
5
25
-26
-85
-67
29
94
38
-93
-176
-164
-114
-64
5
95
124
-72
-449
-674
-515
-85
249
247
7
-222
-299
-287
-224
-24
269
457
356
24
-209
-112
179
391
377
264
214
225
176
10
-131
-114
10
114
99
-19
-129
-208
-289
-356
-351
-224
-64
3
-108
-307
-404
-322
-135
16
56
34
31
64
79
61
54
107
214
295
300
261
238
234
197
132
101
157
269
323
242
81
-35
-54
-29
-4
-11
-2
22
2
-82
-194
-250
-212
-136
-76
-58
-51
-46
-88
-166
-214
-172
-32
109
157
112
37
-12
-23
-2
49
126
198
213
154
70
6
-2
21
33
38
48
53
34
-27
-101
-144
-137
-103
-69
-50
-50
-72
-111
-152
-167
-134
-71
-18
8
10
-5
-23
-28
-26
-1
40
74
92
89
75
53
32
20
32
61
81
75
45
14
-7
-20
-27
-27
-19
-14
-20
-39
-57
-62
-64
-65
-70
-82
-67
-46
-32
-32
-47
-48
-38
-20
-6
-1
8
27
38
37
34
46
66
76
67
53
56
75
95
92
70
42
34
49
64
68
61
41
15
-11
-34
-33
-8
13
15
-16
-53
-68
-54
-25
-6
0
-12
-29
-40
-43
-36
-19
11
36
37
20
2
-9
-5
9
19
24
20
14
1
-20
-34
-33
-17
-3
-5
-25
-49
-57
-54
-55
-54
-52
-47
-44
-44
-49
-48
-31
-22
-27
-42
-45
-35
-12
6
6
5
-7
-14
-15
-11
-2
21
35
31
17
-2
-5
5
20
33
41
39
41
39
31
28
33
45
53
58
62
57
51
50
34
28
35
49
60
56
41
30
26
21
20
23
26
33
27
8
-12
-9
6
17
19
9
-1
5
3
-1
-3
-2
1
-4
-14
-21
-10
-4
5
1
-8
-17
-20
-20
-24
-26
-27
-20
-24
-29
-38
-36
-33
-26
-24
-22
-26
-29
-36
-44
-39
-32
-27
-29
-26
-34
-29
-31
-26
-24
-24
-21
-27
-30
-30
