0
-1
0
0
1
0
0
0
1
1
0
-1
0
0
0
2
2
1
0
0
1
1
1
0
0
1
1
3
1
1
4
3
2
3
3
3
5
3
2
4
4
4
3
3
5
5
4
4
5
3
4
5
6
4
6
5
3
3
2
2
-1
0
2
2
-1
-1
-3
-3
-3
-4
-5
-7
-7
-8
-8
-10
-12
-13
-11
-11
-13
-15
-15
-14
-13
-14
-14
-13
-12
-10
-11
-11
-9
-9
-8
-6
-6
-5
-4
-3
-1
1
2
2
1
-1
1
2
3
4
3
3
3
4
3
1
2
1
1
1
2
2
2
4
2
2
3
5
6
6
5
7
9
9
9
9
9
11
11
12
12
11
10
10
12
11
10
11
12
12
13
15
15
17
17
18
19
20
22
24
25
27
26
27
28
27
27
27
25
24
22
18
15
12
8
4
1
-3
-8
-15
-18
-22
-28
-32
-36
-40
-42
-46
-50
-49
-49
-51
-52
-51
-51
-50
-48
-45
-42
-41
-38
-33
-32
-28
-24
-21
-19
-15
-13
-10
-7
-5
-4
-4
-2
-2
-2
-2
-2
-3
-5
-7
-10
-9
-10
-13
-14
-14
-15
-17
-17
-18
-17
-16
-15
-13
-11
-8
-4
-2
4
9
15
18
25
33
39
48
55
63
72
78
84
93
99
106
112
117
120
123
124
123
121
116
112
105
99
90
78
63
51
37
20
4
-12
-31
-47
-66
-84
-97
-111
-123
-136
-145
-154
-158
-162
-163
-162
-158
-151
-143
-133
-121
-107
-93
-76
-59
-42
-25
-9
8
24
37
46
56
63
69
71
74
74
67
60
53
44
36
23
12
-2
-15
-26
-37
-46
-57
-65
-71
-74
-77
-79
-80
-80
-77
-72
-66
-58
-51
-42
-31
-21
-13
-6
6
17
24
34
38
42
47
50
53
52
52
54
49
48
45
39
33
26
22
19
15
9
3
-2
-6
-9
-10
-10
-9
-7
-3
3
9
15
23
31
41
53
64
77
85
95
105
114
120
126
135
139
141
142
138
133
129
119
110
100
93
79
63
46
27
10
-8
-25
-43
-60
-77
-93
-107
-123
-138
-150
-160
-169
-171
-175
-179
-180
-178
-176
-169
-160
-148
-140
-126
-111
-96
-81
-66
-49
-31
-13
5
22
37
53
65
76
88
98
110
114
117
120
122
123
124
124
121
117
113
108
101
94
88
81
72
65
57
47
34
21
9
-4
-12
-19
-27
-36
-45
-53
-60
-60
-59
-57
-52
-45
-41
-37
-29
-20
-12
-6
5
15
21
25
29
30
30
29
29
27
26
25
23
18
15
16
14
16
22
28
39
50
62
73
84
98
111
124
140
149
158
165
169
163
154
142
129
111
90
66
37
1
-34
-71
-111
-146
-177
-209
-239
-266
-290
-311
-328
-342
-348
-353
-348
-341
-333
-317
-302
-285
-268
-244
-219
-193
-170
-147
-128
-110
-96
-80
-65
-58
-51
-44
-42
-43
-42
-42
-47
-53
-57
-57
-56
-54
-54
-50
-43
-32
-18
1
19
36
60
85
116
146
170
193
218
239
259
277
288
291
291
293
289
272
247
220
188
156
127
94
56
18
-23
-57
-84
-107
-122
-129
-128
-123
-113
-91
-65
-43
-14
17
55
97
134
167
188
204
233
270
297
313
326
342
366
395
421
429
428
439
468
496
512
511
504
506
524
543
548
528
495
477
464
438
372
272
164
64
-39
-167
-332
-520
-697
-847
-980
-1128
-1284
-1426
-1527
-1576
-1602
-1614
-1624
-1613
-1550
-1441
-1324
-1219
-1123
-1008
-860
-699
-547
-427
-319
-206
-77
58
157
221
273
328
374
399
393
353
290
230
184
122
33
-73
-161
-225
-276
-316
-351
-380
-396
-376
-333
-293
-256
-203
-118
-14
93
207
325
445
583
738
886
1008
1104
1195
1283
1345
1374
1369
1336
1285
1221
1146
1059
950
837
731
644
559
474
390
306
229
166
115
74
26
-27
-57
-62
-36
-13
13
57
117
205
313
426
520
602
702
838
977
1093
1184
1272
1373
1501
1637
1742
1795
1816
1831
1819
1757
1609
1377
1092
779
444
56
-391
-884
-1369
-1796
-2147
-2449
-2731
-2986
-3156
-3213
-3182
-3095
-2984
-2836
-2630
-2352
-2037
-1727
-1449
-1194
-913
-591
-263
9
216
384
541
700
826
891
875
801
711
617
469
230
-65
-365
-646
-916
-1179
-1453
-1742
-2007
-2185
-2269
-2331
-2385
-2387
-2315
-2186
-2008
-1793
-1565
-1334
-1062
-715
-351
-21
282
588
891
1182
1458
1695
1858
1948
2036
2114
2119
2060
1966
1850
1726
1595
1466
1323
1142
976
863
775
675
577
499
434
399
400
401
386
358
375
440
496
546
584
609
647
713
790
839
861
891
946
1018
1079
1119
1151
1192
1268
1389
1512
1609
1697
1782
1874
1963
2024
2045
2025
1971
1894
1780
1602
1361
1060
729
390
44
-322
-712
-1111
-1503
-1871
-2200
-2488
-2739
-2943
-3105
-3209
-3239
-3224
-3177
-3079
-2933
-2737
-2485
-2193
-1871
-1547
-1226
-880
-520
-166
162
469
723
918
1074
1185
1212
1136
999
806
567
268
-85
-464
-878
-1306
-1702
-2059
-2414
-2741
-3021
-3246
-3406
-3502
-3529
-3500
-3429
-3297
-3084
-2808
-2504
-2180
-1815
-1431
-1037
-616
-195
189
549
901
1233
1543
1810
2024
2197
2316
2375
2409
2395
2309
2182
2027
1836
1634
1429
1193
957
732
521
344
190
41
-70
-141
-192
-192
-154
-98
-9
105
256
445
647
855
1081
1311
1538
1785
2011
2208
2380
2523
2640
2724
2764
2767
2730
2663
2584
2508
2419
2304
2208
2114
2044
1996
1956
1936
1904
1877
1875
1867
1837
1780
1699
1582
1441
1265
1035
761
429
63
-310
-695
-1105
-1522
-1918
-2303
-2635
-2917
-3175
-3394
-3556
-3643
-3665
-3634
-3563
-3447
-3280
-3069
-2794
-2468
-2136
-1803
-1429
-1024
-627
-237
118
431
711
949
1151
1286
1326
1269
1181
1048
844
581
258
-123
-532
-922
-1321
-1723
-2121
-2498
-2810
-3055
-3231
-3343
-3400
-3411
-3358
-3224
-3026
-2817
-2605
-2386
-2151
-1878
-1578
-1306
-1059
-813
-553
-246
77
362
606
846
1081
1316
1510
1626
1683
1698
1667
1625
1565
1430
1248
1065
905
774
666
548
421
332
285
302
326
321
317
355
421
500
586
645
699
778
911
1071
1201
1312
1428
1568
1714
1856
1973
2035
2062
2087
2130
2163
2143
2086
2030
2007
2009
2030
2038
2031
2036
2092
2193
2288
2348
2385
2434
2506
2576
2617
2602
2542
2444
2331
2196
2004
1732
1375
977
542
72
-436
-974
-1522
-2068
-2576
-3023
-3386
-3689
-3961
-4169
-4274
-4246
-4116
-3938
-3729
-3470
-3156
-2777
-2337
-1880
-1456
-1083
-709
-283
162
542
830
1054
1280
1498
1679
1762
1720
1589
1418
1246
1036
751
366
-67
-492
-891
-1272
-1669
-2077
-2471
-2787
-3018
-3173
-3275
-3341
-3351
-3293
-3127
-2875
-2571
-2266
-1987
-1708
-1404
-1070
-772
-574
-489
-461
-409
-326
-262
-291
-385
-456
-421
-280
-114
5
65
154
328
580
781
852
809
746
737
745
708
542
331
166
121
163
191
161
89
92
176
302
358
329
248
172
137
109
76
0
-74
-90
-1
173
363
554
741
979
1274
1599
1918
2156
2329
2478
2662
2878
3057
3154
3204
3281
3432
3602
3728
3780
3773
3789
3871
3953
3912
3717
3458
3271
3140
2955
2583
2062
1549
1115
751
305
-300
-1037
-1725
-2215
-2569
-2989
-3622
-4298
-4732
-4814
-4753
-4777
-4914
-4957
-4688
-4113
-3424
-2852
-2405
-1931
-1237
-337
546
1184
1560
1913
2408
2984
3395
3510
3377
3185
3076
3000
2779
2306
1645
960
370
-160
-738
-1453
-2248
-2965
-3494
-3881
-4213
-4562
-4883
-5056
-5017
-4813
-4522
-4214
-3891
-3490
-2951
-2286
-1598
-987
-466
57
583
1114
1541
1782
1841
1786
1696
1551
1322
940
449
-81
-522
-875
-1177
-1493
-1810
-2052
-2193
-2180
-2124
-2080
-2107
-2098
-2020
-1845
-1652
-1538
-1457
-1375
-1161
-880
-540
-241
18
271
561
925
1258
1514
1624
1668
1712
1787
1821
1735
1572
1401
1280
1254
1262
1241
1202
1159
1205
1355
1546
1691
1763
1790
1903
2082
2268
2420
2481
2561
2686
2931
3144
3307
3462
3609
3804
3954
4053
4103
4149
4107
4012
3834
3634
3383
3059
2732
2332
1862
1232
586
-18
-474
-991
-1708
-2553
-3172
-3503
-3709
-3887
-4190
-4359
-4306
-3901
-3336
-2697
-2199
-1723
-1142
-345
619
1352
1795
1994
2308
2659
3023
3110
2916
2544
2182
1930
1648
1268
629
-32
-718
-1198
-1641
-2143
-2771
-3407
-3910
-4293
-4530
-4797
-5027
-5266
-5304
-5207
-4968
-4666
-4331
-3932
-3438
-2771
-2072
-1380
-737
-110
466
1016
1452
1736
1837
1794
1628
1324
905
384
-233
-884
-1473
-2014
-2478
-2874
-3121
-3282
-3296
-3188
-2986
-2730
-2428
-2100
-1796
-1481
-1205
-943
-753
-541
-366
-196
-13
200
439
670
943
1164
1396
1611
1803
1912
1957
1950
1865
1727
1579
1427
1240
1095
965
887
870
945
1076
1237
1430
1632
1867
2140
2433
2669
2868
3042
3235
3434
3641
3813
3931
4074
4267
4469
4649
4741
4766
4844
4896
4904
4755
4541
4235
3885
3513
3084
2531
1783
976
141
-523
-1238
-2031
-3051
-3893
-4433
-4764
-4963
-5221
-5314
-5243
-4714
-4022
-3127
-2361
-1593
-798
112
1172
2002
2593
2749
2970
3082
3256
3141
2772
2204
1609
1192
720
259
-475
-1142
-1841
-2343
-2838
-3344
-3940
-4548
-4998
-5373
-5568
-5786
-5879
-5946
-5814
-5483
-5015
-4456
-3861
-3207
-2471
-1642
-757
74
793
1429
1972
2471
2824
3033
3043
2913
2574
2112
1451
794
52
-794
-1700
-2645
-3339
-3952
-4302
-4691
-4849
-4909
-4644
-4234
-3657
-3022
-2456
-1807
-1260
-518
21
601
859
1155
1346
1642
1870
1972
2056
2056
2235
2287
2432
2312
2267
2098
2034
1872
1646
1383
1067
852
623
535
392
371
318
424
581
851
1096
1304
1540
1799
2112
2376
2621
2762
2944
3136
3427
3693
3910
4078
4274
4542
4776
4895
4942
4989
4962
4789
4513
4294
4078
3777
3285
2766
2257
1661
939
220
-344
-1008
-1986
-3182
-4070
-4519
-4796
-5240
-5760
-5986
-5747
-5093
-4261
-3320
-2453
-1545
-582
562
1685
2566
3022
3102
3066
2963
2881
2505
1813
826
-57
-696
-1171
-1703
-2379
-3026
-3519
-3750
-3901
-4029
-4308
-4589
-4786
-4824
-4775
-4766
-4720
-4639
-4408
-4043
-3503
-2796
-2067
-1363
-648
197
1137
1959
2571
2926
3174
3266
3260
2977
2483
1676
731
-206
-1078
-1840
-2757
-3570
-4380
-4723
-4861
-4652
-4478
-4199
-3815
-3186
-2295
-1456
-625
-135
441
814
1385
1728
2045
2014
1888
1753
1729
1834
1728
1573
1217
1137
1042
1141
1008
887
670
585
573
593
633
585
617
596
774
940
1200
1313
1455
1568
1799
2006
2176
2204
2168
2231
2342
2512
2549
2616
2688
2929
3224
3601
3924
4213
4391
4622
4923
5193
5235
4948
4586
4249
4034
3679
3159
2406
1470
472
-315
-709
-1051
-1936
-3409
-4702
-5029
-4689
-4502
-4962
-5486
-5449
-4621
-3396
-2168
-1214
-600
41
957
2359
3522
4060
3709
3209
2917
2922
2724
1878
506
-985
-1794
-2184
-2453
-3249
-4169
-4854
-4907
-4608
-4415
-4473
-4742
-4753
-4550
-4080
-3795
-3630
-3560
-3350
-2949
-2392
-1662
-1069
-577
-197
337
1000
1604
1936
1889
1713
1481
1292
962
437
-344
-1195
-1797
-2234
-2613
-3202
-3651
-3928
-3847
-3689
-3609
-3521
-3361
-2931
-2519
-1976
-1569
-1056
-663
-232
227
790
1354
1611
1725
1699
1931
2050
2078
1750
1406
1165
1055
996
822
712
580
714
873
1134
1326
1572
1783
1939
2107
2232
2369
2275
2154
2007
2025
2018
1932
1768
1687
1817
1986
2151
2231
2445
2701
3013
3279
3589
3913
4236
4512
4747
4958
5153
5293
5314
5132
4856
4531
4186
3721
3050
2189
1022
-98
-1040
-1491
-2350
-3728
-5402
-6008
-5636
-5088
-5090
-5333
-4809
-3725
-2073
-720
806
1746
2570
3108
4140
5153
5504
4945
3750
2944
2204
1790
698
-644
-2424
-3537
-4035
-4133
-4482
-5250
-5749
-5836
-5218
-4780
-4470
-4546
-4388
-4029
-3472
-2977
-2657
-2272
-1925
-1463
-987
-286
372
798
951
1005
1167
1327
1266
804
38
-673
-1288
-1707
-2329
-3048
-3786
-4101
-4105
-4160
-4218
-4341
-4039
-3805
-3351
-3277
-3083
-3007
-2743
-2437
-2200
-1862
-1740
-1284
-1046
-352
140
897
1212
1474
1650
1948
2299
2166
1926
1331
1186
913
916
641
529
441
650
1069
1447
1863
2114
2517
2731
3004
3030
3052
2861
2640
2424
2318
2273
2128
2005
1993
2263
2615
2945
3189
3507
3929
4379
4786
5110
5409
5658
5819
5883
5917
5975
5882
5544
4950
4402
3844
3269
2416
1336
-81
-1539
-2707
-3342
-3869
-5062
-6595
-7540
-6926
-5794
-4927
-4744
-4043
-2649
-722
1081
2661
3944
4563
4891
5076
5711
5748
5065
3346
1767
522
-193
-953
-2167
-3682
-5150
-5557
-5391
-5008
-5425
-5908
-6098
-5498
-4711
-4231
-4076
-4065
-3616
-2965
-2106
-1597
-1203
-862
-379
140
508
818
870
710
215
-269
-581
-877
-1388
-2268
-2999
-3366
-3233
-3076
-3080
-3181
-3135
-2692
-2201
-1761
-1695
-1758
-1988
-2165
-2259
-2263
-2248
-2461
-2614
-2576
-1986
-1276
-652
-352
-66
396
931
1337
1329
1111
743
551
440
438
338
204
169
416
980
1607
2092
2350
2555
2856
3216
3453
3361
3056
2744
2629
2634
2520
2336
2114
2198
2340
2664
2822
3095
3294
3601
3945
4311
4749
4916
5135
5071
5343
5429
5712
5636
5524
5236
4907
4629
4023
3370
2141
1003
-550
-1845
-3335
-4502
-5657
-6644
-7280
-7453
-6722
-5828
-4619
-3620
-1939
-1
2125
3659
4712
5572
6129
6425
5992
5394
4360
3256
1813
518
-577
-1494
-2297
-3149
-3694
-4109
-4108
-4048
-3928
-4095
-4323
-4305
-4031
-3711
-3742
-3767
-3549
-2954
-2381
-1947
-1510
-952
-365
-11
152
165
43
-279
-825
-1420
-2055
-2560
-3019
-3328
-3495
-3394
-2926
-2275
-1595
-1137
-523
104
663
501
-77
-740
-1147
-1729
-2719
-3705
-4339
-4300
-4156
-3766
-3376
-2531
-1721
-742
10
683
1075
1171
1051
628
303
-170
-417
-956
-1205
-1300
-824
-297
247
796
1433
2176
2656
3143
3348
3517
3294
3150
3034
3056
2830
2482
2272
2341
2501
2513
2412
2310
2380
2582
2939
3128
3275
3295
3684
4025
4462
4656
5099
5573
5784
5707
5445
5584
5182
4442
2907
1910
725
-783
-2771
-4181
-4455
-5273
-6717
-8590
-7959
-6263
-4424
-4253
-3680
-1885
519
2591
3619
5097
5626
6095
5468
5701
5461
4838
3225
1494
371
-657
-954
-1800
-2531
-4089
-4610
-4226
-3191
-3094
-4048
-4487
-3976
-2578
-2099
-2167
-2526
-2168
-1395
-776
-505
-725
-721
-790
-807
-1158
-1525
-1806
-2340
-3029
-3901
-4020
-3815
-3559
-3809
-3924
-3170
-1845
-530
-195
40
405
1385
1702
1153
-101
-984
-1295
-1659
-2306
-3035
-3026
-2718
-2248
-1961
-1116
-117
698
732
742
971
1329
1002
0
-1005
-1503
-1505
-1700
-1945
-2207
-1835
-1274
-483
166
939
1623
2137
2534
2906
3372
3493
3387
3112
3145
3287
3313
3014
2571
2412
2563
2886
2937
2907
3024
3495
3914
4042
4033
4157
4521
4839
5076
4987
4660
4036
3418
2799
2213
1564
720
-614
-2484
-4155
-5091
-5498
-6257
-7205
-7517
-6754
-5574
-4440
-2999
-1131
822
2318
3870
5513
6855
7192
6881
6469
5972
5203
3984
2778
1323
-4
-1121
-1570
-1983
-2630
-3276
-3455
-3113
-2927
-2866
-2884
-2516
-2097
-1600
-1112
-590
-100
257
636
885
1136
1148
902
276
-541
-1187
-1738
-2385
-3469
-4379
-4858
-4800
-4705
-4618
-4337
-3676
-2597
-1545
-572
-157
174
475
951
671
-174
-1184
-1660
-1910
-2349
-2773
-2718
-2007
-1558
-1101
-532
618
1359
1637
1297
1241
1278
999
99
-1000
-1677
-2067
-2228
-2642
-2704
-2417
-1696
-1165
-635
7
787
1479
1833
2129
2385
2749
2843
2868
2783
2640
2356
1998
1656
1230
1044
1110
1532
1852
2208
2776
3781
4669
5067
5133
5495
6133
6574
6187
5103
3908
3376
3292
3005
2345
1555
203
-3109
-7301
-10096
-9631
-9195
-10870
-13893
-13551
-10086
-6187
-4110
-2078
1158
4528
7216
9262
11602
12145
10850
8243
6704
5393
4003
1785
-726
-3154
-4434
-3633
-2128
-1809
-3484
-4417
-3198
-899
-426
-1838
-2956
-2321
-685
288
507
507
1110
1931
2776
3385
3630
3240
2182
725
-803
-1693
-2322
-3622
-5741
-7130
-6561
-4672
-3372
-3446
-3217
-1384
1239
2748
2682
1596
654
271
-334
-1737
-3475
-4664
-5332
-5504
-5425
-4455
-2780
-1492
-1157
-407
1480
3135
3400
2298
1377
1150
1178
253
-1160
-2438
-3089
-3093
-2830
-2636
-2517
-1973
-1338
-372
804
1998
2653
2990
3476
4250
5020
5005
4441
3729
3254
2578
1752
646
-425
-1024
-950
-495
142
1093
2231
3588
4862
5946
6712
7404
7623
7130
6103
5397
5609
5798
5119
3487
2227
-403
-4851
-9862
-11321
-10617
-11170
-14684
-16658
-14010
-9435
-6355
-4761
-1363
2340
5623
7458
10233
11734
11202
8420
6462
5451
4277
2536
466
-1305
-3015
-2691
-969
537
-768
-2859
-3044
-904
348
-1096
-3164
-3458
-1892
-642
-362
-442
82
1156
2285
3106
3241
2881
2216
1445
244
-1174
-2062
-2410
-3171
-4441
-4360
-2183
148
648
67
995
3062
3929
1688
-1127
-2687
-2782
-3496
-5019
-6615
-7076
-6101
-5025
-3624
-2339
-343
713
1679
1993
3158
3707
3022
1157
-55
3
-449
-1611
-3501
-3788
-3530
-3014
-3529
-3425
-2607
-1407
-562
118
1565
3011
4156
4432
5284
6282
6781
5931
4828
4187
3604
2570
1207
330
-79
-77
252
1111
2143
2998
3815
4995
6348
7369
7308
6398
5200
4920
5147
5047
4099
3313
2585
-587
-6049
-10723
-10538
-9301
-10768
-15241
-15561
-10991
-5801
-4165
-3322
75
3912
6152
6353
7831
8113
6558
2847
844
125
-366
-1740
-3366
-4198
-4010
-1575
1113
2018
-10
-1400
-102
2175
1569
-1771
-3907
-2957
-1004
-764
-1894
-2497
-1753
-565
82
-30
-428
-897
-1078
-1553
-2199
-2452
-1698
-1353
-2267
-2628
-557
2711
3571
2206
1795
3915
5158
2896
-588
-2397
-2545
-3610
-5532
-7372
-7601
-6977
-5942
-4683
-2973
-846
1079
2596
3285
4461
5414
5154
3096
1457
1008
571
-1396
-3897
-4630
-4012
-3747
-4387
-3966
-2240
-247
942
2105
3833
5483
6112
5899
5946
6125
5493
3713
1958
1091
842
388
-236
-254
708
2033
3225
4432
5608
6382
6639
6859
6990
7063
6437
5354
4167
3770
4141
4561
4479
4045
4153
1853
-3797
-10620
-12654
-11352
-11434
-15522
-17555
-13374
-6956
-3129
-1438
2571
6642
8696
7998
8703
9089
6964
2350
-1105
-2160
-2991
-3804
-4720
-4911
-5315
-3715
-357
2296
1241
-1322
-1316
1193
2157
-250
-2762
-2473
-481
350
-434
-1531
-2070
-2499
-3124
-3911
-4766
-5442
-5674
-5391
-5120
-3956
-1412
1280
1903
1526
3024
6127
7271
4758
2154
1966
2114
-87
-3150
-4307
-4023
-3947
-4519
-4387
-3748
-3334
-3101
-2603
-1719
-907
276
1233
2055
2689
3524
3711
2828
1585
592
-412
-2224
-3933
-4670
-4315
-3855
-3188
-1723
475
2678
4390
5748
6793
7279
6782
5655
4656
3880
2570
670
-675
-687
-125
-8
73
1193
3013
4079
4523
5564
7014
7492
6962
6759
7274
7586
6351
4550
3384
3599
4039
4319
4004
4163
3519
-1228
-9019
-13795
-11583
-8428
-10304
-15325
-13569
-5719
780
1672
2867
6376
8705
7367
5872
6969
6127
1894
-3204
-3890
-2650
-1413
-2002
-3119
-4151
-3270
283
2822
1111
-3379
-4492
-1467
978
-725
-3618
-3481
-757
1011
379
-1232
-2661
-4302
-6315
-7693
-8066
-7934
-8113
-7795
-6367
-3382
299
2916
3143
2036
2447
4326
4628
1426
-2306
-3192
-2564
-3093
-4671
-4963
-4040
-3177
-2865
-2280
-1604
-1611
-1775
-1529
-753
116
1196
1896
2239
2512
2865
2442
836
-987
-2298
-3444
-4900
-5518
-4881
-3664
-2485
-686
1837
4083
5472
6512
7464
7742
7152
6117
5027
3957
3048
2210
1287
571
755
1474
1675
1623
2547
4343
5162
5017
5506
7094
7832
6893
6053
6486
7068
5744
3749
2893
4077
4989
4591
3253
2751
2131
-2283
-9790
-14662
-12256
-8357
-8805
-12316
-10007
-2428
3136
3160
3258
6048
7421
5199
2565
3226
3612
1436
-2045
-2743
-1182
703
1210
-115
-1841
-1839
854
2579
621
-3016
-3513
-492
1546
156
-2046
-1657
207
327
-1722
-3735
-4636
-5906
-8136
-9284
-7958
-5677
-4714
-4311
-2640
488
3082
3658
2324
733
402
1068
250
-3016
-6159
-5899
-3831
-3463
-4794
-4967
-3530
-2843
-3148
-2621
-673
149
-656
-746
1395
3499
3162
1317
476
1099
768
-1387
-3466
-3595
-3272
-4060
-4727
-3177
-565
388
209
1577
4342
5366
4362
4196
5915
6829
5452
3605
3350
3783
3135
1612
811
1305
2104
2622
3145
4473
6192
7497
7863
8318
8964
8640
6997
5918
6455
6540
4718
2570
3179
4959
4912
2767
2112
726
-5455
-14532
-17247
-11847
-7265
-9639
-12035
-5919
2835
5121
2080
2680
5648
4611
-658
-2229
1126
2557
-490
-2886
-526
2905
3779
2091
116
-917
-266
1763
2354
207
-1794
24
3669
3734
135
-2423
-1760
-1957
-5355
-8695
-8711
-7366
-8302
-9432
-7369
-2957
-756
-1101
-735
1585
3605
3130
1100
-734
-956
-269
-725
-3415
-6031
-5634
-3933
-4156
-5866
-5810
-4560
-4370
-4601
-2965
-447
165
-574
44
2022
2333
613
-704
-659
-992
-2483
-3676
-3497
-2870
-3258
-3873
-2951
-750
443
-17
56
1987
3957
3768
2826
3528
5265
5585
4377
3659
3978
3945
2750
1629
1785
2689
3347
3582
4412
6063
7913
8962
9203
9612
10058
9696
7927
6978
7191
7037
4740
2407
2599
3942
3429
712
-403
-1989
-7211
-14796
-16121
-10526
-6062
-7893
-9331
-3324
3838
4723
1406
2102
4174
2109
-2815
-3219
728
2233
63
-1008
1656
3966
3584
1716
116
-736
-491
1165
2101
1246
546
2361
4860
3852
44
-2839
-3446
-4921
-8032
-9821
-8810
-7255
-7426
-6881
-3823
-560
-256
-1167
-106
1839
2176
1055
688
977
555
-228
-417
-662
-2410
-4179
-4486
-4026
-4121
-4617
-4360
-2817
-518
472
389
873
1976
1924
574
-479
-493
-137
-842
-2139
-2589
-2054
-2010
-2835
-3648
-3381
-2065
-1145
-1271
-947
976
2788
3033
2789
3877
5375
4982
2969
2145
3115
3316
2038
1296
2304
3500
3821
4225
5682
7345
7874
8004
8449
8663
7988
7632
8257
8600
7327
5158
4119
3660
2155
-768
-2060
-2405
-5628
-12680
-16645
-12482
-5924
-4563
-6524
-3626
1934
2964
-892
-1917
564
259
-3443
-4356
255
3880
2783
17
47
1759
1592
-312
-2210
-2019
-426
1844
3356
3535
3263
2954
2509
304
-2762
-5179
-6063
-6865
-8219
-8139
-6185
-4588
-5527
-6357
-4616
-2331
-2580
-4209
-3498
-818
776
78
-1089
-1358
-1456
-2009
-2897
-3175
-2752
-2559
-3182
-3384
-1454
513
265
-972
207
2784
3236
1846
1509
2919
3037
1309
-165
-103
-284
-1838
-3194
-2826
-1374
-916
-1406
-1193
404
1575
1116
726
2037
4032
4526
3778
3621
4266
4346
3327
2366
2238
2375
2132
2027
3153
5309
6791
7243
7924
9684
10431
9390
8169
9150
10620
10012
7508
5302
5080
4961
4231
2059
658
-2437
-9357
-17715
-18274
-9708
-3342
-5688
-8672
-2505
4631
2788
-3780
-3722
302
-1212
-5987
-4504
3083
6294
1936
-2005
46
3699
1604
-3841
-5741
-1688
2685
3514
3163
4016
5276
4338
2253
-444
-3070
-5231
-6161
-6660
-7362
-6885
-5551
-5548
-7694
-8481
-6409
-4880
-6359
-7642
-4955
-616
683
-1374
-3074
-2631
-2088
-3142
-4535
-4153
-2643
-2246
-2766
-1961
258
469
-1801
-2820
-282
2333
2062
1161
2606
4632
4037
1708
627
993
367
-1529
-2414
-724
1470
1697
398
397
1783
2003
174
-951
752
3175
3900
3281
3986
5564
5867
3968
2121
2015
2561
2318
1866
3198
5589
7103
7298
7949
9103
9265
8495
8965
10555
10902
8466
6331
5987
6440
4644
2152
747
-1779
-8455
-15866
-14537
-6247
-1156
-5108
-7464
-2277
2819
-838
-6655
-4819
171
-208
-3749
-1284
5420
6997
1527
-2875
-1146
1700
-136
-3535
-2505
2996
6134
5406
3638
3213
1978
-619
-2526
-3531
-3905
-3905
-2597
-2051
-2853
-3821
-4360
-5956
-9003
-10350
-8685
-6362
-5751
-5369
-2568
-133
-1815
-6737
-8724
-6688
-5358
-6550
-6665
-3196
-559
-1245
-3255
-2983
-1855
-2565
-4604
-4622
-1146
2341
2550
1041
1511
2888
1038
-3097
-4436
-1984
135
-278
-355
1121
2361
1268
-584
-1193
-392
708
1310
2342
3960
5312
4975
3554
2890
2984
2717
1605
1607
3506
5778
6628
6192
6593
7639
8159
7445
7726
10032
12178
11720
9265
7820
7885
7542
5723
3467
2628
1024
-3923
-10720
-11693
-4200
2735
1250
-4246
-2656
2595
1900
-5132
-6922
-992
3223
1006
-844
3700
8161
5075
-2326
-4517
-342
1997
-1032
-3284
513
6253
7073
4164
1695
1114
-85
-1501
-2040
-1873
-1536
-982
-88
-648
-2510
-4411
-5452
-6696
-8475
-8643
-6149
-2699
-1823
-3349
-4438
-3795
-3680
-5701
-7434
-6539
-4084
-2991
-3182
-3031
-2230
-2359
-3816
-5523
-5921
-4955
-3372
-2336
-1591
-623
305
11
-1631
-2978
-3027
-2077
-1433
-989
-520
143
91
-814
-1981
-2416
-2125
-1502
-532
903
2252
2857
3000
2993
2540
1442
773
1238
2410
3286
3898
4361
4599
4709
4916
5024
4854
5335
6944
8565
8381
6851
5795
6158
6310
5274
3710
3336
2213
-1889
-7411
-7748
-1493
3963
2774
-1364
-605
2325
1145
-4073
-4979
-141
4066
3551
2553
5113
7675
5373
-81
-2543
-633
1339
959
834
3065
5574
5217
3061
729
-996
-2477
-2300
-656
450
105
-29
1006
710
-2387
-5980
-6825
-5557
-5184
-5699
-5282
-3150
-1899
-2743
-4694
-5429
-4857
-4267
-4486
-4304
-2549
-403
-1
-1483
-2556
-2261
-1778
-2494
-3201
-2728
-925
430
595
-369
-1228
-1575
-1617
-1719
-1612
-703
93
40
-1289
-2558
-3295
-3582
-3896
-3990
-3221
-1822
-391
410
790
897
500
-216
-897
-634
321
1688
2807
3471
4039
4726
5404
5154
4343
3961
4678
5525
5317
4217
3286
3374
3617
2939
1269
-85
-2001
-5438
-9219
-7982
-2056
2738
1288
-2239
-2237
-376
-1398
-4589
-4089
485
4211
4444
4659
7138
8642
5867
1694
856
3191
4459
4256
5009
7025
7386
5536
4011
2839
674
-2002
-1664
1162
2529
839
-703
-1
46
-2796
-6099
-6223
-4551
-4512
-5636
-5186
-3117
-2565
-4102
-5551
-5513
-4698
-3794
-2527
-935
484
1263
1208
550
-93
-190
-121
-43
496
1503
2326
2279
1895
1309
598
-236
-525
-200
300
609
556
391
-184
-1255
-2703
-3690
-3569
-2912
-2307
-1864
-1053
-487
-725
-1445
-1808
-1600
-1498
-1110
-228
1295
2639
3500
3910
3864
3658
3369
3647
4079
4357
3697
2991
2802
2948
2095
434
-1199
-3021
-5597
-7415
-5825
-2539
-1070
-2945
-4522
-4696
-4859
-6133
-6101
-3678
-1379
-1151
-1318
425
2411
1942
-99
-146
2221
4187
4339
4824
6458
7294
5800
3946
3515
3285
2054
1138
2496
4442
4237
1943
-18
-579
-1329
-2723
-3845
-3552
-2758
-2011
-1613
-1630
-2722
-4463
-5589
-5395
-4388
-3183
-1839
-355
754
885
5
-1215
-1758
-1354
-322
826
2079
3257
3803
3464
2608
1994
1686
1722
1917
2404
2821
3009
2745
2003
745
-847
-2240
-2978
-2690
-1632
-313
462
479
-50
-859
-1746
-2304
-1803
-502
799
1446
1890
2412
2595
2007
951
657
1428
2793
3284
3153
3217
3879
3792
2440
797
-710
-2527
-4280
-3467
-690
1065
-782
-3250
-4173
-3950
-4865
-5674
-4631
-2415
-1317
-1553
-1393
-1006
-1602
-3105
-3079
-1422
3
186
1150
3400
4536
2841
439
-178
214
-33
-292
1057
2781
2800
1263
406
332
-519
-2240
-2663
-1177
155
-107
-856
-908
-1307
-2892
-4481
-4411
-3312
-2454
-1896
-861
225
385
-331
-996
-977
-479
277
1046
1855
2637
3235
3280
2688
1997
1551
1535
1768
2344
2893
3134
2868
2348
1678
836
-236
-1367
-1882
-1451
-390
88
-249
-923
-1262
-1444
-1472
-1109
-331
470
1098
1711
2091
1839
1154
870
1230
1544
1421
1556
2531
3679
3806
2967
1830
613
-1049
-2225
-1823
-259
397
-368
-1161
-1290
-1792
-3184
-3863
-2982
-1766
-1627
-1721
-1220
-821
-1491
-2259
-2036
-1450
-1546
-1771
-838
670
1287
743
368
471
346
-205
-161
725
1341
1192
1069
1495
1429
286
-976
-1145
-685
-559
-758
-633
-383
-754
-1603
-2130
-2003
-1789
-1753
-1596
-1071
-580
-410
-408
-206
190
613
1013
1424
1901
2382
2805
2986
2903
2698
2609
2585
2533
2502
2613
2701
2483
2026
1589
1213
605
-150
-651
-613
-348
-296
-494
-663
-614
-485
-450
-497
-466
-258
95
511
870
1114
1290
1378
1222
818
477
461
567
515
405
316
-114
-1044
-1749
-1595
-1173
-1506
-2319
-2574
-2318
-2605
-3507
-3920
-3529
-3360
-3866
-4127
-3604
-3217
-3650
-4067
-3590
-2891
-2934
-3172
-2530
-1432
-1114
-1435
-1221
-370
25
-251
-217
488
1054
1078
1155
1583
1823
1609
1466
1690
1869
1734
1598
1656
1638
1370
1045
821
593
290
8
-228
-409
-457
-360
-293
-330
-280
-32
283
578
1026
1614
2094
2410
2834
3314
3463
3312
3379
3854
4223
4288
4401
4771
4944
4629
4212
4061
3972
3676
3442
3557
3818
3739
3339
2949
2736
2559
2281
1950
1658
1462
1264
910
319
-246
-548
-746
-1242
-1943
-2335
-2427
-2792
-3517
-3835
-3586
-3722
-4800
-5786
-5720
-5341
-5766
-6462
-6190
-5391
-5514
-6503
-6866
-6313
-6012
-6271
-5916
-4668
-3900
-4243
-4434
-3510
-2497
-2498
-2754
-2052
-881
-406
-414
34
761
915
678
894
1440
1558
1409
1723
2291
2220
1540
1148
1262
1232
873
666
682
416
-170
-545
-596
-820
-1286
-1441
-1090
-754
-742
-636
-152
357
507
579
981
1595
2077
2491
3109
3782
4157
4264
4507
4942
5230
5264
5377
5738
6063
6123
6113
6269
6433
6396
6294
6296
6219
5847
5447
5276
5079
4532
3896
3564
3212
2395
1526
1285
1301
686
-436
-1215
-1668
-2478
-3381
-3477
-3109
-3563
-4766
-5271
-4861
-5030
-6238
-6984
-6418
-5823
-6252
-6733
-6246
-5565
-5692
-5943
-5361
-4584
-4592
-4691
-3684
-2186
-1726
-2195
-2122
-1246
-778
-1169
-1366
-802
-308
-553
-953
-859
-711
-1099
-1645
-1658
-1337
-1327
-1599
-1583
-1245
-1218
-1779
-2402
-2566
-2467
-2532
-2648
-2362
-1725
-1287
-1304
-1382
-1109
-638
-268
101
768
1636
2311
2692
3050
3495
3815
3920
4097
4593
5168
5430
5351
5275
5377
5480
5412
5280
5315
5581
5932
6120
5994
5655
5372
5265
5171
4878
4480
4212
4010
3629
3098
2657
2259
1658
1007
622
236
-722
-1894
-2172
-1552
-1497
-2712
-3908
-3871
-3462
-4039
-5040
-5065
-4379
-4306
-4772
-4637
-4133
-4483
-5338
-5031
-3669
-3224
-4074
-4159
-2513
-1061
-1362
-2064
-1415
-168
76
-269
122
847
679
45
267
1021
827
-247
-704
-246
-126
-801
-1245
-942
-783
-1414
-2236
-2604
-2830
-3272
-3563
-3341
-2960
-2859
-2916
-2890
-2876
-2896
-2649
-2004
-1269
-654
23
868
1555
1848
1999
2335
2845
3341
3844
4404
4826
4944
4960
5083
5165
4971
4697
4784
5248
5598
5462
5065
4893
4989
4929
4467
3946
3772
3803
3582
3010
2370
1800
1189
593
162
-354
-1273
-2160
-2151
-1452
-1390
-2491
-3631
-3741
-3378
-3590
-4159
-4196
-3705
-3359
-3243
-3051
-3074
-3658
-4141
-3674
-2820
-2811
-3461
-3437
-2483
-1805
-2068
-2490
-2329
-1876
-1583
-1300
-944
-879
-1065
-931
-446
-359
-899
-1267
-961
-535
-548
-634
-333
80
70
-301
-614
-815
-1005
-1047
-808
-520
-441
-422
-273
-205
-466
-769
-649
-93
469
805
1078
1431
1757
1893
1934
2089
2387
2727
3036
3302
3520
3654
3668
3593
3531
3541
3619
3741
3891
4009
3993
3913
3958
4090
4008
3665
3420
3468
3500
3119
2441
1928
1668
1386
897
206
-602
-1327
-1620
-1493
-1559
-2242
-3126
-3562
-3609
-3819
-4298
-4561
-4307
-3828
-3508
-3431
-3535
-3707
-3750
-3504
-3142
-2988
-2987
-2758
-2167
-1586
-1417
-1535
-1455
-1003
-532
-426
-573
-548
-208
120
58
-355
-771
-928
-854
-777
-857
-989
-929
-663
-615
-1110
-1812
-2064
-1734
-1388
-1450
-1638
-1463
-934
-549
-561
-713
-579
-24
653
1126
1395
1707
2169
2594
2792
2879
3118
3522
3873
4013
4000
4014
4134
4244
4186
4010
3952
4071
4097
3829
3438
3252
3272
3208
2934
2584
2322
2126
1866
1442
866
300
-52
-273
-662
-1308
-1951
-2382
-2718
-3082
-3357
-3443
-3533
-3815
-4187
-4402
-4443
-4421
-4323
-4071
-3735
-3419
-3112
-2781
-2536
-2448
-2355
-2112
-1808
-1584
-1382
-1019
-494
-90
7
-37
100
477
831
910
782
675
657
571
325
43
-98
-53
95
199
121
-95
-262
-310
-435
-716
-944
-851
-505
-227
-120
-18
200
447
642
814
1102
1566
2114
2562
2805
2948
3149
3428
3665
3765
3791
3845
3941
4011
3969
3833
3681
3567
3480
3347
3185
3044
2874
2602
2242
1930
1709
1436
1090
771
522
231
-175
-673
-1197
-1701
-2153
-2503
-2835
-3308
-3821
-4125
-4219
-4365
-4698
-4948
-4914
-4771
-4767
-4846
-4778
-4545
-4270
-3987
-3722
-3558
-3467
-3251
-2814
-2385
-2229
-2210
-2055
-1761
-1535
-1430
-1291
-1036
-750
-517
-364
-290
-210
-22
225
349
280
178
202
294
313
275
363
557
720
741
672
654
719
828
907
960
1074
1363
1788
2172
2455
2708
2960
3189
3407
3679
3970
4170
4307
4497
4735
4941
5093
5224
5304
5243
5123
5132
5232
5185
4948
4716
4661
4613
4325
3870
3409
2989
2594
2221
1761
1202
584
-13
-512
-1059
-1757
-2470
-3013
-3301
-3553
-4061
-4700
-5150
-5314
-5442
-5708
-5922
-5906
-5745
-5641
-5631
-5631
-5646
-5669
-5514
-5150
-4856
-4800
-4752
-4475
-4134
-4032
-4069
-3878
-3468
-3098
-2869
-2661
-2408
-2125
-1804
-1470
-1227
-1150
-1083
-873
-693
-688
-682
-497
-194
-52
-102
-109
26
178
237
265
365
612
965
1326
1653
1913
2143
2435
2768
3067
3298
3533
3876
4238
4485
4672
4921
5223
5448
5485
5436
5488
5629
5736
5733
5662
5685
5785
5811
5650
5301
4946
4761
4632
4346
3935
3473
3023
2584
2076
1478
811
205
-130
-340
-825
-1599
-2283
-2652
-2971
-3469
-3935
-4130
-4160
-4251
-4389
-4473
-4631
-4922
-5032
-4834
-4656
-4741
-4850
-4692
-4463
-4492
-4627
-4511
-4214
-3997
-3838
-3559
-3233
-2987
-2741
-2408
-2108
-2018
-1971
-1770
-1583
-1566
-1578
-1402
-1118
-1009
-1066
-1073
-980
-896
-857
-784
-643
-428
-147
171
453
640
832
1108
1369
1548
1696
1978
2385
2703
2877
3019
3218
3430
3571
3599
3591
3635
3736
3815
3808
3749
3742
3807
3875
3885
3811
3733
3717
3694
3563
3304
2968
2676
2433
2153
1811
1448
1128
822
438
-36
-501
-916
-1293
-1642
-1926
-2173
-2419
-2657
-2852
-2992
-3115
-3256
-3360
-3372
-3390
-3430
-3428
-3386
-3362
-3418
-3453
-3337
-3135
-2976
-2862
-2668
-2372
-2083
-1835
-1592
-1353
-1158
-1013
-844
-681
-572
-472
-326
-136
15
90
151
212
272
364
510
701
899
1133
1390
1605
1747
1881
2047
2159
2180
2210
2347
2515
2581
2571
2596
2630
2571
2449
2391
2378
2302
2188
2161
2186
2089
1860
1715
1734
1727
1596
1478
1453
1354
1080
792
638
453
83
-244
-319
-351
-674
-1187
-1502
-1594
-1752
-2041
-2212
-2201
-2248
-2403
-2483
-2465
-2573
-2776
-2774
-2540
-2402
-2507
-2608
-2519
-2397
-2395
-2409
-2322
-2226
-2193
-2120
-1986
-1945
-2030
-2029
-1839
-1641
-1575
-1548
-1440
-1316
-1261
-1217
-1117
-977
-849
-701
-513
-373
-303
-230
-97
67
239
480
786
1088
1341
1586
1866
2171
2459
2719
2981
3274
3584
3850
4054
4213
4337
4430
4470
4463
4448
4411
4310
4166
4061
3946
3722
3388
3068
2831
2597
2308
2013
1745
1425
1029
654
370
49
-398
-802
-994
-1129
-1464
-1968
-2331
-2453
-2557
-2771
-2935
-2946
-2943
-3037
-3129
-3137
-3180
-3300
-3320
-3149
-2972
-2974
-3043
-2979
-2824
-2741
-2721
-2627
-2453
-2331
-2282
-2225
-2163
-2171
-2214
-2191
-2076
-1961
-1896
-1826
-1731
-1637
-1592
-1558
-1487
-1373
-1254
-1122
-947
-727
-505
-325
-149
74
353
633
888
1156
1467
1798
2112
2412
2696
2950
3168
3387
3632
3872
4058
4214
4362
4490
4548
4510
4429
4353
4273
4169
4052
3912
3749
3548
3322
3081
2815
2524
2234
1938
1625
1306
994
678
338
6
-276
-507
-763
-1055
-1343
-1588
-1829
-2102
-2375
-2601
-2776
-2932
-3053
-3118
-3148
-3177
-3199
-3202
-3192
-3192
-3206
-3194
-3139
-3039
-2914
-2771
-2621
-2487
-2365
-2263
-2174
-2103
-2040
-1950
-1835
-1713
-1605
-1506
-1402
-1304
-1227
-1163
-1083
-971
-846
-720
-586
-428
-270
-130
-7
126
268
400
531
672
830
991
1158
1331
1512
1676
1813
1938
2070
2198
2323
2457
2595
2750
2896
3022
3122
3197
3239
3249
3250
3237
3202
3146
3077
2999
2879
2706
2508
2302
2082
1825
1531
1240
955
653
307
-48
-375
-684
-985
-1275
-1534
-1739
-1926
-2118
-2299
-2457
-2583
-2687
-2772
-2815
-2804
-2763
-2720
-2658
-2575
-2482
-2393
-2308
-2198
-2057
-1918
-1796
-1689
-1581
-1476
-1385
-1308
-1221
-1107
-984
-873
-781
-706
-650
-611
-580
-553
-506
-443
-363
-265
-161
-63
23
104
193
290
400
522
673
855
1051
1238
1425
1612
1796
1967
2128
2278
2420
2554
2669
2771
2846
2900
2927
2940
2930
2879
2782
2652
2507
2332
2125
1908
1686
1478
1264
1019
755
471
182
-131
-441
-727
-967
-1167
-1346
-1513
-1664
-1817
-1976
-2134
-2281
-2392
-2473
-2525
-2541
-2524
-2492
-2475
-2460
-2423
-2372
-2309
-2241
-2151
-2034
-1906
-1785
-1672
-1558
-1430
-1300
-1177
-1046
-917
-790
-672
-565
-462
-373
-287
-197
-98
0
88
165
243
320
377
421
469
534
618
700
787
883
987
1087
1171
1258
1350
1454
1561
1666
1769
1879
1980
2064
2145
2210
2259
2294
2323
2345
2349
2335
2299
2255
2201
2126
2029
1913
1781
1634
1463
1287
1109
931
752
569
386
203
5
-193
-392
-598
-795
-980
-1156
-1323
-1478
-1628
-1781
-1926
-2057
-2172
-2277
-2365
-2425
-2473
-2507
-2538
-2554
-2564
-2558
-2539
-2502
-2446
-2373
-2289
-2193
-2079
-1961
-1842
-1727
-1599
-1459
-1311
-1159
-1009
-856
-695
-546
-409
-277
-151
-22
102
220
340
453
561
666
762
849
927
1005
1074
1137
1197
1263
1319
1370
1422
1465
1509
1542
1576
1616
1654
1685
1713
1739
1767
1787
1797
1803
1799
1794
1779
1764
1750
1727
1698
1660
1611
1551
1483
1399
1305
1211
1101
996
883
767
634
497
359
210
61
-94
-239
-381
-511
-644
-769
-887
-1011
-1125
-1234
-1325
-1407
-1483
-1540
-1584
-1616
-1644
-1662
-1671
-1677
-1669
-1650
-1619
-1574
-1521
-1460
-1405
-1341
-1274
-1207
-1141
-1072
-993
-913
-828
-738
-647
-558
-473
-396
-321
-254
-189
-131
-68
-6
47
100
147
190
223
256
280
305
331
347
361
375
380
378
373
366
367
362
353
348
351
345
341
336
326
320
316
311
305
307
310
321
335
352
364
377
390
406
419
429
446
460
480
498
504
510
518
513
502
498
489
478
456
430
400
365
330
297
263
225
188
151
114
85
53
20
-1
-24
-43
-58
-71
-76
-76
-76
-67
-43
-29
-9
9
23
52
66
75
91
105
117
124
123
122
116
101
83
59
38
13
-20
-52
-93
-132
-181
-223
-261
-308
-348
-394
-432
-465
-499
-534
-564
-590
-607
-629
-642
-652
-667
-668
-674
-674
-665
-659
-653
-642
-637
-629
-614
-610
-590
-581
-571
-548
-532
-516
-495
-474
-452
-425
-399
-369
-331
-293
-244
-195
-148
-101
-43
23
85
152
218
283
350
412
475
542
597
652
706
751
801
847
885
923
951
978
999
1013
1024
1031
1033
1029
1012
996
984
959
933
903
862
819
770
723
674
617
565
502
437
372
302
242
178
112
48
-24
-87
-144
-202
-255
-313
-367
-419
-462
-497
-529
-569
-599
-627
-653
-669
-679
-687
-694
-712
-723
-729
-740
-735
-742
-744
-748
-746
-736
-728
-728
-722
-712
-706
-682
-670
-643
-608
-588
-550
-511
-466
-420
-368
-312
-257
-200
-141
-78
-22
41
104
166
225
284
341
395
443
486
533
575
612
651
678
702
724
741
758
766
772
773
774
768
756
739
719
700
673
647
624
589
552
509
467
424
378
329
281
229
176
120
65
14
-40
-81
-143
-199
-241
-290
-334
-380
-426
-466
-500
-527
-554
-579
-599
-623
-644
-666
-674
-691
-695
-703
-714
-699
-697
-685
-673
-667
-648
-634
-616
-592
-566
-536
-503
-467
-424
-374
-325
-276
-218
-164
-108
-55
1
63
116
173
228
282
335
380
430
469
511
548
584
625
643
673
690
706
727
733
740
739
745
744
723
716
697
684
655
624
595
561
529
478
448
396
349
311
255
224
175
130
93
46
8
-47
-83
-131
-175
-208
-257
-282
-324
-352
-388
-427
-450
-494
-521
-556
-590
-611
-648
-664
-688
-707
-725
-757
-767
-786
-791
-801
-805
-789
-786
-764
-750
-726
-694
-672
-630
-600
-559
-517
-474
-411
-359
-292
-231
-169
-101
-44
31
94
156
223
283
352
410
470
527
574
632
673
718
759
790
828
847
880
900
917
932
935
946
943
937
930
910
902
869
848
821
782
750
697
664
606
552
502
437
394
326
279
223
163
118
48
5
-66
-120
-167
-230
-265
-330
-365
-411
-450
-473
-522
-550
-603
-630
-658
-698
-713
-755
-773
-801
-824
-834
-871
-879
-907
-915
-917
-927
-913
-923
-900
-882
-865
-833
-814
-776
-755
-713
-670
-629
-573
-524
-456
-403
-335
-265
-204
-132
-67
6
70
139
206
269
340
399
468
525
583
631
671
721
754
802
834
870
903
923
942
950
966
963
968
968
961
953
928
914
883
857
824
781
750
698
659
603
553
506
444
399
339
283
232
173
120
54
5
-52
-102
-148
-200
-236
-284
-321
-366
-405
-439
-489
-519
-555
-578
-607
-636
-655
-678
-689
-708
-725
-738
-744
-746
-754
-750
-746
-730
-720
-712
-697
-677
-655
-637
-605
-574
-545
-509
-477
-435
-402
-367
-326
-288
-244
-207
-164
-128
-88
-54
-25
16
53
94
129
162
194
220
243
272
308
344
383
414
441
466
484
505
522
537
559
577
591
589
588
586
581
574
569
566
554
540
522
500
475
445
423
400
379
355
322
285
248
214
179
147
122
96
65
35
-3
-36
-62
-92
-117
-146
-173
-198
-222
-251
-278
-293
-313
-325
-340
-358
-367
-379
-390
-400
-398
-395
-396
-390
-390
-388
-377
-370
-366
-345
-329
-311
-291
-281
-268
-254
-241
-224
-203
-179
-163
-150
-131
-118
-114
-98
-80
-59
-38
-22
-6
5
13
27
47
74
100
129
151
173
195
205
217
240
263
283
294
308
319
322
325
328
329
338
343
343
343
331
319
301
295
289
277
264
247
228
202
177
151
131
114
91
74
53
25
5
-18
-41
-57
-73
-93
-111
-126
-144
-163
-180
-189
-203
-215
-226
-234
-239
-248
-259
-261
-262
-261
-259
-262
-259
-260
-256
-251
-241
-229
-220
-204
-194
-189
-179
-166
-154
-140
-128
-114
-99
-87
-80
-71
-63
-50
-35
-22
-12
2
7
20
31
38
57
71
84
96
113
126
134
145
153
168
176
183
194
196
202
205
201
204
206
206
214
220
215
209
209
202
199
192
183
175
165
158
147
132
108
94
86
71
54
39
24
6
-4
-23
-39
-52
-63
-73
-82
-96
-103
-111
-128
-140
-149
-156
-166
-171
-178
-178
-180
-184
-188
-188
-192
-194
-194
-190
-187
-184
-173
-171
-163
-156
-152
-140
-137
-124
-116
-110
-96
-84
-77
-66
-50
-42
-34
-23
-12
-3
10
16
26
41
50
61
71
80
90
103
115
124
134
148
154
161
169
175
180
185
191
194
195
192
191
193
189
184
184
178
166
161
153
146
134
120
108
97
87
71
56
39
30
17
9
-6
-20
-31
-48
-60
-73
-81
-90
-100
-107
-112
-119
-127
-139
-145
-146
-151
-156
-156
-158
-157
-157
-154
-149
-149
-148
-143
-138
-137
-129
-124
-113
-110
-106
-96
-93
-88
-80
-68
-67
-60
-49
-46
-39
-36
-28
-18
-8
3
9
17
24
29
35
46
57
64
66
73
82
82
90
95
95
101
106
111
110
108
109
107
106
106
103
105
106
106
104
96
94
90
90
84
76
72
67
63
59
51
44
42
38
34
28
20
12
11
-1
-6
-9
-16
-18
-23
-28
-35
-36
-38
-43
-44
-47
-49
-53
-53
-52
-54
-56
-57
-57
-53
-58
-53
-50
-53
-49
-50
-49
-53
-52
-55
-51
-46
-50
-47
-50
-52
-52
-51
-45
-45
-47
-47
-40
-38
-36
-35
-29
-24
-27
-21
-20
-15
-13
-14
-10
-5
-2
-4
1
10
12
14
16
18
21
25
29
31
32
35
35
38
40
38
36
40
42
41
44
46
43
41
41
38
36
37
36
35
32
32
30
29
25
21
17
22
26
22
19
17
16
13
16
13
14
17
12
6
2
6
5
2
0
-1
4
0
-1
-4
-7
-6
-3
-6
-8
-8
-12
-9
-11
-13
-13
-14
-16
-18
-20
-19
-22
-22
-26
-27
-21
-21
-24
-28
-22
-24
-29
-24
-23
-24
-23
-22
-25
-22
-20
-18
-18
-11
-11
-14
-8
-8
-6
-10
-6
-4
-6
-1
1
-1
1
4
6
1
7
9
12
12
11
12
17
17
13
12
15
20
16
18
18
19
18
16
17
22
25
22
18
21
18
16
19
19
19
18
19
19
16
14
13
9
7
10
12
8
12
10
6
7
7
6
-1
2
4
1
-1
-2
-3
-2
-3
-8
-9
-10
-12
-14
-14
-18
-21
-20
-20
-21
-21
-20
-21
-23
-26
-23
-19
-26
-22
-21
-21
-18
-19
-18
-16
-14
-10
-10
-12
-11
-12
-8
-2
-5
-2
0
-3
-4
-6
-4
-1
-3
1
4
-1
0
1
2
2
1
5
6
7
9
6
12
12
12
13
14
17
16
14
14
15
10
13
15
18
19
15
14
15
