12
37
43
29
2
-25
-41
-38
-17
14
38
43
30
3
-26
-44
-43
-21
10
38
48
39
18
-15
-41
-50
-38
-11
17
39
44
33
9
-17
-33
-37
-26
-7
11
25
28
23
12
-5
-16
-21
-21
-15
-4
6
14
19
18
13
1
-9
-19
-23
-18
-8
8
19
20
16
2
-10
-20
-21
-10
4
16
17
13
2
-10
-15
-10
0
13
22
19
10
-6
-18
-25
-20
-7
8
19
23
18
6
-8
-19
-26
-25
-18
-6
7
16
25
27
21
5
-14
-29
-36
-27
-8
16
35
46
42
22
-10
-37
-48
-42
-24
2
31
42
38
20
-7
-28
-39
-38
-22
2
26
36
30
15
-1
-15
-18
-12
2
15
19
15
0
-12
-18
-15
-1
14
24
18
2
-23
-44
-46
-30
2
35
54
52
29
-10
-46
-65
-54
-17
28
63
73
60
27
-13
-44
-56
-47
-22
2
19
20
15
8
4
2
4
2
-9
-30
-47
-49
-33
-4
34
67
82
69
30
-18
-53
-66
-61
-34
7
52
79
73
40
-1
-37
-65
-75
-64
-27
19
52
52
29
0
-30
-58
-68
-45
4
56
79
66
38
7
-27
-54
-58
-28
21
56
64
51
30
8
-21
-48
-59
-42
-18
-5
-5
2
20
27
12
-14
-27
-27
-27
-29
-15
21
56
64
43
9
-10
-20
-26
-22
2
39
58
41
2
-24
-36
-42
-41
-30
-4
21
21
3
-15
-17
-11
-13
-16
-9
11
23
20
14
15
23
17
0
-13
-5
9
18
20
19
15
-2
-34
-58
-56
-28
7
32
46
44
18
-28
-73
-80
-44
13
65
94
95
56
-7
-72
-99
-70
-10
48
84
85
51
-12
-74
-100
-74
-15
39
65
62
33
-9
-49
-64
-35
18
60
69
53
27
-1
-29
-46
-42
-18
4
7
2
3
12
14
0
-22
-36
-40
-39
-32
-6
35
64
61
30
-3
-18
-17
-10
9
37
55
38
-3
-39
-51
-35
-10
7
20
22
2
-30
-60
-58
-28
2
18
22
18
13
4
-2
6
25
37
30
7
-13
-18
-15
-7
3
16
19
3
-24
-44
-41
-24
-5
12
24
29
19
2
-12
-9
9
31
42
43
34
18
-10
-36
-46
-35
-15
-2
-3
-20
-38
-59
-73
-64
-31
14
47
52
34
5
-18
-23
-1
44
95
122
106
51
-16
-64
-80
-56
-11
32
41
10
-55
-122
-157
-141
-76
4
65
81
51
-4
-52
-62
-19
59
133
168
146
78
1
-55
-63
-25
31
73
68
15
-69
-141
-168
-138
-68
9
54
49
6
-50
-85
-71
-10
74
137
157
126
61
-1
-33
-19
28
79
100
77
12
-62
-115
-123
-89
-32
18
37
13
-36
-81
-93
-63
0
65
104
105
70
21
-15
-17
15
62
94
91
51
-5
-55
-76
-66
-31
6
26
12
-27
-70
-88
-74
-34
13
50
62
43
7
-28
-39
-20
17
52
66
54
19
-22
-56
-70
-57
-28
-2
7
-2
-21
-43
-59
-56
-40
-14
12
30
37
30
22
14
8
6
10
14
19
21
14
1
-18
-40
-61
-72
-71
-60
-40
-23
-14
-15
-22
-30
-27
-13
17
50
80
95
94
79
55
35
21
20
26
27
18
-4
-34
-65
-93
-109
-111
-97
-76
-55
-36
-21
-7
-1
11
26
49
78
106
128
138
132
109
79
51
27
13
3
-7
-20
-42
-68
-91
-108
-108
-86
-56
-23
7
21
32
43
56
77
101
113
118
108
80
43
3
-32
-61
-87
-119
-154
-193
-225
-251
-262
-252
-225
-190
-156
-125
-96
-63
-25
17
64
108
140
150
139
117
83
46
8
-28
-63
-106
-155
-206
-252
-285
-295
-288
-261
-220
-171
-117
-63
-3
62
135
208
278
334
374
396
400
388
366
335
298
251
200
146
93
44
0
-31
-49
-54
-46
-23
6
46
90
137
187
236
278
311
332
343
343
331
307
272
225
170
110
44
-19
-81
-135
-183
-220
-247
-264
-272
-270
-261
-242
-217
-186
-154
-124
-97
-74
-62
-57
-60
-72
-89
-111
-139
-168
-205
-239
-271
-300
-322
-334
-334
-327
-310
-283
-247
-204
-159
-109
-58
-11
34
72
103
127
141
147
143
130
110
85
55
23
-6
-35
-58
-71
-78
-75
-65
-46
-16
23
67
116
173
228
281
331
373
408
433
447
449
440
420
394
356
310
260
202
143
83
27
-30
-76
-116
-146
-165
-178
-180
-177
-168
-153
-136
-120
-103
-83
-70
-64
-62
-66
-79
-92
-115
-141
-169
-204
-235
-270
-301
-332
-356
-378
-397
-409
-418
-419
-419
-412
-400
-377
-353
-320
-280
-239
-189
-142
-92
-42
3
47
85
112
125
127
117
97
64
19
-29
-79
-130
-180
-221
-258
-281
-291
-293
-279
-255
-213
-164
-101
-30
47
139
231
326
413
499
576
641
696
734
758
761
759
733
694
643
584
520
441
367
286
219
147
88
42
6
-8
-10
11
40
97
160
243
332
421
517
602
686
741
779
782
760
704
608
480
318
133
-76
-292
-515
-734
-938
-1123
-1276
-1399
-1479
-1521
-1516
-1474
-1394
-1276
-1129
-950
-757
-549
-338
-131
71
255
417
550
652
717
751
749
711
640
542
421
282
130
-34
-190
-339
-482
-601
-696
-763
-800
-802
-777
-715
-624
-512
-378
-242
-94
42
174
294
394
480
540
592
620
642
647
645
638
615
579
533
496
442
389
335
293
268
251
261
281
335
405
493
589
690
813
931
1069
1198
1332
1456
1562
1655
1692
1686
1602
1446
1201
863
441
-71
-612
-1196
-1768
-2319
-2817
-3217
-3527
-3699
-3760
-3683
-3494
-3198
-2801
-2342
-1808
-1261
-674
-104
458
987
1466
1909
2263
2557
2745
2870
2900
2829
2668
2406
2084
1679
1233
730
209
-322
-841
-1324
-1782
-2164
-2505
-2757
-2935
-3018
-3020
-2955
-2796
-2579
-2269
-1930
-1542
-1124
-687
-242
172
577
931
1264
1523
1722
1856
1928
1949
1886
1767
1568
1357
1097
806
484
156
-142
-437
-683
-918
-1078
-1191
-1233
-1228
-1178
-1058
-914
-724
-555
-359
-173
23
199
334
466
576
715
831
938
1045
1177
1343
1516
1704
1895
2118
2384
2661
2954
3245
3533
3814
4043
4228
4283
4243
4025
3649
3060
2203
1201
23
-1112
-2318
-3437
-4497
-5436
-6097
-6571
-6691
-6688
-6360
-5876
-5170
-4299
-3391
-2311
-1348
-304
564
1449
2277
2987
3634
3996
4364
4492
4593
4468
4164
3761
3139
2555
1713
937
-1
-885
-1740
-2590
-3246
-3939
-4317
-4705
-4803
-4837
-4679
-4347
-3984
-3424
-2964
-2279
-1739
-1088
-583
-109
339
658
1045
1187
1402
1395
1474
1414
1303
1142
866
668
291
26
-391
-666
-985
-1253
-1466
-1677
-1702
-1757
-1636
-1577
-1394
-1223
-997
-753
-573
-353
-207
-8
89
212
309
413
504
558
654
728
867
992
1139
1274
1437
1661
1864
2103
2302
2559
2826
3114
3451
3747
4114
4387
4761
5054
5330
5561
5676
5864
5809
5775
5407
5013
4410
3522
2398
822
-534
-2032
-3210
-4554
-5773
-6711
-7433
-7579
-7796
-7495
-7166
-6340
-5384
-4374
-3074
-1910
-455
566
1702
2634
3619
4580
5082
5570
5642
5904
5822
5554
5023
4212
3515
2457
1487
185
-1026
-2254
-3461
-4452
-5497
-6103
-6702
-6910
-7026
-6876
-6414
-5875
-5077
-4415
-3481
-2632
-1701
-939
-355
177
515
886
1004
1100
1014
938
828
650
459
184
-58
-389
-723
-1118
-1501
-1870
-2243
-2603
-2913
-3114
-3200
-3178
-3070
-2868
-2586
-2217
-1815
-1389
-986
-594
-223
74
303
472
644
757
832
857
874
943
1014
1145
1227
1374
1561
1816
2133
2428
2815
3156
3604
3999
4447
4916
5314
5781
6095
6486
6687
6916
7048
7087
7096
6776
6486
5884
5295
4294
2943
1386
-327
-1705
-3219
-4512
-5910
-6932
-7605
-7975
-7968
-7907
-7330
-6656
-5584
-4454
-3141
-1684
-361
1002
2098
3297
4395
5410
6145
6528
6814
6894
6874
6472
5768
4826
3728
2565
1172
-310
-1927
-3497
-4945
-6269
-7331
-8176
-8709
-9003
-9008
-8665
-8035
-7138
-6155
-5084
-3933
-2688
-1402
-335
521
1090
1567
1918
2078
2052
1761
1478
1110
824
422
17
-420
-881
-1251
-1700
-2005
-2406
-2677
-3025
-3246
-3362
-3370
-3204
-3030
-2655
-2275
-1682
-1137
-528
36
558
1088
1448
1762
1863
1957
1935
1844
1675
1397
1182
954
882
810
830
911
1068
1419
1843
2472
3074
3732
4357
4992
5676
6310
6917
7408
7754
8010
8126
8237
8222
8077
7752
7113
6537
5700
4989
3723
2253
445
-1398
-2879
-4580
-5853
-7503
-8482
-9366
-9645
-9575
-9395
-8601
-7935
-6479
-5210
-3392
-1728
-107
1518
2703
4226
5266
6467
7063
7382
7500
7301
7206
6463
5652
4338
3090
1786
289
-1149
-2961
-4432
-6015
-7178
-8201
-9007
-9441
-9819
-9634
-9350
-8508
-7613
-6544
-5384
-4198
-2681
-1366
-5
806
1546
2050
2461
2715
2493
2230
1639
1287
691
184
-460
-1116
-1625
-2222
-2543
-2997
-3173
-3481
-3642
-3744
-3729
-3468
-3274
-2890
-2563
-1985
-1413
-803
-219
247
821
1241
1632
1789
1892
1915
1843
1710
1414
1135
806
589
400
347
343
462
680
1028
1566
2260
3043
3772
4528
5245
6044
6763
7403
7865
8174
8359
8422
8368
8252
7923
7470
6744
6056
5302
4528
3577
2073
474
-1473
-2798
-4313
-5515
-7026
-8259
-8885
-9296
-9013
-8999
-8135
-7417
-5945
-4489
-2725
-772
889
2724
3929
5424
6547
7656
8232
8276
8206
7837
7507
6685
5474
4023
2475
1158
-485
-2058
-3884
-5510
-6911
-8201
-9068
-9966
-10312
-10638
-10402
-9952
-9132
-8036
-6923
-5648
-4394
-2771
-1235
243
1215
1954
2546
3106
3352
3173
2685
2135
1668
1076
402
-476
-1153
-1872
-2432
-2977
-3400
-3738
-4052
-4262
-4421
-4296
-4120
-3833
-3546
-3088
-2413
-1679
-900
-274
376
1094
1745
2246
2441
2574
2583
2532
2282
1899
1451
967
596
261
165
180
373
734
1197
1967
2893
3984
4992
5944
6950
7875
8781
9424
9852
10017
10102
10072
9935
9549
9070
8446
7804
6974
6102
5167
4303
3428
1862
171
-2133
-3453
-4852
-6060
-7818
-9373
-9807
-10127
-9789
-10039
-9081
-8138
-6314
-4741
-2977
-776
1089
3289
4429
5902
6997
8104
8575
8279
7877
7210
6740
5575
3930
2076
358
-1018
-2876
-4640
-6652
-8158
-9383
-10548
-11268
-11981
-11977
-11950
-11336
-10583
-9397
-7914
-6512
-5010
-3622
-1781
-130
1336
2122
2611
3110
3449
3447
2837
2015
1242
548
-189
-1147
-2033
-2746
-3321
-3773
-4159
-4250
-4354
-4287
-4353
-4100
-3705
-3232
-2774
-2383
-1699
-989
-54
606
1241
1802
2508
3083
3326
3384
3287
3192
2887
2466
1871
1283
770
306
-26
-145
16
365
858
1503
2430
3615
4841
5956
6965
8019
8960
9777
10252
10426
10390
10279
10067
9678
9016
8284
7483
6649
5732
4724
3794
2951
2088
617
-1194
-3322
-4580
-5691
-6895
-8562
-9896
-10149
-10197
-9946
-9864
-8834
-7494
-5636
-3993
-2120
84
2135
4083
5211
6388
7416
8306
8537
7992
7264
6600
5963
4703
2895
1079
-448
-1774
-3503
-5266
-7042
-8344
-9436
-10483
-11204
-11706
-11643
-11414
-10810
-9948
-8640
-7063
-5523
-4026
-2482
-619
1152
2538
3297
3700
4162
4367
4212
3387
2374
1444
619
-254
-1385
-2332
-3163
-3609
-4112
-4361
-4499
-4413
-4263
-4171
-3823
-3401
-2762
-2294
-1721
-1149
-356
477
1165
1709
2177
2794
3251
3399
3249
3017
2745
2353
1825
1165
574
123
-219
-406
-418
-13
576
1388
2308
3437
4771
6129
7405
8438
9487
10336
11067
11394
11475
11328
11041
10722
10172
9487
8639
7838
6941
5991
4897
3820
2809
1763
154
-1949
-4182
-5681
-6841
-8176
-9841
-11150
-11354
-11182
-10727
-10369
-9066
-7358
-5175
-3235
-1162
1218
3464
5453
6589
7719
8597
9421
9395
8715
7704
6836
5937
4404
2380
287
-1425
-3033
-4962
-7066
-8991
-10466
-11631
-12750
-13570
-14033
-13866
-13419
-12623
-11530
-9933
-8063
-6211
-4423
-2621
-559
1361
2799
3570
3999
4371
4550
4165
3217
1986
955
-23
-1073
-2302
-3360
-4162
-4691
-5065
-5341
-5312
-5189
-4886
-4623
-4133
-3508
-2761
-2115
-1441
-689
176
1047
1738
2285
2770
3315
3693
3771
3523
3257
2904
2504
1919
1346
790
434
197
146
336
851
1683
2616
3719
4894
6276
7620
8864
9843
10695
11390
11818
11992
11819
11498
10975
10390
9675
8738
7874
6863
6022
4868
3882
2778
1837
824
-801
-2662
-4920
-6182
-7424
-8378
-9959
-11046
-11246
-10922
-10217
-9811
-8366
-6735
-4470
-2618
-558
1687
3776
5591
6531
7518
8180
8753
8594
7764
6757
5649
4718
3166
1264
-728
-2454
-3913
-5793
-7642
-9501
-10741
-11811
-12724
-13382
-13745
-13420
-12893
-11855
-10684
-9021
-7166
-5290
-3384
-1568
524
2349
3757
4490
4902
5284
5337
4940
3843
2623
1452
395
-668
-2021
-3106
-4086
-4600
-5024
-5209
-5227
-5134
-4782
-4493
-3808
-3186
-2341
-1685
-889
-79
794
1700
2341
2977
3427
4012
4357
4489
4274
3961
3645
3235
2749
2147
1595
1169
910
863
971
1471
2208
3139
4165
5304
6712
7991
9270
10138
11018
11632
12070
12217
11959
11589
10874
10271
9346
8447
7324
6244
5138
3974
2816
1649
636
-448
-1948
-4078
-6164
-7588
-8309
-9387
-10771
-11944
-11837
-11171
-10446
-9720
-8375
-6250
-4115
-1960
85
2525
4646
6280
7223
7951
8647
8991
8653
7509
6119
4940
3746
2045
-192
-2366
-4087
-5649
-7430
-9404
-10996
-12186
-12993
-13742
-14192
-14224
-13695
-12795
-11673
-10228
-8471
-6372
-4373
-2510
-646
1401
3244
4474
4993
5250
5469
5419
4730
3453
2034
777
-289
-1576
-2881
-4091
-4861
-5364
-5670
-5784
-5669
-5315
-4996
-4465
-3812
-2930
-2094
-1339
-625
171
1125
1936
2581
3015
3481
3971
4310
4332
4060
3782
3436
3087
2570
2037
1543
1208
1028
1006
1332
1909
2719
3599
4603
5838
7196
8480
9504
10378
11160
11717
12051
11890
11576
10929
10273
9376
8444
7342
6143
4945
3614
2448
1216
266
-765
-1811
-3569
-5459
-7137
-7915
-8615
-9719
-10926
-11356
-10717
-10009
-9244
-8388
-6589
-4596
-2503
-568
1607
3784
5546
6724
7448
8123
8612
8577
7805
6476
5219
4101
2732
874
-1296
-3039
-4547
-5909
-7592
-9071
-10291
-11088
-11699
-12120
-12176
-11899
-11230
-10350
-9164
-7738
-5992
-4179
-2532
-984
693
2407
3869
4652
5047
5159
5235
4884
4197
3033
1789
609
-506
-1581
-2749
-3644
-4429
-4788
-5120
-5065
-5003
-4709
-4392
-3858
-3198
-2511
-1763
-1078
-234
490
1271
1881
2490
2921
3338
3647
3840
3791
3606
3324
3091
2740
2321
1883
1546
1437
1487
1799
2185
2836
3576
4576
5664
6770
7866
8880
9837
10565
11227
11661
11798
11536
10969
10458
9787
8998
7743
6488
5030
3821
2508
1261
48
-1167
-2477
-4588
-6403
-7976
-8377
-9502
-10750
-11883
-11688
-10775
-10313
-9594
-8721
-6514
-4675
-2561
-743
1507
3661
5178
6353
7011
7958
8348
8166
7175
5858
4900
3725
2198
-29
-2083
-3632
-5100
-6619
-8466
-9714
-10763
-11384
-12039
-12304
-12099
-11622
-10834
-10027
-8742
-7219
-5390
-3800
-2399
-928
739
2370
3469
4009
4290
4505
4550
4125
3320
2223
1175
122
-958
-2004
-2970
-3679
-4330
-4723
-4994
-4923
-4736
-4497
-4177
-3711
-2964
-2262
-1523
-844
-34
744
1404
2005
2472
2978
3279
3508
3516
3424
3276
3065
2802
2346
1979
1683
1581
1572
1717
2078
2627
3325
4170
5134
6164
7188
8257
9240
10124
10849
11406
11751
11718
11455
10956
10483
9694
8612
7246
5777
4496
3082
1795
397
-776
-2253
-4321
-6273
-7765
-8147
-9097
-10321
-11460
-11301
-10320
-9797
-9118
-8313
-6220
-4436
-2477
-694
1466
3679
5135
6364
7009
8121
8695
8654
7703
6405
5485
4410
2894
594
-1567
-3254
-4760
-6370
-8194
-9465
-10424
-11072
-11731
-11957
-11547
-10958
-10193
-9477
-8210
-6689
-4931
-3480
-2291
-1030
423
1907
2821
3329
3547
3927
3987
3658
2964
2168
1419
480
-441
-1405
-2080
-2763
-3395
-3904
-4189
-4113
-4066
-3975
-3868
-3370
-2654
-2013
-1472
-870
9
829
1467
1846
2347
2828
3175
3186
3091
3007
2910
2703
2240
1872
1616
1532
1400
1380
1600
2113
2688
3278
3815
4722
5865
6979
7823
8589
9586
10656
11395
11687
11763
11808
11704
11228
10378
9182
7885
6398
4907
3209
1778
372
-1163
-3594
-5981
-7619
-8043
-8828
-10366
-11588
-11532
-10358
-9938
-9508
-8805
-6812
-5185
-3502
-2038
40
2133
3612
4791
5568
6900
7766
8166
7531
6701
6097
5428
4049
1899
-188
-1825
-3467
-5365
-7475
-8917
-10036
-10901
-11852
-12202
-11824
-11195
-10370
-9635
-8240
-6685
-4844
-3503
-2317
-1133
261
1487
2133
2445
2632
3003
2920
2505
1772
1184
591
-163
-1039
-1861
-2374
-2926
-3461
-4025
-4200
-4142
-4075
-4124
-4080
-3581
-2908
-2273
-1879
-1275
-465
455
1032
1383
1818
2325
2690
2649
2538
2428
2430
2128
1682
1285
1117
1044
832
740
892
1415
1930
2394
2818
3683
4857
5884
6755
7571
8850
10089
11039
11593
12019
12467
12581
12391
11660
10710
9444
8058
6434
4659
3065
1509
-435
-3134
-5601
-7057
-7650
-8748
-10324
-11224
-10765
-9867
-9454
-9056
-7853
-6148
-4637
-3300
-1786
157
1831
3128
4018
5024
6175
7113
7406
7086
6692
6464
5965
4674
2898
1242
-181
-1884
-3972
-5988
-7477
-8706
-9937
-11027
-11431
-11236
-10710
-10071
-9191
-7832
-6159
-4452
-3045
-1800
-494
806
1811
2274
2533
2743
2849
2517
1898
1283
706
143
-646
-1371
-2052
-2391
-2783
-3121
-3489
-3566
-3441
-3345
-3223
-3119
-2583
-2112
-1562
-1198
-563
130
748
1171
1463
1947
2227
2383
2235
2169
2101
1910
1550
1116
882
706
657
541
584
838
1256
1732
2110
2686
3452
4356
5090
5859
6859
7987
8993
9706
10440
11146
11683
11812
11532
10987
10141
9191
7847
6334
4649
3069
1021
-1725
-4376
-6070
-6851
-8228
-9908
-10910
-10328
-9531
-9206
-8892
-7572
-5742
-4398
-3326
-2013
-188
1182
2033
2652
3503
4464
5214
5498
5329
5035
5022
4867
4002
2482
1123
41
-1357
-3410
-5399
-6817
-8003
-9344
-10605
-11019
-10785
-10266
-9757
-8865
-7402
-5624
-3876
-2464
-1289
-118
1114
1990
2260
2131
2032
2013
1624
895
77
-433
-855
-1428
-2004
-2408
-2560
-2826
-3067
-3208
-3110
-2986
-2929
-2895
-2727
-2276
-1771
-1274
-975
-526
81
752
1242
1523
1771
1991
2159
2207
2136
1907
1561
1237
986
830
704
568
470
468
718
1053
1497
1800
2229
2741
3528
4352
5259
6079
6997
7902
8859
9795
10509
10987
10985
10897
10487
10183
9228
8243
6789
5516
3313
732
-1759
-3257
-4339
-6260
-8002
-9002
-8408
-8340
-8309
-8202
-6670
-5267
-4269
-3488
-2083
-352
560
1100
1507
2498
3340
3967
4130
4057
4040
4331
4381
3710
2535
1705
1001
-102
-1956
-3475
-4642
-5760
-7356
-8594
-8910
-8842
-8736
-8784
-7993
-6778
-5212
-3956
-2823
-1943
-901
226
989
1206
892
949
984
802
36
-505
-733
-940
-1419
-1876
-1909
-1950
-2172
-2521
-2492
-2395
-2328
-2462
-2505
-2331
-2029
-1633
-1305
-1013
-619
-48
538
948
1246
1536
1839
1976
2029
2041
1924
1637
1295
1172
1070
938
635
575
660
815
930
1146
1471
1794
2183
2642
3431
4120
4811
5338
6098
6906
7730
8207
8383
8429
8508
8673
8450
7998
7294
6538
4925
2774
739
-323
-1418
-3209
-5189
-6027
-5866
-5911
-6361
-6307
-5155
-4035
-3259
-2608
-1299
-40
744
911
1342
2005
2688
2978
2874
2678
2724
2987
2800
2018
961
311
-342
-1502
-3075
-4245
-5117
-6159
-7475
-8241
-8202
-7890
-7891
-7673
-6782
-5302
-3940
-2920
-2101
-1199
-217
536
916
808
715
598
404
-228
-728
-1034
-1216
-1782
-2341
-2436
-2239
-2308
-2723
-2780
-2518
-2204
-2342
-2364
-2139
-1691
-1474
-1289
-981
-498
20
368
675
949
1417
1843
2090
2064
2109
2234
2159
1786
1399
1346
1268
900
439
378
608
689
647
725
1221
1698
2138
2587
3211
3814
4295
4797
5249
5798
6057
6242
6083
6056
6118
6302
6165
5720
5232
4310
3005
1376
507
-286
-1312
-2891
-3735
-3765
-3639
-3945
-4021
-3212
-2291
-1610
-1186
-163
869
1509
1527
1783
2234
2685
2792
2758
2594
2472
2385
2268
1799
960
159
-560
-1430
-2678
-3705
-4515
-5234
-6306
-6976
-6984
-6506
-6304
-6167
-5501
-4266
-2981
-2123
-1368
-610
175
654
928
982
890
576
52
-515
-974
-1330
-1825
-2537
-3169
-3373
-3237
-3259
-3489
-3549
-3143
-2637
-2391
-2224
-1822
-1285
-969
-809
-546
-61
357
512
550
742
1178
1621
1858
1917
2077
2379
2536
2387
2123
2094
2069
1791
1262
996
968
933
701
602
850
1230
1616
2001
2600
3128
3701
4100
4571
4807
4985
4928
4793
4554
4336
4222
4027
3801
3043
2014
688
-51
-552
-1040
-2121
-2966
-3122
-2774
-2701
-2821
-2321
-1449
-717
-473
228
1220
2141
2237
2273
2576
3248
3545
3511
3275
3058
2900
2647
2243
1360
437
-566
-1455
-2700
-3819
-4823
-5644
-6696
-7581
-7803
-7457
-7055
-6990
-6587
-5669
-4300
-3240
-2340
-1587
-707
97
782
1277
1532
1595
1324
1038
707
461
-134
-956
-1906
-2463
-2773
-3076
-3567
-3967
-3943
-3702
-3369
-3124
-2685
-2285
-1850
-1538
-1021
-451
50
247
379
764
1355
1908
2127
2349
2697
3187
3363
3342
3307
3411
3319
2919
2463
2184
2022
1725
1387
1230
1364
1610
1890
2247
2702
3236
3729
4109
4312
4475
4551
4394
3976
3541
3265
2990
2620
1988
1042
-254
-1357
-1930
-2112
-2718
-3642
-4147
-3746
-3214
-3131
-2962
-2130
-1095
-624
-230
680
1966
2580
2619
2714
3466
4201
4475
4269
4070
3934
3760
3403
2698
1778
725
-223
-1407
-2618
-3707
-4424
-5276
-6256
-7025
-7030
-6590
-6320
-6325
-6090
-5233
-4206
-3364
-2857
-2215
-1514
-720
-165
380
834
1263
1350
1223
1109
1051
840
131
-673
-1402
-1724
-2175
-2652
-3201
-3354
-3305
-3161
-3041
-2882
-2551
-2323
-2075
-1891
-1459
-1083
-778
-604
-199
435
1068
1591
2070
2677
3197
3543
3784
4011
4184
4066
3741
3323
3023
2762
2442
2098
1769
1772
1901
2298
2513
2856
3197
3686
3966
4023
4112
4062
3943
3401
3063
2696
2551
1999
1095
-229
-1472
-2142
-2477
-2912
-3891
-4424
-4251
-3594
-3463
-3381
-2672
-1558
-929
-831
-174
1078
2075
2142
2102
2676
3605
4124
4077
3989
3944
3854
3470
2867
2085
1218
295
-811
-1964
-2875
-3348
-3822
-4573
-5258
-5258
-4740
-4406
-4485
-4520
-4156
-3660
-3352
-3148
-2884
-2577
-2325
-1950
-1385
-816
-396
-157
15
64
83
-3
-218
-761
-1351
-1739
-1887
-2068
-2367
-2462
-2351
-2152
-2094
-1908
-1685
-1544
-1615
-1632
-1440
-1286
-1263
-1303
-1047
-601
-133
253
700
1332
1978
2623
3095
3586
3885
4047
4031
3957
3948
3793
3581
3167
3112
3218
3551
3536
3513
3624
3928
4198
4120
4135
3993
4005
3625
3421
3114
2843
1967
541
-865
-1789
-2059
-2750
-3708
-4648
-4521
-4083
-3817
-3780
-3180
-2104
-1494
-1256
-825
459
1474
1729
1546
1939
2883
3564
3724
3530
3529
3465
3310
2768
2080
1333
502
-433
-1564
-2309
-2709
-2919
-3606
-4252
-4321
-3658
-3100
-3140
-3366
-3249
-2716
-2438
-2394
-2561
-2462
-2394
-2193
-1940
-1474
-1032
-790
-778
-798
-575
-387
-400
-969
-1534
-1883
-1840
-1944
-2248
-2528
-2506
-2268
-2111
-1917
-1649
-1322
-1251
-1203
-1034
-616
-363
-426
-553
-479
-120
124
257
322
609
1004
1432
1771
2108
2427
2626
2766
2822
3058
3187
3260
3150
3218
3393
3606
3658
3659
3807
3923
4114
4069
4120
4025
3989
3780
3611
3144
2385
1270
79
-714
-1350
-1806
-2594
-3059
-3277
-3027
-2807
-2417
-1941
-1391
-1061
-794
-169
590
1263
1312
1373
1644
2261
2744
2840
2691
2453
2197
1887
1468
848
94
-831
-1717
-2438
-2924
-3199
-3532
-3922
-4193
-3964
-3285
-2777
-2607
-2669
-2441
-1853
-1487
-1383
-1541
-1429
-1235
-986
-909
-649
-548
-566
-868
-1064
-939
-968
-1191
-1867
-2201
-2270
-2045
-2110
-2405
-2686
-2632
-2364
-2161
-2106
-2079
-1821
-1573
-1155
-740
-200
282
527
701
942
1415
1736
1712
1417
1311
1395
1558
1429
1268
1132
1242
1462
1672
1958
2218
2557
2736
2988
3156
3565
3718
3838
3812
3977
4117
4120
3926
3581
3432
2915
2272
1119
267
-445
-828
-1301
-1784
-2023
-2167
-2007
-1849
-1261
-857
-407
-416
-102
468
1264
1876
1983
2171
2424
3114
3548
3741
3534
3147
2623
2049
1475
788
-16
-1191
-2242
-3058
-3374
-3543
-3813
-4101
-4286
-3924
-3417
-3006
-2765
-2698
-2391
-2079
-1773
-1521
-1259
-959
-677
-469
-247
107
155
128
-381
-533
-779
-995
-1492
-2090
-2391
-2551
-2531
-2767
-2945
-3153
-3065
-3069
-3011
-3088
-2997
-2838
-2694
-2311
-1934
-1290
-842
-400
-37
455
1002
1414
1554
1507
1534
1566
1616
1437
1384
1226
1329
1334
1511
1684
1931
2119
2226
2254
2355
2562
2731
2818
2770
2839
2786
2854
2684
2572
2236
1753
966
264
-333
-559
-787
-1032
-1304
-1415
-1202
-879
-335
63
478
689
1034
1471
2171
2699
3086
3208
3389
3740
4132
4408
4343
3987
3438
2859
2329
1751
1026
101
-901
-1722
-2261
-2582
-2817
-3052
-3287
-3362
-3330
-3120
-3000
-2816
-2769
-2611
-2379
-2007
-1534
-1078
-619
-221
147
405
642
596
514
112
-232
-686
-1126
-1492
-1859
-2105
-2347
-2533
-2738
-2868
-3029
-3094
-3324
-3498
-3684
-3688
-3496
-3238
-2816
-2458
-2024
-1539
-982
-354
188
561
791
867
954
1050
1079
1055
897
748
730
810
1089
1238
1365
1363
1469
1737
2069
2399
2566
2623
2569
2609
2557
2547
2077
1452
410
-436
-1145
-1507
-1717
-1909
-2052
-2146
-1985
-1658
-1045
-546
20
261
659
992
1642
2336
3039
3642
4064
4491
4903
5338
5634
5669
5311
4733
3915
3198
2472
1812
1078
211
-577
-1238
-1562
-1709
-1810
-1994
-2260
-2540
-2575
-2498
-2089
-1791
-1412
-1155
-737
-150
585
1272
1760
1900
1861
1720
1567
1514
1241
1016
496
148
-199
-365
-513
-772
-1212
-1787
-2431
-2985
-3439
-3812
-4013
-4257
-4221
-4143
-3769
-3282
-2768
-2218
-1890
-1574
-1388
-1185
-1002
-834
-782
-719
-787
-647
-470
-156
173
270
343
220
257
359
531
696
678
613
539
555
623
632
272
-268
-1185
-1831
-2379
-2510
-2499
-2526
-2518
-2647
-2539
-2313
-1800
-1335
-862
-700
-437
-299
221
791
1535
2248
2796
3349
3747
4249
4631
4897
4850
4520
3942
3308
2672
2124
1628
1075
615
87
-164
-410
-447
-554
-688
-859
-1033
-1036
-979
-727
-488
-94
254
825
1301
1925
2302
2656
2757
2810
2797
2727
2673
2543
2459
2362
2325
2220
2116
1838
1514
1022
487
-95
-711
-1237
-1722
-1984
-2102
-2015
-1856
-1626
-1449
-1277
-1218
-1184
-1240
-1363
-1502
-1687
-1784
-1824
-1723
-1484
-1147
-788
-445
-234
-63
-19
15
2
-49
-111
-215
-321
-419
-590
-833
-1251
-1823
-2399
-2983
-3305
-3525
-3574
-3629
-3737
-3855
-3962
-3951
-3770
-3484
-3122
-2714
-2371
-1876
-1394
-642
167
1087
1957
2645
3179
3480
3657
3687
3657
3424
3112
2556
2022
1403
931
541
189
-86
-501
-831
-1306
-1543
-1841
-1811
-1847
-1589
-1408
-983
-556
69
771
1539
2309
2912
3461
3691
3946
3940
4061
4036
4102
4059
3990
3820
3585
3282
2904
2520
2030
1612
1082
711
331
156
124
237
519
799
1108
1298
1424
1416
1407
1286
1236
1081
984
805
622
432
215
24
-233
-511
-848
-1244
-1641
-1985
-2207
-2256
-2161
-2037
-1921
-2027
-2236
-2684
-3057
-3379
-3454
-3380
-3209
-3071
-3082
-3236
-3522
-3775
-3968
-3944
-3870
-3658
-3506
-3312
-3142
-2871
-2463
-1912
-1239
-564
13
391
542
515
369
219
87
43
-40
-118
-359
-640
-1027
-1366
-1640
-1811
-1829
-1846
-1750
-1761
-1644
-1592
-1294
-969
-355
255
1018
1674
2276
2737
3075
3360
3526
3718
3792
3909
3894
3902
3803
3719
3577
3418
3225
2979
2726
2432
2203
2003
1940
1931
2056
2210
2392
2547
2639
2688
2644
2572
2466
2381
2308
2276
2257
2265
2265
2258
2223
2154
2083
1976
1856
1700
1479
1169
716
141
-534
-1231
-1839
-2293
-2518
-2558
-2489
-2423
-2446
-2635
-2924
-3303
-3623
-3859
-3962
-3943
-3874
-3765
-3661
-3534
-3359
-3105
-2785
-2409
-2057
-1760
-1570
-1480
-1450
-1457
-1423
-1334
-1207
-1058
-975
-980
-1138
-1414
-1815
-2220
-2622
-2889
-3090
-3123
-3112
-3037
-2963
-2903
-2825
-2703
-2510
-2217
-1823
-1382
-888
-442
21
411
809
1204
1609
2047
2465
2857
3161
3349
3418
3378
3229
3047
2832
2665
2534
2456
2459
2482
2561
2626
2677
2688
2639
2523
2380
2203
2067
1989
2011
2140
2351
2637
2910
3153
3297
3328
3251
3100
2915
2754
2625
2534
2445
2314
2118
1815
1431
990
564
197
-82
-273
-414
-547
-707
-923
-1173
-1425
-1627
-1744
-1789
-1773
-1751
-1756
-1815
-1914
-2001
-2052
-2019
-1911
-1746
-1565
-1441
-1401
-1463
-1606
-1802
-2003
-2168
-2270
-2320
-2343
-2351
-2385
-2455
-2542
-2644
-2742
-2815
-2851
-2850
-2823
-2766
-2679
-2554
-2389
-2181
-1957
-1731
-1516
-1346
-1213
-1120
-1044
-957
-834
-656
-427
-155
128
395
621
779
874
910
901
878
873
895
962
1090
1255
1447
1645
1812
1935
1993
1980
1920
1829
1748
1708
1730
1828
1981
2142
2277
2338
2286
2124
1880
1601
1356
1195
1142
1196
1312
1430
1488
1458
1328
1124
905
720
608
579
617
694
775
839
871
878
876
864
830
759
650
490
279
53
-159
-334
-442
-491
-509
-532
-597
-724
-921
-1163
-1409
-1618
-1757
-1822
-1814
-1768
-1699
-1620
-1553
-1470
-1355
-1205
-1013
-789
-558
-346
-173
-47
38
103
154
205
248
264
232
136
-19
-226
-451
-662
-828
-933
-986
-1006
-1020
-1055
-1110
-1204
-1316
-1412
-1482
-1500
-1454
-1353
-1198
-999
-766
-516
-254
6
237
434
570
643
649
603
520
421
329
253
186
119
46
-49
-163
-287
-416
-526
-601
-635
-621
-570
-489
-383
-268
-139
4
161
333
521
723
918
1091
1254
1385
1480
1535
1558
1554
1519
1465
1396
1311
1216
1107
990
867
748
648
573
523
504
517
550
597
652
715
790
879
1001
1157
1350
1566
1788
2003
2184
2320
2400
2429
2410
2356
2276
2169
2044
1900
1732
1545
1346
1134
912
683
456
234
6
-217
-432
-650
-862
-1075
-1290
-1512
-1750
-1998
-2251
-2482
-2679
-2823
-2902
-2914
-2869
-2806
-2741
-2698
-2688
-2704
-2746
-2787
-2807
-2792
-2729
-2632
-2499
-2342
-2176
-2005
-1840
-1672
-1512
-1366
-1238
-1144
-1092
-1080
-1092
-1125
-1160
-1173
-1168
-1147
-1126
-1107
-1107
-1126
-1158
-1199
-1224
-1223
-1179
-1088
-951
-780
-580
-362
-145
82
312
555
811
1066
1324
1568
1790
1999
2182
2338
2472
2585
2677
2761
2817
2850
2858
2842
2806
2753
2702
2664
2648
2640
2648
2653
2655
2627
2575
2501
2401
2303
2202
2122
2058
2013
1980
1926
1854
1749
1602
1425
1226
1018
804
589
395
219
49
-114
-255
-388
-520
-637
-744
-838
-930
-1010
-1083
-1161
-1231
-1301
-1366
-1416
-1470
-1534
-1587
-1629
-1668
-1691
-1676
-1643
-1601
-1537
-1475
-1436
-1409
-1396
-1420
-1457
-1502
-1555
-1594
-1625
-1650
-1665
-1673
-1680
-1686
-1682
-1678
-1661
-1635
-1610
-1564
-1511
-1453
-1382
-1294
-1195
-1093
-986
-869
-763
-666
-566
-493
-427
-361
-303
-239
-177
-115
-59
6
79
137
195
279
366
454
571
693
815
953
1096
1234
1375
1511
1642
1764
1882
1981
2066
2148
2209
2248
2276
2297
2297
2281
2252
2204
2134
2037
1919
1779
1624
1458
1282
1116
945
787
654
515
387
266
155
34
-76
-166
-257
-323
-371
-402
-417
-425
-417
-422
-430
-438
-451
-465
-494
-513
-534
-562
-596
-628
-639
-682
-710
-714
-742
-762
-785
-798
-820
-850
-853
-862
-869
-869
-857
-843
-849
-846
-854
-870
-898
-926
-951
-983
-1005
-1026
-1039
-1038
-1041
-1025
-998
-958
-912
-852
-777
-700
-610
-522
-421
-314
-196
-90
23
140
234
330
415
492
541
584
636
648
663
680
676
664
644
621
575
532
494
438
379
335
304
258
230
222
213
215
222
240
253
275
303
319
346
379
411
434
472
498
512
531
547
548
542
537
518
484
458
418
372
330
275
216
161
105
38
-14
-60
-109
-149
-188
-210
-219
-237
-230
-214
-197
-168
-138
-95
-51
-12
27
68
93
105
121
112
107
89
66
40
-6
-46
-91
-142
-195
-251
-292
-333
-375
-398
-408
-417
-410
-384
-357
-324
-278
-227
-181
-145
-106
-70
-39
-17
4
20
31
32
22
9
-18
-47
-77
-118
-154
-186
-224
-262
-287
-303
-323
-322
-316
-318
-297
-276
-257
-234
-195
-160
-133
-87
-50
-18
16
44
77
96
107
121
132
132
129
138
132
123
123
124
123
118
127
137
139
166
180
199
220
237
269
301
334
357
393
423
437
466
483
494
499
512
520
503
494
470
442
417
385
352
312
274
232
187
141
91
49
6
-31
-68
-104
-133
-165
-183
-210
-231
-243
-254
-268
-272
-282
-298
-296
-298
-295
-288
-274
-265
-259
-246
-239
-236
-223
-208
-200
-189
-171
-161
-149
-137
-129
-123
-115
-108
-110
-119
-127
-138
-151
-170
-186
-200
-217
-232
-250
-271
-288
-299
-307
-316
-318
-317
-309
-296
-284
-263
-233
-201
-172
-137
-101
-66
-24
15
53
93
125
151
173
198
218
232
240
244
246
243
233
224
214
203
193
182
171
159
152
147
147
147
148
156
165
174
185
192
200
211
222
235
242
246
247
239
234
223
209
200
182
162
139
115
85
56
34
15
-1
-23
-39
-52
-62
-73
-83
-89
-86
-84
-84
-79
-75
-73
-74
-67
-67
-63
-63
-70
-79
-89
-100
-109
-115
-129
-137
-146
-155
-165
-177
-188
-191
-192
-188
-185
-183
-177
-167
-157
-155
-142
-123
-103
-92
-84
-70
-59
-49
-43
-33
-24
-12
-8
-2
-1
-2
0
4
6
4
9
14
22
26
25
31
39
48
57
64
73
76
84
95
100
104
109
116
115
116
120
118
115
111
103
97
93
87
86
80
68
63
57
53
45
36
33
25
15
14
10
4
0
-7
-10
-12
-15
-22
-27
-27
-30
-36
-40
-43
-43
-43
-43
-49
-49
-47
-40
-41
-36
-31
-25
-18
-19
-12
-8
-2
4
13
21
23
30
26
32
35
33
30
31
35
27
21
22
18
12
9
6
5
4
-4
-10
-9
-12
-13
-13
-12
-12
-16
-19
-18
-20
-17
-16
-17
-21
-18
-24
-28
-29
-31
-32
-35
-38
-40
-42
-43
-47
-49
-48
-52
-55
-49
-52
-58
-55
-50
-47
-46
-51
-46
-38
-41
-41
-36
-30
-33
-33
-24
-22
-30
-28
-20
-16
-19
-19
-12
-11
-9
-9
-2
2
1
6
13
13
13
19
20
26
27
31
36
41
43
44
52
58
58
62
69
68
69
72
73
73
75
77
77
76
76
76
73
71
68
66
64
59
60
58
49
43
43
37
30
25
25
19
8
3
1
-2
-9
-15
-19
-22
-27
-34
-40
-42
-48
-54
-52
-55
-55
-58
-58
-55
-54
-57
-56
-56
-48
-53
-54
-48
-47
-47
-49
-39
-37
-40
-42
-32
-28
-31
-33
-34
-27
-28
-28
-28
-24
-22
-27
-22
-19
-22
-21
-21
-16
-14
-12
-10
-9
-5
-3
-8
0
2
0
5
10
14
16
16
16
22
26
22
24
28
30
31
31
30
33
36
35
36
37
37
38
37
37
40
41
