7
47
38
-5
-39
-34
3
35
30
-3
-31
-27
2
25
21
-2
-18
-18
-1
14
14
2
-10
-11
-5
5
13
11
-2
-12
-12
0
13
12
-2
-14
-10
4
14
6
-9
-14
-2
12
12
-1
-13
-12
0
12
11
1
-11
-15
-5
10
14
5
-11
-17
-5
13
18
5
-12
-14
-2
12
12
0
-9
-9
1
7
6
-1
-7
-4
0
6
6
-2
-6
-7
1
8
6
-1
-7
-8
0
7
5
0
-3
-5
-2
1
2
2
-1
-1
0
1
1
-1
-3
-1
5
4
-1
-4
-4
2
5
3
-1
-3
-2
1
1
-1
-1
-1
0
1
1
1
-2
-1
0
2
2
0
-2
-3
0
2
2
2
0
-1
-1
-1
-1
2
3
1
-1
-2
0
2
1
2
0
-1
-1
-1
2
1
0
0
-1
-1
1
1
1
0
-3
-1
1
-1
0
0
1
1
-1
-1
0
1
0
1
-1
0
0
1
1
-1
0
-2
-2
1
0
0
1
-1
1
1
0
-1
-1
0
1
1
1
-2
-2
0
2
1
-1
0
0
1
0
0
1
1
0
1
1
1
-1
-2
1
2
0
0
-1
-1
0
0
0
1
1
1
-1
0
1
0
0
-2
-1
1
0
-1
0
0
-1
-2
-1
-1
-2
-3
-1
-1
-3
-3
-1
-1
-1
-2
-2
-1
-2
-2
-2
-3
-3
-2
-1
-1
-2
-1
-1
-2
-2
-3
-1
-2
-1
-1
-2
-2
-1
-1
-1
-1
-3
-3
-2
2
0
-3
-2
2
2
0
-1
0
0
2
2
0
1
3
3
0
-2
3
6
3
2
2
3
4
6
8
8
6
6
5
5
8
9
5
7
9
5
3
2
8
7
2
0
-2
-2
-2
-2
-4
-6
-6
-8
-10
-9
-8
-10
-15
-14
-8
-7
-13
-16
-13
-7
-4
-10
-13
-8
-3
-2
-5
-2
1
3
5
7
5
3
8
16
14
9
10
16
17
13
11
16
17
14
9
10
11
7
2
1
2
-2
-6
-4
1
-3
-13
-15
-8
-4
-8
-7
-5
-6
-8
-2
4
3
-2
2
8
10
8
5
8
15
20
17
14
10
13
19
20
16
9
10
22
22
9
5
8
13
13
8
6
4
5
4
4
1
-4
-9
-6
-6
-16
-23
-23
-19
-23
-33
-35
-35
-38
-43
-40
-39
-44
-45
-44
-40
-39
-40
-37
-27
-19
-18
-21
-11
1
8
13
17
20
26
34
41
42
41
47
48
49
49
42
38
40
42
39
26
20
15
9
7
3
-3
-12
-15
-17
-22
-28
-31
-34
-35
-32
-36
-48
-51
-43
-37
-41
-45
-41
-41
-48
-45
-37
-30
-24
-23
-26
-28
-21
-8
1
7
10
17
26
31
31
36
55
72
73
65
63
71
84
93
88
79
79
80
76
77
78
67
49
46
57
60
48
26
19
37
51
28
-6
6
54
64
28
9
28
53
58
44
36
48
66
62
31
6
17
44
48
24
-8
-26
-25
-19
-31
-60
-70
-65
-66
-81
-90
-88
-87
-82
-67
-63
-81
-86
-49
-6
-3
-21
-18
8
28
27
35
50
65
76
80
71
61
54
41
37
61
70
8
-42
10
71
24
-65
-76
-41
-45
-76
-87
-64
-36
-59
-129
-161
-108
-54
-65
-81
-71
-76
-68
-29
-17
-30
-8
27
30
20
9
30
143
228
75
-142
-61
176
144
-67
-110
2
129
135
-319
-936
-598
571
716
-631
-1374
-434
507
86
-743
-745
-30
552
273
-599
-707
327
938
328
-134
277
503
289
522
864
435
2
454
866
444
48
259
456
340
176
-58
-252
-22
284
26
-398
-348
-198
-327
-295
-37
-135
-484
-419
-47
8
-254
-368
-179
102
147
-141
-319
-11
335
182
-129
-79
112
112
73
96
55
12
60
21
-123
-88
73
21
-169
-185
-123
-176
-185
-106
-201
-390
-304
-67
-124
-402
-440
-188
-33
-178
-372
-310
-60
35
-108
-201
-74
78
66
-19
-28
88
264
248
-44
-171
166
434
145
-223
-71
283
279
8
-160
-108
96
221
55
-147
17
313
257
10
6
158
263
409
489
262
28
223
535
435
127
110
294
326
197
37
-89
-45
132
75
-254
-374
-125
78
-4
-120
-78
25
92
131
218
476
768
726
456
558
1055
1254
964
828
1099
1263
1012
662
578
761
854
461
-232
-507
-210
-110
-627
-1202
-1324
-1227
-1282
-1516
-1805
-1887
-1571
-1262
-1511
-1943
-1758
-1106
-772
-850
-887
-758
-519
-145
148
96
-67
87
438
501
246
138
367
523
300
-74
-230
-170
-147
-250
-400
-543
-677
-743
-710
-663
-738
-863
-807
-628
-595
-697
-650
-352
-63
-57
-180
-90
236
509
543
509
645
879
952
821
744
936
1280
1443
1264
991
1051
1463
1716
1475
1193
1511
2181
2343
1863
1481
1675
2213
2613
2643
2694
3258
3507
2041
-249
-432
2016
3847
2671
-112
-1915
-1746
-405
188
-1205
-3024
-2805
-1310
-1590
-4003
-5447
-3818
-778
210
-2116
-4877
-4229
-680
1456
410
-934
-296
929
1198
1295
1929
2335
2215
2258
2425
1942
917
499
1275
2152
1407
-903
-2564
-2036
-675
-793
-2455
-3751
-3626
-2943
-2936
-3625
-4029
-3577
-2758
-2397
-2685
-3076
-2861
-1834
-576
-28
-522
-1127
-524
1141
1774
259
-908
704
2886
2305
228
-55
1250
1725
728
-369
-261
893
1313
-84
-1420
-829
148
-302
-986
-693
-543
-1153
-1281
-630
-455
-917
-910
-343
-133
-376
-415
-54
397
657
643
558
733
1162
1529
1720
1836
1804
1702
2042
2903
3285
2543
1832
2571
4031
4197
2846
1920
2692
4038
4131
2923
2332
3886
5979
4703
-599
-4333
-1191
5382
6553
319
-5496
-4279
352
469
-4368
-6780
-2905
1283
-1123
-7394
-9115
-4411
284
161
-2538
-3750
-3009
-1805
-412
1454
2687
2100
806
1117
2997
3928
3030
2601
4109
5189
3298
158
-443
1843
3482
1989
-1151
-2897
-2550
-1815
-2023
-2839
-3564
-4055
-4252
-4106
-3986
-4267
-4406
-3693
-2576
-2233
-2848
-3182
-2128
-429
131
-428
-343
721
965
42
67
1656
2484
1260
-156
128
1474
1803
318
-1244
-794
731
549
-1334
-2154
-1134
-386
-907
-1719
-2217
-2332
-1651
-586
-634
-1896
-2586
-1726
-417
56
-407
-970
-667
465
1071
440
13
1113
2615
2664
1633
1352
2337
3309
3345
3065
3253
3626
3559
3241
3214
3609
4084
4166
3594
2895
2991
3743
4034
3545
3261
3854
4718
3862
-149
-4601
-3232
4558
9084
2457
-8188
-9106
-337
4301
-2190
-9599
-6485
2406
2976
-6791
-12968
-6152
4444
4852
-3105
-6772
-2459
1828
1638
1264
3382
4218
1680
93
2762
6021
5027
1847
1928
4798
4548
-245
-3354
-450
3850
2615
-3142
-6586
-4986
-2291
-2301
-4247
-5721
-6107
-5943
-5248
-4394
-4491
-5550
-5587
-3538
-1566
-2241
-4240
-3716
-225
2277
1078
-1612
-2206
-179
2154
2662
1432
131
-108
311
684
789
355
-772
-1504
-827
-85
-1129
-2820
-2548
-725
-212
-1943
-3750
-3448
-1353
329
-38
-1763
-2651
-1595
201
1021
655
239
632
1466
1712
1248
1375
2912
4447
4049
2423
2066
3574
4849
4509
3857
4294
4915
4354
3398
3632
4763
5078
4132
3148
3189
3926
4302
3863
3120
3047
3993
4779
3179
-1192
-4426
-1679
5083
6930
-295
-8322
-6954
680
2567
-4278
-9313
-4867
2179
728
-7766
-11184
-4461
3436
2864
-3205
-5521
-2212
1076
1634
1947
3037
2785
1172
1207
3420
4583
3020
1567
2844
4536
2654
-1707
-3049
227
3001
722
-4140
-6158
-4436
-2602
-3012
-4470
-5319
-5558
-5613
-5225
-4499
-4238
-4575
-4309
-2825
-1610
-2222
-3431
-2451
753
2653
803
-2082
-1688
1344
2742
1538
624
1045
1006
-22
-467
216
750
163
-1038
-1621
-1177
-802
-1409
-1897
-1205
-770
-1869
-2862
-2020
-546
-216
-628
-728
-635
-570
-127
631
1157
1386
1520
1448
1293
1603
2458
3253
3513
3255
2885
2958
3568
4070
4110
4177
4588
4772
4192
3404
3469
4587
5538
5016
3493
2803
3603
4464
4170
3263
2974
3500
3615
1799
-1663
-3424
-751
3623
3434
-2472
-7425
-5715
-724
-259
-5078
-7842
-4264
124
-1833
-7630
-8379
-2192
2867
953
-3475
-3579
-44
2087
2035
2521
3628
3166
1674
1890
3888
4738
3220
1675
2117
2914
1312
-1777
-2633
-531
712
-1652
-5273
-6450
-5150
-4009
-4358
-5376
-6131
-6502
-6429
-5663
-4613
-4233
-4568
-4303
-2826
-1588
-1963
-2651
-1314
1494
2421
215
-1878
-659
2177
2972
1604
486
342
155
-225
-195
88
-76
-923
-1897
-2193
-1841
-1791
-2171
-2000
-1478
-2010
-3248
-3140
-1489
-334
-559
-974
-831
-557
-258
413
1278
1891
2121
1933
1579
1858
3023
4038
4024
3575
3619
4038
4238
4243
4461
5007
5371
5075
4326
3872
4206
5017
5563
5224
4187
3485
3819
4418
4157
3443
3452
4138
3976
1891
-1084
-2241
-79
2856
2391
-1717
-4939
-4212
-1965
-2108
-4512
-5593
-3829
-2009
-3333
-6398
-6666
-3075
176
-335
-2571
-2919
-1298
257
1318
2380
2825
2177
1494
1837
2694
3143
3058
2753
2302
1503
226
-1052
-1341
-584
-280
-1645
-3881
-5249
-5115
-4297
-3864
-4230
-5094
-5854
-5928
-5174
-4198
-3768
-3726
-3245
-2333
-1937
-2169
-1771
-97
1675
1868
92
-1374
31
2708
2838
734
103
1277
1378
-141
-1059
-333
745
681
-1006
-2916
-2618
-605
-58
-1305
-1740
-1230
-1597
-2164
-1305
6
238
83
439
480
-79
131
1471
2612
2760
2296
1739
1755
2735
3858
4101
3622
3185
3156
3681
4499
4607
3773
3441
4353
5043
4168
2875
3095
4657
5572
4531
2749
2505
3940
4678
3380
2005
2684
4319
4092
1108
-2682
-3997
-1063
3352
3459
-2371
-7946
-6833
-1539
-305
-5157
-8727
-5463
-402
-1833
-8298
-10019
-3541
2835
1384
-4023
-5021
-1203
1627
1596
1735
3000
3036
1381
671
2199
3898
3521
1847
1150
1420
486
-1974
-3157
-1552
50
-1540
-5122
-6979
-6055
-4559
-4222
-4679
-5349
-6273
-6753
-5687
-3799
-3167
-3865
-3633
-1870
-958
-2004
-2426
-176
2882
3276
304
-2041
-113
3332
3112
333
8
1882
1675
-980
-2217
-522
1315
728
-1825
-3559
-2263
73
-222
-2123
-1901
-321
-575
-1792
-1333
195
887
1054
1421
1063
81
468
2406
3608
3153
2381
2240
2624
3234
3700
3960
4149
3983
3282
2997
3988
4899
4189
3190
3849
5013
4306
2485
2384
4430
5884
4578
2097
1655
3691
5189
4001
2008
2082
3905
4691
2588
-1887
-5157
-2656
4308
6846
-526
-9691
-8740
133
2999
-4690
-10894
-5933
2334
522
-9327
-12371
-3524
4859
2111
-5362
-5869
-481
1790
114
702
3847
3686
-76
-1204
2390
5328
3492
145
124
2235
1575
-2277
-4225
-1668
1092
-742
-5350
-7460
-5956
-4015
-3758
-4455
-5316
-6478
-6972
-5504
-3268
-2966
-4436
-4472
-2112
-468
-1686
-3114
-1402
2260
3615
593
-2729
-1303
2787
3602
869
-294
1000
1150
-894
-1740
286
1870
501
-2298
-3016
-761
1210
154
-1591
-727
814
59
-1214
-166
2006
2612
1784
1336
1301
1270
1945
3282
3992
3481
2664
2298
2691
3542
4042
4032
3833
3537
2986
2833
3739
4535
3932
3101
3720
4620
3813
2351
2803
4930
5725
3833
1630
2095
4516
5296
3411
1875
3055
4636
3522
143
-3169
-3629
-289
4116
3450
-3706
-9418
-6931
-570
-414
-6499
-9283
-4683
-186
-3559
-10252
-9894
-1806
3412
-284
-5958
-5294
-580
1602
1141
1931
3253
1872
-452
213
3377
4652
2645
537
689
1348
-285
-2988
-3183
-699
311
-2873
-7176
-8101
-5665
-3549
-4023
-5714
-6797
-7044
-6629
-5449
-3914
-3236
-3631
-3803
-2889
-1704
-1488
-1395
89
2461
2627
-721
-2731
375
4671
4151
437
-891
511
1064
-255
-470
1006
1614
-145
-2624
-2727
-189
1581
512
-759
-349
-189
-1022
-450
1873
3030
1753
479
979
1872
2133
2341
2920
3312
3088
2281
1576
2224
3780
4424
3612
2674
2580
2868
3326
4061
4381
3787
3399
4007
4495
3950
3398
4186
5555
5684
4005
2376
2804
4386
4806
3544
2934
3950
3872
911
-3526
-5047
-1463
3632
3790
-3046
-9195
-7759
-2094
-1157
-6110
-8347
-4395
-588
-3567
-9565
-9562
-2582
2939
733
-4349
-4707
-826
1345
986
1938
4247
3613
262
-502
2578
5036
3555
1149
982
1748
387
-2409
-2989
-893
522
-1698
-5530
-7065
-5739
-4083
-3780
-4522
-5272
-5780
-5929
-5358
-4192
-3124
-2825
-2665
-2176
-1450
-1227
-1085
-316
535
1438
2113
1868
503
-160
1136
2787
2657
762
-677
-527
774
1629
498
-1506
-1683
-40
574
-438
-1159
-632
225
532
304
-66
-55
817
2105
2362
1569
1041
1609
2550
2898
2577
2096
2342
3043
3211
2630
2440
3110
3569
3443
3282
3507
3664
3703
4104
4547
4565
4129
3978
4507
5216
5139
4035
3251
3596
4564
4784
4152
3753
2473
173
-2441
-3058
-665
1785
1271
-3471
-7302
-6688
-4058
-3946
-6734
-6679
-4018
-3181
-6411
-9459
-7623
-2846
99
-1358
-3654
-3353
-809
648
951
2255
4081
3639
1226
1036
3327
4847
3422
1858
1844
1844
220
-1983
-2332
-1371
-874
-2553
-5463
-7229
-6816
-5613
-5190
-5758
-6325
-6461
-6494
-6184
-5513
-4707
-3968
-2957
-2025
-1813
-2119
-1811
-657
486
1400
2110
1825
673
307
1438
2634
2203
840
-16
184
861
1077
225
-898
-911
-220
-181
-780
-922
-559
-94
136
88
-151
-144
623
1631
1980
1571
1277
1667
2401
2874
2892
2660
2666
2997
3327
3365
3366
3681
4006
4267
4235
4150
4334
4611
5048
5081
5003
4961
4992
5190
5096
4838
4318
4309
4496
4383
4140
3918
3864
1980
-934
-3048
-2487
325
1690
-177
-4717
-6986
-5539
-3715
-4478
-6568
-5577
-3203
-3198
-6258
-8271
-6077
-1732
675
-744
-2862
-2580
-62
1630
2148
2920
3885
3414
1800
1696
3195
4346
3603
2254
1388
753
-456
-2014
-2586
-1910
-1354
-2912
-6123
-8127
-7267
-5481
-5004
-6059
-6918
-6794
-6364
-5921
-5500
-4715
-3730
-2763
-2166
-2127
-2041
-1648
-649
818
2171
2461
1133
129
831
2647
3240
1869
411
90
983
1454
990
-88
-710
-486
-306
-494
-1032
-1068
-636
45
217
-505
-1212
-618
1257
2339
1735
641
926
2239
3078
2815
2529
3194
3988
3945
3196
3250
4291
5170
5020
4640
5066
5773
5795
5140
5121
6154
7165
6945
5586
4318
4230
5235
6338
6018
4460
3268
3517
3312
265
-3696
-4335
-164
3182
496
-6522
-10301
-7092
-2723
-3360
-7936
-8963
-5369
-2972
-5659
-9328
-7729
-2288
1262
-464
-3396
-3186
-23
2543
3160
3646
4228
3829
2464
2582
4350
5481
4272
2208
1128
740
-228
-1949
-2831
-2608
-2563
-4494
-7369
-8980
-8552
-7363
-7029
-7520
-8458
-8855
-8284
-6984
-5924
-5818
-5665
-4733
-3300
-2775
-3171
-2539
-372
1764
1550
117
-115
1361
2810
2575
1739
1324
1629
1464
781
568
1031
1079
-205
-1292
-1067
-145
-95
-651
-820
-575
-502
-650
-468
111
917
1480
1658
1593
1688
1963
2415
3269
4198
4351
3710
3479
4331
5437
5779
5626
5574
6069
6727
7003
6661
6293
6885
7927
8438
7472
5771
4823
5630
7364
7318
5232
3116
3285
3611
1162
-3096
-4848
-1540
1906
312
-6160
-10192
-7998
-4258
-4586
-8257
-8797
-5824
-3924
-6338
-9063
-7226
-2330
465
-979
-2408
-1125
1372
2202
2704
4685
6536
5732
3414
3389
5668
7116
5533
3303
2602
2635
1158
-1260
-2088
-1385
-1527
-4085
-6900
-7949
-7468
-7429
-8172
-8528
-8203
-8056
-8561
-8454
-7148
-5763
-5520
-5898
-5686
-4517
-3013
-1800
-1380
-909
119
964
847
279
913
2130
2924
2536
1579
856
806
1611
1822
1074
64
-311
-485
-699
-627
-568
-912
-1320
-1187
-1021
-1154
-1370
-952
-177
569
901
614
510
1254
2585
3043
2856
3121
4104
4887
5244
5716
6274
6773
7251
8007
8390
8526
8509
8790
8976
8626
8026
7583
8325
8555
7415
5359
4889
5440
3179
-1746
-5126
-2265
2347
1654
-5223
-10700
-8813
-4724
-5388
-10137
-10710
-5920
-3270
-7304
-12156
-10144
-3463
237
-1643
-3682
-2200
682
1527
1853
4284
6979
6504
3854
3765
6434
7867
6014
4066
4318
4688
2530
-753
-1586
-211
-36
-3108
-6717
-7889
-7051
-6741
-7827
-8778
-9134
-9238
-9328
-9035
-8417
-8139
-7810
-7232
-6547
-6318
-6315
-4624
-1731
18
-1075
-2728
-1846
530
2063
1709
1597
2273
2289
1148
200
1326
3177
3088
536
-1383
-739
635
390
-764
-1076
-948
-1481
-2571
-2606
-1551
-299
52
-764
-1656
-1503
2
1307
1744
1813
2248
2993
3596
4271
5093
6324
7578
8366
8420
8521
9420
10575
11259
10935
10212
9573
10078
11284
11376
9704
7838
7744
6670
2443
-2510
-1988
3787
5877
-651
-9794
-10831
-5305
-3236
-8226
-12218
-8654
-4115
-6722
-13633
-14133
-6687
-705
-2418
-6511
-5529
-1248
499
-214
1766
6031
7344
4410
2708
5594
9146
9012
6385
5616
6571
5983
3081
1195
2208
3233
1090
-3114
-5371
-4928
-4348
-5507
-7076
-7613
-7804
-8580
-9669
-9667
-8675
-7796
-7907
-8470
-8257
-7329
-6110
-5000
-3827
-2837
-2609
-2727
-2215
-586
1032
1545
1251
1066
1285
1370
1506
2210
2897
2403
794
-249
151
966
807
-318
-1252
-1444
-1464
-1898
-2326
-2051
-1382
-1407
-2174
-2574
-1986
-1171
-769
-351
418
986
905
1210
2722
4808
5842
5643
5760
7205
9282
10169
9844
9473
10094
11325
12283
12446
11442
10152
9815
10300
8546
3737
480
3085
7619
5466
-2991
-8114
-4794
-705
-3957
-10309
-10434
-4934
-3726
-9799
-14452
-10633
-3729
-2813
-6854
-7765
-3798
-954
-1839
-1777
1962
5012
3819
1668
3027
6191
6951
5411
5031
6332
6263
3676
1297
1731
3174
2346
-823
-3114
-3152
-3086
-4430
-5841
-5750
-5669
-7051
-8674
-8530
-7315
-7188
-8080
-8276
-7136
-6194
-6366
-6667
-5552
-3503
-2489
-2984
-3284
-2050
-540
-71
-158
266
674
510
560
1308
1816
1182
494
709
1238
870
-192
-673
-194
235
-484
-1770
-2244
-1636
-1126
-1252
-1416
-1423
-1767
-2061
-1356
-185
24
-362
514
2497
3516
2737
2434
4286
7165
8595
7802
6754
6979
8772
10670
11666
11193
9765
9060
9416
8980
5474
2371
4291
9229
8697
547
-5564
-2777
2972
1061
-6117
-7938
-2471
307
-5561
-11634
-8910
-1216
213
-5164
-7760
-3555
495
-914
-2795
-112
3675
2813
-161
471
4229
5632
3395
1901
3308
4726
2924
48
-169
2028
2563
-267
-3308
-3714
-2529
-2623
-3978
-5077
-5320
-5258
-5210
-5339
-6078
-6607
-6103
-4947
-4723
-5497
-5630
-4369
-2733
-2356
-3021
-3208
-1867
-323
-363
-1278
-977
515
869
-266
-763
454
1414
647
-624
-656
281
495
-417
-1398
-1120
-255
-309
-1532
-2395
-1740
-606
-410
-1424
-2142
-1627
-254
268
-706
-1358
-123
2180
2677
1498
1028
2707
4937
5546
4966
4431
5288
6970
8251
7837
6422
6220
7685
8484
5367
891
609
5723
8942
4193
-3282
-4377
1025
2857
-2200
-6219
-2858
2236
291
-6320
-8176
-2472
2592
1139
-2679
-2229
1096
1740
160
1075
4780
5842
3000
865
2627
5365
5273
3293
2448
3282
3204
1071
-1093
-848
771
640
-2053
-4758
-5339
-4754
-4828
-5584
-5864
-5858
-6372
-7173
-7097
-6189
-5612
-5978
-6270
-5419
-4121
-3547
-3724
-3118
-1454
-170
-501
-1200
-504
1033
1900
1651
1308
1071
806
774
1460
2049
1396
15
-733
-292
84
-462
-1520
-1900
-1759
-1992
-2671
-3024
-2583
-2133
-1994
-1964
-1839
-2159
-2373
-1460
339
1363
677
-7
869
3085
4465
4284
3663
4220
6136
7598
7489
6287
6076
7122
7425
4547
245
-185
4461
8084
4043
-3891
-6435
-1780
1352
-2520
-7079
-5283
-297
-746
-6521
-9181
-4492
1338
1402
-1917
-2280
727
2235
1703
3070
6807
8041
5050
2803
4942
8577
8785
6081
4599
5694
6323
4013
996
869
3235
3703
334
-3667
-4655
-3538
-3510
-4927
-5790
-5539
-5852
-7123
-7892
-7267
-6219
-6087
-6544
-6467
-5407
-4295
-3839
-3373
-2146
-817
-564
-861
-465
560
1413
2073
2544
2147
972
679
2033
3300
2676
890
87
823
1616
839
-866
-1489
-616
-226
-1667
-3287
-3019
-1396
-922
-2220
-3496
-3119
-1537
-506
-560
-796
-368
325
877
1560
2444
3047
3504
4535
5746
5866
4890
4704
5907
6299
3721
180
247
4235
6466
2495
-3637
-4939
-1634
-555
-4185
-6871
-4454
-1116
-3142
-8529
-9731
-4641
122
-1006
-4509
-4148
-501
857
-485
357
4565
7019
4651
1611
2716
6661
8472
6842
4940
5149
5884
4722
2815
2895
4603
4484
1406
-1740
-2608
-1869
-1407
-1551
-2249
-3511
-4777
-5305
-4778
-4064
-3751
-4069
-4319
-4094
-3922
-3962
-3208
-933
764
18
-1829
-1755
237
1789
1876
1554
1654
1583
985
338
879
2370
3115
1901
167
-204
296
367
87
271
12
-1274
-2495
-2343
-1564
-1431
-1743
-1884
-1701
-1596
-1547
-1555
-1273
-284
1014
1433
493
-329
796
3641
5684
5016
2907
2501
4086
4135
689
-2121
567
5744
5554
-1316
-6687
-4765
-153
-403
-4812
-6384
-3411
-1683
-5285
-9504
-7763
-1737
851
-2459
-5707
-4239
-922
-54
-238
1683
4218
3544
596
211
3822
7241
6598
3706
2762
4187
4630
2882
1849
3470
5011
2983
-1498
-3765
-2052
757
1053
-1169
-3264
-3820
-3261
-2804
-2346
-1785
-1366
-1704
-2645
-2882
-1761
89
1112
1202
994
936
773
951
2071
3526
3908
2608
1039
779
2194
3589
3561
2279
1225
976
852
630
637
962
653
-326
-1169
-1177
-1045
-1465
-1881
-1542
-707
-554
-1099
-1644
-1505
-831
50
600
330
-209
260
2026
3239
2660
1495
2051
3830
3649
-11
-3603
-1979
3635
6043
1102
-5559
-6356
-2242
-581
-3727
-5924
-3572
-926
-3616
-9012
-9653
-4131
584
-696
-4248
-4527
-2284
-1740
-2068
291
4117
4352
561
-1789
509
4396
5315
3580
2359
2770
2669
987
-164
1182
3279
2375
-1155
-3778
-3287
-1660
-1206
-1529
-1998
-2544
-3534
-4108
-3639
-2251
-768
-456
-1318
-2077
-1420
76
1425
2366
2885
2651
2239
2768
4028
4881
4707
4486
4493
4370
3933
3594
4064
4904
4859
3184
1246
1098
2434
2841
1682
477
251
-98
-1145
-1593
-905
87
-77
-1014
-1643
-1388
-929
-1024
-951
-235
853
943
266
184
1158
2527
3125
2811
775
-2630
-3801
-218
4975
4543
-2342
-7467
-5530
-1031
-1770
-6106
-6507
-2582
-1308
-6492
-11137
-8451
-1979
39
-3469
-5799
-4175
-2310
-2478
-1663
1779
4040
1864
-1613
-1325
2549
5305
4200
1647
891
1855
2015
566
-345
674
1439
-120
-3035
-4185
-2914
-1640
-1475
-2452
-3440
-4102
-4155
-3275
-2041
-910
-911
-1862
-2391
-1338
510
1638
1949
2236
2462
2354
2515
3324
4365
4702
4727
4608
4197
3638
3402
4228
5362
5593
4166
2101
1660
3180
4438
3839
2356
1701
1627
1161
932
1477
2186
1950
1008
606
1011
1267
703
304
888
1922
1849
640
224
1189
2664
2704
1311
-1048
-3733
-3707
-543
3209
1788
-4507
-8198
-6090
-1932
-2851
-6570
-6881
-3699
-2520
-6553
-9728
-7205
-1955
-531
-3161
-4566
-2859
-1387
-1609
-712
2222
4159
2098
-625
-319
2725
4739
3416
1225
323
1109
1110
-350
-1620
-1496
-837
-1722
-3558
-4772
-4480
-3704
-3329
-3565
-4356
-4868
-4472
-3015
-1616
-1173
-1662
-2108
-1348
502
2055
2425
2353
2679
3294
3533
3780
4459
5053
5060
4603
4279
4153
4024
3816
3753
3963
4010
3271
1873
1125
1804
2923
3035
1960
709
227
556
1410
2114
2161
1770
1154
1138
1700
2286
2116
1275
1482
2468
3235
2321
1028
1371
2567
2965
190
-2990
-3358
-76
2870
690
-3912
-6531
-4686
-2976
-4026
-5310
-4688
-3232
-4862
-7669
-7795
-4465
-2032
-2978
-4468
-3518
-1550
-1874
-2808
-1407
2232
3562
1564
-538
-85
2184
3276
3014
2080
1405
623
-331
-1310
-1705
-1590
-1576
-1933
-3129
-4385
-5633
-5636
-4762
-4035
-3963
-4465
-4488
-4445
-3861
-2605
-1277
-933
-1141
-463
1046
1934
2085
2891
4181
4892
4231
3735
4402
5637
6376
6069
5543
5139
4832
4366
4131
4458
4824
4432
3514
2695
2168
1880
1880
2466
2840
2241
976
430
1333
2550
2517
1633
1049
1290
1344
1139
2041
2873
2871
1325
391
-271
-2293
-2970
-609
3763
2584
-3894
-8030
-5477
-597
-1614
-5294
-5734
-2357
-2006
-6700
-9506
-5986
-441
-534
-4464
-5877
-3038
-1609
-3003
-2870
548
3160
756
-2389
-2027
1405
3268
2061
640
541
1000
-433
-2870
-3444
-1237
722
-623
-3912
-5556
-4682
-3587
-3628
-4054
-3578
-2748
-2821
-3880
-4281
-2597
-426
-20
-998
-1064
129
892
1254
2439
3900
3774
2471
2313
3647
4785
4820
4657
4845
4689
3682
2864
3589
5174
5481
3880
2569
2978
3523
2644
1925
3269
4836
3873
1453
1147
3417
5088
4158
2245
1842
2802
3510
3058
2379
2624
3262
2905
-50
-3797
-4353
-225
4238
2431
-3973
-7513
-4751
-1460
-3170
-5760
-3870
112
-1133
-7060
-9314
-4550
752
38
-3615
-3917
-1429
-1549
-4028
-3554
944
3583
709
-3309
-3519
-592
1032
338
-525
-613
-1272
-3607
-5594
-5033
-2393
-909
-2243
-4727
-6103
-5868
-4843
-3377
-2220
-1997
-2624
-3158
-3037
-2325
-927
571
1326
1039
446
265
776
2036
3485
4124
3534
2473
1835
2197
3542
4922
4841
3203
1792
1874
2853
3663
4092
4064
3215
1783
1069
1715
3039
3848
3770
3283
2644
2206
2317
3379
4602
4590
3384
2390
2616
3115
3133
3199
3528
2450
-1014
-3779
-2124
2498
3928
-66
-4456
-4494
-2263
-2339
-3831
-2795
168
237
-3667
-6469
-4410
-421
508
-1364
-1865
-205
12
-2382
-3352
-253
3197
2391
-1194
-2692
-1092
369
-108
-955
-948
-1413
-3584
-5825
-5561
-3311
-2340
-3950
-5930
-6280
-5764
-5638
-5271
-4020
-2860
-2805
-3336
-3265
-2279
-862
320
1016
1425
1697
1716
1760
2511
3802
4618
4408
3718
3171
3060
3693
4619
4617
3298
1960
1768
2309
2734
2856
2654
1852
696
-51
28
809
1817
2391
1901
778
237
793
1854
2571
2707
2360
1885
1715
1933
2264
2438
2042
369
-1828
-2052
571
2923
1618
-1906
-3635
-2741
-1847
-2100
-1877
-548
-5
-1708
-4005
-4125
-1797
343
243
-950
-1189
-752
-1182
-1869
-879
1226
1705
-109
-1798
-1622
-571
-234
-574
-924
-1544
-3003
-4762
-5231
-3895
-2463
-2825
-4552
-5714
-5691
-5358
-4863
-3556
-1977
-1631
-2583
-3036
-1792
237
1606
2083
2394
2883
3271
3526
4104
5136
6011
6106
5574
5109
5100
5419
5645
5397
4663
3807
3251
3063
3022
2886
2502
1851
1034
317
15
281
723
709
164
-272
-96
240
202
106
489
1043
1052
621
468
656
376
-722
-1810
-1750
-431
722
217
-1695
-3205
-3252
-2675
-2395
-1997
-1099
-821
-2094
-3649
-3492
-1753
-386
-292
-594
-531
-628
-1301
-1612
-576
1006
1252
-146
-1447
-1372
-685
-664
-1313
-2063
-2909
-3960
-4612
-4438
-4111
-4442
-5320
-5999
-6134
-5894
-5557
-5245
-4851
-4194
-3340
-2603
-2072
-1543
-833
106
1299
2523
3290
3512
3768
4581
5655
6348
6578
6699
6865
6876
6627
6410
6504
6657
6432
5885
5427
5120
4616
3905
3503
3605
3625
3041
2130
1585
1682
2019
1999
1458
787
440
487
657
758
758
496
-388
-1976
-3487
-3553
-1799
20
-374
-2863
-4909
-4891
-3943
-3588
-3317
-2239
-1376
-2252
-4026
-4261
-2329
-207
361
-104
-302
-198
-474
-796
-138
1274
1855
844
-677
-1400
-1327
-1251
-1683
-2609
-3695
-4466
-4819
-5247
-6059
-6797
-7002
-6927
-6984
-7076
-6968
-6749
-6511
-5969
-4903
-3584
-2574
-2148
-1860
-956
585
1890
2452
2920
3971
5137
5652
5787
6319
7110
7330
6839
6491
6866
7401
7240
6539
6156
6233
5954
4970
4165
4307
4764
4499
3637
3054
2976
2882
2531
2255
2252
2234
1906
1443
1188
1176
1099
691
-133
-1307
-2361
-2373
-1162
-206
-1075
-3114
-4160
-3631
-3044
-3218
-3105
-2076
-1388
-2191
-3429
-3242
-1579
-149
21
-308
-188
34
-330
-774
-267
896
1240
210
-1141
-1788
-1891
-2110
-2609
-3099
-3465
-3963
-4845
-5892
-6508
-6496
-6335
-6358
-6321
-6108
-6113
-6412
-6330
-5384
-4015
-2965
-2489
-2300
-1922
-1096
-33
897
1673
2494
3230
3582
3741
4184
4840
5180
5098
5042
5273
5488
5346
4963
4750
4853
4953
4644
4040
3705
3861
4102
4047
3839
3737
3642
3359
3061
3048
3296
3466
3311
2868
2359
1869
1277
598
155
186
355
125
-565
-1384
-2052
-2405
-2368
-2073
-1814
-1728
-1793
-2046
-2395
-2420
-1876
-1107
-582
-373
-352
-486
-656
-625
-367
-98
-12
-311
-1083
-1981
-2485
-2543
-2592
-2886
-3391
-4135
-5064
-5762
-5833
-5436
-5044
-5005
-5342
-5672
-5508
-4814
-3978
-3230
-2484
-1828
-1494
-1280
-732
190
1149
1977
2676
3119
3255
3306
3475
3782
4169
4502
4543
4253
3941
3814
3691
3428
3205
3107
2994
2804
2627
2435
2168
2028
2210
2511
2557
2308
1972
1804
1967
2369
2592
2309
1585
747
124
-3
433
939
865
143
-773
-1506
-1937
-1916
-1372
-695
-468
-896
-1671
-2225
-2117
-1388
-517
37
115
-200
-688
-963
-726
-201
57
-242
-957
-1768
-2342
-2495
-2349
-2322
-2739
-3536
-4379
-4954
-5086
-4855
-4559
-4450
-4586
-4823
-4913
-4676
-4103
-3353
-2652
-2123
-1758
-1450
-1034
-398
446
1375
2206
2796
3129
3312
3493
3761
4146
4561
4874
5001
4925
4674
4313
3982
3840
3864
3871
3730
3381
2856
2358
2140
2265
2486
2452
2074
1564
1219
1238
1544
1790
1654
1064
262
-333
-399
37
526
573
127
-536
-1163
-1594
-1620
-1138
-440
-82
-342
-970
-1465
-1470
-999
-363
115
306
192
-159
-532
-686
-635
-636
-864
-1239
-1633
-2025
-2410
-2806
-3264
-3785
-4238
-4525
-4720
-4943
-5196
-5422
-5574
-5593
-5447
-5223
-4992
-4698
-4288
-3789
-3232
-2601
-1928
-1297
-701
-31
757
1607
2434
3110
3498
3657
3868
4347
4982
5492
5665
5497
5188
4990
4994
5007
4858
4584
4286
4010
3766
3531
3270
2940
2561
2205
1910
1717
1649
1628
1489
1111
489
-207
-684
-641
-115
376
295
-408
-1271
-1727
-1568
-984
-383
-96
-177
-493
-816
-899
-609
-87
368
551
480
261
-7
-236
-368
-412
-440
-561
-874
-1383
-1981
-2510
-2904
-3205
-3477
-3758
-4073
-4436
-4849
-5238
-5485
-5464
-5185
-4835
-4622
-4586
-4569
-4339
-3773
-2983
-2228
-1672
-1258
-821
-300
238
742
1251
1836
2451
2929
3124
3064
3003
3221
3736
4238
4349
4005
3516
3296
3506
3885
4035
3789
3314
2913
2721
2655
2609
2558
2520
2437
2128
1481
717
280
464
1024
1341
1002
147
-665
-934
-634
-126
169
114
-151
-425
-569
-550
-381
-86
233
432
396
146
-112
-177
-24
186
233
41
-269
-541
-738
-969
-1290
-1595
-1747
-1795
-1920
-2283
-2839
-3335
-3519
-3326
-3003
-2893
-3121
-3503
-3698
-3518
-3037
-2505
-2138
-2006
-1998
-1944
-1744
-1398
-946
-425
77
410
476
379
385
716
1348
1992
2301
2169
1851
1756
2098
2687
3134
3169
2875
2561
2482
2661
2913
3040
2990
2806
2505
2134
1779
1573
1598
1751
1778
1455
821
213
-65
2
158
145
-92
-452
-780
-962
-1008
-1006
-993
-921
-792
-756
-885
-1070
-1126
-980
-726
-523
-471
-539
-592
-551
-509
-586
-737
-780
-658
-496
-503
-760
-1141
-1418
-1416
-1230
-1110
-1199
-1441
-1681
-1806
-1815
-1751
-1682
-1655
-1656
-1673
-1711
-1766
-1761
-1612
-1360
-1125
-992
-982
-1014
-952
-701
-296
77
257
296
368
530
774
1088
1426
1651
1717
1755
1861
1995
2105
2277
2515
2636
2557
2426
2402
2427
2434
2499
2588
2538
2318
2122
2043
1966
1842
1771
1732
1563
1282
1048
903
737
554
450
365
160
-139
-370
-490
-613
-720
-749
-793
-971
-1207
-1304
-1281
-1286
-1315
-1283
-1241
-1292
-1395
-1403
-1340
-1292
-1235
-1126
-1074
-1157
-1245
-1200
-1118
-1121
-1141
-1118
-1152
-1307
-1407
-1368
-1357
-1493
-1613
-1612
-1663
-1839
-1920
-1823
-1787
-1919
-1978
-1863
-1792
-1841
-1783
-1548
-1389
-1385
-1284
-1009
-799
-718
-544
-239
-24
77
279
611
837
948
1150
1440
1621
1708
1902
2199
2379
2431
2538
2729
2845
2870
2950
3085
3141
3082
3032
3044
3017
2912
2810
2749
2643
2429
2195
2020
1860
1660
1463
1294
1091
809
527
341
210
55
-89
-181
-284
-463
-646
-715
-689
-698
-728
-709
-694
-770
-862
-837
-748
-740
-779
-756
-738
-847
-992
-1008
-976
-1040
-1173
-1275
-1364
-1521
-1692
-1772
-1798
-1879
-2017
-2144
-2251
-2358
-2423
-2423
-2380
-2348
-2363
-2405
-2418
-2361
-2254
-2131
-1996
-1842
-1726
-1652
-1553
-1393
-1205
-993
-761
-551
-412
-308
-134
110
334
534
755
956
1076
1167
1337
1562
1733
1853
1972
2071
2101
2120
2200
2306
2349
2334
2297
2243
2196
2182
2188
2140
2045
1972
1911
1815
1718
1690
1687
1623
1510
1432
1379
1281
1180
1157
1170
1096
933
780
684
614
544
445
296
112
-42
-128
-231
-419
-623
-738
-791
-918
-1137
-1315
-1375
-1392
-1462
-1577
-1687
-1775
-1815
-1767
-1706
-1726
-1801
-1830
-1752
-1652
-1629
-1643
-1606
-1488
-1373
-1339
-1388
-1406
-1278
-1081
-987
-1043
-1098
-1005
-839
-740
-740
-730
-618
-459
-358
-347
-320
-186
23
161
195
246
391
556
645
704
836
987
1059
1063
1104
1236
1328
1303
1262
1296
1363
1360
1260
1171
1167
1202
1173
1019
862
822
865
827
643
473
473
545
478
268
127
189
293
230
40
-65
8
122
79
-81
-163
-80
28
-17
-160
-233
-179
-116
-153
-268
-349
-355
-332
-361
-465
-575
-612
-602
-633
-722
-814
-858
-880
-913
-945
-960
-977
-1007
-1020
-983
-932
-917
-904
-854
-765
-672
-595
-524
-453
-371
-238
-65
54
73
103
264
505
633
603
568
706
937
1037
964
895
994
1181
1244
1130
1011
1048
1187
1240
1127
971
928
997
1032
936
789
714
735
739
643
496
408
400
391
327
198
86
24
1
-3
-71
-198
-311
-341
-313
-342
-474
-577
-567
-514
-548
-667
-744
-711
-654
-663
-734
-787
-772
-735
-717
-741
-775
-768
-729
-720
-758
-786
-761
-720
-729
-768
-780
-753
-732
-742
-748
-732
-706
-688
-686
-675
-635
-572
-517
-487
-462
-407
-315
-235
-179
-119
-40
62
149
211
276
365
469
567
633
679
727
809
907
964
984
997
1032
1082
1110
1114
1106
1097
1092
1088
1061
1011
962
936
915
856
768
688
646
611
543
456
382
324
259
199
140
86
30
-40
-90
-112
-148
-203
-252
-262
-267
-302
-357
-391
-376
-363
-384
-433
-470
-480
-465
-465
-505
-548
-577
-570
-568
-599
-635
-642
-638
-649
-665
-677
-662
-663
-668
-649
-615
-601
-607
-582
-519
-462
-451
-447
-404
-337
-281
-245
-222
-188
-136
-85
-45
-17
8
53
104
128
137
153
196
235
243
253
279
305
318
328
355
382
387
393
408
435
446
455
465
473
479
485
490
488
487
481
482
478
462
442
430
418
392
374
365
350
325
291
271
257
235
209
182
159
131
97
77
63
30
-6
-31
-54
-79
-109
-132
-142
-158
-195
-231
-248
-250
-263
-282
-295
-310
-327
-345
-345
-335
-337
-350
-360
-362
-356
-342
-326
-318
-319
-319
-312
-290
-275
-266
-240
-212
-203
-202
-189
-156
-127
-113
-95
-68
-58
-60
-41
6
38
35
22
37
71
84
86
90
102
105
104
105
118
113
98
95
99
95
82
69
58
57
50
35
24
15
12
13
7
-4
-23
-27
-17
-13
-17
-16
-12
-9
-13
-13
-3
13
27
43
58
67
65
65
98
138
157
148
146
159
179
189
201
215
222
203
174
163
167
181
189
181
152
109
81
78
97
105
90
61
29
30
44
62
51
36
51
72
70
44
32
69
119
125
107
94
82
81
93
129
152
122
62
45
88
105
58
1
6
30
-1
-72
-123
-125
-135
-176
-221
-247
-289
-362
-397
-388
-390
-450
-523
-536
-508
-503
-542
-573
-547
-501
-481
-480
-471
-443
-395
-334
-280
-231
-187
-146
-105
-54
9
63
92
126
189
263
273
228
223
292
360
346
287
261
273
251
209
222
259
229
115
39
65
111
97
60
71
89
38
-21
15
133
187
137
97
143
217
234
238
292
359
360
324
329
372
400
389
394
423
411
335
268
275
324
325
255
167
125
119
102
67
20
-13
-46
-84
-123
-148
-178
-216
-243
-250
-261
-318
-388
-417
-378
-352
-394
-459
-485
-466
-454
-461
-458
-448
-447
-443
-408
-362
-353
-358
-317
-234
-174
-170
-161
-108
-31
17
38
63
89
105
129
177
210
182
145
159
192
186
135
99
95
84
57
39
40
29
-16
-55
-50
-19
-4
-4
13
33
34
33
68
144
204
203
189
218
281
322
328
336
355
357
336
316
321
327
298
262
240
213
150
76
50
58
44
-22
-102
-140
-146
-156
-182
-215
-233
-244
-260
-270
-261
-248
-252
-258
-239
-215
-227
-254
-240
-184
-144
-149
-166
-151
-122
-110
-99
-69
-41
-42
-42
-7
30
28
13
49
97
95
75
89
129
130
110
117
144
119
67
68
114
110
37
5
45
67
-7
-59
-28
4
-33
-77
-50
-6
-23
-60
-43
5
14
-4
9
59
84
78
74
90
124
149
147
121
111
135
154
126
91
98
115
79
18
12
44
21
-54
-72
-43
-57
-131
-158
-110
-84
-136
-190
-170
-137
-165
-195
-169
-139
-158
-183
-152
-111
-120
-142
-113
-70
-74
-96
-74
-31
-21
-31
-5
38
44
21
38
88
100
77
74
116
131
111
100
126
141
117
99
107
115
92
72
79
84
70
46
44
55
41
24
19
32
26
6
11
31
35
14
18
44
56
32
21
53
80
62
42
66
96
80
45
56
88
80
31
28
59
56
8
-20
7
19
-35
-74
-55
-40
-76
-122
-114
-85
-101
-142
-141
-105
-102
-141
-145
-116
-98
-116
-128
-107
-76
-74
-87
-80
-56
-41
-46
-52
-49
-24
-19
-30
-39
-22
2
-7
-33
-35
0
6
-27
-40
-3
22
-2
-29
-2
43
30
-13
1
57
64
19
20
73
91
51
28
77
111
72
35
63
102
82
39
47
88
80
37
31
63
59
28
22
40
45
20
19
36
37
18
20
39
35
17
23
45
41
18
23
54
52
21
21
51
55
21
2
29
45
12
-14
5
21
0
-33
-31
-12
-23
-52
-54
-40
-46
-65
-69
-59
-57
-67
-68
-61
-60
-62
-61
-48
-47
-51
-49
-36
-32
-37
-42
-31
-19
-27
-34
-29
-15
-20
-35
-31
-17
-15
-29
-35
-24
-16
-25
-37
-28
-14
-12
-21
-19
-6
-4
-11
-15
-3
7
5
-3
1
10
7
4
8
15
12
12
16
17
17
19
24
26
25
27
34
37
34
36
44
47
44
41
48
56
48
38
50
61
58
45
41
51
53
36
33
41
49
39
22
22
30
25
10
5
12
15
1
-7
-5
2
-4
-15
-16
-14
-13
-17
-28
-30
-26
-22
-26
-34
-35
-30
-32
-37
-39
-37
-27
-27
-36
-35
-28
-27
-29
-35
-28
-24
-25
-31
-33
-26
-21
-26
-29
-30
-25
-24
-30
-29
-26
-26
-33
-34
-31
-29
-24
-26
-26
-27
-20
-18
-18
-10
-6
-2
0
4
14
19
19
23
29
33
43
41
40
47
54
62
60
59
64
66
67
61
59
61
59
50
47
58
58
51
42
36
41
38
32
20
22
28
31
23
13
8
6
9
6
8
4
-4
-7
-6
-4
-7
-17
-27
-24
-19
-24
-33
-42
-46
-37
-43
-52
-57
-56
-57
-61
-61
-64
-67
-69
-69
-65
-67
-77
-80
-76
-70
-69
-75
-77
-74
-66
-64
-64
-64
-62
-52
-44
-42
-42
-40
-38
-24
-12
-10
-5
-1
9
25
31
32
38
48
57
63
71
76
77
82
90
94
95
97
100
102
101
97
92
97
97
91
85
83
83
83
79
70
62
58
59
56
54
48
40
40
39
39
39
32
26
28
31
32
25
17
17
19
16
8
2
-3
-4
-9
-18
-24
-33
-43
-52
-58
-62
-72
-86
-96
-99
-99
-112
-124
-128
-130
-132
-136
-137
-140
-141
-140
-137
-129
-130
-130
-128
-117
-106
-99
-93
-88
-80
-69
-56
-46
-39
-34
-20
-3
12
13
14
23
37
54
66
67
70
78
86
93
89
85
87
98
106
104
100
92
94
94
94
92
86
80
79
86
84
70
60
61
66
67
62
53
54
61
63
59
56
55
56
57
56
56
60
55
49
53
48
44
44
37
33
30
21
14
9
-2
-12
-23
-28
-29
-36
-51
-64
-68
-67
-74
-87
-95
-93
-91
-91
-92
-99
-99
-96
-92
-86
-83
-83
-80
-74
-62
-53
-51
-53
-47
-33
-23
-20
-25
-24
-16
-12
-11
-18
-22
-23
-24
-22
-24
-28
-34
-35
-33
-37
-40
-45
-45
-42
-43
-46
-50
-50
-48
-47
-46
-42
-37
-34
-30
-23
-18
-17
-13
-7
2
12
22
26
36
49
55
63
69
80
91
102
112
114
119
118
121
124
130
136
135
141
139
135
132
131
131
128
126
122
119
114
109
104
97
98
94
88
83
78
77
70
64
56
49
40
30
25
20
16
3
-7
-18
-23
-29
-37
-44
-55
-64
-71
-81
-92
-103
-115
-125
-134
-144
-160
-174
-190
-199
-212
-224
-234
-242
-250
-257
-258
-260
-261
-265
-262
-257
-251
-244
-241
-232
-218
-200
-186
-170
-153
-133
-111
-86
-60
-46
-27
-6
20
44
65
86
103
128
151
171
190
207
224
238
255
266
270
271
276
285
286
291
294
290
287
288
286
278
275
266
259
250
240
227
211
204
197
181
168
156
142
128
116
103
82
65
49
30
12
-5
-24
-39
-55
-74
-96
-110
-126
-143
-159
-171
-183
-200
-214
-228
-241
-255
-270
-281
-296
-310
-319
-331
-341
-347
-358
-360
-363
-360
-358
-359
-354
-342
-334
-323
-305
-287
-269
-252
-232
-208
-180
-153
-126
-99
-64
-25
5
40
78
108
140
176
207
234
262
288
310
329
355
382
397
412
427
436
442
450
447
441
439
441
437
426
421
409
398
389
374
357
337
319
293
269
249
223
195
173
156
125
93
67
44
17
-14
-40
-69
-95
-124
-150
-174
-201
-228
-257
-279
-296
-318
-343
-359
-372
-387
-399
-411
-423
-437
-449
-456
-468
-476
-481
-482
-482
-481
-480
-473
-465
-464
-451
-439
-425
-406
-391
-370
-343
-315
-287
-258
-223
-190
-157
-122
-88
-49
-12
28
71
115
156
199
238
279
314
342
368
397
426
454
475
491
514
529
550
562
570
573
564
562
557
550
539
529
518
509
496
474
459
437
411
387
363
337
304
270
240
211
186
151
121
93
62
41
15
-16
-50
-84
-112
-140
-174
-210
-235
-259
-281
-303
-328
-350
-374
-398
-424
-445
-467
-490
-512
-529
-545
-556
-564
-569
-575
-583
-585
-584
-584
-583
-577
-557
-543
-531
-511
-478
-438
-409
-385
-348
-303
-269
-234
-194
-148
-110
-73
-19
30
72
110
148
198
241
273
297
328
359
382
404
426
454
468
482
504
523
533
533
539
546
548
542
539
541
539
531
528
522
514
499
482
472
458
438
414
393
367
340
315
292
265
238
212
191
165
128
91
59
28
-12
-56
-84
-108
-139
-170
-202
-226
-260
-296
-329
-359
-392
-426
-453
-475
-493
-512
-530
-543
-549
-566
-579
-581
-586
-581
-578
-566
-548
-532
-513
-492
-461
-437
-408
-378
-341
-303
-270
-235
-195
-155
-119
-81
-44
-9
25
60
97
123
143
169
198
225
236
238
247
271
281
284
280
290
301
301
300
296
298
297
307
309
304
291
290
298
300
289
276
275
282
286
277
262
247
244
241
228
219
202
194
196
195
185
158
138
133
129
113
81
57
50
47
37
8
-22
-40
-52
-66
-91
-131
-162
-165
-169
-186
-212
-238
-243
-232
-243
-269
-283
-288
-277
-272
-277
-283
-269
-251
-232
-221
-221
-213
-199
-169
-157
-152
-140
-125
-90
-64
-60
-62
-45
-24
-6
-2
-7
-3
14
37
39
35
28
32
48
47
30
25
31
41
59
56
43
43
52
65
64
55
51
57
78
83
70
70
73
79
92
83
71
64
70
82
75
66
51
49
60
61
51
43
33
34
49
40
25
16
18
21
17
11
-8
-7
5
3
-8
-27
-31
-21
-13
-33
-51
-53
-42
-29
-36
-56
-72
-52
-34
-33
-48
-58
-42
-22
-8
-23
-36
-28
-7
17
9
-8
1
28
43
35
16
12
31
54
51
26
26
44
62
64
40
26
43
58
55
46
26
30
51
53
34
22
31
46
48
32
11
14
39
40
17
3
0
18
29
6
-14
-18
6
7
-14
-35
-35
-18
-1
-18
-47
-42
-28
-14
-22
-42
-56
-35
-15
-33
-55
-62
-51
-28
-29
-50
-61
-43
-38
-44
-44
-58
-54
-36
-40
-55
-56
-53
-41
-32
-37
-38
-32
-16
-19
-26
-33
-24
-8
-8
-19
-22
-8
1
6
2
-4
4
18
18
5
4
12
22
26
17
5
8
20
30
26
20
17
27
31
22
15
25
34
41
35
19
25
37
42
35
28
26
31
41
42
33
36
45
46
36
27
24
32
44
45
33
29
33
35
39
34
30
34
28
19
8
2
6
12
16
15
3
-6
-7
-12
-13
-12
-19
-25
-33
-36
-34
-32
-38
-37
-39
-41
-44
-55
-59
-64
-63
-53
-55
-62
-69
-70
-64
-65
-62
-63
-56
-50
-52
-60
-68
-62
-55
-47
-41
-39
-29
-22
-22
-21
-18
-13
-8
-5
-9
-15
-8
-3
6
12
21
25
27
25
28
31
36
36
39
43
44
38
36
42
49
55
58
60
62
61
58
59
64
62
62
55
54
58
57
62
63
64
59
52
45
45
43
38
45
45
41
34
28
23
18
14
6
2
-4
-6
-4
-8
-3
-3
-11
-22
-29
-32
-30
-26
-26
-26
-25
-28
-31
-28
-28
-26
-25
-30
-37
-42
-38
-34
-32
-26
-23
-31
-32
-37
-37
-32
-34
-37
-42
-47
-45
-42
-40
-33
-29
-38
-39
-45
-48
-46
-43
-36
-36
-31
-36
-33
-29
-28
-22
-17
-10
-15
-14
-11
-14
-12
-10
-3
3
11
13
20
20
20
23
23
26
28
28
28
27
24
30
29
35
38
41
38
37
38
42
41
41
43
40
39
34
26
26
33
33
36
38
38
39
31
27
30
29
26
23
19
18
19
20
20
18
17
15
10
3
2
3
5
8
8
1
0
-3
-7
-9
-14
-17
-17
-21
-22
-22
-23
-21
-24
-25
-30
-37
-39
-38
-38
-37
-35
-29
-27
-32
-34
-32
-27
-27
-30
-28
-26
-24
-24
-22
-18
-15
-18
-19
-17
-12
-13
-16
-14
-12
-8
-7
-4
-2
-2
-3
-4
-5
-3
0
-4
-5
-2
-1
-1
3
2
5
9
10
13
16
15
15
14
16
19
20
22
23
23
24
24
23
25
26
23
19
21
23
25
21
19
21
20
21
20
15
15
18
18
14
11
11
10
8
8
8
6
5
6
7
7
5
3
1
-2
0
-6
-6
-6
-5
-6
-10
-9
-10
-11
-10
-9
-6
-6
-9
-10
-10
-14
-14
-13
-15
-15
-16
-16
-15
-16
-18
-20
-16
-17
-18
-15
-16
-16
-14
-13
-15
-10
-12
-13
-12
-14
-13
-14
-12
-17
-18
-18
-18
-15
-12
-9
-9
-5
-6
-4
-3
-2
3
6
9
9
