-5
3
2
-4
0
3
-3
0
4
1
-2
2
3
-3
-1
2
-2
-3
3
2
-3
2
3
-5
-2
4
-2
-2
5
3
-4
0
0
-4
2
6
-2
-3
4
0
-1
1
1
1
-2
1
2
-3
-1
4
0
-6
3
4
-9
-2
6
-9
-7
9
-3
-11
11
6
-16
4
13
-13
-3
19
-8
-14
17
3
-21
9
13
-18
-1
18
-11
-12
20
-1
-17
13
9
-17
4
15
-12
-8
13
-2
-12
8
5
-12
3
10
-8
-4
10
-2
-8
5
3
-9
1
7
-4
-3
8
2
-5
3
1
-5
1
1
-1
0
2
-1
-2
3
-1
-4
0
0
-6
3
4
-5
1
9
-5
-3
11
-3
-8
9
6
-13
4
11
-14
-5
16
-7
-10
16
2
-14
9
12
-16
-3
15
-9
-8
11
-1
-10
5
8
-8
-2
10
-3
-4
6
0
-1
0
2
3
-3
0
4
2
-3
0
5
-4
0
4
-4
-4
4
0
-3
4
-4
3
6
-8
0
8
-7
-5
14
-1
-15
12
10
-22
4
25
-24
-8
34
-18
-24
33
-1
-29
26
5
-27
19
9
-27
19
5
-32
27
11
-41
26
30
-63
19
49
-64
4
62
-46
-21
58
-19
-33
31
11
-37
9
23
-28
8
5
-15
24
-22
-8
42
-29
-26
54
-14
-44
41
20
-46
-6
70
-42
-55
97
-22
-81
77
20
-86
37
58
-76
3
62
-42
-18
40
-11
-12
11
-9
15
-4
-35
43
16
-78
44
69
-110
-11
147
-106
-94
188
-38
-164
135
98
-211
16
230
-176
-141
293
-52
-279
249
114
-324
93
266
-251
-118
333
-87
-286
285
102
-351
136
246
-284
-47
283
-114
-197
206
89
-268
72
227
-225
-64
239
-77
-169
150
96
-207
10
219
-155
-137
266
-58
-219
215
53
-225
93
152
-179
-37
210
-118
-126
223
-67
-143
167
3
-155
117
62
-173
90
87
-158
46
130
-173
27
146
-167
19
127
-113
-32
139
-71
-95
173
-51
-148
193
-8
-222
215
50
-291
214
102
-282
107
203
-234
-72
335
-192
-205
369
-95
-278
293
39
-288
157
148
-218
-21
243
-148
-126
247
-90
-136
168
-22
-100
86
-8
-16
-15
18
13
-37
28
-33
69
-69
-9
117
-124
13
91
-63
-52
84
16
-109
55
84
-141
41
73
-76
12
-6
45
11
-143
168
28
-252
203
70
-220
10
270
-207
-174
406
-130
-318
378
70
-486
347
171
-461
189
256
-332
-54
399
-267
-177
440
-189
-259
423
-125
-287
343
-56
-236
169
141
-285
97
239
-314
83
214
-303
116
130
-282
218
1
-196
209
8
-181
83
193
-311
52
311
-363
54
236
-172
-99
185
35
-278
271
-49
-135
161
-85
18
5
-1
-56
64
-10
-89
72
102
-172
40
200
-201
-58
188
-21
-273
236
111
-311
134
210
-229
-36
221
-109
-101
80
43
-69
-97
169
-48
-69
52
57
61
-243
243
65
-377
247
103
-344
150
187
-259
98
104
-56
-29
6
82
-123
35
-45
108
-80
-152
429
-354
-7
302
-226
-94
201
-36
-162
112
69
-33
-166
263
-64
-207
184
35
-123
-86
336
-193
-217
489
-328
-116
332
-234
-54
208
-120
-17
159
-193
146
-62
-59
80
-115
196
-311
312
-31
-328
490
-293
-53
164
-46
-97
-38
333
-505
389
-35
-245
362
-287
178
-135
110
-108
-4
104
-206
229
-182
107
88
-262
300
-102
-203
303
-144
-91
90
66
-172
87
51
-41
-13
-41
164
-204
70
16
58
-197
127
149
-261
100
185
-192
-75
225
-46
-224
218
168
-452
374
-3
-219
163
-51
72
-198
262
-122
-23
99
-141
234
-321
209
83
-352
353
-33
-312
387
-125
-229
242
54
-380
342
85
-475
405
50
-352
186
302
-558
232
351
-555
142
449
-569
65
506
-551
107
344
-303
-79
286
-125
-204
353
-224
15
-1
98
-115
13
121
-197
247
-334
268
-4
-240
144
204
-330
-57
571
-503
-131
564
-285
-378
493
180
-879
799
-54
-526
397
56
-185
-157
472
-413
56
193
-168
47
-11
-78
204
-262
17
345
-418
30
422
-431
6
353
-305
16
32
227
-461
372
-27
-270
423
-468
400
-88
-325
489
-130
-381
476
-1
-347
110
460
-535
-6
608
-491
-96
465
-191
-231
360
-178
118
-179
121
122
-231
20
317
-208
-294
585
-253
-351
515
-114
-372
363
6
-192
0
268
-217
-105
231
-124
-40
27
56
0
-106
78
83
-110
-120
333
-315
-93
489
-596
282
256
-617
408
188
-645
335
419
-890
421
522
-1057
631
288
-845
572
58
-553
398
156
-574
401
204
-622
345
405
-807
355
534
-1026
674
139
-615
566
-110
-116
-33
501
-708
482
195
-705
656
-68
-215
-92
757
-910
415
213
-321
17
65
353
-756
648
-194
32
-307
537
-256
-411
790
-622
108
122
52
-359
451
-251
-109
233
-86
-47
-55
300
-435
240
42
-61
-77
32
269
-566
506
-275
61
57
-237
292
-107
-145
48
510
-1059
822
-12
-606
546
-45
-146
-85
284
-132
-161
141
209
-481
358
42
-288
131
200
-432
137
346
-478
142
416
-546
159
290
-412
216
-50
190
-394
501
-369
106
116
-306
352
-240
61
37
83
-329
278
101
-480
408
213
-720
555
235
-785
473
447
-899
334
672
-954
150
884
-1029
95
939
-1041
236
417
-263
-426
636
-14
-646
614
-53
-145
-255
578
-108
-661
742
95
-814
465
447
-608
-345
1229
-767
-637
1453
-748
-489
874
-185
-586
461
265
-708
372
285
-745
670
-392
73
87
4
-61
-30
479
-690
333
408
-665
70
753
-837
-8
664
-507
-364
654
-36
-852
947
-58
-782
737
116
-791
644
78
-652
628
-221
-157
256
-180
-22
190
-184
-134
472
-346
-154
570
-193
-576
845
-193
-770
876
-113
-577
374
397
-649
43
521
-427
-159
349
-16
-228
8
460
-402
-46
375
-115
-267
183
274
-491
202
269
-327
-14
90
133
-477
293
358
-701
485
171
-412
-21
527
-558
32
554
-479
-66
530
-569
62
304
-249
-126
414
-133
-437
668
-318
-327
464
131
-669
530
195
-580
101
602
-616
-98
744
-577
-97
407
-149
-294
282
122
-426
436
-294
183
-76
-79
200
-166
240
-508
718
-489
-157
580
-459
-4
205
48
-524
737
-478
-82
635
-680
375
39
-26
-214
354
0
-542
652
-149
-570
591
-125
-332
76
303
-186
-506
962
-610
-125
571
-188
-315
495
-11
-451
468
-217
85
-145
-11
420
-664
234
424
-722
346
237
-362
22
356
-316
-72
219
-55
-206
27
449
-792
687
-110
-520
799
-562
105
136
70
-262
172
153
-444
280
38
-373
426
-101
-208
304
-70
-168
267
-191
39
176
-366
208
94
-247
-35
458
-480
31
389
-396
-7
401
-115
-586
1167
-945
-56
861
-866
235
297
-111
-577
1114
-1093
315
513
-826
486
137
-407
145
234
-448
260
99
-158
-53
503
-633
367
227
-691
796
-385
-201
517
-227
-347
501
-114
-393
279
325
-844
519
439
-1164
866
78
-645
115
826
-1061
376
549
-632
-63
693
-466
-433
1046
-714
-32
389
-37
-431
410
-156
21
-175
362
-169
-237
520
-419
86
-96
403
-475
104
390
-426
44
124
-31
-78
84
-82
189
-227
71
227
-468
421
73
-573
512
167
-732
419
353
-757
353
293
-515
254
209
-399
142
280
-368
100
166
17
-231
-14
492
-635
126
438
-486
57
296
-194
-269
434
-44
-472
433
229
-653
311
448
-655
129
528
-679
219
316
-555
255
221
-467
258
102
-284
220
-3
-229
376
-26
-546
830
-264
-661
1009
-437
-417
793
-337
-436
723
-189
-728
969
-252
-717
880
-290
-387
419
46
-622
715
-230
-590
997
-592
-152
577
-314
-307
789
-702
60
530
-429
-334
640
-51
-892
1132
-340
-526
771
-225
-452
735
-376
-54
169
151
-428
326
-27
-391
793
-973
657
143
-719
562
117
-445
187
326
-311
-229
663
-481
-227
689
-512
-24
222
-131
75
-417
608
-254
-459
839
-568
23
72
308
-623
371
343
-749
669
-279
72
-10
19
-68
259
-355
62
556
-934
516
366
-832
223
780
-1076
167
896
-965
-165
1141
-953
-260
1324
-1212
217
808
-929
185
581
-642
64
517
-396
-202
790
-774
125
658
-1052
702
36
-488
374
136
-369
144
162
-230
-68
223
-45
-260
423
-342
259
-240
73
365
-841
834
-141
-714
840
-30
-831
711
320
-1085
633
528
-1084
462
578
-796
97
725
-658
-247
966
-726
-248
871
-535
-269
506
51
-739
663
-24
-580
599
-325
109
-87
169
-273
348
-172
-376
906
-788
-131
1099
-1101
96
995
-1078
216
655
-632
-180
845
-618
-191
704
-295
-544
876
-212
-830
1191
-566
-327
455
273
-862
401
709
-1269
600
590
-964
360
467
-471
-86
446
-111
-481
719
-366
-121
280
-21
-283
143
407
-977
845
-156
-564
634
-227
-157
150
41
-242
245
-79
-262
529
-341
-306
938
-890
117
660
-710
28
459
-274
-287
433
-14
-376
342
28
-246
333
-406
551
-341
-228
685
-387
-347
577
118
-979
1064
-413
-105
148
54
-9
-221
498
-653
565
-142
-391
526
44
-664
503
412
-1093
683
245
-766
336
312
-621
285
314
-708
435
384
-1108
818
412
-1386
1059
127
-605
-31
712
-313
-637
902
-96
-774
597
461
-1292
997
-46
-550
283
250
-377
-187
806
-910
402
76
-28
-171
121
164
-164
28
-44
229
-254
226
-186
121
70
-74
-100
247
-196
54
122
-287
210
213
-614
458
182
-780
663
109
-842
658
325
-960
532
162
-92
-507
599
81
-761
845
-386
-93
192
76
-281
92
351
-661
589
-139
-393
558
-130
-429
450
160
-777
808
-332
-130
49
269
-115
-521
808
-155
-477
163
683
-804
-21
709
-562
-101
453
-242
-315
603
-385
-218
648
-582
129
398
-479
-24
636
-490
-460
1101
-484
-739
1297
-641
-377
858
-489
-135
231
346
-824
448
183
-334
-20
-28
402
-442
-22
484
-500
116
383
-524
134
372
-231
-435
732
-407
70
-219
390
-47
-588
871
-407
-265
490
-48
-531
706
-427
78
115
-99
-51
193
-200
-53
410
-555
246
85
6
-456
526
-93
-95
-344
772
-409
-445
837
-615
347
-546
865
-668
-161
942
-873
129
471
-421
118
12
81
-120
41
148
-422
466
-222
-183
267
-159
-42
221
-375
297
83
-390
355
-6
-305
358
-118
-81
-74
419
-317
-288
757
-462
-219
533
-337
-144
529
-644
397
133
-521
556
-136
-517
832
-387
-571
985
-410
-690
1254
-816
-211
1062
-1053
509
160
-433
343
104
-597
656
-170
-459
631
-327
-197
480
-162
-608
1071
-558
-434
924
-600
-119
488
-393
128
-26
207
-222
69
105
40
-79
-275
640
-467
-54
35
662
-1274
712
601
-1521
1046
59
-460
-121
943
-836
70
755
-906
378
370
-622
-1
799
-957
163
786
-1068
514
323
-663
407
156
-601
696
-387
-215
841
-926
361
454
-815
283
590
-953
307
585
-737
-7
606
-328
-369
644
-323
165
-479
567
90
-1136
1512
-792
-177
669
-456
-57
400
-494
-6
605
-741
302
181
42
-562
743
-486
76
173
-513
650
-539
244
-284
551
-503
-144
879
-751
-86
856
-614
-286
891
-523
-521
1048
-626
-453
876
-219
-674
623
371
-1006
668
58
-302
59
-75
434
-622
244
362
-456
1
479
-176
-630
1032
-493
-557
1076
-758
7
562
-591
182
380
-562
202
501
-684
244
586
-772
174
588
-574
-212
829
-415
-698
1208
-523
-517
593
392
-916
187
1043
-1113
100
667
-324
-261
269
151
-56
-473
452
426
-1169
720
551
-947
-106
1321
-1101
-380
1444
-981
-209
802
-365
-418
822
-738
325
384
-836
617
222
-763
251
570
-1017
747
-294
-134
502
-467
-30
313
344
-1493
1578
-179
-1272
1106
321
-1123
290
1108
-1499
531
865
-1361
713
594
-1345
1087
-58
-774
754
9
-868
868
121
-1351
1490
-139
-1360
1341
255
-1515
857
785
-1449
432
1032
-1443
711
369
-874
757
-374
-22
232
-167
-198
345
147
-708
751
-59
-513
814
-665
213
587
-1003
658
248
-744
388
517
-990
614
451
-1149
883
108
-872
673
325
-1228
932
392
-1420
960
421
-1150
466
683
-1004
229
548
-557
-205
758
-520
-255
627
-360
-212
94
276
-498
74
240
-212
-137
237
-53
-414
555
-124
-777
1153
-666
-365
903
-752
164
85
160
-626
740
-356
-357
818
-673
-79
691
-414
-655
1386
-1077
-161
997
-889
-110
594
-269
-504
654
-460
155
30
-544
980
-914
178
519
-512
-117
513
105
-1115
1355
-464
-372
603
-330
324
-11
-257
530
-44
-232
229
224
-258
-67
568
-538
86
376
-209
-216
322
79
-361
68
343
-354
-250
494
-224
-303
263
4
-107
-113
109
113
-354
311
-114
-65
248
-291
78
478
-613
54
809
-635
-261
674
262
-1148
761
565
-1022
169
822
-630
-398
788
-127
-689
452
297
-691
185
270
-341
-340
751
-584
-252
530
-192
-370
126
250
-292
-127
198
208
-643
423
118
-162
-345
540
246
-853
673
149
-143
-229
473
420
-926
706
690
-1004
368
959
-729
-246
1488
-852
-284
1569
-820
-195
1213
-307
-384
1139
-262
-223
836
59
-374
733
419
-568
543
674
-545
323
783
-561
311
595
-326
-159
827
-158
-554
890
-172
-398
278
-10
-162
-287
258
-245
-459
213
-143
-837
354
-285
-722
174
-337
-299
-747
473
-794
-491
114
-255
-758
-241
333
-1155
-126
112
-382
-1130
898
-857
-678
191
-283
-275
-1045
947
-690
-1122
845
-284
-1450
897
73
-1570
659
599
-1560
274
842
-1006
-212
1109
-1054
423
742
-585
239
664
324
-596
1256
145
226
563
526
148
549
562
256
491
432
1113
-182
266
1356
-72
-216
1988
-568
404
1742
-524
391
1526
219
-361
1932
322
-250
1843
284
-220
1607
388
62
1020
581
120
461
576
104
198
187
105
-239
-123
-88
-668
-687
-186
-905
-1238
-538
-1115
-1724
-896
-1432
-1812
-1144
-1405
-1924
-1417
-1300
-2040
-1110
-1338
-1790
-1066
-755
-1733
-592
-607
-1554
-256
-407
-865
-475
134
-403
-446
67
24
-498
315
-17
-223
215
389
143
-863
1177
-4
-792
1213
-53
12
467
971
-497
302
1675
-1129
964
1684
-523
1161
1173
180
667
939
977
359
1449
1021
437
1560
347
834
1256
532
1139
1472
530
926
1914
166
850
2084
58
1094
2451
89
1410
2088
346
1338
1614
926
670
1830
927
1084
1769
893
924
271
-128
152
1013
956
652
-361
-571
-536
-968
-1328
-711
-621
-791
-891
-1892
-1800
-1470
-2223
-2768
-1698
-1269
-807
-1309
-2191
-2280
-1712
-1824
-1541
-528
-805
-562
-510
-1332
-1176
-137
-1098
-741
241
62
116
-784
-357
-1324
-664
71
-689
201
-655
-423
-1369
-782
-519
-1318
-214
-308
-620
-536
-393
-1151
-588
-727
-380
615
-266
-145
161
-744
-129
537
-353
291
1601
-190
257
1149
-272
315
1269
346
749
1613
541
691
691
534
957
1021
737
1165
1189
156
968
1142
-387
1047
1701
-57
783
1547
-458
349
1393
370
548
1296
760
414
1246
907
901
807
1420
1696
1326
1393
1623
1353
1141
1689
1434
1786
2115
1398
44
951
1444
1036
653
144
177
531
-53
-1186
-799
-429
-884
-1312
-1398
-1175
-802
-1805
-2563
-1986
-1036
-802
-1353
-1540
-1201
-893
-789
-1133
-569
-25
-46
51
-69
266
398
119
-358
-193
470
1061
-211
-577
-242
-580
-528
-808
-861
-914
-661
-1502
-1682
-826
-1848
-2185
-1126
-1967
-1725
-829
-2255
-2299
-1318
-2003
-2088
-1099
-1509
-2195
-1145
-1232
-2123
-1097
-1096
-1666
-567
-542
-1235
-360
-301
-1177
-342
263
-781
734
234
-609
679
594
-421
459
1426
-708
1074
1749
-754
1391
918
-57
1543
1173
380
1174
2066
224
1066
2086
738
1664
2170
1165
1869
2612
1740
1737
2778
2418
2595
2830
2544
2932
3265
2649
2859
3455
2601
3086
2746
2383
2838
2578
1849
2081
1916
1182
1383
857
364
150
279
-491
-631
-890
-1201
-1349
-1661
-1957
-1843
-1688
-1856
-2065
-1935
-1538
-1779
-1741
-1316
-1007
-1142
-618
-450
-645
-213
161
-348
-79
443
-4
158
76
-145
128
-241
-430
-619
-517
-749
-1078
-1185
-1498
-1096
-1492
-1931
-1712
-1734
-2334
-2328
-1774
-1986
-2189
-2236
-2043
-2399
-2244
-1971
-2428
-1846
-1549
-1876
-1597
-1501
-1593
-1121
-1209
-1480
-258
-30
-1457
-22
115
-725
62
638
-314
427
1569
-581
506
1474
452
-19
1363
1286
418
1041
1025
441
702
1568
540
259
2016
1311
-218
2022
1483
330
1651
1899
1069
2159
2383
1248
2152
2424
2369
2637
2389
2691
3283
2453
2767
3220
2698
2482
2829
2352
1740
2826
2591
1566
1408
1409
821
560
284
-361
-450
-220
-846
-1834
-1826
-1683
-2486
-2939
-2616
-2666
-2588
-2642
-3171
-3022
-2707
-2595
-2392
-2325
-1918
-1227
-1217
-1548
-906
-483
-488
-301
316
427
459
689
133
5
519
705
276
93
332
140
-552
-629
-774
-1062
-519
-1054
-1422
-1103
-1409
-2296
-1981
-1826
-2052
-1907
-1896
-2174
-2323
-1762
-2451
-2428
-1831
-1436
-1834
-1511
-853
-1601
-1228
-715
-721
-257
39
-134
382
390
338
832
413
1151
1774
771
1422
1882
826
1560
2228
394
2354
2466
551
1649
2238
534
1031
2763
171
1279
2541
1049
509
2512
1202
678
2512
1783
1824
2064
2639
1930
2170
2744
3186
2557
2722
3605
2849
2667
3482
2927
2565
3124
2344
1904
1958
2399
2160
1480
715
789
562
-339
-608
-887
-873
-956
-1941
-2594
-2432
-2579
-3225
-3709
-3473
-3217
-3004
-3556
-4014
-3488
-3125
-3207
-3151
-2589
-1830
-1839
-1971
-1605
-1282
-690
-426
-570
-128
656
531
-21
-75
271
750
427
32
320
230
-218
-698
-772
-636
-574
-866
-1401
-1277
-1265
-1756
-2308
-2099
-1564
-1827
-2512
-2373
-2082
-2514
-2466
-2292
-2310
-1852
-1865
-2231
-1734
-1209
-1399
-1305
-541
-248
-121
-364
209
1020
317
922
1791
858
1757
2564
603
2163
3513
196
3160
2757
1567
2556
2139
2207
1672
3302
753
2540
2013
1419
2325
1034
2281
2245
1467
1729
2438
1543
2174
2566
2257
2162
3360
2428
2751
3422
2920
3046
3399
3361
3038
3562
2795
3148
3136
2722
2149
1857
1721
2400
2005
893
470
101
335
-282
-1509
-1539
-519
-1565
-3066
-3126
-2897
-2992
-3646
-4474
-4275
-3477
-3660
-4479
-4756
-4308
-3549
-3881
-3865
-3136
-2533
-2656
-2834
-2299
-1800
-1122
-1180
-1177
-822
-25
119
-533
-917
-153
546
-26
-240
-60
25
-448
-1054
-983
-363
-292
-966
-1461
-1282
-1044
-1617
-2233
-2096
-1697
-1627
-2008
-2733
-2856
-2516
-2787
-2856
-2397
-2292
-2631
-2602
-2607
-2217
-1753
-1748
-1161
-456
-488
-539
251
203
503
1112
1822
1778
2210
2390
992
3320
2654
1955
2774
3556
3033
1693
3333
2260
1976
2672
3584
1437
2108
3150
1013
1673
2771
2239
1261
2973
2357
1359
2440
2836
1881
3115
3537
2435
3126
3598
2887
3267
4054
3316
3637
3510
3350
3196
3008
2653
2866
2961
2139
1591
1591
1308
654
753
788
-354
-1212
-663
-1080
-1987
-2577
-2624
-2419
-2656
-3372
-4284
-3805
-3317
-4107
-4439
-4141
-3095
-3160
-4007
-3809
-2854
-2582
-2996
-2155
-1501
-1356
-1339
-1264
-1099
-519
3
-354
-287
347
530
111
-354
-212
434
310
-259
-33
-113
-527
-716
-810
-806
-780
-906
-1701
-1623
-1530
-1647
-2269
-2505
-2067
-2241
-2766
-2855
-2672
-3074
-2923
-2823
-2747
-2382
-2327
-2645
-1988
-1409
-1330
-845
-294
29
482
673
447
1567
2089
1862
2186
2586
2833
2705
1881
3073
3699
1635
2981
3482
1872
1987
2532
2066
2067
2402
1529
1345
1649
1651
1320
1706
1880
1430
1057
1774
1945
1786
1937
2397
2272
2475
3047
1752
2325
3446
3093
2405
3165
3039
2360
2299
1914
2075
2204
1647
1592
1604
334
-614
-570
231
425
-809
-2051
-1787
-1657
-2587
-3692
-3566
-2640
-2305
-3688
-4801
-3935
-3369
-4348
-4853
-3687
-2635
-2800
-3408
-3573
-3169
-2328
-2009
-2001
-1514
-387
-416
-1280
-1152
-32
495
139
86
821
1327
811
26
-106
724
1389
1090
316
259
731
218
-827
-475
483
72
-1306
-1602
-1177
-1060
-1536
-2180
-2471
-1889
-1783
-2885
-3367
-2522
-2400
-2971
-2683
-2273
-2218
-2251
-1902
-1534
-680
-212
-399
445
1476
1116
1109
2224
2551
2470
3029
3751
3487
2252
3506
3778
2816
3545
3489
2420
3014
3177
1658
2220
3088
1778
1340
2381
1428
1338
1339
1038
1369
1734
1070
629
1491
1748
1317
1325
2065
2273
2029
1405
2086
2635
2427
1985
2172
2606
2327
1591
1395
1565
1184
1122
1651
1154
-511
-1774
-1276
602
323
-1997
-3239
-2293
-1583
-3264
-4944
-3943
-1923
-2942
-5707
-5413
-3293
-3371
-5401
-5731
-3478
-2004
-3075
-4808
-4457
-2302
-1390
-2539
-2700
-830
75
-1127
-1717
-370
1015
791
-324
166
1830
2072
611
-286
833
2443
2410
867
556
1658
1809
723
219
1056
1724
803
-690
-832
223
119
-1089
-1511
-1032
-931
-1835
-2506
-2269
-1576
-1790
-2478
-2422
-1780
-1739
-1999
-1352
-650
-345
-422
134
1325
1520
1552
2273
2938
3189
3372
3763
4117
4167
3703
3969
4173
3904
3512
2987
3294
2570
3307
2138
1468
2412
1700
1140
641
1568
672
450
560
402
607
506
250
233
956
948
667
1226
1564
917
1256
1867
1706
1379
2178
2196
1578
1244
1469
1370
702
559
1340
1401
-411
-2371
-2057
29
396
-1770
-3913
-3287
-1711
-2735
-5580
-5375
-2501
-2139
-5542
-7264
-4873
-3081
-4771
-6718
-5240
-2454
-2896
-5433
-5943
-3289
-1420
-2642
-3687
-2077
-78
-1062
-2774
-1799
863
1513
-314
-1059
899
2253
957
-703
346
2610
2785
1033
162
1384
2225
1167
206
1198
2373
1349
-618
-704
601
569
-995
-1347
-326
-344
-1982
-3045
-1961
-1161
-2051
-3039
-2446
-1662
-2276
-2989
-2403
-876
-919
-1640
-799
655
721
261
1304
2714
3212
2779
3033
4089
4947
4278
3702
4753
4967
4530
3548
4428
3838
3996
3492
2122
3720
3178
1543
1411
2857
1662
675
1083
795
1003
1170
286
394
1416
940
394
1233
1876
1194
1335
1883
2226
2001
2101
2435
2548
2083
1998
2027
1928
1803
1787
1631
596
-423
-528
712
769
-958
-2454
-2298
-1216
-1990
-4152
-4204
-2394
-2240
-4810
-6211
-4729
-3217
-4386
-5940
-4914
-3196
-3706
-5471
-5288
-3180
-2141
-3335
-3798
-2193
-987
-1879
-2743
-1518
326
534
-680
-838
548
1227
351
-136
930
1922
1502
555
530
1360
1554
760
348
976
1398
540
-629
-785
42
-8
-1421
-2073
-1265
-979
-2173
-3391
-2911
-2014
-2754
-3918
-3471
-2409
-2828
-3895
-3620
-2255
-2045
-2736
-2138
-699
-332
-807
-242
1364
2060
1755
1976
3303
4444
4104
3327
3715
4932
5060
4183
3637
4291
4610
3681
2391
2961
4304
2156
1079
2437
2834
1686
529
280
1249
2017
741
373
1494
1664
752
905
1739
2506
2577
2175
2299
2883
3255
3049
2643
2895
4032
3806
1936
1436
2868
3281
1737
109
389
1458
1018
-736
-1900
-1520
-910
-1521
-3254
-3747
-2530
-2476
-4308
-5334
-4198
-2943
-3621
-5324
-5075
-3327
-3021
-4218
-4550
-3259
-1874
-2257
-3428
-2633
-828
-718
-1831
-1558
107
881
-159
-1028
234
1699
1151
-60
152
1363
1808
789
-69
686
1624
844
-373
-70
874
651
-706
-1347
-940
-770
-1606
-2111
-1693
-1694
-2661
-3507
-3488
-2965
-3004
-3595
-3662
-3381
-3579
-4017
-3683
-2967
-2605
-2834
-2566
-1600
-1279
-1197
-498
452
1154
1489
1737
2486
3264
3384
3389
4112
4649
4331
3734
3782
4222
4034
3474
3472
3116
2477
2599
1954
1906
2067
1708
1266
1063
746
917
1444
776
795
1544
1860
1140
1090
2015
2846
2675
2330
2465
3099
3476
3127
2722
3020
3403
2589
1717
2012
3136
2204
-151
-720
1107
1483
-1017
-2949
-1640
-57
-1794
-4710
-4383
-1918
-1983
-4647
-5948
-3865
-2229
-3925
-5864
-4497
-2213
-2584
-4315
-4046
-1986
-1205
-2391
-2754
-1119
339
-320
-1452
-622
1218
1594
374
-116
1116
2168
1571
599
984
2034
2017
1156
752
1356
1866
1287
453
575
1322
1321
198
-574
-648
-603
-822
-886
-624
-998
-2367
-3432
-2826
-1688
-2002
-3010
-3083
-2513
-2597
-3328
-3222
-2095
-1312
-1680
-1914
-1315
-793
-742
-20
1354
1917
1476
1319
2240
3537
3678
3221
3703
4204
3728
2987
2949
3589
3835
2890
1925
1946
1762
1438
1453
1547
1540
1048
120
248
1131
917
639
874
1215
1229
713
692
1658
2436
2180
1777
2226
2413
2076
2085
2878
3392
2174
787
579
1787
2381
1457
-312
-1418
-1162
-559
-1419
-3032
-3365
-2405
-2664
-4866
-6187
-5037
-3438
-4393
-6222
-6074
-4305
-4129
-5874
-6276
-3850
-2057
-3229
-4860
-3734
-1314
-1036
-2394
-1991
371
943
-766
-1297
952
2621
1299
-218
803
2557
2125
578
756
2226
2499
1209
514
1292
1673
1033
563
889
1144
661
-232
-1377
-1765
-1047
1
68
-1739
-3805
-3753
-2195
-1725
-2790
-3054
-2366
-2410
-3336
-3834
-2532
-810
-831
-1770
-1420
-597
-661
-417
1020
2419
2489
1505
1539
3052
4167
3928
4042
4928
4891
3881
3379
3997
4966
4834
3787
3001
2448
2030
2245
2845
2993
2279
954
680
1726
1931
1490
1717
2125
2262
1714
994
1575
3009
3404
2783
2573
2611
2615
2801
3237
3704
3577
2542
1324
767
1214
2687
3426
1181
-2284
-2663
-231
343
-2718
-4828
-2875
-923
-3923
-8573
-7676
-2782
-2062
-6705
-9018
-5731
-3054
-5668
-8646
-6118
-1368
-1873
-6341
-6954
-2494
-89
-2483
-4074
-1463
1269
-485
-3340
-1832
2068
2390
-706
-1860
625
2307
735
-1121
20
2139
1843
-305
-1253
-23
1295
859
-515
-568
447
105
-2014
-3175
-1725
726
691
-2170
-4343
-3535
-1787
-1687
-2534
-2364
-1662
-2153
-3567
-3656
-1667
61
-144
-1072
-1077
-519
-80
529
1817
3108
3136
2108
1914
3065
4299
4881
5145
5135
4818
4349
4161
4617
5434
5768
5209
4026
2876
2666
3368
4278
4304
3185
2083
2081
2092
2311
3147
3402
3066
2809
2306
2172
3126
3862
3997
3840
3559
3093
3312
3526
3868
4483
4364
1890
-450
50
3685
5737
2273
-3394
-4076
264
2202
-2408
-6549
-3404
997
-2384
-10328
-10666
-2994
264
-6431
-11791
-7739
-2442
-5502
-11013
-8485
-1173
-961
-7886
-10099
-3858
599
-2647
-5932
-2959
1548
-68
-4818
-4094
1742
3723
-375
-3446
-1130
2160
1411
-1448
-1260
1496
2122
-532
-2639
-1561
789
1246
-619
-1982
-1342
-926
-2230
-3453
-2511
-414
-403
-3161
-5230
-4032
-1973
-2238
-3584
-3262
-1987
-2447
-4341
-4373
-1786
249
-508
-2064
-1923
-482
380
661
1527
2815
3081
2196
1815
3203
4855
5329
4997
4794
4910
4960
4592
4566
5433
6069
5346
3983
3061
3050
3707
4174
3929
3341
2619
2085
2030
2438
3234
3719
3276
2653
2603
2901
3453
4173
4570
4322
3956
3606
3932
4669
4826
4574
4444
2843
484
316
3428
5888
3319
-2466
-4229
-289
2430
-1314
-5808
-3717
737
-1446
-8884
-10306
-3439
694
-4716
-10454
-7624
-2153
-3860
-9231
-7914
-969
372
-5636
-8635
-3574
1332
-719
-4201
-2354
1899
1395
-2742
-3141
1475
4171
1439
-1972
-1261
1656
2260
128
-951
540
1949
659
-1871
-2303
-78
1678
329
-2273
-2513
-1169
-1376
-3244
-3724
-1566
-202
-2365
-5349
-5011
-2520
-1999
-3595
-3901
-2364
-1954
-4057
-5057
-2577
398
-11
-2324
-2762
-826
801
621
508
1831
2926
2365
1319
1906
3880
5146
4642
3483
3639
4531
4401
3559
3792
5101
5227
3460
1644
1709
3172
3820
3159
2273
1851
1622
1617
2234
2864
2976
2754
2456
2483
2966
3576
4059
4136
4209
4581
4827
4482
4090
4497
5233
3556
717
358
4063
6718
2793
-3893
-4441
1104
2980
-2925
-7211
-3421
748
-3948
-11564
-9929
-1532
-448
-9076
-13183
-6872
-1391
-5785
-11661
-8025
-461
-1073
-7788
-8915
-2292
1472
-1829
-4481
-1361
2264
381
-3066
-1372
3513
4423
425
-2359
-265
3022
2875
10
-1233
495
2257
776
-2282
-2711
-62
1743
-350
-3433
-3303
-1175
-1791
-5312
-5574
-1322
995
-2786
-7803
-6905
-1972
-568
-3726
-5123
-2185
-659
-3141
-4996
-2164
2160
2312
-928
-2053
678
2915
2666
2566
4142
5403
4115
1958
2855
6411
8251
5985
3578
4020
5644
5472
3908
4081
5902
5859
2817
295
1378
3750
4275
2801
1619
1738
1629
1112
1521
3313
4530
3331
1501
1626
3592
5193
4790
4164
4649
5231
4892
4216
4528
5335
3724
1032
653
4172
6622
2745
-3908
-4860
492
3072
-2219
-7356
-4926
-495
-3601
-10805
-10604
-3187
-888
-8284
-13244
-8491
-2535
-5166
-10818
-8659
-1620
-1062
-7081
-9111
-3108
1632
-618
-4003
-2205
1687
1137
-1998
-1497
2822
4560
1377
-1777
-804
2151
2764
511
-899
0
1308
247
-2160
-2684
-817
644
-938
-3432
-3256
-1509
-2590
-6212
-6418
-1722
1183
-2442
-7964
-7589
-2677
-762
-3559
-4685
-1808
-545
-3310
-5032
-1665
3014
3026
-496
-1479
1553
3692
2993
3117
5491
7007
5052
2338
3296
7292
9142
6976
4671
4890
5758
5042
4009
4963
6652
5736
2083
-39
1367
3480
3544
1869
1191
1696
1358
185
469
2865
4453
3109
1319
1732
4082
5091
4231
4361
5892
6360
5140
4403
5673
5961
2897
614
3162
8058
7064
-491
-5372
-2124
2779
1185
-4461
-5022
-1881
-3252
-9572
-11456
-5487
-1205
-6007
-12707
-11315
-5603
-5218
-9902
-10086
-4409
-1554
-5482
-9118
-6266
-713
44
-2163
-2134
342
929
-1221
-1551
1688
4599
3269
-453
-1657
560
2564
1657
-676
-1251
-86
-172
-2551
-4153
-3101
-1315
-2114
-4843
-5610
-4313
-4180
-7308
-9087
-5800
-1809
-2638
-7487
-9646
-6444
-3191
-3565
-4718
-2828
-895
-2675
-4901
-2921
2178
4368
2075
-125
1644
4233
4274
4207
6151
8290
7601
4800
4092
6573
9155
8620
6792
6521
6383
5115
3688
4492
6727
6759
3471
375
502
2280
2820
2261
1741
1785
1289
218
265
2024
3778
3689
2887
2841
3982
4681
4547
4865
6415
7404
6881
5664
5835
5156
3205
2232
4714
8387
6746
133
-3928
-1736
1643
76
-3196
-2610
-1295
-4548
-10699
-10607
-4314
-1212
-6325
-11582
-9709
-5320
-6051
-9653
-8345
-2836
-1284
-5014
-7351
-4223
-356
-482
-1402
207
2800
1939
-945
-790
2713
5133
3801
1021
211
1285
1985
939
-208
-220
60
-872
-2899
-3966
-3428
-2752
-3882
-5909
-6006
-5754
-6632
-8239
-8411
-6218
-4992
-6567
-8753
-8414
-6261
-5477
-5450
-4445
-2866
-2452
-3796
-3754
-762
2421
2335
1219
1774
3483
4455
4383
5315
7258
8001
6727
5431
6207
7445
7785
7622
7154
6733
5446
3851
3584
4804
5452
3987
1709
422
504
1107
1157
999
944
612
3
20
928
1917
2470
2665
2960
3631
4468
4815
5065
5578
6238
7263
7762
7498
6352
3677
2450
3669
7085
8446
4596
-550
-2656
-1256
-520
-2079
-1945
-905
-2792
-8511
-12036
-8783
-4024
-4552
-9129
-10290
-8046
-7432
-9573
-9709
-5760
-2976
-4223
-6078
-4708
-1719
-1570
-2120
-450
2640
3730
1716
777
2319
4217
3986
2843
3186
3990
3539
1651
64
296
882
485
-1262
-2659
-3018
-3291
-4381
-6450
-7352
-6806
-6681
-7662
-8780
-8516
-7954
-8545
-9445
-9011
-7096
-6212
-6682
-6519
-5072
-3532
-3095
-2720
-1149
890
1740
1702
2530
3992
4993
5338
6102
7610
8443
7897
7028
7242
8128
8383
8276
8022
7454
6177
4537
4152
4822
5028
3830
1975
992
536
414
360
358
391
-38
-376
-25
666
1067
1048
1649
2674
3650
4342
4438
4675
4918
5299
6451
7865
8324
7266
4224
2251
2592
5452
8146
6736
2348
-1845
-2984
-1727
-1272
-1104
-1066
-2257
-5652
-9701
-10026
-7112
-4784
-6014
-8272
-8899
-8153
-7871
-8078
-7141
-5566
-4350
-3707
-3029
-2019
-2043
-2030
-895
1301
3336
3501
3180
3059
3299
3224
2964
3896
5018
5067
3416
1252
461
625
830
128
-1027
-1746
-2509
-3510
-5335
-7073
-7472
-6908
-6442
-7049
-8231
-9060
-9281
-9216
-9117
-8400
-7099
-6156
-6078
-6322
-5776
-4221
-2539
-1621
-856
465
1946
2802
2854
3233
4492
6193
7444
7926
8064
7866
7462
7246
7661
8746
9377
8784
6941
5068
4554
5055
5479
4741
3442
2579
1840
977
133
262
1105
1322
859
474
772
1139
914
1274
2686
4381
5076
4324
3765
4132
5138
6446
7212
7633
7090
5000
2871
1853
3839
6822
7069
3626
-1398
-3140
-1961
-1052
-1736
-2798
-2427
-3522
-7301
-10550
-9829
-6184
-5290
-7912
-10115
-9198
-7254
-7508
-8633
-8173
-6261
-4875
-4259
-3216
-2159
-2235
-2928
-2105
308
2185
2556
2417
2845
2702
1603
1171
2501
4431
4288
2300
515
-18
18
-618
-1341
-1682
-1914
-2679
-4271
-5915
-7172
-7632
-7402
-7088
-7192
-7923
-8651
-9025
-9223
-9358
-9065
-7833
-6107
-5023
-5093
-5506
-5075
-3625
-2006
-679
705
2268
3306
3198
2855
3684
5739
7642
8304
8182
7938
7697
7407
7472
8249
8860
8460
7133
5926
5500
5293
4919
4258
3652
3209
2682
2243
1827
1595
1527
1475
1642
1981
2526
2923
2818
2669
3136
4419
5683
5850
5231
4981
5611
6690
7082
6813
6302
5450
4527
3614
3896
5062
5369
3853
657
-1588
-2047
-1428
-910
-1499
-2488
-4273
-6228
-7464
-7467
-6483
-6354
-7058
-7879
-7858
-7224
-6924
-6730
-6640
-6284
-5810
-4843
-3156
-1760
-1341
-2038
-2359
-1501
85
1634
2402
2678
2199
1282
763
1158
2325
2795
2200
1048
137
-298
-774
-1091
-1370
-1835
-2798
-3978
-4544
-4650
-4838
-5603
-6436
-6678
-6503
-6334
-6576
-6910
-7032
-6857
-6394
-5835
-5144
-4461
-3897
-3452
-3058
-2414
-1506
-464
539
1369
2065
2562
2978
3495
4075
4607
4963
5345
5834
6051
5749
5097
4662
4650
4752
4785
4688
4418
3722
2655
1829
1674
2045
2316
2219
1994
1815
1720
1651
1712
1980
2321
2666
3074
3626
4163
4455
4505
4457
4504
4706
5050
5494
5814
5797
5370
4746
4242
4023
3998
3849
3330
2456
1552
906
508
104
-567
-1469
-2432
-3245
-3780
-4030
-4153
-4477
-5156
-5989
-6513
-6488
-6117
-5766
-5654
-5719
-5761
-5592
-5070
-4272
-3497
-3010
-2773
-2451
-1813
-949
-131
428
707
801
892
1145
1556
1943
2074
1866
1411
885
461
211
71
-111
-494
-1143
-1984
-2841
-3506
-3915
-4166
-4383
-4626
-4874
-5153
-5491
-5865
-6128
-6125
-5831
-5344
-4830
-4388
-4048
-3762
-3462
-3081
-2557
-1861
-1001
-74
749
1298
1543
1640
1865
2397
3161
3908
4376
4448
4178
3771
3509
3555
3869
4220
4315
4007
3363
2636
2159
2121
2440
2808
2914
2678
2256
1933
1934
2286
2794
3203
3394
3416
3435
3596
3917
4292
4556
4636
4600
4602
4699
4836
4884
4746
4385
3911
3508
3279
3158
2942
2487
1818
1072
381
-184
-658
-1119
-1626
-2142
-2605
-3011
-3442
-3938
-4457
-4892
-5137
-5159
-5009
-4819
-4722
-4753
-4823
-4791
-4540
-4048
-3402
-2774
-2281
-1910
-1546
-1110
-620
-144
269
614
918
1203
1461
1638
1668
1532
1282
980
659
338
43
-212
-481
-857
-1410
-2101
-2778
-3306
-3656
-3869
-4025
-4157
-4297
-4431
-4573
-4684
-4729
-4651
-4379
-3917
-3358
-2872
-2494
-2160
-1775
-1328
-844
-320
272
879
1407
1773
2010
2208
2462
2815
3199
3509
3616
3515
3280
3119
3114
3297
3548
3678
3536
3135
2648
2276
2217
2411
2700
2866
2834
2636
2453
2377
2482
2717
3004
3226
3358
3439
3562
3786
4027
4213
4189
4040
3865
3872
4040
4287
4361
4138
3618
2939
2301
1819
1557
1394
1218
808
131
-821
-1850
-2790
-3450
-3839
-4017
-4154
-4414
-4877
-5515
-6169
-6677
-6881
-6793
-6477
-6131
-5835
-5626
-5395
-5101
-4725
-4315
-3858
-3305
-2597
-1747
-877
-148
312
550
688
900
1233
1671
2078
2309
2239
1882
1351
817
378
34
-307
-761
-1330
-1940
-2477
-2943
-3400
-3936
-4533
-5092
-5486
-5618
-5477
-5164
-4858
-4692
-4680
-4712
-4594
-4171
-3417
-2480
-1587
-883
-368
70
513
996
1513
2045
2565
3062
3514
3911
4201
4335
4292
4134
3960
3880
3955
4144
4313
4289
4000
3519
3066
2757
2665
2733
2829
2851
2752
2576
2451
2434
2529
2717
2932
3155
3336
3527
3722
3955
4192
4428
4636
4828
4988
5128
5257
5319
5285
5072
4731
4308
3933
3654
3461
3210
2743
1966
928
-236
-1301
-2105
-2572
-2773
-2949
-3320
-4058
-5066
-6152
-6967
-7320
-7201
-6792
-6363
-6125
-6118
-6220
-6240
-6052
-5623
-4997
-4215
-3330
-2424
-1552
-826
-251
152
501
881
1370
1948
2510
2972
3230
3213
2877
2294
1621
1002
505
111
-284
-742
-1329
-2044
-2851
-3733
-4684
-5665
-6508
-6991
-6996
-6621
-6183
-5966
-6104
-6447
-6667
-6512
-5862
-4886
-3762
-2686
-1748
-957
-360
127
517
954
1500
2185
2978
3721
4340
4684
4763
4602
4306
4062
3961
4105
4352
4541
4483
4099
3522
2892
2430
2127
1969
1882
1829
1857
1866
1836
1698
1480
1344
1416
1837
2490
3209
3765
4057
4236
4352
4576
4840
5199
5624
6066
6463
6583
6419
5911
5271
4649
4176
3800
3305
2505
1363
106
-950
-1607
-2008
-2468
-3349
-4622
-6003
-6960
-7194
-6905
-6490
-6528
-6960
-7557
-7760
-7301
-6420
-5393
-4742
-4293
-3922
-3218
-2141
-1006
16
591
1043
1466
2117
2931
3611
4071
4116
3975
3654
3273
2834
2327
1832
1266
667
-42
-847
-1723
-2597
-3482
-4425
-5535
-6711
-7681
-8161
-7976
-7509
-7047
-7055
-7414
-7791
-7797
-7050
-5905
-4503
-3393
-2526
-1803
-1102
-156
727
1621
2182
2578
2932
3334
3986
4569
5057
5093
4756
4250
3801
3701
3764
3875
3761
3379
2856
2312
1906
1581
1287
1038
875
898
1065
1238
1350
1333
1349
1526
1908
2531
3170
3844
4428
4966
5535
5958
6414
6625
6845
7006
7096
7287
7162
7129
6702
6116
5090
3474
1863
103
-738
-1168
-1036
-1089
-2005
-3362
-5452
-6834
-7813
-7932
-7701
-7635
-7356
-7432
-6905
-6445
-5786
-5314
-5254
-4927
-4628
-3516
-2180
-549
958
1876
2516
2604
2808
2953
3236
3641
3877
4074
3857
3532
3149
2738
2279
1375
238
-1103
-2256
-2882
-3093
-2997
-3373
-4428
-6059
-7660
-8441
-8415
-7652
-6852
-6373
-6331
-6533
-6322
-5628
-4457
-3374
-2606
-2051
-1525
-670
429
1710
2711
3155
3075
2792
2776
3101
3659
4112
4232
3923
3364
2849
2608
2578
2517
2245
1677
1055
520
324
416
564
636
429
222
42
94
427
878
1550
2050
2640
3140
3671
4321
4842
5631
6075
6555
6649
6715
6955
7028
7417
7239
7260
6690
5885
4760
3023
1668
-190
-958
-1541
-1389
-1282
-2236
-3288
-5253
-6155
-6983
-7081
-6782
-6802
-6390
-6523
-5686
-4821
-3797
-3268
-3484
-3298
-3166
-2209
-1210
220
1613
2373
2753
2570
2670
2678
2663
2578
2347
2072
1347
689
304
217
-124
-1188
-2600
-4013
-4814
-4997
-4720
-4387
-4761
-5757
-7102
-7809
-7630
-6840
-5825
-5213
-4840
-4780
-4389
-3557
-2377
-1220
-554
-206
-128
229
914
1960
2882
3229
2965
2280
1779
1500
1615
1766
1736
1280
526
36
-36
334
573
481
2
-592
-923
-811
-263
319
615
560
470
652
1147
1786
2403
2950
3415
3918
4400
4942
5528
6062
6655
6970
7326
7408
7489
7594
7481
7573
7169
7005
6381
5613
4593
2783
1247
-921
-1847
-2277
-1955
-1559
-2473
-3212
-4610
-4866
-5006
-4896
-4480
-4715
-4589
-4747
-3687
-2136
-662
109
51
336
579
1179
1609
2421
3128
3334
3155
2928
3236
3352
3212
2607
1907
925
-555
-1877
-2709
-2929
-3433
-4498
-5735
-6720
-7154
-7092
-6761
-6384
-6683
-7596
-8528
-8832
-7980
-6806
-5362
-4302
-3503
-2798
-2097
-787
434
1559
1995
1998
1992
2063
2702
3419
4087
4045
3362
2427
1583
1031
499
7
-723
-1598
-2497
-2930
-2749
-2285
-1973
-2167
-2535
-2869
-2948
-2654
-2117
-1398
-926
-659
-354
197
1122
2003
2779
3354
3817
4353
4829
5487
6109
6689
7085
7180
7402
7446
7652
7488
7153
6718
6109
5735
4961
4227
2870
1028
-975
-2982
-3653
-3802
-3318
-3438
-4070
-4568
-4911
-4444
-4119
-3572
-3361
-3202
-3042
-2433
-920
880
2577
3300
3778
4044
4582
5097
5451
5911
5785
5498
4699
4376
4272
4132
3610
2433
1180
-434
-1957
-3399
-4396
-5203
-6287
-7628
-8788
-9164
-8932
-8388
-8135
-7986
-8076
-8125
-8025
-7562
-6490
-5369
-4121
-3163
-2005
-650
785
2201
3155
3845
4063
4022
3948
3938
4049
3912
3504
2870
2218
1633
982
222
-646
-1610
-2617
-3510
-4069
-4257
-4152
-4025
-3840
-3628
-3302
-2897
-2586
-2072
-1662
-1065
-624
-167
389
986
1855
2559
3285
3855
4347
4861
5223
5591
5876
6048
6184
6088
6143
6060
6123
5807
5540
4933
4425
3785
2779
1717
-531
-2362
-4698
-5232
-5241
-4785
-4495
-5071
-4678
-4687
-3718
-3356
-2764
-2246
-2063
-1621
-1112
626
2460
4220
5013
5480
6058
6601
7304
7318
7496
6848
6203
5367
4852
4844
4284
3628
2216
1010
-442
-1913
-3278
-4432
-5337
-6566
-7831
-8796
-8892
-8495
-7991
-7666
-7418
-7088
-6899
-6650
-6197
-5427
-4406
-3683
-2868
-2001
-776
605
1721
2740
3204
3481
3317
3141
3072
2885
2598
2029
1525
1165
835
487
-12
-526
-1136
-1798
-2368
-2772
-2913
-2955
-2854
-2581
-2126
-1620
-1208
-817
-383
89
543
851
1148
1280
1474
1651
2002
2494
2955
3413
3694
3986
4098
4186
4308
4453
4672
4561
4415
4158
4074
4104
3794
3686
2907
2283
424
-1639
-3892
-5394
-5583
-5849
-5570
-6077
-5709
-5319
-4447
-3619
-2997
-2204
-1977
-1777
-1701
-682
981
2705
3932
4445
5250
6082
7281
7892
8148
7786
6907
6086
5204
4908
4391
3815
2794
1690
516
-660
-1601
-2363
-3137
-4346
-5831
-7049
-7476
-7308
-7046
-6895
-6764
-6475
-6115
-5700
-5105
-4434
-3817
-3560
-3405
-2947
-2103
-963
1
754
1174
1472
1761
2020
2171
1907
1261
530
-33
-380
-619
-872
-1088
-1401
-1677
-1880
-1810
-1614
-1622
-1776
-1957
-1771
-1380
-897
-441
-11
434
824
1339
1982
2624
2930
2856
2695
2666
2758
2861
3054
3368
3607
3601
3415
3529
3908
4323
4352
4033
3767
3497
3471
3168
2945
2491
1776
603
-1431
-3375
-5149
-5518
-5551
-5487
-5983
-6323
-5797
-4960
-3954
-3501
-2624
-1864
-1269
-1313
-938
524
2361
3515
3445
3633
4670
6327
7238
7187
6918
6582
6184
5185
4368
3853
3605
2763
1329
16
-705
-837
-1157
-1854
-3002
-4027
-4693
-4850
-4633
-4479
-4457
-4614
-4619
-4377
-3923
-3209
-2668
-2194
-2182
-2020
-1652
-781
74
527
635
549
820
1051
1276
1063
640
-68
-912
-1598
-2043
-2066
-2188
-2503
-2944
-3086
-2779
-2372
-2053
-2012
-1924
-1769
-1432
-966
-370
154
502
721
1057
1604
2203
2619
2780
2817
2800
2856
3022
3247
3389
3342
3168
3158
3319
3609
3750
3811
3680
3544
3381
3312
3211
2991
2429
1651
502
-1147
-3037
-4696
-5396
-5783
-6023
-6550
-6357
-5555
-4608
-4022
-3458
-2264
-1154
-729
-1039
-646
754
2094
2330
1970
2479
3848
5090
5359
5351
5690
5817
5209
3975
3321
3012
2437
852
-875
-1819
-1980
-1971
-2327
-2757
-3142
-3366
-3545
-3466
-3062
-2653
-2624
-2993
-3329
-3164
-2474
-1602
-1033
-698
-447
78
769
1450
1884
2014
1901
1597
1429
1423
1510
1233
531
-346
-975
-1346
-1739
-2270
-2830
-3222
-3438
-3452
-3210
-2755
-2317
-2012
-1743
-1207
-526
58
275
371
552
965
1451
1866
2136
2300
2428
2616
2933
3231
3349
3182
2941
2770
2880
2972
3064
3007
2926
2727
2631
2735
2995
3058
2674
2041
1380
377
-1255
-3158
-4432
-4919
-5316
-6001
-6443
-5802
-4639
-3758
-3335
-2352
-964
-37
-169
-292
695
2147
2652
2064
1901
2887
4154
4627
4433
4615
4971
4690
3650
2787
2589
2166
777
-1405
-2929
-3511
-3679
-4240
-5007
-5479
-5509
-5213
-4806
-4071
-3201
-2541
-2391
-2563
-2457
-1886
-1061
-652
-640
-565
31
1072
1968
2535
2774
2950
2898
2752
2678
2699
2432
1494
260
-675
-975
-1169
-1695
-2481
-3102
-3318
-3295
-3050
-2687
-2244
-2036
-1974
-1698
-940
41
665
876
905
1200
1679
2170
2516
2722
2832
2795
2860
3047
3395
3578
3443
3078
2740
2679
2751
2931
2864
2648
2398
2370
2492
2427
2154
1644
987
-310
-2135
-3815
-4679
-4953
-5541
-6329
-6645
-5872
-4775
-3972
-3136
-1739
-146
594
700
1149
2527
3716
3722
3068
3002
3862
4700
5019
5081
5413
5645
5241
4508
4020
3819
3039
1285
-949
-2649
-3523
-4154
-4998
-5989
-6628
-6813
-6629
-6214
-5466
-4500
-3748
-3449
-3413
-3072
-2298
-1480
-1091
-1073
-891
-298
585
1381
1993
2464
2755
2830
2744
2755
2749
2451
1627
524
-402
-964
-1302
-1794
-2442
-3046
-3341
-3335
-3192
-2968
-2717
-2407
-2160
-1830
-1234
-391
377
757
946
1208
1715
2212
2576
2873
3076
3153
3105
3259
3614
3886
3719
3260
2955
2850
2822
2679
2588
2537
2428
2231
2057
2029
1890
1380
239
-1443
-3262
-4671
-5454
-6106
-6902
-7503
-7317
-6484
-5566
-4529
-2979
-1115
119
577
1148
2465
3819
4191
3777
3578
4024
4606
4986
5371
5912
6304
6214
5861
5633
5488
4914
3571
1662
-234
-1641
-2659
-3701
-4932
-6036
-6604
-6635
-6398
-5938
-5141
-4260
-3750
-3620
-3339
-2582
-1750
-1394
-1465
-1390
-849
-52
694
1351
1998
2498
2720
2815
3045
3311
3178
2438
1369
430
-224
-813
-1573
-2455
-3221
-3712
-3948
-3940
-3665
-3249
-2936
-2776
-2500
-1853
-1005
-378
-122
24
347
828
1314
1800
2329
2733
2856
2915
3296
3941
4336
4179
3753
3483
3415
3339
3211
3129
3047
2816
2487
2315
2336
2223
1502
7
-1931
-3696
-4880
-5722
-6705
-7811
-8470
-8360
-7768
-6931
-5601
-3716
-1946
-885
-103
1229
2999
4199
4327
3989
3949
4239
4535
4780
5129
5514
5697
5695
5759
5984
6093
5667
4514
2845
1180
-137
-1290
-2702
-4367
-5757
-6461
-6625
-6498
-5998
-5065
-4086
-3487
-3092
-2379
-1359
-617
-519
-699
-609
-169
343
805
1340
1942
2426
2736
3118
3648
4004
3791
3039
2129
1305
529
-348
-1314
-2262
-3064
-3649
-3940
-3880
-3579
-3269
-3083
-2884
-2499
-1946
-1415
-1074
-888
-733
-482
-140
251
661
1048
1372
1644
2029
2578
3146
3454
3435
3305
3301
3443
3506
3382
3123
2877
2652
2403
2146
1887
1456
497
-942
-2426
-3430
-4108
-4970
-6127
-7113
-7454
-7338
-6976
-6316
-5121
-3706
-2531
-1523
-225
1477
2908
3580
3626
3654
3852
4045
4093
4026
4001
3985
4059
4238
4567
4839
4801
4300
3378
2361
1382
401
-903
-2494
-4024
-5080
-5599
-5781
-5646
-5244
-4593
-3881
-3032
-1986
-839
78
529
723
922
1304
1674
1942
2095
2276
2543
2892
3373
3878
4235
4172
3746
3173
2665
2102
1245
132
-992
-1863
-2533
-3007
-3230
-3133
-2918
-2776
-2608
-2211
-1631
-1249
-1193
-1272
-1221
-1126
-1115
-1153
-1068
-851
-622
-345
70
614
1027
1249
1424
1766
2148
2344
2331
2224
2113
1845
1470
1080
726
42
-1110
-2375
-3278
-3779
-4394
-5200
-5909
-6118
-6057
-5915
-5516
-4637
-3495
-2673
-2059
-1206
173
1484
2243
2543
2855
3353
3707
3887
3969
4134
4169
4039
3920
4016
4250
4211
3794
3055
2367
1763
1125
236
-939
-2133
-3156
-3857
-4348
-4545
-4511
-4292
-3965
-3461
-2596
-1521
-482
206
677
1098
1592
2070
2405
2633
2724
2818
2961
3283
3695
4035
4169
4073
3893
3660
3431
3036
2427
1631
817
124
-440
-805
-1020
-1043
-1013
-902
-667
-301
77
270
354
366
372
236
-3
-241
-399
-471
-518
-462
-377
-271
-173
35
400
734
944
980
953
805
480
43
-433
-1024
-2048
-3334
-4531
-5289
-5879
-6579
-7182
-7415
-7178
-6892
-6452
-5677
-4481
-3368
-2609
-1879
-886
306
1085
1499
1766
2193
2573
2788
2945
3090
3271
3268
3237
3197
3253
3217
2935
2377
1640
1005
440
-139
-977
-1921
-2753
-3328
-3702
-3948
-3924
-3730
-3419
-3086
-2548
-1710
-736
125
716
1194
1641
2120
2532
2846
3061
3153
3206
3252
3407
3620
3821
3889
3758
3547
3340
3171
2869
2405
1849
1297
766
260
-51
-133
-45
28
155
482
983
1469
1759
1989
2194
2329
2220
1994
1800
1641
1432
1164
1049
1008
1072
1078
1270
1532
1818
1998
2058
2098
1804
1401
712
86
-982
-2392
-3995
-5353
-6366
-7550
-8495
-9266
-9261
-9171
-8790
-8103
-6871
-5409
-4335
-3248
-2179
-707
275
926
1202
1532
1879
2016
2202
2208
2370
2300
2340
2361
2475
2576
2440
2084
1306
536
-226
-893
-1840
-3027
-4127
-4974
-5502
-5921
-5977
-5689
-5121
-4492
-3755
-2684
-1449
-222
726
1525
2207
2755
3158
3372
3529
3562
3587
3576
3575
3571
3551
3603
3574
3507
3309
3121
2824
2374
1880
1431
1129
770
452
210
207
336
547
905
1374
1880
2205
2505
2843
3234
3457
3465
3389
3266
3119
2891
2722
2558
2417
2194
2116
2212
2436
2625
2710
2843
2840
2780
2442
2079
1303
147
-1398
-2919
-4160
-5460
-6684
-7996
-8655
-9008
-8801
-8315
-7319
-6010
-4856
-3681
-2617
-1123
76
1001
1229
1296
1325
1355
1448
1292
1234
949
870
777
954
1177
1289
1146
536
-143
-888
-1497
-2436
-3667
-5082
-6301
-7197
-7893
-8243
-8319
-7952
-7358
-6427
-5179
-3626
-1970
-494
817
1923
2954
3743
4259
4415
4352
4236
4128
4017
3788
3577
3430
3367
3280
3172
3085
2931
2590
2048
1552
1220
956
621
285
153
284
610
1063
1649
2274
2824
3269
3704
4121
4380
4376
4218
4017
3836
3605
3360
3164
3000
2908
2854
2995
3167
3297
3198
3014
2787
2559
2164
1297
43
-1414
-2521
-3549
-4622
-5870
-6748
-7145
-7324
-7338
-6906
-5709
-4528
-3672
-3004
-1703
-145
960
1322
1445
1786
1976
1957
1728
1670
1513
1248
998
1005
1201
1259
1180
846
380
-221
-785
-1511
-2667
-4222
-5790
-7005
-8037
-8974
-9752
-10070
-9969
-9512
-8625
-7255
-5564
-3922
-2391
-934
545
1850
2857
3472
3707
3664
3502
3374
3207
2949
2598
2331
2168
2066
1987
1928
1834
1596
1283
1011
831
624
410
276
297
421
636
1021
1567
2172
2679
3175
3686
4215
4589
4815
4898
4896
4780
4567
4383
4188
4113
3979
3899
3701
3518
3391
3370
3080
2147
927
-176
-823
-1847
-3243
-4636
-5318
-5682
-6187
-6363
-5668
-4266
-3384
-2776
-1791
103
1767
2497
2638
2855
3267
3223
2957
2568
2323
1910
1539
1432
1587
1874
2028
2148
1950
1657
1372
1143
485
-907
-2565
-3989
-5036
-6275
-7583
-8606
-9028
-9100
-8959
-8305
-7123
-5647
-4386
-3138
-1741
-200
1068
1865
2318
2514
2572
2433
2232
1877
1447
980
613
375
203
119
19
-127
-393
-577
-669
-792
-1074
-1416
-1608
-1676
-1688
-1668
-1441
-1044
-595
-141
431
1178
1927
2544
3019
3473
3885
4179
4342
4396
4411
4368
4294
4165
3908
3578
3289
2981
2254
1167
99
-565
-1234
-2361
-3554
-4212
-4297
-4518
-4749
-4433
-3375
-2358
-1752
-990
352
1842
2626
2901
3134
3555
3717
3545
3231
2917
2661
2423
2350
2305
2323
2400
2581
2582
2329
2094
1958
1596
595
-680
-1750
-2588
-3695
-5042
-6096
-6557
-6717
-6886
-6749
-6043
-4918
-3876
-2909
-1737
-346
864
1636
2130
2528
2846
2852
2596
2222
1882
1553
1204
850
570
448
379
259
33
-110
-129
-199
-518
-950
-1234
-1407
-1631
-1941
-2099
-2052
-1937
-1854
-1640
-1175
-606
-116
281
758
1329
1862
2266
2568
2819
3027
3107
3035
2882
2704
2367
1636
603
-337
-982
-1714
-2803
-3933
-4587
-4814
-5063
-5258
-4961
-4159
-3400
-2835
-2000
-610
767
1538
1920
2398
3025
3379
3372
3192
2999
2761
2534
2443
2449
2466
2463
2523
2546
2521
2510
2509
2227
1479
532
-284
-996
-1958
-3111
-4095
-4639
-4948
-5149
-5059
-4502
-3655
-2829
-1926
-795
487
1545
2268
2763
3155
3359
3301
3053
2695
2297
1854
1503
1239
1064
979
978
1010
1019
1073
1157
1178
985
686
412
143
-199
-576
-850
-1032
-1196
-1325
-1242
-975
-687
-460
-193
191
570
872
1124
1399
1613
1711
1713
1711
1724
1620
1302
732
80
-482
-967
-1622
-2496
-3321
-3881
-4257
-4639
-4861
-4728
-4332
-3990
-3633
-2916
-1834
-880
-355
20
525
1084
1377
1372
1241
1093
909
718
629
646
690
701
757
869
1047
1238
1304
1088
615
86
-378
-888
-1600
-2380
-2984
-3296
-3444
-3445
-3164
-2566
-1844
-1112
-242
814
1862
2620
3095
3435
3716
3805
3613
3247
2852
2456
2013
1612
1321
1162
1060
974
929
1001
1160
1271
1249
1134
1070
1017
872
623
392
259
145
-28
-168
-124
47
180
243
391
683
965
1117
1215
1366
1499
1464
1266
1073
918
637
116
-531
-1082
-1514
-1967
-2506
-3003
-3323
-3487
-3575
-3567
-3365
-3002
-2639
-2319
-1910
-1323
-712
-314
-117
86
368
613
682
624
552
487
371
209
86
-12
-205
-540
-879
-1123
-1333
-1648
-2077
-2487
-2773
-2969
-3148
-3277
-3290
-3174
-2973
-2690
-2282
-1741
-1150
-592
-44
570
1251
1877
2380
2803
3208
3591
3868
4005
4068
4087
4018
3817
3520
3216
2895
2502
2055
1635
1292
1001
725
506
407
421
476
530
641
828
1050
1227
1338
1426
1477
1471
1404
1298
1145
908
580
233
-66
-347
-684
-1090
-1478
-1782
-1996
-2157
-2269
-2330
-2337
-2254
-2052
-1733
-1364
-1026
-734
-433
-85
251
478
560
535
477
412
311
167
-34
-264
-482
-653
-762
-848
-971
-1145
-1329
-1478
-1591
-1729
-1932
-2168
-2364
-2480
-2515
-2490
-2413
-2254
-2006
-1661
-1231
-745
-256
197
601
968
1309
1584
1738
1775
1756
1719
1672
1591
1489
1407
1364
1353
1356
1397
1451
1479
1453
1396
1353
1290
1145
919
663
439
231
9
-205
-372
-478
-545
-566
-511
-395
-283
-209
-112
43
249
373
407
427
483
548
551
524
495
471
415
363
348
369
338
243
159
151
197
173
82
-22
-67
-92
-153
-246
-334
-412
-505
-588
-642
-646
-672
-731
-773
-758
-693
-650
-649
-671
-658
-630
-626
-657
-699
-739
-781
-827
-850
-839
-817
-783
-737
-646
-510
-367
-238
-113
20
162
293
382
426
456
478
489
488
476
474
478
495
528
581
653
726
778
832
896
948
973
951
896
834
757
658
534
405
279
151
20
-95
-197
-296
-406
-516
-602
-672
-744
-829
-906
-958
-986
-1002
-1007
-985
-935
-864
-778
-677
-559
-431
-316
-213
-111
-8
76
128
166
198
222
238
244
247
258
273
284
302
329
365
402
433
462
500
536
554
571
584
594
590
574
548
510
466
410
341
260
170
74
-29
-135
-243
-344
-436
-516
-585
-633
-655
-659
-643
-604
-540
-460
-361
-248
-129
-2
125
248
365
470
567
645
711
763
804
836
855
866
864
856
844
823
789
748
696
628
551
469
371
264
153
36
-75
-184
-283
-372
-455
-518
-567
-603
-629
-643
-653
-666
-673
-684
-700
-721
-744
-762
-789
-807
-814
-817
-805
-780
-740
-694
-638
-579
-520
-470
-431
-402
-393
-397
-415
-440
-477
-514
-543
-561
-565
-550
-507
-437
-347
-233
-105
34
178
321
451
567
665
739
790
811
809
789
753
708
652
593
528
468
417
370
330
299
276
256
245
239
235
238
240
248
252
261
275
283
296
312
331
343
359
377
386
395
400
408
415
416
425
429
430
433
436
441
450
459
462
463
459
453
438
413
374
319
250
165
66
-46
-175
-306
-453
-603
-746
-883
-1010
-1126
-1225
-1308
-1368
-1403
-1417
-1402
-1373
-1322
-1249
-1163
-1052
-935
-798
-656
-509
-352
-202
-49
97
230
357
464
551
620
672
697
696
678
635
583
518
439
365
281
196
122
53
0
-50
-84
-108
-131
-137
-138
-127
-116
-97
-75
-53
-34
-11
12
34
53
67
77
88
101
111
118
119
119
128
138
148
162
173
187
202
220
238
255
269
278
287
292
301
297
296
298
292
294
289
282
282
273
270
262
253
244
230
220
209
194
177
166
146
123
99
66
30
-19
-80
-139
-218
-295
-380
-467
-544
-616
-666
-700
-714
-700
-654
-584
-494
-374
-244
-105
36
170
299
399
483
541
574
586
566
530
464
395
311
216
120
20
-81
-186
-289
-382
-475
-556
-631
-689
-735
-767
-773
-764
-725
-664
-582
-484
-377
-252
-126
-10
101
199
280
341
387
413
417
404
377
338
299
255
213
171
132
99
67
39
12
-19
-42
-66
-95
-117
-136
-151
-159
-156
-144
-113
-69
-14
57
136
218
305
393
480
552
604
643
657
648
619
565
486
394
287
176
66
-45
-149
-234
-300
-349
-380
-391
-388
-362
-323
-287
-241
-196
-149
-112
-81
-51
-21
10
37
69
107
146
184
215
245
274
287
295
281
249
200
136
56
-33
-122
-222
-305
-373
-429
-469
-494
-497
-490
-461
-424
-381
-335
-288
-244
-209
-177
-149
-127
-103
-92
-67
-44
-20
8
29
61
90
110
132
149
162
164
161
145
118
98
67
31
-3
-42
-84
-118
-147
-168
-185
-189
-193
-183
-158
-130
-96
-55
-9
37
89
136
178
210
235
254
265
272
271
264
258
245
238
232
218
208
199
194
189
180
167
152
133
111
82
57
36
22
9
10
14
25
52
77
114
158
197
234
264
284
290
285
263
234
193
144
91
27
-32
-89
-143
-192
-232
-258
-276
-283
-285
-274
-253
-234
-209
-174
-138
-103
-67
-28
7
35
54
66
69
63
52
29
-5
-47
-98
-151
-213
-277
-337
-401
-453
-509
-560
-600
-640
-667
-681
-683
-669
-637
-585
-517
-436
-342
-236
-119
0
118
230
328
417
489
538
575
590
593
584
564
538
504
474
441
406
370
335
300
262
223
179
131
90
45
-1
-42
-81
-115
-135
-145
-146
-138
-115
-89
-53
-9
35
86
130
166
199
225
244
260
265
261
254
234
213
193
172
152
130
106
84
66
46
27
11
-6
-21
-36
-52
-74
-92
-105
-119
-128
-139
-144
-145
-144
-142
-138
-132
-125
-122
-121
-117
-119
-129
-144
-164
-194
-230
-269
-312
-354
-399
-436
-467
-493
-505
-513
-508
-488
-457
-413
-360
-302
-241
-179
-112
-43
24
89
151
220
280
335
393
449
499
546
584
615
633
640
631
610
573
522
457
379
299
212
123
40
-41
-116
-179
-232
-272
-296
-304
-304
-292
-271
-239
-199
-161
-120
-76
-36
2
39
66
95
114
126
135
137
128
117
100
81
51
17
-19
-63
-101
-137
-177
-210
-233
-250
-252
-248
-234
-203
-161
-117
-68
-12
47
101
153
197
237
266
281
288
281
267
249
219
182
143
95
41
-9
-57
-115
-168
-218
-270
-312
-352
-386
-410
-424
-426
-416
-396
-364
-314
-251
-182
-97
-11
83
178
268
352
426
490
541
572
583
583
561
520
470
404
325
243
154
65
-23
-109
-185
-251
-304
-345
-368
-383
-382
-370
-348
-311
-265
-213
-159
-99
-36
21
72
122
170
209
241
260
271
271
258
237
200
158
105
44
-15
-76
-145
-200
-250
-291
-326
-343
-351
-349
-333
-311
-282
-240
-197
-152
-110
-65
-23
8
39
69
100
122
144
163
172
181
189
189
190
184
171
155
130
103
70
40
-3
-42
-71
-107
-141
-167
-187
-199
-201
-196
-184
-171
-145
-121
-88
-57
-21
12
46
80
111
139
163
183
201
211
215
219
220
212
201
190
174
155
137
118
94
71
51
25
3
-15
-34
-46
-57
-69
-75
-73
-71
-64
-55
-47
-34
-27
-19
-5
-3
2
1
-3
-1
-7
-15
-26
-33
-44
-53
-56
-56
-56
-54
-55
-54
-53
-43
-39
-39
-37
-32
-31
-32
-28
-30
-26
-23
-20
-21
-11
-8
-6
0
6
13
22
27
32
35
34
32
30
24
21
14
3
-9
-22
-32
-44
-52
-64
-76
-83
-91
-90
-90
-87
-80
-72
-61
-51
-36
-18
0
19
35
51
68
85
98
113
125
128
131
139
139
132
127
119
106
97
87
72
56
46
34
20
12
4
-4
-6
-9
-11
-11
-13
-13
-11
-8
-8
-9
-9
-15
-24
-30
-33
-42
-51
-56
-69
-78
-82
-88
-95
-101
-102
-103
-98
-91
-85
-78
-74
-62
-57
-44
-28
-21
-7
2
11
13
19
27
31
38
40
36
37
38
37
35
40
40
44
41
40
44
44
42
40
34
30
26
20
18
6
-3
-8
-15
-25
-34
-37
-42
-45
-43
-46
-44
-40
-37
-31
-22
-16
0
13
20
28
37
45
48
56
58
60
62
60
57
55
47
39
44
38
24
22
19
12
9
6
-1
-3
-1
-3
-1
-1
0
-2
-2
-4
-6
-8
-12
-19
-25
-26
-32
-35
-42
-47
-51
-53
-58
-62
-64
-66
-69
-66
-61
-59
-51
-47
-46
-34
-24
-18
-9
-2
5
9
13
14
14
17
19
18
21
21
19
21
23
19
22
28
26
28
32
33
37
43
45
46
52
55
54
59
62
58
54
50
41
33
29
20
8
3
-10
-19
-16
-22
