-1
1
2
0
0
1
0
2
3
1
0
0
-2
-1
1
0
1
2
-1
0
1
0
-1
0
1
2
0
-2
0
-1
-2
1
1
-1
1
2
-1
0
0
-2
-1
1
-2
-1
2
1
1
0
-2
-2
1
-1
-1
3
1
0
0
-2
-4
-2
2
1
0
0
-1
0
0
-1
1
1
1
3
2
1
2
-1
-2
-1
-2
-2
2
2
3
3
0
-2
-2
-2
0
2
4
3
2
-1
-2
0
2
-1
2
1
-2
0
0
-1
1
1
0
0
-2
-3
1
2
-1
1
2
0
1
1
-3
-1
2
-1
0
1
-1
1
1
-2
-2
1
-1
1
3
-1
0
2
-3
-2
2
1
4
5
-1
-4
-2
-3
-4
1
2
3
5
2
-3
-2
-3
-3
-1
1
1
2
4
1
-2
-1
-2
-4
-2
1
2
4
4
0
-3
0
-3
-4
0
1
1
5
2
-2
1
2
-3
-2
0
-2
0
4
1
0
1
-1
-4
0
0
0
3
1
-2
0
1
-3
-1
1
0
2
2
-2
-2
1
0
-1
-1
-2
0
2
2
1
0
0
-1
-3
-3
0
2
3
3
0
-1
0
-4
-3
0
-2
2
7
2
2
2
-4
-5
-2
-6
0
6
3
4
5
-2
-4
-3
-7
-3
3
3
4
5
1
0
-2
-5
-4
-3
-1
4
3
5
7
-1
-5
-3
-9
-7
3
2
2
13
7
-6
-2
-8
-14
0
6
2
7
14
7
-9
-8
-9
-22
0
16
-5
8
29
-5
-15
10
-22
-37
29
11
-28
49
27
-49
28
3
-91
16
40
-51
41
71
-50
0
47
-78
-42
65
-27
-18
93
-17
-56
66
-31
-75
68
-2
-44
80
-1
-59
45
-12
-54
45
8
-29
47
7
-50
16
-1
-47
32
27
-35
41
26
-61
6
13
-54
25
49
-30
8
45
-32
-30
34
-27
-44
52
9
-40
57
27
-52
24
12
-84
-3
55
-40
28
104
-50
-21
49
-133
-42
99
-66
54
148
-94
-8
51
-166
-30
101
-56
42
163
-48
-88
81
-103
-178
183
30
-142
299
18
-304
235
-71
-368
326
43
-247
387
28
-330
186
-38
-313
184
177
-164
142
214
-300
-73
186
-309
13
358
-172
61
226
-286
-64
60
-162
99
116
16
128
-71
-114
40
-172
-74
275
-43
-56
334
-186
-283
275
-190
-228
415
5
-168
284
-43
-318
73
69
-201
140
253
-161
39
117
-270
-34
76
-97
124
111
3
15
-85
-45
-84
-35
111
-20
91
117
-135
13
-24
-184
87
64
-28
143
13
-77
3
-82
-44
30
3
76
64
-9
-18
-43
-52
-65
50
90
-79
106
90
-240
94
67
-275
184
109
-187
176
8
-138
42
-46
52
-19
-19
163
-132
-42
130
-148
0
85
20
32
-90
121
-78
-250
302
-56
-214
404
-94
-223
233
-153
-156
115
38
63
8
61
8
-194
6
57
-86
59
147
25
-87
10
-4
-208
35
189
-70
53
134
-135
-106
38
-37
-58
92
129
-38
-21
58
-159
-109
147
-5
-11
148
-17
-131
-10
38
-99
8
188
3
-80
38
-16
-222
-28
292
-71
-32
361
-219
-323
212
-151
-181
335
165
-41
39
24
-245
-277
145
47
5
333
116
-131
-132
-117
-182
-135
224
220
63
147
36
-255
-280
-12
-35
-18
350
244
-81
-22
-58
-340
-196
201
67
53
375
70
-318
-48
-48
-388
119
441
-130
147
295
-409
-214
72
-160
-5
329
220
-132
54
-60
-430
21
148
-45
267
248
-159
-126
-55
-287
-49
215
133
177
69
-25
-200
-310
32
13
18
381
155
-136
-22
-172
-302
-60
196
153
89
295
-30
-402
-28
-98
-253
242
350
32
25
91
-252
-371
17
114
2
241
354
-109
-235
-24
-263
-191
196
217
169
135
5
-174
-251
-193
0
156
130
234
157
-163
-191
-173
-140
-6
119
286
166
-76
-23
-95
-347
-85
232
0
112
375
-66
-239
51
-217
-270
246
91
-9
363
4
-207
23
-196
-240
42
148
88
132
186
-43
-210
-176
-90
-52
-6
282
261
-79
-1
0
-356
-181
251
55
-3
372
43
-364
-34
-36
-227
124
340
82
-54
51
-218
-371
72
150
40
293
229
-175
-222
-122
-283
-81
276
173
219
258
-78
-310
-246
-187
-165
118
299
282
264
5
-158
-204
-413
-297
75
197
320
468
228
-112
-279
-428
-437
-161
211
381
500
438
-18
-291
-477
-590
-252
137
434
563
410
99
-347
-538
-461
-276
144
450
525
407
-16
-353
-413
-444
-180
345
407
327
324
-127
-491
-369
-159
-21
190
472
269
-183
-183
-182
-299
-88
175
224
170
105
-52
-210
-85
1
-46
170
228
-26
-35
-17
-117
-48
42
43
-28
-5
133
-37
-144
72
-47
-218
23
124
-12
64
153
-60
-120
57
-81
-171
103
107
-23
124
138
-15
-120
-112
-25
-132
-86
201
92
-17
206
88
-202
-137
-125
-196
77
265
188
225
37
-285
-147
-64
-217
81
311
24
58
184
-237
-332
9
-65
-1
311
56
-144
-3
-142
-92
213
73
-94
117
54
-255
-41
206
-41
38
279
13
-135
-83
-172
-74
96
108
124
155
3
-285
-241
14
-65
-21
328
206
-173
-110
28
-128
-123
150
153
18
100
2
-166
-49
-38
-32
233
218
-41
-110
-211
-275
-7
219
114
37
115
19
-216
-185
7
-52
-110
130
269
131
36
-16
-149
-142
-9
-18
8
187
178
12
23
20
-162
-239
-119
57
182
171
58
-25
-123
-259
-161
86
137
169
225
34
-169
-135
-125
-171
-6
238
290
206
28
-142
-206
-360
-312
138
353
267
212
2
-158
-138
-265
-308
-6
254
233
268
277
-87
-330
-230
-205
-46
293
253
-32
8
125
-106
-244
-99
-67
42
247
69
-150
-16
-7
-195
-38
244
140
-10
-32
-131
-92
-70
-140
99
295
194
107
-16
-254
-363
-174
17
114
375
355
1
-129
-233
-309
-239
-154
187
419
330
261
-72
-426
-348
-206
-108
154
478
377
-61
-103
-66
-273
-271
-150
70
245
200
300
139
-345
-320
-57
-109
-96
236
389
102
-40
-76
-274
-174
-6
15
177
217
77
-16
-80
-150
-169
2
128
95
160
110
-101
-165
-167
-144
1
192
261
102
-93
-136
-58
-37
-94
43
176
66
3
-24
-78
-42
-19
-17
102
185
-4
-177
-142
-110
65
262
126
5
12
-102
-176
-105
29
152
140
-51
-117
120
129
-127
-115
-67
-52
141
132
-10
81
110
-136
-292
-128
68
241
303
-19
-179
48
-59
-288
-120
80
130
172
161
64
12
-59
-270
-286
-83
28
200
315
151
58
10
-217
-375
-252
8
147
198
245
182
55
-133
-286
-197
-114
-102
98
335
264
29
-30
-141
-348
-155
144
93
57
128
39
-90
-49
17
-13
-29
-91
-97
95
143
18
11
-22
-127
-70
126
131
-49
-93
-70
-90
-4
141
184
65
-87
-96
-64
6
72
-59
-163
-7
162
153
116
43
-173
-210
-13
-8
10
185
80
-144
-46
155
139
0
-152
-270
-160
101
227
226
95
-103
-112
-53
-104
-85
26
56
46
116
168
82
-102
-248
-238
-105
86
272
244
33
-45
-63
-162
-111
3
-52
10
168
88
10
57
-57
-197
-138
-52
66
216
109
-46
15
-9
-85
-27
-57
-89
17
28
-16
120
242
130
-126
-328
-263
10
144
120
90
32
72
117
-42
-175
-182
-192
-42
208
265
234
139
-151
-345
-232
-104
21
216
224
130
93
-41
-151
-110
-130
-162
-16
183
275
242
52
-200
-289
-161
28
104
75
69
76
66
67
-4
-125
-119
-57
-37
51
136
87
62
43
-93
-146
-26
45
41
29
-47
-81
42
141
86
-8
-98
-154
-55
77
57
16
31
13
30
91
16
-134
-156
-95
-22
133
236
151
14
-115
-222
-204
-58
60
79
97
147
158
60
-118
-268
-282
-101
131
220
172
96
9
-57
-101
-186
-192
-50
51
91
184
166
-21
-103
-50
-57
-43
17
-77
-148
35
210
182
89
-29
-102
6
36
-176
-253
-73
108
300
385
142
-120
-142
-164
-246
-167
27
228
415
370
89
-164
-314
-358
-238
-33
175
399
485
286
-73
-361
-436
-278
-15
204
358
402
292
77
-190
-402
-392
-140
153
356
457
367
113
-138
-334
-393
-206
87
281
393
367
127
-133
-279
-350
-280
-29
214
342
369
220
-70
-306
-394
-310
-62
213
345
309
180
-22
-222
-295
-256
-156
66
324
366
227
51
-182
-330
-220
-59
17
136
206
158
120
13
-222
-311
-174
-14
99
137
33
-27
76
82
-118
-272
-250
-120
94
218
105
-30
-11
-4
-118
-195
-196
-125
74
248
208
56
-79
-247
-343
-250
-86
69
240
273
75
-163
-331
-456
-383
-106
152
312
349
156
-179
-426
-506
-379
-56
280
474
475
239
-148
-471
-561
-349
64
438
581
460
152
-164
-352
-425
-306
34
390
587
534
174
-291
-499
-393
-118
218
430
406
266
86
-169
-365
-334
-122
174
455
481
218
-70
-227
-274
-191
-9
138
279
416
324
19
-211
-273
-183
72
269
217
157
178
88
-34
-87
-151
-111
118
205
51
-38
-61
-75
-4
1
-165
-220
-85
-42
-88
-108
-174
-164
-27
-26
-208
-300
-238
-135
-17
1
-128
-193
-109
-54
-100
-148
-159
-102
10
40
-66
-157
-128
-56
-12
-17
-59
-84
-66
-52
-92
-120
-69
25
90
64
-46
-145
-151
-71
42
155
215
218
158
12
-103
-99
5
185
400
482
396
241
48
-119
-100
92
329
576
685
524
223
-33
-178
-119
153
446
651
718
578
276
-21
-201
-183
66
432
737
831
637
268
-72
-250
-182
94
388
598
681
546
246
-54
-273
-321
-105
187
363
406
276
-30
-309
-443
-460
-308
-64
57
-15
-188
-413
-584
-587
-505
-415
-323
-270
-306
-400
-529
-651
-675
-601
-496
-401
-352
-385
-484
-615
-724
-725
-613
-472
-379
-382
-477
-581
-649
-688
-650
-518
-378
-272
-240
-334
-481
-535
-472
-324
-127
12
27
-10
-66
-131
-120
-10
154
335
486
503
393
266
201
244
432
684
873
954
893
694
513
469
577
794
1046
1235
1275
1159
902
617
534
709
1011
1274
1380
1275
1052
825
659
634
756
969
1136
1184
1109
955
800
691
653
668
709
760
800
811
766
662
500
336
222
176
174
140
46
-63
-149
-250
-431
-690
-945
-1101
-1117
-1085
-1132
-1295
-1524
-1779
-2009
-2178
-2253
-2230
-2162
-2118
-2137
-2236
-2394
-2533
-2577
-2505
-2346
-2146
-1970
-1853
-1794
-1789
-1814
-1785
-1630
-1372
-1099
-912
-837
-839
-845
-819
-738
-616
-473
-325
-213
-181
-222
-276
-289
-234
-127
-18
67
138
202
245
292
376
513
683
822
899
963
1071
1231
1403
1567
1756
1986
2186
2219
2073
1934
1984
2235
2564
2829
2980
2996
2809
2400
1959
1813
2079
2554
2937
3035
2856
2480
1959
1425
1153
1360
1948
2533
2756
2530
2049
1528
1097
885
1017
1469
1966
2147
1836
1209
621
263
117
124
269
417
243
-480
-1534
-2316
-2385
-1925
-1542
-1686
-2309
-3049
-3643
-4014
-4119
-3900
-3404
-2890
-2659
-2826
-3223
-3539
-3503
-3065
-2408
-1809
-1405
-1164
-1057
-1070
-1200
-1331
-1284
-966
-509
-221
-285
-616
-988
-1257
-1427
-1540
-1596
-1569
-1486
-1490
-1700
-2075
-2399
-2457
-2212
-1812
-1501
-1404
-1443
-1434
-1304
-1105
-825
-439
20
434
707
832
890
991
1174
1440
1758
2032
2198
2255
2234
2189
2161
2172
2200
2250
2309
2357
2381
2325
2173
1977
1850
1814
1832
1882
1929
1944
1888
1765
1630
1546
1547
1598
1685
1809
1964
2108
2202
2249
2303
2367
2410
2401
2373
2424
2579
2754
2800
2661
2425
2212
2056
1917
1784
1645
1325
585
-524
-1453
-1582
-996
-492
-820
-1962
-3250
-4106
-4463
-4484
-4224
-3730
-3280
-3249
-3694
-4278
-4550
-4290
-3586
-2695
-1889
-1366
-1184
-1216
-1243
-1114
-782
-219
520
1175
1415
1097
460
-78
-238
-108
-25
-164
-480
-843
-1284
-1909
-2619
-3161
-3348
-3271
-3213
-3380
-3737
-4098
-4295
-4269
-4043
-3716
-3378
-3024
-2663
-2357
-2107
-1788
-1277
-651
-67
422
837
1215
1537
1779
2019
2314
2620
2839
2939
2946
2885
2770
2657
2566
2442
2268
2103
2011
1961
1837
1597
1305
1080
996
1029
1113
1194
1251
1302
1379
1477
1587
1732
1978
2331
2741
3111
3379
3581
3802
4060
4275
4349
4300
4245
4294
4454
4594
4586
4389
4034
3579
3133
2803
2558
2147
1279
58
-913
-1056
-560
-286
-885
-2185
-3487
-4292
-4591
-4515
-4142
-3650
-3402
-3681
-4314
-4798
-4747
-4146
-3258
-2398
-1768
-1443
-1365
-1368
-1256
-925
-367
386
1165
1657
1668
1268
785
507
446
390
187
-105
-332
-480
-855
-1675
-2721
-3498
-3724
-3602
-3557
-3832
-4314
-4783
-5131
-5315
-5287
-5041
-4617
-4134
-3778
-3611
-3494
-3204
-2654
-1996
-1416
-908
-390
131
574
872
1108
1430
1835
2178
2369
2419
2393
2387
2445
2458
2304
2022
1815
1836
1993
2021
1783
1380
1006
845
931
1155
1366
1476
1480
1462
1501
1619
1849
2197
2536
2795
3044
3353
3758
4176
4476
4659
4774
4811
4743
4665
4697
4899
5170
5280
5067
4554
3939
3427
3084
2687
1971
1007
279
204
562
545
-394
-1917
-3192
-3767
-3818
-3630
-3321
-3035
-3154
-3904
-4946
-5541
-5235
-4230
-3108
-2412
-2355
-2710
-3031
-2984
-2504
-1741
-927
-225
243
318
-8
-459
-659
-439
46
425
381
-111
-883
-1657
-2163
-2389
-2542
-2748
-2991
-3263
-3632
-4213
-4951
-5535
-5705
-5483
-5119
-4887
-4881
-4989
-5059
-4999
-4716
-4156
-3403
-2620
-1994
-1619
-1409
-1173
-757
-98
683
1388
1911
2237
2395
2457
2502
2616
2863
3174
3373
3338
3133
2929
2876
2932
2934
2815
2616
2415
2292
2301
2413
2548
2615
2568
2475
2483
2659
2972
3305
3501
3554
3625
3846
4194
4569
4861
5064
5255
5363
5285
5047
4831
4828
5046
5265
5243
4925
4426
3884
3381
2842
2031
980
119
4
578
918
145
-1595
-3281
-4177
-4334
-4113
-3635
-3067
-2936
-3717
-5114
-6149
-6052
-4920
-3476
-2487
-2302
-2719
-3212
-3315
-2925
-2158
-1188
-187
567
746
303
-355
-673
-425
186
765
988
702
-58
-1067
-1951
-2409
-2483
-2431
-2496
-2756
-3214
-3921
-4830
-5674
-6077
-5907
-5429
-5083
-5132
-5463
-5789
-5859
-5567
-4966
-4244
-3544
-2959
-2539
-2266
-2041
-1649
-940
-22
807
1353
1663
1883
2088
2305
2571
2905
3220
3378
3342
3194
3074
3049
3069
3039
2937
2751
2501
2287
2186
2236
2379
2463
2408
2260
2155
2228
2516
2910
3249
3460
3580
3686
3858
4176
4619
5103
5533
5772
5747
5534
5327
5319
5548
5843
5990
5864
5447
4840
4268
3817
3195
2174
1029
486
885
1426
895
-852
-2758
-3881
-4213
-4197
-3936
-3417
-3165
-3949
-5587
-6910
-6949
-5784
-4280
-3313
-3223
-3755
-4353
-4455
-3890
-2969
-1996
-1087
-380
-159
-534
-1132
-1328
-879
-174
306
406
210
-303
-1146
-2105
-2773
-2938
-2833
-2841
-3156
-3710
-4423
-5263
-6092
-6642
-6709
-6396
-6066
-6073
-6450
-6884
-7035
-6712
-5979
-5143
-4504
-4080
-3683
-3200
-2642
-2031
-1291
-375
545
1241
1689
2061
2473
2924
3387
3827
4171
4342
4341
4245
4157
4157
4241
4308
4229
3967
3576
3201
2994
3010
3159
3282
3253
3047
2773
2618
2740
3140
3656
4061
4259
4282
4281
4471
4974
5648
6232
6600
6713
6651
6563
6592
6761
6962
7068
7044
6897
6537
5977
5455
5022
4277
2958
1529
966
1575
2194
1378
-796
-2934
-4031
-4308
-4342
-4149
-3670
-3571
-4677
-6593
-7875
-7595
-6168
-4732
-4079
-4230
-4769
-5217
-5142
-4430
-3379
-2330
-1448
-858
-727
-1066
-1472
-1373
-693
52
396
344
80
-354
-1000
-1802
-2474
-2787
-2787
-2802
-3119
-3777
-4653
-5528
-6233
-6700
-6900
-6857
-6745
-6801
-7109
-7474
-7580
-7228
-6551
-5897
-5454
-5077
-4530
-3780
-3001
-2331
-1687
-933
-83
735
1473
2136
2710
3178
3579
3973
4316
4553
4669
4707
4721
4776
4828
4769
4525
4129
3723
3495
3492
3567
3517
3291
2995
2739
2566
2530
2707
3094
3514
3730
3713
3644
3741
4110
4728
5421
5969
6227
6225
6168
6271
6551
6839
6988
7002
6976
6874
6551
6063
5628
5286
4627
3260
1582
674
1113
1895
1395
-674
-3030
-4408
-4858
-5055
-5092
-4761
-4536
-5374
-7245
-8845
-8954
-7690
-6179
-5333
-5319
-5783
-6223
-6164
-5440
-4330
-3204
-2204
-1392
-997
-1182
-1563
-1461
-637
379
949
936
616
238
-206
-778
-1387
-1754
-1786
-1753
-2134
-3120
-4312
-5132
-5479
-5758
-6214
-6683
-6932
-7094
-7434
-7881
-8007
-7601
-6950
-6506
-6356
-6180
-5617
-4656
-3632
-2848
-2284
-1639
-740
295
1240
2044
2781
3459
4007
4379
4701
5064
5397
5596
5690
5741
5725
5553
5207
4805
4488
4349
4335
4286
4012
3514
3046
2840
2877
2945
2982
3106
3375
3612
3660
3646
3848
4378
5046
5677
6167
6491
6663
6783
7034
7475
7938
8173
8158
8059
8016
7931
7669
7289
6920
6417
5292
3561
2156
2085
2925
2941
1132
-1524
-3313
-3851
-4055
-4474
-4678
-4577
-5048
-6710
-8636
-9306
-8383
-6941
-6118
-6147
-6626
-7087
-7141
-6538
-5426
-4271
-3352
-2616
-2123
-2051
-2247
-2119
-1353
-346
278
355
155
-137
-494
-831
-1004
-1170
-1567
-2144
-2637
-3058
-3689
-4497
-5149
-5506
-5914
-6615
-7279
-7471
-7363
-7483
-7885
-8086
-7803
-7341
-7055
-6857
-6409
-5617
-4718
-3952
-3313
-2677
-1909
-945
122
1095
1849
2485
3121
3719
4184
4560
4949
5340
5589
5643
5600
5547
5455
5271
5061
4915
4854
4759
4493
4095
3771
3707
3807
3806
3608
3447
3578
3879
4045
4033
4124
4493
4965
5292
5505
5797
6182
6488
6647
6773
6943
7092
7158
7213
7301
7269
6953
6494
6163
5841
4928
3299
1885
1787
2652
2744
1078
-1350
-2942
-3497
-3966
-4640
-4823
-4486
-4831
-6587
-8649
-9312
-8375
-7153
-6706
-6924
-7257
-7457
-7458
-7064
-6245
-5283
-4393
-3599
-3031
-2917
-3084
-2908
-2113
-1183
-716
-681
-693
-713
-965
-1289
-1292
-1139
-1497
-2509
-3396
-3481
-3146
-3319
-4220
-5217
-5851
-6257
-6620
-6740
-6484
-6256
-6527
-7111
-7412
-7173
-6627
-6045
-5397
-4623
-3872
-3305
-2878
-2405
-1694
-635
689
1919
2672
2957
3222
3814
4603
5229
5597
5873
6114
6188
6059
5974
6117
6316
6232
5814
5413
5377
5626
5772
5564
5126
4763
4678
4838
5124
5413
5576
5554
5409
5355
5566
6029
6551
6960
7160
7117
6932
6837
7004
7322
7538
7543
7427
7159
6632
6049
5782
5636
4718
2852
1344
1552
2749
2676
485
-2166
-3498
-3813
-4337
-4982
-4851
-4406
-5243
-7590
-9521
-9459
-8070
-7083
-7097
-7501
-7816
-8020
-8009
-7487
-6537
-5540
-4660
-3894
-3456
-3521
-3695
-3317
-2350
-1413
-918
-701
-607
-796
-1234
-1486
-1260
-1010
-1394
-2329
-3032
-3070
-2922
-3279
-4179
-5055
-5590
-5951
-6324
-6501
-6311
-6125
-6472
-7231
-7666
-7328
-6507
-5745
-5177
-4654
-4150
-3760
-3350
-2654
-1577
-314
894
1833
2364
2591
2949
3775
4849
5628
5882
5882
5913
5993
6041
6151
6353
6431
6116
5540
5123
5046
5157
5175
4956
4494
3971
3642
3710
4091
4449
4497
4255
4025
4072
4473
5078
5635
5958
6024
5956
5931
6087
6448
6888
7245
7321
7042
6543
6184
6171
6003
4898
3129
2092
2714
3800
3157
551
-1933
-2785
-2856
-3495
-4349
-4343
-4128
-5379
-7927
-9506
-8834
-7269
-6782
-7455
-8107
-8257
-8214
-8049
-7433
-6421
-5443
-4721
-4150
-3808
-3726
-3477
-2644
-1518
-789
-568
-395
-129
-149
-441
-409
149
366
-493
-1933
-2671
-2341
-1905
-2276
-3373
-4498
-5356
-6005
-6420
-6378
-6100
-6184
-6919
-7847
-8228
-7776
-6826
-5993
-5548
-5361
-5115
-4632
-3858
-2845
-1598
-286
759
1339
1696
2311
3323
4472
5385
5936
6130
6113
6094
6306
6749
7167
7223
6852
6280
5772
5533
5586
5752
5657
5162
4480
4016
3954
4181
4421
4489
4384
4238
4273
4605
5106
5506
5762
5952
6176
6389
6564
6761
7107
7569
7914
7884
7469
7113
7043
6718
5497
3986
3599
4692
5367
3749
728
-1213
-1363
-1422
-2465
-3458
-3385
-3502
-5326
-7938
-8949
-7863
-6610
-6741
-7725
-8336
-8398
-8345
-8204
-7667
-6793
-5838
-5007
-4507
-4483
-4576
-4078
-2868
-1695
-1195
-1046
-746
-463
-588
-770
-340
445
441
-744
-2062
-2384
-1877
-1649
-2244
-3265
-4242
-5108
-5823
-6142
-6007
-5868
-6271
-7154
-7958
-8191
-7779
-7043
-6415
-6096
-5944
-5694
-5231
-4597
-3720
-2506
-1163
-203
170
429
1147
2335
3532
4384
4833
4967
4932
5004
5398
6024
6481
6470
6062
5510
5097
5019
5258
5432
5185
4581
4030
3785
3775
3874
4073
4250
4142
3801
3699
4155
4793
5128
5145
5213
5451
5644
5731
5990
6567
7134
7265
6903
6500
6466
6565
6038
4831
3929
4281
5201
4813
2644
436
-209
-17
-598
-1909
-2506
-2311
-2954
-5049
-6907
-6884
-5738
-5362
-6184
-7022
-7147
-7003
-7084
-7086
-6605
-5750
-4909
-4380
-4271
-4420
-4298
-3543
-2449
-1701
-1438
-1286
-1093
-1097
-1229
-974
-288
10
-716
-1882
-2356
-1943
-1572
-1964
-2890
-3739
-4349
-4852
-5184
-5212
-5164
-5533
-6358
-7077
-7179
-6799
-6407
-6244
-6147
-5882
-5452
-4986
-4497
-3861
-3013
-2039
-1149
-477
70
717
1557
2478
3301
3909
4255
4399
4531
4851
5371
5849
6026
5851
5482
5179
5127
5303
5449
5315
4918
4526
4351
4337
4410
4528
4602
4545
4410
4429
4712
5127
5474
5613
5618
5641
5837
6218
6623
6958
7226
7332
7112
6745
6649
6630
5919
4624
4106
5121
6069
4781
1792
-141
118
690
-134
-1428
-1683
-1676
-3104
-5441
-6398
-5368
-4274
-4646
-5773
-6334
-6302
-6346
-6430
-6037
-5246
-4591
-4264
-4137
-4194
-4308
-3984
-2983
-1933
-1651
-2000
-2183
-1986
-1851
-1840
-1449
-825
-1055
-2576
-4039
-3866
-2473
-1816
-2858
-4508
-5410
-5602
-5749
-5785
-5365
-5024
-5680
-7094
-7891
-7313
-6125
-5499
-5617
-5839
-5694
-5220
-4578
-3822
-3002
-2225
-1548
-970
-497
-42
608
1559
2538
3130
3218
3110
3187
3557
4084
4588
4943
4999
4657
4124
3876
4190
4794
5127
4920
4441
4085
3990
4113
4435
4907
5269
5254
4937
4764
5067
5665
6109
6200
6077
5952
5926
6104
6573
7062
7064
6514
6019
5884
5423
4191
3235
3877
5336
5120
2526
-92
-520
301
184
-841
-1155
-818
-1674
-3970
-5455
-4674
-3106
-2870
-3863
-4633
-4735
-4772
-4856
-4540
-3874
-3413
-3241
-3062
-2938
-3128
-3262
-2780
-1917
-1533
-1838
-2150
-2102
-2123
-2416
-2387
-1737
-1432
-2541
-4405
-5076
-3959
-2730
-3134
-4707
-5744
-5793
-5854
-6271
-6173
-5282
-4830
-5774
-7151
-7306
-6155
-5003
-4666
-4708
-4520
-4144
-3804
-3359
-2573
-1504
-472
179
369
432
868
1811
2823
3390
3492
3416
3320
3255
3381
3814
4318
4461
4052
3388
2990
3139
3656
4028
3956
3617
3351
3261
3333
3653
4292
4975
5257
5091
4906
5122
5797
6603
7073
7013
6684
6605
6982
7465
7693
7702
7645
7405
6610
5139
3778
3627
4831
5829
4705
1757
-618
-955
-476
-844
-1661
-1625
-1416
-2824
-5400
-6507
-5076
-3206
-3094
-4171
-4700
-4460
-4328
-4357
-3791
-2634
-1752
-1518
-1576
-1592
-1529
-1184
-383
440
555
-17
-583
-759
-762
-753
-557
-336
-911
-2631
-4519
-5170
-4377
-3470
-3805
-5284
-6847
-7742
-8055
-8057
-7695
-7088
-6919
-7663
-8777
-9105
-8240
-6908
-6000
-5644
-5458
-5176
-4775
-4089
-2916
-1433
-228
307
386
625
1352
2411
3386
3961
4034
3730
3372
3348
3719
4163
4300
4024
3459
2815
2332
2294
2670
3067
3079
2686
2189
1911
2002
2579
3488
4255
4399
4033
3847
4422
5503
6305
6441
6301
6442
6870
7141
7201
7385
7789
7906
7110
5441
4033
4005
5297
6212
5078
2382
260
-235
-179
-707
-1178
-813
-767
-2576
-5248
-6133
-4558
-2829
-2866
-3918
-4334
-4013
-3825
-3865
-3398
-2306
-1258
-754
-708
-818
-773
-319
573
1462
1835
1652
1231
786
445
461
971
1481
1078
-537
-2519
-3671
-3547
-2842
-2665
-3602
-5347
-7018
-7906
-7959
-7607
-7272
-7271
-7869
-8985
-9822
-9501
-8167
-6936
-6565
-6670
-6471
-5827
-5024
-4063
-2733
-1289
-313
44
334
1048
2102
3143
3975
4478
4539
4284
4155
4422
4888
5109
4921
4429
3741
2986
2564
2813
3434
3576
2829
1759
1205
1375
2015
2826
3469
3489
2967
2735
3398
4465
5036
5117
5422
6061
6432
6319
6367
6966
7504
7101
5699
4442
4518
5799
6671
5509
2836
789
541
879
338
-625
-811
-763
-2105
-4548
-5775
-4739
-3170
-3135
-4240
-4809
-4408
-4019
-4122
-4009
-3059
-1730
-858
-752
-989
-989
-349
798
1906
2381
2206
1839
1615
1536
1689
2222
2807
2452
749
-1268
-2018
-1356
-800
-1597
-3291
-4716
-5569
-6342
-7083
-7347
-7197
-7488
-8608
-9797
-10062
-9461
-8842
-8631
-8503
-8131
-7649
-7255
-6742
-5763
-4323
-2868
-1915
-1528
-1229
-438
913
2312
3226
3580
3651
3686
3814
4187
4826
5386
5300
4466
3454
2998
3290
3865
4045
3553
2691
1984
1724
1941
2537
3236
3494
3082
2600
2871
3810
4516
4514
4458
4997
5824
6142
5914
5889
6339
6549
5658
4260
4004
5417
6776
5822
2967
842
931
1683
1160
-49
-284
68
-1012
-3570
-5037
-3990
-2194
-2117
-3479
-4324
-3982
-3496
-3538
-3423
-2583
-1493
-838
-747
-795
-690
-107
961
2072
2556
2372
2146
2235
2384
2443
2739
3365
3468
2402
745
-178
-71
162
-246
-1158
-2205
-3413
-4730
-5622
-5844
-5848
-6339
-7303
-8225
-8799
-9090
-9150
-8874
-8388
-8100
-8170
-8263
-7854
-6920
-5811
-4809
-3953
-3268
-2785
-2244
-1274
65
1217
1703
1735
1837
2279
2932
3536
3916
3882
3456
2926
2656
2857
3285
3514
3158
2412
1857
1861
2280
2654
2907
3025
2954
2812
2881
3481
4141
4493
4559
4771
5260
5549
5642
5763
6087
6004
4966
3940
4198
5877
6707
5074
2300
1045
1834
2312
1400
476
725
767
-1147
-3464
-3713
-1913
-856
-1827
-3177
-3448
-3026
-2985
-2986
-2304
-1376
-871
-921
-888
-691
-332
441
1551
2382
2285
1784
1771
2217
2600
2811
3357
3789
3139
1546
484
835
1440
1045
-66
-914
-1559
-2782
-4112
-4533
-4187
-4459
-5884
-7320
-7819
-7702
-7857
-8251
-8341
-8167
-8152
-8408
-8322
-7586
-6555
-5777
-5393
-5005
-4470
-3749
-2859
-1727
-608
-77
-113
-195
312
1237
2034
2428
2337
2027
1634
1529
1775
2125
2420
2343
2009
1491
1257
1551
2025
2395
2477
2642
2802
2856
2985
3229
3751
4199
4740
5220
5300
5084
4941
5273
5188
4383
3951
4866
6284
5721
3334
1547
1982
3040
2497
1180
926
1622
1030
-1181
-2484
-1586
16
-95
-1347
-1896
-1460
-1237
-1716
-1686
-700
329
510
104
26
322
892
1590
2301
2596
2339
2061
2056
2228
2416
2829
3399
3317
2217
861
425
831
1107
728
-5
-764
-1720
-2762
-3406
-3440
-3412
-3983
-5013
-5865
-6171
-6227
-6439
-6762
-6872
-6646
-6438
-6494
-6595
-6330
-5668
-4947
-4394
-3986
-3652
-3303
-2803
-1976
-1056
-552
-614
-759
-497
109
669
942
887
650
379
287
452
748
930
842
593
398
398
617
948
1350
1691
1907
1924
1838
1944
2436
3274
3996
4178
3924
3780
3997
3851
3140
2805
3853
5404
5111
2730
793
1210
2460
2257
1162
1098
1778
884
-1530
-2509
-695
1432
1060
-851
-1611
-753
-60
-277
-140
930
1813
1565
962
1144
1954
2671
3084
3439
3583
3277
2841
2758
3081
3521
3922
4018
3351
2034
987
987
1565
1667
961
32
-691
-1426
-2211
-2610
-2549
-2660
-3410
-4393
-4974
-5137
-5299
-5472
-5385
-5154
-5261
-5735
-5982
-5543
-4682
-3992
-3731
-3712
-3636
-3339
-2739
-1839
-1008
-721
-1016
-1383
-1327
-790
-158
80
-221
-746
-1093
-1141
-1131
-1250
-1338
-1208
-1136
-1452
-1923
-1984
-1508
-870
-402
-115
-74
-278
-318
312
1474
2412
2626
2536
2604
2399
1508
921
2014
4354
5258
3120
119
-520
1046
1973
1212
651
1291
1187
-1068
-3116
-2102
789
1801
34
-1663
-1218
62
315
65
795
2182
2755
2303
2015
2541
3454
4270
4929
5299
5149
4711
4562
4817
5195
5603
6035
5957
4878
3379
2713
3142
3582
3124
2219
1621
1006
-161
-1271
-1407
-925
-1108
-2308
-3526
-3972
-3978
-4080
-4115
-3832
-3682
-4202
-4969
-4927
-3840
-2655
-2307
-2636
-2813
-2484
-1907
-1212
-359
326
302
-351
-870
-632
97
559
376
-206
-792
-1237
-1595
-1896
-2025
-1945
-1944
-2357
-3079
-3598
-3601
-3249
-2797
-2353
-2168
-2463
-2913
-2804
-1854
-672
-2
172
239
-31
-947
-1567
-547
1883
3302
1865
-927
-2012
-826
324
68
-339
226
331
-1577
-3781
-3413
-821
673
-444
-2105
-2203
-1330
-1086
-1216
-428
1085
1848
1379
823
1124
2172
3357
4284
4762
4682
4345
4237
4555
5152
5929
6706
6824
5872
4552
4184
4970
5670
5275
4287
3715
3415
2688
1745
1464
1799
1613
421
-926
-1427
-1263
-1254
-1592
-1843
-1848
-2067
-2697
-3102
-2573
-1406
-703
-961
-1542
-1551
-921
-127
602
1194
1435
1094
484
266
692
1321
1508
1101
376
-332
-894
-1272
-1437
-1471
-1602
-2138
-3041
-3885
-4247
-4110
-3790
-3563
-3689
-4209
-4795
-4842
-4096
-3125
-2630
-2631
-2618
-2749
-3456
-4028
-3157
-828
713
-437
-3015
-4015
-2710
-1411
-1583
-1965
-1218
-770
-2509
-4879
-4696
-1927
-120
-1182
-3002
-3151
-2173
-2017
-2387
-1607
203
1101
302
-627
-287
1066
2297
3001
3468
3675
3524
3199
3300
4086
5285
6299
6373
5447
4350
4313
5413
6402
6324
5465
4794
4451
4128
3906
4080
4336
3796
2492
1382
1247
1655
1668
1140
544
280
57
-335
-574
-301
326
622
404
73
117
519
987
1541
2094
2413
2242
1847
1745
2051
2502
2672
2480
2034
1465
870
361
186
261
228
-368
-1508
-2528
-2936
-2809
-2661
-2734
-3100
-3795
-4569
-4911
-4406
-3598
-3361
-3795
-4201
-4286
-4649
-5197
-4988
-3518
-2131
-2719
-4758
-5817
-4797
-3506
-3646
-4290
-3814
-2862
-3513
-5377
-5825
-3971
-2147
-2443
-3676
-3810
-2914
-2631
-3101
-2776
-1301
-116
-356
-1158
-1178
-310
683
1293
1714
1954
1908
1715
1719
2197
2980
3761
4044
3603
2898
2769
3598
4539
4720
4209
3759
3727
3691
3594
3739
4169
4216
3393
2378
2090
2624
3014
2734
2181
1891
1824
1526
1268
1468
2027
2303
1999
1685
1722
2036
2284
2611
3178
3542
3379
2888
2839
3305
3772
3839
3546
3259
2910
2472
2056
1931
2046
1916
1323
340
-459
-780
-763
-744
-977
-1353
-1966
-2673
-3129
-2952
-2367
-2278
-2873
-3529
-3632
-3759
-4518
-5054
-4308
-2879
-3032
-5119
-6758
-6133
-4628
-4694
-5811
-5849
-4759
-4854
-6667
-7606
-6117
-4060
-4053
-5447
-5820
-4807
-4086
-4378
-4281
-3082
-1897
-1875
-2455
-2359
-1520
-626
-109
236
502
562
553
689
1074
1583
2101
2366
2121
1604
1502
2131
2885
3022
2622
2334
2343
2359
2291
2469
2944
3099
2564
1806
1669
2213
2753
2763
2447
2270
2247
2253
2317
2677
3218
3541
3521
3349
3376
3608
4015
4564
5049
5215
4926
4629
4687
5066
5359
5328
5131
4851
4504
4055
3697
3580
3544
3339
2770
2056
1459
1150
1036
880
667
350
-41
-560
-975
-985
-730
-647
-1044
-1544
-1849
-2233
-2912
-3327
-2781
-1961
-2303
-4015
-5417
-5238
-4424
-4480
-5269
-5479
-5149
-5573
-6860
-7444
-6416
-5173
-5292
-6277
-6543
-5858
-5345
-5407
-5271
-4451
-3620
-3465
-3669
-3554
-3009
-2412
-1930
-1560
-1324
-1253
-1267
-1217
-1018
-628
-151
117
-97
-553
-692
-291
230
413
304
153
47
-84
-68
272
718
851
556
263
323
667
995
1220
1435
1579
1583
1544
1795
2392
3010
3338
3468
3666
3924
4151
4433
4970
5596
5863
5725
5563
5703
5959
6081
6088
6076
5960
5614
5215
4958
4827
4700
4498
4176
3678
3109
2724
2650
2663
2429
2003
1610
1343
1163
1063
1038
999
768
190
-545
-985
-838
-419
-469
-1325
-2347
-2744
-2723
-2960
-3420
-3535
-3370
-3740
-4826
-5608
-5275
-4551
-4553
-5129
-5364
-5089
-4962
-5215
-5243
-4650
-3944
-3760
-3997
-4118
-3906
-3520
-3172
-2927
-2771
-2737
-2862
-3062
-3129
-2869
-2403
-2176
-2483
-3046
-3237
-2930
-2534
-2414
-2494
-2553
-2616
-2733
-2704
-2359
-1930
-1759
-1867
-1940
-1763
-1442
-1142
-866
-537
-208
2
152
414
876
1462
2018
2453
2781
3035
3299
3704
4300
4901
5278
5412
5454
5570
5778
5994
6166
6226
6136
5940
5713
5502
5364
5317
5245
4990
4572
4191
3986
3920
3844
3715
3569
3365
3112
2948
2935
2957
2870
2583
2090
1630
1538
1823
1933
1317
287
-262
-162
-169
-688
-1204
-1306
-1477
-2209
-2989
-2984
-2453
-2426
-3045
-3427
-3162
-2865
-3049
-3300
-3046
-2477
-2207
-2349
-2497
-2401
-2220
-2100
-1982
-1852
-1844
-2093
-2488
-2771
-2760
-2566
-2501
-2825
-3416
-3868
-3948
-3832
-3826
-3970
-4121
-4247
-4441
-4608
-4510
-4190
-3956
-3993
-4112
-4032
-3732
-3436
-3231
-2955
-2552
-2198
-2029
-1884
-1520
-915
-333
32
296
641
1034
1384
1759
2239
2720
2982
3010
3081
3375
3715
3859
3820
3778
3802
3796
3683
3571
3568
3583
3457
3228
3072
3054
3063
3011
2954
2978
3046
3043
3001
3027
3127
3183
3100
2906
2775
2871
3078
3056
2633
2080
1813
1856
1820
1501
1139
900
588
78
-310
-270
-77
-221
-693
-964
-821
-646
-731
-860
-725
-418
-232
-261
-345
-320
-179
-24
61
38
-51
-173
-409
-807
-1115
-1051
-864
-1114
-1888
-2593
-2755
-2668
-2921
-3398
-3573
-3509
-3793
-4506
-4902
-4534
-4023
-4157
-4720
-4907
-4541
-4229
-4280
-4239
-3782
-3318
-3315
-3486
-3198
-2419
-1759
-1604
-1618
-1338
-830
-411
-113
261
711
988
1000
988
1209
1557
1789
1854
1843
1784
1668
1567
1556
1626
1659
1592
1489
1391
1278
1174
1190
1358
1572
1655
1597
1564
1648
1773
1861
1984
2214
2435
2449
2267
2108
2161
2355
2466
2420
2276
2105
1933
1783
1739
1822
1895
1809
1581
1408
1429
1569
1658
1653
1660
1736
1815
1841
1867
1943
2014
2020
2019
2054
2050
1900
1675
1569
1588
1477
1109
730
569
502
244
-184
-496
-645
-915
-1395
-1742
-1715
-1642
-1982
-2597
-2924
-2810
-2682
-2872
-3132
-3115
-2990
-3120
-3417
-3403
-2972
-2591
-2632
-2865
-2807
-2432
-2114
-2004
-1877
-1575
-1295
-1274
-1344
-1174
-771
-478
-521
-720
-766
-626
-525
-576
-673
-733
-820
-1024
-1239
-1272
-1153
-1134
-1325
-1556
-1613
-1521
-1445
-1399
-1296
-1169
-1126
-1137
-1042
-795
-559
-453
-384
-232
-38
89
130
184
308
457
569
658
745
796
783
768
882
1145
1397
1474
1394
1341
1480
1771
2056
2239
2332
2367
2369
2406
2558
2838
3083
3091
2891
2722
2749
2872
2886
2787
2691
2588
2380
2090
1902
1895
1897
1713
1400
1152
1014
878
693
554
519
488
318
50
-113
-71
24
-23
-174
-221
-128
-83
-182
-268
-159
38
65
-88
-153
-14
119
36
-132
-117
16
-8
-255
-470
-460
-390
-526
-839
-1087
-1174
-1255
-1474
-1766
-1970
-2067
-2224
-2552
-2916
-3067
-3001
-3031
-3358
-3729
-3811
-3695
-3734
-3955
-4025
-3818
-3664
-3806
-3961
-3765
-3329
-3054
-3052
-3022
-2727
-2310
-2022
-1849
-1585
-1141
-705
-470
-374
-133
326
806
1095
1213
1328
1490
1694
1925
2146
2298
2408
2492
2479
2254
2124
2453
2987
3023
2393
1942
2257
2762
2651
2214
2287
2765
2727
2036
1700
2256
2904
2718
2031
1847
2274
2521
2189
1864
2103
2532
2448
1906
1641
1963
2357
2279
1930
1828
2007
2061
1852
1686
1805
1995
1902
1549
1281
1297
1407
1333
1063
807
657
513
268
28
-89
-171
-377
-706
-1029
-1248
-1371
-1457
-1583
-1803
-2072
-2292
-2445
-2581
-2699
-2745
-2783
-2936
-3198
-3406
-3451
-3415
-3410
-3449
-3533
-3659
-3776
-3793
-3694
-3596
-3561
-3537
-3494
-3495
-3504
-3390
-3124
-2869
-2778
-2770
-2639
-2381
-2167
-2035
-1825
-1506
-1261
-1163
-1053
-781
-446
-221
-47
207
507
722
864
1072
1365
1637
1868
2100
2313
2463
2596
2798
3035
3192
3268
3366
3477
3494
3427
3399
3448
3465
3354
3189
3084
3011
2865
2633
2432
2359
2333
2201
1955
1725
1624
1607
1546
1426
1360
1369
1325
1158
983
969
1080
1099
936
750
685
656
516
313
221
233
139
-145
-440
-566
-599
-707
-890
-1030
-1112
-1242
-1446
-1593
-1595
-1545
-1600
-1761
-1890
-1920
-1910
-1918
-1946
-1954
-1957
-2011
-2098
-2145
-2090
-2005
-1993
-2061
-2133
-2139
-2106
-2060
-2009
-1959
-1940
-1955
-1963
-1918
-1795
-1647
-1533
-1480
-1461
-1423
-1309
-1137
-971
-823
-699
-611
-533
-410
-224
4
203
326
405
499
631
792
988
1178
1305
1368
1399
1462
1587
1724
1826
1873
1873
1836
1791
1771
1792
1818
1782
1668
1537
1432
1337
1255
1189
1120
1027
890
728
612
564
549
523
477
413
357
321
310
352
437
511
529
513
516
575
686
782
846
877
875
871
877
910
966
1002
972
879
775
706
674
652
588
490
366
224
98
12
-45
-87
-161
-282
-405
-494
-542
-558
-564
-584
-615
-657
-699
-705
-667
-615
-564
-537
-536
-533
-519
-492
-440
-376
-331
-322
-343
-372
-384
-369
-347
-346
-375
-433
-517
-616
-689
-735
-776
-846
-966
-1118
-1264
-1385
-1481
-1561
-1633
-1730
-1866
-2009
-2132
-2190
-2200
-2203
-2224
-2257
-2289
-2299
-2255
-2162
-2021
-1878
-1760
-1665
-1552
-1396
-1186
-944
-705
-487
-300
-123
65
297
561
818
1038
1201
1332
1467
1629
1806
1972
2110
2198
2241
2266
2304
2369
2443
2480
2463
2408
2337
2282
2244
2222
2191
2123
2017
1896
1792
1718
1662
1612
1537
1427
1316
1217
1148
1113
1092
1054
988
907
839
807
801
811
808
776
723
669
631
619
631
620
568
489
397
318
262
212
149
59
-81
-244
-395
-519
-626
-736
-877
-1051
-1227
-1405
-1561
-1680
-1786
-1899
-2034
-2188
-2334
-2435
-2504
-2552
-2599
-2651
-2715
-2767
-2800
-2799
-2749
-2688
-2633
-2589
-2540
-2471
-2363
-2228
-2082
-1927
-1782
-1647
-1499
-1334
-1139
-930
-724
-545
-379
-210
-42
138
316
489
641
772
885
988
1090
1201
1295
1367
1421
1466
1502
1527
1556
1578
1599
1603
1599
1584
1576
1582
1580
1579
1570
1568
1561
1551
1545
1540
1542
1546
1551
1546
1542
1536
1531
1526
1522
1509
1503
1482
1455
1423
1394
1361
1328
1289
1242
1193
1130
1069
1004
947
875
806
726
645
562
484
403
318
242
155
66
-33
-124
-221
-308
-413
-509
-608
-716
-821
-936
-1039
-1150
-1253
-1363
-1473
-1583
-1680
-1779
-1870
-1955
-2035
-2105
-2177
-2232
-2276
-2303
-2323
-2324
-2316
-2292
-2255
-2208
-2140
-2055
-1957
-1852
-1736
-1612
-1476
-1333
-1182
-1028
-871
-719
-571
-430
-296
-160
-38
74
178
257
329
386
441
478
504
520
522
511
497
481
461
450
426
409
392
382
376
380
393
427
464
500
549
602
671
749
835
915
1004
1090
1176
1267
1351
1435
1506
1573
1629
1675
1705
1729
1742
1743
1729
1708
1669
1622
1566
1495
1428
1342
1258
1165
1066
966
872
768
669
563
460
367
265
176
80
-5
-89
-173
-255
-334
-405
-472
-541
-612
-670
-732
-789
-844
-890
-941
-979
-1019
-1058
-1093
-1120
-1133
-1153
-1171
-1182
-1178
-1176
-1164
-1149
-1124
-1088
-1057
-1022
-981
-935
-886
-836
-785
-727
-675
-626
-575
-529
-482
-444
-414
-390
-370
-356
-348
-345
-347
-349
-362
-378
-399
-417
-436
-455
-477
-494
-508
-510
-507
-502
-482
-461
-423
-386
-334
-278
-211
-130
-42
49
138
236
338
445
540
643
742
836
926
1012
1091
1155
1215
1268
1307
1335
1352
1363
1373
1367
1351
1323
1297
1268
1223
1178
1125
1076
1024
970
915
862
809
759
707
655
611
562
518
476
434
399
361
318
282
245
204
162
120
82
45
3
-39
-72
-114
-154
-194
-240
-280
-325
-370
-415
-459
-495
-535
-577
-616
-656
-694
-737
-780
-825
-860
-896
-929
-958
-991
-1022
-1050
-1078
-1110
-1140
-1161
-1184
-1201
-1210
-1213
-1215
-1217
-1213
-1207
-1189
-1171
-1142
-1109
-1063
-1017
-959
-895
-827
-754
-685
-606
-522
-438
-350
-260
-165
-67
23
110
193
276
353
422
495
558
617
674
720
766
804
831
856
877
884
893
901
901
909
905
899
900
902
896
895
892
894
901
907
911
920
939
941
946
950
956
957
957
960
956
955
952
935
918
894
866
831
785
739
691
643
588
526
459
396
329
254
176
101
25
-51
-124
-192
-262
-332
-405
-476
-541
-609
-676
-744
-805
-870
-920
-975
-1035
-1083
-1130
-1178
-1225
-1267
-1306
-1344
-1375
-1396
-1413
-1428
-1436
-1434
-1432
-1423
-1408
-1382
-1343
-1307
-1266
-1204
-1140
-1071
-997
-920
-834
-742
-651
-557
-452
-343
-240
-130
-18
89
188
288
387
476
554
635
706
768
835
887
934
979
1012
1041
1062
1074
1084
1087
1084
1073
1063
1050
1029
1012
1000
974
949
934
914
884
859
843
819
796
776
754
734
721
703
685
666
648
636
615
587
565
551
526
497
474
453
422
388
361
325
291
248
208
163
108
62
10
-43
-101
-161
-218
-289
-354
-417
-486
-549
-612
-678
-739
-792
-853
-911
-962
-1010
-1058
-1105
-1144
-1179
-1210
-1232
-1253
-1268
-1274
-1270
-1265
-1248
-1227
-1201
-1165
-1126
-1083
-1034
-972
-903
-840
-766
-687
-610
-521
-435
-345
-258
-169
-78
1
80
162
244
316
387
455
516
567
611
652
685
707
731
744
742
739
734
725
700
679
663
632
596
564
530
492
450
416
381
349
318
287
263
241
222
210
201
192
192
195
203
210
229
245
264
288
311
337
356
381
405
427
447
467
488
500
507
505
504
496
486
463
434
406
369
324
280
233
174
115
55
-4
-69
-138
-197
-259
-323
-380
-440
-490
-541
-590
-631
-664
-699
-728
-745
-767
-770
-773
-770
-758
-744
-718
-697
-671
-637
-600
-557
-516
-477
-427
-371
-322
-265
-203
-141
-85
-27
29
80
129
178
221
260
292
322
351
370
389
402
410
410
392
381
358
326
300
258
222
182
142
98
50
10
-28
-67
-105
-142
-181
-213
-226
-246
-263
-265
-273
-257
-245
-243
-217
-193
-165
-146
-121
-78
-62
-34
-14
0
26
39
59
64
76
79
84
88
72
78
82
70
66
52
49
33
39
48
31
43
55
64
73
97
122
136
171
192
214
238
258
280
304
324
350
369
389
398
401
417
407
409
399
382
371
348
338
318
292
274
243
216
191
163
133
107
81
51
18
-28
-66
-98
-149
-196
-248
-305
-356
-409
-467
-526
-588
-642
-691
-741
-775
-807
-826
-833
-844
-841
-821
-791
-762
-725
-676
-625
-555
-492
-435
-364
-298
-235
-177
-127
-63
-15
34
67
95
140
162
186
203
220
245
265
286
303
328
367
400
439
460
502
554
583
623
651
681
724
728
741
733
726
720
670
636
576
519
469
381
318
234
176
101
29
-20
-93
-114
-146
-178
-176
-186
-156
-150
-110
-67
-42
27
72
134
184
241
309
350
413
447
480
519
531
555
559
557
545
519
482
424
372
300
211
123
16
-87
-197
-312
-430
-548
-663
-769
-872
-961
-1032
-1093
-1137
-1169
-1189
-1192
-1192
-1186
-1161
-1136
-1119
-1089
-1066
-1047
-1027
-1023
-1023
-1023
-1034
-1046
-1056
-1063
-1064
-1057
-1040
-1009
-971
-910
-832
-740
-631
-506
-363
-206
-48
111
274
433
589
727
855
971
1069
1144
1208
1244
1261
1277
1266
1253
1229
1197
1166
1142
1116
1104
1107
1116
1129
1145
1176
1210
1246
1273
1304
1336
1362
1379
1368
1348
1313
1256
1177
1075
966
835
698
555
407
274
142
30
-81
-162
-226
-285
-301
-314
-310
-284
-254
-213
-180
-138
-106
-86
-62
-68
-90
-135
-198
-277
-374
-491
-634
-778
-929
-1089
-1244
-1391
-1526
-1652
-1752
-1831
-1890
-1918
-1921
-1899
-1847
-1773
-1682
-1567
-1433
-1294
-1145
-999
-854
-728
-618
-516
-443
-380
-335
-316
-306
-307
-322
-344
-358
-374
-384
-390
-393
-371
-338
-292
-225
-144
-35
83
215
359
508
664
813
956
1095
1216
1319
1406
1472
1520
1553
1567
1568
1554
1526
1489
1438
1389
1332
1277
1220
1161
1113
1074
1034
997
966
935
914
887
862
835
802
758
703
640
559
470
368
252
130
5
-120
-232
-337
-434
-510
-565
-600
-620
-616
-594
-552
-495
-418
-340
-252
-161
-75
10
85
145
191
222
224
211
175
113
30
-81
-212
-359
-516
-686
-861
-1039
-1207
-1368
-1516
-1651
-1759
-1844
-1904
-1934
-1938
-1916
-1864
-1783
-1675
-1552
-1418
-1274
-1136
-1002
-864
-740
-626
-523
-419
-327
-247
-166
-94
-23
43
110
180
247
316
389
466
541
628
715
807
902
996
1091
1173
1231
1273
1299
1309
1299
1273
1233
1181
1123
1053
975
897
825
743
668
592
523
462
406
364
325
293
275
273
270
275
292
320
347
378
411
435
468
480
493
491
475
449
398
350
291
234
163
101
37
-35
-98
-172
-230
-292
-334
-376
-397
-414
-419
-407
-397
-362
-332
-294
-252
-214
-159
-121
-76
-46
-29
-28
-54
-86
-143
-200
-279
-371
-484
-606
-744
-885
-1017
-1149
-1261
-1364
-1442
-1498
-1532
-1529
-1508
-1443
-1356
-1245
-1119
-996
-861
-735
-599
-476
-359
-265
-183
-126
-92
-62
-54
-36
-30
-36
-43
-60
-67
-77
-68
-43
1
68
147
249
352
467
571
680
787
887
979
1056
1120
1150
1154
1126
1076
1004
918
833
730
641
546
455
381
322
283
258
252
253
265
297
328
368
407
454
501
548
598
649
695
739
789
834
878
926
978
1024
1066
1090
1101
1094
1071
1035
988
934
863
775
673
560
437
298
164
25
-94
-214
-313
-398
-467
-524
-565
-592
-613
-617
-620
-607
-592
-575
-558
-558
-568
-597
-634
-684
-752
-813
-900
-983
-1093
-1205
-1331
-1452
-1569
-1670
-1746
-1813
-1851
-1875
-1860
-1820
-1750
-1642
-1509
-1345
-1173
-993
-804
-629
-441
-264
-103
36
157
240
305
357
392
411
420
400
374
324
278
226
181
146
118
112
110
129
148
185
223
275
331
400
471
549
618
672
706
726
732
727
714
709
689
667
643
616
598
578
566
557
557
547
540
531
522
508
484
456
422
387
357
327
301
277
259
241
237
240
252
280
300
323
345
356
363
374
385
392
398
398
390
374
354
335
306
276
255
227
208
188
172
152
136
111
96
75
48
30
-2
-30
-50
-80
-117
-152
-198
-241
-277
-311
-342
-377
-416
-456
-503
-544
-597
-637
-680
-727
-773
-815
-845
-875
-898
-911
-919
-914
-913
-900
-880
-856
-831
-800
-761
-725
-678
-644
-604
-564
-526
-486
-446
-417
-391
-374
-364
-354
-343
-334
-322
-303
-296
-275
-260
-242
-210
-179
-149
-99
-47
16
75
148
225
304
378
457
543
627
705
777
852
907
965
1015
1062
1108
1145
1175
1204
1232
1253
1270
1274
1280
1279
1259
1240
1216
1186
1159
1128
1092
1058
1025
991
961
919
881
851
801
750
696
634
568
503
423
344
260
172
88
3
-85
-180
-272
-360
-449
-544
-631
-722
-809
-882
-960
-1033
-1093
-1149
-1196
-1222
-1262
-1294
-1304
-1312
-1316
-1307
-1305
-1295
-1272
-1252
-1227
-1198
-1171
-1145
-1120
-1087
-1061
-1028
-998
-983
-959
-933
-912
-890
-857
-831
-801
-766
-725
-676
-621
-563
-497
-429
-361
-290
-212
-137
-69
2
67
125
183
237
288
332
367
398
431
453
476
501
524
547
565
582
606
636
657
700
728
755
803
849
897
953
1005
1057
1116
1165
1213
1268
1311
1343
1370
1383
1395
1403
1398
1389
1375
1347
1317
1288
1255
1219
1169
1117
1062
997
929
860
784
712
636
553
474
394
310
241
160
64
-16
-111
-204
-285
-386
-484
-582
-681
-773
-877
-969
-1066
-1156
-1236
-1319
-1396
-1469
-1527
-1577
-1623
-1660
-1693
-1714
-1725
-1731
-1727
-1714
-1697
-1656
-1606
-1556
-1493
-1424
-1348
-1274
-1198
-1121
-1052
-985
-913
-851
-791
-725
-669
-605
-541
-495
-445
-394
-357
-314
-272
-241
-202
-158
-105
-51
10
78
150
235
311
400
487
572
663
740
824
900
970
1040
1110
1170
1219
1270
1317
1352
1376
1392
1404
1415
1416
1411
1407
1398
1392
1388
1377
1368
1357
1352
1343
1330
1314
1296
1287
1270
1248
1233
1210
1186
1161
1117
1074
1027
975
924
850
774
695
607
525
424
318
207
97
-9
-123
-241
-355
-464
-564
-659
-753
-840
-931
-1007
-1082
-1154
-1215
-1278
-1321
-1353
-1373
-1383
-1393
-1392
-1379
-1363
-1343
-1327
-1316
-1290
-1272
-1245
-1213
-1191
-1153
-1124
-1097
-1060
-1036
-1019
-997
-977
-960
-955
-948
-931
-916
-888
-864
-843
-805
-771
-731
-685
-639
-584
-525
-461
-391
-317
-241
-162
-75
13
102
191
280
364
447
526
600
669
735
793
845
894
932
962
988
1007
1023
1038
1043
1037
1021
1006
981
957
921
885
853
818
777
741
703
666
628
586
552
504
473
447
422
400
382
368
365
358
359
355
353
359
361
368
371
364
361
355
350
338
307
284
252
217
185
146
100
64
28
-10
-54
-101
-136
-171
-197
-217
-238
-242
-253
-253
-255
-259
-253
-250
-241
-235
-228
-228
-228
-238
-238
-251
-264
-274
-295
-310
-326
-350
-376
-399
-427
-446
-462
-483
-495
-502
-501
-509
-514
-518
-520
-519
-525
-520
-522
-522
-521
-523
-520
-519
-515
-517
-505
-496
-478
-458
-441
-421
-404
-382
-368
-354
-338
-323
-305
-297
-282
-270
-263
-255
-246
-240
-240
-238
-234
-225
-217
-198
-168
-127
-81
-33
23
75
132
201
275
358
437
522
607
688
763
826
884
929
981
1026
1057
1088
1108
1113
1108
1099
1088
1074
1061
1051
1043
1025
997
964
927
895
859
831
804
774
745
710
663
617
563
515
477
428
388
346
302
251
192
142
97
51
6
-32
-64
-97
-135
-172
-215
-259
-307
-355
-406
-457
-505
-560
-621
-688
-747
-802
-862
-916
-965
-1012
-1052
-1089
-1119
-1143
-1159
-1169
-1181
-1194
-1200
-1206
-1201
-1196
-1186
-1172
-1166
-1146
-1128
-1115
-1098
-1088
-1073
-1049
-1028
-990
-941
-891
-836
-774
-706
-638
-566
-489
-397
-297
-191
-85
23
129
237
340
431
529
620
715
803
885
958
1012
1060
1102
1139
1172
1201
1234
1266
1280
1286
1286
1284
1276
1267
1267
1269
1263
1255
1245
1223
1193
1163
1131
1099
1069
1033
989
937
875
801
733
655
574
494
423
335
247
164
75
-13
-97
-175
-258
-333
-402
-469
-531
-591
-643
-696
-741
-780
-817
-845
-872
-899
-911
-921
-932
-936
-945
-957
-976
-982
-994
-995
-989
-991
-986
-983
-974
-968
-960
-951
-941
-922
-898
-870
-839
-796
-741
-693
-637
-580
-519
-447
-373
-287
-211
-131
-44
42
123
204
289
363
430
493
555
610
663
706
738
768
793
808
821
833
843
845
830
819
810
793
779
769
762
755
745
737
727
719
707
701
688
679
672
660
643
624
603
577
557
536
501
472
441
399
356
314
264
208
153
93
27
-34
-89
-147
-204
-262
-314
-370
-424
-477
-522
-565
-602
-634
-662
-692
-714
-723
-737
-753
-758
-756
-753
-747
-733
-720
-705
-686
-670
-655
-635
-610
-591
-572
-554
-533
-512
-490
-460
-435
-417
-389
-358
-325
-290
-260
-223
-193
-153
-114
-83
-51
-16
15
43
68
94
121
145
173
191
213
238
258
283
299
317
331
339
351
366
376
383
405
421
425
434
451
466
469
479
481
483
485
485
476
473
473
465
461
458
448
437
431
415
401
381
357
330
302
274
235
204
174
140
105
67
30
-2
-36
-74
-106
-137
-167
-196
-225
-247
-275
-295
-306
-323
-336
-339
-333
-329
-325
-317
-304
-289
-273
-263
-244
-218
-195
-175
-158
-141
-119
-92
-70
-51
-39
-29
-9
2
5
7
10
15
12
7
-11
-29
-44
-61
-78
-99
-124
-144
-158
-171
-198
-233
-234
-218
-229
-243
-249
-240
-226
-223
-221
-207
-191
-182
-159
-140
-134
-124
-116
-91
-80
-89
-84
-80
-85
-83
-90
-102
-96
-91
-91
-93
-92
-87
-78
-72
-60
-43
-33
-23
-2
19
36
57
80
109
137
161
190
219
245
267
272
294
321
331
340
350
367
376
371
369
372
371
378
390
390
379
357
353
367
348
322
322
330
329
312
281
266
267
253
238
231
211
186
173
177
177
121
68
125
159
78
44
36
42
32
1
-27
-33
-48
-80
-88
-120
-150
-194
-201
-178
-233
-300
-308
-327
-357
-387
-424
-449
-446
-458
-494
-513
-529
-538
-540
-538
-522
-529
-528
-505
-493
-478
-465
-450
-417
-385
-363
-338
-312
-300
-281
-253
-235
-205
-180
-163
-144
-125
-103
-94
-81
-51
-28
-8
18
47
60
70
92
127
159
167
188
233
261
277
292
310
344
367
381
404
425
443
453
469
492
503
487
503
555
544
511
525
543
541
528
506
501
499
473
449
428
403
375
337
325
299
233
187
166
127
74
25
-17
-55
-86
-129
-183
-220
-245
-266
-294
-321
-338
-362
-372
-375
-387
-391
-393
-394
-391
-384
-387
-391
-390
-381
-368
-358
-347
-337
-327
-318
-315
-313
-306
-304
-292
-277
-268
-258
-248
-234
-219
-200
-183
-168
-153
-144
-123
-103
-100
-88
-67
-48
-32
-17
-1
11
27
40
53
69
95
121
137
162
188
192
202
227
247
255
267
295
323
340
343
351
358
356
350
341
339
334
321
314
304
280
248
226
201
169
148
126
105
89
71
49
28
7
-13
-31
-40
-39
-40
-41
-40
-44
-56
-64
-72
-81
-81
-76
-65
-62
-61
-64
-63
-64
-73
-76
-82
-86
-85
-94
-103
-113
-117
-115
-116
-116
-113
-108
-101
-105
-108
-114
-122
-121
-119
-115
-114
-111
-108
-110
-107
-110
-116
-117
-111
-99
-84
-63
-43
-31
-23
-17
-19
-20
-20
-18
-12
4
24
56
78
86
84
74
70
66
67
68
75
81
76
62
41
24
12
-3
-10
-7
1
3
-1
-17
-43
-67
-79
-80
-74
-64
-55
-50
-44
-42
-48
-57
-61
-60
-61
-50
-37
-27
-14
-10
-9
-7
-4
7
15
17
17
9
2
0
8
12
21
30
35
42
46
50
51
43
42
50
56
69
74
64
57
52
54
54
56
47
41
40
47
58
63
64
59
58
62
57
53
45
39
31
33
49
67
79
78
78
67
63
62
68
65
59
56
52
49
42
35
20
6
-3
4
5
9
3
-18
-32
-50
-59
-61
-55
-57
-59
-61
-65
-62
-62
-75
-86
-91
-86
-77
-67
-64
-67
-69
-68
-62
-52
-50
-49
-49
-54
-62
-64
-59
-44
-39
-37
-33
-35
-32
-29
-25
-21
-21
-12
-4
1
-2
-13
-20
-22
-14
-7
0
4
1
-1
0
-3
-2
0
3
8
16
21
23
24
21
19
16
16
20
35
43
44
44
43
52
62
63
56
53
47
47
50
57
57
54
50
53
52
57
53
43
34
32
32
30
33
27
27
27
23
20
11
4
2
-4
-8
-6
-9
-24
-27
-31
-35
-34
-33
-36
-37
-38
-43
-56
-68
-68
-64
-65
-62
-65
-62
-54
-55
-55
-61
-73
-76
-71
-61
-54
-49
-53
-47
-44
-39
-40
-45
-40
-35
-22
-17
-12
-16
-22
-19
-17
-9
2
9
15
16
10
4
-4
2
11
22
33
41
42
36
27
20
14
13
19
30
41
41
36
36
32
28
30
31
33
34
30
31
25
29
30
44
51
46
44
40
34
27
23
27
30
44
50
51
40
33
26
22
24
27
29
32
32
34
28
20
12
4
4
7
5
8
6
4
0
0
-6
-13
-20
-23
-15
-11
-14
-20
-27
-31
-30
-29
-29
-29
-31
-34
-29
-24
-28
-36
-40
-34
-28
-29
-37
-38
-34
-27
-26
-31
-37
-44
-43
-39
-28
-26
-16
-11
-17
-21
-27
-35
-30
-18
-7
4
2
-2
-11
-17
-12
-3
5
15
23
24
16
5
-1
0
8
15
27
33
33
28
19
14
10
8
13
23
31
28
21
18
13
10
11
11
17
16
14
9
5
-1
2
9
10
15
15
9
6
3
-1
-4
-2
-2
3
9
12
5
2
-3
-9
-9
-5
2
9
12
7
-4
-9
-9
-13
-11
-5
-4
-4
-4
-1
-2
-6
-10
-13
-14
-10
-2
2
-1
-5
-11
-15
-12
-7
-1
0
-1
2
1
1
0
1
1
4
3
-2
-2
-2
3
6
6
1
-2
-3
0
3
6
11
11
11
8
6
3
-1
-1
1
-1
-1
-1
-5
-2
0
-2
2
7
5
6
8
5
-2
-6
-6
-1
2
2
-4
-2
-4
-8
-8
-5
2
3
2
-2
-2
-1
2
2
-3
-7
-5
-7
