0
1
1
1
1
-1
-1
1
0
1
0
0
1
1
0
0
0
0
0
-1
-1
0
1
0
0
0
-1
0
0
0
1
-1
-1
0
2
0
1
1
1
0
0
-1
-1
-1
0
0
1
1
1
1
1
-1
0
1
0
1
0
-1
0
-1
-1
-1
0
0
1
1
1
0
-2
0
1
-2
-2
0
0
1
1
1
1
0
0
0
0
0
-1
-1
-1
0
0
1
-1
-1
1
0
-1
1
0
0
1
-1
1
1
1
1
1
0
0
0
0
-1
-1
-1
0
0
-2
-1
-1
0
0
1
1
0
1
-2
-2
-1
1
-1
0
0
1
0
-1
0
-1
0
-2
-1
-2
0
0
-2
-2
-1
1
0
2
1
0
1
2
1
0
1
1
2
1
-2
-2
-2
0
0
0
2
0
-1
1
-1
-1
-1
-1
-1
-1
-1
-1
-1
-1
1
1
0
0
0
1
0
1
0
0
-1
-1
0
0
0
-1
0
-1
1
1
1
0
0
-1
-1
-1
-1
0
0
0
0
0
2
0
-1
-1
1
0
1
0
-1
-1
0
0
-1
0
1
1
1
0
-1
-1
-2
0
1
0
-1
0
1
0
0
2
3
2
2
0
-1
-2
0
-1
0
0
-1
-1
0
0
0
0
0
1
1
-1
0
0
1
-1
-1
-1
0
0
-2
-1
1
0
0
0
1
1
0
1
1
1
0
0
-1
-1
-1
-1
1
0
0
-1
-1
1
1
-1
0
0
0
0
-2
-1
0
0
-1
-1
0
1
0
0
1
-1
0
0
0
1
0
0
1
-2
-2
1
0
0
-1
-1
1
0
1
2
1
0
0
0
0
0
0
1
1
-1
2
0
1
0
1
1
2
-1
0
1
1
-1
-1
0
1
1
0
0
-1
-1
0
0
-1
0
1
0
2
0
0
-1
-1
0
1
2
0
0
1
1
-1
0
1
0
1
0
0
0
0
0
-2
-2
-1
0
-1
0
1
-1
-1
-1
0
-1
0
0
-2
1
1
3
1
0
0
-1
0
1
0
0
-1
0
-1
0
0
-2
-1
0
1
-1
-2
0
1
1
1
-2
-1
0
1
1
0
-1
0
-2
0
0
0
-1
-2
-1
-1
1
-1
1
0
-1
0
1
1
2
1
1
0
-1
1
0
1
1
1
1
-2
-1
-2
-1
-1
0
-1
0
-1
0
0
0
-1
0
0
0
0
-1
-1
0
0
-1
1
1
1
0
0
0
1
0
0
0
0
1
0
1
0
1
1
0
-1
0
0
0
1
0
-1
-1
-1
0
0
0
-1
-1
-1
0
-1
0
1
-1
-1
0
0
-1
-1
-1
0
1
1
1
0
0
-1
1
0
0
0
0
0
0
0
1
0
-1
0
1
0
0
1
0
-2
1
1
2
1
0
0
1
1
0
0
-1
0
0
0
-1
-1
1
0
0
1
1
0
-2
0
-1
0
0
-2
-3
-1
-1
0
-1
0
0
-1
1
2
0
1
2
0
-1
-2
0
0
0
1
0
0
0
1
-2
0
3
2
0
1
0
-2
-2
0
0
1
2
-1
-2
0
1
0
1
2
0
1
1
2
-2
1
3
-2
-1
1
0
-2
0
1
-1
0
2
-1
0
4
-1
-4
2
2
-2
0
2
0
-1
2
-1
-2
2
2
-4
0
3
-4
-1
2
1
-2
1
2
-3
0
2
-1
-1
4
1
-2
-1
0
-1
1
2
1
0
1
1
-3
-2
1
-1
-3
1
1
-3
1
4
-2
-1
4
-1
-3
2
2
-2
2
2
-4
-1
6
-1
-4
5
2
-5
1
5
-3
1
6
-3
-2
6
-1
-6
5
4
-6
-1
5
-3
-2
5
-1
-4
4
3
-6
3
6
-5
-3
4
-2
-5
5
1
-6
1
4
-5
-2
4
-2
-4
2
0
-3
1
2
-3
0
2
1
-1
0
1
-1
0
1
0
-1
0
0
-1
0
2
1
-1
0
2
1
-1
3
2
-3
1
3
-3
-3
2
0
-3
1
-1
-5
1
3
-4
0
5
1
-4
2
2
-4
2
2
-1
-3
4
0
-2
3
3
0
-2
3
-2
-5
2
-2
-4
-2
3
1
0
3
0
0
-3
1
0
-5
3
4
-2
-1
4
-4
-7
4
1
-5
1
5
0
-5
4
5
-11
1
8
-7
-6
11
0
-15
14
6
-17
6
12
-15
-6
22
-10
-15
24
-1
-16
15
13
-18
-3
19
-15
-10
19
-2
-17
8
13
-15
-4
21
-11
-13
17
3
-19
5
12
-15
-2
15
-4
-4
4
5
-3
-11
5
7
-15
-3
23
-14
-17
31
-1
-30
22
19
-35
5
31
-25
-16
28
4
-32
14
29
-25
-8
36
1
-46
28
22
-63
13
43
-42
-12
70
-16
-39
62
-13
-52
26
-2
-42
9
24
-12
16
22
2
9
-16
-7
0
-36
-11
23
-13
-3
49
13
-29
33
13
-68
2
26
-54
-10
74
-14
-32
89
-11
-74
55
-2
-92
34
51
-73
34
79
-55
-2
54
-49
-50
39
-17
-34
49
21
-7
22
20
-24
-21
-1
-26
-14
6
16
15
20
26
-5
-6
-14
-29
-16
-10
-8
11
38
12
10
40
-27
-36
16
-38
-45
37
18
-37
62
46
-57
30
23
-73
-18
33
-46
-10
72
-14
2
51
-19
-31
14
-25
-45
41
-12
-21
66
0
-33
44
9
-88
40
29
-102
54
66
-77
11
97
-75
-51
106
-60
-67
90
2
-70
57
56
-92
17
63
-76
-11
66
-27
-36
68
-3
-57
50
-4
-56
28
12
-30
11
41
-22
-12
48
-36
-30
34
-2
-52
33
59
-88
48
75
-111
21
75
-93
-40
137
-84
-67
174
-98
-48
123
-59
-69
90
-6
-113
134
-32
-86
131
-55
-36
61
-5
-63
54
18
-96
91
-11
-55
54
-6
-13
-10
32
-17
-17
23
-6
-5
-14
27
-10
-21
37
-4
-16
18
11
-29
3
15
-19
-3
-3
34
-19
-23
61
-19
-42
39
26
-96
46
65
-138
79
65
-115
43
71
-70
-43
110
-52
-82
127
-50
-40
64
-5
-23
-17
78
-74
-11
75
-68
5
17
30
-58
19
78
-129
73
42
-123
97
11
-92
53
67
-123
29
143
-201
71
130
-204
78
104
-141
1
128
-85
-84
157
-42
-121
145
-16
-87
51
46
-56
-55
148
-95
-59
153
-93
-32
80
-12
-76
69
27
-113
111
-18
-99
147
-77
-54
136
-88
-36
85
-3
-106
89
60
-181
138
25
-121
59
53
-45
-102
192
-80
-131
206
-61
-108
96
74
-170
57
148
-209
47
166
-193
1
188
-172
-26
170
-113
-74
182
-98
-96
218
-157
-25
152
-105
-43
113
-10
-154
201
-66
-130
204
-87
-73
102
33
-164
120
66
-199
157
-13
-78
58
2
-4
-36
48
-10
-25
0
27
0
-76
102
1
-133
150
-8
-144
146
-21
-79
50
34
-56
-18
105
-120
63
22
-77
96
-86
59
-8
-38
20
27
-15
-99
188
-103
-97
206
-116
-58
126
-40
-81
80
65
-173
98
104
-188
65
71
-29
-112
119
43
-199
163
-11
-102
63
56
-55
-100
240
-138
-144
267
-106
-104
99
74
-149
32
154
-216
107
76
-151
64
44
-44
-39
46
3
12
-88
79
62
-168
94
81
-171
77
104
-189
68
172
-248
73
179
-217
26
126
-87
-94
191
-95
-141
285
-174
-105
257
-113
-127
164
51
-256
186
104
-321
214
128
-330
171
166
-260
25
219
-159
-145
305
-142
-168
303
-114
-158
200
13
-220
153
84
-221
120
63
-142
67
75
-141
93
64
-134
54
85
-151
66
66
-174
166
-30
-116
129
-11
-57
2
101
-118
48
52
-148
165
-66
-85
154
-79
-9
18
33
-69
25
76
-192
185
-34
-117
140
-70
95
-150
103
68
-190
163
-112
105
-135
70
84
-224
229
-50
-98
19
234
-310
23
315
-364
91
106
-42
-134
171
5
-169
177
-12
-82
-49
258
-255
-40
324
-305
25
215
-213
-1
238
-292
72
208
-270
48
164
-100
-146
300
-147
-141
321
-200
-35
101
58
-207
52
228
-337
147
118
-206
108
58
-170
151
25
-224
242
-30
-261
308
-35
-349
462
-110
-325
415
-73
-264
212
73
-221
109
46
-60
-35
41
44
-100
30
39
38
-174
150
65
-206
130
70
-79
-78
201
-48
-185
167
115
-328
102
288
-392
14
423
-448
5
476
-572
180
332
-482
183
260
-404
148
274
-529
404
93
-531
572
-151
-275
306
-35
-202
171
49
-265
301
-199
5
148
-294
422
-358
76
236
-308
119
-8
105
-233
186
55
-197
133
12
-32
-112
188
-12
-277
310
-52
-263
280
-38
-170
153
39
-122
50
96
-143
108
-67
13
127
-242
229
33
-287
346
-123
-155
195
-13
-168
49
193
-326
156
25
-82
38
-98
176
-143
-96
247
-113
-203
312
34
-411
437
63
-451
353
95
-303
32
332
-350
-14
281
-228
-13
88
50
-109
-25
201
-107
-95
148
92
-339
222
178
-485
374
36
-317
201
59
-214
109
-1
-35
9
-44
65
-14
-147
139
185
-509
447
115
-602
479
110
-475
209
361
-416
-87
562
-389
-197
429
-53
-311
106
482
-661
96
554
-616
121
281
-67
-331
321
33
-360
160
98
-104
-165
251
13
-333
290
155
-478
471
-17
-300
279
-2
-250
185
74
-333
328
-66
-191
166
49
-109
-91
405
-349
37
314
-313
16
178
-70
-218
292
-36
-338
361
-108
-272
399
-182
-195
368
-174
-195
381
-241
-48
226
-133
-8
67
-19
11
-25
16
110
-101
-36
222
-134
-162
301
-73
-258
264
141
-481
306
195
-499
270
161
-207
-89
367
-270
-186
449
-417
96
159
-278
113
140
-317
113
360
-565
352
258
-606
372
137
-383
115
164
-113
-196
319
-145
-130
174
-31
30
-194
373
-257
69
70
-169
129
-123
109
-199
276
-287
72
163
-355
160
71
-56
-263
474
-209
-247
378
-122
-86
-23
296
-246
-181
531
-531
49
326
-380
168
-69
211
-357
346
-83
-195
421
-344
90
122
71
-396
487
-67
-411
535
-133
-328
311
180
-567
359
147
-347
74
235
-78
-348
685
-391
-126
457
-255
-100
198
-45
-268
288
-224
-98
241
-179
-90
282
-204
-155
504
-435
-9
537
-437
-32
372
-130
-325
453
-1
-531
652
-190
-457
541
-229
-181
147
198
-309
34
266
-414
208
174
-320
268
36
-261
330
-285
136
215
-206
83
137
-81
-155
440
-449
260
33
-170
48
61
-65
-130
269
-177
-63
212
44
-459
654
-357
-118
338
-221
209
-311
353
-207
-129
189
20
-316
278
65
-270
63
52
-6
-241
346
-271
76
48
-174
261
-358
170
210
-385
264
102
-298
190
136
-317
96
163
-192
20
32
-34
22
-156
100
64
-382
399
-16
-432
392
113
-463
185
379
-575
347
-22
-85
36
-208
269
-217
-95
90
185
-369
50
545
-736
300
422
-682
408
21
-143
70
49
-102
136
54
-392
612
-348
-177
562
-283
-336
653
-189
-570
880
-361
-290
570
-82
-537
672
-82
-605
707
-265
-330
454
-371
91
-46
154
-236
60
379
-729
747
-322
-314
724
-392
-293
578
1
-684
618
139
-720
573
34
-495
279
99
-242
-77
402
-270
-61
178
-250
443
-529
398
84
-530
720
-584
142
241
-66
-178
144
344
-934
1041
-380
-437
721
-129
-481
209
635
-985
466
420
-586
15
640
-462
-331
914
-749
157
276
-427
345
-77
-232
113
345
-811
582
244
-913
614
326
-856
311
504
-623
66
306
-123
-329
372
-124
-112
39
-36
308
-542
364
136
-356
202
-74
295
-483
274
215
-368
83
218
-78
-266
455
-350
67
182
-355
340
-39
-419
662
-288
-447
698
-172
-458
370
216
-507
170
340
-414
125
15
118
-238
-11
456
-627
355
72
-346
367
-297
41
269
-420
87
428
-439
-172
774
-729
82
570
-784
503
-48
-300
300
-63
-308
447
-79
-532
738
-186
-424
417
136
-410
80
361
-210
-208
344
185
-593
228
481
-566
-102
584
-238
-363
383
156
-431
58
390
-286
-237
266
359
-810
376
515
-733
100
347
-99
-389
441
-77
-92
-119
291
-104
-272
365
-116
-47
-178
309
15
-423
259
189
-240
-249
527
-170
-368
318
196
-433
-150
831
-662
-222
726
-131
-601
516
352
-835
364
417
-458
-126
491
-14
-605
604
-140
-88
-108
209
142
-668
783
-409
-71
329
-357
376
-361
61
199
-116
-216
275
216
-572
159
474
-457
-274
884
-617
-188
525
-87
-453
191
702
-1117
385
676
-1064
611
-53
-221
261
-340
361
-198
-8
3
321
-555
269
413
-811
592
18
-388
431
-176
-168
460
-481
15
599
-803
286
533
-772
194
565
-602
-113
771
-620
-53
459
-259
-45
47
195
-209
-83
202
26
-406
341
186
-523
164
486
-624
-59
874
-842
-38
805
-626
-245
804
-505
-179
542
-352
-26
48
196
-296
41
89
76
-296
76
335
-487
237
88
-203
121
21
-73
176
-337
504
-282
-189
436
-28
-534
485
326
-956
744
59
-559
289
301
-545
89
520
-613
64
286
-7
-442
254
323
-511
60
406
-381
-96
639
-699
237
313
-297
-26
61
289
-352
4
269
-69
-346
512
-207
-457
959
-613
-397
935
-352
-626
814
-174
-543
718
-379
-116
337
-249
102
-120
-40
482
-718
201
522
-560
-127
571
-215
-495
851
-572
15
329
-169
-112
121
119
-34
-277
245
408
-957
874
-237
-325
443
-151
-182
62
458
-935
920
-552
43
493
-938
965
-610
197
-117
195
-179
-239
869
-1194
738
158
-664
502
-39
-106
-29
269
-339
141
69
-68
-47
5
207
-154
-37
32
224
-252
-34
257
-292
214
-185
58
61
-255
500
-610
288
150
-125
-279
290
244
-683
577
-268
182
-201
136
55
-219
231
34
-244
-104
802
-883
55
776
-601
-237
721
-338
-409
777
-348
-429
656
-41
-544
368
184
-205
-302
556
-203
-420
618
-316
-187
215
188
-497
310
94
-229
162
-165
315
-351
151
195
-440
452
-302
69
212
-371
306
-56
-2
-224
449
-341
-193
793
-950
466
267
-582
298
62
-149
-73
318
-432
211
232
-500
386
-74
-179
377
-292
-192
617
-430
-313
713
-413
-213
592
-277
-432
811
-232
-722
991
-338
-299
334
-18
-181
87
259
-578
432
113
-547
453
-291
227
-116
-231
498
-530
506
-307
-104
500
-473
450
-638
747
-205
-636
975
-814
423
-189
61
34
-363
911
-1030
423
335
-329
18
-163
695
-735
-72
807
-911
253
486
-707
251
281
-190
-194
343
-13
-166
169
-338
499
-376
-250
686
-600
112
415
-502
136
363
-376
32
207
-124
25
-72
-20
232
-338
112
259
-321
-82
662
-815
218
421
-364
-320
667
-143
-673
899
-271
-460
506
404
-1217
931
344
-1321
881
394
-1296
962
205
-1134
1149
-321
-324
174
612
-1112
885
-143
-708
1093
-994
464
-188
301
-466
181
459
-769
656
-329
359
-471
316
297
-1075
1198
-398
-774
1115
-397
-397
365
237
-575
342
245
-710
786
-499
157
-72
49
87
-237
156
39
-38
-77
168
-177
89
195
-494
362
329
-818
422
582
-1086
523
542
-987
437
371
-498
-181
720
-504
-407
962
-575
-230
674
-371
-49
201
-22
-313
448
-172
-496
752
-262
-582
857
-437
-108
203
195
-342
-128
1159
-1576
788
416
-843
237
278
93
-957
1416
-834
-347
1058
-779
-65
362
168
-880
1073
-552
-363
923
-763
111
386
-300
-77
462
-545
222
327
-673
490
91
-583
667
-299
-268
493
-44
-567
494
251
-851
767
-233
-178
202
-135
169
-591
858
-342
-660
1175
-487
-475
575
212
-857
572
413
-1387
1393
-377
-719
921
-305
-184
45
293
-310
102
174
-178
-26
203
-178
-202
539
-374
-83
291
24
-492
488
-21
-520
697
-315
-363
743
-436
-225
501
-144
-374
458
-130
-288
566
-460
56
186
-2
-297
220
114
-297
269
-180
44
153
-223
70
91
-150
112
-136
169
-91
41
184
-640
826
-380
-444
798
-305
-237
416
-122
-399
549
-211
-394
571
-5
-665
888
-557
-75
488
-612
458
-186
203
-404
492
-94
-640
985
-817
387
30
-277
449
-439
316
-225
76
87
-125
-37
126
102
-228
31
195
-93
-219
199
61
-242
230
81
-335
313
-37
-272
179
12
115
-443
563
-81
-333
177
157
-181
-357
997
-1055
384
760
-1266
464
474
-681
92
517
-501
213
204
-415
115
159
-105
-82
65
194
-66
-338
314
126
-374
69
338
-302
-98
472
-480
-94
668
-505
-258
527
175
-870
587
372
-891
512
160
-354
-44
549
-626
146
443
-579
368
-152
21
157
-291
122
38
77
-340
453
-197
-633
1420
-1223
251
575
-766
749
-623
340
-278
466
-180
-528
780
-535
260
-302
376
-249
193
-102
-254
460
-378
256
-350
591
-290
-229
364
-406
591
-742
405
153
-363
326
-103
-373
575
-58
-805
1033
-240
-508
624
-74
-649
857
-308
-815
1243
-322
-892
987
85
-1006
1124
-441
-552
817
-65
-812
542
696
-1044
449
207
-583
155
420
-599
24
998
-753
-99
435
-496
235
-182
143
-35
192
178
-416
291
-639
708
-380
-390
1054
-634
145
323
-381
-278
160
381
-658
570
141
-537
772
-716
-133
201
150
-400
610
-73
-529
912
-528
-617
595
266
-676
386
615
-870
220
363
-482
-394
677
303
-1069
885
336
-1123
417
568
-902
175
838
-471
-615
1244
-742
-640
1209
-927
232
321
-216
-93
214
1
-256
195
8
-84
387
-608
326
330
-804
702
-617
312
183
-436
349
-216
464
-428
236
-250
116
308
-657
502
13
-245
293
-199
-174
247
-264
152
227
-386
400
-163
-79
75
-218
64
187
-39
-54
140
-83
-157
374
-592
195
598
-821
429
296
-401
-258
459
27
-749
983
-409
-399
975
-605
-405
470
295
-809
607
109
-678
945
-564
-625
1113
-402
-536
992
-686
6
438
-296
-311
530
120
-574
472
-70
-95
-153
57
316
-461
284
373
-628
26
691
-1016
436
386
-541
209
251
-313
-173
387
-635
795
-530
354
288
-639
352
-139
-16
-372
781
-565
142
394
-655
312
-34
-141
44
128
318
-292
-84
284
-387
-8
117
91
-195
482
-296
-471
920
-703
-88
655
-533
136
189
0
-584
717
-243
-552
725
-170
-193
122
417
-510
-7
501
-682
158
590
-756
110
938
-1075
47
833
-975
203
777
-874
141
924
-1010
-152
1025
-925
-37
713
-763
575
109
-274
-30
8
-72
-52
196
-143
311
2
-345
200
35
-551
822
-544
-202
993
-639
183
-276
182
-526
409
335
-671
976
-614
-43
181
-341
171
39
-22
59
12
74
-46
94
-341
-50
261
-132
110
-148
429
-446
318
-106
-334
170
307
-393
-98
941
-633
-153
319
-299
-144
276
113
-297
310
306
-727
188
221
-288
-298
679
-113
-290
757
-810
256
-191
-67
348
-282
525
-329
156
-202
141
-646
470
525
-1030
897
89
-571
274
-19
-564
270
651
-685
403
409
-651
10
142
-360
123
499
-385
195
322
-762
331
203
-664
247
430
-157
-386
821
-741
-200
708
-554
-151
586
161
-806
512
243
-804
258
564
-827
484
398
-809
363
132
-286
-243
623
-271
-108
256
-152
-101
-24
107
-245
280
78
-157
-52
244
-321
-134
352
34
-216
21
402
-332
-86
297
-327
-27
504
-176
-379
605
103
-876
625
211
-434
226
232
-399
-113
627
-542
20
395
-224
-25
14
181
-284
8
283
-349
244
-45
-15
72
-232
160
-34
80
-195
153
90
-546
331
197
-514
240
381
-555
90
420
-388
43
337
32
-286
45
212
-296
-137
266
192
-380
274
80
-574
255
-164
-47
180
-24
79
-35
-269
99
113
-442
499
173
-120
130
31
-25
-165
15
218
137
-203
395
-144
-529
360
-97
-252
311
196
-175
-45
86
-209
-192
115
208
-63
79
268
-326
-41
41
-145
185
144
88
110
23
-324
112
-33
-213
142
232
-163
-56
69
-286
-150
192
-28
-149
293
-9
-185
-86
151
-12
-116
157
193
-159
-96
130
-119
-7
243
-125
35
151
-197
-112
-14
98
-16
-21
28
41
-120
-225
49
-55
32
127
-122
178
-97
-156
87
-131
198
-25
127
145
-84
2
-32
-43
-61
132
-5
-26
206
-48
-164
127
47
-146
128
213
-25
68
145
-33
-142
37
-111
-73
80
-105
78
-108
-129
-34
-370
-10
-168
-22
-83
5
15
-128
-73
-127
33
-178
211
92
-36
220
38
-166
85
23
-154
243
46
-69
222
-122
-135
-21
-50
-14
40
20
90
-17
-208
39
-153
-16
211
-106
166
129
-209
21
-81
46
148
74
119
182
-153
-145
28
-228
75
144
-119
170
-35
-301
-31
-116
-34
75
112
50
88
-144
-25
-42
-81
155
7
78
30
-56
-128
-5
-67
-62
63
-138
-20
-168
-228
-11
-141
-165
-6
-120
-262
-149
-148
-178
21
88
-42
78
-21
-74
8
5
371
114
294
424
-8
75
160
16
151
421
234
240
313
-17
-61
96
29
210
225
286
210
-41
2
-177
-192
-18
-66
-50
42
-181
-293
-263
-454
-342
-258
-264
-210
-84
-358
-216
-226
-329
-50
-100
60
21
138
11
10
93
39
172
77
363
43
92
209
-204
111
46
10
100
151
25
-29
-10
-110
40
-31
121
203
15
208
17
-72
145
-19
190
230
270
279
209
163
178
188
157
397
266
328
387
112
214
148
24
205
132
149
141
19
-15
-91
-149
-115
-136
-117
-82
-163
-203
-220
-322
-291
-295
-298
-249
-250
-250
-218
-264
-244
-221
-261
-125
-210
-70
-97
-90
1
-85
-14
-59
-30
-45
30
25
50
120
22
111
48
20
81
16
60
150
42
150
79
17
94
-35
15
36
76
73
178
74
117
140
30
214
180
245
422
332
412
429
338
402
435
435
572
569
456
502
248
274
221
85
161
71
1
-131
-279
-438
-465
-615
-590
-529
-676
-612
-752
-864
-814
-938
-879
-768
-814
-665
-766
-781
-753
-815
-758
-647
-560
-568
-448
-569
-486
-557
-621
-425
-452
-374
-348
-432
-339
-394
-495
-400
-350
-280
-222
-202
-106
-48
-141
-35
94
149
312
285
381
553
522
674
712
762
799
836
947
1095
1139
1110
1235
1151
1244
1223
1259
1356
1316
1367
1355
1275
1240
1322
1397
1467
1456
1470
1556
1571
1392
1399
1383
1516
1592
1575
1674
1547
1400
1104
1074
849
732
555
305
142
-444
-921
-1472
-1829
-2240
-2462
-2623
-2753
-2936
-3335
-3478
-3672
-3739
-3743
-3523
-3108
-2784
-2614
-2328
-2051
-1907
-1709
-1488
-1081
-642
-375
-165
-24
-26
-96
-288
-363
-301
-382
-479
-532
-711
-993
-1296
-1473
-1567
-1655
-1666
-1468
-1367
-1277
-1152
-1133
-938
-741
-412
-74
333
622
815
1097
1389
1643
1744
2054
2297
2363
2443
2581
2669
2578
2569
2713
2721
2567
2407
2347
2298
2218
2103
2083
2275
2311
2216
2212
2263
2136
1932
2178
2438
2390
2184
2189
2321
2026
1905
1809
1947
1773
1770
1969
1985
1970
1385
1141
-208
-2086
-3749
-3055
-1009
-510
-1227
-2145
-1867
-3245
-5244
-6146
-4407
-2272
-2248
-2438
-1814
-389
-1161
-2743
-2975
-1277
191
415
1298
2508
2563
942
-132
209
854
673
531
1047
1320
324
-1009
-1661
-2002
-2642
-3419
-3012
-2168
-2012
-2724
-3265
-3312
-3417
-3350
-2853
-2149
-1886
-1687
-1096
-845
-1215
-1578
-903
285
677
723
989
1522
1216
278
-143
466
1100
745
457
610
715
-94
-853
-710
-379
-432
-527
-200
-66
-479
-1025
-960
-436
-101
42
271
615
624
121
-76
317
696
752
1040
1520
1555
1221
940
1019
1156
1309
1667
2169
2529
2545
2243
2025
2266
2660
2717
2890
3363
3623
3425
2997
2887
2723
2484
2319
2496
2871
2990
2798
2403
1830
-265
-3329
-4679
-2901
-336
40
-940
-1328
-1528
-3616
-6259
-6391
-3623
-1066
-1091
-1466
-149
1235
-75
-2219
-2059
273
2003
2352
3338
4449
3887
1573
92
530
1604
1743
1379
1604
1504
280
-1674
-2780
-3030
-3385
-3702
-3027
-1994
-2115
-3149
-4082
-4266
-4152
-3645
-2624
-1327
-387
-73
-169
-472
-847
-1722
-2235
-1602
-111
658
627
588
194
-963
-2537
-3270
-2881
-1713
-1020
-803
-795
-993
-1658
-2819
-3199
-2313
-1082
-377
392
633
154
-655
-1233
-1025
-180
606
1079
1578
1710
1358
274
-432
-116
456
867
1713
2527
2348
1479
517
391
945
1649
2203
2879
3509
3707
3263
2713
2620
2697
3149
4203
5289
5393
4691
3914
3562
3373
3338
3444
3542
3620
3580
3398
3177
3251
3257
2309
-586
-3853
-4685
-2312
544
887
-588
-1391
-1676
-3787
-6458
-6437
-3098
-267
-289
-941
254
1651
394
-2048
-2345
380
2891
3689
4074
4761
3977
1208
-1057
-1044
626
1397
1037
543
217
-1143
-3284
-4901
-5549
-5535
-5411
-4597
-3662
-3288
-4105
-5413
-6145
-5578
-4238
-3004
-1637
-495
396
461
111
-253
-172
180
214
-141
-111
774
650
-450
-1659
-2310
-2902
-3546
-3872
-3437
-2588
-2501
-2880
-3462
-3305
-3075
-3050
-2680
-1444
-246
301
645
660
638
374
596
1080
1774
2319
2624
2605
2254
1656
900
701
797
1245
1576
1939
1970
1520
951
855
1160
1519
2095
2586
3233
3628
3690
3597
3771
3843
3930
4291
4761
5071
4962
4686
4226
3948
3666
3409
3078
2819
2547
2531
2681
2550
2420
2196
992
-2112
-5313
-5851
-2931
234
718
-799
-1836
-2476
-4650
-7003
-6337
-2367
739
668
-573
163
1518
404
-2121
-2281
815
3717
4373
3775
3645
2830
346
-2187
-2220
-157
1135
643
-500
-1311
-2718
-4728
-6340
-6751
-6291
-5427
-4433
-3595
-3206
-3852
-5036
-5619
-5093
-3856
-2057
72
1635
1881
1255
833
832
723
760
1313
2086
1941
426
-1512
-2497
-2481
-2826
-3547
-3897
-3566
-3709
-4407
-4889
-4408
-3485
-3053
-2714
-1955
-578
315
577
624
1382
2256
2742
3210
3662
3756
3302
2926
2659
2968
3254
3080
2449
1996
1494
777
404
538
910
1047
1364
1656
1866
1760
1740
1787
2223
3034
3822
4428
4858
5033
4408
3929
4035
4528
4541
4429
4288
4164
4017
3532
2756
1827
1568
1689
2101
2157
2169
2235
1792
-492
-4255
-6440
-5173
-1690
318
-54
-1185
-1678
-3351
-6446
-7664
-4858
-678
866
89
-279
949
983
-1262
-3080
-1702
1239
3020
3446
3612
3553
1587
-1729
-3662
-2615
-726
317
292
-522
-1817
-3489
-5396
-6844
-6873
-6088
-4771
-3342
-2441
-2499
-3082
-4051
-4986
-4707
-2888
52
2515
3333
2769
2189
1683
1004
767
1313
2482
3204
2448
203
-1995
-3283
-3911
-4246
-4401
-3963
-3322
-3496
-4824
-5810
-5634
-4778
-3763
-2689
-1225
297
1077
584
211
819
1826
2598
3361
4232
4481
3896
2732
2014
1944
2218
2274
2118
1892
1458
840
-11
-499
-507
-9
666
1396
1832
1824
1750
1664
1819
2228
3051
4016
4989
5449
5030
4391
4042
4043
3843
3695
3744
4142
4463
4097
3211
2128
1432
1022
1240
1675
2197
2590
2513
1199
-2181
-5958
-7258
-4347
-467
983
-131
-1362
-2468
-4984
-7734
-7623
-3389
586
1001
-791
-792
534
123
-2198
-3401
-1370
1585
3188
3177
3104
2222
-190
-2997
-3702
-1804
396
1115
214
-1010
-2590
-4339
-5845
-6292
-5868
-4979
-3841
-2777
-2198
-2741
-4075
-5431
-5540
-4052
-1339
1232
2559
2532
1867
1193
632
502
983
2046
2836
2520
913
-897
-1929
-2296
-2857
-3576
-3470
-2549
-2068
-2803
-3667
-3574
-2697
-1986
-1454
-412
1130
2072
1866
1544
2063
3120
3758
3906
4051
4233
3915
3136
2629
2708
2816
2483
1886
1405
1026
563
123
-126
-129
68
505
908
1142
1164
1191
1345
1693
2264
2938
3690
4200
4401
4191
3932
3644
3429
3260
3150
3169
3255
3518
3367
2716
1662
1058
906
1121
1515
1906
2237
2032
764
-2569
-6377
-7752
-4941
-884
703
-509
-2187
-3339
-5472
-7843
-7863
-3980
243
1208
-559
-1248
89
460
-1387
-3169
-1864
1229
3614
4014
3454
2259
269
-1967
-3128
-2064
231
2008
1616
-320
-2540
-3861
-4575
-5228
-5640
-5004
-3081
-1464
-1332
-2515
-3500
-4041
-4268
-3775
-1669
1461
3572
3597
2319
1372
958
774
812
1598
2536
2489
1173
-502
-1617
-2313
-2908
-3463
-3500
-3028
-2347
-2004
-2144
-2517
-2689
-2315
-1504
-468
483
1361
1905
2031
1952
2083
2460
2783
2916
2777
2540
2385
2508
2537
2110
1335
651
198
-108
-140
-42
-4
-100
-143
-180
-181
-7
353
655
934
1507
2247
2780
2966
3090
3174
3258
3350
3506
3546
3399
3052
2694
2702
2931
2946
2372
1800
1465
1366
1273
1371
1788
2142
1662
-865
-4649
-7146
-5926
-2580
-391
-548
-1569
-2464
-4385
-6984
-7975
-5275
-1128
905
103
-704
250
968
-420
-2668
-2457
300
3163
4157
3842
3068
1575
-736
-2837
-2840
-700
1759
2204
533
-1695
-3075
-3778
-4677
-5554
-5400
-3811
-2104
-1580
-2215
-2968
-3464
-3921
-4121
-3121
-595
2210
3559
3078
1950
1225
1025
1074
1466
1997
2280
1896
1097
257
-431
-1168
-2187
-3079
-3282
-2402
-1218
-542
-804
-1469
-1902
-1878
-1418
-620
574
1613
2102
1975
1890
2038
2172
1971
1698
1923
2670
3459
3548
2942
1893
903
139
-26
419
1082
1408
1165
627
32
-159
-21
332
628
1204
2076
2856
3057
2763
2584
2621
2896
3073
3331
3538
3630
3239
2591
2296
2449
2544
2057
1626
1489
1645
1542
1428
1497
1405
-28
-3409
-6701
-7145
-4195
-1202
-560
-1740
-2785
-3974
-6280
-8192
-7043
-2741
660
650
-1117
-1088
475
689
-1216
-2526
-907
2063
3783
3570
2991
2371
944
-1396
-2889
-2014
447
2174
1517
-649
-2587
-3284
-3621
-4295
-4957
-4452
-2949
-1850
-1869
-2455
-2516
-2527
-2861
-3268
-2249
325
2954
3982
3260
2362
1817
1803
1833
2440
3065
2962
1953
721
243
-83
-393
-1349
-2194
-2677
-2375
-1668
-1230
-1059
-1501
-1862
-2185
-1713
-852
189
831
886
794
799
1319
1593
1639
1337
1359
1688
2149
2355
2135
1707
986
303
-191
6
427
724
552
192
-106
-150
53
83
39
137
791
1481
1958
2153
2406
2628
2564
2273
2003
2268
2748
2984
2660
2423
2464
2342
1795
1249
1237
1437
1563
1491
1495
1075
-660
-3716
-6153
-5744
-3087
-831
-629
-1461
-2385
-3868
-6049
-7095
-5135
-1460
775
362
-416
413
1694
1200
-687
-1321
303
2487
3338
3217
3217
3027
1545
-882
-2291
-1597
263
1284
684
-680
-1670
-2181
-2999
-4142
-4811
-4240
-3039
-2300
-2316
-2466
-2230
-2336
-3090
-3827
-3033
-843
1343
2280
2096
1795
1457
1170
828
1202
1700
1648
787
83
171
275
-77
-1300
-2375
-3195
-3153
-2700
-1888
-1161
-1010
-1408
-2190
-2166
-1618
-696
-430
-251
163
1055
1777
1734
1402
1002
1126
1307
1933
2600
3318
3320
2479
1368
767
1091
1395
1577
1570
1866
1896
1648
1214
887
805
882
1324
1876
2668
3276
3565
3288
2832
2558
2569
2887
3220
3416
3298
3192
3019
2599
1998
1663
1783
1963
2021
1990
1997
1473
-336
-3261
-5552
-5363
-3147
-1051
-582
-1208
-2267
-3904
-5974
-6998
-5492
-2418
-221
-139
-669
-225
724
521
-813
-1409
-320
1390
2173
2197
2246
2329
1513
-222
-1660
-1607
-311
644
354
-711
-1387
-1687
-2285
-3428
-4212
-3914
-2965
-2404
-2609
-2785
-2456
-2038
-2357
-2966
-2801
-1420
272
1213
1380
1334
1412
1207
675
170
282
795
1109
799
161
-204
-371
-884
-2056
-2972
-2889
-1994
-1371
-1362
-1459
-1309
-1264
-1811
-2367
-2185
-1147
-228
105
170
540
998
968
524
306
885
1775
2374
2461
2494
2538
2330
1696
1026
952
1516
2256
2453
2163
1764
1585
1360
1002
849
1213
1903
2347
2486
2544
2818
2987
2849
2491
2360
2575
2849
2993
2980
2955
2744
2466
2186
2116
2126
2144
2161
2075
1517
-58
-2221
-3869
-3880
-2744
-1597
-1251
-1505
-2171
-3501
-5175
-6125
-5178
-3094
-1489
-1351
-1634
-1202
-310
-104
-809
-1193
-623
434
869
905
1155
1735
1711
624
-734
-1226
-593
53
5
-656
-1100
-1315
-1655
-2386
-3059
-3178
-2902
-2665
-2779
-2834
-2668
-2324
-2309
-2551
-2662
-2188
-1274
-453
-27
20
66
110
153
-55
-308
-446
-281
34
339
553
538
199
-583
-1358
-1710
-1273
-427
327
533
240
-241
-649
-823
-855
-692
-443
-56
330
749
1077
1238
1091
745
620
1012
1885
2697
3096
2997
2701
2307
1978
1891
2215
2732
2968
2738
2319
2115
2023
1788
1385
1246
1555
2116
2453
2523
2508
2527
2431
2106
1808
1811
2215
2642
2851
2741
2609
2519
2419
2176
1977
2141
2456
2224
724
-1480
-3166
-3327
-2487
-1678
-1463
-1628
-2118
-3336
-5050
-6216
-5684
-4075
-2782
-2619
-2697
-2086
-1094
-721
-1224
-1606
-1250
-410
104
417
974
1819
2150
1464
329
-285
28
556
659
232
-157
-308
-488
-1017
-1710
-2073
-2035
-1964
-2267
-2623
-2547
-2031
-1737
-2097
-2640
-2578
-1821
-1115
-932
-903
-501
-14
-225
-1144
-1801
-1394
-378
265
343
441
751
584
-378
-1398
-1373
-376
534
692
536
685
828
349
-719
-1434
-1295
-681
-285
-156
95
422
392
-216
-783
-655
215
1110
1585
1775
1994
2209
2103
1787
1674
2069
2598
2871
2833
2799
2830
2620
2092
1569
1535
1867
2189
2247
2211
2200
2121
1914
1743
1821
1992
2079
2044
2119
2276
2350
2281
2226
2331
2428
2440
2346
2024
1048
-621
-2242
-2825
-2272
-1475
-1206
-1510
-2118
-3198
-4722
-5970
-5943
-4713
-3434
-2962
-2965
-2606
-1915
-1509
-1631
-1708
-1302
-680
-267
28
619
1449
1930
1620
826
193
51
183
251
131
-95
-367
-759
-1251
-1695
-1906
-1944
-2087
-2513
-2984
-3065
-2635
-2077
-1882
-2058
-2216
-2085
-1829
-1651
-1418
-967
-580
-782
-1521
-2001
-1578
-596
49
36
-154
-128
-115
-414
-695
-412
338
893
935
934
1307
1673
1378
471
-254
-264
150
457
594
779
916
657
50
-322
-22
685
1208
1395
1589
2020
2432
2491
2296
2263
2544
2882
3066
3215
3521
3811
3672
3075
2509
2418
2711
2919
2837
2685
2658
2626
2437
2218
2189
2315
2337
2179
2039
2071
2173
2190
2121
2080
2151
2291
2304
1800
504
-1277
-2652
-2946
-2384
-1762
-1590
-1873
-2635
-3989
-5595
-6513
-6152
-5060
-4279
-4088
-3816
-3016
-2126
-1829
-2058
-2162
-1804
-1239
-693
-3
965
1861
2080
1518
694
239
267
408
311
24
-227
-408
-723
-1254
-1766
-2025
-2134
-2440
-2951
-3238
-2931
-2232
-1732
-1689
-1830
-1778
-1545
-1360
-1240
-947
-460
-158
-350
-807
-955
-612
-146
10
-91
-124
-6
30
-99
-155
75
463
713
855
1105
1479
1668
1435
953
583
487
541
633
761
880
847
598
295
146
210
373
536
722
978
1263
1510
1685
1782
1822
1838
1906
2092
2411
2786
3061
3111
2942
2707
2581
2612
2705
2763
2771
2726
2596
2411
2275
2254
2279
2224
2035
1796
1630
1561
1546
1506
1466
1524
1618
1358
294
-1409
-2873
-3318
-2845
-2199
-1885
-1883
-2276
-3367
-5027
-6324
-6372
-5450
-4587
-4254
-3913
-3083
-2139
-1798
-2062
-2267
-1988
-1435
-914
-302
595
1580
2110
1894
1199
577
280
158
-40
-319
-512
-605
-790
-1245
-1788
-2164
-2381
-2729
-3273
-3624
-3397
-2677
-1976
-1618
-1512
-1383
-1208
-1077
-952
-678
-250
68
85
-104
-142
158
645
942
872
540
183
-49
-129
-35
228
656
1076
1317
1357
1342
1353
1315
1151
937
906
1129
1429
1545
1404
1154
913
702
547
540
712
942
1031
950
893
1027
1313
1560
1679
1738
1846
2013
2189
2363
2565
2808
3023
3142
3184
3200
3206
3161
3012
2827
2756
2825
2921
2896
2744
2541
2278
1909
1530
1341
1365
1434
1450
1440
1229
367
-1278
-2973
-3684
-3207
-2343
-1884
-1897
-2193
-2955
-4333
-5726
-6156
-5464
-4517
-4094
-3950
-3394
-2428
-1726
-1714
-1995
-1999
-1638
-1180
-715
0
1033
1994
2325
1907
1186
724
603
491
171
-186
-292
-243
-401
-897
-1417
-1749
-2099
-2742
-3470
-3696
-3189
-2369
-1845
-1706
-1650
-1480
-1325
-1265
-1116
-728
-270
-120
-314
-449
-82
670
1279
1345
955
419
-71
-433
-596
-390
140
679
874
786
730
785
740
419
80
121
568
1056
1292
1327
1307
1127
695
281
284
702
1046
977
692
628
855
1039
1058
1123
1378
1615
1591
1468
1610
2062
2497
2659
2702
2891
3176
3288
3154
3025
3118
3318
3350
3161
2997
3022
3083
2893
2462
2144
2112
2102
1855
1547
1472
1325
377
-1449
-3121
-3544
-2857
-2105
-1912
-2069
-2438
-3382
-4945
-6165
-6032
-4874
-3955
-3891
-3986
-3455
-2532
-2007
-2057
-2119
-1846
-1496
-1326
-1023
-176
1019
1831
1786
1135
546
315
195
-107
-516
-736
-733
-827
-1270
-1855
-2260
-2521
-2972
-3707
-4291
-4255
-3622
-2884
-2430
-2197
-1944
-1682
-1624
-1822
-1975
-1713
-1037
-293
274
763
1329
1768
1678
1076
505
434
713
906
958
1177
1649
1947
1714
1157
774
711
719
681
814
1258
1733
1845
1574
1291
1224
1265
1222
1097
1056
1158
1293
1357
1391
1466
1539
1525
1434
1390
1530
1815
2101
2324
2509
2724
2973
3188
3374
3548
3657
3634
3530
3487
3525
3532
3437
3329
3280
3135
2725
2211
1920
1879
1783
1478
1128
726
-141
-1684
-3270
-3895
-3406
-2661
-2427
-2645
-3014
-3708
-4913
-6040
-6114
-5095
-4015
-3667
-3670
-3232
-2380
-1791
-1724
-1700
-1321
-837
-614
-443
170
1202
2031
2128
1608
1009
675
514
278
-60
-331
-470
-671
-1145
-1760
-2175
-2323
-2580
-3198
-3893
-4128
-3748
-3117
-2605
-2210
-1794
-1460
-1451
-1749
-2023
-1985
-1643
-1129
-488
280
1062
1590
1628
1176
532
72
-22
210
645
1160
1607
1846
1761
1354
809
397
245
311
530
836
1186
1463
1504
1265
930
748
758
804
768
751
865
1025
1082
1050
1087
1199
1249
1174
1114
1232
1449
1626
1794
2111
2607
3089
3408
3556
3609
3588
3491
3417
3487
3700
3926
3996
3799
3372
2955
2718
2568
2304
1926
1579
1114
59
-1627
-3163
-3666
-3220
-2702
-2631
-2756
-2937
-3644
-5054
-6276
-6240
-5068
-3922
-3467
-3174
-2452
-1604
-1313
-1546
-1602
-1157
-593
-257
89
816
1749
2293
2067
1286
483
11
-196
-417
-738
-1001
-1146
-1365
-1840
-2431
-2880
-3203
-3650
-4324
-4893
-4897
-4264
-3385
-2717
-2363
-2190
-2133
-2231
-2501
-2802
-2847
-2393
-1511
-539
337
1071
1462
1213
393
-388
-536
21
852
1531
1993
2305
2371
2032
1446
1013
936
1096
1295
1489
1736
1943
1934
1647
1288
1135
1217
1307
1226
1094
1090
1205
1307
1392
1561
1776
1857
1740
1603
1612
1741
1889
2131
2588
3192
3704
3972
4043
4036
3977
3851
3789
3909
4198
4456
4433
4073
3567
3202
3020
2783
2366
1872
1341
383
-1288
-3075
-3915
-3462
-2584
-2267
-2569
-3012
-3590
-4644
-5841
-6115
-5015
-3420
-2475
-2226
-1843
-1053
-436
-464
-770
-673
-36
703
1199
1593
2097
2513
2393
1630
667
78
-42
-80
-431
-989
-1382
-1556
-1835
-2395
-2992
-3426
-3806
-4281
-4709
-4795
-4440
-3830
-3263
-2943
-2877
-2878
-2758
-2531
-2451
-2718
-3050
-2831
-1942
-920
-205
264
580
436
-296
-1046
-1025
-136
897
1379
1384
1474
1758
1770
1291
747
649
940
1156
1124
1068
1201
1307
1069
595
370
632
928
780
306
125
477
986
1252
1364
1583
1850
1854
1564
1391
1658
2241
2759
3137
3606
4200
4583
4469
4005
3632
3625
3940
4333
4575
4596
4381
4001
3470
2926
2461
2117
1803
1176
-58
-1805
-3301
-3856
-3529
-3065
-2932
-3070
-3435
-4225
-5351
-5967
-5395
-3958
-2777
-2274
-1888
-1033
-44
367
281
285
654
1087
1472
2000
2727
3206
2994
2112
1079
372
30
-141
-367
-657
-968
-1306
-1785
-2470
-3170
-3604
-3763
-3931
-4171
-4147
-3671
-3110
-2917
-3036
-3155
-3199
-3520
-4162
-4572
-4207
-3260
-2420
-1982
-1756
-1582
-1656
-1928
-1965
-1320
-231
656
986
1043
1285
1629
1700
1359
1029
1047
1332
1516
1446
1245
968
562
54
-245
-48
512
886
695
182
-98
90
499
895
1245
1647
1979
2095
2079
2182
2577
3075
3462
3783
4278
4939
5461
5570
5371
5185
5269
5544
5767
5802
5599
5251
4801
4420
4111
3822
3481
3005
2080
197
-2372
-4349
-4502
-3239
-2085
-2022
-2633
-3484
-4833
-6578
-7459
-6204
-3655
-1818
-1631
-1862
-1270
-293
-44
-491
-510
306
1351
1984
2411
2939
3310
2910
1728
502
-9
287
806
928
445
-311
-999
-1633
-2340
-2934
-3120
-3032
-3190
-3727
-4115
-3894
-3384
-3304
-3880
-4598
-5021
-5232
-5435
-5426
-4898
-4128
-3686
-3748
-3807
-3445
-2740
-2078
-1510
-779
150
926
1226
1286
1476
1828
2005
1915
1820
1949
2105
1919
1302
548
27
-171
-123
60
337
608
663
338
-226
-608
-478
134
844
1403
1806
2127
2254
2099
1918
2112
2759
3487
3994
4363
4810
5272
5449
5245
5029
5177
5676
6111
6142
5832
5426
5146
4899
4559
4155
3878
3530
2279
-398
-3481
-4858
-3759
-1827
-1258
-2214
-3466
-4658
-6382
-8079
-7818
-5117
-2231
-1602
-2652
-2991
-1937
-1128
-1631
-2307
-1735
-182
1044
1532
1798
1966
1470
168
-1063
-1167
-25
1464
2171
1671
499
-507
-1013
-1296
-1544
-1528
-1152
-888
-1165
-1689
-1869
-1807
-2217
-3317
-4390
-4671
-4283
-3937
-4003
-4234
-4380
-4510
-4711
-4712
-4187
-3209
-2234
-1566
-1072
-534
-18
234
276
461
996
1625
1933
1793
1408
960
500
86
-115
1
299
543
612
588
535
363
-6
-376
-316
371
1313
1870
1814
1480
1240
1093
1012
1273
2114
3186
3762
3631
3441
3800
4442
4694
4575
4791
5639
6528
6773
6414
5999
5853
5852
5745
5534
5460
5496
4786
2305
-1409
-3821
-2974
-226
1165
-4
-2001
-3388
-4828
-6759
-7353
-4952
-1345
-8
-1497
-2875
-2200
-1017
-1484
-2921
-2984
-1167
757
1393
1161
806
116
-1232
-2493
-2424
-801
1187
2071
1424
57
-922
-1171
-1192
-1335
-1283
-691
-1
-39
-809
-1492
-1659
-1881
-2699
-3585
-3677
-3109
-2909
-3596
-4482
-4724
-4412
-4181
-4183
-3942
-3224
-2479
-2154
-2037
-1648
-1003
-570
-543
-522
-102
486
620
66
-717
-1088
-954
-701
-657
-739
-682
-482
-298
-130
229
688
785
354
23
517
1622
2337
2171
1644
1399
1383
1263
1244
1779
2660
3090
2830
2577
2998
3714
3897
3530
3443
4102
4984
5349
5173
4992
5113
5253
5043
4681
4698
5055
4616
2309
-1051
-2843
-1513
1234
2371
1181
-550
-1782
-3262
-5000
-4967
-2105
1190
1764
-57
-1179
-357
375
-699
-2225
-1956
-11
1553
1637
898
67
-1059
-2512
-3299
-2494
-603
840
812
-355
-1570
-2083
-2025
-1984
-2074
-1847
-1111
-536
-860
-1901
-2779
-3067
-3192
-3525
-3702
-3283
-2742
-2921
-3752
-4241
-3870
-3246
-3012
-2886
-2253
-1190
-419
-366
-633
-639
-367
-200
-232
-124
276
491
30
-923
-1664
-1814
-1708
-1795
-1980
-1853
-1391
-985
-882
-887
-782
-668
-665
-555
-20
814
1350
1261
892
732
804
917
1227
1964
2850
3318
3329
3396
3764
4049
3967
3916
4469
5450
6098
6018
5516
5084
4843
4718
4666
4738
4883
4561
2689
-894
-4000
-3733
-283
2572
2073
-351
-1973
-2787
-4059
-4703
-2362
1892
3890
2169
160
962
2742
2050
-528
-1200
1298
4142
4591
3156
1624
260
-1426
-2591
-1805
629
2552
2301
322
-1623
-2324
-2106
-2021
-2426
-2535
-1784
-889
-1139
-2681
-4259
-4915
-5029
-5296
-5363
-4606
-3577
-3524
-4469
-5143
-4783
-4004
-3522
-3027
-1885
-337
588
426
-166
-288
127
502
587
736
1112
1261
681
-429
-1314
-1569
-1528
-1632
-1774
-1628
-1298
-1255
-1587
-1838
-1641
-1208
-957
-900
-669
-163
194
102
-204
-280
-49
331
762
1243
1627
1815
1921
2192
2647
3033
3234
3466
4026
4776
5269
5181
4787
4480
4438
4463
4490
4714
4937
4002
843
-3229
-4934
-2674
788
1726
-22
-1686
-2343
-3499
-5101
-4425
-608
2800
2627
629
718
2691
3048
811
-695
997
4042
5278
4354
3088
2084
695
-781
-732
1230
3354
3636
2091
311
-456
-474
-693
-1269
-1378
-498
420
16
-1773
-3512
-4289
-4620
-5207
-5546
-4941
-4082
-4246
-5393
-6160
-5941
-5425
-5074
-4262
-2552
-790
-168
-667
-1208
-1064
-490
40
495
1005
1348
1098
296
-572
-1098
-1350
-1477
-1326
-781
-223
-300
-1015
-1681
-1716
-1345
-1057
-830
-361
256
505
204
-264
-458
-393
-175
281
1009
1547
1428
946
935
1675
2481
2810
2963
3567
4404
4890
4867
4822
5014
5195
5141
4992
5157
5356
4497
1458
-2611
-4594
-2610
884
1811
-392
-2612
-3102
-3625
-5013
-4797
-1193
2548
2564
119
-176
2116
2866
419
-1444
735
4641
5949
4108
2186
1562
1086
186
362
2288
4226
4236
2667
1317
923
845
341
-165
88
1224
2062
1432
-620
-2718
-3864
-4336
-4636
-4575
-3851
-3352
-4028
-5535
-6452
-6336
-5824
-5255
-4095
-2341
-1078
-1074
-1665
-1691
-1141
-727
-648
-271
498
980
538
-369
-987
-1195
-1387
-1557
-1235
-428
114
-349
-1376
-1971
-1690
-1146
-920
-856
-472
67
107
-412
-859
-732
-345
-88
109
543
945
932
710
857
1406
1834
2031
2388
3106
3715
3863
3752
3857
4201
4324
4123
4076
4442
4145
1837
-1913
-4060
-2648
275
1069
-648
-2159
-2434
-3266
-5110
-5113
-1892
1352
1280
-500
-235
1737
1825
-552
-1582
704
3666
4334
3370
2678
2283
1244
222
756
2537
3807
3784
3268
2874
2352
1448
637
540
1244
2276
2794
2208
745
-944
-2331
-3066
-2999
-2374
-1830
-2044
-2950
-3900
-4424
-4710
-4744
-4172
-2922
-1732
-1212
-1220
-1315
-1377
-1418
-1202
-416
402
630
213
-296
-783
-1160
-1374
-1160
-614
-206
-322
-710
-1108
-1467
-1750
-1808
-1502
-855
-236
-155
-620
-1152
-1305
-1083
-726
-258
261
566
477
313
525
1026
1390
1457
1676
2095
2506
2724
2769
2774
3067
3449
3673
3772
3799
3152
1276
-1330
-2642
-1402
717
1054
-518
-1947
-2412
-3180
-4481
-4370
-2150
-89
-132
-1011
-635
391
-263
-2130
-2182
371
2730
3026
2102
1411
960
280
-110
747
2304
3189
3083
2711
2378
1771
899
494
925
1802
2663
2905
2129
594
-1006
-2040
-2025
-1321
-655
-420
-671
-1487
-2436
-2977
-3085
-2918
-2243
-1116
-160
45
-395
-911
-1061
-822
-244
749
1644
1633
709
-205
-539
-447
-315
-169
161
565
461
-242
-1041
-1466
-1576
-1515
-1231
-664
-105
-93
-760
-1569
-1800
-1337
-683
-250
16
217
385
347
192
306
848
1384
1668
1784
1952
2208
2263
2168
2376
2862
3189
3135
2534
1112
-938
-2372
-1868
-166
532
-317
-1437
-2148
-3101
-4183
-4093
-2444
-1008
-986
-1234
-665
-211
-961
-2146
-2078
-538
1053
1698
1699
1299
458
-323
-406
250
1119
1848
2306
2389
1902
1113
478
251
503
1130
1855
2318
1940
601
-948
-1916
-2038
-1515
-900
-487
-392
-860
-1860
-2623
-2625
-2108
-1338
-408
456
810
555
143
-39
82
574
1443
2324
2585
2052
1246
678
456
451
631
926
1223
1332
946
77
-717
-1093
-1076
-881
-599
-273
-117
-461
-1242
-1895
-1865
-1315
-811
-627
-553
-351
-315
-563
-652
-213
466
859
1030
1243
1472
1574
1542
1643
1973
2371
2485
1841
276
-1391
-1974
-1238
-386
-449
-1085
-1655
-2396
-3514
-3999
-3072
-1731
-1382
-1639
-1192
-345
-570
-1730
-2153
-1164
149
898
1264
1432
1105
375
9
366
1014
1558
2037
2461
2508
1995
1303
921
1002
1431
1960
2277
1967
997
-163
-929
-1139
-1104
-1010
-876
-887
-1276
-1923
-2401
-2552
-2370
-1806
-928
-121
202
156
100
114
244
757
1624
2324
2363
1983
1651
1425
1240
1147
1307
1542
1665
1705
1599
1244
648
133
-16
146
402
571
504
184
-382
-973
-1262
-1105
-658
-402
-433
-562
-622
-647
-692
-547
-147
359
762
935
905
811
838
1051
1366
1759
1976
1389
-150
-1643
-1816
-963
-490
-865
-1388
-1750
-2522
-3545
-3742
-2952
-2312
-2384
-2333
-1658
-1266
-1859
-2706
-2740
-1991
-1137
-438
98
262
-17
-313
-214
171
493
804
1320
1923
2188
1924
1541
1391
1488
1649
1822
1944
1728
1148
564
301
155
-127
-423
-535
-617
-868
-1154
-1352
-1503
-1600
-1425
-1054
-787
-657
-478
-256
-183
-66
394
1014
1375
1412
1419
1462
1436
1452
1610
1795
1830
1852
1964
2044
1924
1641
1376
1207
1196
1260
1246
1020
667
315
-13
-261
-339
-252
-205
-274
-419
-520
-561
-524
-360
-119
149
374
509
519
493
567
805
1131
1403
1323
635
-402
-1044
-839
-307
-200
-632
-1165
-1599
-2002
-2284
-2304
-2204
-2199
-2187
-1963
-1729
-1931
-2533
-3042
-3008
-2513
-1887
-1466
-1379
-1500
-1560
-1370
-1105
-864
-640
-236
297
757
997
1010
999
1035
1184
1305
1356
1274
1112
961
859
796
606
357
149
160
233
166
-86
-370
-481
-458
-393
-442
-519
-513
-394
-284
-241
-165
35
308
523
687
836
1012
1169
1275
1293
1293
1401
1648
1951
2125
2160
2097
1999
1924
1908
1910
1802
1586
1366
1245
1154
948
624
291
107
70
118
151
106
36
-4
85
246
393
442
431
448
533
639
569
216
-418
-999
-1217
-1065
-909
-1091
-1533
-1961
-2151
-2210
-2227
-2301
-2350
-2310
-2151
-1928
-1857
-2030
-2385
-2560
-2422
-2019
-1670
-1521
-1526
-1530
-1423
-1321
-1238
-1212
-1017
-646
-195
101
179
185
188
284
380
540
659
704
634
511
410
292
199
124
147
197
248
235
156
9
-149
-212
-138
55
246
401
454
456
454
581
829
1085
1252
1352
1521
1737
1923
1933
1821
1735
1833
2121
2440
2629
2606
2511
2452
2473
2503
2478
2395
2275
2167
2082
1989
1796
1458
1089
859
831
856
772
565
321
167
75
1
-118
-254
-377
-462
-564
-818
-1263
-1823
-2269
-2498
-2562
-2646
-2852
-3098
-3239
-3234
-3234
-3331
-3491
-3477
-3213
-2846
-2609
-2563
-2544
-2439
-2223
-1999
-1743
-1445
-1086
-768
-551
-436
-406
-360
-284
-109
82
242
319
331
303
191
-2
-207
-259
-141
38
71
-99
-356
-508
-475
-345
-249
-241
-220
-113
52
102
-14
-194
-202
49
444
798
970
1023
1049
1176
1374
1573
1721
1850
2032
2248
2424
2443
2379
2329
2418
2618
2811
2893
2839
2759
2697
2654
2556
2430
2326
2285
2245
2110
1894
1653
1516
1489
1518
1533
1490
1400
1272
1125
964
835
786
815
821
631
153
-514
-1105
-1428
-1539
-1687
-2042
-2536
-2952
-3155
-3260
-3436
-3719
-3961
-3992
-3817
-3617
-3589
-3711
-3781
-3605
-3185
-2708
-2369
-2192
-2030
-1762
-1410
-1107
-916
-764
-535
-242
-21
27
-52
-121
-133
-169
-317
-550
-740
-811
-813
-893
-1109
-1333
-1422
-1319
-1163
-1111
-1159
-1173
-1049
-856
-737
-752
-779
-662
-348
37
320
482
631
880
1203
1487
1652
1758
1927
2210
2523
2722
2766
2757
2838
3028
3224
3314
3289
3250
3261
3290
3242
3077
2865
2707
2633
2587
2476
2287
2111
2030
2033
2034
1958
1835
1756
1771
1828
1838
1776
1701
1658
1579
1351
935
478
157
19
-98
-435
-1018
-1629
-2011
-2106
-2148
-2376
-2806
-3214
-3393
-3364
-3319
-3411
-3563
-3561
-3305
-2920
-2654
-2586
-2577
-2414
-2032
-1593
-1291
-1173
-1118
-989
-767
-564
-463
-450
-457
-497
-613
-839
-1093
-1241
-1275
-1281
-1382
-1585
-1785
-1879
-1873
-1854
-1876
-1898
-1828
-1680
-1570
-1585
-1677
-1680
-1472
-1092
-717
-474
-325
-160
96
394
633
814
1006
1284
1621
1882
2003
2024
2091
2287
2544
2744
2825
2837
2875
2960
3017
2980
2872
2774
2750
2775
2761
2656
2506
2385
2337
2311
2244
2128
2030
2015
2054
2064
1983
1843
1703
1592
1456
1244
969
709
518
342
83
-294
-711
-1028
-1197
-1303
-1485
-1782
-2099
-2324
-2418
-2450
-2505
-2567
-2554
-2408
-2173
-1941
-1779
-1664
-1499
-1242
-932
-665
-479
-338
-179
11
172
236
183
56
-90
-222
-355
-491
-635
-792
-972
-1180
-1406
-1618
-1789
-1898
-1955
-1991
-2042
-2134
-2270
-2415
-2521
-2538
-2442
-2259
-2029
-1800
-1607
-1443
-1280
-1087
-845
-563
-244
75
355
581
751
900
1076
1292
1524
1753
1946
2093
2183
2219
2216
2207
2219
2252
2278
2271
2219
2134
2040
1953
1881
1806
1749
1722
1720
1711
1654
1530
1377
1248
1149
1046
893
681
463
301
186
66
-117
-332
-512
-595
-624
-693
-832
-1012
-1132
-1149
-1122
-1140
-1222
-1277
-1212
-1012
-777
-614
-537
-448
-270
-9
243
403
504
633
836
1037
1110
1006
794
629
575
572
502
315
88
-74
-157
-253
-434
-655
-821
-856
-803
-803
-942
-1171
-1381
-1475
-1474
-1468
-1502
-1516
-1446
-1290
-1125
-1037
-1011
-951
-771
-511
-276
-132
-47
50
198
382
533
639
743
881
1034
1148
1168
1121
1088
1107
1142
1137
1069
977
917
896
856
766
660
599
610
632
603
501
366
258
170
42
-163
-421
-666
-827
-930
-1060
-1245
-1434
-1560
-1588
-1571
-1584
-1628
-1642
-1566
-1432
-1306
-1245
-1235
-1195
-1062
-865
-685
-544
-433
-299
-117
77
218
304
401
543
716
877
955
936
888
850
831
811
766
709
669
661
670
662
626
593
596
633
680
708
704
671
630
586
539
491
447
424
422
436
457
479
499
536
591
638
679
718
745
757
776
788
797
828
875
917
959
996
1022
1035
1048
1054
1042
1007
958
885
784
678
559
424
285
153
24
-105
-229
-365
-520
-672
-827
-993
-1164
-1354
-1564
-1777
-1977
-2160
-2339
-2507
-2665
-2800
-2893
-2960
-3000
-3014
-2996
-2936
-2841
-2714
-2582
-2445
-2287
-2113
-1937
-1746
-1558
-1389
-1229
-1060
-895
-751
-623
-504
-406
-307
-214
-147
-91
-47
-3
41
88
143
202
275
369
486
617
760
926
1102
1271
1445
1619
1775
1918
2061
2186
2294
2400
2496
2582
2665
2744
2820
2885
2951
3015
3052
3066
3080
3058
3006
2948
2872
2763
2648
2539
2408
2274
2152
2027
1894
1774
1655
1527
1390
1247
1085
896
704
500
263
6
-249
-508
-762
-1008
-1252
-1509
-1739
-1925
-2094
-2247
-2383
-2498
-2602
-2662
-2695
-2737
-2774
-2783
-2774
-2742
-2697
-2668
-2633
-2581
-2506
-2425
-2344
-2269
-2195
-2109
-2011
-1924
-1861
-1810
-1760
-1712
-1668
-1643
-1641
-1639
-1628
-1612
-1608
-1612
-1614
-1601
-1567
-1514
-1470
-1432
-1367
-1258
-1130
-991
-841
-673
-468
-212
63
323
594
885
1197
1518
1817
2080
2320
2562
2809
3026
3191
3323
3431
3532
3623
3680
3675
3634
3595
3540
3452
3323
3151
2950
2756
2570
2357
2111
1858
1617
1407
1220
1023
816
626
474
353
240
116
-16
-128
-206
-263
-339
-437
-529
-590
-638
-683
-747
-835
-911
-952
-981
-1024
-1098
-1177
-1236
-1268
-1300
-1361
-1445
-1512
-1558
-1587
-1622
-1696
-1775
-1833
-1860
-1887
-1925
-1985
-2039
-2058
-2061
-2058
-2079
-2103
-2102
-2056
-1997
-1943
-1893
-1843
-1748
-1627
-1496
-1375
-1264
-1131
-973
-798
-629
-486
-340
-169
17
205
379
543
709
891
1090
1275
1439
1600
1760
1922
2085
2223
2343
2445
2534
2614
2683
2734
2756
2748
2719
2675
2612
2534
2418
2259
2076
1891
1712
1510
1267
995
733
507
305
92
-159
-410
-610
-744
-853
-984
-1142
-1266
-1307
-1284
-1263
-1284
-1314
-1277
-1153
-998
-882
-824
-759
-623
-426
-259
-177
-154
-107
7
126
164
106
17
-12
8
-4
-113
-285
-427
-494
-530
-628
-800
-978
-1078
-1094
-1122
-1222
-1352
-1443
-1432
-1375
-1357
-1401
-1432
-1378
-1250
-1118
-1045
-1004
-906
-720
-500
-321
-196
-59
140
391
632
801
939
1111
1331
1541
1692
1783
1857
1957
2063
2123
2113
2066
2015
1986
1940
1839
1696
1544
1414
1289
1142
955
755
574
407
244
67
-126
-308
-470
-612
-758
-901
-1027
-1130
-1213
-1283
-1340
-1389
-1414
-1425
-1427
-1411
-1391
-1359
-1315
-1268
-1217
-1158
-1087
-1014
-941
-873
-802
-718
-640
-566
-498
-432
-362
-286
-220
-158
-111
-68
-23
19
59
80
92
110
116
127
129
127
123
118
122
128
137
148
160
182
221
266
315
367
423
483
560
636
706
773
846
924
1004
1082
1148
1207
1264
1328
1391
1439
1479
1516
1561
1599
1624
1636
1630
1626
1623
1600
1557
1494
1419
1337
1246
1133
988
834
668
501
320
110
-115
-338
-564
-785
-1019
-1258
-1492
-1713
-1914
-2114
-2303
-2479
-2628
-2741
-2840
-2921
-2978
-3004
-3000
-2965
-2915
-2840
-2750
-2633
-2489
-2337
-2172
-2009
-1828
-1638
-1446
-1256
-1066
-885
-710
-531
-362
-205
-63
70
200
321
422
510
599
676
742
804
863
912
960
1005
1045
1088
1128
1169
1211
1259
1311
1363
1417
1469
1532
1601
1667
1740
1806
1878
1951
2025
2094
2156
2212
2256
2297
2327
2344
2345
2335
2313
2269
2212
2134
2041
1928
1801
1658
1495
1320
1133
939
734
518
297
74
-142
-362
-580
-791
-994
-1186
-1367
-1537
-1694
-1836
-1967
-2078
-2165
-2245
-2312
-2353
-2388
-2408
-2412
-2405
-2385
-2349
-2310
-2259
-2204
-2136
-2067
-1991
-1910
-1827
-1739
-1654
-1565
-1472
-1379
-1281
-1190
-1098
-995
-898
-797
-694
-588
-490
-382
-274
-161
-48
62
175
293
414
529
646
758
870
977
1077
1177
1267
1359
1438
1507
1572
1626
1676
1711
1739
1757
1770
1775
1764
1750
1726
1693
1656
1607
1549
1486
1414
1334
1247
1156
1052
940
827
711
594
469
344
214
87
-36
-157
-272
-380
-483
-582
-668
-748
-814
-874
-926
-959
-994
-1016
-1034
-1044
-1043
-1042
-1036
-1023
-1012
-999
-983
-972
-959
-941
-926
-913
-902
-888
-868
-851
-837
-813
-790
-762
-732
-696
-661
-613
-555
-502
-437
-369
-295
-215
-129
-44
48
146
239
343
447
551
660
768
858
956
1046
1136
1222
1293
1367
1424
1464
1494
1518
1531
1531
1513
1476
1429
1371
1293
1207
1104
989
861
724
575
419
266
101
-59
-225
-385
-542
-691
-832
-957
-1076
-1183
-1268
-1343
-1398
-1441
-1465
-1480
-1477
-1451
-1415
-1369
-1320
-1259
-1187
-1115
-1034
-964
-887
-806
-738
-675
-614
-557
-501
-454
-421
-386
-362
-337
-313
-292
-270
-250
-228
-212
-184
-150
-111
-71
-24
24
80
142
216
297
378
464
551
643
745
846
948
1052
1150
1240
1328
1415
1500
1581
1650
1707
1751
1784
1811
1831
1829
1816
1789
1746
1690
1621
1541
1452
1344
1227
1099
963
822
677
526
372
215
52
-108
-262
-415
-560
-699
-831
-952
-1067
-1177
-1272
-1361
-1439
-1511
-1569
-1612
-1656
-1686
-1704
-1710
-1716
-1713
-1704
-1693
-1672
-1641
-1613
-1581
-1543
-1505
-1457
-1406
-1361
-1304
-1245
-1188
-1118
-1056
-997
-929
-858
-785
-705
-627
-544
-465
-389
-298
-208
-118
-17
73
162
267
365
467
577
678
784
889
989
1093
1195
1291
1388
1477
1560
1645
1713
1781
1847
1894
1928
1957
1977
1979
1979
1959
1933
1891
1838
1778
1703
1617
1521
1416
1303
1182
1048
918
784
648
515
376
234
101
-34
-164
-279
-402
-515
-621
-719
-809
-891
-971
-1042
-1096
-1160
-1212
-1258
-1300
-1337
-1372
-1402
-1426
-1450
-1474
-1492
-1508
-1526
-1538
-1546
-1550
-1551
-1555
-1556
-1542
-1525
-1510
-1489
-1464
-1430
-1389
-1341
-1287
-1228
-1155
-1078
-997
-911
-821
-722
-616
-498
-383
-258
-135
-13
120
252
383
519
650
776
906
1031
1157
1275
1381
1486
1584
1670
1748
1819
1873
1929
1967
1994
2015
2010
1996
1976
1934
1888
1829
1745
1668
1575
1469
1362
1242
1112
980
842
705
564
420
280
140
11
-115
-246
-364
-477
-585
-674
-760
-841
-907
-964
-1012
-1057
-1091
-1117
-1132
-1147
-1155
-1159
-1161
-1154
-1148
-1139
-1126
-1114
-1100
-1082
-1068
-1049
-1027
-1002
-980
-960
-930
-899
-865
-834
-796
-752
-710
-665
-622
-567
-516
-461
-402
-345
-285
-225
-156
-94
-31
41
111
175
241
314
385
450
522
601
669
735
802
867
934
994
1048
1106
1154
1196
1234
1264
1293
1308
1318
1324
1316
1297
1268
1231
1186
1133
1068
993
915
829
740
641
528
423
312
196
88
-30
-142
-253
-367
-468
-567
-659
-743
-822
-891
-950
-1007
-1052
-1089
-1115
-1130
-1142
-1146
-1143
-1132
-1121
-1098
-1075
-1046
-1011
-975
-935
-902
-859
-807
-766
-721
-670
-622
-569
-520
-471
-421
-368
-320
-263
-211
-155
-99
-51
3
59
114
166
217
270
322
369
418
468
520
560
607
648
687
729
764
800
832
870
896
922
937
951
969
970
974
974
965
952
929
908
880
839
802
762
715
667
610
549
496
439
367
302
238
172
107
45
-25
-84
-145
-215
-275
-334
-389
-449
-504
-556
-616
-658
-703
-755
-792
-825
-862
-895
-918
-942
-964
-976
-986
-993
-987
-976
-968
-949
-927
-901
-865
-827
-789
-743
-693
-641
-581
-518
-457
-396
-323
-253
-185
-113
-42
22
86
153
220
279
339
398
446
499
548
582
616
650
677
694
711
735
741
743
745
740
727
717
704
685
665
651
634
606
590
571
543
516
499
477
451
432
413
383
367
352
322
301
280
257
226
202
182
145
118
90
45
9
-19
-61
-104
-145
-181
-230
-276
-312
-359
-397
-436
-480
-514
-549
-584
-609
-635
-655
-676
-688
-691
-708
-703
-690
-690
-671
-655
-638
-618
-585
-554
-531
-492
-444
-417
-375
-322
-292
-246
-199
-160
-127
-80
-31
-5
26
72
93
121
154
180
193
211
242
250
261
286
295
295
310
324
322
329
344
343
344
360
363
356
367
374
365
363
373
370
364
369
360
346
348
348
331
322
317
304
289
274
269
248
229
218
188
171
152
131
112
90
70
44
21
-1
-24
-38
-56
-82
-96
-112
-135
-144
-145
-156
-178
-180
-180
-195
-192
-181
-191
-189
-188
-184
-181
-172
-159
-159
-160
-151
-148
-148
-144
-139
-137
-144
-137
-141
-145
-144
-151
-154
-154
-163
-169
-174
-182
-187
-192
-190
-193
-196
-198
-198
-193
-186
-173
-159
-158
-146
-128
-123
-107
-79
-62
-53
-29
-14
2
26
55
70
79
94
108
123
135
148
154
156
160
167
176
181
185
183
172
171
174
176
172
164
161
152
142
146
141
127
130
126
113
111
110
108
97
93
95
78
74
77
75
69
58
57
59
54
51
45
39
37
33
35
30
22
21
8
5
2
-8
-10
-20
-23
-39
-52
-51
-59
-63
-70
-84
-96
-107
-101
-103
-107
-109
-113
-122
-127
-121
-111
-111
-104
-92
-104
-115
-99
-80
-76
-75
-65
-64
-64
-50
-28
-26
-31
-29
-26
-27
-15
0
0
-1
3
3
3
12
17
17
12
4
7
6
14
20
12
0
-2
0
-3
3
1
-1
0
-6
-10
-11
-8
-7
-15
-14
-13
-21
-18
-12
-12
-13
-11
-7
-12
-11
-6
-4
-3
7
15
12
12
15
22
22
25
36
34
31
39
44
46
52
52
54
51
55
61
60
62
59
57
59
61
67
64
62
55
57
53
50
48
42
43
33
28
28
27
19
11
6
-1
-8
-8
-11
-21
-29
-28
-30
-29
-26
-28
-32
-36
-35
-36
-30
-22
-27
-33
-35
-32
-26
-27
-26
-23
-28
-29
-34
-35
-28
-29
-33
-39
-41
-43
-38
-36
-39
-36
-42
-43
-42
-38
-28
-29
-28
-25
-31
-27
-18
-14
-11
-12
-9
-3
1
8
12
12
10
9
13
17
24
26
29
28
28
32
32
36
34
30
34
33
30
32
35
38
34
31
29
25
30
28
29
29
26
28
26
22
25
23
21
21
17
18
16
15
20
11
9
15
6
8
2
2
-1
-7
1
-3
-9
-6
-13
-15
-20
-21
-14
-25
-24
-21
-28
-19
-18
-19
-18
-23
-19
-18
-18
-9
-12
-10
-11
-13
-7
-9
-8
1
-1
-5
-4
-5
-3
-4
-1
-2
-6
-2
-3
-4
-6
-4
-1
-3
-5
-9
-7
-8
-7
-4
-2
-4
-6
-7
-5
-1
-1
2
-1
-1
2
3
3
1
3
-1
5
1
1
2
-4
2
0
-1
1
-3
-5
-4
-1
1
-2
1
-2
0
4
1
1
-1
-2
0
-1
2
2
-3
2
1
0
1
-3
1
-1
-3
1
-5
1
2
-5
5
0
0
4
-3
3
-3
0
4
-5
3
4
-2
6
0
0
3
-5
2
1
2
2
-4
4
1
1
10
-1
2
4
3
10
1
6
6
5
4
0
3
3
-1
3
3
1
-1
0
4
-2
0
4
2
1
-1
0
-3
0
2
1
1
2
1
6
4
0
1
2
2
-1
-1
-6
-6
-5
-4
-2
-4
-6
-12
-7
-5
-9
-10
-8
-7
-7
-7
-11
-9
-8
-6
-10
-7
-11
-14
-4
-11
-12
-9
-10
-9
-10
-8
-5
-12
-10
-4
-9
-7
-5
-3
2
0
-2
5
7
9
13
13
12
11
17
17
16
21
18
15
19
17
19
18
13
14
16
15
14
12
18
10
9
14
6
9
6
5
6
4
8
8
9
12
9
8
10
6
5
3
4
0
-3
-7
-8
-7
-14
-11
-15
-15
-17
-17
-14
-17
-18
-14
-15
-18
-13
-19
-17
-16
-20
-17
-18
-20
-22
-19
-18
-22
-23
-20
-18
-23
-20
-15
-16
-13
-9
-9
-8
-5
-5
1
5
4
5
12
12
11
17
18
16
17
20
19
21
23
23
25
26
25
22
22
18
15
19
20
11
11
12
10
8
3
8
3
-1
2
7
7
5
3
7
9
4
6
3
2
-1
1
2
-1
-8
-3
-1
-10
-5
-4
-5
-8
-9
-6
-4
-7
-5
-4
-6
-8
-13
-8
-10
-14
-11
-8
-16
-17
-12
-12
-14
-14
-12
-13
-12
-9
-8
-8
-7
-5
-4
-3
-6
-6
-2
-2
-2
-1
2
0
-3
2
5
3
4
7
5
6
9
12
9
11
