-1
0
0
0
-1
-1
0
0
0
0
-1
1
0
0
-1
0
1
1
0
1
2
1
1
0
-1
-1
1
0
1
0
-1
0
0
-1
0
1
-1
-1
-1
-1
-1
0
0
1
1
0
-2
-1
1
2
1
-2
-2
0
0
1
0
-2
-1
0
0
0
-1
0
-1
0
-1
-2
0
0
-1
0
0
2
-1
-1
0
-1
0
-1
0
-1
0
-2
0
2
-1
0
1
-1
-2
-1
-3
0
2
0
0
2
-1
-4
-1
6
2
0
5
1
-4
1
1
-5
1
5
-2
-1
4
-1
0
6
1
-3
2
-1
-2
0
4
4
1
3
2
-3
-3
1
0
-1
3
0
0
3
-2
-3
3
1
0
3
1
-2
-1
-3
-1
1
5
1
-2
-1
-3
-3
-5
-3
10
4
-6
4
-1
-12
-1
2
-8
1
11
-7
-8
7
-2
-9
4
0
-9
-3
2
-3
-2
4
0
-2
2
-3
-7
-3
0
-1
0
2
0
-3
1
-3
-4
5
0
-2
2
0
-2
-2
0
-1
-1
4
0
-1
3
1
1
1
-3
2
1
-3
4
3
-3
3
5
-2
-3
4
2
-3
7
3
-3
5
2
-4
0
4
5
1
2
8
0
0
3
-3
-1
4
2
3
6
5
-1
-2
2
-3
-3
3
4
5
4
0
0
-3
-1
-1
0
2
2
1
1
0
0
-3
-4
1
1
-3
0
4
-1
-6
2
-2
-9
2
0
-6
6
1
-7
-2
0
-5
-6
-2
-1
0
4
-1
-8
-3
-8
-8
-2
-2
2
2
-1
-5
-12
-7
-4
-2
6
7
-2
-8
-10
0
-7
-11
7
12
0
-10
-5
-6
-12
9
10
-12
5
5
-11
2
-5
-8
14
13
-8
-7
2
-11
3
9
6
19
-2
-14
3
-9
-9
6
1
23
24
-7
-17
6
4
-7
6
1
-22
32
0
-24
30
6
-1
21
-16
10
-18
-17
57
-25
-21
20
-25
3
51
16
9
-33
132
-43
-276
196
50
-236
229
110
-189
81
121
-163
-81
196
-65
-119
188
-46
-183
140
46
-43
47
3
31
-31
-51
-25
-19
32
25
28
35
15
-45
-24
61
-91
-23
92
-75
28
138
-113
-92
165
-23
-175
88
127
-152
-19
195
-151
-62
155
-71
-48
79
21
-90
26
30
-102
144
-91
-114
304
-179
-133
264
-128
-152
211
5
-200
78
157
-179
-4
120
-63
-43
56
26
-94
-20
94
-33
-112
204
-81
-171
177
69
-323
173
139
-245
167
32
-148
-31
182
-104
-149
245
-92
-95
159
-89
-12
-39
49
77
-120
72
-49
10
15
-93
248
-245
-55
372
-293
-36
198
-186
72
74
-61
35
-80
-4
149
-150
11
125
-161
85
44
-65
30
-96
86
137
-232
85
63
-221
237
-5
-170
109
-66
164
-157
2
205
-414
312
244
-488
197
171
-349
319
-139
-98
247
-284
309
86
-379
108
224
-242
-103
413
-248
-236
596
-132
-480
460
-68
-379
575
-137
-407
332
197
-62
-715
704
235
-983
829
55
-661
531
166
-719
374
529
-887
122
1007
-800
-366
964
-459
-482
936
-664
-444
1310
-571
-695
808
150
-730
242
446
-699
244
486
-758
256
445
-603
109
321
-149
-106
21
100
-83
-41
157
-300
10
480
-255
-276
217
243
-282
-166
275
-121
-233
334
80
-317
196
270
-393
2
286
-381
59
167
-29
-53
85
61
-277
27
375
-423
-122
543
-81
-266
182
-28
-104
-6
209
-208
-129
581
-330
-447
650
-312
-170
263
-124
153
-21
-93
25
-126
9
218
-212
-83
403
-58
-225
252
-51
-110
-16
209
-10
-374
324
54
-185
192
-178
-98
213
-143
118
-202
55
217
-325
192
-45
-349
241
230
-290
102
48
-6
-60
209
-382
59
394
-381
29
348
-358
-145
328
-301
160
130
-149
75
237
-181
-217
43
-216
339
150
-179
329
-37
-127
-24
-577
362
-260
70
840
-453
106
42
-157
-62
-482
571
-14
-407
1307
-739
-666
1096
-964
-5
598
-581
512
-8
-332
588
-619
-117
585
-190
-206
-60
284
-297
-279
881
-250
-411
1062
-132
-926
300
142
-653
197
758
-286
-216
995
-484
-1064
829
-214
-865
912
457
-892
644
475
-1178
159
643
-1100
453
858
-996
515
420
-685
-77
348
-199
-282
368
482
-875
314
565
-1129
207
548
-497
-38
706
-137
-475
329
-85
-307
-36
331
9
-11
287
-234
67
-480
134
328
-437
205
578
-500
-111
526
-677
-216
699
-122
-432
755
12
-675
164
462
-846
22
877
-431
-326
758
47
-909
808
-13
-679
183
265
-186
-148
785
62
-551
584
28
-507
-31
-34
18
-454
729
282
-658
385
274
-611
82
299
-370
-379
596
314
-809
137
477
-234
-43
548
-554
-284
617
-92
-428
-153
592
-437
260
604
-967
730
-198
-432
379
-364
93
-70
-113
76
137
-117
-69
124
292
-333
-86
138
-155
-730
981
32
-864
881
342
-746
263
630
-1427
-11
1259
-654
-778
1354
-107
-947
1041
359
-1304
-119
746
-724
-25
1034
-252
-474
896
1
-1124
349
273
-498
311
762
-568
-23
742
-493
134
-460
419
-309
449
327
-701
-291
529
201
-704
385
144
-358
553
300
-969
-273
1115
-1330
-5
1469
-1010
622
131
-508
-218
188
56
-551
450
438
-646
996
-566
134
-113
-486
782
-778
-122
688
-51
51
63
-511
87
-43
57
-727
248
723
-302
377
-274
-53
-234
-190
462
-139
-29
-61
727
-832
228
648
-966
625
-454
-312
1023
-246
-506
-153
616
-134
-471
666
-1164
97
1532
-990
168
330
152
-591
-274
20
-473
856
755
-346
77
483
-355
-671
-462
123
480
166
486
279
-260
198
-807
-600
272
-342
856
306
360
93
-750
194
-1336
576
-409
-154
1887
-447
182
-243
-364
-505
-670
281
279
261
1602
-565
-836
696
-922
-569
-118
797
-156
849
1025
-1155
-555
96
-804
-94
345
725
362
502
-200
-1348
-80
226
52
84
261
613
3
127
-510
-795
-14
216
163
405
902
-766
-761
1331
-1239
-734
1042
-657
498
763
305
-1044
340
142
-860
27
-46
71
858
585
-862
40
99
293
-45
-1020
-426
916
743
-1102
1661
-394
-1007
759
-1082
294
-1138
392
2018
-888
442
505
-1472
667
-1321
241
-27
-1020
2614
-545
1043
-528
-1072
89
-1326
1024
134
-1045
1788
1156
-591
-248
-587
-1831
464
2159
-1268
217
155
641
1195
-950
-182
-2100
-1636
2821
1127
707
73
-1262
-424
-304
89
-127
-1221
1474
1074
-870
1657
-247
-1222
-1087
-239
-193
273
607
1165
15
130
508
-1407
-1383
334
-1096
555
2777
-122
-286
-560
-382
215
-1697
638
-284
1028
1863
-1481
366
-141
-1303
1003
-1217
-534
1882
87
1564
-1178
78
-1268
-2490
2975
-390
634
2560
-3478
770
-271
-420
2703
-3701
548
1116
-1101
3686
-1966
-1599
966
-966
1921
-674
-908
911
-2038
2127
786
-2725
3146
-1668
-584
2157
-3059
854
263
397
878
-1458
835
-280
321
722
-1450
-274
-247
361
710
123
518
-355
-377
200
-28
-1140
91
873
-444
1093
-470
-178
1271
-1287
-757
105
120
1046
-783
854
-1399
509
2183
-2855
1852
-1403
-417
1407
-937
612
-1524
2070
276
-977
348
-494
-323
-165
531
-1239
1805
325
-768
670
-763
-187
-986
865
813
-990
1350
-606
-1201
1532
-668
632
-660
-662
1391
-591
-209
-82
425
-259
1278
-637
-1679
1733
-1247
856
443
-793
712
-875
1270
-749
-793
732
-445
487
363
-755
1006
-965
38
1222
-1669
550
-311
-726
1246
558
-4
-455
-224
614
-1705
-212
890
-107
1503
-364
-787
860
-346
-1435
140
45
337
1493
-391
-321
-479
537
332
-1832
429
289
217
610
-58
-160
346
1450
-2214
-1416
-405
1688
1133
54
830
-1575
-74
345
-11
-1596
977
183
-307
1048
44
521
-1250
1444
-1124
-806
528
-1951
1824
373
630
949
-935
102
-1709
219
-68
-994
2098
-667
1568
-125
-1607
1481
-2337
582
539
-1475
1345
1213
339
-371
-940
-737
-958
1589
133
-1469
2324
-62
-98
-188
-717
176
-1663
1704
-725
106
1805
-1603
1470
-900
195
-101
-1333
901
-829
907
641
-398
195
-151
18
312
-1078
-260
800
-920
1943
-80
-1290
365
-588
1342
-1330
-342
702
-958
3390
-310
-1978
-399
-1346
1971
-350
34
-460
30
2371
-494
26
-734
-1469
-327
323
-378
409
1360
1038
425
-555
-304
-1288
-1885
-496
985
753
2342
1443
-2104
-525
-97
-1334
187
24
-342
263
3082
-240
-3145
1897
-1488
-1067
3338
-211
-1583
8
-208
470
582
-57
-1316
-875
1968
657
506
-271
-914
-414
-427
-924
-291
1631
1108
852
-338
-255
-1868
219
-42
-275
617
-160
691
374
927
-2015
26
1072
60
-965
-302
13
-510
2964
-2206
-1284
2414
1026
-1375
-1150
-399
-288
1863
362
-1470
-716
1725
356
88
-645
-1080
90
-105
720
595
631
-1000
-786
-298
656
1686
-424
-1218
-568
843
-419
-628
397
324
455
1245
-232
-1812
-619
731
-459
527
386
-553
491
1233
908
-1781
-62
-1982
455
1739
-527
910
-664
1881
-1402
182
-227
-3165
2740
516
328
-1254
278
938
-1150
2223
-1377
-1912
862
30
-244
207
901
668
246
-217
-1681
-963
811
814
-636
919
184
110
1554
-1630
-1983
-990
1483
1380
-214
1900
-261
-1265
248
-2781
-1183
2305
861
1521
154
-793
-397
-1122
1124
-2000
-486
1163
-196
2691
-486
-1093
48
-536
778
-1078
-1394
90
1686
1079
-549
-607
790
371
-607
-468
-1048
939
-915
419
703
230
1687
-433
-83
-1607
-217
-404
-961
1451
327
1815
-347
-329
-408
-1098
589
-1484
304
-504
1705
526
-148
1156
-191
-822
-2646
631
90
1128
10
153
1123
303
-117
-1987
378
-43
44
559
-231
-607
952
1220
-1055
-1266
487
-749
831
1434
-759
-169
-538
1472
-1017
-976
-408
-413
2017
-377
-9
470
460
1298
-853
-2202
-747
-606
427
1355
706
976
360
992
-1732
-2237
-206
-635
226
1027
1626
681
525
-406
-1532
-1148
-920
452
-232
767
1921
788
689
-1538
-1719
-317
-78
54
-695
1107
2628
373
139
-1456
-2590
460
37
810
-702
-43
2071
165
1083
-1088
-1427
-1095
-670
778
-382
700
1972
984
114
-712
-2130
-722
580
-59
-29
986
857
441
586
-428
-1465
-390
-194
-627
169
341
1203
999
-483
-1000
-387
-288
238
316
-290
80
1166
265
-1179
-204
-576
932
735
-61
193
-168
884
-1060
-344
-400
-1056
478
732
992
535
-75
12
-1050
-1530
-718
-366
1404
1164
726
404
-188
-312
-956
-1010
-279
351
913
123
425
614
-250
-61
-475
-634
-966
-98
1095
127
427
68
-701
-597
-722
250
276
143
989
194
-577
-109
-121
-51
-221
15
146
-400
909
883
538
1408
58
-1689
-1507
-976
-247
778
1368
2390
555
-11
-940
-2381
-2143
-1639
1178
1701
842
1144
440
-353
-540
-1862
-1870
-271
553
1960
1089
614
-82
-405
393
116
-522
-399
-361
747
579
-213
399
26
430
-3
-1085
-113
-537
-2
686
-1208
-596
-639
933
1256
479
-535
-1463
-460
685
331
-317
122
-320
900
838
451
-340
-1457
342
592
586
217
-1234
-529
471
1112
731
-92
-211
-599
-623
-255
-609
176
812
1203
668
-958
-1549
-373
191
214
-2
-968
56
781
1034
-202
-322
-491
-618
393
-491
-814
129
950
1897
1271
-123
-751
-1117
-396
-736
-172
741
530
2170
881
-392
-342
-1942
-749
-893
-104
856
658
1520
409
-115
-596
-1520
-1348
-463
86
750
1689
1290
598
-885
-1062
-1120
-1001
150
325
1257
1387
251
-142
-544
-610
-313
-160
-519
-777
534
756
1271
589
-553
-1053
-729
184
-99
439
-379
-618
392
869
510
2
84
-6
-20
-725
-761
-630
-207
1143
1828
1320
-418
-1220
-1151
-627
122
166
-111
214
658
838
803
-160
-1262
-949
174
-50
-495
-7
-102
1230
1313
452
-583
-1139
-725
-562
333
-13
-117
404
891
595
605
-70
-920
-601
-369
-52
111
49
456
837
435
622
-118
-903
-769
-662
235
60
-109
-27
269
1041
649
-195
-808
-1157
-780
-315
63
669
741
908
603
263
-537
-1120
-789
-764
296
632
427
338
252
615
-147
-270
-812
-1604
-1030
-203
847
1153
893
-12
-757
-734
-605
-90
-94
-305
-395
178
919
309
149
258
-56
-142
-344
-685
-669
-292
496
1130
1037
645
-231
-521
-957
-678
-61
215
454
456
659
239
101
-193
-507
-151
-295
-156
289
-180
272
275
245
147
-564
-194
-172
10
-17
-371
314
576
352
164
-166
-53
-14
131
125
7
514
415
655
587
119
-11
-648
-310
150
458
596
223
450
54
-61
-168
-1065
-1169
-620
429
1138
1011
331
-639
-1381
-1241
-363
528
719
-40
-260
235
283
-21
-83
-60
-103
92
291
10
-560
-575
3
385
860
877
415
-266
-699
-637
-539
-437
-400
42
659
927
743
202
-635
-1315
-1153
-296
-20
450
437
409
346
-193
-159
-264
-209
-83
-165
-36
247
650
660
315
183
-23
23
-194
-484
129
389
540
584
375
245
-151
-401
-327
-220
-92
70
159
362
429
353
-156
-890
-1067
-557
108
388
568
464
-184
-641
-931
-753
-170
-53
100
247
564
325
-291
-637
-1145
-1009
-483
-84
217
289
232
-39
-452
-542
-749
-786
-514
-112
349
548
438
-249
-580
-550
-409
-51
-15
-88
-38
487
425
334
-26
-606
-614
-633
-457
-67
181
228
393
288
133
172
-88
-368
-403
-98
266
642
684
789
845
520
381
323
378
371
165
88
196
358
951
1055
1124
1111
603
258
-337
-644
-345
43
456
889
1057
989
854
446
159
-188
-447
-444
-264
470
1132
1248
1079
552
122
-164
-404
-519
-367
-17
228
358
335
25
-34
-258
-678
-837
-1050
-818
-538
-592
-533
-547
-825
-1013
-1177
-1386
-1368
-1224
-1049
-1062
-1251
-1444
-1461
-1413
-1194
-977
-831
-1044
-1180
-950
-836
-747
-834
-1027
-735
-184
9
189
-86
-413
-252
-413
-485
-433
-387
-242
53
46
211
202
-36
-102
-168
-67
102
232
229
423
507
600
661
630
699
823
963
1008
1004
876
1117
1441
1703
1684
1491
1180
1054
1177
1120
1398
1781
2157
2340
2136
1618
1459
1385
1588
1970
2075
2388
2462
2461
2184
1919
1752
1655
1721
2101
2388
2636
2675
2073
1773
1230
949
1117
1264
1500
1744
1625
1307
825
-91
-574
-999
-1285
-1568
-1990
-2569
-3036
-3136
-3178
-3364
-3988
-4690
-5477
-5998
-6208
-5949
-5355
-4871
-4469
-4225
-4249
-4481
-4528
-4423
-3734
-2779
-1887
-1067
-683
-482
-281
-269
-343
-294
-310
-54
183
437
666
539
248
-220
-792
-1221
-1464
-1567
-1530
-1471
-1171
-946
-802
-817
-1176
-1391
-1222
-645
72
734
1259
1803
2049
1932
1679
1470
1925
2841
3624
4078
4392
4433
4323
3930
3364
3014
3048
3454
3889
4376
4602
4546
4157
3273
2613
2259
2100
2463
2884
3278
3766
3761
3369
2717
1970
1603
1558
1812
2279
2595
2791
2651
2183
1584
1011
822
701
422
-142
-1217
-2266
-2751
-2500
-1775
-1284
-1482
-2437
-4042
-5428
-6308
-6362
-5663
-4619
-3557
-3084
-3324
-3986
-4712
-4860
-4418
-3670
-2723
-1950
-1227
-527
-79
234
130
-301
-655
-1006
-898
-448
196
789
936
548
-420
-1786
-2884
-3710
-3819
-3449
-3091
-2754
-2854
-3263
-3721
-4333
-4758
-4881
-4699
-4000
-3094
-2194
-1575
-1304
-1138
-1060
-671
-158
485
1421
2240
2948
3229
3139
3010
3001
3232
3525
3700
3663
3464
3186
2803
2380
2093
1816
1536
1189
757
467
343
378
426
499
573
568
512
399
482
950
1592
2245
2591
2793
2939
3199
3451
3679
4047
4642
5323
5881
5913
5584
5171
5012
5140
5329
5258
4990
4564
4284
4112
3990
3841
3491
2744
1430
-530
-2448
-3593
-3431
-2153
-848
-541
-1593
-3678
-5952
-7593
-8162
-7488
-5944
-4114
-2811
-2560
-3333
-4467
-5137
-4882
-3825
-2423
-1011
279
1399
2131
2224
1825
1283
975
1068
1422
1824
2255
2634
2643
2071
820
-613
-1742
-2186
-2074
-1876
-1972
-2556
-3591
-4743
-5868
-6534
-6653
-6328
-5775
-5440
-5467
-5744
-6062
-6129
-5918
-5426
-4624
-3674
-2599
-1636
-965
-547
-453
-375
-198
268
1217
2244
3134
3521
3395
2997
2471
2022
1654
1488
1560
1646
1692
1492
940
257
-546
-1297
-1761
-1899
-1524
-818
-49
403
422
214
5
148
742
1623
2682
3652
4318
4699
5003
5273
5586
5917
6340
6922
7514
7834
7761
7491
7254
7015
6635
6088
5593
5432
5548
5632
5384
4659
3622
2240
380
-1729
-3210
-3220
-1843
-256
147
-1113
-3474
-6047
-7994
-8649
-7717
-5652
-3468
-2152
-2211
-3325
-4750
-5604
-5241
-3742
-1860
-164
1148
2035
2498
2353
1724
1047
820
1182
1960
2876
3332
3007
2012
690
-600
-1622
-2277
-2569
-2567
-2707
-3302
-4217
-5079
-5712
-6188
-6767
-7604
-8400
-8680
-8209
-7201
-6264
-6064
-6636
-7419
-7870
-7580
-6493
-4875
-3127
-1741
-1117
-1337
-1902
-2168
-1772
-600
991
2368
3167
3344
3045
2605
2266
2071
2031
2233
2611
2938
3017
2644
1897
1139
601
248
57
49
243
676
1187
1454
1359
1129
1102
1524
2351
3247
4012
4743
5491
6066
6439
6761
7181
7760
8369
8880
9290
9570
9532
9286
9172
9187
8987
8334
7472
6871
6805
6909
6584
5765
4702
3360
1455
-858
-2763
-3168
-1992
-561
-372
-1855
-4375
-7068
-9031
-9666
-8802
-6863
-4965
-4045
-4346
-5507
-6958
-7806
-7184
-5173
-2760
-962
-84
228
359
221
-114
-145
479
1589
2680
3359
3279
2512
1395
255
-525
-950
-1153
-1186
-1217
-1702
-2941
-4532
-5814
-6305
-6063
-5661
-5676
-6247
-7252
-8266
-8736
-8586
-8005
-7297
-6603
-6176
-6129
-6231
-6181
-5522
-4349
-3187
-2329
-1753
-1255
-719
-95
596
1279
1894
2326
2587
2949
3447
3845
3994
3760
3360
3066
2934
2862
2726
2592
2354
1985
1474
841
381
228
321
589
890
1080
1087
1086
1287
1687
2217
2732
3255
4021
4909
5677
6152
6279
6295
6456
6941
7640
8264
8654
8691
8471
8100
7521
6890
6402
6199
6280
6336
6030
5220
4093
2835
1273
-636
-2367
-2993
-2097
-755
-631
-2264
-4847
-7115
-8470
-8820
-8052
-6430
-4782
-4200
-5030
-6469
-7590
-7771
-6804
-4917
-2678
-1059
-547
-750
-1052
-1055
-837
-356
636
1871
2827
3004
2357
1381
413
-187
-310
-201
-97
-364
-998
-1954
-3339
-4794
-5791
-5837
-5146
-4712
-5032
-5929
-6803
-7385
-8058
-8743
-8829
-7784
-5914
-4563
-4530
-5460
-6310
-6210
-5302
-3883
-2253
-841
56
193
16
137
662
1468
2248
3013
3807
4378
4652
4572
4240
3831
3411
3269
3472
3814
3999
3655
2923
2067
1386
1105
1069
1201
1411
1623
1796
1747
1604
1663
2091
2792
3378
3795
4306
5068
5984
6685
7046
7226
7409
7755
8223
8739
9192
9410
9356
9021
8517
7963
7431
6976
6603
6330
6010
5476
4696
3803
2852
1474
-567
-2606
-3383
-2417
-1030
-1108
-3085
-5693
-7508
-8369
-8628
-8118
-6733
-5269
-5082
-6430
-8028
-8576
-7905
-6640
-5256
-3860
-2793
-2390
-2496
-2607
-2349
-1824
-1140
-238
722
1394
1453
951
250
-339
-575
-374
14
170
-182
-1019
-2085
-3192
-4060
-4309
-3931
-3373
-3359
-4144
-5228
-5956
-6051
-5903
-6106
-6576
-6717
-5997
-4770
-4125
-4477
-5279
-5576
-5031
-4085
-3024
-1947
-1090
-761
-1016
-1170
-627
408
1413
1977
2305
2674
2989
3230
3343
3397
3480
3494
3552
3656
3731
3736
3455
3009
2617
2441
2522
2519
2372
2319
2501
2859
2967
2777
2684
2916
3448
3948
4300
4722
5220
5719
6054
6165
6249
6408
6749
7211
7566
7720
7620
7333
6917
6397
5968
5727
5546
5260
4772
4202
3617
2983
2286
1271
-308
-2167
-3309
-2864
-1529
-1170
-2734
-5242
-7048
-7776
-8002
-7751
-6656
-5284
-5171
-6846
-8767
-9139
-7914
-6370
-5317
-4570
-3969
-3831
-4165
-4348
-3831
-2758
-1666
-837
-347
-234
-470
-899
-1217
-1226
-893
-399
-82
-207
-761
-1529
-2343
-3021
-3293
-2993
-2449
-2274
-2732
-3485
-4013
-4180
-4077
-3756
-3398
-3478
-4226
-5053
-4925
-3629
-2236
-1856
-2452
-3058
-3061
-2637
-2065
-1328
-413
288
425
215
232
747
1522
2142
2432
2567
2780
3156
3537
3713
3702
3673
3736
3870
4054
4223
4204
3904
3553
3506
3738
3858
3698
3605
3877
4230
4195
3811
3618
3967
4601
5087
5299
5428
5609
5731
5699
5635
5786
6205
6654
6823
6650
6295
5886
5408
4915
4650
4742
4865
4478
3552
2669
2299
2207
1895
1240
317
-1000
-2516
-3243
-2360
-824
-798
-2944
-5486
-6504
-6228
-5948
-5741
-4899
-4003
-4637
-6783
-8301
-7629
-5727
-4476
-4339
-4496
-4495
-4600
-4767
-4489
-3606
-2582
-1914
-1696
-1823
-2113
-2306
-2197
-1863
-1514
-1226
-1038
-1087
-1462
-1970
-2337
-2488
-2510
-2387
-2098
-1895
-2099
-2632
-2995
-2872
-2496
-2256
-2204
-2293
-2766
-3751
-4521
-3973
-2154
-765
-1271
-3007
-4058
-3672
-2846
-2439
-2051
-1238
-664
-1177
-2182
-2215
-863
682
1201
818
522
938
1805
2565
3002
3345
3769
4093
4171
4251
4657
5194
5370
5236
5329
5719
5824
5410
5119
5438
5854
5641
5003
4764
5127
5505
5486
5264
5085
4903
4663
4515
4558
4697
4848
4943
4797
4273
3618
3240
3217
3229
3065
2857
2661
2322
1761
1222
999
1106
1214
788
-520
-2190
-2918
-1954
-457
-466
-2349
-4311
-4882
-4738
-5101
-5522
-4860
-3804
-4372
-6720
-8442
-7740
-5803
-4903
-5398
-5979
-5995
-5991
-6183
-5915
-4834
-3626
-3127
-3318
-3568
-3483
-3131
-2722
-2341
-1886
-1341
-952
-1031
-1445
-1607
-1247
-823
-836
-1045
-862
-386
-339
-903
-1362
-1090
-463
-265
-598
-1017
-1449
-2223
-3029
-2824
-1313
28
-509
-2549
-3982
-3646
-2523
-1972
-1923
-1644
-1346
-1745
-2524
-2425
-1043
485
961
539
287
825
1836
2736
3366
3881
4319
4494
4482
4755
5526
6229
6206
5763
5743
6225
6387
5877
5429
5640
5927
5505
4734
4573
5051
5225
4645
3969
3838
4009
3970
3759
3734
3878
3847
3555
3276
3217
3270
3242
3105
2963
2898
2841
2688
2446
2270
2237
2179
1978
1641
1046
-66
-1312
-1515
-238
960
58
-2587
-4486
-4337
-3610
-3923
-4603
-4350
-3885
-4962
-7162
-8014
-6579
-4837
-4820
-5984
-6550
-6124
-5707
-5698
-5373
-4335
-3268
-3009
-3397
-3618
-3248
-2551
-1997
-1633
-1170
-546
-196
-508
-1067
-1092
-406
256
228
-141
-195
29
-82
-535
-621
-150
226
-125
-946
-1700
-2246
-2478
-2053
-947
-278
-1106
-2881
-3963
-3527
-2467
-1861
-1841
-1964
-2131
-2525
-2791
-2383
-1276
-239
22
-281
-432
100
1023
1807
2303
2706
3116
3262
3244
3555
4304
4839
4632
4186
4250
4695
4718
4175
3881
4288
4735
4315
3241
2590
2872
3495
3605
3218
2905
2796
2620
2318
2262
2657
3117
3148
2688
2239
2221
2580
2913
2816
2386
1960
1899
2104
2226
2171
1976
1754
1163
-49
-1393
-1712
-362
1187
779
-1774
-3981
-3946
-2973
-3053
-3945
-3829
-2995
-3532
-5644
-6976
-5830
-3932
-3578
-4613
-5284
-4945
-4602
-4572
-4317
-3416
-2380
-2046
-2418
-2843
-2559
-1723
-1014
-760
-583
-87
243
-111
-684
-497
371
847
421
-253
-434
-180
69
90
61
1
-214
-604
-1095
-1561
-2014
-2103
-1624
-871
-704
-1768
-3135
-3505
-2644
-1866
-2014
-2392
-2358
-2133
-2368
-2575
-2029
-1036
-487
-787
-1107
-738
281
1279
1835
2139
2321
2501
2655
2986
3620
4341
4682
4444
4106
4056
4254
4342
4421
4669
4776
4321
3370
2844
3153
3964
4462
4211
3541
2830
2598
2773
3271
3796
3984
3853
3324
2964
3018
3427
3751
3542
3197
2924
2937
2981
2898
2799
2552
2231
1444
152
-971
-756
964
1949
332
-2730
-4053
-2912
-2032
-2997
-4036
-3247
-2298
-3710
-6308
-6759
-4569
-2839
-3428
-4735
-4871
-4265
-4191
-4384
-3804
-2566
-1765
-2000
-2627
-2708
-2055
-1228
-870
-816
-539
-144
-286
-997
-1196
-355
613
463
-710
-1551
-1367
-755
-620
-864
-891
-832
-1143
-1840
-2318
-2481
-2769
-2977
-2490
-1471
-1535
-3127
-4456
-3981
-2484
-2079
-2790
-3292
-3008
-2665
-2749
-2532
-1852
-1137
-1043
-1400
-1451
-962
50
1005
1676
1941
1916
1976
2154
2737
3514
4170
4317
3952
3718
3728
3985
4185
4344
4532
4414
3892
3042
2698
3256
4140
4434
3788
3091
2795
2790
2875
3237
3975
4282
3818
3052
2904
3339
3662
3736
3694
3682
3413
3061
2925
3026
3180
3017
2333
858
-526
-405
1331
2479
901
-1984
-3285
-2481
-2121
-3274
-3803
-2651
-1941
-3978
-6761
-6973
-4809
-3280
-3886
-4820
-4908
-4744
-5007
-5032
-4008
-2771
-2187
-2488
-2931
-2876
-2336
-1518
-1082
-844
-508
-184
-340
-1029
-1074
-242
590
328
-727
-1146
-818
-471
-853
-1274
-941
-604
-973
-2003
-2413
-2307
-2795
-3454
-3120
-1552
-1370
-3422
-5249
-4652
-2578
-2216
-3359
-4125
-3542
-2737
-2865
-2942
-2566
-1594
-1038
-1236
-1522
-1273
91
1309
1879
1896
2042
2504
2699
3266
4219
5158
5038
4141
3859
4390
5273
5487
5337
5163
4889
4343
3565
3568
4420
5344
5176
4073
3319
3326
3708
3904
4310
4832
4774
4019
3371
3674
4347
4631
4390
4075
3936
3825
3774
3664
3577
3393
2792
1522
247
385
1821
2494
754
-1823
-2686
-1990
-2007
-3315
-3774
-2726
-2339
-4308
-6726
-6711
-4754
-3507
-4171
-5142
-5201
-4892
-4880
-4750
-3739
-2516
-2054
-2484
-2907
-2539
-1660
-871
-546
-319
93
377
64
-588
-539
486
1398
1009
-307
-1067
-679
-138
-356
-927
-998
-766
-1198
-2220
-2991
-3090
-3164
-3414
-3267
-2881
-3133
-4516
-5593
-5226
-4114
-3616
-4176
-4742
-4854
-4549
-4193
-3814
-3188
-2650
-2323
-2448
-2453
-1852
-764
308
832
1289
1654
1827
1869
2407
3719
4717
4685
3805
3381
3913
4757
5184
4911
4630
4459
4190
3666
3401
3878
4391
4240
3514
3245
3556
3658
3415
3382
3881
4081
3721
3467
3814
4356
4327
3972
3738
3833
4024
4130
4184
3992
3508
2442
1278
1080
2210
3305
2226
-337
-1782
-1184
-756
-2112
-3343
-2651
-1451
-2646
-5546
-6738
-5279
-3498
-3673
-4814
-5198
-4820
-4662
-4854
-4353
-3134
-2128
-2163
-2776
-2725
-1844
-844
-461
-276
320
942
855
9
-300
686
2045
2297
1108
-99
-198
367
425
-108
-299
-112
-425
-1614
-2773
-3074
-2920
-3037
-3400
-3525
-3790
-4793
-5974
-6240
-5408
-4579
-4832
-5922
-6549
-6067
-5228
-4901
-4855
-4449
-3793
-3535
-3651
-3221
-1944
-749
-341
-192
416
1189
1597
1915
2788
4006
4517
3993
3423
3851
5022
5767
5503
4880
4751
4940
4784
4401
4406
4870
5065
4513
3899
3883
4260
4403
4152
4013
4137
4374
4453
4361
4409
4592
4838
4774
4493
4478
4814
5207
5068
4553
3665
2727
2649
3649
4727
3708
1132
-232
568
1342
-173
-2000
-1693
-257
-912
-3899
-5557
-4529
-2827
-2971
-4337
-4878
-4652
-4483
-4798
-4594
-3641
-2770
-2547
-3065
-3185
-2570
-1540
-883
-783
-321
411
806
167
-478
277
1806
2582
1591
273
75
732
1072
516
104
55
-124
-970
-2152
-2761
-2977
-3071
-3351
-3668
-4274
-5552
-6630
-6866
-6237
-5842
-6469
-7524
-8028
-7518
-7020
-7010
-6977
-6436
-5625
-5433
-5573
-5128
-3795
-2590
-2217
-1906
-1029
65
514
734
1654
3104
3883
3455
3057
3715
5037
5698
5350
4909
4997
5295
5013
4607
4694
5244
5443
4706
3999
3889
4381
4545
4151
3929
4005
4348
4178
3897
3989
4391
4791
4453
4139
4104
4494
4879
4789
4567
3623
2810
2869
4085
4991
3557
1414
723
1968
2210
222
-1220
-513
903
-397
-3264
-4313
-3005
-1696
-2689
-4113
-4462
-3975
-3956
-4593
-4379
-3612
-2897
-3147
-3751
-3588
-2822
-1859
-1742
-1721
-1172
-391
-212
-992
-989
241
1682
1602
237
-305
421
1452
1245
436
240
507
420
-711
-1669
-1836
-1541
-1695
-2622
-3360
-3902
-4423
-5200
-5580
-5264
-5288
-6037
-7210
-7468
-6851
-6386
-6453
-6718
-6337
-5933
-5829
-5765
-5083
-3729
-2886
-2609
-2390
-1511
-521
-119
398
1511
2943
3282
2697
2635
3666
4996
5271
4947
4777
5012
5134
4911
4976
5307
5614
5265
4687
4509
4754
5007
4750
4587
4648
4833
4661
4390
4570
4827
5015
4744
4644
4647
4656
4872
4967
4872
3699
2709
3134
4700
5322
3239
1108
1031
2529
2313
4
-928
278
1393
-649
-3447
-3704
-2050
-1243
-2799
-3878
-3649
-3198
-3775
-4644
-3971
-2947
-2564
-3323
-3768
-3167
-2456
-2013
-2165
-1712
-925
-500
-823
-1424
-755
639
1583
979
-46
144
1120
1673
1061
678
1064
1335
580
-650
-852
-399
-410
-1335
-2134
-2281
-2636
-3637
-4608
-4531
-4081
-4397
-5623
-6712
-6757
-6266
-6022
-6387
-6680
-6529
-6291
-6267
-6245
-5537
-4573
-4007
-3918
-3579
-2716
-2096
-1726
-1108
156
1169
1145
831
1155
2286
3176
3425
3398
3451
3598
3591
3704
4017
4398
4459
4217
4086
4113
4166
4070
4122
4441
4676
4427
4070
4133
4492
4784
4736
4710
4578
4429
4553
4939
5086
4075
2998
3213
4757
5412
3639
1589
1533
3187
3203
1007
-428
510
1942
619
-1967
-2808
-1506
-599
-1819
-3097
-3178
-2537
-2811
-3683
-3648
-2973
-2418
-2876
-3316
-3094
-2445
-1937
-2201
-2152
-1538
-734
-764
-1476
-1352
-227
982
647
-440
-551
568
1584
1113
432
475
912
703
-57
-55
357
262
-784
-1476
-1240
-1252
-2018
-3104
-3177
-2739
-2994
-4163
-5366
-5323
-4728
-4559
-5224
-5887
-5784
-5503
-5360
-5405
-5045
-4513
-4241
-4012
-3721
-3158
-2679
-2150
-1518
-936
-419
-224
-32
340
1117
1988
2265
2020
1863
2382
3004
3267
3321
3522
3817
3699
3589
3710
4052
4287
4230
4346
4545
4723
4545
4371
4608
5074
5292
4678
4314
4831
5725
5392
3549
2834
4211
6093
5424
2683
1511
2878
4328
2891
633
616
2305
2498
-60
-1856
-1250
255
-34
-1781
-2334
-1864
-1607
-2493
-3035
-2381
-1756
-1922
-2841
-2951
-2291
-1668
-1760
-2233
-1755
-1026
-828
-1542
-1982
-1031
176
371
-812
-1394
-496
605
635
-218
-307
95
167
-324
-553
63
152
-543
-1328
-1314
-987
-1399
-2138
-2572
-2199
-2098
-2891
-3980
-4400
-3746
-3436
-3892
-4613
-4730
-4387
-4473
-4548
-4323
-3759
-3588
-3721
-3506
-3072
-2551
-2374
-2057
-1574
-1166
-866
-834
-578
-175
497
962
827
694
896
1556
1935
1980
2144
2362
2549
2453
2463
2768
3116
3342
3326
3464
3645
3681
3685
3719
4119
4298
4017
3757
3991
4666
4230
2958
2523
3744
5135
4202
2130
1408
2740
3547
2109
692
1123
2580
1992
-260
-1239
-201
1059
259
-1087
-1302
-690
-703
-1681
-1834
-1078
-364
-846
-1849
-1967
-1269
-489
-795
-1330
-1111
-364
-245
-1302
-1795
-821
576
350
-1214
-1780
-746
335
-102
-938
-843
-292
-461
-1277
-1336
-592
-266
-951
-1735
-1795
-1525
-1617
-2054
-2198
-1960
-1944
-2632
-3509
-3647
-2914
-2353
-2760
-3528
-3763
-3348
-3082
-3114
-2912
-2460
-2194
-2442
-2545
-2129
-1558
-1310
-1324
-1001
-605
-542
-842
-887
-186
562
718
184
-193
146
711
1080
1057
1165
1399
1426
1292
1186
1679
2420
2888
2854
2483
2465
2749
3287
3657
3720
3787
3759
3714
3150
2557
2878
4084
5029
3994
2069
1383
2478
3436
2535
1465
1719
2635
1941
-149
-807
534
1985
1316
-298
-808
-318
25
-397
-249
520
910
284
-677
-496
389
1104
956
568
682
807
582
-62
41
1005
1645
949
-624
-1070
-211
645
266
-622
-738
-674
-1254
-2221
-2028
-876
-644
-1929
-3285
-3101
-2382
-2529
-3233
-3194
-2460
-2664
-3903
-4713
-3956
-2667
-2447
-3192
-3804
-3540
-2995
-2648
-2405
-2022
-1583
-1535
-1727
-1692
-1073
-313
-75
-313
-406
-11
258
9
-231
267
1062
955
-86
-779
-223
703
829
268
-11
210
211
-47
65
833
1425
1193
632
536
1120
1700
1955
1960
2022
2203
2083
1524
926
1395
2913
3854
2774
603
17
1437
2610
1790
469
770
1790
1304
-632
-1274
250
1648
986
-658
-989
-241
75
-283
-58
976
1327
470
-393
131
1395
1923
1542
1261
1718
2075
1709
1107
1332
2398
2932
2140
757
389
1239
1950
1550
624
306
326
-252
-1248
-1381
-433
18
-1088
-2666
-2999
-2279
-2085
-2817
-3223
-2655
-2241
-3047
-4240
-4215
-2986
-2111
-2479
-3237
-3303
-2736
-2240
-2033
-1746
-1357
-1086
-984
-781
-401
-90
150
421
763
892
744
642
848
1312
1549
1349
816
438
523
835
981
696
355
166
112
43
3
166
226
56
-239
-178
199
374
281
267
758
1034
438
-500
-389
1206
2466
1902
115
-599
412
1356
992
91
339
1145
867
-539
-1366
-462
715
725
-277
-908
-699
-501
-487
-369
292
805
530
-108
-370
315
1124
1472
1349
1310
1655
1676
1416
1319
2055
2918
2700
1755
1199
1882
2591
2427
1875
1694
1831
1133
289
315
1215
1454
49
-1309
-1433
-671
-850
-1993
-2494
-2039
-1650
-2742
-3995
-3929
-2780
-2146
-2989
-3770
-3711
-2985
-2684
-2734
-2293
-1795
-1573
-1896
-1663
-818
-212
-135
-365
108
627
813
684
762
1377
1590
1451
991
1008
1500
1859
1970
1520
1335
1293
1410
1466
1314
1435
1314
1234
1037
1047
1179
912
765
606
650
237
-306
-59
561
784
-328
-1343
-1223
-545
-492
-1374
-1515
-984
-781
-1659
-2581
-2134
-1285
-1086
-1836
-2202
-1733
-1391
-1483
-1728
-1281
-706
-672
-987
-1093
-532
-8
186
167
287
678
855
833
778
1090
1728
2048
1843
1345
1351
1993
2495
2387
1783
1602
1946
2172
1911
1346
1265
1426
1413
971
400
275
271
226
-181
-624
-843
-1002
-1052
-1244
-1274
-1347
-1561
-1791
-1906
-1596
-1423
-1428
-1549
-1416
-1060
-1010
-1010
-929
-469
-124
-145
-178
-117
223
391
561
740
830
840
699
876
1147
1420
1440
1259
1234
1280
1552
1644
1615
1571
1631
1822
1557
1071
761
1200
1896
1803
930
-11
13
433
408
-169
-638
-504
-606
-1251
-2084
-2216
-1749
-1628
-2017
-2599
-2763
-2838
-2961
-2865
-2453
-2005
-2193
-2637
-2767
-2291
-1674
-1414
-1307
-1205
-948
-853
-857
-748
-320
358
639
409
-54
64
767
1334
1297
969
1137
1512
1614
1282
1220
1764
2208
2091
1509
1332
1536
1719
1636
1405
1385
1243
1008
670
571
700
714
581
202
28
-5
51
35
-71
27
52
1
-263
-327
-66
152
180
-58
-69
-27
-53
-121
-60
240
226
-52
-367
-281
32
111
45
-71
34
69
10
-1
139
489
639
586
338
236
418
649
800
723
673
541
247
-55
-77
282
404
47
-549
-821
-726
-731
-874
-973
-833
-826
-1187
-1604
-1671
-1276
-925
-904
-1147
-1355
-1344
-1245
-1098
-984
-863
-810
-901
-1020
-1065
-939
-801
-717
-679
-698
-769
-896
-869
-656
-415
-385
-562
-638
-501
-244
-116
-141
-127
22
226
304
315
402
632
880
994
1019
1091
1298
1516
1647
1737
1903
2110
2199
2205
2293
2540
2750
2750
2617
2592
2722
2781
2675
2471
2349
2301
2181
1910
1490
1127
976
1035
912
274
-544
-943
-716
-548
-1000
-1779
-2160
-1991
-2021
-2509
-2945
-2765
-2341
-2491
-3096
-3428
-3082
-2609
-2535
-2649
-2570
-2307
-2282
-2345
-2090
-1492
-1018
-1072
-1250
-1088
-594
-215
-176
-108
173
480
450
227
350
809
1156
976
603
564
841
1104
1039
921
919
950
874
698
801
1094
1285
1023
487
344
670
1184
1143
653
332
387
578
351
155
236
472
363
-201
-518
-469
-132
-57
-232
-432
-639
-697
-725
-484
-223
-197
-462
-750
-524
-109
128
-66
-182
88
331
300
29
154
601
899
713
322
334
620
896
849
720
696
666
628
558
666
750
698
476
269
303
342
335
191
38
-108
-288
-401
-519
-578
-680
-732
-817
-1095
-1391
-1562
-1415
-1264
-1331
-1598
-1817
-1762
-1697
-1669
-1669
-1516
-1298
-1310
-1433
-1457
-1175
-848
-669
-608
-517
-285
-158
-81
33
305
617
751
778
779
916
1052
1153
1269
1388
1503
1451
1355
1381
1562
1692
1633
1546
1551
1631
1650
1617
1634
1705
1745
1695
1649
1693
1802
1835
1747
1630
1634
1732
1803
1730
1578
1522
1514
1432
1220
1117
1177
1161
910
557
425
409
302
49
-164
-268
-488
-801
-1061
-1070
-1055
-1325
-1778
-2070
-1989
-1927
-2144
-2510
-2637
-2515
-2564
-2812
-2986
-2839
-2634
-2679
-2871
-2903
-2657
-2456
-2435
-2445
-2273
-2018
-1960
-1994
-1862
-1480
-1215
-1279
-1413
-1297
-927
-712
-740
-783
-668
-533
-573
-633
-545
-317
-191
-235
-307
-327
-256
-154
-13
134
235
260
229
272
413
634
844
986
1077
1119
1179
1281
1453
1664
1861
1974
1979
1984
2057
2219
2367
2427
2453
2503
2559
2538
2499
2522
2620
2666
2585
2477
2425
2429
2420
2374
2289
2204
2122
2033
1928
1818
1747
1676
1545
1336
1158
1072
980
792
548
393
298
98
-238
-520
-595
-636
-861
-1233
-1525
-1664
-1796
-2007
-2219
-2338
-2440
-2640
-2903
-3077
-3082
-3056
-3119
-3244
-3324
-3355
-3387
-3380
-3278
-3121
-3049
-3095
-3124
-3004
-2776
-2586
-2467
-2345
-2166
-2012
-1930
-1805
-1529
-1172
-939
-848
-749
-517
-228
5
226
489
755
941
1078
1264
1529
1779
1927
2019
2188
2469
2688
2650
2475
2506
2817
3008
2802
2552
2665
2862
2502
1801
1669
2262
2562
1823
820
674
1112
1028
324
3
365
471
-308
-1170
-1093
-411
-199
-694
-1144
-1088
-885
-938
-1031
-766
-278
-93
-371
-628
-374
255
675
654
586
819
1098
1064
966
1307
1908
2037
1551
1175
1428
1876
1884
1569
1454
1529
1361
927
696
899
1092
833
270
-119
-161
-119
-225
-419
-554
-674
-931
-1272
-1436
-1300
-1124
-1229
-1580
-1839
-1843
-1760
-1758
-1788
-1761
-1755
-1875
-2038
-2066
-1905
-1715
-1656
-1738
-1857
-1882
-1788
-1644
-1512
-1406
-1351
-1370
-1418
-1365
-1164
-949
-832
-756
-689
-688
-726
-617
-291
21
49
-115
-150
27
210
276
324
439
509
414
279
296
456
580
550
421
306
265
280
302
305
298
280
222
127
62
109
238
330
335
297
299
355
440
567
740
895
952
924
940
1098
1348
1538
1617
1658
1726
1761
1750
1810
2014
2225
2209
2004
1864
1902
1981
1997
1981
1915
1742
1506
1359
1323
1257
1109
953
830
673
468
287
155
47
-53
-129
-257
-488
-691
-717
-636
-682
-863
-980
-962
-943
-1010
-1053
-1028
-1017
-1069
-1114
-1117
-1121
-1120
-1106
-1123
-1220
-1329
-1339
-1288
-1287
-1367
-1455
-1536
-1625
-1684
-1663
-1634
-1708
-1865
-1967
-1953
-1901
-1891
-1909
-1917
-1920
-1945
-1968
-1921
-1802
-1695
-1680
-1706
-1653
-1496
-1355
-1294
-1225
-1073
-909
-830
-750
-567
-349
-205
-102
52
210
299
374
574
845
1018
1049
1068
1179
1344
1481
1558
1598
1635
1699
1778
1828
1836
1856
1923
2000
2019
1995
1986
1974
1958
1985
2077
2141
2077
1952
1908
1998
2098
2024
1841
1872
2143
2093
1351
812
1411
2504
2430
1034
193
886
1818
1561
761
695
1152
1086
424
159
657
1206
1072
399
45
343
682
470
155
398
721
268
-546
-503
227
369
-360
-902
-713
-553
-938
-1415
-1426
-1141
-1159
-1699
-2397
-2612
-2239
-1960
-2294
-2830
-2953
-2913
-3132
-3349
-3125
-2818
-3028
-3502
-3634
-3400
-3242
-3226
-3135
-3001
-2957
-3010
-3022
-2897
-2574
-2160
-1927
-1944
-1956
-1750
-1465
-1206
-894
-550
-373
-375
-289
-12
316
596
818
924
900
902
1060
1288
1466
1612
1698
1618
1454
1466
1725
1964
1963
1825
1750
1782
1829
1863
1922
2032
2129
2077
1917
1860
2041
2274
2316
2189
2085
2075
2101
2196
2342
2404
2267
2083
2067
2156
2179
2108
2062
2044
1954
1798
1676
1647
1634
1576
1446
1268
1084
925
810
712
599
438
240
33
-157
-319
-463
-594
-748
-923
-1098
-1267
-1424
-1565
-1653
-1711
-1804
-1957
-2112
-2184
-2188
-2184
-2214
-2269
-2325
-2349
-2327
-2290
-2262
-2236
-2195
-2160
-2150
-2129
-2060
-1955
-1864
-1804
-1780
-1761
-1702
-1604
-1498
-1396
-1326
-1291
-1271
-1234
-1154
-1043
-946
-872
-839
-825
-794
-724
-620
-520
-466
-453
-422
-367
-296
-212
-114
-33
11
31
80
175
288
380
450
515
573
632
696
797
911
998
1069
1130
1194
1264
1346
1437
1529
1607
1663
1702
1750
1825
1909
1979
2027
2060
2082
2108
2138
2174
2209
2228
2233
2210
2179
2157
2142
2117
2082
2034
1966
1888
1803
1722
1650
1576
1486
1371
1248
1138
1027
929
826
712
595
472
358
245
130
33
-56
-149
-254
-359
-457
-542
-615
-692
-781
-866
-944
-1021
-1097
-1176
-1262
-1341
-1415
-1494
-1580
-1674
-1765
-1845
-1929
-2018
-2107
-2199
-2277
-2354
-2431
-2512
-2584
-2643
-2684
-2711
-2740
-2768
-2780
-2770
-2739
-2695
-2636
-2571
-2498
-2402
-2293
-2171
-2034
-1883
-1719
-1553
-1388
-1219
-1045
-852
-653
-456
-269
-102
66
228
402
575
731
875
1008
1131
1241
1341
1443
1543
1629
1706
1762
1813
1855
1900
1943
1978
2004
2015
2016
2015
2014
2016
2019
2007
1993
1970
1945
1912
1876
1842
1802
1759
1707
1642
1569
1506
1450
1392
1329
1262
1181
1098
1027
964
906
839
774
711
644
586
536
487
451
419
382
335
295
261
231
217
198
167
131
98
70
43
11
-30
-78
-134
-191
-252
-325
-406
-487
-570
-661
-760
-873
-988
-1097
-1206
-1333
-1466
-1592
-1713
-1831
-1952
-2074
-2193
-2298
-2387
-2467
-2541
-2610
-2665
-2705
-2720
-2717
-2708
-2687
-2645
-2586
-2511
-2421
-2314
-2188
-2054
-1908
-1756
-1598
-1426
-1243
-1052
-860
-670
-494
-318
-132
50
225
391
540
683
822
955
1072
1178
1277
1369
1445
1511
1574
1629
1683
1725
1754
1779
1799
1822
1843
1858
1869
1866
1864
1871
1875
1877
1878
1878
1870
1855
1842
1831
1815
1794
1770
1736
1701
1671
1634
1594
1551
1503
1454
1403
1347
1289
1235
1179
1120
1046
974
905
829
754
678
596
511
435
354
270
184
102
16
-70
-164
-258
-354
-450
-543
-644
-748
-848
-943
-1043
-1133
-1225
-1313
-1402
-1480
-1560
-1639
-1713
-1779
-1840
-1898
-1950
-1990
-2024
-2054
-2074
-2086
-2087
-2078
-2065
-2042
-2010
-1973
-1920
-1868
-1809
-1741
-1671
-1596
-1514
-1425
-1328
-1232
-1130
-1025
-919
-813
-709
-603
-500
-398
-294
-194
-94
3
101
198
292
383
465
549
632
701
772
830
885
939
986
1029
1063
1095
1121
1152
1171
1185
1194
1201
1207
1199
1191
1180
1164
1145
1128
1104
1085
1060
1034
1010
980
953
922
889
860
831
793
757
728
700
669
638
613
590
567
549
530
519
503
493
487
480
478
476
472
473
483
478
481
485
486
484
486
486
485
473
460
438
414
390
353
313
267
216
158
94
20
-55
-134
-215
-306
-399
-499
-594
-702
-808
-919
-1031
-1137
-1238
-1340
-1440
-1538
-1632
-1723
-1805
-1879
-1948
-2003
-2057
-2097
-2131
-2158
-2169
-2171
-2169
-2159
-2131
-2097
-2042
-1976
-1910
-1829
-1740
-1644
-1533
-1419
-1292
-1157
-1018
-876
-726
-582
-431
-277
-121
38
191
347
501
648
792
936
1069
1195
1311
1424
1530
1627
1716
1791
1856
1908
1952
1988
2027
2047
2059
2060
2051
2033
2004
1973
1936
1893
1841
1789
1725
1660
1594
1523
1452
1384
1320
1251
1181
1116
1050
978
920
860
803
751
705
666
617
579
542
508
478
451
429
399
368
336
302
272
240
208
173
144
105
62
16
-30
-83
-140
-200
-263
-328
-406
-480
-563
-642
-727
-813
-901
-986
-1076
-1167
-1258
-1342
-1427
-1514
-1594
-1676
-1745
-1819
-1879
-1934
-1985
-2031
-2069
-2096
-2117
-2129
-2134
-2125
-2112
-2088
-2059
-2015
-1963
-1899
-1838
-1767
-1691
-1597
-1498
-1395
-1285
-1172
-1055
-935
-805
-679
-549
-416
-281
-149
-21
108
232
353
473
586
703
810
912
1007
1093
1180
1256
1323
1384
1436
1481
1526
1558
1586
1602
1614
1619
1624
1621
1613
1606
1586
1563
1535
1508
1480
1453
1424
1385
1350
1322
1283
1251
1219
1182
1150
1121
1094
1067
1044
1012
985
952
920
891
868
844
816
779
744
702
669
622
572
529
476
422
358
288
217
146
64
-19
-97
-181
-276
-368
-467
-565
-658
-749
-845
-941
-1037
-1129
-1219
-1304
-1389
-1471
-1548
-1621
-1683
-1750
-1804
-1849
-1887
-1921
-1947
-1970
-1977
-1986
-1984
-1976
-1957
-1922
-1893
-1846
-1795
-1734
-1666
-1586
-1506
-1417
-1329
-1231
-1128
-1016
-899
-788
-656
-535
-402
-271
-144
-18
119
243
377
501
621
746
859
968
1070
1179
1271
1366
1449
1526
1591
1654
1706
1757
1803
1829
1853
1868
1873
1869
1859
1840
1822
1792
1753
1707
1651
1593
1533
1472
1398
1323
1247
1162
1075
994
903
821
738
644
555
472
386
306
236
160
92
23
-36
-105
-159
-216
-267
-309
-357
-394
-430
-461
-491
-515
-537
-558
-583
-600
-624
-641
-652
-673
-685
-702
-721
-734
-750
-767
-783
-799
-816
-838
-857
-877
-895
-912
-932
-949
-964
-975
-991
-1000
-1020
-1022
-1026
-1026
-1027
-1029
-1021
-1013
-996
-980
-959
-937
-907
-881
-839
-806
-759
-707
-660
-603
-550
-487
-430
-370
-301
-230
-164
-90
-25
44
119
183
251
320
387
452
512
567
625
679
732
773
813
857
885
916
935
953
969
980
994
1003
1002
995
983
974
963
938
920
894
866
838
810
779
742
704
664
627
593
557
517
484
449
416
377
342
306
279
250
225
205
184
165
142
128
107
93
77
64
48
43
31
29
23
11
3
-10
-24
-34
-43
-56
-65
-85
-96
-112
-129
-151
-180
-219
-253
-282
-321
-360
-400
-432
-466
-506
-547
-591
-631
-674
-718
-767
-807
-841
-872
-903
-940
-967
-987
-1004
-1025
-1040
-1048
-1046
-1046
-1032
-1015
-995
-970
-949
-909
-873
-834
-790
-742
-686
-619
-556
-489
-413
-334
-263
-189
-118
-50
27
89
162
224
292
360
429
489
546
607
652
699
741
776
804
829
856
874
888
901
914
928
935
938
940
941
936
922
907
887
869
861
844
833
823
812
802
786
766
737
712
687
663
637
614
597
580
555
533
508
484
454
417
385
357
334
307
281
257
234
210
175
137
99
64
25
-11
-45
-77
-110
-141
-171
-210
-245
-286
-330
-370
-412
-450
-486
-523
-556
-591
-630
-664
-702
-733
-763
-792
-818
-842
-859
-880
-893
-904
-922
-936
-946
-958
-971
-975
-971
-966
-955
-939
-922
-902
-881
-855
-836
-812
-787
-765
-741
-714
-681
-651
-614
-568
-531
-483
-433
-388
-348
-308
-260
-212
-169
-125
-85
-35
20
73
128
178
226
275
324
376
420
472
527
577
630
683
736
791
840
881
924
958
988
1014
1038
1063
1088
1111
1130
1153
1160
1168
1169
1163
1146
1129
1106
1077
1051
1017
991
957
915
873
827
775
723
668
603
541
482
414
350
288
226
159
96
30
-35
-109
-172
-234
-299
-358
-413
-469
-521
-562
-611
-651
-691
-731
-765
-799
-824
-853
-875
-890
-909
-922
-932
-942
-949
-954
-952
-942
-928
-918
-894
-872
-845
-820
-801
-787
-769
-744
-712
-680
-650
-615
-576
-529
-479
-445
-414
-377
-344
-307
-264
-223
-185
-145
-102
-60
-20
13
39
66
106
147
180
213
252
288
331
367
397
429
461
494
527
561
585
608
622
643
669
692
714
727
744
768
783
793
797
798
799
797
793
790
777
762
744
729
719
701
685
662
638
611
585
553
521
475
434
401
372
338
298
253
212
181
148
108
66
21
-22
-53
-91
-130
-171
-209
-247
-277
-309
-339
-373
-407
-436
-464
-494
-531
-559
-578
-588
-595
-610
-622
-641
-652
-661
-672
-683
-698
-704
-709
-705
-702
-705
-705
-701
-692
-687
-676
-671
-659
-640
-620
-596
-579
-566
-553
-535
-510
-489
-465
-446
-414
-377
-335
-305
-279
-250
-225
-192
-159
-123
-97
-66
-28
20
62
89
113
143
183
224
263
290
328
366
404
438
465
500
527
559
589
624
653
671
686
704
720
736
747
761
773
777
783
792
787
768
750
737
735
718
688
648
615
587
557
528
491
448
410
373
338
288
236
178
125
80
42
2
-38
-81
-119
-152
-182
-221
-261
-295
-321
-340
-363
-381
-406
-427
-446
-454
-458
-454
-468
-481
-487
-487
-491
-503
-509
-509
-489
-469
-458
-443
-435
-427
-415
-397
-389
-390
-391
-381
-358
-330
-323
-320
-308
-280
-266
-253
-250
-239
-212
-188
-165
-153
-148
-133
-122
-104
-102
-95
-80
-71
-70
-59
-41
-23
-15
-12
-20
-7
9
8
2
5
7
20
43
57
20
17
48
100
114
101
98
114
167
167
170
182
216
234
254
289
310
310
334
348
380
405
400
428
433
460
450
459
481
467
453
438
445
454
434
421
397
399
397
363
336
324
309
290
245
247
234
224
173
141
150
154
118
63
39
50
40
-16
-56
-45
-17
-31
-82
-107
-82
-66
-95
-133
-134
-118
-131
-153
-182
-163
-154
-173
-190
-193
-173
-186
-186
-197
-190
-173
-184
-196
-211
-199
-200
-223
-236
-233
-234
-220
-291
-290
-301
-267
-296
-354
-289
-381
-396
-430
-320
-312
-472
-582
-497
-266
-264
-618
-785
-426
-213
-209
-736
-616
-456
-93
-289
-539
-516
-258
-125
-197
-318
-241
-154
-77
41
-122
41
-9
163
163
149
208
192
325
314
283
358
402
413
402
403
539
486
460
457
480
624
479
472
432
554
589
482
437
437
514
509
419
354
389
390
395
268
284
277
294
262
161
164
146
192
111
65
34
56
28
11
-44
-47
-61
-68
-83
-108
-95
-119
-121
-137
-120
-112
-113
-132
-131
-122
-112
-111
-113
-95
-97
-84
-101
-88
-78
-63
-78
-98
-100
-83
-94
-105
-108
-118
-129
-144
-136
-154
-166
-213
-230
-195
-187
-214
-263
-257
-232
-229
-241
-268
-280
-260
-257
-253
-269
-266
-259
-243
-205
-217
-212
-189
-160
-139
-138
-117
-100
-83
-59
-49
-24
4
27
43
55
90
112
121
149
157
172
193
212
227
236
256
267
282
289
300
300
302
298
303
300
291
287
282
289
268
244
225
223
220
204
175
153
147
136
118
94
81
63
41
19
5
-5
-23
-48
-74
-88
-89
-87
-102
-121
-127
-122
-119
-116
-110
-109
-108
-110
-108
-106
-100
-95
-103
-109
-105
-98
-90
-90
-87
-83
-80
-78
-80
-78
-76
-76
-81
-85
-78
-67
-57
-59
-59
-60
-52
-47
-46
-46
-50
-48
-46
-41
-37
-33
-37
-46
-43
-42
-45
-48
-47
-48
-47
-44
-39
-30
-24
-24
-25
-23
-21
-20
-22
-25
-22
-24
-24
-21
-15
-9
-3
0
0
12
24
29
22
21
30
32
36
37
42
50
56
54
49
58
70
63
63
67
64
66
68
71
69
71
72
62
59
67
62
47
34
27
16
7
9
4
-9
-13
-12
-17
-14
-8
-12
-19
-27
-31
-35
-41
-45
-60
-74
-77
-74
-78
-83
-83
-85
-88
-85
-74
-71
-74
-73
-77
-76
-67
-53
-48
-37
-35
-32
-16
1
10
13
14
22
33
47
60
64
60
64
66
67
74
73
73
74
74
78
82
86
85
82
81
75
73
69
61
57
54
44
39
38
39
39
33
28
23
22
24
17
4
-3
-7
-12
-20
-22
-22
-16
-14
-21
-24
-22
-16
-21
-23
-26
-29
-33
-33
-27
-33
-25
-19
-26
-24
-16
-10
-20
-17
-15
-23
-25
-18
-20
-19
-11
-8
-13
-5
9
6
10
17
16
10
11
16
11
8
13
8
8
11
11
6
8
13
13
10
7
4
-1
-1
1
-3
-8
0
0
-2
-5
0
4
1
6
6
7
10
16
9
5
8
11
15
17
16
18
23
27
28
27
32
32
31
35
41
43
39
38
41
43
44
47
41
37
38
36
31
26
26
22
15
9
5
-1
-9
-18
-24
-31
-36
-40
-51
-59
-63
-71
-76
-80
-91
-96
-98
-105
-111
-115
-119
-118
-120
-121
-120
-124
-122
-121
-120
-120
-116
-112
-106
-98
-94
-95
-92
-86
-81
-71
-65
-58
-50
-43
-34
-27
-18
-12
-3
1
3
14
23
31
41
43
52
56
59
67
70
72
80
86
89
93
98
104
107
109
113
112
113
116
113
115
114
113
110
108
109
111
104
97
103
101
94
95
94
86
82
84
79
76
76
71
73
70
65
60
56
51
57
52
46
50
39
36
37
34
25
19
22
19
13
7
-1
-6
-11
-14
-13
-25
-30
-32
-40
-46
-52
-60
-64
-69
-77
-81
-88
-94
-95
-97
-100
-97
-98
-106
-110
-111
-121
-116
-115
-123
-119
-125
-125
-121
-120
-119
-114
-113
-108
-102
-100
-98
-96
-90
-79
-77
-70
-65
-57
-56
-49
-43
-36
-23
-24
-10
-1
5
13
15
29
32
39
45
45
52
50
56
54
57
55
59
59
57
59
64
66
66
70
66
64
70
64
61
63
60
61
58
53
52
50
46
48
47
42
48
43
39
44
38
35
40
32
31
37
33
35
36
28
30
31
23
25
28
24
25
24
16
22
16
10
11
4
3
2
-3
-1
-6
-8
-10
-9
-8
-15
-9
-14
-21
-20
-27
-26
-29
-38
-38
-41
-42
-40
-43
-38
-33
-36
-39
-32
-36
-38
-40
-35
-42
-41
-39
-43
-35
-39
-41
-32
-38
-35
-26
-33
