0
-1
0
0
0
-2
0
-1
-1
0
0
-1
-2
0
0
0
0
0
1
1
1
1
0
-1
-1
-2
-1
0
-1
-1
0
-1
0
-1
-1
-2
-1
0
-1
-1
-1
1
1
1
-2
0
1
1
2
1
2
2
2
2
3
2
1
2
2
3
2
1
2
2
2
1
2
0
1
2
1
2
3
3
2
0
1
2
1
1
0
1
2
0
0
0
2
2
1
0
1
0
0
-1
-1
0
1
2
2
2
1
1
1
2
0
2
5
2
1
3
4
2
1
1
3
3
2
2
3
3
2
2
0
2
1
1
-2
-3
-3
-3
-3
-4
-3
-3
-7
-6
-6
-5
-6
-6
-6
-7
-4
-5
-6
-5
-5
-4
-4
-4
-4
-2
-2
-2
-1
-1
1
1
1
2
4
3
3
5
7
6
4
4
8
11
10
9
10
11
12
12
11
13
15
16
13
13
15
19
15
14
13
14
14
11
9
12
14
12
8
6
6
7
4
0
2
2
0
-2
-3
-4
-5
-9
-12
-12
-13
-16
-19
-19
-18
-19
-23
-24
-26
-25
-25
-27
-29
-27
-28
-29
-32
-33
-28
-29
-31
-33
-31
-27
-25
-30
-28
-24
-22
-24
-25
-21
-16
-16
-19
-16
-11
-10
-12
-12
-6
-2
-3
-5
-2
2
4
2
3
9
12
11
11
14
19
20
18
20
26
30
30
29
32
36
38
38
39
44
47
47
46
49
52
53
53
55
57
56
54
53
55
56
55
52
50
51
52
50
47
44
43
43
39
32
32
31
27
22
18
17
13
5
0
-3
-5
-9
-19
-23
-23
-29
-41
-43
-47
-50
-54
-60
-64
-64
-67
-74
-75
-74
-78
-82
-80
-81
-86
-87
-81
-80
-81
-79
-75
-77
-79
-77
-76
-71
-67
-65
-60
-55
-52
-53
-47
-39
-35
-29
-22
-16
-11
-2
4
5
13
25
31
34
40
49
54
59
62
68
80
82
74
81
92
89
82
87
95
103
98
92
101
100
92
93
95
103
104
99
102
101
97
101
100
93
104
102
79
82
87
72
67
61
55
58
37
10
12
3
-15
-31
-43
-46
-63
-103
-105
-103
-143
-152
-140
-172
-191
-190
-210
-218
-217
-246
-246
-215
-235
-266
-245
-214
-233
-252
-223
-202
-201
-186
-172
-174
-139
-102
-128
-134
-72
-32
-44
-42
-16
12
54
44
-17
31
156
129
16
80
206
172
92
82
159
246
202
93
136
281
262
119
116
265
318
199
145
230
303
281
189
168
296
359
235
152
264
348
257
179
228
306
286
191
166
236
250
158
119
158
150
87
14
5
40
-30
-114
-89
-104
-195
-241
-265
-294
-319
-364
-375
-374
-427
-444
-452
-488
-456
-447
-476
-432
-420
-452
-409
-385
-407
-357
-302
-293
-291
-268
-203
-208
-242
-143
-95
-174
-136
-30
-64
-113
-87
-1
44
-72
-83
82
120
-1
-53
105
238
67
-85
189
365
87
25
322
402
216
144
352
471
305
259
463
521
380
360
476
564
454
341
559
690
426
355
622
607
366
423
591
529
398
430
503
466
394
397
413
374
374
359
285
290
271
180
175
135
15
10
3
-183
-227
-139
-271
-462
-464
-472
-614
-734
-731
-737
-843
-893
-908
-944
-966
-961
-1001
-1022
-958
-948
-921
-845
-833
-790
-706
-695
-653
-545
-486
-466
-393
-302
-238
-281
-226
-43
-140
-148
13
-97
-56
32
-110
28
118
-48
-9
118
56
-84
72
202
140
35
144
377
174
169
467
293
361
615
372
490
753
657
569
792
757
694
933
803
868
938
919
967
771
959
1140
795
798
1086
936
617
774
884
690
748
754
671
634
615
517
450
423
372
385
362
317
201
61
4
-91
-189
-241
-249
-343
-494
-545
-710
-822
-871
-1068
-1180
-1163
-1156
-1302
-1387
-1442
-1502
-1539
-1573
-1454
-1413
-1423
-1386
-1331
-1347
-1326
-1219
-1111
-980
-851
-738
-606
-520
-518
-505
-439
-364
-388
-151
43
11
-85
-36
36
-175
-102
56
-62
105
281
-128
26
210
-50
-30
359
294
173
295
372
366
264
763
377
806
928
448
1033
790
1015
1078
895
1271
1469
1059
993
1581
1249
992
1304
1472
1241
1212
1506
1130
966
1355
1162
799
1371
1187
709
1112
1087
619
760
1258
621
448
971
655
105
285
574
149
63
274
38
-349
-309
-350
-811
-797
-704
-853
-973
-1006
-1154
-1414
-1524
-1578
-1631
-1600
-1445
-1469
-1522
-1437
-1514
-1603
-1506
-1395
-1310
-1112
-886
-773
-835
-855
-743
-701
-532
-316
-216
-145
-138
-197
-389
-369
-287
-219
-40
-9
-44
-187
-224
-407
-540
-429
-394
-377
-268
-240
-406
-549
-589
-559
-530
-315
-318
-226
-20
-144
-412
-52
122
-141
475
465
586
667
611
314
829
1238
192
1195
1498
1082
711
1351
1221
541
1320
938
1092
1356
1124
694
1005
1221
306
602
1209
831
615
1005
871
387
766
751
576
585
769
934
554
782
1100
802
659
718
493
407
630
575
647
812
526
168
113
-72
-405
-323
-199
-360
-483
-616
-894
-1245
-1432
-1501
-1518
-1419
-1387
-1360
-1427
-1498
-1635
-1611
-1454
-1336
-1097
-821
-659
-628
-526
-417
-387
-270
6
180
275
454
485
279
258
219
78
77
73
42
33
-60
-260
-416
-595
-698
-709
-846
-928
-781
-944
-1159
-1194
-1164
-1298
-1356
-1212
-1233
-1159
-1080
-1125
-1230
-929
-877
-1018
-625
-336
-455
-109
-308
113
167
-159
571
690
372
539
1307
402
672
977
923
849
739
1395
730
957
994
748
717
966
1071
420
1317
1213
431
859
1355
831
642
1724
1368
936
1453
1641
1182
1031
1788
1771
1594
1889
2108
1711
1072
1335
1395
1107
1550
1868
1374
1135
1142
429
91
386
261
148
316
184
-384
-695
-941
-1334
-1429
-1183
-1008
-1126
-1163
-1195
-1469
-1703
-1630
-1426
-1220
-874
-617
-544
-535
-539
-557
-497
-283
72
327
376
454
398
105
-100
-90
-79
-117
-15
-28
-241
-495
-774
-1057
-1093
-1095
-1253
-1208
-1082
-1506
-1831
-1762
-1973
-2141
-1883
-1709
-1913
-1821
-1734
-2070
-2155
-1889
-1740
-1726
-1109
-1020
-1209
-782
-815
-961
-696
-215
73
176
338
526
537
258
470
573
516
1373
1006
812
1200
1129
356
566
1298
507
1019
1647
902
645
1324
1035
188
1242
1520
1204
1433
1675
1476
1330
1615
1461
1696
2069
2313
2237
2234
2546
2164
1688
2044
2009
1487
1989
2546
1663
1490
1937
1260
472
813
776
283
400
508
40
-443
-606
-1044
-1488
-1435
-1300
-1428
-1445
-1395
-1707
-1934
-1897
-2043
-1985
-1558
-1355
-1328
-1131
-972
-1147
-1089
-853
-624
-408
-226
20
40
9
-117
-220
-152
-230
-183
-86
-139
-290
-450
-630
-978
-1020
-1120
-1083
-1071
-1252
-1199
-1516
-1821
-1980
-2013
-2023
-1940
-1708
-1779
-1845
-1951
-2054
-2221
-2071
-1669
-1570
-1152
-1000
-1073
-827
-954
-950
-419
-25
-18
738
715
639
753
720
632
1012
1430
1208
1659
1664
1618
676
1425
1444
512
1449
1826
1109
1202
1724
645
790
1666
894
1153
2004
1724
1402
1406
2071
1499
1587
2246
2465
2081
2462
2954
2325
2466
2975
2742
2390
2632
2525
1857
1902
2284
1832
1661
1801
1330
843
733
365
-39
20
-13
-436
-753
-974
-1418
-1968
-2058
-1949
-2166
-2117
-1970
-2226
-2412
-2361
-2387
-2475
-2100
-1793
-1564
-1357
-1301
-1156
-1031
-942
-740
-325
-110
-42
141
199
92
-54
-28
-64
-152
-28
-80
-264
-392
-529
-838
-1073
-1216
-1280
-1358
-1452
-1356
-1685
-1941
-1898
-2236
-2380
-2119
-2008
-2075
-1929
-1947
-2152
-2076
-2166
-1919
-1615
-1305
-1016
-906
-734
-684
-660
-345
-93
353
529
978
1211
790
1093
1137
1048
1300
1759
1656
1550
2122
1294
1107
1430
1247
1287
1231
1614
1406
1197
1114
1018
895
1144
1391
1362
1595
1648
1414
1421
1697
1487
1825
2445
2211
2044
2389
2575
2163
2301
2768
2727
2609
2312
1985
1687
1532
1529
1807
1870
1337
1114
1009
349
-280
-218
-162
-457
-542
-572
-1192
-1844
-2064
-2423
-2564
-2327
-2146
-2309
-2372
-2369
-2720
-2904
-2737
-2553
-2303
-1828
-1533
-1548
-1407
-1303
-1435
-1213
-751
-538
-412
-87
-104
-362
-486
-616
-776
-745
-674
-666
-578
-634
-1008
-1121
-1333
-1690
-1582
-1680
-1713
-1632
-1562
-1909
-1889
-1974
-2278
-2019
-1889
-1796
-1833
-1411
-1621
-1835
-1488
-1507
-1447
-1055
-610
-449
-561
-221
-33
-74
-30
690
931
807
1541
1332
1481
1165
1838
1371
1283
2758
1919
1496
2662
2245
778
2350
1873
1416
1992
2541
1883
1424
2461
1489
1639
1941
2238
1947
2365
2883
1674
2253
2914
1957
1989
3234
2902
2319
3130
2750
2122
2555
2769
2303
2590
3123
2220
1923
1777
948
703
1148
1153
854
1023
506
-142
-591
-893
-1214
-1450
-1077
-1036
-1581
-2034
-2229
-2855
-3388
-3073
-2830
-2774
-2602
-2558
-2632
-2987
-3086
-3071
-2768
-2329
-1910
-1479
-1392
-1271
-1444
-1480
-1220
-983
-640
-279
-61
-232
-427
-625
-1021
-1048
-854
-760
-643
-487
-720
-1142
-1089
-1514
-1779
-1294
-1333
-1539
-1119
-1224
-1699
-1415
-1631
-1751
-1396
-1263
-1289
-1214
-921
-1238
-1204
-956
-965
-770
-562
-296
-165
-156
-226
34
371
278
323
1209
1096
860
1092
1364
1064
1097
1438
1437
2056
1502
1482
1951
1537
744
1876
1749
1206
1830
1913
1877
1322
1330
2107
1499
1433
2326
1878
2102
2283
1848
1711
2705
1905
1276
2940
2587
1550
2469
2837
1550
1591
2509
1686
1407
2340
2239
1603
1551
1328
601
129
438
507
809
719
365
-100
-580
-807
-1344
-1375
-904
-808
-1276
-1340
-1578
-2404
-2694
-2758
-2715
-2310
-2095
-2186
-2404
-2332
-2593
-2991
-2778
-2244
-1960
-1857
-1370
-1256
-1644
-1700
-1615
-1512
-1169
-871
-734
-734
-705
-1079
-1384
-1342
-1091
-1028
-947
-633
-877
-870
-1319
-1598
-1227
-1281
-1296
-991
-900
-1094
-1052
-1175
-1554
-1300
-1074
-1236
-970
-693
-760
-1041
-952
-1014
-1027
-790
-538
-374
-307
-211
-225
-286
-46
13
272
904
757
788
1131
1313
962
1138
2027
1583
1315
2956
1790
1303
2801
2111
1458
2473
2766
1646
2926
2345
1758
2161
2535
1804
1851
2843
2399
2096
1663
2482
1974
1025
2414
2120
1385
2078
1758
1038
1478
1687
1000
1426
1610
1176
1116
1196
1004
861
1397
1425
992
1323
1039
114
55
474
317
588
786
334
-172
-323
-727
-1247
-1194
-813
-856
-1406
-1457
-1569
-2558
-2969
-2824
-2687
-2710
-2593
-2481
-2847
-2844
-3036
-3241
-2982
-2513
-2290
-2151
-1624
-1600
-1854
-1754
-1486
-1209
-1044
-787
-462
-380
-589
-615
-406
-429
-610
-54
33
-468
20
-133
-713
-377
-250
-807
-280
-177
-807
-374
-202
-797
-781
-466
-692
-719
-381
-356
-516
-302
-322
-672
-494
-309
-93
-134
133
344
133
166
201
617
171
1188
1368
324
1638
1532
1126
552
2105
2070
798
2500
1629
2024
1610
1197
2167
1402
1519
1826
1758
890
1743
1325
203
1559
1141
574
835
1275
451
414
958
95
505
762
126
313
532
468
-22
242
239
370
530
-168
692
1126
119
-92
1315
849
13
1261
1349
554
523
887
279
-91
761
821
285
193
263
-365
-1084
-982
-1024
-1078
-1120
-1235
-1604
-2022
-2221
-2791
-2928
-2556
-2337
-2590
-2479
-2209
-2478
-2704
-2479
-2172
-1996
-1624
-1188
-918
-712
-669
-696
-548
-197
-54
142
633
793
614
553
606
213
442
585
116
1193
829
-19
356
230
-295
-747
284
58
-329
182
-139
-598
-742
-543
-861
-399
-84
-267
-234
-183
-668
-727
-290
-147
-406
262
616
120
-319
54
762
-407
490
1336
645
491
1455
758
-288
1425
1639
-284
1497
2366
-246
845
1926
-260
-147
2697
-33
-353
1992
994
-719
-611
2112
-243
-1235
1903
1009
-1431
576
1586
-1733
-124
2003
-451
-370
1446
515
-1110
1060
713
-819
1174
1205
117
30
1804
796
-11
1027
1837
1068
194
2077
1874
357
1124
2041
464
301
1520
1008
378
745
673
5
-290
-386
-671
-854
-864
-793
-1191
-1534
-1458
-1970
-2391
-2124
-1985
-2115
-1800
-1568
-1834
-1630
-1624
-1734
-1553
-911
-580
-532
-62
325
-79
-319
227
475
273
779
1282
790
629
763
367
-156
543
819
80
352
526
-297
-843
-467
-780
-781
-272
-791
-930
-710
-1212
-1667
-1488
-988
-1365
-1359
-760
-1094
-1756
-1193
-1188
-1557
-951
-1062
-607
-663
-644
-906
-522
-345
-283
-111
-235
938
558
-490
829
1035
-117
687
1287
687
265
1893
111
201
1444
723
-123
1210
1477
-362
482
1623
319
-1019
2563
707
-753
1462
1563
-195
208
2118
229
168
2019
845
-146
1726
1560
45
1188
2109
491
328
2235
1058
894
2067
1749
1087
1241
1979
1108
1156
2195
2270
1130
1618
2101
585
524
1331
949
634
1417
888
-318
109
7
-923
-1007
-285
-528
-1043
-1085
-1279
-1577
-2054
-2258
-1838
-1641
-1774
-1508
-1609
-1776
-1633
-1673
-1808
-1323
-525
-825
-684
-67
-296
-774
-354
103
-180
393
615
198
299
256
-280
-160
-116
-3
-26
-21
-421
-860
-656
-1577
-1110
-1161
-1330
-1173
-1525
-1633
-1825
-2153
-2089
-1948
-1805
-1925
-1559
-1749
-2340
-1611
-2016
-1906
-1639
-895
-1310
-1756
-516
-730
-1596
-520
294
-779
-487
1157
534
-1383
1867
1605
-1430
1533
3394
-1319
858
4262
-1024
71
4464
-74
-747
4007
1227
-1335
2746
2949
-2069
1695
3709
-1077
-25
3361
1056
-1398
2725
2156
-1316
1585
2465
-267
69
3073
486
-593
2516
1864
-731
1719
3038
-548
841
3319
769
91
3351
2301
-206
2287
2862
457
900
3177
1787
405
2479
2132
-82
602
1701
110
378
1585
507
-528
248
-8
-1428
-868
-258
-792
-1185
-896
-1148
-2030
-1836
-1973
-2174
-1243
-1390
-1835
-1371
-1327
-1803
-1739
-1304
-1112
-546
-482
-617
-112
-265
-890
-661
10
-81
-202
342
-72
-531
-476
-836
-1065
-919
-685
-824
-1052
-1429
-1719
-1821
-2443
-2219
-1713
-2061
-2098
-1988
-2414
-2316
-2314
-2642
-1892
-1558
-1853
-1868
-1227
-1492
-2059
-1009
-806
-1398
-476
-99
-589
-347
567
116
-201
683
698
784
616
1603
1049
1175
1384
569
1671
1054
1614
1001
1296
2035
127
768
1302
1315
-214
930
2369
-1055
1006
1593
-17
52
2238
359
-570
3461
315
-574
2556
2157
-1098
1803
3489
-278
1201
2848
1361
-11
2687
2449
359
2617
3023
909
1153
3389
1626
1147
3196
2575
1114
1781
2732
1069
1246
3107
1490
994
1677
1088
-279
272
1034
386
227
62
77
-910
-1403
-1100
-1150
-1240
-1239
-1110
-1740
-1996
-2065
-2431
-2280
-1958
-1472
-1770
-1910
-1549
-1708
-2102
-1635
-980
-1068
-677
-333
-794
-821
-642
-708
-643
-310
534
-176
-873
-60
-649
-1385
-932
-242
-983
-1120
-510
-1706
-1752
-1643
-1963
-1781
-1857
-1730
-2061
-1842
-2036
-2251
-2052
-1932
-1464
-2246
-1630
-928
-1357
-1760
-1203
-478
-1415
-750
-744
-377
426
-621
-345
849
157
-356
877
607
716
1685
-326
1452
1981
-280
831
2137
974
278
2319
478
979
1099
277
1226
605
1205
84
1197
689
282
1085
240
1770
219
767
1548
1057
852
825
2091
687
1507
1422
1342
1721
1739
1435
809
2586
1017
1117
2491
1901
1600
2039
2254
1171
1727
2532
1702
1470
2309
1963
1339
1401
1688
1415
1232
1239
800
419
141
123
-140
-99
-108
-439
-979
-1281
-1119
-1875
-1821
-1333
-1652
-1950
-1855
-1951
-2420
-2175
-2339
-2007
-1657
-1836
-1681
-1428
-1391
-1547
-956
-792
-674
-230
-81
-206
-131
302
-89
329
519
318
645
442
22
-189
293
-409
-564
74
-526
-576
-987
-946
-1547
-1470
-1461
-2061
-1382
-1752
-1733
-1933
-1871
-1988
-2319
-1833
-1585
-1639
-1936
-1282
-1262
-1655
-1556
-1143
-940
-971
-854
-358
-404
-260
-567
-723
811
-95
-340
1106
195
326
853
650
-124
1122
548
174
1949
-464
702
1112
-587
894
176
36
549
410
207
689
560
-218
1157
678
544
1381
1180
777
1480
1949
1153
1149
2287
1862
1764
2581
1558
2076
2529
1671
1937
3294
1963
2191
3073
1781
2121
2709
2032
2070
2992
1968
1997
2205
1365
1925
1787
1157
1521
1417
501
47
652
447
-35
-32
-175
-528
-1008
-1124
-1139
-1223
-1458
-1258
-1329
-1509
-1743
-2022
-1900
-1869
-1798
-1484
-1257
-1500
-1304
-980
-1175
-1178
-732
-197
-493
-230
287
-80
-131
-19
163
275
95
123
299
-150
-474
-635
-756
-549
-748
-1254
-1220
-1164
-2121
-2336
-1755
-2433
-2653
-1999
-2182
-2683
-2508
-2664
-2849
-2415
-2224
-2560
-2014
-2142
-2161
-1886
-1528
-1957
-2106
-550
-1378
-707
-950
-513
-203
-1057
29
-203
1012
-187
342
1537
270
735
321
1061
720
1518
1047
585
1872
-194
547
1400
597
-95
1022
1797
-273
429
1435
140
190
2019
858
270
2195
784
753
2136
1486
858
1888
3166
314
1774
3591
930
1265
3215
2608
1085
2925
2906
1000
2610
2979
1532
2285
3284
1764
1931
2818
1618
1689
2477
1990
1267
2125
1435
133
771
982
288
612
839
-130
-483
-340
-930
-1110
-766
-811
-919
-1020
-1273
-1527
-1748
-1959
-1798
-1396
-1134
-1251
-1248
-1082
-1210
-1291
-1221
-553
-355
-528
-276
49
-154
-633
-325
-201
-274
-46
-101
-422
-524
-967
-1402
-1296
-1285
-1259
-1837
-1631
-1988
-2990
-2726
-2674
-3145
-3133
-2520
-2929
-3289
-3155
-3255
-3188
-3241
-2659
-2827
-2457
-2272
-2318
-2039
-2297
-1560
-1731
-1244
-791
-522
-651
-614
325
-707
249
618
1077
427
1301
1620
56
1418
1200
1524
537
2389
1799
259
1042
1629
300
133
2613
-602
1144
1718
-14
109
664
2060
-734
1752
1839
570
1265
1683
879
1008
3108
1535
1285
3122
2147
1633
2024
2395
2624
2318
3032
2363
2679
2614
2399
2110
3106
3519
1991
3169
3222
2068
2342
2935
2527
2234
3102
2104
1194
1470
1076
634
1030
1629
515
82
118
-416
-1343
-1038
-379
-1173
-969
-1000
-1695
-2135
-1939
-2217
-2357
-1340
-1264
-1730
-1689
-1489
-1741
-1922
-1073
-870
-845
-398
-424
-732
-771
-304
-787
-574
267
-439
-394
-394
-753
-1470
-1259
-1038
-1716
-1402
-1484
-1919
-2612
-2841
-2794
-3143
-3018
-3052
-3013
-3203
-3454
-3369
-3665
-3280
-3232
-3136
-2560
-2538
-2601
-2519
-1918
-2222
-2005
-996
-1356
-724
-127
-976
-145
174
5
330
1116
888
1262
1690
480
1761
1432
1353
2278
1459
1381
2853
735
314
2739
840
551
2124
1145
12
1222
1889
-960
1025
2574
-181
861
1749
1092
547
1494
1869
970
2553
1656
1975
1973
1863
2608
1445
2816
3091
1850
2111
3336
2199
1717
3457
2868
2648
2752
2819
2589
2284
2776
2531
2611
2211
2631
1840
1076
939
775
765
788
1007
250
-347
-723
-1251
-1453
-1387
-1089
-1458
-1890
-1874
-2521
-2993
-2794
-2607
-2803
-2185
-1908
-2492
-2512
-2476
-2402
-2323
-1450
-1031
-1175
-938
-937
-1010
-884
-633
-275
-29
-22
-37
-170
-666
-669
-698
-923
-624
-664
-1264
-1331
-1895
-2259
-2157
-2553
-2337
-2571
-2571
-3244
-3261
-2916
-3378
-3119
-2872
-2749
-2785
-2576
-2542
-2663
-2086
-1483
-2035
-1617
-439
-1049
-1197
-66
-122
2
404
570
1273
358
2070
1267
827
2585
2009
1382
2195
3298
792
2217
2834
1230
1497
2705
1955
248
2927
1037
44
2466
924
329
1471
1809
170
654
1989
506
1059
1403
2019
820
1747
2700
697
1937
2863
1487
1906
3643
1698
1896
3415
2016
2032
3368
2853
2362
3244
2344
2454
2690
2249
2592
2390
2449
1889
2121
981
304
856
524
910
438
-64
-739
-1278
-1558
-2108
-1599
-1490
-2047
-2344
-2772
-3110
-3336
-3453
-3313
-2893
-2591
-2651
-2883
-2873
-2834
-2696
-2227
-1439
-1111
-1058
-854
-1005
-616
-362
-332
185
620
403
475
490
26
-5
238
-245
48
436
-117
-1099
-953
-540
-1854
-1698
-1014
-1630
-2261
-1868
-2186
-3068
-2034
-2106
-3190
-1845
-1499
-2956
-2583
-1560
-2069
-2403
-816
-1122
-1863
-540
-738
-1321
-387
628
-11
-104
925
958
390
947
1647
1333
1309
2519
1707
817
2564
2174
595
2504
2551
793
2189
2008
214
1235
2434
452
882
1524
1037
319
729
923
172
1295
1448
384
65
2239
1035
-161
1859
1681
994
1410
1847
1065
1812
2019
995
2234
2216
2484
1426
2209
2296
1495
2471
2363
2099
1466
2796
1725
1112
1794
826
-33
34
1708
903
-328
-924
-1028
-1345
-1790
-1299
-1463
-1472
-2110
-2864
-2933
-2847
-2823
-3122
-2690
-2301
-2268
-2809
-2811
-2351
-2310
-1835
-1094
-709
-904
-769
-753
-654
233
584
413
593
865
855
287
325
723
914
290
323
613
-1
-501
-897
-825
-579
-1031
-1051
-1649
-1766
-1988
-2510
-2267
-1859
-1758
-2647
-2500
-2272
-2594
-2936
-2000
-1523
-2204
-1724
-1790
-2000
-2017
-1288
-528
-795
-399
-408
-227
-267
-184
247
1390
935
1096
1373
787
1688
638
2093
2002
1748
1591
1898
2231
-22
1827
2058
1288
1549
1213
865
1125
749
510
1413
991
559
1432
863
9
1554
782
1036
1210
1357
1400
1041
874
1144
2190
1480
1875
2068
1926
1941
1741
2116
2343
2681
2096
2519
2909
1963
2329
1906
1264
1015
1689
1662
1337
1393
7
-721
-587
-322
-786
-890
-625
-1453
-2343
-2530
-2571
-2833
-2409
-2333
-2723
-2410
-2460
-3054
-3080
-2056
-1763
-1706
-932
-977
-1205
-972
-366
-70
378
1097
751
738
992
1077
934
1002
1396
1184
1012
934
665
352
-119
88
324
-358
-586
-851
-1120
-1594
-1537
-1765
-1879
-1432
-2057
-2461
-2675
-2420
-2578
-2455
-2162
-2320
-2097
-2537
-2435
-2567
-1916
-1350
-1829
-1382
-743
-967
-1073
-909
-235
196
866
267
284
1405
501
1208
1107
1848
2179
1038
1179
2099
1811
1108
879
2390
1458
463
1586
1432
-18
520
1614
92
1216
758
28
86
949
811
155
1431
580
234
831
1305
719
1172
2090
1354
1268
1893
2150
1497
2295
2739
2664
2156
2524
3149
1920
1592
1810
1947
2218
2258
1968
562
145
384
257
-309
-478
-52
-933
-2108
-2344
-2157
-2404
-2910
-2616
-2458
-2565
-3320
-3434
-2763
-2684
-2308
-1780
-1710
-1714
-1320
-1129
-935
7
655
473
500
851
969
1056
1169
1419
1759
1521
1115
958
942
1055
482
670
751
230
-321
-260
-911
-1233
-991
-1247
-972
-1851
-2409
-2472
-2154
-2465
-2886
-2269
-2573
-2808
-2972
-3144
-2554
-2702
-2479
-2250
-1919
-1938
-1981
-1571
-1614
-668
-429
-277
-662
203
883
320
140
1253
1802
774
1439
1682
1710
1115
1040
1996
1341
1845
1095
694
1459
1044
586
860
1004
1015
606
226
985
735
923
920
882
1104
1279
985
947
1495
2254
1904
1210
1975
2582
2034
2079
2681
2857
2485
2503
2863
2417
1940
1644
1425
2000
2628
2216
870
168
373
398
-40
-381
-209
-332
-1307
-2276
-2449
-2135
-2177
-2653
-2779
-2347
-2428
-3378
-3459
-2618
-1962
-2074
-2148
-1602
-1327
-1426
-1277
-510
277
428
440
358
792
1089
979
1188
1482
1637
1286
1022
968
1044
1150
878
734
701
320
5
-215
-12
-471
-884
-1290
-1131
-795
-1930
-2339
-2233
-1575
-1989
-2828
-2542
-2418
-2372
-2907
-2765
-2039
-2163
-2320
-2350
-1802
-1628
-1736
-1439
-956
-229
-546
-420
88
200
759
661
901
1451
1363
1305
1200
2454
1959
502
1462
1924
1986
1625
1496
229
1110
1631
529
1450
745
620
1541
1235
305
935
1718
1523
1279
1500
2291
1895
1010
1995
3031
2812
2395
2380
2878
2979
2607
2716
2999
2953
2304
1563
929
1355
2481
2592
836
-395
-160
7
-600
-1134
-818
-519
-1478
-3163
-3389
-2687
-2764
-3143
-3027
-2749
-2867
-3688
-4081
-3465
-2183
-1974
-2217
-2058
-1755
-1532
-1578
-889
207
691
346
186
514
986
1150
1074
1304
1704
1514
815
714
1020
1314
978
577
443
227
-70
-486
-483
-279
-481
-1557
-2115
-1905
-2043
-2198
-2246
-2308
-2594
-2949
-3447
-3659
-2886
-2618
-2827
-2936
-3019
-3056
-2940
-2469
-2176
-1499
-1364
-1577
-1352
-861
-174
87
450
1029
1127
1144
1357
1655
2092
2726
2371
1930
2491
2255
2126
2400
2122
1876
2438
1976
976
1223
1435
1706
1785
1484
1139
1222
1256
1212
1706
2320
2169
1803
1846
2181
2547
2653
3028
3085
3135
3143
2866
2900
3338
3558
2606
1581
1502
1963
2399
2154
1323
396
-251
-333
-512
-605
-895
-1250
-1660
-2548
-3190
-3323
-3073
-3050
-3101
-3159
-3392
-3710
-3961
-3565
-2898
-2467
-2179
-2273
-2319
-2067
-1529
-1005
-395
89
87
76
6
389
846
1060
1109
953
865
715
513
626
840
869
460
0
-169
-332
-270
-390
-388
-649
-1044
-1632
-2462
-2221
-2108
-1302
-1470
-2834
-3196
-3218
-2747
-2990
-2672
-2127
-2389
-2777
-3477
-2768
-2002
-1334
-1497
-1495
-737
-1134
-890
-225
947
1416
1186
1501
1449
2097
2402
2637
3183
3253
3276
2663
2614
2834
2973
2940
2917
2588
1890
1758
1557
1719
1955
1705
1585
1150
836
1134
1461
1483
1652
1743
1826
1787
1773
2270
2703
2807
2913
3151
3044
2799
3072
3389
3353
2773
2092
1866
2134
2489
2134
1596
712
-117
-421
-391
-533
-1070
-1448
-2078
-2916
-3282
-3527
-3634
-3669
-3396
-3575
-4188
-4366
-4297
-4013
-3431
-2912
-2691
-2700
-2744
-2514
-1742
-1012
-671
-252
8
-92
-102
419
920
948
1024
1091
849
554
590
767
747
638
305
-92
-475
-578
-439
-500
-919
-1059
-1340
-2235
-2859
-3073
-2469
-1971
-2152
-3144
-4258
-4269
-3807
-3295
-3233
-3173
-3174
-3829
-4026
-3588
-2611
-2113
-1877
-1737
-1661
-1319
-1083
-336
685
1554
1569
1331
1797
2211
2848
3532
3944
4169
3811
3528
3533
3915
4277
4309
3909
3338
3053
2717
2563
2723
2933
2683
2018
2004
1675
1318
1669
2156
2242
2131
1926
1434
1706
2368
2761
3106
3012
2589
2190
2735
3125
2738
2137
1851
2014
1904
1953
1629
1079
534
175
-71
-405
-526
-972
-1507
-2066
-2515
-2668
-3065
-3279
-3382
-3207
-3447
-3738
-3638
-3729
-3525
-3124
-2760
-2539
-2541
-2418
-2048
-1416
-1030
-700
-400
-276
-114
81
364
523
774
886
570
308
399
623
598
455
383
196
-305
-709
-587
-359
-212
-680
-1045
-1372
-1598
-2074
-2932
-2466
-1920
-1364
-2143
-3682
-4088
-3688
-2638
-2874
-3169
-2935
-3099
-3420
-3876
-2967
-2102
-1600
-2039
-2176
-1402
-1182
-719
-311
842
1349
939
973
1211
2397
3151
3332
3393
3342
3578
3394
3715
4139
4499
4340
3569
3221
3119
3277
3153
3262
3598
3222
2559
1897
2249
2831
3006
3013
2971
2835
2283
2129
2723
3571
3976
3575
3022
2692
2528
2431
2127
1895
1860
2004
1905
931
-69
-541
-589
-529
-864
-1213
-1944
-2684
-3408
-3862
-3688
-3758
-3990
-4445
-4651
-4854
-4824
-4443
-4288
-4001
-3837
-3508
-3207
-2885
-2364
-1931
-1163
-757
-485
-58
341
609
825
1308
1585
1554
1337
1139
1135
1334
1345
1091
856
557
69
-271
-430
-606
-632
-929
-1205
-1508
-1822
-2186
-3232
-3032
-3045
-2609
-2524
-3105
-3242
-4032
-3975
-3807
-2992
-2325
-2949
-3165
-3358
-2650
-2357
-1904
-1439
-1181
-626
-1118
-668
-103
907
1417
1369
1849
1689
2148
2488
2905
3697
3726
3631
3121
3468
3716
3898
4027
3647
3565
3105
2764
2464
2733
3181
2902
2780
2258
2134
2294
2484
2790
2957
3222
2846
2561
2691
2958
3461
3747
3830
3456
3171
2630
1950
1825
1812
1688
1594
1421
735
-549
-1485
-1660
-1292
-1133
-1958
-2938
-3464
-3925
-4558
-4780
-4339
-4110
-4590
-5311
-5544
-5071
-4630
-4417
-4218
-3662
-3342
-3339
-3131
-2415
-1451
-821
-595
-330
103
585
873
1181
1567
1933
2016
1693
1399
1460
1617
1649
1494
1329
938
459
-3
-204
-95
-186
-431
-894
-1281
-1554
-1891
-2132
-2988
-3270
-2753
-1804
-1689
-3051
-4125
-4100
-2933
-2196
-2115
-2053
-2175
-2414
-2727
-1980
-771
43
-33
-535
-215
374
1082
1437
2073
2814
2945
2752
2552
3183
4108
4559
4429
4161
4231
3986
3923
4067
4447
4505
3753
2938
2492
2764
2846
2746
2838
2644
2334
1776
1880
2372
2852
3062
2671
2609
2637
2978
3254
3535
4054
4013
3865
3208
2711
2401
2045
2007
1829
2071
1561
214
-1283
-2061
-1638
-1598
-2071
-3109
-4039
-4732
-5731
-6130
-6135
-5578
-5741
-6647
-7207
-7223
-6636
-6446
-6022
-5411
-5013
-4731
-4744
-4099
-3210
-2120
-1436
-1177
-605
-238
217
492
1042
1660
1884
1908
1361
1165
1225
1385
1375
1095
994
281
-352
-781
-832
-737
-1032
-1336
-2001
-2321
-2644
-3218
-3725
-4165
-3719
-3174
-2788
-3388
-4482
-4703
-4201
-3161
-2575
-2138
-2107
-2532
-2560
-2117
-759
291
691
528
488
1136
1704
2486
3155
3765
4024
3849
3891
4144
4937
5398
5400
5252
4989
4773
4428
4520
4778
4869
4473
3586
2990
2759
2852
2945
3063
3165
2804
2310
2052
2375
3057
3482
3484
3222
3173
3420
3748
4133
4425
4695
4616
4169
3675
3163
2746
2323
2256
2507
2411
1535
-220
-1562
-1904
-1637
-1637
-2304
-3117
-4210
-5304
-6151
-6265
-5630
-5285
-5719
-6684
-7011
-6709
-6339
-5852
-5277
-4581
-4323
-4286
-4022
-3309
-2262
-1555
-1008
-430
-11
118
141
513
1081
1652
1803
1404
832
544
510
542
632
521
-44
-887
-1557
-1839
-1668
-1639
-2057
-2504
-2976
-3294
-4114
-4583
-4529
-4276
-3579
-3752
-4007
-4503
-4735
-4451
-3958
-2640
-2046
-2036
-2451
-2476
-1622
-519
641
920
1358
1387
1538
2117
2944
4130
4448
4645
4374
4308
4809
5090
5560
5651
5722
5231
4585
4340
4304
4573
4424
4162
3593
2932
2369
2029
2380
2686
2829
2577
2081
1992
2131
2701
3334
3766
3974
3741
3689
4079
4891
5612
5666
5587
5343
4855
4012
3420
3608
3658
3554
2879
2016
785
-819
-1812
-2127
-1737
-2155
-3468
-4792
-6034
-6695
-7126
-6873
-6574
-6752
-7344
-8149
-8082
-7486
-6610
-5949
-5425
-4880
-4632
-4146
-3534
-2469
-1302
-456
166
446
869
1088
1444
1838
2276
2586
2358
1848
1210
902
675
513
275
-418
-1245
-2092
-2967
-3567
-3684
-3786
-4108
-5006
-5587
-6534
-7429
-7405
-7146
-5870
-5749
-6122
-6639
-7051
-6539
-6118
-4420
-3054
-2616
-2758
-2991
-2258
-1161
520
1379
2254
2596
2638
2938
3387
4765
5467
6079
6077
5698
5865
5707
5928
6084
6454
6352
5620
4959
4314
4224
4217
4353
4021
3443
2737
2030
2107
2292
2788
2996
2840
2856
2779
3278
3632
4076
4580
4757
5102
5434
6062
6277
6161
6198
6030
5731
4703
4108
4036
3907
3643
2824
2335
939
-766
-1930
-2262
-1849
-2469
-3493
-4712
-5698
-6433
-6989
-6549
-6188
-6174
-6826
-7217
-7046
-6529
-5518
-4845
-4096
-3728
-3337
-2868
-2423
-1332
-306
629
961
1166
1650
1734
1769
1754
2196
2391
2109
1680
1165
659
-225
-657
-803
-1130
-1762
-2694
-3515
-4370
-4648
-4727
-4978
-5427
-6118
-6926
-7651
-7545
-6843
-6151
-6019
-6260
-6266
-6123
-5958
-5425
-4068
-2790
-2363
-2123
-1656
-1055
-449
381
1323
2338
3102
3276
3248
3567
4146
4652
5085
5430
5551
5496
5144
4754
4858
5184
5030
4589
4314
3994
3566
3353
3181
2946
2697
2445
2350
2397
2592
2639
2780
3116
3450
3907
4353
4528
4587
4820
5341
5925
6678
7035
6841
6458
5825
5277
4447
4196
4123
4095
3813
2731
1627
-37
-1425
-2457
-2630
-2256
-2648
-3508
-5068
-6245
-7053
-7304
-6898
-6417
-5863
-6156
-6444
-6698
-6439
-5625
-4831
-3566
-2566
-1651
-1281
-1208
-711
-34
1126
2053
2824
3255
3232
2937
2423
2425
2429
2529
2454
1951
1318
207
-798
-1769
-2381
-2674
-3167
-3694
-4622
-5454
-6202
-6860
-7325
-7864
-7983
-8175
-8196
-7931
-7892
-7691
-7738
-7447
-6956
-6241
-5357
-4713
-3904
-3385
-2631
-1837
-957
-106
496
1300
1809
2529
3112
3552
3970
4175
4556
4710
5010
5026
4866
4766
4563
4536
4355
4133
3645
3147
2803
2559
2660
2516
2187
1670
1347
1318
1474
2011
2391
2789
3102
3435
3837
4302
4804
5158
5538
6074
6679
7315
7621
7531
7321
6802
6239
5462
5114
4744
4408
4075
3248
2283
682
-701
-1921
-2560
-2714
-3111
-3527
-4618
-5695
-6665
-7231
-7268
-7104
-6553
-6399
-6161
-6052
-5876
-5514
-5060
-4039
-2981
-1727
-770
-86
544
930
1555
2260
3155
3889
4414
4657
4437
4122
3656
3380
3253
3169
2911
2212
1252
90
-958
-1799
-2423
-2935
-3433
-4009
-4766
-5575
-6514
-7478
-8141
-8197
-7847
-7273
-7062
-7241
-7604
-7861
-7446
-6652
-5523
-4583
-3895
-3336
-2937
-2308
-1620
-776
3
812
1678
2377
2958
3177
3399
3557
3781
4216
4736
5218
5098
4698
4178
3781
3681
3625
3590
3296
2895
2379
1918
1658
1388
1148
934
896
998
1216
1480
1660
1881
2218
2677
3292
4002
4599
4934
5163
5396
5693
6149
6745
7203
7204
6796
6164
5446
4653
4031
3631
3455
3182
2590
1612
215
-1259
-2652
-3518
-3822
-3763
-3823
-4401
-5348
-6456
-7226
-7592
-7444
-6894
-6289
-5769
-5476
-5163
-4944
-4677
-4163
-3312
-2120
-922
179
946
1370
1542
1679
2114
2744
3480
4021
4159
3884
3320
2786
2284
1908
1638
1280
781
89
-655
-1505
-2403
-3165
-3812
-4225
-4657
-5154
-5668
-6156
-6458
-6711
-6702
-6701
-6752
-6696
-6424
-5780
-5227
-4734
-4481
-4221
-3685
-2909
-1819
-930
-241
80
356
839
1370
2045
2547
2980
3166
3301
3533
3637
3730
3701
3645
3332
2919
2754
2712
2676
2368
1911
1441
1046
826
677
703
691
540
424
490
780
1014
1333
1665
1859
2060
2414
3026
3559
3933
4041
4082
4385
4828
5274
5449
5321
4771
4200
4133
4435
4743
4685
4241
3269
2062
1041
378
149
141
224
32
-507
-1507
-2851
-3997
-4550
-4310
-3714
-3186
-3165
-3672
-4322
-4841
-4883
-4523
-3908
-3318
-2730
-2035
-1426
-994
-848
-819
-721
-328
460
1419
2226
2527
2343
1909
1512
1370
1474
1615
1594
1362
951
366
-245
-759
-1250
-1684
-2045
-2312
-2583
-2872
-3191
-3574
-3878
-4160
-4372
-4433
-4218
-3837
-3508
-3219
-3148
-3251
-3320
-3086
-2510
-1790
-1085
-660
-465
-362
-307
-145
148
514
814
1157
1605
1841
1903
1793
1620
1416
1344
1601
1895
2202
2214
2072
1783
1409
1220
1130
1372
1424
1422
1439
1478
1586
1592
1789
1763
1839
1961
2203
2576
2826
3172
3244
3322
3227
3168
3261
3351
3505
3409
3366
3121
2826
2538
2249
2020
1592
1246
846
592
374
150
-37
-353
-645
-1076
-1487
-2008
-2616
-3077
-3230
-2859
-2311
-1851
-1929
-2616
-3574
-4300
-4210
-3424
-2273
-1399
-1139
-1449
-1973
-2194
-2066
-1609
-1090
-581
-123
305
737
936
855
471
53
-136
32
457
832
1009
806
258
-472
-1127
-1584
-1815
-1785
-1667
-1679
-1922
-2312
-2732
-3021
-3114
-3157
-3331
-3527
-3570
-3362
-2900
-2364
-2074
-2221
-2549
-2745
-2504
-1843
-1052
-488
-265
-274
-424
-392
-122
222
428
686
969
1059
1132
1290
1454
1362
1421
1569
1618
1644
1838
2260
2490
2723
2698
2625
2530
2479
2656
2893
3247
3176
3256
3475
3660
3706
3634
3594
3087
2969
3240
3739
4122
4378
4512
4010
3589
3213
3083
2905
2802
2880
2868
2991
2742
2385
1736
1035
417
101
108
-248
-879
-1852
-2719
-3338
-3303
-2892
-2788
-3203
-4150
-5093
-5783
-5674
-5058
-4421
-4158
-4319
-4469
-4539
-4178
-3661
-3099
-2734
-2555
-2152
-1554
-656
115
704
925
865
891
1058
1544
2004
2360
2377
2035
1572
1073
790
535
245
-233
-899
-1616
-2231
-2563
-2689
-2809
-3087
-3550
-4126
-4578
-4889
-4876
-4813
-4663
-4499
-4272
-3831
-3457
-2895
-2597
-2258
-1977
-1528
-821
-161
680
1164
1621
1844
2109
2476
2747
3157
3270
3439
3423
3444
3499
3494
3615
3513
3493
3323
3208
3115
3052
3068
3037
3082
3078
3097
3077
3058
2942
2838
2766
2868
3023
3258
3504
3608
3748
3778
4065
4304
4724
5012
5148
5162
4846
4575
4134
4037
4030
4269
4419
3986
2935
1034
-1037
-2881
-3868
-3899
-3477
-2994
-3252
-4069
-5447
-6780
-7766
-8302
-8326
-8153
-7634
-6960
-6077
-5261
-4719
-4577
-4748
-4904
-4674
-3859
-2477
-866
618
1708
2304
2551
2582
2586
2617
2690
2861
3012
3244
3346
3307
2892
2018
758
-773
-2128
-3158
-3641
-3776
-3793
-4009
-4593
-5479
-6473
-7369
-7979
-8317
-8366
-8145
-7731
-6975
-6198
-5256
-4638
-4138
-3872
-3596
-2962
-2173
-846
298
1539
2316
2870
3232
3341
3598
3569
3736
3708
3848
4026
4178
4373
4190
3939
3370
2927
2600
2515
2639
2724
2805
2674
2592
2484
2574
2654
2765
2762
2703
2806
2995
3649
4300
5220
5848
6365
6719
6876
7252
7363
7687
7718
7734
7839
7753
8045
7692
7156
5669
3491
1402
-920
-1690
-2481
-2113
-2445
-3126
-4226
-6092
-6957
-8304
-8294
-8813
-8744
-8631
-8406
-7219
-6468
-5052
-4696
-4304
-4321
-4144
-3149
-2070
-275
902
2116
2786
3360
3967
4295
4627
4415
4141
3731
3517
3545
3502
3281
2459
1201
-357
-1822
-2947
-3683
-4196
-4650
-5254
-5932
-6639
-7304
-7728
-8216
-8370
-8617
-8446
-8109
-7532
-6630
-6039
-5104
-4734
-3905
-3307
-2401
-1371
-628
471
892
1796
2095
2658
2893
2942
3096
2812
2951
2629
2671
2385
2158
1910
1546
1417
1097
1028
808
756
696
740
863
990
1172
1320
1567
1769
2071
2342
2696
3165
3697
4502
5197
6037
6672
7213
7729
7865
8236
8110
8290
8269
8300
8603
8216
8064
6582
5027
2803
635
-499
-1747
-1580
-2358
-2590
-3639
-4792
-5393
-6449
-6277
-7031
-6914
-7312
-7196
-6463
-5780
-4299
-3688
-2694
-2424
-1822
-1065
-253
835
1398
2086
2319
2872
3373
3988
4323
4279
3915
3255
2753
2187
1821
1085
198
-1029
-2280
-3293
-4131
-4558
-5066
-5461
-6018
-6540
-6907
-7214
-7316
-7434
-7438
-7253
-6947
-6321
-5671
-4969
-4282
-3762
-3066
-2528
-1743
-1092
-518
-14
220
656
843
1192
1259
1185
1037
681
516
153
-24
-345
-642
-884
-1118
-1130
-1159
-1043
-985
-864
-677
-428
-48
324
702
1024
1384
1781
2211
2634
3039
3419
3868
4451
5103
5831
6407
7018
7423
7848
8114
8242
8319
8075
8105
7872
8042
7836
7376
6294
4321
2443
232
-778
-1688
-1813
-2080
-2609
-2964
-3763
-3726
-4068
-3837
-4086
-4326
-4438
-4433
-3565
-2737
-1426
-659
108
574
1155
1903
2465
3034
3004
3040
2803
2999
3238
3507
3599
3136
2613
1712
1178
522
-100
-956
-2177
-3296
-4520
-5158
-5659
-5808
-5881
-6034
-5991
-6114
-5882
-5800
-5632
-5533
-5519
-5065
-4638
-3692
-3009
-2237
-1562
-1096
-376
-76
582
725
893
771
536
617
444
578
188
-105
-627
-1113
-1473
-1988
-2302
-2895
-3277
-3667
-3733
-3584
-3295
-2873
-2516
-2031
-1602
-1001
-429
181
668
1080
1522
1975
2552
3012
3534
3925
4413
4866
5292
5759
6062
6548
6743
7073
7045
6945
6717
6409
6474
6228
6284
5575
4736
3077
1132
-564
-2041
-2501
-3218
-3331
-3851
-3845
-3790
-3603
-3104
-2957
-2507
-2732
-2552
-2391
-1566
-549
350
1280
1867
2765
3350
4169
4644
4962
4883
4417
4116
3755
3748
3370
2984
2316
1624
972
234
-275
-1089
-1946
-3285
-4512
-5589
-6352
-6818
-7163
-7152
-7080
-6701
-6304
-5644
-5010
-4471
-4175
-3923
-3505
-2940
-2304
-1699
-981
-225
572
1183
1858
2390
2776
2632
2215
1759
1346
992
367
-128
-637
-905
-1270
-1699
-2097
-2620
-3090
-3775
-4228
-4471
-4415
-4145
-3868
-3328
-2673
-1821
-957
-241
414
791
1181
1493
1792
2167
2355
2797
3083
3532
3869
4219
4758
5058
5489
5508
5597
5397
5064
4773
4477
4506
4389
4117
3348
2052
465
-1168
-2455
-3333
-4038
-4416
-4680
-4489
-4148
-3621
-2924
-2322
-1685
-1531
-1249
-843
16
992
1782
2609
3334
4220
4897
5521
6027
6349
6385
5976
5508
4987
4522
3909
3138
2363
1553
848
113
-513
-1172
-1948
-2897
-3874
-4808
-5631
-6326
-6746
-6851
-6790
-6480
-6127
-5334
-4658
-3953
-3581
-3116
-2518
-2150
-1699
-1573
-884
-437
153
497
1030
1828
2185
2416
2076
2136
1882
1564
910
325
67
-368
-676
-1250
-1351
-1579
-1783
-2220
-2626
-2732
-2920
-2829
-2890
-2480
-2017
-1328
-655
-132
477
810
1360
1631
1949
2016
2069
2198
2207
2372
2437
2903
3332
3811
4055
4199
4367
4393
4378
4127
3949
3716
3386
2593
1340
-169
-1569
-2739
-3775
-4673
-5193
-5254
-5097
-4922
-4665
-3992
-3131
-2406
-2111
-1724
-1034
-95
625
1205
2019
3049
4144
4895
5722
6489
7169
7263
6933
6518
6038
5500
4582
3655
2713
1975
1282
632
1
-717
-1451
-2255
-3093
-3976
-4844
-5542
-6113
-6583
-6844
-6748
-6136
-5516
-4926
-4545
-3915
-3286
-2858
-2650
-2581
-2190
-2023
-1732
-1563
-865
-85
514
803
844
1172
1207
1198
747
529
294
30
-341
-762
-798
-852
-738
-870
-778
-634
-439
-363
-461
-321
-93
358
636
974
1397
1938
2486
2796
3073
3211
3292
3155
2898
2721
2671
2790
2888
3002
3118
3213
3337
3360
3321
3181
2965
2702
2002
847
-841
-2463
-3863
-5047
-6004
-6715
-6699
-6522
-6171
-5947
-5262
-4193
-3276
-2691
-2486
-1764
-935
-66
440
1095
2123
3081
3920
4475
5452
6450
7158
7209
6898
6670
6211
5462
4223
3125
2215
1461
669
-87
-518
-830
-1148
-1785
-2360
-2827
-3055
-3394
-3833
-4194
-4326
-4195
-4150
-3946
-3649
-2945
-2364
-1969
-1776
-1514
-1084
-940
-903
-1026
-803
-606
-529
-556
-449
-114
-11
-147
-478
-589
-655
-917
-1353
-1673
-1730
-1721
-1783
-1769
-1473
-1005
-602
-330
78
590
1141
1456
1665
1926
2224
2585
2766
3023
3195
3394
3518
3520
3567
3466
3518
3460
3454
3331
3160
3136
3006
3002
2803
2817
2782
2464
1596
92
-1354
-2844
-4103
-5445
-6433
-6875
-7009
-6884
-6734
-5867
-4719
-3548
-2873
-2399
-1664
-979
-400
-242
199
779
1435
1978
2601
3578
4426
5026
5133
5180
5107
4811
4216
3319
2378
1349
443
-425
-1156
-1716
-2081
-2263
-2454
-2542
-2509
-2314
-2203
-2242
-2273
-2097
-1800
-1605
-1460
-1238
-818
-511
-268
-110
267
592
738
760
807
1037
1035
983
720
647
445
141
-226
-606
-861
-1277
-1619
-2009
-2168
-2250
-2265
-2222
-2143
-1878
-1569
-1192
-833
-464
-45
282
555
829
1179
1636
1991
2347
2601
2941
3141
3222
3209
3078
3015
2829
2799
2657
2614
2524
2592
2716
2779
2834
2781
2506
1552
169
-1369
-2645
-3984
-5309
-6454
-6928
-7009
-6919
-6525
-5595
-4170
-2978
-1963
-1177
-166
600
1042
1216
1353
1734
2020
2474
2792
3339
3863
4335
4614
4590
4603
4312
3800
2692
1486
344
-722
-1763
-2857
-3588
-4051
-4292
-4435
-4455
-4111
-3772
-3346
-3086
-2709
-2220
-1869
-1418
-1244
-709
-460
38
376
916
1487
1820
2333
2533
3020
2961
3071
2868
2721
2347
1769
1384
814
469
-209
-605
-1036
-1281
-1505
-1746
-1781
-1895
-1767
-1733
-1519
-1279
-953
-543
-247
147
506
1074
1555
1940
2218
2487
2769
2860
2872
2796
2778
2717
2655
2501
2430
2304
2351
2296
2244
2111
2048
1958
1192
134
-1334
-2278
-3619
-4960
-6394
-7140
-7387
-7803
-7754
-7386
-5901
-4790
-3553
-2522
-1015
413
1309
2053
2440
3103
3277
3565
3600
3804
4043
4250
4528
4531
4736
4782
4774
4177
3271
2291
1190
-63
-1643
-2968
-4175
-5074
-5908
-6325
-6361
-6082
-5605
-5055
-4370
-3816
-3216
-2804
-2405
-2252
-2032
-1785
-1349
-864
-255
528
1366
2249
2937
3609
4017
4334
4306
4107
3686
3200
2711
2206
1785
1372
1134
916
779
623
492
394
286
157
9
-113
-144
-150
-104
-15
194
535
873
1200
1430
1768
2060
2287
2421
2532
2788
2907
2976
2893
2932
3049
2984
2897
2570
2490
2077
1428
317
-873
-1857
-3198
-4453
-5998
-6714
-7450
-7909
-8308
-8135
-7229
-6494
-5407
-4536
-2963
-1797
-637
222
1047
1875
2292
2913
3095
3522
3689
4128
4371
4413
4509
4507
4520
3904
3253
2435
1670
564
-679
-1786
-2769
-3600
-4370
-4844
-5109
-5127
-4975
-4665
-4377
-4041
-3689
-3191
-2925
-2685
-2485
-2034
-1635
-1307
-883
-369
365
880
1522
1985
2596
2979
3283
3361
3246
3131
2867
2586
2014
1578
1237
1019
758
543
662
885
1143
1256
1459
1709
1801
1738
1517
1407
1232
1047
793
658
693
871
1074
1361
1706
2266
2653
2966
3108
3349
3616
3503
3386
2950
2955
2266
1509
207
-701
-1661
-3031
-4303
-5619
-5918
-6772
-7072
-7480
-6772
-6041
-5363
-4487
-3556
-2128
-1460
-538
-135
577
894
1296
1672
1831
2231
2560
3191
3320
3473
3609
3795
3564
2844
2192
1522
746
-375
-1421
-2240
-2922
-3525
-4000
-4246
-4273
-4129
-3771
-3465
-3122
-2739
-2157
-1656
-1437
-1204
-945
-504
-416
-269
-87
377
775
1084
1486
1889
2435
2703
2942
2859
2790
2591
2287
1783
1170
812
544
387
180
303
679
1116
1448
1732
2138
2391
2464
2335
2214
2068
1790
1504
1212
1085
957
926
969
1070
1292
1392
1635
1712
1991
2105
2199
2135
1942
1859
1206
473
-872
-1749
-3001
-4197
-5599
-6597
-6961
-7489
-7542
-7604
-6487
-5596
-4436
-3515
-2151
-701
263
1143
1581
2322
2514
2856
2887
3012
3144
3318
3643
3610
3704
3670
3750
3299
2512
1696
828
-200
-1627
-2909
-4025
-4969
-5826
-6445
-6663
-6659
-6347
-5775
-5118
-4301
-3495
-2364
-1536
-793
-238
418
1054
1300
1693
1930
2560
2795
3196
3473
3888
4240
4272
4337
4039
3910
3397
2930
2239
1652
1213
788
585
391
583
795
1132
1436
1767
2132
2364
2559
2630
2639
2564
2390
2239
1984
1769
1548
1430
1406
1340
1399
1468
1752
2025
2307
2488
2569
2573
2308
1580
467
-908
-2131
-3653
-5256
-6883
-7936
-8553
-9202
-9477
-9387
-8311
-7461
-6422
-5438
-3893
-2444
-1440
-526
155
1035
1417
1925
2133
2437
2719
3125
3597
3735
3999
4248
4520
4197
3554
2944
2263
1217
-292
-1705
-2973
-4190
-5414
-6461
-7157
-7547
-7622
-7422
-7084
-6458
-5624
-4510
-3588
-2736
-1861
-861
35
561
1140
1749
2507
2918
3339
3759
4313
4679
4842
4924
4868
4768
4431
4015
3412
2880
2406
2023
1658
1426
1455
1656
1883
2139
2500
2954
3345
3645
3862
3982
4032
3965
3870
3583
3305
3090
2978
2822
2615
2624
2775
3017
3176
3349
3553
3605
3495
2975
2094
903
-403
-1680
-3345
-4939
-6416
-7183
-7966
-8641
-8903
-8516
-7647
-7161
-6348
-5424
-4017
-3141
-2429
-1838
-1241
-715
-525
-226
-205
10
215
654
956
1182
1636
2146
2489
2349
2215
2124
1764
930
-223
-1188
-2257
-3354
-4578
-5557
-6303
-6796
-6983
-7099
-6879
-6536
-5707
-4994
-4235
-3559
-2620
-1685
-1050
-446
140
1010
1546
2126
2578
3256
3792
4216
4508
4601
4725
4621
4492
4018
3609
3245
2996
2689
2380
2382
2524
2715
2767
2941
3269
3559
3750
3751
3843
3913
3947
3862
3621
3591
3511
3581
3373
3362
3498
3719
3954
3881
4199
4230
4422
3947
3336
2438
1319
273
-1398
-2738
-4419
-5256
-6276
-6963
-7430
-7368
-6529
-6082
-5151
-4422
-2861
-1849
-1029
-466
52
656
583
662
258
183
-94
-148
-201
-368
-176
47
476
364
367
444
401
-110
-1097
-1825
-2739
-3733
-5090
-6192
-7079
-7800
-8293
-8703
-8660
-8507
-7818
-7152
-6317
-5521
-4484
-3387
-2611
-1872
-1222
-289
261
798
1208
1859
2405
2785
3104
3308
3604
3631
3666
3441
3306
3142
3035
2881
2734
2765
2875
3021
3047
3178
3416
3668
3748
3718
3781
3897
3876
3746
3606
3667
3649
3629
3589
3779
4020
4248
4513
4729
5011
5029
5059
4598
3928
2872
1887
685
-839
-2331
-3623
-4368
-5293
-5791
-5968
-5340
-4656
-3889
-2860
-1586
-180
696
1574
2101
2635
2719
2679
2409
1946
1585
1258
1167
852
802
943
1272
1364
1278
1376
1356
1063
254
-506
-1335
-2330
-3532
-4741
-5698
-6640
-7312
-7908
-8178
-8315
-8128
-7689
-7195
-6541
-5847
-4900
-4158
-3430
-2773
-2001
-1347
-884
-401
65
567
868
1184
1402
1619
1743
1824
1858
1819
1801
1787
1790
1782
1845
1922
2027
2097
2205
2272
2291
2266
2206
2118
1891
1771
1629
1587
1464
1430
1604
1812
2185
2411
2880
3154
3521
3616
3474
3189
2551
2037
916
-121
-1436
-2299
-3212
-4177
-4750
-5044
-4545
-4348
-3599
-2787
-1405
-177
820
1926
2697
3598
3795
4094
3867
3683
3382
3007
2705
2121
2048
1949
2111
1939
1946
2120
2158
1972
1395
1019
347
-420
-1481
-2432
-3262
-4087
-4697
-5186
-5325
-5385
-5107
-4669
-4062
-3422
-2700
-1853
-1138
-508
-25
506
849
1089
1202
1322
1392
1366
1356
1312
1275
1150
1114
1038
962
817
766
775
707
652
662
769
785
726
710
751
708
519
359
279
151
37
-124
-76
-58
109
299
496
702
809
1039
796
474
-210
-656
-1410
-2486
-3533
-4446
-4845
-5674
-6068
-6339
-5849
-5376
-4843
-3944
-2956
-1529
-617
557
1324
2265
2935
3407
3725
3589
3768
3618
3647
3189
2919
2822
2714
2543
2067
1981
1744
1546
929
364
-159
-804
-1482
-2403
-3090
-3803
-4262
-4729
-5003
-5091
-4952
-4508
-4014
-3305
-2543
-1494
-456
591
1509
2441
3354
4063
4609
4889
5175
5258
5209
4910
4579
4225
3833
3392
2894
2521
2181
1980
1721
1548
1425
1414
1386
1272
1171
1110
1133
1012
923
857
1002
1146
1283
1514
1819
2282
2581
2890
2970
3056
2909
2436
1654
528
-479
-1807
-3185
-4790
-5997
-6895
-7703
-8271
-8604
-8171
-7704
-6952
-6213
-5084
-3861
-2833
-1811
-1068
-167
368
964
1241
1444
1629
1801
2064
2006
2086
2143
2403
2347
2146
1989
1807
1490
736
20
-782
-1608
-2674
-3760
-4726
-5617
-6342
-6964
-7262
-7389
-7176
-6692
-5964
-5085
-4038
-2744
-1426
-121
1051
2301
3457
4424
5176
5821
6402
6780
6994
7036
7031
6873
6631
6244
5780
5233
4678
4124
3512
2897
2301
1871
1426
1021
593
338
170
35
-75
-128
64
319
724
1104
1650
2254
2903
3476
3803
4011
3966
3808
3213
2286
1146
17
-1107
-2451
-3725
-4741
-5259
-5653
-5927
-5882
-5404
-4636
-3955
-3222
-2428
-1529
-803
-284
75
285
439
480
418
164
-81
-167
-154
-291
-507
-556
-404
-417
-710
-1056
-1308
-1664
-2403
-3262
-4160
-4926
-5846
-6740
-7538
-8122
-8409
-8548
-8366
-8104
-7414
-6535
-5411
-4312
-3136
-1747
-439
829
1777
2836
3692
4418
4877
5222
5573
5724
5907
5928
6087
6140
6263
6375
6421
6463
6347
6289
5996
5654
5186
4707
4205
3585
3148
2724
2469
2113
1941
1908
1778
1562
1148
987
548
-49
-881
-1533
-2019
-2727
-3285
-3772
-3658
-3624
-3402
-3015
-2321
-1431
-743
197
927
1796
2336
2939
3348
3465
3540
3476
3552
3131
2794
2439
2294
1918
1345
1020
694
427
-226
-681
-1209
-1717
-2424
-3154
-3818
-4629
-5262
-5924
-6336
-6884
-7100
-7089
-6822
-6546
-6185
-5433
-4637
-3749
-3161
-2309
-1580
-829
-404
-87
226
352
542
373
352
112
147
45
-62
-158
-172
88
105
258
232
560
698
780
740
724
866
796
834
718
919
1091
1407
1673
2030
2526
2956
3399
3590
3841
3880
3878
3604
3232
2802
2353
1926
1395
1010
658
526
358
292
238
283
366
336
301
174
119
-72
-248
-461
-592
-668
-707
-623
-512
-235
52
429
755
1082
1375
1591
1741
1725
1661
1487
1295
998
676
361
56
-205
-480
-679
-856
-986
-1117
-1236
-1347
-1458
-1563
-1693
-1831
-1949
-2050
-2138
-2206
-2239
-2217
-2157
-2040
-1909
-1697
-1477
-1222
-970
-714
-440
-220
28
183
365
463
587
668
705
776
789
893
909
997
1025
1093
1131
1104
1084
937
818
530
278
-100
-479
-890
-1313
-1646
-2021
-2208
-2400
-2404
-2375
-2208
-1948
-1666
-1288
-997
-628
-413
-202
-135
-139
-221
-423
-612
-908
-1104
-1361
-1479
-1558
-1529
-1390
-1209
-875
-568
-146
212
612
936
1208
1445
1558
1669
1649
1671
1617
1608
1605
1641
1774
1918
2192
2440
2785
3074
3370
3578
3671
3684
3491
3222
2757
2232
1570
885
189
-484
-1050
-1558
-1891
-2153
-2221
-2203
-2059
-1828
-1542
-1192
-862
-482
-160
177
467
742
977
1191
1412
1576
1754
1884
2013
2083
2131
2126
2045
1911
1701
1430
1069
680
230
-241
-718
-1174
-1588
-1949
-2213
-2404
-2486
-2466
-2343
-2145
-1869
-1545
-1200
-835
-487
-169
94
301
435
492
471
374
206
-33
-315
-639
-997
-1363
-1725
-2079
-2405
-2684
-2917
-3093
-3214
-3279
-3295
-3271
-3200
-3099
-2962
-2790
-2591
-2354
-2072
-1754
-1393
-991
-566
-111
341
792
1214
1583
1903
2148
2322
2414
2445
2404
2316
2182
2024
1863
1685
1524
1367
1231
1104
995
903
809
735
663
600
547
515
498
493
527
576
662
763
889
1026
1165
1313
1443
1561
1660
1730
1764
1782
1763
1725
1658
1577
1490
1385
1286
1183
1082
976
892
801
720
643
561
487
393
316
213
126
15
-86
-185
-298
-386
-493
-579
-683
-763
-856
-945
-1035
-1154
-1254
-1390
-1507
-1658
-1802
-1947
-2097
-2220
-2346
-2433
-2507
-2519
-2513
-2460
-2367
-2250
-2083
-1912
-1712
-1502
-1303
-1102
-917
-758
-613
-501
-414
-343
-304
-279
-265
-270
-283
-295
-315
-338
-362
-385
-417
-447
-485
-522
-558
-592
-611
-621
-612
-584
-528
-447
-338
-211
-56
120
304
513
716
913
1115
1295
1469
1619
1757
1873
1965
2050
2113
2165
2211
2242
2261
2280
2278
2261
2233
2179
2113
2007
1885
1734
1555
1365
1144
925
702
484
282
98
-55
-182
-268
-327
-354
-345
-319
-266
-225
-170
-117
-89
-55
-51
-50
-69
-98
-124
-160
-186
-210
-224
-241
-236
-223
-220
-202
-197
-182
-177
-169
-166
-173
-166
-176
-153
-137
-112
-69
-29
36
89
158
203
235
255
237
204
111
2
-162
-346
-562
-802
-1030
-1283
-1506
-1716
-1885
-2029
-2122
-2165
-2172
-2124
-2054
-1928
-1799
-1651
-1486
-1337
-1173
-1038
-900
-782
-678
-574
-481
-386
-310
-217
-138
-58
19
87
145
171
198
198
176
137
86
31
-32
-82
-122
-156
-169
-152
-113
-50
29
133
239
347
471
590
705
807
914
1018
1112
1217
1309
1390
1471
1560
1630
1680
1729
1763
1783
1769
1764
1728
1663
1601
1521
1449
1352
1255
1173
1096
1030
975
942
907
884
885
887
880
858
852
821
772
722
643
545
426
290
145
-20
-204
-379
-556
-736
-901
-1046
-1178
-1291
-1392
-1454
-1504
-1540
-1550
-1547
-1537
-1508
-1459
-1406
-1344
-1274
-1198
-1111
-1030
-947
-867
-800
-736
-687
-649
-634
-644
-675
-716
-788
-871
-961
-1079
-1189
-1303
-1398
-1483
-1574
-1632
-1687
-1705
-1711
-1699
-1666
-1630
-1557
-1474
-1367
-1254
-1134
-994
-845
-681
-522
-352
-176
5
193
375
584
767
947
1135
1311
1476
1607
1731
1839
1926
1996
2062
2111
2140
2165
2193
2202
2195
2187
2169
2121
2071
2014
1926
1813
1685
1549
1395
1216
1038
867
686
528
386
260
158
84
34
0
-13
-10
-5
16
32
50
63
69
84
86
89
92
95
103
121
140
160
180
207
232
236
232
219
177
125
55
-38
-153
-278
-383
-504
-638
-760
-880
-980
-1085
-1179
-1258
-1348
-1429
-1508
-1580
-1655
-1733
-1797
-1856
-1906
-1939
-1938
-1928
-1889
-1810
-1694
-1542
-1378
-1187
-981
-773
-560
-363
-175
-16
119
239
339
414
476
527
572
611
641
673
682
687
689
672
635
586
518
434
346
248
162
79
5
-33
-60
-60
-29
26
103
199
306
415
517
618
713
784
840
882
911
923
916
907
885
863
846
825
797
764
738
700
651
593
535
466
391
318
238
151
80
28
-23
-59
-75
-85
-86
-79
-62
-40
-18
8
25
33
33
13
-9
-39
-87
-137
-202
-281
-363
-446
-533
-611
-683
-756
-825
-895
-955
-1007
-1042
-1068
-1079
-1069
-1054
-1016
-962
-891
-790
-674
-535
-382
-228
-72
81
234
373
502
608
686
744
774
784
771
752
720
669
613
552
487
413
339
269
195
128
58
-16
-87
-151
-192
-231
-260
-273
-278
-267
-252
-220
-181
-134
-87
-36
15
56
97
131
159
179
187
184
171
145
112
79
44
17
-12
-40
-59
-78
-100
-113
-121
-121
-124
-126
-125
-127
-128
-125
-118
-105
-90
-84
-72
-64
-53
-38
-20
2
22
47
66
85
102
116
126
134
134
125
105
77
50
20
-4
-32
-62
-89
-112
-128
-134
-129
-106
-76
-43
-5
41
90
140
195
251
304
349
383
404
416
417
413
399
375
338
292
240
189
144
104
71
42
18
-2
-17
-29
-35
-37
-32
-36
-41
-41
-44
-38
-34
-30
-21
-22
-27
-40
-54
-72
-93
-124
-157
-195
-232
-264
-302
-330
-359
-384
-411
-435
-451
-466
-476
-474
-467
-452
-427
-401
-370
-331
-292
-249
-206
-170
-130
-96
-64
-31
0
25
53
77
103
131
152
179
206
229
258
281
306
319
338
353
356
356
349
343
330
316
298
282
260
245
232
221
208
197
193
184
189
201
208
218
235
251
269
287
304
320
328
335
329
314
289
254
210
168
122
65
5
-53
-107
-154
-192
-224
-241
-255
-270
-277
-276
-273
-272
-273
-276
-278
-286
-298
-312
-328
-339
-353
-374
-395
-420
-441
-462
-481
-503
-519
-531
-548
-550
-542
-537
-521
-503
-481
-452
-421
-387
-350
-313
-276
-241
-210
-178
-149
-122
-97
-79
-67
-55
-42
-31
-14
3
16
40
60
91
127
164
207
255
310
362
412
461
508
553
588
618
637
656
660
656
651
639
626
607
585
560
536
515
494
473
447
428
413
398
387
378
371
369
371
371
377
378
381
385
381
379
370
354
340
321
297
266
234
198
161
119
77
36
-8
-55
-101
-150
-201
-253
-305
-361
-419
-474
-532
-587
-638
-685
-724
-761
-792
-816
-834
-839
-835
-828
-816
-796
-771
-739
-701
-661
-618
-573
-533
-491
-455
-420
-380
-347
-323
-305
-291
-280
-277
-281
-284
-289
-294
-295
-302
-312
-309
-298
-283
-255
-214
-170
-125
-72
-9
62
144
228
305
373
442
516
582
640
683
714
738
752
761
757
748
737
710
672
625
576
531
494
453
405
358
312
280
261
243
230
224
220
225
238
256
279
297
332
368
390
409
428
439
452
476
483
478
467
441
411
374
341
299
230
149
68
-17
-102
-182
-265
-362
-456
-524
-580
-641
-687
-717
-750
-767
-764
-750
-731
-699
-676
-663
-637
-598
-554
-513
-489
-470
-435
-399
-370
-345
-329
-318
-300
-272
-240
-222
-216
-206
-194
-169
-140
-111
-79
-49
-23
4
28
62
103
132
142
164
223
289
313
291
260
251
265
286
295
283
252
232
213
184
149
128
118
97
89
92
78
54
41
39
44
52
50
52
67
80
101
128
139
146
165
180
204
241
259
248
229
217
218
228
224
208
195
171
132
103
75
50
51
45
11
-15
-35
-60
-63
-45
-41
-53
-56
-65
-79
-85
-85
-90
-105
-114
-127
-157
-188
-201
-202
-203
-187
-174
-181
-177
-153
-126
-103
-73
-46
-33
-16
8
16
14
4
-21
-46
-46
-34
-37
-46
-53
-61
-73
-66
-26
-2
-9
17
69
71
58
86
95
81
103
92
38
33
66
78
58
10
-3
43
29
-33
-31
-22
-33
15
46
-18
-78
-71
-29
-10
-89
-77
139
167
14
34
-135
-443
10
738
541
77
21
-330
-496
241
716
276
17
101
-208
-353
2
114
-73
-50
49
-117
-381
-434
-267
-138
-59
0
-173
-519
-550
-254
-64
-29
-28
-152
-300
-236
-44
112
127
44
-14
-6
14
92
217
214
133
142
145
62
81
190
203
168
168
137
73
74
134
168
159
145
125
84
50
60
97
102
77
55
3
-64
-67
-31
-27
-32
-44
-97
-135
-115
-83
-54
-24
-29
-58
-40
-15
-7
40
76
42
31
66
62
79
150
152
115
143
147
109
143
179
127
109
136
97
62
74
13
-75
-84
-129
-202
-188
-170
-226
-256
-267
-335
-345
-283
-267
-247
-200
-206
-217
-165
-119
-79
-6
28
12
27
56
63
95
137
110
83
104
112
102
111
79
-4
-35
-13
-17
-20
2
-18
-66
-70
-53
-59
-40
7
12
10
52
72
61
86
126
136
155
170
156
145
153
159
175
185
160
123
87
52
50
72
59
32
12
-41
-82
-64
-62
-77
-61
-64
-93
-82
-56
-58
-43
-24
-34
-23
11
30
62
97
91
83
92
84
86
118
119
96
88
64
19
13
0
-42
-60
-75
-130
-170
-163
-185
-206
-186
-197
-239
-231
-200
-188
-146
-99
-90
-77
-35
2
39
88
119
130
153
180
190
198
193
177
170
167
152
125
91
52
9
-18
-32
-59
-82
-98
-130
-160
-162
-166
-171
-159
-153
-149
-130
-112
-99
-74
-55
-46
-17
12
23
46
67
72
89
109
107
114
126
113
111
123
119
116
120
105
87
89
71
49
46
40
24
32
21
-10
-19
-25
-42
-45
-37
-56
-66
-57
-71
-80
-67
-69
-81
-65
-50
-66
-71
-59
-67
-72
-52
-56
-61
-51
-44
-53
-44
-29
-33
-25
-10
-11
-13
12
30
41
61
83
78
78
98
96
101
115
114
97
107
96
58
54
35
-1
-11
-9
-45
-70
-67
-98
-124
-103
-109
-130
-103
-89
-101
-79
-44
-42
-20
20
30
44
78
99
102
121
129
126
130
131
123
118
111
90
73
56
33
13
-5
-28
-43
-54
-70
-89
-101
-111
-116
-109
-110
-117
-108
-101
-100
-89
-72
-65
-52
-27
2
18
30
33
37
53
68
86
101
103
95
94
84
71
62
55
42
26
8
-12
-28
-45
-59
-70
-77
-87
-95
-95
-95
-87
-77
-65
-50
-35
-23
-3
23
34
47
63
78
83
96
105
98
93
92
82
62
57
36
9
-5
-22
-46
-61
-75
-93
-106
-109
-116
-122
-111
-105
-96
-79
-63
-45
-23
5
25
43
64
85
100
115
129
137
140
140
133
122
112
96
79
62
44
20
0
-20
-44
-64
-73
-81
-93
-97
-99
-101
-96
-89
-79
-68
-51
-38
-28
-7
9
21
36
48
49
51
57
53
50
51
41
25
17
-1
-17
-34
-44
-57
-65
-67
-77
-83
-83
-80
-76
-66
-59
-49
-39
-23
-4
8
30
40
49
64
68
68
79
83
77
80
70
64
58
48
39
24
17
1
-12
-14
-22
-36
-35
-36
-42
-38
-37
-40
-35
-23
-18
-7
4
4
8
20
27
27
34
33
26
26
23
17
17
14
5
-4
-7
-14
-22
-21
-28
-30
-28
-30
-29
-25
-21
-19
-13
-10
-8
-3
-1
-4
4
12
12
11
15
15
11
12
14
13
14
15
13
9
10
11
10
6
0
-2
-9
-7
-8
-5
-5
-10
-17
-22
-19
-20
-16
-8
0
-2
0
-1
0
6
10
7
8
11
4
-1
-1
3
3
3
0
-11
-15
-13
-14
-9
-7
-9
-11
-12
-7
-5
-1
1
0
-3
-6
-4
-1
8
14
9
4
0
-2
1
5
14
14
13
13
12
11
13
19
18
13
8
5
6
15
18
15
13
5
-7
-15
-8
-4
-2
5
5
-1
-9
-6
-6
-4
3
0
-8
-12
-10
-10
-7
0
1
-3
-10
-14
-17
-9
-2
-4
-3
-3
-3
-7
-3
5
6
-2
-5
-5
-6
0
6
7
3
0
-4
-10
-10
-2
3
5
4
0
-2
3
9
10
7
9
1
1
8
14
20
18
15
5
-2
-4
0
1
2
5
-3
-11
-11
-11
-10
-7
-7
-9
-14
-12
-8
-8
-2
3
0
0
-3
-5
2
8
12
10
9
9
8
10
15
13
10
11
5
4
10
10
12
13
15
6
-3
-1
-1
-2
0
0
-8
-14
-12
-12
-14
-6
-6
-13
-20
-20
-18
-18
-12
-9
-10
-12
-12
-12
-13
-8
-6
-5
-5
-5
-5
-5
1
1
0
2
2
4
8
12
12
10
14
11
11
14
20
18
18
21
18
14
9
7
6
4
3
3
4
3
5
4
6
6
-3
-7
-5
-5
-7
0
5
5
0
-1
-4
-5
-4
-8
-7
-6
-7
-10
-6
-3
-5
-4
-6
-9
-14
-16
-10
-9
-5
-2
-4
-7
-6
-8
-11
-11
-10
-11
-7
-3
-1
0
