2
1
0
-1
-1
-2
0
1
1
0
1
1
-1
0
0
0
0
-1
-1
-1
0
-1
1
1
1
2
-1
0
-1
0
1
1
0
-1
1
-1
0
-1
0
1
-1
0
-1
-1
-1
0
2
1
-1
-1
0
1
1
-1
0
-1
0
1
-1
-1
-1
0
-1
0
1
0
0
1
1
1
0
0
1
1
-1
0
0
-1
-1
-1
-2
0
1
0
0
-1
0
0
1
1
-1
1
0
-1
-1
1
-1
0
-1
1
1
-1
1
0
-2
-2
0
1
0
1
1
0
-1
-1
-1
-1
-1
0
-1
-1
0
0
0
0
0
0
0
0
0
-1
0
-1
-1
-2
-2
-1
-1
-1
0
1
2
0
0
1
1
2
1
0
1
1
1
0
1
0
0
0
-1
1
2
0
0
1
0
3
2
1
-1
-3
0
0
0
-1
2
2
0
0
1
0
-2
-1
-1
0
-1
0
2
1
1
1
0
1
0
0
1
1
1
-1
0
-1
-1
-2
0
-1
-1
1
1
1
1
0
-1
0
0
1
0
0
0
-1
0
2
-1
-1
0
0
-1
1
0
-1
0
0
0
0
2
0
1
0
-1
-1
0
-1
-1
-1
1
1
1
0
0
1
0
-2
0
0
0
0
-1
1
-1
1
0
-3
-1
0
1
-2
-3
-1
0
-1
-1
0
-1
-1
0
1
1
1
-1
-1
0
1
1
1
0
-1
1
1
0
0
-1
1
0
0
1
0
0
0
-1
-1
1
2
1
0
-1
-2
-3
-2
-1
1
0
0
0
0
0
0
1
2
1
0
1
-1
0
0
1
-1
-2
-1
0
0
-2
-1
0
-1
0
0
0
0
0
0
1
0
-1
0
-1
-2
-1
-1
-1
-1
-1
-1
1
0
-1
-2
-1
-2
0
-1
-1
0
0
2
2
0
-1
0
-1
-1
-2
0
1
-1
0
0
-2
0
0
-1
0
1
2
2
0
0
0
-1
0
-1
1
1
0
2
0
1
0
3
0
1
1
0
0
1
3
1
1
1
1
3
2
0
1
1
0
1
0
1
1
1
1
1
0
1
1
0
-1
-2
0
0
-1
-1
-2
-1
-1
-4
-3
-2
-1
-3
-5
-3
-3
-3
-5
-4
-4
-5
-5
-6
-5
-5
-4
-4
-6
-6
-3
-4
-4
-5
-6
-5
-4
-5
-5
-3
-3
-3
-4
-5
-2
-2
-2
0
0
-3
-3
-2
0
1
-1
-2
1
0
-1
0
2
2
2
1
1
1
1
2
3
4
3
3
2
3
2
2
2
2
3
4
3
3
2
2
2
3
1
2
4
2
2
2
3
2
3
3
1
0
2
2
0
1
1
2
3
2
1
1
0
0
2
0
1
2
0
0
1
0
1
1
2
1
0
2
2
1
0
0
1
1
1
1
1
1
1
0
1
1
2
3
3
3
3
4
5
4
4
5
6
8
9
9
9
9
11
11
11
13
13
13
12
12
12
13
12
11
11
13
12
10
10
10
11
10
9
7
9
11
9
7
5
7
7
4
2
1
3
5
1
-1
-3
-3
-2
-5
-6
-6
-9
-11
-12
-12
-14
-16
-18
-20
-20
-21
-22
-24
-26
-26
-27
-28
-30
-30
-30
-30
-32
-35
-34
-33
-33
-37
-38
-36
-37
-37
-38
-42
-37
-34
-35
-35
-36
-34
-33
-33
-31
-29
-25
-24
-22
-18
-14
-11
-12
-10
-5
0
4
4
8
12
17
19
20
23
29
32
36
41
43
46
47
50
54
59
58
59
63
68
72
72
73
79
80
79
82
86
90
92
94
94
97
99
96
97
99
103
98
89
93
96
95
86
79
76
74
70
61
53
48
41
32
23
13
5
-7
-14
-22
-33
-48
-57
-67
-76
-85
-99
-109
-112
-119
-130
-142
-147
-149
-155
-166
-172
-169
-173
-176
-177
-174
-170
-171
-173
-167
-155
-148
-152
-146
-130
-111
-108
-110
-93
-70
-56
-58
-59
-40
-15
-3
-5
0
20
38
39
35
47
64
75
75
75
85
94
97
96
95
101
103
98
98
105
106
100
93
93
91
89
85
76
75
76
71
60
54
54
50
41
31
24
23
25
18
6
1
-2
-6
-19
-30
-34
-34
-43
-55
-64
-70
-74
-84
-100
-111
-113
-121
-132
-140
-143
-147
-157
-167
-168
-168
-170
-173
-166
-154
-146
-143
-138
-120
-100
-81
-67
-45
-17
11
38
63
98
136
166
193
226
260
292
319
343
377
406
424
439
460
480
486
482
479
488
489
475
456
446
438
422
399
369
344
318
283
252
219
189
157
117
90
57
17
-29
-63
-91
-123
-162
-203
-233
-259
-294
-335
-371
-394
-418
-451
-483
-508
-524
-547
-567
-583
-602
-616
-628
-634
-630
-633
-646
-656
-651
-633
-628
-631
-621
-595
-569
-558
-557
-540
-508
-471
-446
-432
-404
-358
-324
-297
-265
-219
-170
-126
-83
-50
-6
40
83
131
175
228
280
322
368
409
443
476
508
543
579
617
662
687
707
727
730
740
758
774
787
793
804
809
809
804
779
770
775
765
757
734
703
683
659
632
591
555
524
489
442
375
308
252
201
156
100
34
-28
-103
-177
-254
-337
-405
-461
-509
-558
-619
-687
-753
-815
-864
-912
-956
-994
-1020
-1041
-1064
-1090
-1105
-1103
-1109
-1110
-1106
-1093
-1067
-1032
-991
-940
-905
-864
-821
-771
-710
-661
-594
-526
-466
-403
-351
-298
-239
-187
-123
-68
-13
51
103
159
206
245
286
319
362
417
462
512
557
602
655
684
710
732
754
787
816
849
871
892
918
929
935
928
918
915
919
932
937
926
920
909
882
850
807
788
789
795
801
776
753
741
724
715
692
687
700
708
712
699
669
647
631
622
602
567
534
492
428
345
229
128
42
-46
-135
-261
-399
-543
-700
-844
-987
-1127
-1239
-1348
-1444
-1546
-1670
-1763
-1847
-1896
-1930
-1961
-1954
-1937
-1905
-1870
-1829
-1779
-1703
-1621
-1526
-1421
-1321
-1198
-1077
-961
-840
-738
-640
-556
-473
-385
-306
-225
-167
-121
-75
-41
-17
15
53
84
98
105
133
165
186
215
235
251
283
342
406
443
498
574
641
702
759
817
859
905
978
1038
1077
1116
1168
1204
1219
1224
1225
1214
1205
1211
1199
1154
1117
1113
1104
1052
992
949
930
906
885
885
863
827
822
833
820
818
869
942
974
1014
1072
1086
1088
1149
1262
1280
1191
1142
1130
1041
903
822
735
551
334
138
-80
-349
-597
-819
-1053
-1318
-1564
-1797
-2078
-2343
-2544
-2682
-2793
-2867
-2922
-2977
-3013
-3032
-3013
-2966
-2852
-2700
-2533
-2347
-2158
-1971
-1823
-1665
-1476
-1258
-1045
-858
-674
-530
-407
-304
-212
-133
-76
-21
17
50
63
57
27
-23
-60
-92
-115
-123
-141
-195
-246
-248
-235
-235
-214
-167
-104
-55
17
121
203
279
380
527
675
807
935
1046
1164
1272
1381
1479
1574
1687
1796
1896
1946
1961
1958
1978
1992
1970
1937
1907
1898
1880
1842
1773
1661
1564
1539
1604
1673
1659
1564
1474
1484
1565
1668
1735
1727
1704
1772
1928
1979
1843
1750
1846
2003
2079
2055
1871
1370
810
629
748
700
320
-156
-612
-1018
-1299
-1526
-1822
-2196
-2408
-2439
-2541
-2854
-3249
-3522
-3646
-3554
-3297
-3040
-2902
-2900
-2919
-2884
-2728
-2488
-2219
-1980
-1749
-1480
-1241
-1055
-986
-967
-912
-746
-485
-291
-247
-351
-466
-540
-586
-669
-775
-836
-831
-806
-881
-1051
-1240
-1337
-1346
-1332
-1339
-1357
-1327
-1243
-1177
-1163
-1151
-1041
-851
-661
-486
-306
-108
53
184
304
451
636
851
1047
1178
1276
1382
1505
1598
1613
1615
1656
1744
1809
1787
1727
1656
1628
1611
1569
1501
1467
1503
1541
1507
1414
1358
1384
1447
1531
1630
1726
1845
2001
2130
2164
2190
2341
2590
2771
2806
2789
2808
2860
2923
2908
2828
2762
2698
2485
2001
1421
985
682
361
-21
-424
-815
-1174
-1520
-1928
-2394
-2747
-2830
-2823
-2986
-3281
-3496
-3544
-3502
-3418
-3275
-3054
-2739
-2372
-2096
-2016
-1994
-1839
-1554
-1290
-1092
-872
-611
-382
-284
-323
-439
-501
-443
-366
-406
-574
-744
-895
-1108
-1432
-1736
-1898
-1924
-1890
-1933
-2102
-2325
-2490
-2596
-2729
-2872
-2857
-2633
-2372
-2227
-2196
-2170
-2035
-1783
-1476
-1211
-970
-667
-345
-158
-125
-73
117
421
732
993
1198
1354
1495
1594
1605
1591
1661
1802
1896
1902
1875
1849
1805
1765
1753
1747
1745
1771
1810
1798
1744
1710
1714
1732
1789
1921
2086
2234
2383
2557
2699
2788
2911
3107
3334
3560
3759
3929
4079
4225
4370
4412
4350
4336
4409
4425
4310
4134
3974
3810
3559
3131
2540
1927
1428
994
424
-280
-896
-1340
-1767
-2289
-2836
-3267
-3514
-3624
-3774
-4062
-4338
-4424
-4367
-4344
-4351
-4212
-3848
-3384
-3015
-2797
-2633
-2385
-2052
-1757
-1555
-1375
-1114
-839
-677
-674
-727
-725
-660
-631
-729
-898
-1084
-1281
-1541
-1827
-2113
-2359
-2537
-2699
-2904
-3110
-3235
-3314
-3410
-3523
-3573
-3591
-3594
-3565
-3484
-3322
-3065
-2729
-2398
-2102
-1799
-1443
-1090
-799
-487
-157
162
472
761
969
1162
1408
1675
1907
2100
2288
2406
2467
2498
2485
2421
2387
2360
2294
2218
2171
2104
1992
1908
1866
1831
1763
1705
1673
1676
1710
1749
1799
1888
2064
2283
2479
2619
2803
3075
3354
3528
3647
3820
4037
4234
4356
4436
4534
4697
4799
4711
4469
4263
4143
4019
3819
3557
3268
2972
2619
1974
1058
205
-320
-771
-1413
-2130
-2658
-3015
-3412
-3959
-4575
-4986
-5006
-4809
-4806
-5037
-5186
-5061
-4828
-4660
-4565
-4346
-3813
-3066
-2509
-2320
-2232
-1970
-1555
-1215
-1031
-959
-762
-423
-152
-228
-655
-1117
-1275
-1154
-1197
-1540
-1948
-2167
-2366
-2717
-3266
-3863
-4084
-3828
-3582
-3814
-4186
-4316
-4182
-4069
-4072
-4099
-3948
-3396
-2747
-2397
-2405
-2182
-1614
-926
-429
-73
295
751
1275
1565
1625
1623
2009
2562
2977
3019
3009
3116
3272
3301
3119
2948
2901
3054
3092
2951
2689
2593
2565
2500
2366
2253
2247
2404
2613
2573
2341
2223
2361
2556
2747
2871
3083
3397
3727
3732
3591
3631
3926
4234
4411
4469
4364
4421
4493
4540
4348
4290
4254
4312
4184
3892
3537
3386
3488
3384
3157
2651
2335
1836
1124
-173
-1109
-1692
-2345
-3313
-3742
-3653
-4008
-4673
-5252
-5471
-5999
-6252
-6500
-6224
-5710
-4861
-4550
-4523
-4418
-4343
-4171
-3853
-2996
-2262
-1205
-473
-152
-407
-371
-224
-294
-204
99
567
584
561
-3
-761
-1487
-1879
-2339
-2851
-3036
-3387
-3857
-4569
-5055
-5821
-6059
-5786
-5218
-4914
-4679
-4328
-4216
-3845
-3431
-2599
-1886
-709
172
824
1153
1559
1863
2008
2413
2753
3222
3398
3516
3147
2870
2607
2354
2038
1878
1891
1730
1483
1049
701
407
332
229
154
270
508
656
669
721
829
1010
1342
1702
2060
2475
2937
3315
3525
3778
3940
4173
4331
4752
5235
5665
5703
5522
5404
5175
4995
4707
4671
4536
4518
4137
3656
3178
2726
2121
1560
1252
940
718
761
722
644
178
-689
-2522
-4393
-5981
-6857
-6563
-5411
-3903
-3572
-3442
-4336
-4964
-5738
-5233
-4191
-2422
-565
493
890
170
-625
-1938
-1924
-1295
96
1084
1961
2041
1174
-292
-2026
-3083
-3318
-2456
-1665
-1099
-1136
-1549
-2568
-3890
-5049
-5478
-4916
-4023
-3251
-2844
-2942
-3581
-4355
-4666
-4669
-3967
-3399
-3153
-2753
-1939
-1694
-2019
-1381
-623
246
625
1259
1591
2654
3059
2662
2530
2700
2384
1751
1766
1269
978
893
644
-67
-112
-80
-502
-808
-707
-480
-200
118
186
376
762
1021
985
1131
1522
2027
2489
2761
2845
2894
3086
3143
3092
3107
3400
3799
4082
4098
3896
3726
3650
3731
3818
3935
4048
4137
3967
3541
3077
2603
2280
2045
2111
2064
2082
1839
1759
1610
1416
1193
960
1015
779
1124
1230
1723
1519
1079
-625
-2930
-4938
-6232
-5933
-4771
-2392
-1416
-1118
-2244
-3105
-4212
-4410
-3611
-1734
568
1822
2129
1202
-88
-1795
-2500
-2241
-1061
233
1449
1705
774
-1097
-2811
-3896
-3939
-3067
-1683
-596
-262
-589
-1615
-2887
-4057
-4296
-3762
-2721
-1818
-1165
-1254
-2017
-3000
-3599
-3656
-3083
-1990
-645
364
-181
-1719
-2805
-2422
-1992
-1128
157
2034
3164
3040
1585
344
126
65
359
1258
2381
2360
1498
-161
-1684
-2391
-2173
-1696
-897
76
675
423
-496
-1426
-1515
-838
133
1134
2236
3069
3171
2476
1462
947
1208
2076
2847
3394
3598
3472
2753
1735
922
942
1815
2833
3249
3120
2818
2434
1736
965
530
1055
1901
2399
2202
1959
1762
1316
711
543
1410
2323
2919
2726
2621
2120
1728
1155
1395
2175
3297
3599
2099
-1132
-4487
-6272
-6960
-6297
-4259
-1135
461
-45
-2302
-3905
-4813
-4905
-4325
-1773
1181
2725
2210
725
-1057
-2872
-3877
-3688
-1943
137
1714
1674
532
-1362
-2990
-3969
-3727
-2668
-917
900
1962
1540
149
-1468
-2716
-3148
-2871
-1909
-731
257
102
-737
-2097
-3045
-3247
-2686
-1717
-443
812
1281
974
-956
-3215
-4052
-2851
-1191
758
2880
4008
3815
1754
-652
-1804
-711
247
1421
2799
3637
2771
879
-1301
-2665
-2392
-1551
-557
600
1647
1434
307
-1232
-2204
-2005
-706
763
1999
2744
2808
2013
760
-398
-738
-105
1034
1831
2178
2066
1271
-80
-1082
-1125
-228
1059
1877
1998
1785
1466
875
333
122
611
1544
2374
2646
2787
2940
2852
2630
2662
3365
4288
4864
4457
3713
2867
2360
2083
2469
3467
4588
4002
738
-3673
-6751
-7862
-7742
-5997
-2591
819
1490
-549
-3398
-4999
-5803
-5708
-3962
-166
3161
4299
3373
1556
-678
-2560
-3298
-2384
-4
2481
3942
3905
2580
190
-2003
-3200
-2908
-1507
570
2246
3174
2827
1250
-997
-2879
-3841
-3773
-2927
-1720
-677
-458
-1106
-2200
-3430
-4137
-3973
-3084
-1713
-91
1071
1424
602
-2119
-4483
-4474
-2434
-460
1877
3508
4263
3317
759
-1914
-2180
-1103
-372
956
2597
3368
2494
473
-2110
-3324
-3334
-2967
-2081
-477
646
636
-451
-1999
-2976
-2743
-1917
-847
321
1450
1823
1307
311
-524
-825
-591
21
658
1331
1552
1279
827
720
938
1434
1855
1931
1969
2202
2378
2191
1814
1866
2396
3009
3241
3564
3894
4217
4088
3786
3795
4218
4358
3870
3350
2798
2529
2455
2782
3268
3367
1349
-2877
-7040
-9187
-8880
-6662
-3392
-564
864
77
-2341
-4659
-5772
-5703
-4131
-1023
2285
4518
4965
3617
1184
-1056
-2253
-1898
-260
1820
3438
4064
3288
1367
-976
-2694
-3162
-2397
-907
697
1764
1993
1326
-363
-2442
-3984
-4484
-4140
-3289
-2415
-1795
-1570
-1907
-2421
-2875
-3148
-3036
-2343
-1277
-85
927
1295
1048
-637
-2841
-3777
-2427
-510
1550
2966
3634
3151
1349
-1203
-2432
-2073
-1651
-822
495
1689
1635
325
-2238
-4062
-4669
-4324
-3572
-2101
-730
133
-122
-1241
-2371
-2539
-1879
-858
289
1464
2361
2497
2104
1403
830
657
986
1398
2047
2632
2845
2720
2596
2381
2260
1990
1714
1934
2550
2641
2404
2338
2558
2791
2807
2920
3517
4257
4256
4249
4591
5052
4595
3625
2727
2631
2730
2887
3506
4323
3716
184
-4940
-9218
-10359
-8589
-4824
-1023
1608
2173
635
-2181
-4985
-6195
-5517
-2915
204
3318
5160
5212
3024
-90
-2504
-3224
-2406
-758
1423
3028
3430
2030
-387
-2871
-4161
-4239
-3374
-1865
-166
1205
1640
845
-1018
-2964
-4250
-4511
-3665
-2434
-1427
-879
-703
-1080
-1621
-2197
-2590
-2277
-1696
-853
303
1674
2171
2087
929
-995
-2137
-2455
-2427
-1491
754
1973
2664
1979
305
-1545
-2468
-3717
-3465
-1442
201
964
953
-316
-2283
-3527
-4447
-4084
-2381
-530
531
1387
1391
728
-221
-820
-889
5
1401
2818
3846
4386
4158
3209
2215
1699
1576
1839
2395
2758
3035
3161
2790
2106
1429
635
151
243
692
1137
1820
2216
2297
2025
1876
1981
2633
3361
3909
4465
4930
4880
3915
3027
2915
3759
3873
2140
-998
-3688
-5828
-8127
-8953
-6322
-1406
1567
1257
-379
-1059
-2171
-4653
-5986
-3607
278
2124
2336
2587
2793
1276
-1472
-3175
-2260
-378
942
1755
2289
1910
422
-1673
-3329
-3687
-2906
-1694
-349
864
1312
670
-821
-2494
-3608
-3895
-3400
-2265
-1014
-338
-393
-910
-1751
-2485
-2818
-2669
-1898
-730
296
1073
1521
1269
617
-215
-1585
-2401
-2421
-2441
-1969
-138
938
873
301
-773
-1942
-2628
-3365
-3251
-1293
-180
-268
-438
-842
-2131
-3019
-3464
-2999
-1370
265
1067
1710
1899
1315
485
-29
9
737
1833
2798
3539
3869
3707
3029
2407
1979
1767
1798
2291
2759
3129
3262
2925
2060
955
-46
-460
-147
538
1505
2323
2570
2488
2393
2295
2448
3050
3977
5171
5882
5779
5307
4656
4000
3785
2919
419
-2516
-4685
-6726
-8661
-8802
-5686
-1025
1175
199
-796
-631
-1902
-4275
-4696
-1878
1018
1821
1377
1826
2041
216
-2499
-3257
-1798
-4
1093
1641
2223
2036
604
-1620
-2823
-2744
-1786
-746
337
1149
1372
440
-1132
-2496
-3364
-3550
-2886
-1585
-366
374
273
-438
-1537
-2541
-2817
-1904
-839
-89
505
1067
1170
773
-1
-347
-197
-1178
-2769
-2803
-1537
-1024
-706
-447
-84
-84
-1091
-2629
-2257
-1353
-1692
-1721
-624
79
-160
-1115
-2288
-2324
-1594
-1083
-318
1144
2082
2192
1630
989
497
527
912
1709
2571
3345
3400
2934
2584
2422
2169
2189
2590
2977
3246
3230
2971
2420
1627
628
132
84
300
455
560
756
1180
1217
1046
1337
2313
3692
4905
5396
5648
5840
5081
4007
3813
3518
1380
-2008
-5231
-7954
-10322
-10653
-7241
-1835
886
-128
-1492
-1396
-2216
-4372
-4653
-1397
1978
2662
1960
2096
1902
-626
-3875
-4477
-2136
209
1064
1391
2037
1599
-469
-2886
-3677
-2761
-1149
124
1240
1969
1712
275
-1612
-3372
-4484
-4344
-3093
-1382
-12
611
290
-788
-2237
-3052
-2673
-1557
-530
463
1531
2157
2003
1204
281
-332
-512
-1069
-1606
-1340
-683
-509
-495
-664
-591
-101
-238
-786
-503
-148
-526
-620
-582
-657
-844
-1362
-1979
-1526
-632
-5
394
870
1330
1672
1373
805
723
1126
1535
1742
2085
2515
2447
1905
1843
1991
1968
1995
2430
2800
2870
2596
2358
2044
1414
484
-61
-60
115
75
124
398
380
-66
-273
461
2170
4290
5554
5802
5770
5421
4523
3987
3681
2347
-532
-4281
-8084
-10825
-10902
-7544
-2592
369
82
-1148
-1446
-2306
-4297
-4688
-1693
1894
3173
2978
3094
2590
-201
-3882
-4951
-2786
-245
935
1615
2477
2273
219
-2415
-3695
-3216
-1727
-43
1647
2952
3039
1585
-570
-2574
-4122
-4599
-3568
-1602
272
1267
1059
47
-1311
-2509
-2785
-1908
-570
778
2110
3060
3131
2299
1107
134
-558
-918
-722
-208
-316
-1163
-1815
-1505
-880
-700
-766
-237
659
861
210
-277
-425
-902
-1672
-2112
-1787
-1117
-694
-521
-113
412
758
737
545
652
1356
2084
2308
2130
1961
1975
1823
1269
988
1485
2133
2431
2440
2218
1892
1763
1848
2005
1971
1576
1037
739
696
635
427
174
-271
-853
-833
159
1513
2739
3820
4461
4599
4400
4115
4341
4716
3206
-779
-5551
-9654
-11851
-10444
-5812
-1041
1091
260
-1642
-2840
-3763
-4759
-3830
-228
3400
4960
5022
4107
1695
-2003
-5081
-5196
-2358
753
2349
2904
2645
873
-2103
-4626
-5134
-3482
-817
1683
3418
3902
2801
470
-2123
-4107
-5004
-4468
-2413
269
1973
1879
373
-1600
-3220
-3981
-3469
-1710
454
2159
3288
3702
3066
1604
65
-725
-447
61
39
-133
-621
-1623
-2223
-2109
-2057
-1804
-1068
-111
1006
1444
441
-642
-1007
-1554
-2023
-1905
-1627
-1221
-679
-539
-505
-294
-274
-190
468
1352
2088
2544
2637
2482
2241
1934
1618
1472
1722
2301
2753
2747
2107
1093
685
1309
2063
2218
1913
1453
1194
1156
812
238
58
208
293
311
440
874
1715
2605
3246
3769
4198
4423
4770
5411
5030
2006
-3233
-8682
-12234
-11853
-7097
-858
2707
1901
-1326
-3849
-5069
-6036
-5440
-1409
3817
6402
6061
4697
2557
-1249
-5500
-6687
-3365
1277
3586
3635
2983
1347
-1974
-5540
-6673
-4442
-669
2324
3884
4294
3344
926
-1985
-3970
-4389
-3498
-1726
463
2109
2120
410
-1950
-3734
-4246
-3416
-1741
111
1770
2938
3347
2877
1596
219
-67
816
1738
1885
935
-761
-2210
-2990
-3234
-2628
-1467
-472
343
833
597
2
-693
-1394
-1435
-867
-440
-256
-312
-819
-1377
-1732
-1879
-1416
-345
757
1660
2231
2276
2028
1816
1787
2027
2348
2578
2867
3104
2821
1877
729
24
146
941
1777
2138
2035
1644
1087
558
167
33
426
1128
1549
1758
1983
2002
1805
1636
1722
2506
3812
4890
5815
6093
3588
-2311
-9106
-13277
-12231
-6409
179
3586
2775
-952
-5052
-7541
-8001
-5848
-881
4321
6870
6920
5534
2315
-2545
-6389
-6043
-1602
3049
4829
4411
3093
363
-3752
-7092
-7365
-4473
-448
2613
4049
3965
2369
-276
-2842
-4191
-3788
-2123
-148
1499
2258
1564
-531
-3066
-4619
-4343
-2862
-1348
-218
589
1147
1366
947
138
-169
513
2119
3805
3876
2036
-234
-2202
-3702
-3970
-2947
-1281
264
577
-163
-611
-1069
-2081
-2389
-1474
-227
734
866
76
-837
-1698
-2639
-2916
-2197
-1063
136
1133
1591
1486
1050
743
1012
1784
2607
3199
3560
3697
3248
2212
1364
984
959
1544
2373
2649
2424
1930
1233
705
371
251
817
1582
1719
1871
2531
2920
2760
2548
2741
3577
4505
5102
6067
6605
4004
-2287
-9337
-13122
-11212
-5042
998
3546
2031
-2071
-6282
-8771
-8782
-5710
-310
4493
6610
6470
4639
716
-4386
-7348
-5318
382
5184
6377
5019
2596
-1031
-5452
-8287
-7420
-3339
1353
4167
4384
2634
-240
-3078
-4520
-4057
-2169
234
2186
2930
2134
-84
-2900
-4830
-4761
-2744
-146
1241
881
-418
-1667
-2228
-1959
-1139
135
1903
3706
4742
3824
472
-3101
-3998
-2466
-637
669
1515
1646
510
-1955
-3802
-3108
-1388
-518
277
1511
1900
607
-1564
-2857
-2372
-1369
-1043
-550
627
1203
439
-752
-1233
-577
743
1969
3034
3692
3359
2387
1677
1619
1960
2418
3082
3754
3700
2814
1901
1457
1233
995
1065
1892
2876
2779
1806
1467
2044
2486
2677
3461
5085
6806
7630
7668
7342
5138
-398
-7391
-12021
-11568
-6068
881
4376
2348
-3271
-8655
-11120
-10326
-6587
-274
6003
8398
6269
2281
-1669
-5313
-7338
-5127
1447
7865
9164
5361
275
-3707
-6660
-8102
-6457
-1700
3330
5174
3075
-798
-4168
-6112
-6164
-4133
-858
1878
2601
1231
-1174
-3532
-5274
-5731
-4241
-1329
1353
2117
379
-2652
-4716
-4490
-2502
-227
1236
2028
2692
2615
954
-1538
-3011
-2398
-495
1000
1511
1521
757
-1148
-3084
-3550
-2289
-534
409
655
802
357
-1146
-2623
-2739
-1616
-390
154
219
350
343
-309
-1129
-1209
-488
694
2015
2983
3183
2660
2013
1766
1851
1982
2307
3259
4447
4712
3966
3240
2897
2499
1977
1879
2589
3468
3339
2355
1830
2139
2473
2650
3473
5245
7082
7782
7289
6599
5257
1288
-5044
-10218
-10707
-6073
490
4209
2667
-2645
-8265
-11053
-9825
-5366
743
6130
7825
5196
892
-2590
-4932
-5853
-3693
2115
8175
9388
4836
-1275
-4949
-6023
-5697
-3759
16
3632
4134
1011
-3147
-5695
-6123
-4916
-2450
422
2044
1191
-1498
-4111
-5353
-5141
-3900
-1949
89
1066
212
-2149
-4672
-5687
-4432
-1786
633
1819
1608
552
-560
-1185
-1017
-57
1176
1949
1840
958
-254
-1267
-1686
-1402
-624
195
638
570
165
-519
-1327
-1711
-1329
-587
-80
10
-98
-147
-204
-361
-496
-359
34
638
1256
1716
2022
2332
2493
2240
1646
1174
1426
2347
3263
3582
3617
3815
4221
4294
3838
3225
3064
3282
3371
3312
3373
3470
3119
2602
2670
3874
5484
6574
7032
7339
6321
2148
-4570
-9888
-9535
-3587
2926
4309
113
-5917
-9941
-10754
-8168
-2585
4000
7413
5364
635
-2641
-3725
-4189
-3206
983
6895
9216
5393
-1249
-5286
-5372
-3468
-1103
1416
3257
2716
-448
-4362
-6454
-6128
-4054
-1507
504
870
-740
-3679
-6282
-7019
-5724
-3494
-1777
-1048
-1274
-2096
-3586
-5258
-6083
-5173
-3082
-1067
-169
-602
-1774
-2656
-2335
-932
723
1571
1520
926
198
-537
-965
-1018
-894
-724
-545
-394
-490
-800
-1118
-1038
-664
-386
-494
-732
-761
-434
91
446
454
187
57
336
1013
1594
1890
2154
2780
3480
3419
2408
1417
1605
2628
3351
3228
3146
3706
4473
4573
4167
3956
4142
4439
4603
4832
4856
4380
3256
2341
2262
3258
4611
5589
6074
6616
6566
3617
-2701
-8799
-9018
-2742
4327
5421
523
-5626
-9333
-10212
-7908
-1847
5361
8397
4926
-598
-3186
-2730
-2285
-1374
2173
7278
8829
4593
-1742
-5024
-4267
-1909
518
2651
3849
2453
-1312
-5196
-6541
-5203
-2581
-279
920
475
-1767
-4871
-7028
-6677
-4455
-2207
-1530
-2112
-3040
-3657
-4183
-4624
-4643
-4059
-3180
-2635
-2637
-3066
-3271
-2999
-2177
-1093
90
814
581
-454
-1118
-417
937
1313
44
-1699
-2848
-3165
-2875
-1754
-103
898
275
-1370
-2467
-2325
-1397
-345
778
1699
1751
614
-736
-982
191
1875
3171
3850
3875
3081
1685
710
1160
2883
4589
5211
4739
3878
3272
3063
3148
3470
4025
4749
5134
4790
3863
3432
4122
5364
5731
4993
4291
4532
5284
5684
5705
4432
470
-5691
-9092
-5686
1869
5648
2018
-4624
-8375
-8166
-5999
-2060
3034
5856
3140
-2016
-3925
-1540
769
1102
2201
5503
7419
4470
-928
-3748
-2325
568
2564
3055
2106
-654
-4017
-5614
-4073
-849
1387
1261
-710
-3026
-4774
-5483
-5162
-3580
-1466
-423
-2062
-5508
-7816
-7018
-4407
-2782
-2868
-3456
-3712
-4402
-5406
-5424
-3688
-1640
-692
-636
-559
-808
-1962
-2832
-1749
888
2417
1358
-1178
-2885
-3034
-2280
-1547
-1227
-1455
-2052
-2489
-2456
-2131
-1969
-1796
-1187
-27
1044
1445
1135
677
625
1177
2018
2524
2336
1788
1694
2316
3048
3125
2715
2682
3445
4499
5048
4977
4770
4869
5265
5510
5272
4687
4517
5111
5968
6014
5164
4252
4144
4821
5598
5425
2823
-2159
-6808
-6936
-2254
2719
2901
-1537
-6456
-8588
-7539
-4042
903
4479
3818
-664
-4473
-4422
-1546
1102
2838
4396
5206
3751
616
-1208
-12
2816
4513
4204
2692
1052
-325
-951
-453
790
1525
856
-804
-2378
-3133
-3245
-2953
-2418
-1754
-1689
-2808
-4790
-6110
-5587
-3744
-2435
-2913
-4566
-5942
-6032
-4957
-3293
-1958
-1583
-2152
-2777
-2623
-1618
-392
449
736
491
-51
-728
-1291
-1567
-1309
-688
-298
-705
-1735
-2628
-2826
-2455
-2044
-1857
-1800
-1631
-1463
-1466
-1587
-1476
-944
-185
530
1027
1223
1076
913
1250
2230
3270
3609
3092
2505
2845
4275
5685
5843
4975
4441
5075
6064
6473
6496
6969
7703
7607
6366
5120
5091
5811
5987
5213
4177
2113
-2202
-7201
-7695
-2083
3716
2555
-4232
-9029
-8433
-5721
-3381
22
3471
2239
-4273
-8682
-5533
1052
3673
2172
1409
2300
1503
-1265
-1814
1563
5215
5295
2718
643
96
119
384
1432
2735
2715
659
-2027
-3357
-2686
-1291
-743
-1406
-2415
-3155
-3907
-4887
-5458
-4926
-4066
-4235
-5569
-6457
-5749
-4152
-3187
-3327
-3715
-3667
-3096
-2112
-630
786
1202
236
-1032
-1364
-624
274
697
737
466
-256
-1367
-2197
-2266
-1785
-1390
-1299
-1332
-1371
-1562
-1891
-2008
-1780
-1412
-1098
-605
13
169
-479
-1150
-798
491
1662
2066
2032
2133
2618
3413
4215
4531
4326
4243
4993
6226
7092
7352
7601
7998
7872
7013
6362
6850
7770
7889
6980
5598
2956
-1348
-5013
-4086
732
3644
474
-5617
-8738
-7642
-5139
-2769
-127
1066
-1595
-6327
-7467
-3302
1519
2234
53
-1184
-791
-692
-1049
60
2597
4016
2693
328
-610
268
1660
2655
3190
2991
1672
-374
-1769
-1623
-378
527
190
-1134
-2385
-2868
-2790
-2826
-3292
-3866
-4286
-4631
-5030
-5110
-4499
-3681
-3630
-4503
-5109
-4348
-2480
-795
-6
44
-232
-673
-870
-285
1026
2122
2019
807
-488
-901
-485
-39
-212
-805
-1221
-1267
-1281
-1411
-1322
-866
-530
-822
-1325
-1320
-859
-687
-952
-1010
-619
-371
-738
-1148
-734
628
2116
2723
2195
1467
1801
3321
4746
5073
4795
5027
5926
6681
6732
6415
6436
6948
7453
7584
7500
6763
4057
-251
-2254
892
5427
4386
-2422
-7550
-6435
-2989
-1853
-1505
224
217
-4113
-7800
-4769
2019
4229
395
-3036
-2176
-240
-420
-824
973
3050
2204
-824
-2470
-1198
1246
2771
2956
2272
1004
-453
-1293
-834
619
1739
1188
-1007
-3153
-3509
-2362
-1672
-2623
-4250
-4982
-4748
-4558
-4748
-4705
-4282
-4200
-4784
-5106
-4146
-2326
-1123
-1162
-1569
-1425
-981
-820
-617
266
1354
1426
364
-529
-300
430
572
11
-556
-754
-833
-1016
-1140
-1004
-734
-571
-498
-338
-194
-382
-845
-1057
-729
-282
-304
-784
-1176
-960
-22
1113
1595
1185
821
1571
3027
3744
3264
2831
3611
5058
5723
5272
4848
5348
6200
6429
6214
5998
4793
1645
-1234
-143
4077
5517
1118
-4457
-5353
-2464
-510
-255
706
1614
-521
-4145
-3928
835
4425
3020
-226
-920
378
758
352
1196
2840
2760
519
-1411
-1108
704
2203
2499
1773
644
-203
-396
-120
272
540
250
-975
-2467
-2892
-2283
-2307
-3696
-4892
-4604
-3992
-4603
-5643
-5427
-4361
-4126
-4724
-4668
-3677
-2915
-2697
-2048
-840
-373
-1205
-2016
-1430
28
837
582
96
-11
18
-48
151
737
1007
340
-717
-1040
-371
418
523
119
-109
60
188
-13
-187
79
438
169
-596
-885
-217
642
790
375
238
751
1496
2014
2230
2333
2478
2671
2859
3032
3337
3887
4433
4576
4339
4194
3945
2535
3
-1287
560
3322
2764
-1262
-4173
-3248
-1116
-679
-597
883
1522
-978
-3611
-1937
2530
4132
1547
-839
-116
1595
1797
1450
2182
3028
2291
644
195
1410
2717
2757
1841
1147
1162
1310
1050
767
1066
1525
1050
-456
-1798
-2115
-1890
-1968
-2515
-3313
-4248
-5062
-5325
-4995
-4576
-4468
-4630
-4868
-4940
-4458
-3317
-2062
-1459
-1623
-1988
-2083
-1812
-1220
-465
19
-172
-858
-1316
-977
-7
759
654
-53
-441
-60
575
781
602
497
476
194
-243
-239
277
540
29
-652
-635
-26
388
276
65
151
477
846
1188
1441
1540
1563
1692
2004
2370
2696
3028
3418
3750
3845
3671
3093
1775
-36
-824
631
2760
2234
-1441
-4516
-3988
-1623
-700
-994
-492
31
-1545
-3726
-2764
1003
2965
1115
-1150
-626
1307
1915
1435
1682
2596
2699
1823
1312
1914
2991
3513
3070
2167
1748
2154
2698
2653
2387
2547
2603
1504
-266
-925
53
975
199
-1692
-3006
-3212
-3173
-3481
-3730
-3611
-3630
-4266
-4970
-4729
-3499
-2328
-2050
-2347
-2382
-1913
-1307
-812
-338
39
-56
-662
-1102
-672
319
822
349
-403
-551
-150
125
-6
-213
-190
-71
-91
-201
-232
-171
-184
-306
-320
-116
102
76
-112
-185
-57
67
46
-27
77
501
1039
1284
1184
1213
1784
2618
3136
3282
3279
2981
2104
1060
737
1198
1449
650
-832
-1992
-2343
-2161
-1888
-1691
-1660
-1969
-2482
-2593
-1919
-941
-513
-708
-848
-531
-33
355
741
1129
1245
1054
973
1258
1627
1730
1646
1662
1793
1862
1879
2030
2340
2572
2488
2090
1644
1404
1332
1202
893
436
-207
-1010
-1669
-1833
-1654
-1700
-2163
-2647
-2739
-2518
-2329
-2228
-1981
-1503
-1023
-751
-535
-120
378
582
453
421
695
919
797
586
623
744
578
213
77
278
489
421
120
-153
-208
-119
-160
-460
-766
-745
-509
-582
-1102
-1509
-1320
-847
-738
-981
-962
-463
57
321
669
1377
2079
2242
1986
1962
2410
2703
2077
761
-71
94
290
-614
-2071
-2647
-2293
-2300
-3023
-3234
-2379
-1685
-2087
-2599
-1975
-808
-518
-1035
-1098
-371
186
-13
-351
-128
382
473
93
-102
310
901
1050
892
1064
1630
1898
1610
1462
1889
2189
1716
1066
1047
1257
817
-65
-527
-534
-808
-1485
-1904
-1761
-1519
-1584
-1762
-1609
-1091
-607
-403
-220
305
995
1311
1229
1319
1759
2075
1982
1808
1860
1944
1850
1709
1652
1579
1424
1267
1139
979
777
686
716
573
105
-347
-413
-298
-481
-865
-917
-607
-446
-668
-894
-759
-394
-101
59
215
423
638
816
986
1161
1263
1200
921
355
-407
-859
-684
-447
-1044
-2273
-2863
-2516
-2373
-2976
-3235
-2455
-1859
-2480
-3094
-2203
-691
-475
-1378
-1637
-867
-285
-382
-337
199
477
74
-381
-240
357
881
1060
981
888
1009
1293
1421
1289
1079
879
658
529
576
440
-197
-874
-1035
-1004
-1356
-1750
-1521
-1049
-1223
-1853
-1929
-1308
-844
-888
-797
-130
590
700
510
855
1772
2379
2211
1977
2344
2847
2850
2615
2705
2897
2661
2243
2183
2437
2558
2358
1933
1383
930
798
900
833
418
-103
-425
-525
-545
-528
-457
-483
-715
-819
-402
204
260
-149
-104
606
1080
776
409
450
111
-1046
-1667
-586
629
-456
-2993
-3781
-2252
-1295
-2285
-3046
-2235
-1867
-3276
-4189
-2621
-601
-928
-2689
-3049
-1744
-805
-971
-1031
-387
91
-211
-754
-754
-159
479
669
346
47
344
883
833
261
93
514
618
177
81
525
565
-109
-591
-461
-400
-704
-744
-285
-37
-459
-1034
-1166
-921
-702
-629
-416
19
295
186
193
914
1857
2009
1550
1679
2679
3447
3319
2954
2932
2950
2729
2677
3084
3426
3116
2203
1364
1205
1596
1817
1453
827
519
536
515
392
376
474
448
285
300
567
671
351
61
253
645
618
251
-34
-451
-1352
-2065
-1627
-729
-1111
-2750
-3643
-2927
-2240
-2715
-3160
-2573
-2223
-3188
-3948
-2889
-1294
-1271
-2330
-2485
-1528
-901
-1075
-1131
-662
-282
-358
-624
-755
-665
-479
-418
-620
-843
-708
-483
-644
-961
-915
-653
-778
-1144
-1063
-668
-613
-808
-697
-451
-600
-896
-762
-352
-124
-46
117
217
176
270
546
832
1135
1535
1823
1862
2037
2570
2987
2893
2714
3012
3567
3776
3578
3350
3272
3134
2822
2609
2748
2913
2507
1686
1303
1566
1729
1419
1112
1189
1305
1162
1048
1153
1259
1193
1118
1160
1165
980
683
547
610
596
305
-18
-142
-422
-1152
-1804
-1810
-1661
-2211
-3176
-3520
-3209
-3239
-3813
-4031
-3650
-3610
-4233
-4470
-3713
-2879
-2844
-3026
-2603
-1884
-1556
-1478
-1165
-717
-522
-494
-357
-129
0
-92
-314
-458
-491
-636
-978
-1175
-1060
-1103
-1552
-1833
-1624
-1531
-1961
-2249
-1868
-1450
-1590
-1751
-1412
-1066
-1173
-1297
-986
-552
-365
-218
99
468
816
1222
1630
1993
2373
2789
3165
3512
3906
4241
4456
4648
4817
4817
4729
4754
4757
4498
4179
4080
3977
3555
3037
2748
2525
2124
1701
1516
1459
1312
1115
1001
956
913
852
826
928
1103
1132
967
871
944
888
544
216
111
-79
-580
-1087
-1326
-1577
-2127
-2692
-2920
-3004
-3290
-3653
-3777
-3772
-3929
-4143
-4109
-3894
-3785
-3715
-3443
-3082
-2904
-2768
-2431
-2078
-1953
-1819
-1432
-1073
-1041
-1018
-669
-405
-616
-869
-696
-480
-725
-1051
-919
-687
-930
-1355
-1354
-1121
-1259
-1638
-1660
-1421
-1434
-1658
-1633
-1310
-1117
-1156
-1106
-853
-582
-394
-219
33
368
728
1055
1320
1629
2045
2398
2580
2713
2972
3273
3460
3584
3734
3848
3847
3767
3688
3640
3578
3445
3235
3008
2818
2629
2406
2234
2175
2131
1963
1747
1642
1589
1465
1345
1343
1394
1355
1237
1154
1084
961
794
600
386
156
-50
-238
-483
-755
-1006
-1288
-1619
-1920
-2120
-2283
-2474
-2638
-2727
-2831
-2977
-3034
-2893
-2629
-2443
-2356
-2257
-2098
-1922
-1776
-1654
-1520
-1372
-1232
-1126
-1057
-1022
-1052
-1130
-1193
-1199
-1174
-1185
-1199
-1183
-1185
-1236
-1297
-1310
-1255
-1222
-1225
-1219
-1227
-1231
-1219
-1207
-1201
-1193
-1148
-1076
-1042
-983
-803
-537
-312
-214
-111
155
508
799
1030
1272
1563
1828
2026
2241
2490
2701
2827
2896
2995
3105
3132
3089
3047
3049
3028
2885
2715
2688
2750
2684
2409
2134
2056
2065
1970
1787
1686
1680
1590
1325
1022
851
774
642
393
79
-180
-369
-541
-736
-972
-1226
-1437
-1577
-1666
-1744
-1790
-1780
-1761
-1792
-1886
-1913
-1750
-1460
-1207
-1098
-1079
-1042
-961
-869
-814
-803
-775
-734
-763
-867
-982
-1054
-1096
-1159
-1200
-1178
-1158
-1198
-1266
-1258
-1180
-1143
-1188
-1203
-1162
-1157
-1226
-1311
-1315
-1279
-1286
-1308
-1264
-1168
-1103
-1099
-1028
-797
-517
-308
-188
-60
152
381
592
806
1017
1201
1317
1413
1572
1733
1833
1865
1904
1999
2074
2092
2110
2196
2323
2379
2300
2221
2267
2363
2316
2075
1862
1820
1823
1642
1320
1105
1031
901
549
112
-170
-305
-484
-817
-1191
-1442
-1555
-1648
-1790
-1973
-2132
-2199
-2175
-2122
-2081
-2016
-1892
-1732
-1611
-1549
-1464
-1274
-1016
-781
-599
-458
-333
-242
-159
-66
14
96
161
187
186
151
111
85
83
155
283
353
310
234
248
366
426
392
388
441
453
331
174
131
189
220
181
137
166
239
291
351
471
644
813
898
932
979
1062
1179
1279
1325
1323
1274
1235
1238
1232
1188
1105
1051
1036
991
909
863
871
890
840
731
660
644
598
431
184
-18
-144
-275
-515
-835
-1094
-1268
-1459
-1742
-2062
-2281
-2391
-2504
-2681
-2851
-2908
-2849
-2762
-2712
-2673
-2610
-2468
-2270
-2054
-1860
-1691
-1524
-1347
-1181
-1050
-930
-811
-694
-599
-531
-482
-442
-414
-379
-328
-291
-263
-236
-195
-138
-79
-8
78
180
324
503
683
842
986
1168
1411
1653
1874
2099
2350
2587
2755
2881
3016
3187
3366
3509
3588
3644
3690
3713
3713
3693
3657
3609
3524
3387
3205
3024
2847
2652
2445
2205
1948
1696
1463
1229
987
741
499
263
37
-180
-365
-531
-712
-904
-1092
-1282
-1485
-1702
-1914
-2114
-2296
-2487
-2680
-2876
-3066
-3240
-3397
-3522
-3638
-3725
-3781
-3822
-3846
-3862
-3859
-3834
-3786
-3724
-3657
-3578
-3496
-3416
-3330
-3243
-3151
-3047
-2928
-2819
-2710
-2597
-2480
-2348
-2200
-2061
-1913
-1743
-1577
-1396
-1211
-1013
-813
-596
-352
-109
151
424
697
970
1250
1521
1797
2087
2367
2636
2912
3177
3420
3659
3877
4074
4272
4448
4603
4753
4875
4958
5009
5027
5014
4986
4943
4862
4746
4608
4434
4229
4005
3757
3502
3264
3019
2761
2487
2212
1922
1650
1376
1087
811
539
261
-26
-320
-619
-912
-1201
-1470
-1745
-1996
-2217
-2431
-2623
-2792
-2948
-3074
-3154
-3206
-3235
-3246
-3251
-3253
-3248
-3249
-3249
-3241
-3218
-3193
-3180
-3199
-3232
-3266
-3292
-3317
-3336
-3340
-3338
-3324
-3319
-3296
-3257
-3197
-3116
-3037
-2919
-2780
-2617
-2438
-2235
-2025
-1788
-1551
-1310
-1051
-776
-463
-145
183
490
791
1084
1365
1656
1944
2244
2534
2796
3032
3253
3448
3630
3796
3952
4106
4227
4322
4369
4386
4372
4339
4296
4243
4171
4062
3920
3749
3553
3342
3105
2881
2637
2389
2116
1818
1516
1200
882
561
261
-44
-316
-590
-850
-1100
-1326
-1520
-1691
-1841
-1975
-2062
-2120
-2152
-2174
-2175
-2179
-2179
-2183
-2171
-2131
-2071
-2010
-1953
-1910
-1884
-1870
-1856
-1824
-1772
-1718
-1668
-1623
-1600
-1572
-1570
-1576
-1561
-1545
-1517
-1501
-1480
-1456
-1407
-1374
-1335
-1296
-1237
-1144
-1026
-868
-716
-565
-436
-311
-169
-9
174
355
539
708
854
961
1073
1195
1342
1505
1638
1761
1870
1978
2069
2159
2264
2363
2440
2479
2493
2495
2485
2460
2399
2325
2204
2070
1887
1679
1468
1255
1041
816
577
310
38
-245
-503
-731
-925
-1108
-1264
-1413
-1571
-1719
-1859
-1953
-1982
-1975
-1960
-1933
-1911
-1895
-1884
-1864
-1805
-1697
-1577
-1471
-1381
-1322
-1277
-1226
-1168
-1081
-983
-896
-818
-767
-729
-695
-662
-629
-572
-498
-422
-345
-295
-231
-163
-84
10
112
245
397
553
695
824
946
1065
1191
1327
1488
1626
1749
1834
1896
1944
1996
2062
2124
2192
2231
2254
2243
2227
2218
2216
2225
2227
2196
2137
2060
1971
1891
1817
1729
1629
1483
1316
1138
955
783
619
444
247
31
-207
-443
-660
-863
-1052
-1232
-1421
-1619
-1825
-2020
-2191
-2345
-2477
-2585
-2684
-2781
-2891
-2996
-3074
-3131
-3165
-3189
-3186
-3167
-3147
-3138
-3122
-3076
-2991
-2882
-2754
-2620
-2489
-2357
-2216
-2066
-1891
-1692
-1490
-1293
-1100
-908
-697
-482
-268
-48
166
382
603
831
1070
1320
1557
1761
1950
2134
2322
2512
2696
2858
2990
3083
3142
3184
3229
3272
3305
3316
3296
3264
3210
3147
3086
3040
2996
2938
2868
2790
2709
2628
2545
2452
2360
2253
2123
1982
1824
1667
1495
1309
1097
869
639
405
175
-49
-277
-510
-749
-981
-1207
-1403
-1568
-1725
-1872
-2028
-2183
-2331
-2449
-2549
-2629
-2700
-2778
-2860
-2961
-3038
-3098
-3143
-3167
-3202
-3234
-3254
-3265
-3255
-3223
-3172
-3108
-3041
-2974
-2881
-2762
-2620
-2460
-2302
-2145
-1986
-1814
-1623
-1410
-1191
-966
-750
-553
-349
-132
105
338
568
780
981
1177
1366
1566
1759
1944
2111
2259
2394
2513
2622
2725
2814
2886
2940
2978
3002
3019
3015
3002
2979
2933
2876
2807
2724
2638
2535
2418
2288
2134
1971
1806
1633
1455
1269
1076
881
673
470
277
97
-71
-226
-382
-539
-695
-839
-961
-1061
-1144
-1231
-1315
-1413
-1506
-1592
-1662
-1715
-1768
-1826
-1891
-1953
-2007
-2046
-2073
-2088
-2094
-2097
-2098
-2084
-2049
-1994
-1926
-1862
-1791
-1711
-1604
-1481
-1359
-1220
-1088
-955
-815
-672
-521
-355
-185
-27
130
280
428
583
734
889
1036
1163
1287
1403
1507
1611
1693
1772
1836
1878
1927
1964
1995
2008
2000
1986
1973
1942
1906
1871
1818
1757
1678
1590
1491
1384
1275
1152
1013
875
724
556
393
214
39
-131
-298
-466
-642
-807
-973
-1132
-1280
-1409
-1527
-1632
-1730
-1834
-1912
-1982
-2037
-2071
-2099
-2113
-2119
-2111
-2100
-2077
-2047
-1986
-1933
-1871
-1796
-1720
-1630
-1534
-1435
-1334
-1221
-1114
-1001
-877
-754
-622
-501
-376
-245
-109
28
159
294
428
567
701
837
968
1098
1223
1351
1473
1590
1708
1812
1916
1997
2084
2164
2236
2305
2358
2404
2441
2458
2463
2474
2469
2459
2424
2374
2323
2248
2178
2081
1973
1860
1721
1575
1421
1256
1084
914
729
539
332
139
-62
-266
-459
-657
-844
-1036
-1212
-1399
-1562
-1719
-1879
-2018
-2158
-2273
-2386
-2489
-2585
-2677
-2745
-2804
-2859
-2901
-2933
-2949
-2954
-2959
-2940
-2914
-2874
-2823
-2773
-2700
-2618
-2532
-2415
-2302
-2182
-2038
-1903
-1749
-1580
-1409
-1221
-1036
-844
-641
-445
-237
-23
177
390
603
803
1009
1212
1402
1594
1780
1956
2130
2285
2442
2587
2709
2834
2943
3037
3130
3204
3263
3312
3335
3359
3359
3337
3319
3277
3220
3155
3062
2961
2846
2709
2570
2413
2251
2080
1892
1694
1494
1266
1049
831
600
385
159
-63
-286
-507
-724
-938
-1141
-1338
-1522
-1703
-1865
-2032
-2178
-2319
-2453
-2563
-2670
-2758
-2841
-2914
-2971
-3017
-3062
-3083
-3096
-3104
-3080
-3058
-3019
-2980
-2924
-2859
-2783
-2683
-2591
-2476
-2356
-2228
-2072
-1927
-1770
-1608
-1437
-1251
-1066
-880
-694
-502
-299
-95
90
288
477
671
865
1055
1235
1421
1582
1739
1896
2044
2196
2314
2442
2561
2665
2746
2827
2884
2947
2987
3001
3023
3013
2999
2964
2902
2850
2776
2687
2584
2450
2331
2190
2041
1875
1712
1533
1349
1158
961
767
575
380
187
-5
-193
-379
-568
-749
-919
-1076
-1224
-1374
-1502
-1627
-1749
-1849
-1948
-2022
-2090
-2160
-2214
-2260
-2277
-2294
-2301
-2308
-2295
-2273
-2240
-2203
-2166
-2115
-2058
-1981
-1916
-1830
-1757
-1672
-1568
-1471
-1357
-1264
-1160
-1048
-933
-808
-689
-569
-452
-325
-205
-66
45
170
286
416
537
667
782
897
1009
1106
1225
1305
1406
1488
1578
1661
1726
1776
1823
1867
1894
1912
1925
1933
1938
1909
1874
1830
1794
1740
1660
1588
1492
1409
1301
1194
1075
970
850
711
573
426
286
156
20
-112
-254
-391
-535
-679
-814
-924
-1039
-1146
-1245
-1347
-1425
-1505
-1580
-1636
-1673
-1708
-1742
-1769
-1775
-1745
-1731
-1696
-1661
-1611
-1545
-1491
-1417
-1342
-1241
-1153
-1039
-950
-848
-751
-648
-524
-420
-309
-210
-116
-19
88
181
276
359
440
531
606
686
746
816
876
948
1009
1063
1112
1155
1218
1253
1305
1319
1352
1384
1418
1445
1450
1453
1458
1457
1433
1423
1394
1371
1333
1271
1220
1156
1084
1007
914
828
733
632
521
408
294
190
68
-60
-188
-306
-423
-536
-647
-758
-871
-977
-1087
-1180
-1266
-1351
-1421
-1490
-1541
-1583
-1628
-1667
-1688
-1694
-1691
-1686
-1680
-1650
-1619
-1563
-1516
-1454
-1388
-1321
-1235
-1169
-1076
-997
-895
-808
-701
-623
-530
-429
-335
-230
-141
-52
39
128
214
314
391
477
551
634
713
790
868
932
1001
1067
1135
1194
1245
1293
1346
1399
1432
1473
1490
1524
1552
1562
1567
1564
1558
1531
1514
1468
1434
1392
1329
1272
1203
1120
1045
959
852
754
661
550
439
327
205
100
-13
-140
-246
-369
-485
-581
-686
-788
-881
-982
-1074
-1150
-1226
-1291
-1349
-1405
-1430
-1471
-1497
-1508
-1516
-1511
-1500
-1485
-1452
-1424
-1377
-1334
-1274
-1216
-1160
-1090
-1023
-960
-894
-820
-763
-682
-637
-567
-502
-452
-376
-323
-267
-204
-150
-97
-30
22
87
151
198
253
314
385
445
505
570
633
695
755
804
862
925
970
1037
1074
1112
1166
1189
1213
1240
1249
1258
1275
1256
1238
1225
1194
1166
1134
1084
1039
994
926
851
785
704
630
556
453
369
286
189
102
11
-88
-164
-251
-340
-418
-502
-570
-635
-701
-766
-815
-857
-895
-933
-961
-975
-983
-988
-995
-991
-976
-958
-933
-903
-869
-822
-786
-749
-702
-656
-602
-557
-522
-474
-436
-394
-346
-328
-274
-234
-213
-161
-140
-117
-71
-44
-11
31
58
95
126
147
184
215
256
294
325
359
395
421
446
470
506
534
544
574
585
588
601
601
606
608
604
588
564
540
513
488
460
424
393
363
314
269
216
169
140
77
21
-18
-68
-118
-167
-221
-259
-294
-325
-359
-402
-423
-451
-467
-488
-502
-501
-512
-514
-503
-499
-484
-458
-438
-413
-383
-349
-308
-276
-243
-198
-157
-114
-79
-37
-2
31
64
93
129
147
173
191
216
234
244
259
266
268
287
294
292
312
316
327
335
334
344
350
350
362
359
356
355
353
344
327
316
309
290
274
261
237
219
187
168
143
119
90
54
25
-11
-45
-80
-111
-144
-174
-209
-242
-269
-296
-320
-343
-370
-389
-405
-420
-440
-468
-487
-496
-506
-512
-522
-530
-532
-540
-540
-540
-523
-507
-494
-477
-452
-423
-392
-352
-315
-277
-237
-194
-153
-111
-65
-22
18
64
102
141
181
215
244
275
301
323
346
360
376
392
408
420
429
441
452
460
472
476
483
485
486
479
481
480
473
471
463
458
449
449
436
426
409
398
379
359
339
322
298
273
250
223
197
169
138
104
78
45
12
-24
-58
-97
-131
-171
-199
-238
-277
-311
-344
-372
-408
-436
-458
-487
-518
-545
-562
-579
-594
-603
-608
-603
-603
-594
-587
-569
-544
-524
-504
-481
-448
-412
-382
-345
-302
-273
-237
-200
-161
-121
-77
-50
-21
17
45
76
102
125
149
171
190
204
221
247
269
282
289
298
312
325
334
348
352
356
362
373
381
378
386
389
398
386
376
373
371
356
348
339
330
316
304
289
269
251
228
215
186
162
137
112
85
50
13
-12
-35
-62
-91
-112
-132
-159
-178
-201
-223
-247
-263
-281
-304
-326
-345
-357
-369
-381
-385
-383
-388
-386
-379
-371
-357
-344
-327
-316
-303
-281
-264
-240
-221
-196
-173
-144
-123
-102
-76
-56
-29
-11
12
30
48
69
84
93
99
117
134
136
143
154
167
174
179
179
184
192
205
213
207
212
219
225
214
215
215
219
221
207
208
202
201
199
193
181
175
175
165
159
139
123
112
105
85
67
55
32
21
-1
-22
-42
-56
-71
-87
-95
-112
-121
-128
-133
-152
-163
-169
-177
-190
-204
-212
-221
-227
-234
-235
-236
-242
-234
-230
-222
-217
-201
-181
-174
-162
-155
-141
-127
-105
-89
-69
-48
-33
-12
3
16
31
49
67
80
96
103
112
115
122
133
135
138
146
161
164
164
162
166
170
173
173
178
180
173
171
159
157
149
151
147
136
136
125
125
118
111
108
108
109
101
93
79
68
55
50
39
27
20
6
-9
-25
-37
-45
-64
-79
-87
-95
-103
-113
-128
-130
-136
-146
-153
-162
-161
-170
-179
-184
-190
-195
-195
-195
-197
-202
-204
-193
-188
-187
-178
-162
-146
-138
-138
-130
-118
-100
-85
-79
-71
-53
-34
-23
-17
-10
8
22
35
41
47
62
74
80
83
91
101
106
113
117
118
122
129
137
139
145
152
156
155
152
150
150
153
151
151
145
142
142
138
137
128
127
127
124
120
114
104
93
87
75
67
57
49
40
21
20
12
-2
-15
-26
-33
-38
-42
-57
-62
-74
-82
-90
-97
-102
-114
-117
-123
-127
-138
-142
-139
-139
-139
-144
-147
-143
-143
-142
-144
-138
-127
-121
-119
-121
-115
-101
-90
-85
-83
-74
-67
-57
-49
-41
-33
-22
-17
-11
-3
2
13
15
21
23
31
38
41
42
43
46
51
57
59
62
68
71
77
81
77
77
80
85
87
86
88
91
89
93
97
92
95
94
96
101
95
92
90
81
75
74
70
66
62
54
51
41
32
26
16
9
3
-4
-9
-22
-30
-33
-41
-45
-52
-57
-67
-72
-76
-75
-78
-78
-76
-83
-81
-80
-80
-80
-78
-69
-68
-65
-62
-60
-56
-53
-48
-44
-37
-36
-34
-33
-27
-17
-12
-11
-6
-8
-2
-2
-5
1
5
6
9
13
14
16
19
21
21
22
23
21
26
25
27
28
29
29
35
35
32
33
36
33
36
37
33
33
33
31
34
30
23
25
20
21
18
15
16
16
13
6
7
7
1
0
0
-1
-3
-5
-6
-13
-13
-12
-8
-11
-17
-18
-13
-8
-13
-12
-18
-18
-15
-14
-12
-11
-13
-12
-13
-14
-13
-15
-12
-17
-17
-17
-16
-13
-14
-7
-7
-9
-9
-8
-6
-7
-1
2
1
1
4
2
2
3
3
6
10
7
1
8
13
9
6
5
8
12
13
7
7
13
11
12
9
4
9
7
1
3
-1
3
8
8
2
-4
0
2
4
0
-1
5
8
0
-5
0
9
4
0
-3
-4
3
7
-1
-2
-5
-3
3
-2
-9
-7
-3
-2
-4
-11
-9
3
4
-4
-11
-14
-4
2
-4
-13
-5
1
0
-2
-9
-6
3
0
-9
-10
-5
-3
2
-2
-6
-4
0
2
-1
0
0
3
5
4
2
4
4
6
1
-3
0
6
5
5
3
2
-3
-3
-3
1
-2
-5
0
-4
-4
-3
0
2
-2
-6
-4
-1
0
1
5
6
5
-3
-8
0
4
7
4
1
-2
3
7
1
-2
0
-1
2
-3
-8
-2
4
2
0
-3
-5
-4
-1
-3
-2
0
-1
2
1
-2
-1
2
-1
0
-6
-4
3
7
3
-1
1
5
5
-4
-2
2
7
5
-3
-4
3
5
4
-5
-12
-2
5
5
-1
-5
-1
10
7
-6
-7
-2
8
6
-7
-5
5
9
6
0
-5
-3
10
7
-7
-8
-2
1
3
-3
-7
2
4
-1
-9
-6
0
3
-1
-7
-2
-2
1
4
3
-2
3
6
3
1
-5
-2
4
4
-1
0
0
2
2
1
3
0
-7
-5
5
2
-5
-2
3
-1
-3
-6
-1
1
-5
-5
-6
-1
-1
-3
0
5
0
-3
1
8
5
-1
4
2
2
0
1
6
6
-1
2
1
-3
-1
-1
1
-1
2
3
-1
-1
-3
-5
0
-3
-1
-3
-1
-2
-3
-3
0
0
-2
1
0
0
-2
1
-1
0
0
-1
2
1
2
2
1
1
5
1
-1
-2
0
2
2
1
0
1
3
3
-1
-4
-1
0
-2
-2
-3
-1
-1
2
1
0
-5
-2
2
3
2
0
-2
-2
-3
-2
0
-2
-2
-2
2
-2
-1
0
-1
-1
-2
1
1
2
-1
3
4
-1
1
1
1
1
3
5
6
4
0
1
1
2
0
-3
2
0
-2
0
5
2
0
0
3
1
-4
-2
-3
1
-2
-2
-5
-3
-1
-3
-4
-1
-4
-2
-2
-2
-1
1
3
4
5
0
0
0
1
0
0
-1
2
2
0
1
0
1
1
0
1
1
2
-1
-2
0
1
0
0
5
3
-2
-1
1
4
6
3
0
-2
-4
-3
-2
-3
-3
-2
2
4
3
-1
-2
-1
-2
1
4
6
3
1
-1
0
0
-1
-1
2
7
3
-2
-7
-4
-4
-2
-6
-2
-2
-3
-8
-10
-10
-6
-2
-6
-2
-1
-1
-6
-7
-4
3
5
5
5
2
2
-1
-1
-1
-1
2
4
0
0
-4
-3
-4
-6
-7
-1
-1
-2
-4
-6
-5
-3
-1
-2
1
-2
0
-2
1
-2
0
1
5
6
4
4
1
3
3
6
8
14
12
13
9
9
12
14
12
11
14
13
12
6
6
7
12
7
3
-4
-5
-6
-9
-8
-9
-1
2
-2
-9
-10
-9
-6
-10
-8
-1
9
9
-2
-5
-1
2
0
0
4
11
7
0
-10
-10
-6
-5
-3
-4
-2
-3
-9
-15
-19
-13
-5
-4
-8
-7
-1
-1
-5
-9
-5
3
5
4
1
-1
0
-3
-4
-4
1
3
0
-3
-8
-8
-6
-7
