1
1
0
-1
0
0
0
-1
-1
-1
-1
-1
0
1
2
1
-1
0
1
-1
-1
0
-1
0
0
0
1
0
1
0
-1
-1
-1
-2
-2
-2
0
0
0
0
-2
-1
0
2
0
0
0
-1
1
0
-1
-1
1
0
-1
0
0
1
0
0
-1
1
0
-2
-2
0
1
-1
0
1
2
0
1
0
0
-1
0
0
1
1
0
-2
-2
-2
-2
-2
0
0
-1
-1
-1
-1
0
1
1
-1
-1
0
0
1
0
1
0
-1
0
1
1
2
0
-1
-1
0
1
1
0
-1
0
1
0
-1
-1
0
0
0
0
0
1
1
1
0
-1
-1
0
1
0
1
0
0
1
0
0
1
0
0
-1
0
2
0
-1
0
-1
-1
0
1
0
-1
1
-1
0
1
-1
0
1
0
-1
2
0
-1
2
1
0
0
1
0
0
1
-1
-1
1
-2
-1
3
1
-2
1
0
-2
0
1
-2
0
1
-2
-1
1
-2
-2
0
0
-2
0
1
0
1
1
-1
-1
-1
-1
-2
0
1
0
0
1
-1
-1
1
-1
-2
0
1
-1
-1
0
0
3
2
0
-1
-1
-1
0
-2
-1
1
-1
-2
1
0
-1
-1
-1
-2
0
1
-2
1
2
-1
-2
3
2
0
1
-1
-2
2
1
-3
1
1
-3
-1
5
-2
-2
4
0
-2
3
0
-3
1
2
-2
0
2
-1
1
5
-1
-1
3
1
-3
0
0
-2
2
1
-1
1
2
-1
0
1
-2
-1
1
-1
2
1
-3
0
1
-4
-1
3
-1
-2
2
-2
-4
4
2
-2
4
3
-4
2
4
-3
0
4
-4
-2
4
-4
-4
6
-1
-4
4
0
-3
4
1
-5
3
2
-4
5
4
-5
1
4
-7
2
5
-5
2
9
-5
-2
10
-6
-7
11
-2
-10
11
2
-14
9
7
-15
4
15
-13
-3
17
-11
-10
18
-7
-16
18
2
-21
14
9
-22
7
17
-21
-1
21
-14
-13
22
-7
-20
21
3
-22
12
13
-18
5
15
-15
-2
14
-9
-4
12
-5
-5
9
-5
-6
9
-3
-6
8
-3
-9
11
0
-11
11
4
-16
8
10
-15
2
15
-13
-5
18
-9
-11
17
0
-16
14
10
-16
4
13
-14
-3
17
-9
-11
15
1
-13
8
9
-13
0
12
-8
-7
12
1
-9
4
4
-6
1
5
-4
-3
3
1
-1
-2
-2
3
-1
-6
3
5
-8
-2
13
-6
-11
17
3
-22
11
19
-25
-5
29
-16
-23
34
2
-40
24
28
-42
0
46
-31
-30
50
-5
-51
36
29
-55
8
53
-37
-26
55
-7
-52
37
28
-51
5
49
-32
-31
47
4
-50
24
36
-46
-10
54
-25
-43
51
12
-59
26
45
-58
-6
66
-40
-42
72
-8
-68
56
29
-82
25
64
-72
-14
83
-46
-51
83
-7
-77
63
32
-83
28
61
-70
-8
71
-44
-34
66
-18
-49
50
4
-51
35
16
-49
24
23
-45
18
30
-48
11
43
-52
-5
60
-46
-30
74
-25
-60
73
9
-84
53
54
-91
9
85
-67
-39
91
-19
-71
64
26
-74
19
48
-45
-14
40
-10
-23
15
8
-6
-5
-4
19
-5
-35
27
26
-52
3
58
-40
-41
70
1
-78
51
47
-82
9
81
-57
-41
84
-8
-73
51
42
-76
7
67
-45
-34
62
-3
-52
31
33
-43
-9
42
-12
-31
23
25
-34
-14
41
-5
-46
32
34
-49
-12
65
-23
-56
57
26
-72
11
70
-56
-32
70
-12
-54
40
25
-47
4
39
-30
-9
30
-24
3
21
-22
3
27
-24
-17
39
-7
-46
42
19
-56
26
31
-35
-9
36
-11
-26
27
3
-28
18
3
-17
7
5
-12
2
16
-22
6
12
-12
-6
9
9
-12
-4
22
-20
1
6
-5
18
-28
18
10
-16
2
2
14
-17
-20
41
-9
-40
34
11
-16
-33
59
-4
-53
36
24
-26
-22
35
13
-32
-18
57
-23
-18
-1
35
7
-84
57
48
-77
-26
104
-20
-108
78
73
-114
-21
120
-34
-110
85
73
-136
16
105
-74
-31
41
32
-61
0
58
-48
6
18
-28
24
8
-47
36
21
-32
-29
62
13
-101
50
84
-101
-29
104
0
-116
41
121
-108
-76
141
25
-178
70
131
-104
-115
180
28
-196
62
165
-134
-102
184
6
-143
3
199
-142
-95
165
4
-125
16
127
-61
-105
114
48
-131
44
37
12
-76
12
69
-37
-42
6
94
-57
-108
130
83
-228
59
201
-140
-167
255
57
-313
125
255
-248
-138
329
-53
-267
132
219
-255
-82
266
-25
-225
82
218
-190
-123
222
58
-273
79
244
-184
-172
268
54
-324
137
234
-265
-90
308
-73
-248
193
162
-287
30
273
-189
-141
242
18
-253
117
167
-222
-61
262
-112
-166
144
146
-245
-39
361
-258
-167
384
-100
-268
260
115
-238
-67
395
-250
-262
463
-120
-349
275
207
-438
103
367
-339
-135
407
-109
-334
298
162
-423
149
303
-327
-94
367
-90
-335
308
125
-391
137
297
-360
16
237
-38
-224
137
175
-339
153
89
-127
-3
-18
123
-99
-79
202
-127
-16
80
7
3
-168
256
-70
-207
261
-10
-210
168
140
-302
80
223
-279
-11
227
-166
-57
125
24
-115
13
129
-134
-32
139
-93
-30
67
-15
7
-24
-7
116
-84
-57
139
-26
-149
183
28
-249
138
196
-317
72
258
-340
10
260
-174
-154
244
-96
-81
97
65
-115
29
30
20
72
-148
46
88
-8
-268
396
-80
-351
374
71
-401
255
57
-203
59
58
7
-153
257
-224
19
301
-402
35
398
-428
-14
384
-240
-133
183
135
-362
214
204
-417
289
20
-116
-7
218
-320
33
365
-382
-47
467
-402
-127
463
-260
-108
15
312
-368
-3
431
-331
-144
351
-55
-211
93
228
-304
-31
444
-447
167
92
-155
92
5
-70
129
-196
107
134
-225
112
175
-307
60
346
-448
34
290
-174
-270
442
3
-451
196
427
-587
-17
687
-581
-169
607
-35
-689
624
142
-768
499
315
-642
144
472
-487
-103
513
-258
-303
383
146
-578
355
339
-718
317
271
-460
37
393
-341
-59
250
-4
-253
113
358
-634
242
326
-397
-173
585
-280
-439
777
-315
-344
435
-115
-220
115
37
16
-204
293
-35
-183
199
23
-155
89
167
-220
40
271
-239
-74
335
-402
161
40
-147
144
-37
-143
286
-208
-125
439
-566
372
-4
-313
396
-177
-149
449
-428
151
169
-292
289
-223
139
-37
-5
58
131
-267
260
178
-479
397
178
-593
406
245
-652
496
-33
-205
112
48
43
-150
-3
221
-321
15
345
-478
162
297
-405
152
330
-535
304
111
-349
247
-93
-22
-97
-18
249
-349
89
392
-601
208
361
-576
98
234
-251
-205
454
-153
-282
324
18
-358
196
249
-582
378
4
-264
159
54
-179
24
183
-204
139
-1
-30
-175
289
-226
-129
582
-588
172
431
-460
54
386
-232
-283
547
-11
-597
737
-16
-723
736
-81
-491
429
-19
-109
-121
302
-11
-575
734
-283
-568
1009
-716
-117
787
-873
393
211
-527
493
-202
-96
390
-489
420
-159
-161
542
-652
406
261
-730
782
-254
-392
793
-637
110
398
-457
107
233
-151
-122
156
274
-578
197
441
-622
38
514
-439
-146
464
-41
-580
618
44
-788
839
-201
-487
403
156
-687
423
237
-615
314
231
-497
213
103
-260
-42
27
308
-656
449
313
-930
743
9
-623
613
-309
215
-305
141
427
-945
817
-47
-709
910
-335
-312
590
-423
165
-155
214
-9
-254
466
-316
187
-83
112
-57
-62
191
-75
-123
438
-473
183
344
-719
627
-224
-104
153
-69
38
-71
-23
39
-53
3
-103
164
-90
-174
264
-134
-117
172
-126
80
-23
-167
397
-374
48
277
-288
105
-15
85
6
-282
381
-5
-516
521
104
-595
311
465
-775
273
392
-380
-112
345
37
-451
347
212
-569
403
55
-281
222
-97
167
-306
218
208
-594
476
104
-597
602
-320
140
-67
-120
352
-344
61
71
78
-279
141
116
-141
-130
299
-172
-49
89
34
-77
-66
243
-239
72
-9
200
-450
345
165
-624
575
-31
-564
766
-478
-99
570
-716
534
-175
-262
708
-872
393
566
-1131
744
152
-547
250
99
103
-460
285
388
-722
383
166
-274
45
22
274
-476
210
283
-487
366
-291
294
-88
-466
886
-722
51
498
-641
566
-469
158
436
-1039
1073
-389
-614
1125
-766
-132
772
-701
75
401
-452
122
241
-527
513
-107
-535
857
-546
-172
636
-469
-37
303
-236
135
-123
-44
467
-687
257
639
-999
388
619
-962
523
163
-505
637
-603
413
128
-579
637
-228
-132
212
-126
91
-19
-244
614
-621
21
754
-858
58
913
-1025
126
969
-1344
900
-217
-202
387
-551
646
-386
-314
900
-799
27
654
-668
324
-228
434
-430
-1
336
-232
-135
160
23
-59
-165
168
190
-618
451
132
-541
157
624
-1061
544
324
-684
232
295
-231
-169
199
302
-673
326
431
-1006
1025
-641
46
519
-708
456
21
-193
128
-69
202
-321
197
165
-516
802
-732
341
303
-710
682
-367
135
87
-354
621
-477
-160
876
-1040
432
388
-580
90
360
-29
-640
697
82
-679
352
473
-733
214
277
-186
-212
302
-32
-210
131
141
-360
243
46
-252
135
39
43
-368
373
84
-690
709
-124
-579
897
-749
445
-200
-60
356
-672
613
-173
-425
680
-520
231
103
-425
802
-822
342
334
-720
638
-412
214
103
-561
874
-535
-294
1031
-847
7
657
-496
-87
174
300
-568
21
737
-612
-327
957
-381
-742
1208
-619
-171
346
-106
110
-406
330
309
-785
464
336
-609
200
98
123
-428
44
611
-765
226
289
-271
24
-148
504
-668
191
576
-965
594
175
-512
117
244
146
-963
951
171
-1282
1116
146
-1155
1148
-426
-125
267
-213
337
-613
643
-207
-411
605
-204
-184
213
65
16
-279
290
34
-227
-36
290
-202
-44
90
158
-272
140
103
-267
309
-224
-6
222
-230
109
-20
-72
262
-372
212
229
-358
-92
635
-649
-118
836
-923
353
288
-462
289
-115
45
-34
-264
622
-783
279
655
-1280
980
117
-951
691
207
-667
32
777
-589
-580
1529
-1011
-520
1552
-1080
-186
849
-362
-406
350
417
-767
165
873
-1171
410
655
-1193
951
-157
-717
1148
-670
-427
983
-485
-333
485
14
-71
-557
831
64
-1245
1386
-424
-568
729
-248
-117
205
-12
-244
408
-184
-484
714
-77
-921
1257
-640
-148
484
-476
591
-871
563
333
-1182
1085
-59
-939
1034
-241
-558
556
-18
-345
49
530
-684
234
572
-1011
704
-57
-533
829
-784
302
653
-1239
683
567
-1205
624
416
-671
170
53
376
-701
247
706
-1028
241
647
-763
103
669
-799
345
185
-390
125
60
132
-337
243
200
-503
368
-13
-271
567
-909
842
-152
-785
1328
-908
-41
629
-492
98
-235
493
-35
-1064
1759
-974
-950
2240
-1628
-211
1360
-1020
65
258
284
-765
430
432
-835
401
131
-152
-313
617
-336
-266
693
-371
-381
930
-893
3
1149
-1759
1208
184
-1028
691
170
-320
-468
974
-415
-613
716
264
-996
693
347
-779
161
310
25
-899
1342
-692
-483
1329
-1171
208
615
-702
195
258
-284
162
-179
267
-80
-262
416
-240
-238
548
-289
-241
587
-610
389
32
-648
983
-599
-123
576
-498
281
-383
447
297
-1505
1603
102
-2179
2578
-957
-1084
1813
-978
-210
472
-5
-230
-168
562
-101
-874
1306
-468
-844
1179
-347
-648
509
569
-1123
441
889
-1350
352
887
-1111
231
542
-468
178
-316
706
-408
-492
793
-211
-493
210
686
-750
-139
889
-383
-866
1255
-398
-722
935
-265
-321
297
39
-110
-196
363
-51
-569
740
-53
-806
767
254
-1181
985
60
-775
542
248
-523
-71
689
-653
-7
613
-637
211
159
-89
-13
-264
562
-333
-284
596
-297
-186
450
-406
327
-175
-311
782
-634
-264
969
-666
-392
1067
-665
-266
827
-630
179
-26
120
48
-492
938
-853
106
959
-1481
880
448
-1456
1124
131
-1006
608
408
-707
2
671
-402
-537
1042
-416
-714
1182
-531
-402
628
-50
-411
133
337
-44
-966
1434
-461
-1258
1991
-1045
-511
1198
-678
-119
498
-607
661
-590
3
778
-940
346
239
-134
-270
231
329
-623
173
407
-325
-198
334
161
-398
-244
1081
-992
-98
972
-777
80
-5
494
-581
-147
888
-741
16
338
-129
65
-524
757
-34
-985
899
478
-1613
1076
567
-1378
526
692
-687
-446
1128
-495
-458
466
392
-783
-25
1116
-1055
-217
1200
-615
-1023
1788
-657
-1328
2124
-1031
-572
960
-73
-631
382
193
-34
-525
455
402
-919
343
405
-129
-987
1442
-585
-578
638
214
-638
1
896
-914
133
421
-75
-505
506
167
-638
304
481
-760
93
848
-1131
520
234
-452
157
-96
469
-745
414
212
-533
429
-267
258
43
-891
1509
-902
-679
1779
-1260
-229
1028
-511
-304
264
392
-531
-375
1487
-1486
71
1484
-1677
253
1400
-1706
402
1077
-1337
571
41
172
-530
160
810
-1167
417
637
-888
298
316
-388
236
-272
337
-65
-466
727
-379
-523
1316
-1385
408
1105
-2062
1606
-135
-966
1046
-582
198
75
-518
1028
-880
-234
1324
-1258
223
740
-990
636
-232
49
245
-664
722
-240
-109
59
87
71
-309
40
796
-1089
-75
1657
-1728
-142
2048
-1927
-218
1971
-1484
-354
1261
-270
-1390
1706
-173
-1331
1023
457
-1042
-68
1615
-1565
-344
1862
-978
-1309
2448
-1437
-582
1728
-1136
21
100
394
-382
-126
409
-158
-436
685
-270
-33
-266
276
431
-1106
1129
-566
-244
616
-395
352
-666
554
274
-1137
1464
-802
-417
957
-457
-7
-67
273
-280
1
394
-370
-83
394
-706
1216
-1269
419
680
-1385
1230
-406
-73
-355
681
-294
-189
327
-183
-163
325
-123
-20
-55
-110
533
-901
1179
-1084
357
462
-776
650
-348
130
-330
581
-73
-954
1254
-78
-1837
2819
-1594
-1074
2794
-1966
-159
1381
-911
-147
566
-262
391
-1488
2170
-1038
-1186
2597
-2270
581
886
-752
-386
673
74
-738
503
670
-1794
1228
870
-2366
2120
-633
-1003
1481
-433
-674
756
-349
148
-119
188
70
-955
1445
-813
-88
344
-209
-31
73
291
-739
703
-331
-58
450
-610
311
183
-359
121
501
-891
462
602
-1042
490
121
-18
-407
368
388
-1090
610
780
-1374
305
1185
-1568
499
912
-1253
273
444
-101
-228
-232
584
43
-1233
1617
-303
-1615
2033
-635
-806
1114
-501
-117
319
-390
870
-1165
379
1084
-1656
718
586
-902
126
376
83
-544
-18
956
-888
-293
1207
-740
-582
1286
-939
261
129
-406
949
-1582
1377
-11
-1541
1973
-875
-752
1658
-1211
-32
800
-642
278
-406
1053
-1347
377
1369
-2311
1536
178
-1198
808
-62
-6
-223
-273
1279
-1391
-146
1990
-2188
582
935
-1120
521
-48
-81
223
-721
958
26
-1326
1407
-275
-652
685
-218
164
-654
586
432
-993
223
610
-407
-375
755
-247
-382
28
738
-420
-752
1197
-217
-1195
1486
-176
-1363
1436
-394
-330
444
-217
102
-446
643
-187
-402
461
-170
-271
585
-209
-613
902
-534
-5
514
-490
-190
627
-380
16
163
-260
70
88
248
-630
390
91
-441
670
-223
-742
1014
-204
-929
1459
-655
-941
1413
-97
-1331
1234
151
-1443
1359
69
-1113
576
380
-444
-187
743
-394
-751
1220
-321
-938
1229
-141
-1388
1683
-293
-1261
1391
-204
-982
1010
94
-910
661
-110
-147
172
10
-26
-261
100
506
-623
252
127
-496
544
62
-466
153
279
-672
863
-272
-733
894
-284
-389
953
-908
50
776
-964
755
-132
-630
830
-510
311
19
-758
1239
-1041
161
1154
-1917
1135
562
-1543
1094
33
-797
855
-319
-126
158
-195
406
-378
18
249
-267
-9
465
-658
200
387
-631
794
-619
-244
1212
-1384
651
593
-1584
1392
-203
-865
1142
-749
-9
380
-166
161
-513
535
164
-784
344
849
-1453
473
1188
-1578
262
1314
-1582
326
1111
-1470
956
-279
-146
284
-403
479
-157
-363
229
312
-339
145
-383
507
-205
-192
534
-382
-337
596
209
-831
585
-184
-58
-3
664
-621
-950
1992
-1038
-630
1409
-961
-356
1141
-443
-333
49
320
-162
-179
676
-839
51
601
62
-856
541
315
-1075
1237
-274
-943
1032
-270
-363
826
-894
46
647
-193
-428
422
40
-833
1126
-103
-866
352
201
50
57
-324
204
-322
143
904
-1301
428
233
-503
636
193
-983
417
191
-117
416
-401
-624
781
422
-955
596
-38
-629
282
1212
-1552
56
1198
-1369
793
664
-1603
557
674
-566
305
-325
226
-503
726
191
-1105
575
476
-1004
725
634
-1595
406
1222
-870
-673
1521
-691
-1155
1454
594
-1877
466
1498
-1487
-299
1438
-213
-1682
1360
552
-1492
856
730
-1710
667
855
-913
264
67
-30
-396
504
186
-380
-387
636
-349
283
246
-987
727
116
-708
998
-652
-510
1434
-1147
26
977
-953
-133
900
-298
-779
870
-52
-494
511
-186
-471
558
195
-385
-364
659
-180
-511
1133
-952
-158
714
-483
416
-104
-544
579
-351
427
-79
-551
482
-106
7
111
-108
-77
-61
7
548
-649
78
526
-627
145
515
-705
214
258
-207
-67
142
113
-415
379
-188
-91
392
-342
188
-63
-53
67
-205
481
-471
-83
682
-694
142
519
-738
228
315
-189
-236
370
-10
-360
160
328
-558
257
399
-648
160
359
-316
-121
619
-724
269
110
-1
143
-478
338
17
-451
885
-599
-337
850
-884
689
23
-742
527
181
-591
594
48
-593
209
427
-383
-247
678
-421
-178
376
73
-581
317
465
-813
260
494
-581
84
497
-584
47
224
43
-99
-11
98
-187
101
137
-118
-74
169
-335
436
-236
-70
333
-506
264
248
-469
275
126
-370
119
213
-16
-497
730
-470
-232
711
-453
-20
145
96
-225
-1
368
-410
21
373
-367
-8
248
-155
-115
136
-7
-224
131
380
-394
-70
266
-71
-45
82
142
-320
-66
424
-59
-360
209
14
-292
314
261
-586
153
288
-413
269
294
-633
97
590
-656
210
516
-744
30
601
-348
-181
443
-38
-604
422
490
-924
338
467
-765
118
596
-400
-282
512
-199
-249
388
242
-460
43
217
-141
-76
332
-213
-350
380
-180
210
-136
-184
199
-163
218
193
-403
136
110
-211
304
52
-371
-16
412
-365
61
280
-402
16
218
104
-246
-34
240
-290
140
334
-452
-27
396
-346
106
179
-269
-66
198
166
-236
-96
196
-103
-53
135
3
-173
-84
240
62
-345
96
250
-404
163
316
-404
9
251
-140
-113
222
-72
-202
248
12
-174
140
28
-97
2
105
44
-230
233
-106
-79
156
-193
88
-32
38
-143
72
88
-205
258
5
-228
290
13
-182
91
-45
58
-136
232
-5
-481
512
-191
-77
199
-192
107
-39
128
69
-314
258
3
-302
352
-92
-247
104
56
-57
-108
63
206
-295
31
393
-212
-299
455
90
-552
434
251
-509
125
327
-178
-490
615
84
-773
673
220
-932
583
298
-618
107
375
-156
-485
581
72
-750
576
198
-714
461
75
-394
260
61
-140
29
120
-72
-82
201
-67
-187
328
-89
-167
228
-53
-96
-59
198
-131
-93
245
-105
-129
125
82
-105
-32
214
-48
-236
331
-25
-267
242
-30
-216
172
47
-166
70
51
-250
80
231
-332
34
392
-418
-31
490
-288
-251
492
-88
-402
423
168
-526
287
262
-494
163
275
-301
-82
336
-212
-144
336
-145
-165
267
-56
-240
323
-41
-309
404
-96
-180
229
51
-156
-66
343
-306
-81
396
-234
-285
506
-240
-262
365
-92
-314
82
332
-405
-132
526
-425
-341
559
-129
-486
325
212
-565
175
362
-317
-141
383
-55
-300
366
32
-266
191
128
-120
110
97
-123
53
26
16
27
40
10
-56
38
36
-76
45
-5
-58
34
-51
36
-89
5
34
-7
-17
35
-20
-81
140
44
-66
168
25
-86
119
62
-1
-62
175
37
-94
169
59
-188
87
143
-116
109
143
-25
-29
165
14
-85
167
23
-79
68
168
-150
-69
228
-291
-17
219
-152
-85
119
-70
-221
131
27
-240
96
155
-247
97
255
-306
67
256
-286
61
305
-157
-112
375
-115
-294
358
73
-403
263
349
-478
110
487
-478
-36
425
-201
-176
337
88
-357
265
129
-307
105
215
-152
-50
296
-251
-18
154
-211
-25
83
-159
-54
135
-207
-178
100
-242
-190
95
-82
-274
-45
83
-391
-108
176
-437
-128
249
-317
-101
153
-242
-164
72
-48
-102
-30
167
-204
-52
305
-335
16
285
-224
54
251
-119
-104
179
-30
-121
85
186
-188
-53
349
-326
-38
308
-125
-12
238
98
-165
134
149
-143
106
140
34
27
118
4
-11
90
-64
194
57
-104
192
95
-203
92
285
-318
105
394
-255
35
284
17
-207
287
225
-335
239
364
-356
62
418
-353
-4
380
-264
-24
105
44
-125
-88
230
-226
-193
294
-149
-232
227
-59
-152
-23
11
31
-341
140
218
-521
137
261
-454
-42
266
-228
-260
209
68
-391
1
219
-457
-203
330
-342
-255
252
-199
-271
79
-56
-235
-23
108
-160
-76
121
-105
-65
55
-18
34
81
127
41
92
59
-5
66
70
160
116
72
120
132
2
102
199
-24
179
285
96
208
163
147
110
239
362
180
268
412
154
218
356
223
199
383
344
282
316
227
157
122
237
154
90
159
76
66
18
-114
-138
-129
-193
-87
3
-244
-236
-171
-364
-353
-149
-306
-389
-187
-286
-447
-318
-243
-491
-394
-203
-377
-305
-114
-395
-428
-219
-335
-243
-96
-150
-248
-231
-193
-337
-219
-126
-240
-84
-161
-295
-149
-184
-234
-120
-83
-47
19
30
8
-59
-89
71
91
150
215
-6
77
115
-65
52
25
79
185
36
236
179
2
289
218
144
410
320
226
263
314
419
338
483
688
571
562
508
500
613
720
704
688
898
858
728
786
820
922
978
1131
1165
907
894
963
880
969
1036
921
983
944
719
573
439
380
276
192
170
-125
-286
-430
-816
-960
-1070
-1290
-1408
-1584
-1781
-1976
-2162
-2278
-2424
-2533
-2519
-2578
-2595
-2539
-2661
-2652
-2441
-2405
-2297
-2013
-1946
-1828
-1566
-1486
-1313
-1021
-885
-700
-430
-294
-314
-123
96
1
152
294
173
316
335
110
144
230
101
82
166
173
175
171
107
24
142
256
371
643
714
849
950
899
1257
1461
1555
1768
1839
2039
2207
2413
2600
2636
2648
2688
2890
3023
3178
3378
3319
3417
3486
3452
3497
3325
3361
3551
3676
3670
3327
2905
2981
3173
3191
2682
731
-1353
-1623
431
1959
588
-1759
-3400
-3803
-3611
-4206
-4578
-4332
-4170
-4233
-4316
-4017
-4604
-5433
-5387
-4472
-2657
-1330
-1030
-1486
-2308
-2189
-1028
322
1488
1856
1645
1243
934
1072
1317
1399
1148
706
766
735
54
-777
-1878
-2803
-2919
-2579
-2575
-3194
-3906
-4402
-4606
-4608
-4561
-4391
-4152
-3982
-3743
-3182
-2606
-2437
-2182
-1322
-467
-14
392
892
1469
1907
2114
2540
3042
3303
3368
3440
3639
3569
3356
3272
3066
3009
2766
2382
2113
1644
1296
1193
938
394
64
82
149
75
-25
-42
14
169
576
1165
1583
1818
2285
2970
3394
3611
3740
4347
5071
5485
5609
5778
6231
6125
4900
2583
1223
2000
4114
5058
2762
-591
-2449
-2718
-2804
-3551
-3955
-3861
-4253
-4763
-5593
-6212
-6779
-7422
-6970
-5526
-3930
-3265
-3844
-4565
-4432
-3558
-1820
-288
536
958
971
854
1101
1711
2412
2749
2720
2569
2246
2161
2031
1357
476
173
33
-466
-1263
-2094
-2496
-2924
-3350
-3777
-4322
-4732
-5002
-5090
-4713
-4334
-4241
-4200
-4001
-3402
-2900
-2394
-1777
-1148
-552
52
529
1045
1525
1918
2467
3009
3453
3616
3554
3465
3519
3615
3698
3479
2932
2256
1789
1577
1328
879
256
83
-14
-260
-667
-981
-925
-743
-377
114
405
469
917
1938
3025
3483
3621
4188
5010
5572
5876
6226
6830
7274
6720
4493
2147
2473
4966
6735
4976
1433
-723
-1193
-1279
-2253
-3326
-3388
-3453
-4013
-4934
-6165
-7193
-8040
-7779
-6213
-4705
-4001
-4371
-5483
-5765
-4696
-2526
-501
247
475
588
652
1081
1933
3208
3938
3827
3660
3646
3739
3513
3126
2585
1918
1680
1521
991
-115
-1238
-1481
-1642
-2318
-3300
-4438
-4963
-5051
-4885
-4699
-5127
-5362
-5266
-5058
-4497
-4104
-3740
-3162
-2542
-1677
-1270
-1118
-453
258
1052
1945
2377
2428
2429
2770
3243
3272
3252
3116
2859
2858
2721
2252
1325
505
239
118
129
-185
-1000
-1614
-1785
-1649
-1578
-1523
-1332
-1127
-833
-249
645
1403
1993
2340
2996
3888
4241
4729
5477
6399
6992
7209
7767
6765
3498
1308
3088
7647
8566
4250
-93
-1430
-368
-196
-1723
-2433
-2521
-2941
-3802
-5231
-6240
-6948
-7156
-6204
-4669
-3443
-3325
-4332
-5668
-5550
-2872
170
1372
983
417
922
1863
2509
3519
4639
4800
4158
3597
3830
4361
4039
3359
2666
1716
833
-66
-635
-901
-1239
-2020
-3536
-5083
-5985
-6129
-5749
-5594
-6160
-6679
-6822
-6674
-6318
-5895
-5365
-4785
-3715
-2625
-2347
-2460
-2392
-1464
177
1612
2454
2389
1969
1986
2581
3385
3620
3401
3259
3039
2844
2557
1979
1267
330
-88
199
98
-567
-1499
-2097
-1800
-1593
-1867
-1892
-1520
-938
-395
-75
367
1430
2318
2984
3715
3992
4745
5704
6594
7404
7646
7941
8453
8705
6462
3050
2531
6081
10257
8248
2087
-1719
-1298
1151
552
-1871
-3047
-3122
-2813
-4344
-6389
-7049
-7070
-6303
-5203
-4451
-3906
-4266
-5523
-6003
-4421
-1073
1425
1063
-331
-335
1112
2525
3310
4065
4598
4381
3458
2982
3736
4550
4261
2842
1460
1211
987
-359
-1950
-2339
-1620
-2019
-4370
-6474
-6786
-6117
-5719
-6051
-6697
-7350
-7742
-6943
-5585
-4931
-5016
-5062
-4036
-2650
-1840
-1942
-1912
-432
1188
2273
2724
2409
2034
2295
3600
4675
4439
3413
2925
3172
3226
2826
1765
842
372
166
123
-227
-966
-2100
-2439
-2042
-1874
-2015
-2242
-1658
-816
-651
-424
443
1351
1982
2637
3396
4512
5273
5539
6234
7139
7884
8437
7894
5345
3099
3858
7963
10072
6397
1109
-1078
845
2357
703
-1384
-2514
-2545
-2843
-4309
-5375
-6142
-6356
-5678
-4982
-4446
-4490
-5382
-6095
-5630
-3333
-650
150
-897
-1982
-1041
1272
2861
3313
3255
3269
3319
3362
3826
4458
4730
4386
3437
2325
1768
1336
229
-682
-605
-301
-1707
-4400
-5721
-5223
-4500
-4859
-5811
-6407
-6832
-6837
-6218
-5373
-4943
-4959
-4839
-4148
-3204
-2756
-2386
-1676
-398
842
1165
1229
1425
1921
2703
3530
3626
2906
2570
2810
3080
2604
1623
943
633
372
-62
-407
-773
-1233
-1956
-2477
-1987
-1423
-1348
-1410
-1307
-576
361
947
1480
1991
2494
3543
4530
5214
5668
5978
6616
7406
7996
5823
2630
2270
6036
9861
7540
1686
-1472
88
2651
1525
-1325
-2623
-2375
-2058
-3263
-4715
-5442
-5749
-5421
-4592
-3932
-3619
-4240
-5279
-5239
-3532
-641
1093
113
-1428
-1071
1245
3368
3815
3671
3727
3819
3708
3784
4614
5513
5338
4100
2742
2428
2212
863
-359
-195
606
-155
-3054
-5143
-4939
-4268
-4202
-4814
-5599
-6429
-7142
-6530
-5041
-4621
-5110
-5318
-4781
-3922
-3459
-3018
-2292
-1342
-397
51
574
1038
1068
1437
2403
3164
2896
2219
2284
2530
2217
1722
1397
1173
560
-287
-427
-285
-681
-1547
-2168
-1775
-1165
-1273
-1600
-1518
-783
115
635
1136
1434
1691
2426
3341
4356
4848
4916
5226
5650
6328
4862
2272
1618
4288
7617
6432
1878
-1413
-699
1747
1434
-918
-2525
-2694
-2174
-2762
-3925
-4469
-4681
-4575
-4137
-3689
-2910
-2855
-3695
-4114
-3011
-312
1719
1130
-381
-270
1699
3547
3879
3788
4040
4240
3827
3283
3936
5024
5032
3827
2232
1936
2087
1117
-495
-1178
-546
39
-1405
-3871
-4802
-4664
-4217
-4033
-4391
-5126
-6453
-6179
-4186
-3310
-3940
-5057
-4830
-3219
-1993
-1887
-2200
-1670
-127
632
502
764
1295
1792
2081
2333
2640
2347
1886
1577
1620
1922
1681
780
-290
-741
-411
-287
-1003
-1539
-1810
-1602
-1220
-1424
-1599
-1229
-202
543
630
958
1447
1889
2175
3214
4593
5216
4971
4654
4304
2380
903
2432
6694
8589
3926
-1931
-2657
1069
3428
867
-2442
-2969
-1866
-1748
-3488
-4774
-4432
-4016
-3748
-3665
-3744
-3340
-3760
-4399
-3544
-1261
1067
1066
-1032
-1659
488
3254
4219
3422
3033
3614
3686
3336
3813
5276
5932
4384
2461
1930
2664
2623
654
-470
266
882
-311
-3021
-3877
-2911
-2933
-3642
-4316
-4677
-4707
-4940
-4396
-3349
-3329
-3905
-4272
-3199
-1574
-1539
-1808
-1085
356
1145
755
853
1712
2333
2658
3005
3325
2832
1732
1597
2330
2792
2305
834
-150
-169
-173
-437
-942
-1510
-1790
-1778
-1616
-1716
-2177
-1692
-652
-20
-165
-506
333
1307
2002
2571
3113
3817
4123
4025
2035
-188
546
4375
8046
5702
-254
-3121
-1083
2412
2063
-978
-2652
-2322
-1691
-2843
-4556
-4570
-3873
-3692
-4004
-4465
-3852
-3336
-4352
-5016
-3748
-788
892
-665
-2573
-1750
1042
2888
2606
2109
2701
3166
2832
2644
3927
5678
5249
3097
1536
2268
3851
3076
824
-369
278
1150
-34
-1996
-2377
-2143
-2411
-2964
-3355
-3240
-3705
-4154
-3278
-2296
-2188
-2921
-3081
-1776
-564
-378
-709
-300
1246
2280
2186
2159
2479
3074
3807
4115
3911
3176
2694
3104
3559
3396
2349
1065
593
660
787
422
-520
-1558
-2180
-1955
-1404
-1076
-1348
-1678
-1587
-1542
-1320
-770
373
1082
994
1193
1712
2456
1250
-1334
-1659
1612
6153
5744
226
-3863
-2854
1116
2273
-266
-2198
-2286
-2008
-2613
-4012
-4015
-3139
-3231
-3546
-3857
-3562
-3320
-4196
-4503
-3372
-1149
438
-530
-2523
-2579
-234
2454
2800
1256
804
1703
2728
2785
2524
3441
3842
2856
1634
1345
2133
2023
899
511
656
241
-806
-1524
-1069
-869
-1602
-2075
-2305
-2213
-2279
-2352
-1497
-764
-845
-1423
-1476
-434
435
649
1064
1796
2464
2758
2661
2975
3619
4151
4466
4259
3962
3654
3567
3786
3534
2849
2185
1836
1732
1379
626
-128
-667
-1092
-1243
-921
-567
-836
-1715
-2418
-2090
-1334
-549
-93
-409
-300
258
1145
382
-3080
-4424
-924
5059
6314
76
-5578
-5080
-249
2418
-80
-2604
-2748
-2075
-2377
-3949
-3967
-2742
-2707
-3473
-4078
-3222
-2130
-3296
-4926
-4685
-1877
933
68
-2816
-3909
-1789
1287
1843
599
119
665
1064
644
955
2827
3569
1910
-238
-192
1992
2476
673
-720
-229
822
204
-1072
-1293
-939
-872
-1066
-1115
-1137
-1528
-1758
-971
172
579
-74
-560
173
1139
1757
2049
2558
3086
3044
3151
3735
4537
4731
4480
4668
4981
4902
4313
4025
4038
4117
4005
3436
2958
2388
1929
1595
1302
999
526
483
735
540
-379
-1026
-880
-319
-48
-384
-237
-400
-403
-745
-2452
-3649
-3676
-718
2141
547
-3497
-6455
-4966
-1852
-1576
-3118
-4532
-4292
-3773
-4669
-5283
-4645
-3646
-3452
-4196
-4222
-2905
-2319
-2859
-3581
-2937
-649
587
-160
-1603
-1850
-112
1314
1245
561
162
305
164
90
652
1432
1187
-475
-2044
-1696
-161
378
-754
-2001
-2092
-1599
-1575
-1626
-1400
-1357
-1714
-1813
-1163
-366
29
22
394
1018
1436
1612
2064
3229
4047
4077
4058
4528
5483
5664
5332
5512
6117
6421
5902
5121
4950
5272
5402
4948
4073
3646
3423
2895
2208
1653
1740
2186
2255
1689
680
-84
73
840
1363
1381
753
465
591
684
-80
-2629
-3880
-1791
2242
3248
-1537
-6393
-6417
-2801
-709
-2883
-5188
-5163
-4656
-5359
-6856
-6461
-4721
-4547
-5849
-6479
-5183
-3474
-3758
-4895
-4621
-2514
-450
-522
-1951
-2406
-959
890
1342
775
503
477
196
-414
-3
1344
1718
249
-2003
-2597
-1463
-720
-946
-1911
-2294
-2541
-3191
-3109
-2325
-1602
-2007
-3055
-3087
-1991
-896
-550
-581
-228
370
684
1145
2267
3423
3850
3632
4026
5149
5960
5933
5806
6231
6733
6806
6446
6117
6035
5917
5684
5317
4988
4487
3901
3285
2631
2382
2482
2830
2740
1685
624
423
1222
2015
1776
1103
833
1111
1596
1137
-1228
-3240
-2333
1787
4537
1225
-4154
-5926
-3139
-144
-1295
-3499
-4035
-3921
-4595
-6271
-6276
-4575
-4047
-5223
-6469
-6109
-4555
-4156
-4829
-4972
-3993
-2159
-1305
-2119
-2925
-2360
-553
616
366
-65
199
202
-651
-1130
-167
1657
1478
-746
-2799
-3250
-1593
-429
-649
-1660
-3231
-3827
-3542
-2547
-1274
-1588
-2980
-3995
-3546
-1724
-616
-774
-1174
-1240
-512
581
1490
2098
2164
2374
3400
4581
5161
4934
4561
5125
6020
6636
6763
6252
5774
5413
5430
5994
6091
5515
4509
3784
3608
3618
3901
4052
3390
2150
1494
1928
2745
2613
1758
1636
2094
2442
1115
-2046
-3436
-1220
3602
5302
680
-4537
-5496
-2154
672
-385
-2076
-2803
-3392
-4348
-5322
-4288
-2378
-2599
-4556
-5878
-4956
-2839
-2454
-3776
-4435
-3084
-766
-368
-2188
-3159
-1805
335
931
-111
-407
0
-813
-2198
-2029
431
2010
-246
-4045
-5499
-3434
-854
-843
-2682
-4321
-4871
-4581
-3826
-2864
-2263
-3025
-4414
-4674
-3567
-1966
-1526
-2020
-1974
-1302
-336
213
325
612
1151
2148
3263
3719
3416
2974
3215
4235
5197
5544
5108
4381
4105
4466
5183
5412
4860
4082
3802
3864
3833
3959
4063
3781
2979
2411
2819
3376
3178
2635
2766
3228
3094
1179
-1597
-2210
234
4343
5094
806
-3515
-4413
-1707
613
205
-691
-1635
-2738
-3873
-4391
-2967
-1262
-1650
-3310
-4340
-3571
-1988
-1822
-2544
-2780
-1845
-116
267
-902
-1822
-1301
415
1455
975
357
-87
-867
-1522
-1440
83
1181
-378
-3217
-4948
-3883
-1717
-1362
-2368
-3541
-4404
-4570
-4177
-3173
-2211
-2541
-3303
-3558
-3245
-2331
-1829
-1458
-728
-202
117
43
197
977
1681
2296
2926
3271
3121
2730
2897
3731
4371
4484
4062
3447
3212
3327
3833
4149
3770
3275
2939
2799
2811
2928
3096
3091
2576
2070
2370
2687
2739
2528
2368
2720
1590
-914
-2463
-1354
2461
4265
1473
-2903
-5053
-3349
-1061
-958
-1510
-1881
-2632
-4133
-5620
-4726
-2232
-1457
-2725
-4383
-4170
-2528
-2293
-2907
-2738
-1311
312
70
-1125
-1246
-387
597
977
943
1397
1071
-555
-1651
-1200
834
1551
-581
-3003
-4033
-2859
-1149
-1051
-1970
-3129
-3679
-3398
-2819
-1777
-906
-1362
-2282
-2331
-1130
383
566
245
612
1493
2457
2675
2662
3022
3485
4008
4270
4356
4459
4332
4290
4575
4624
4350
3688
3004
3038
3162
3197
2884
2119
1725
1457
1512
1652
1472
1374
1130
1020
1065
1032
1200
1477
1614
1303
-417
-2959
-3411
-548
3390
3383
-1415
-5281
-5089
-2392
-1141
-2287
-2684
-2624
-3698
-5575
-6334
-4338
-2283
-2931
-4791
-5342
-4031
-2748
-3263
-4023
-3172
-1334
-123
-867
-2008
-1704
-581
467
692
829
1096
150
-1580
-2324
-706
1556
1266
-1547
-4105
-4043
-2126
-951
-1348
-2237
-2949
-3371
-3325
-2400
-660
165
-520
-1310
-857
875
2004
1970
2174
3195
4455
4955
4732
4925
5572
6084
6527
6798
6920
6679
6258
6275
6226
6055
5730
5197
4535
3550
2966
2979
3056
2591
1603
828
324
-37
-136
142
412
91
-798
-1290
-1091
-644
-264
-1334
-3388
-4427
-2926
527
1369
-1378
-4286
-4735
-2793
-1868
-2561
-2607
-2190
-2455
-3857
-4945
-3760
-2180
-2458
-3668
-4221
-3074
-1741
-2261
-3374
-3506
-2119
-468
-678
-1706
-1942
-1370
-702
-920
-974
-339
-429
-1661
-3153
-3128
-1625
-917
-1982
-3852
-4703
-4136
-3591
-3650
-3732
-3636
-3726
-4139
-4050
-2792
-1463
-1158
-1595
-1540
-181
1345
2093
2382
2904
3954
4809
5397
6196
6945
7206
7065
7285
8096
8746
8780
8464
7998
7508
7155
6978
7040
6687
5703
4739
4021
3757
3555
2971
2401
1823
1252
822
394
309
399
48
-472
-1307
-2822
-4162
-4174
-1831
679
-200
-3604
-6168
-5593
-3135
-1955
-2019
-2326
-3087
-4142
-5087
-4593
-2540
-1317
-1747
-2914
-3655
-3040
-2172
-1553
-951
-831
-657
-581
-994
-1202
-1050
-419
51
-529
-1170
-1478
-2305
-3499
-4203
-3438
-2230
-2910
-5021
-6834
-7330
-6427
-5580
-5386
-5706
-6603
-7188
-7059
-6043
-4339
-3573
-3906
-4026
-3156
-1477
-308
301
1381
2520
3353
4070
4981
6179
6769
6879
7515
8453
9284
9554
9268
9000
8670
8754
9334
9330
8374
6975
6354
6813
6997
6359
5411
4566
3865
3040
2740
3321
3472
2436
1012
166
-688
-2660
-3776
-1751
1490
1447
-2950
-6968
-6629
-3634
-1799
-2313
-3346
-3857
-4678
-5578
-5211
-3169
-1292
-1731
-3651
-4531
-3351
-1325
-473
-817
-900
-246
404
96
-404
286
1457
1641
617
-194
-138
-634
-2003
-2708
-2083
-1376
-2317
-4423
-6145
-6871
-6549
-5863
-5662
-6298
-7527
-8398
-8354
-7475
-6110
-5389
-5735
-6236
-5865
-4330
-2651
-1556
-764
-172
454
1351
2583
4123
5225
5676
5951
6391
7299
8353
8978
9008
8632
8538
9018
9342
9063
8402
7901
7888
7849
7485
6921
6143
5307
4631
4393
4601
4343
3192
1920
909
-409
-2009
-2360
-385
1369
-391
-4444
-6724
-5514
-3328
-2995
-3830
-4448
-5117
-6070
-6534
-5286
-3087
-2397
-3651
-5100
-4942
-2981
-1161
-723
-1163
-1528
-926
53
601
1047
1374
1519
1266
634
534
627
102
-522
-714
-402
-673
-2217
-3721
-4508
-4645
-4158
-3861
-4343
-5756
-7199
-7082
-5917
-4914
-4604
-5238
-5896
-5758
-4614
-2790
-1588
-1149
-787
-406
394
1592
2867
3869
4151
4578
5741
6733
6998
6761
6919
7796
8431
8570
8376
7895
7621
7719
8062
8107
7393
6719
6479
6077
5443
4988
5053
4982
3631
1250
-915
-1494
119
2116
1698
-1762
-5553
-6347
-4503
-3071
-3444
-4616
-5479
-6352
-7501
-7594
-5940
-4220
-4381
-6065
-6902
-5657
-3695
-2704
-2870
-3093
-2485
-1463
-679
-190
204
579
657
449
404
480
407
248
177
163
-253
-1113
-1965
-2719
-3181
-3097
-2834
-3116
-4190
-5130
-5128
-4738
-4463
-4294
-4223
-4293
-4416
-3975
-2797
-1708
-1117
-779
-268
594
1445
2233
3022
3679
4410
5232
5947
6432
6539
6604
6955
7504
8100
8278
7847
7344
7290
7703
7895
7508
7145
7011
6576
5685
5076
5382
5712
4589
2054
-119
-170
1653
3112
2072
-1173
-4086
-4698
-3463
-2329
-2436
-3368
-4590
-5929
-6860
-6677
-5332
-4186
-4604
-5951
-6648
-5966
-4595
-3808
-3711
-3695
-3460
-2939
-2375
-1776
-1136
-979
-1217
-1324
-1152
-798
-680
-767
-863
-1331
-1881
-2054
-2206
-2687
-3375
-3587
-3257
-3334
-3839
-4151
-4283
-4340
-4326
-3972
-3346
-3079
-3059
-2877
-2415
-1631
-799
-32
600
896
1203
1818
2668
3623
4345
4836
5197
5365
5564
5921
6378
6801
6967
6929
6796
6697
6721
6702
6716
6838
6825
6457
5714
5063
5092
5574
5487
4006
1926
1155
2277
3674
3237
1040
-960
-1675
-1541
-1369
-1239
-1064
-1615
-3183
-4681
-4878
-3826
-3000
-3265
-4015
-4451
-4377
-4245
-4147
-3634
-2954
-2695
-3014
-3381
-2989
-2107
-1610
-1782
-2352
-2566
-2176
-1616
-1263
-1590
-2427
-3061
-3179
-2924
-2918
-3320
-3705
-4074
-4340
-4227
-3913
-3879
-4432
-4844
-4327
-3463
-3006
-2955
-2867
-2514
-2200
-1722
-640
503
936
706
654
1420
2559
3436
3957
4271
4469
4489
4625
5201
5819
6076
5938
5709
5845
6067
5972
5825
5869
5976
5719
5087
4705
4807
5149
5000
3805
2409
1923
2579
3385
2949
1612
528
-57
-396
-758
-725
-253
-481
-1638
-2847
-3180
-2574
-2232
-2496
-2794
-2899
-2832
-3099
-3473
-3071
-2271
-1939
-2420
-3048
-2746
-2036
-1802
-1962
-2235
-2251
-2161
-2040
-1663
-1665
-2245
-2777
-2876
-2603
-2615
-2931
-3042
-3200
-3509
-3641
-3405
-3057
-3273
-3724
-3541
-2870
-2298
-2165
-2167
-1890
-1555
-1176
-507
277
844
976
942
1170
1682
2354
2961
3377
3585
3550
3551
3786
4058
4266
4375
4402
4448
4392
4216
4181
4388
4517
4192
3653
3433
3574
3827
3813
3335
2726
2291
2119
2118
2052
2013
1948
1481
629
-156
-298
90
189
-218
-792
-1278
-1611
-1934
-2064
-1888
-1760
-1916
-2453
-3047
-3095
-2700
-2439
-2641
-3021
-3052
-2975
-3150
-3243
-3043
-2785
-2853
-3103
-3048
-2906
-3000
-3123
-3062
-2911
-2990
-3214
-3194
-3041
-3002
-3032
-2968
-2755
-2680
-2782
-2710
-2363
-1912
-1561
-1286
-997
-767
-505
-66
504
1131
1667
1971
2057
2112
2437
3050
3697
4130
4248
4225
4208
4185
4310
4657
5018
5110
4812
4395
4184
4307
4517
4429
4092
3738
3415
3160
3031
3016
2993
2740
2228
1654
1303
1316
1449
1381
1052
592
186
-158
-425
-459
-321
-302
-632
-1153
-1513
-1645
-1679
-1667
-1663
-1760
-2021
-2378
-2670
-2845
-2868
-2786
-2808
-3064
-3429
-3636
-3687
-3772
-3852
-3824
-3793
-3920
-4143
-4242
-4208
-4184
-4187
-4160
-4093
-4071
-4077
-3982
-3789
-3612
-3484
-3310
-3075
-2891
-2713
-2373
-1879
-1393
-1018
-716
-414
-49
473
1157
1816
2273
2536
2750
3031
3416
3944
4557
5017
5127
5002
4940
5091
5372
5635
5777
5702
5403
5042
4828
4792
4781
4656
4361
3916
3415
3025
2830
2733
2541
2174
1719
1282
935
724
642
583
403
73
-288
-556
-672
-635
-536
-521
-696
-999
-1243
-1300
-1197
-1049
-978
-1088
-1390
-1734
-1923
-1911
-1820
-1822
-2001
-2346
-2753
-3044
-3121
-3078
-3097
-3273
-3581
-3901
-4128
-4192
-4112
-4037
-4091
-4255
-4400
-4421
-4298
-4080
-3849
-3681
-3603
-3533
-3383
-3112
-2737
-2313
-1910
-1590
-1337
-1064
-693
-207
342
871
1303
1600
1823
2092
2477
2953
3427
3791
3973
4027
4074
4207
4448
4717
4903
4913
4741
4517
4396
4401
4422
4360
4159
3832
3454
3147
2968
2849
2657
2353
1985
1611
1293
1081
954
799
536
214
-59
-261
-388
-438
-459
-549
-756
-979
-1106
-1111
-1049
-978
-966
-1076
-1278
-1447
-1485
-1430
-1363
-1352
-1456
-1685
-1951
-2109
-2126
-2080
-2095
-2214
-2437
-2717
-2923
-2971
-2910
-2870
-2935
-3088
-3246
-3347
-3327
-3190
-3033
-2950
-2932
-2909
-2830
-2674
-2425
-2129
-1867
-1664
-1481
-1252
-973
-645
-272
105
424
668
898
1171
1482
1813
2136
2412
2600
2723
2849
3021
3214
3378
3498
3551
3518
3444
3400
3412
3428
3382
3253
3070
2864
2685
2567
2476
2343
2132
1883
1653
1470
1325
1216
1091
903
660
443
317
244
163
58
-69
-225
-395
-519
-567
-582
-636
-728
-842
-966
-1084
-1158
-1177
-1201
-1269
-1371
-1478
-1590
-1697
-1755
-1762
-1793
-1893
-2014
-2100
-2159
-2214
-2241
-2236
-2255
-2321
-2389
-2397
-2364
-2337
-2301
-2254
-2206
-2171
-2111
-1991
-1851
-1724
-1591
-1432
-1261
-1102
-922
-698
-458
-238
-24
219
465
692
916
1167
1422
1638
1837
2046
2248
2405
2541
2694
2833
2929
2985
3035
3075
3067
3031
3000
2958
2865
2733
2605
2476
2314
2128
1954
1788
1584
1363
1163
977
784
572
384
225
49
-127
-278
-393
-515
-641
-744
-824
-896
-973
-1024
-1062
-1108
-1161
-1191
-1196
-1223
-1263
-1296
-1311
-1341
-1386
-1410
-1430
-1476
-1541
-1592
-1620
-1651
-1703
-1761
-1803
-1850
-1895
-1923
-1937
-1952
-1977
-1990
-1983
-1955
-1919
-1863
-1793
-1721
-1641
-1545
-1421
-1282
-1130
-966
-795
-618
-431
-228
-8
216
447
678
898
1111
1311
1522
1744
1941
2122
2280
2410
2529
2634
2727
2807
2866
2884
2863
2825
2778
2724
2659
2562
2438
2300
2137
1960
1797
1652
1493
1299
1095
900
716
540
392
258
125
-18
-169
-285
-368
-443
-500
-540
-601
-680
-739
-761
-771
-799
-813
-827
-869
-926
-960
-964
-968
-1011
-1072
-1126
-1182
-1260
-1326
-1361
-1409
-1504
-1599
-1649
-1704
-1773
-1833
-1862
-1887
-1946
-1998
-2005
-1983
-1997
-2011
-1971
-1910
-1871
-1827
-1729
-1609
-1508
-1416
-1289
-1121
-966
-824
-647
-444
-264
-104
100
335
556
754
954
1170
1360
1515
1684
1888
2059
2164
2260
2362
2440
2484
2521
2571
2595
2560
2484
2412
2360
2274
2177
2080
1956
1787
1603
1452
1326
1199
1042
878
705
543
403
296
235
163
55
-55
-131
-179
-195
-197
-205
-235
-286
-333
-352
-335
-312
-319
-356
-392
-432
-469
-482
-497
-535
-600
-693
-780
-847
-906
-977
-1055
-1127
-1213
-1315
-1394
-1430
-1472
-1520
-1571
-1614
-1655
-1700
-1724
-1710
-1679
-1669
-1673
-1653
-1598
-1541
-1468
-1361
-1264
-1190
-1118
-1016
-865
-723
-597
-463
-312
-171
-31
145
353
534
662
789
942
1103
1239
1356
1471
1566
1609
1643
1707
1776
1803
1795
1771
1739
1681
1611
1568
1530
1446
1322
1185
1062
952
841
749
658
529
379
254
174
134
98
54
-7
-82
-136
-141
-103
-63
-60
-87
-112
-123
-101
-45
-1
9
-16
-51
-50
-32
-22
-32
-61
-112
-183
-241
-277
-308
-368
-441
-505
-577
-637
-697
-755
-792
-826
-873
-922
-960
-1000
-1022
-1023
-1022
-1015
-1006
-1008
-1012
-989
-929
-870
-812
-773
-744
-695
-621
-532
-417
-295
-219
-160
-77
34
175
318
421
495
548
600
680
796
899
945
956
953
948
972
1014
1040
1027
959
869
808
784
759
716
648
550
420
305
237
196
151
74
-41
-141
-190
-206
-201
-181
-180
-218
-242
-237
-204
-140
-87
-76
-83
-79
-54
-8
39
70
83
85
70
65
79
82
57
15
-33
-81
-124
-172
-218
-261
-317
-372
-413
-457
-494
-536
-572
-590
-597
-602
-620
-628
-623
-610
-577
-531
-491
-458
-424
-378
-303
-196
-90
-9
55
107
178
278
387
471
536
567
573
601
662
731
766
765
727
681
659
644
638
611
543
447
356
303
276
261
221
149
67
-15
-60
-81
-97
-134
-191
-249
-282
-274
-245
-217
-195
-188
-191
-169
-136
-96
-53
-41
-43
-37
-21
-14
-3
11
8
7
-1
-11
-12
-29
-58
-89
-107
-129
-171
-213
-250
-277
-295
-309
-320
-329
-349
-384
-400
-388
-371
-357
-370
-393
-398
-392
-367
-333
-294
-282
-291
-290
-254
-181
-98
-44
-18
2
32
92
176
255
311
331
318
335
393
458
517
533
509
476
460
461
474
478
429
349
276
217
191
179
152
89
11
-65
-117
-135
-150
-176
-213
-251
-283
-268
-229
-189
-150
-126
-105
-66
-3
57
117
155
170
200
244
270
293
306
285
271
276
286
290
269
216
162
134
117
96
54
-4
-80
-130
-141
-135
-126
-146
-192
-237
-244
-221
-188
-171
-193
-234
-259
-259
-221
-167
-143
-165
-207
-225
-209
-151
-100
-84
-102
-135
-132
-104
-54
-9
4
-21
-53
-55
-25
29
66
60
27
-1
-14
-3
20
17
-8
-47
-98
-134
-128
-124
-139
-168
-216
-257
-263
-258
-254
-245
-243
-239
-224
-185
-132
-68
-22
11
54
117
186
257
321
363
409
456
508
556
592
592
578
569
565
570
569
541
495
438
392
361
329
286
218
143
74
30
9
-5
-30
-72
-116
-147
-160
-157
-153
-164
-181
-209
-227
-220
-199
-181
-173
-183
-205
-217
-217
-196
-175
-177
-193
-216
-227
-222
-210
-202
-195
-201
-224
-236
-233
-212
-193
-195
-209
-232
-245
-246
-241
-232
-228
-240
-266
-285
-290
-278
-276
-280
-294
-309
-320
-317
-299
-272
-238
-212
-184
-157
-116
-54
6
65
114
164
221
283
352
422
487
544
582
611
633
653
666
668
664
654
630
598
572
533
498
450
391
329
264
206
151
104
65
29
-4
-39
-73
-93
-108
-118
-128
-133
-134
-133
-131
-122
-103
-82
-61
-57
-56
-59
-61
-52
-49
-54
-64
-88
-111
-127
-134
-137
-150
-173
-202
-231
-248
-252
-253
-259
-278
-304
-326
-329
-323
-319
-321
-334
-346
-353
-357
-345
-327
-319
-324
-335
-338
-321
-288
-255
-228
-212
-195
-168
-124
-66
-9
28
56
80
118
182
240
291
325
347
360
378
411
438
447
434
408
397
395
392
381
351
311
273
240
223
202
164
119
77
46
38
29
12
-22
-58
-68
-70
-54
-49
-61
-76
-80
-59
-22
5
19
17
11
23
49
79
94
88
80
78
83
97
107
103
88
66
61
66
64
48
27
18
7
-7
-29
-48
-63
-72
-86
-103
-121
-142
-158
-180
-186
-193
-204
-223
-257
-267
-258
-250
-251
-252
-253
-243
-240
-222
-194
-167
-151
-146
-128
-94
-55
-23
-2
18
44
60
74
93
109
125
129
135
139
142
132
117
106
108
100
83
60
27
15
3
5
-6
-23
-56
-88
-98
-92
-69
-71
-84
-104
-105
-83
-47
-17
-7
-12
-19
6
55
113
143
151
147
167
219
270
310
312
300
293
315
357
396
392
348
308
289
306
319
302
250
182
130
115
115
93
41
-37
-109
-154
-159
-164
-192
-249
-321
-360
-363
-349
-343
-361
-396
-422
-419
-387
-347
-327
-323
-321
-291
-250
-207
-168
-142
-118
-96
-70
-31
2
29
52
70
91
105
104
100
89
92
95
88
74
57
46
39
29
24
12
-12
-41
-56
-46
-28
-28
-38
-47
-58
-55
-44
-33
-16
0
28
55
87
104
113
118
134
164
197
223
235
245
262
288
311
323
309
282
251
226
222
238
256
247
224
196
175
153
115
62
6
-35
-50
-42
-38
-55
-114
-182
-238
-262
-261
-274
-301
-334
-363
-369
-350
-322
-312
-327
-343
-337
-293
-225
-167
-134
-119
-103
-68
-18
40
84
97
97
96
110
134
155
161
142
112
89
72
63
48
18
-10
-49
-85
-115
-131
-133
-138
-140
-142
-151
-159
-178
-186
-165
-124
-78
-23
31
83
127
165
185
188
204
215
240
280
325
361
379
376
352
319
276
238
181
135
114
109
137
184
202
189
135
45
-53
-120
-135
-118
-63
-7
5
-16
-54
-112
-163
-193
-222
-242
-249
-248
-238
-211
-190
-193
-216
-248
-270
-268
-244
-201
-153
-110
-71
-38
0
41
73
86
75
50
25
26
51
95
139
157
143
110
68
40
18
1
-10
-39
-70
-86
-96
-99
-91
-96
-122
-159
-202
-228
-224
-195
-158
-128
-102
-91
-74
-46
-21
-3
18
42
63
97
148
200
240
256
247
232
228
232
242
247
244
232
230
249
269
286
281
223
146
73
18
10
37
60
68
41
-12
-62
-107
-121
-125
-132
-148
-174
-180
-174
-151
-123
-116
-118
-136
-152
-148
-128
-77
-36
5
35
48
67
76
105
114
99
86
45
29
38
56
83
109
108
82
74
22
-24
-36
-97
-134
-145
-174
-178
-155
-139
-162
-188
-211
-293
-318
-271
-285
-263
-193
-218
-213
-159
-161
-149
-103
-80
-88
-43
3
-2
51
85
67
96
124
143
161
195
193
164
198
188
190
247
228
211
186
126
97
79
108
118
107
133
67
19
29
-20
-19
17
12
-34
-33
-19
-89
-25
23
-47
13
10
-52
-2
29
51
85
130
117
65
133
144
143
295
291
248
332
244
185
255
187
173
209
159
172
170
162
157
70
16
-60
-134
-147
-160
-137
-196
-210
-223
-352
-328
-356
-409
-378
-409
-378
-428
-375
-296
-394
-278
-276
-360
-271
-272
-237
-220
-144
-90
-202
-94
-95
-229
-90
-39
-94
12
107
-3
-16
81
-76
-71
85
8
45
165
84
13
76
21
-55
101
141
40
203
197
-31
135
117
-55
202
208
117
219
229
165
101
319
182
96
427
119
175
417
150
328
338
231
274
175
316
251
283
486
290
311
390
181
187
271
125
128
199
109
131
128
82
49
-84
-104
-139
-244
-161
-127
-275
-203
-197
-436
-307
-307
-484
-307
-380
-409
-307
-390
-245
-294
-344
-198
-382
-358
-228
-329
-230
-129
-190
-191
-119
-324
-250
-112
-439
-52
-19
-380
118
-110
-346
-4
-231
-226
-138
-49
-15
-160
117
-59
-252
104
-69
-159
256
128
-17
365
118
-62
405
92
145
507
247
317
432
391
287
357
489
270
356
579
318
362
544
329
233
405
308
226
395
360
324
216
288
189
32
209
140
59
129
105
-45
4
-54
-158
-18
-186
-156
0
-329
-131
-97
-453
-153
-254
-422
-159
-237
-314
-176
-219
-335
-230
-221
-317
-184
-136
-257
-177
-141
-275
-234
-128
-241
-159
-90
-170
-148
-132
-186
-163
-200
-160
-97
-200
-89
-57
-232
-103
-134
-211
-165
-68
-61
-134
31
12
-196
9
-19
-103
53
102
144
50
181
222
-28
198
290
63
296
393
253
245
393
334
65
391
452
-10
565
430
71
411
358
20
210
392
15
210
317
69
10
240
-89
-41
101
-147
48
-116
-25
-75
-247
-6
-250
-286
49
-401
-81
-43
-348
19
-235
-184
-103
-230
-89
-123
-99
-60
8
-129
-56
93
-232
34
99
-141
39
184
-166
101
-76
64
-144
-98
207
-348
79
-67
-80
-319
69
-204
-326
79
-241
-154
-66
-185
-151
-61
-319
110
-208
-72
52
0
-53
70
148
-93
254
115
121
284
199
62
586
-151
340
555
-261
600
250
81
364
169
346
5
195
510
-322
261
478
-522
305
332
-541
299
140
-406
129
49
-258
-117
53
-161
-288
18
-1
-425
-57
172
-485
-151
236
-350
-334
325
-227
-361
268
-154
-185
-69
59
-121
-256
207
-131
-130
48
-19
-71
-110
-20
-6
-132
-171
156
-146
-336
178
-113
-517
264
-185
-297
113
-125
-33
-191
-17
67
-313
-27
209
-205
-129
440
-144
-178
548
-109
-66
506
28
63
419
19
289
156
123
472
-150
473
304
-164
646
53
-142
741
-237
35
662
-366
156
453
-392
180
302
-479
374
-35
-279
289
-198
-75
-44
5
-187
-116
26
-143
-231
7
3
-434
115
37
-442
99
131
-494
192
-33
-239
-44
2
-56
-335
275
-188
-249
276
-228
-197
223
-387
66
-90
-324
329
-597
90
70
-698
197
-160
-488
129
-195
-106
-187
3
8
-469
267
-281
-75
46
-168
323
-231
32
582
-531
413
370
-304
487
102
272
-33
471
214
-78
619
189
-160
887
-217
240
501
-114
357
69
346
-63
282
79
211
-69
262
107
-100
167
74
-119
11
110
-154
13
-12
29
-263
194
-224
-86
38
-113
-122
-2
-14
-232
32
-27
-217
61
-95
-87
81
-389
306
-230
-336
452
-429
-151
310
-408
-162
226
-536
99
-152
-225
5
-398
96
-347
-384
259
-646
-50
135
-632
300
-349
-227
218
-579
32
192
-568
203
193
-366
212
96
-32
40
60
270
-94
120
392
-133
248
315
-48
281
274
-82
458
116
-9
499
-52
177
273
-59
372
8
97
413
-16
62
385
-21
-116
307
135
-363
497
64
-308
481
-122
-128
205
-49
-85
123
23
-70
53
-42
-41
28
-220
194
-5
-342
505
-294
-259
388
-373
-92
86
-133
68
-364
362
-275
-519
659
-766
-131
478
-727
-44
319
-608
-203
215
-435
-401
316
-244
-469
189
31
-671
129
62
-538
52
97
-240
-29
-29
201
-425
124
290
-539
471
-9
-208
441
-122
-16
408
-310
296
217
-190
398
59
-61
431
-207
133
398
-392
437
203
-324
483
183
-487
600
-17
-411
747
-258
-120
572
-203
-37
326
-161
43
48
281
-289
243
310
-415
422
-94
-40
-27
185
-80
2
208
-175
187
-323
301
-147
-345
575
-352
-93
363
-289
-141
60
-96
-267
-31
180
-404
132
21
-317
-56
-43
-239
-230
325
-455
-113
527
-871
212
217
-809
319
70
-359
90
165
-194
-87
23
28
-333
327
-203
216
0
-159
580
-587
174
382
-369
103
390
-4
-248
489
182
-763
814
-87
-361
511
39
-52
16
316
-212
-138
360
-189
-47
251
-103
230
-244
193
78
-503
630
-196
-406
884
-547
41
601
-737
330
233
-429
297
208
-240
179
328
-362
15
410
-555
267
268
-413
418
-141
-4
0
-183
187
-357
239
-105
-33
86
-218
60
-213
-114
-113
-52
-66
-171
296
-414
16
165
-682
498
-500
98
179
-440
467
-256
-209
397
-551
207
183
-470
657
-316
65
248
-230
70
1
83
40
-32
273
16
-142
282
-148
-5
27
105
44
-124
286
5
-277
227
-17
-229
153
12
-54
33
7
25
-103
-127
145
-12
-385
557
-230
-207
450
-327
58
30
-43
221
-401
404
169
-650
708
-160
-461
624
-296
28
112
-99
321
-503
389
35
-576
647
-360
-66
311
-395
298
-199
-110
248
-442
372
-268
22
224
-466
440
-280
-63
174
-255
237
-193
71
253
-511
506
-133
-314
489
-206
-125
333
12
-221
247
241
-471
250
489
-733
408
545
-793
510
263
-380
117
197
73
-331
320
203
-417
181
298
-348
-64
351
-221
-165
275
-79
-158
23
108
-207
-57
149
-190
30
23
-188
277
-310
-96
518
-692
226
406
-746
496
-38
-361
414
-402
181
37
-314
316
-141
-135
148
-119
24
-115
2
112
-227
-35
291
-349
-114
453
-483
-50
464
-525
125
225
-355
189
-45
-87
98
-111
107
-58
21
74
-47
-20
236
-268
180
205
-393
458
-84
-172
500
-481
484
-121
-116
413
-221
38
223
-60
-49
155
-32
175
-396
518
-127
-478
766
-435
-167
443
-335
60
-23
-34
160
-441
374
-18
-478
539
-331
-73
119
9
-253
185
113
-515
539
-107
-534
714
-270
-478
745
-326
-310
450
43
-597
692
-251
-236
390
-291
184
-203
180
36
-352
475
-228
-247
536
-398
29
245
-164
-91
206
-104
-93
162
-111
45
26
-181
461
-583
306
376
-890
904
-279
-427
775
-469
-84
536
-480
223
92
-165
251
-288
370
-120
-246
555
-356
-140
481
-356
-96
342
-198
-149
215
-28
-226
115
157
-291
17
318
-482
213
47
-231
130
-63
-9
-39
4
50
-146
143
-49
-154
270
-230
-3
175
-187
52
59
-7
-103
135
74
-301
295
2
-303
324
-100
-105
135
-77
73
-94
29
110
-196
146
-34
-24
74
-284
483
-446
76
357
-493
361
-130
22
74
-295
471
-290
-200
593
-491
80
271
-292
146
-14
-6
77
-142
137
23
-202
224
-63
-115
198
-30
-245
382
-200
-236
485
-340
-132
443
-349
-58
358
-344
122
130
-284
307
-198
-43
224
-301
152
47
-145
25
183
-275
171
65
-231
304
-212
2
254
-433
349
-30
-307
414
-213
-122
333
-266
29
183
-114
-80
148
68
-312
226
130
-418
325
-64
-103
130
-303
538
-443
-106
732
-793
250
359
-620
456
-183
-145
481
-670
486
15
-416
496
-309
97
132
-325
382
-106
-331
573
-405
94
73
-20
87
-231
302
-122
-53
36
88
-61
-43
14
173
-196
-113
392
-223
-330
623
-297
-350
549
-267
-142
115
89
-82
-277
560
-340
-244
633
-543
99
222
-274
98
36
-14
-137
123
142
-388
329
179
-609
587
-65
-403
415
-59
-134
67
101
-52
-63
8
224
-269
19
324
-331
39
248
-293
208
-174
169
-22
-263
412
-321
31
77
-61
26
-126
148
53
-403
527
-316
-97
313
-297
165
-129
144
-149
70
44
-132
189
-214
145
54
-217
246
-106
-36
89
29
-113
76
74
-152
94
53
-98
40
10
117
-259
215
96
-374
386
-111
-158
247
-206
160
-125
-11
253
-383
245
49
-234
216
-108
59
-68
-37
290
-459
296
91
-340
223
70
-128
-177
473
-349
-150
519
-471
165
29
-12
-28
-91
240
-240
78
62
-150
192
-163
-60
322
-376
122
145
-147
-76
154
40
-271
178
103
-234
64
107
-49
-159
244
-71
-117
139
25
-118
108
9
-68
72
-21
76
-169
235
-106
-104
243
-92
-174
285
-153
47
-101
163
31
-397
575
-367
-56
269
-260
186
-237
176
18
-269
294
-207
116
-140
50
89
-191
55
108
-107
-101
189
-27
-191
166
81
-279
266
-87
-35
108
-119
228
-298
340
-168
-119
395
-373
118
230
-300
122
118
-111
63
-133
263
-124
-289
621
-486
-48
511
-560
304
-98
-10
138
-379
461
-282
-111
355
-324
54
220
-371
298
-136
-89
239
-273
159
-38
-76
156
-202
110
42
-188
225
-170
46
52
-84
53
25
-68
68
-58
93
-158
160
8
-233
301
-127
-85
142
-9
-95
85
38
-89
58
10
10
-17
-36
120
-111
9
110
-128
82
-13
20
15
-78
178
-152
18
158
-212
136
16
-85
48
85
-128
16
173
-281
145
120
-334
283
-111
-49
86
-156
270
-358
182
99
-324
231
-37
-115
97
-167
266
-304
14
369
-531
274
93
-251
108
78
-108
1
43
14
-73
84
-43
2
149
-300
371
-179
-123
349
-248
37
110
2
-126
171
-16
-84
85
108
-213
183
39
-196
208
7
-166
127
127
-338
296
-6
-312
366
-204
-25
123
-158
190
-252
204
-60
-150
202
-132
-23
75
-119
112
-141
15
120
-263
195
-59
-64
16
119
-211
123
41
-165
114
-6
-41
-63
205
-150
-144
481
-484
131
357
-541
372
2
-234
300
-177
31
149
-251
279
-141
4
141
-202
270
-192
-6
305
-386
187
186
-392
281
19
-243
253
-151
46
57
-174
259
-240
69
146
-263
194
-36
-124
123
-32
-123
172
-147
17
31
-93
129
-230
233
-101
-184
384
-344
21
313
-429
228
86
-317
347
-266
138
59
-323
535
-445
38
477
-690
498
-68
-269
418
-400
322
-88
-240
519
-492
136
385
-665
593
-180
-296
589
-489
136
217
-287
130
-20
112
-207
30
387
-619
304
341
-792
670
-114
-424
579
-404
75
178
-314
307
-265
144
9
-279
500
-473
117
330
-533
308
96
-363
370
-210
-1
155
-229
143
71
-207
119
102
-203
72
104
-45
-140
192
28
-308
287
44
-331
317
8
-307
315
-74
-136
178
-24
-98
30
173
-304
191
160
-412
303
55
-332
273
36
-218
113
65
-47
-177
279
-44
-322
386
-62
-380
457
-115
-277
391
-224
18
61
-58
131
-202
139
61
-251
239
-77
-43
21
-2
81
-241
280
-93
-149
275
-190
21
56
-60
83
-132
114
36
-260
332
-173
-68
228
-170
-2
127
-115
7
79
-60
-41
109
-47
-170
365
-345
87
240
-372
219
61
-211
177
-91
84
-108
10
227
-410
284
78
-350
254
102
-341
224
87
-216
48
220
-234
-62
327
-292
-10
279
-223
-108
324
-242
-65
298
-166
-141
325
-194
-108
274
-122
-97
113
72
-228
94
238
-385
182
183
-408
233
120
-280
140
213
-459
315
88
-455
527
-205
-184
337
-277
133
-51
31
131
-350
309
33
-425
450
48
-577
627
-157
-396
504
-105
-270
259
27
-269
186
33
-32
-135
219
-26
-300
318
65
-458
416
86
-617
639
-157
-361
499
-228
-139
243
-131
27
-39
112
-50
-146
263
-155
-99
269
-105
-261
488
-325
-127
522
-503
95
376
-570
377
33
-354
503
-467
315
-70
-250
562
-638
394
65
-471
548
-295
-49
282
-322
244
-162
32
186
-380
414
-208
-140
339
-275
22
209
-247
113
-2
-32
-15
32
15
-101
98
-18
-119
181
-130
-34
212
-328
258
-57
-209
350
-288
45
111
-120
-20
80
50
-290
358
-175
-176
394
-316
45
180
-238
114
-29
12
-80
96
-46
-91
188
-194
51
145
-242
85
171
-301
98
256
-419
163
286
-501
293
105
-253
45
239
-265
29
210
-206
24
114
-59
-116
257
-204
1
261
-338
172
204
-456
381
-5
-286
311
-85
-52
11
114
-39
-132
250
-71
-194
343
-211
27
49
56
-120
29
210
-372
325
-81
-135
198
-83
-36
67
-15
12
-126
250
-208
-34
322
-393
174
145
-285
116
194
-351
196
114
-273
100
185
-224
-69
393
-322
-118
487
-353
-132
399
-134
-342
413
21
-463
388
143
-517
309
260
-567
378
64
-254
148
21
31
-193
224
-10
-239
268
-50
-166
166
10
-164
101
93
-210
90
153
-317
249
-72
-71
112
-127
142
-128
-44
251
-302
47
309
-447
173
209
-306
-32
374
-350
-111
492
-433
4
266
-158
-133
129
137
-318
61
319
-424
26
388
-418
27
242
-147
-158
216
14
-239
121
151
-241
9
240
-224
-56
264
-173
-98
225
-118
-14
-24
145
-104
-158
395
-310
-51
364
-363
115
104
-121
74
-179
354
-266
-136
514
-457
17
385
-302
-102
337
-81
-357
477
-79
-373
440
-83
-161
128
82
-64
-133
279
-65
-266
386
-97
-211
234
18
-183
95
124
-143
-12
144
-66
-61
96
46
-186
177
-14
-143
149
-85
47
-9
-95
176
-117
-79
247
-214
2
202
-216
51
112
-162
68
44
-76
46
-67
92
-13
-105
107
9
-114
137
-44
-133
207
-111
-15
97
-121
104
-91
65
33
-169
207
-124
44
25
-37
-21
105
-105
38
-3
-14
20
-28
-5
5
23
-25
-4
71
-123
91
14
-137
159
-129
2
93
-32
-84
140
-139
139
-40
-76
100
-89
27
24
-96
125
-180
120
90
-268
316
-146
-170
318
-132
-203
299
-206
66
-27
81
-45
-104
216
-96
-110
194
-86
-101
86
116
-188
-65
376
-426
181
177
-322
176
42
-110
23
-8
88
-165
126
25
-119
49
96
-119
-19
196
-293
169
75
-215
141
1
-50
10
75
-45
-99
229
-192
-13
176
-208
76
53
-61
44
-44
93
-45
-70
152
-147
57
31
-93
41
5
42
-96
47
63
-84
74
-44
25
-40
-2
87
-141
81
23
-106
132
-52
-60
87
-21
-5
57
-95
75
34
-130
107
-4
-89
93
-28
-77
105
-44
-37
76
-53
-23
104
-186
158
-61
-115
214
-145
16
112
-189
208
-114
-20
125
-193
149
-52
-53
67
-36
-44
62
29
-82
88
-14
-119
270
-275
97
130
-297
309
-136
-88
253
-265
153
12
-112
174
-211
176
-75
-55
163
-203
92
55
-117
109
-68
40
-25
-17
86
-137
76
21
-78
63
-39
25
-11
-20
108
-124
16
143
-166
26
136
-163
28
130
-146
20
103
-57
-72
120
-19
-158
209
-113
-74
185
-151
82
-6
-30
78
-142
157
-67
-123
229
-184
28
101
-113
50
11
-10
-15
19
0
0
-39
46
-23
-15
19
35
-85
71
38
-111
86
6
-104
129
-46
-81
158
-132
58
51
-107
98
-29
-34
57
-54
18
-10
-3
5
-38
63
-42
-12
64
-74
12
64
-108
72
7
-85
126
-60
-54
170
-149
12
171
-223
107
80
-185
114
42
-130
84
25
-97
87
-47
-4
38
-73
64
-15
-71
107
-66
-35
91
-97
72
-44
11
44
-110
104
-8
-107
139
-49
-63
112
-55
-7
37
-18
17
-46
45
28
-115
130
-45
-72
126
-65
-43
117
-112
54
27
-86
70
3
-93
123
-62
-59
151
-161
68
34
-89
71
-11
-56
78
-45
-5
-1
64
-106
65
65
-169
129
31
-154
103
65
-158
75
85
-139
26
143
-175
32
115
-107
-26
143
-123
-2
95
-77
9
38
-30
14
-18
26
-17
-27
62
-57
43
-26
4
23
-50
37
19
-87
85
-21
-75
110
-54
-26
92
-61
-19
87
-94
51
9
-30
19
-3
31
-61
46
24
-102
115
-28
-96
144
-89
-10
73
-50
-27
59
-26
-31
62
-14
-39
62
-33
3
18
-31
62
-100
88
6
-116
154
-50
-97
177
-107
-44
134
-134
45
16
-33
17
5
-2
17
-26
22
-7
-15
4
3
10
-64
105
-108
39
44
-97
96
-49
-38
97
-124
84
0
-98
127
-73
-7
44
-22
-52
93
-49
-32
56
-18
-61
99
-52
-39
87
-92
30
5
-30
29
-3
-9
0
12
-21
-60
190
-258
165
61
-253
255
-87
-45
26
79
-68
-110
265
-218
-60
346
-389
213
31
-141
165
-165
178
-113
-41
205
-203
60
122
-164
97
-5
-15
-12
9
37
-56
38
11
-6
-29
52
22
-109
121
-19
-93
117
-29
-44
41
43
-57
-24
148
-146
-2
172
-196
58
98
-113
0
93
-66
-41
88
-11
-84
81
17
-100
66
43
-106
49
66
-129
91
-16
-55
63
-40
-3
33
-41
12
7
-20
-5
6
40
-92
73
11
-94
59
21
-75
-1
110
-140
16
111
-110
-2
79
-50
-48
57
42
-133
75
110
-225
161
14
-166
155
-61
-41
68
-103
119
-102
20
108
-184
129
-20
-76
87
-62
17
29
-58
88
-59
-5
63
-53
-11
60
-45
-13
76
-70
48
-1
-39
72
-55
14
38
-55
24
20
4
-46
50
30
-101
76
41
-113
92
61
-119
44
89
-115
29
117
-117
20
61
-38
-38
70
-2
-92
113
-26
-92
113
-28
-72
145
-80
-43
128
-104
-1
104
-96
-7
77
-76
7
41
-8
-37
47
36
-88
50
37
-85
65
52
-85
49
22
-61
22
19
-31
-27
59
-30
-50
80
-65
-18
78
-65
-1
22
-35
0
13
12
-17
5
34
-45
6
32
-51
26
22
-31
10
1
6
-10
11
4
-46
20
-13
-19
12
-23
15
-7
-28
39
-38
-16
60
-46
-14
53
-26
-19
59
-10
-53
47
4
-85
66
19
-93
77
3
-97
71
-9
-53
55
-13
-23
16
12
-6
-15
43
-27
-26
66
-64
17
69
-82
49
19
-85
55
-5
-39
31
-12
-21
8
7
-23
-7
0
0
3
-20
33
-5
-28
83
-35
-34
89
-50
-22
67
-33
-31
52
8
-57
37
18
-71
51
25
-60
33
12
-32
9
22
-7
-15
28
0
-24
24
22
-12
14
24
-31
-2
32
-13
13
14
-8
7
-26
33
-2
-55
79
-30
-66
103
-65
-44
118
-68
-1
70
-76
31
10
-27
35
-63
29
11
-81
82
-22
-47
95
-34
-2
47
-22
26
5
19
24
-38
21
12
-54
15
10
-64
20
27
-66
19
18
-47
21
0
-15
-9
-14
25
-40
7
53
-59
28
38
-69
28
19
-48
25
15
-26
13
15
-12
-4
21
-10
-16
23
-13
-18
34
-15
-17
39
-25
-7
35
-24
0
18
-11
-8
0
7
-32
-7
24
-45
1
39
-38
11
41
-29
-2
33
-25
-18
34
-9
-27
29
11
-30
20
28
-46
3
37
-58
0
42
-53
-7
34
-35
-6
43
-10
-22
36
-6
-34
20
-14
-37
-2
-7
-16
-8
22
18
-2
53
31
-6
50
26
-8
33
9
-17
2
-6
-18
-21
-15
-5
-25
-14
20
-27
-12
38
-25
-10
38
-28
-18
34
-15
-14
30
2
-14
14
3
-16
-1
14
-11
-17
19
-7
-24
28
3
-28
32
6
-28
24
7
-17
25
14
-6
10
11
0
0
14
2
-17
7
0
-28
3
1
-28
10
4
-22
12
6
-10
13
2
-5
12
-3
2
9
1
10
12
2
1
2
0
-10
-3
-4
-23
-4
2
-22
6
14
-16
13
17
-21
6
11
-23
-10
-2
-23
-16
4
1
-1
18
24
4
24
41
11
19
35
-2
-1
17
-16
-17
-7
-21
-18
-11
-8
-4
-9
4
-1
-16
14
8
-21
7
1
-27
-2
8
-17
0
9
-11
-5
7
-8
-21
-6
-9
-28
-9
7
-21
-7
21
-10
-9
15
-16
-13
24
8
1
28
15
0
23
22
-1
5
14
-7
-4
15
-6
-12
14
-7
-20
4
-4
-21
-5
-12
-28
-3
15
1
5
12
0
17
32
7
-4
3
-16
-7
6
-4
-3
0
3
11
15
13
4
-4
-9
-22
-20
1
-12
-11
6
3
19
33
16
16
12
-11
3
13
1
2
6
3
4
3
1
-10
-6
-7
-18
-6
3
-6
4
11
-6
5
16
4
9
18
2
1
12
1
-5
2
-2
-7
-2
-3
-9
3
9
1
6
4
-2
8
11
-2
-12
-10
-4
1
2
3
4
6
9
3
-3
-4
-8
-8
-13
-18
-16
-13
-12
-13
-13
-7
-2
-8
-19
-28
-29
-25
-20
-21
-23
-15
-4
-4
4
9
0
-7
-13
-13
0
14
15
11
9
7
15
25
21
7
6
9
14
17
13
4
-1
-9
-17
-12
-6
-12
-15
-14
-12
-2
14
18
8
-2
-6
4
21
17
4
-3
-5
-2
11
18
8
-1
1
8
18
25
15
4
-1
-14
-17
-2
2
-12
-11
-2
2
15
23
13
4
0
-4
4
14
4
-6
2
3
-2
-1
-1
-9
-7
-1
0
2
9
10
14
16
4
-3
5
5
-1
0
0
-1
5
6
2
3
2
-1
-5
-4
-5
-1
12
12
4
2
8
12
9
-4
-11
-6
-1
-3
-5
0
3
5
6
5
-2
-4
-2
-5
-13
-14
-11
-10
-6
-5
2
4
-1
-9
-15
-18
-21
-18
