-1
-3
-3
-2
-3
-2
-2
-1
-1
-2
-3
-2
0
1
0
0
-1
-1
0
1
1
1
2
2
2
3
2
2
2
2
4
4
4
3
3
3
5
7
5
4
4
7
8
6
4
4
4
5
5
3
1
0
0
0
-1
-4
-6
-8
-10
-10
-10
-9
-11
-16
-15
-13
-11
-11
-14
-16
-13
-6
-6
-5
-8
-10
-3
5
8
6
3
4
10
15
17
16
14
12
17
18
21
17
12
10
9
14
13
8
0
-5
-5
-3
-1
-6
-13
-16
-13
-9
-7
-12
-16
-19
-13
-5
-2
-3
-4
-4
0
6
9
7
5
4
8
10
9
8
4
1
2
4
1
-2
-7
-10
-11
-11
-13
-18
-20
-19
-18
-16
-16
-19
-18
-14
-7
-6
-5
-6
-2
6
15
17
16
15
20
27
35
34
29
25
25
31
34
30
22
14
11
12
11
6
-2
-13
-19
-18
-15
-18
-26
-34
-36
-32
-26
-24
-27
-32
-31
-23
-12
-7
-5
-7
-4
4
12
18
17
15
14
16
22
24
21
18
14
11
9
8
7
3
-1
-6
-12
-13
-10
-10
-13
-19
-23
-21
-14
-10
-12
-18
-19
-14
-2
7
4
-4
-7
-2
14
28
24
13
6
16
35
50
44
22
10
20
44
60
46
12
-9
0
30
44
16
-33
-61
-44
-8
5
-35
-101
-134
-106
-50
-34
-84
-149
-167
-118
-50
-27
-71
-127
-128
-64
22
48
6
-44
-34
42
123
142
95
45
54
122
189
191
132
73
70
119
162
146
76
9
-4
32
63
41
-31
-95
-106
-67
-38
-57
-113
-159
-156
-111
-70
-74
-113
-141
-121
-64
-21
-19
-42
-56
-28
25
68
70
49
39
64
110
138
135
109
96
111
141
157
144
114
95
104
123
128
106
74
56
59
69
68
45
17
0
4
12
9
-7
-29
-39
-32
-22
-23
-36
-48
-51
-42
-32
-30
-37
-47
-44
-32
-24
-24
-32
-38
-37
-28
-24
-27
-35
-42
-43
-37
-34
-42
-53
-61
-61
-58
-61
-68
-77
-81
-79
-76
-76
-83
-90
-91
-89
-84
-81
-84
-87
-85
-77
-67
-65
-66
-66
-61
-53
-45
-41
-38
-37
-31
-21
-13
-10
-8
-5
1
9
19
24
26
30
36
45
53
56
58
62
71
81
86
88
87
90
94
100
103
101
97
94
95
95
94
86
78
73
71
71
62
52
39
33
29
23
16
3
-10
-15
-20
-23
-28
-36
-45
-48
-46
-44
-44
-47
-46
-46
-41
-36
-32
-32
-33
-31
-26
-22
-20
-25
-29
-29
-27
-23
-23
-27
-31
-34
-35
-34
-35
-40
-47
-54
-53
-51
-48
-51
-56
-59
-53
-44
-36
-31
-30
-25
-15
2
14
18
18
20
31
45
55
55
52
50
59
70
74
70
60
56
57
62
62
52
38
28
23
20
11
-6
-23
-37
-42
-43
-53
-67
-81
-89
-89
-87
-89
-94
-99
-101
-94
-86
-82
-82
-84
-80
-70
-58
-50
-48
-41
-36
-27
-13
-5
1
3
6
13
21
27
28
25
26
30
33
39
42
42
45
48
52
60
62
60
59
59
63
60
55
48
37
31
27
22
14
6
-4
-6
-6
-2
1
1
6
17
34
49
61
75
91
108
127
140
149
156
160
166
171
172
168
160
153
144
136
122
104
86
70
56
41
26
8
-13
-31
-45
-60
-78
-96
-110
-121
-131
-138
-149
-159
-167
-175
-179
-186
-191
-197
-204
-207
-207
-209
-212
-214
-219
-221
-225
-229
-232
-236
-237
-238
-238
-239
-238
-233
-228
-215
-202
-182
-160
-134
-107
-77
-49
-18
12
41
73
98
121
141
156
172
186
197
208
217
227
238
250
262
276
284
296
309
319
331
336
338
340
337
332
322
307
294
279
264
251
237
231
223
218
221
219
211
203
200
191
181
168
157
141
122
107
90
70
53
38
29
17
5
-3
-17
-35
-56
-82
-104
-125
-155
-190
-222
-244
-268
-292
-313
-333
-349
-347
-349
-358
-371
-379
-386
-403
-422
-446
-476
-505
-535
-567
-595
-619
-644
-665
-684
-689
-684
-671
-649
-634
-608
-567
-516
-469
-415
-356
-303
-237
-172
-107
-41
24
74
120
168
196
220
244
253
245
234
229
230
229
225
229
236
240
253
282
294
292
309
343
386
434
480
530
596
652
679
700
728
763
771
738
712
714
703
663
629
614
602
603
619
643
685
726
763
820
910
977
1024
1087
1168
1215
1220
1223
1208
1147
1039
888
694
462
216
-46
-338
-657
-979
-1270
-1531
-1765
-1978
-2178
-2347
-2455
-2504
-2515
-2498
-2462
-2419
-2329
-2179
-2036
-1898
-1728
-1547
-1378
-1179
-930
-673
-430
-199
9
209
422
616
731
767
759
721
669
594
456
251
36
-159
-339
-494
-645
-809
-948
-1032
-1062
-1063
-1037
-995
-940
-850
-717
-549
-361
-154
52
260
534
824
1072
1310
1555
1751
1913
2080
2182
2227
2263
2275
2239
2168
2101
2027
1933
1847
1793
1783
1795
1790
1760
1756
1827
1934
2047
2157
2220
2206
2205
2256
2206
1932
1433
886
491
190
-281
-961
-1648
-2173
-2510
-2690
-2809
-2969
-3111
-3103
-2848
-2437
-2090
-1962
-1918
-1752
-1485
-1229
-1065
-993
-979
-914
-702
-359
-2
263
496
797
1187
1571
1879
2078
2128
2048
1907
1722
1429
998
457
-138
-715
-1244
-1723
-2146
-2527
-2886
-3167
-3299
-3341
-3365
-3353
-3313
-3271
-3210
-3080
-2899
-2707
-2527
-2355
-2148
-1863
-1511
-1138
-763
-408
-79
287
713
1100
1372
1553
1691
1800
1886
1947
1929
1828
1702
1598
1531
1488
1431
1324
1191
1091
1010
928
843
707
509
332
215
107
3
-76
-168
-248
-245
-161
-40
93
232
376
523
722
977
1218
1426
1633
1847
2116
2448
2747
2974
3195
3409
3590
3756
3874
3802
3530
3185
2778
2301
1704
954
170
-535
-1181
-1807
-2398
-2895
-3275
-3535
-3642
-3631
-3555
-3453
-3319
-3118
-2877
-2664
-2478
-2268
-2038
-1798
-1518
-1185
-808
-403
40
520
1034
1557
2026
2454
2829
3100
3245
3287
3222
3016
2676
2235
1708
1118
499
-118
-718
-1293
-1829
-2286
-2643
-2930
-3149
-3308
-3416
-3496
-3545
-3559
-3550
-3535
-3516
-3473
-3391
-3239
-3034
-2784
-2484
-2141
-1747
-1282
-773
-278
175
599
979
1310
1583
1772
1872
1885
1860
1803
1730
1629
1501
1350
1200
1086
976
857
717
556
380
206
41
-140
-322
-493
-646
-747
-784
-764
-697
-589
-430
-219
32
306
606
913
1217
1527
1838
2156
2488
2816
3136
3447
3756
4063
4361
4622
4804
4876
4839
4695
4438
4052
3514
2833
2059
1239
432
-376
-1177
-1949
-2636
-3166
-3540
-3775
-3901
-3937
-3887
-3729
-3482
-3187
-2900
-2641
-2380
-2090
-1760
-1406
-1046
-683
-285
160
673
1212
1739
2228
2653
3040
3357
3570
3649
3576
3363
3029
2580
2024
1375
651
-105
-861
-1583
-2252
-2855
-3378
-3812
-4150
-4377
-4501
-4549
-4535
-4470
-4354
-4213
-4054
-3893
-3750
-3600
-3420
-3207
-2946
-2653
-2328
-1957
-1561
-1122
-662
-206
237
639
979
1247
1452
1573
1619
1597
1507
1371
1217
1070
940
814
668
532
423
354
298
225
137
34
-63
-138
-188
-232
-256
-243
-179
-61
101
307
560
855
1164
1475
1777
2080
2370
2620
2843
3049
3253
3458
3650
3830
3999
4164
4309
4440
4555
4625
4607
4478
4238
3880
3408
2814
2083
1221
272
-648
-1488
-2260
-3002
-3698
-4263
-4639
-4800
-4799
-4682
-4478
-4196
-3830
-3359
-2848
-2398
-2035
-1724
-1385
-1011
-626
-261
73
421
822
1283
1770
2213
2568
2853
3087
3242
3269
3146
2873
2453
1898
1244
511
-259
-1047
-1846
-2618
-3313
-3877
-4302
-4593
-4777
-4872
-4837
-4658
-4389
-4100
-3812
-3516
-3198
-2881
-2626
-2429
-2242
-2025
-1766
-1491
-1200
-878
-504
-81
356
789
1205
1581
1875
2077
2186
2210
2137
1972
1721
1406
1103
843
624
419
219
57
-24
-33
-30
-39
-69
-115
-149
-155
-150
-147
-130
-58
84
301
569
870
1209
1597
1999
2381
2749
3091
3384
3598
3754
3896
4033
4138
4189
4204
4220
4269
4335
4381
4413
4413
4361
4252
4081
3820
3423
2894
2208
1345
363
-622
-1554
-2436
-3311
-4179
-4937
-5460
-5723
-5793
-5724
-5528
-5224
-4772
-4148
-3448
-2796
-2263
-1812
-1354
-868
-386
41
402
748
1121
1534
1980
2398
2721
2971
3175
3314
3356
3261
3023
2622
2053
1351
558
-283
-1170
-2100
-3033
-3891
-4622
-5194
-5590
-5858
-6026
-6025
-5816
-5452
-5023
-4589
-4132
-3637
-3137
-2717
-2375
-2073
-1778
-1471
-1163
-853
-527
-151
272
710
1144
1576
1983
2297
2496
2580
2554
2430
2177
1800
1351
904
473
91
-209
-451
-631
-727
-736
-673
-566
-458
-365
-281
-189
-84
21
147
301
495
741
1046
1394
1777
2196
2614
2997
3348
3659
3902
4065
4156
4179
4139
4059
3944
3815
3679
3549
3442
3361
3316
3285
3270
3248
3223
3138
2958
2657
2156
1449
582
-324
-1215
-2040
-2895
-3829
-4725
-5381
-5720
-5847
-5826
-5669
-5319
-4806
-4111
-3303
-2462
-1727
-1174
-698
-219
265
639
901
1092
1264
1449
1680
1962
2200
2362
2481
2618
2730
2740
2607
2325
1877
1244
487
-350
-1249
-2216
-3226
-4175
-5014
-5688
-6153
-6387
-6459
-6386
-6087
-5543
-4815
-4068
-3320
-2568
-1794
-1137
-693
-440
-270
-68
98
201
198
255
409
680
958
1238
1545
1803
1983
2033
2061
1986
1781
1336
770
220
-246
-617
-966
-1206
-1326
-1260
-1086
-784
-409
3
379
677
975
1269
1578
1789
1935
2034
2213
2482
2788
3079
3331
3608
3888
4171
4372
4493
4501
4425
4257
3988
3687
3352
3049
2729
2430
2180
2042
1994
1954
1940
1952
2066
2195
2315
2342
2195
1798
1109
260
-631
-1435
-2199
-3018
-3970
-4880
-5498
-5749
-5740
-5635
-5377
-4926
-4265
-3466
-2544
-1601
-823
-313
23
377
730
997
1085
1044
970
960
1092
1314
1488
1536
1566
1672
1791
1791
1619
1289
769
72
-747
-1621
-2542
-3525
-4493
-5386
-6124
-6646
-6851
-6766
-6531
-6182
-5606
-4693
-3613
-2539
-1590
-675
199
994
1559
1806
1842
1777
1766
1638
1435
1188
1070
1007
927
886
928
1046
985
792
504
325
65
-341
-923
-1531
-1983
-2286
-2384
-2414
-2254
-1983
-1503
-916
-224
513
1195
1771
2192
2644
3039
3392
3557
3646
3699
3805
3956
4071
4139
4106
4069
3985
3874
3656
3366
3011
2591
2118
1647
1263
936
647
424
344
422
585
815
1087
1386
1715
2090
2516
2801
2846
2536
1975
1166
228
-684
-1504
-2354
-3450
-4553
-5378
-5675
-5753
-5712
-5504
-4997
-4263
-3428
-2396
-1279
-258
362
781
1142
1533
1766
1838
1787
1573
1338
1216
1367
1477
1390
1158
1060
1060
916
584
126
-461
-1312
-2300
-3266
-4169
-5088
-5974
-6689
-7193
-7440
-7312
-6774
-5988
-5160
-4139
-2843
-1326
58
1266
2335
3244
3934
4323
4557
4355
3839
3076
2446
1775
1048
345
-267
-727
-1239
-1457
-1547
-1469
-1633
-1817
-1940
-1883
-1795
-1837
-1853
-2014
-1970
-1796
-1270
-779
-252
310
1010
1803
2519
3281
3850
4282
4421
4586
4717
4777
4651
4387
4127
3850
3697
3545
3395
3102
2776
2505
2248
1993
1702
1455
1122
784
545
494
537
467
475
605
948
1281
1704
2172
2587
2885
3118
3518
3746
3672
3061
2204
1029
-293
-1563
-2649
-3725
-5131
-6465
-7369
-7528
-7444
-7163
-6662
-5763
-4677
-3540
-2140
-653
647
1321
1714
2019
2353
2479
2423
2209
1790
1390
1196
1385
1499
1375
1071
924
843
563
73
-568
-1358
-2454
-3653
-4756
-5667
-6507
-7217
-7678
-7799
-7527
-6770
-5600
-4283
-2981
-1547
112
1799
3184
4212
5034
5575
5811
5693
5443
4805
3794
2530
1370
336
-726
-1677
-2575
-3231
-3865
-4126
-4176
-4009
-3915
-3787
-3457
-3007
-2367
-1832
-1196
-788
-271
294
1063
1740
2242
2749
3197
3710
3988
4325
4421
4416
4154
3941
3786
3515
3165
2636
2262
1819
1575
1296
1090
764
445
292
200
225
159
242
236
379
589
1054
1493
1778
2006
2302
2802
3189
3598
3800
4005
3975
4033
4082
4120
3824
3037
1859
267
-1272
-2774
-3904
-5279
-6767
-8311
-9152
-9268
-8945
-8368
-7649
-6380
-4965
-3186
-1433
543
2119
3168
3637
3898
4252
4361
4265
3551
2762
1918
1577
1436
1246
740
63
-310
-586
-813
-1469
-2216
-3146
-4071
-5030
-5878
-6464
-6907
-7102
-7125
-6683
-5794
-4394
-2722
-1087
443
1955
3644
5175
6239
6741
6879
6831
6388
5673
4634
3426
1849
51
-1655
-3123
-4240
-5329
-6113
-6769
-6937
-6778
-6152
-5342
-4510
-3534
-2491
-1154
8
1213
2080
2866
3357
3782
4151
4316
4330
4014
3780
3405
3215
2872
2518
2004
1545
1299
1137
1047
749
582
367
339
335
481
592
573
561
616
927
1159
1407
1526
1687
1788
1975
2322
2695
2974
2934
2984
3124
3517
3778
3942
3957
3894
3856
3812
3977
3922
3574
2586
1349
-149
-1763
-3409
-4897
-6156
-7608
-8934
-9784
-9506
-8716
-7779
-6763
-5215
-3148
-1109
866
2644
4227
4985
5160
5078
4991
4588
3702
2684
1619
715
-40
-285
-374
-680
-1238
-1561
-1447
-1479
-1939
-2791
-3549
-4310
-5029
-5660
-6023
-6184
-6158
-5664
-4681
-3276
-1731
60
1836
3398
4594
5711
6677
7086
6692
5813
4868
3772
2469
872
-695
-2474
-4218
-5758
-6686
-7237
-7615
-7799
-7651
-6996
-6131
-4861
-3543
-2065
-831
432
1648
2889
3972
4631
4932
4743
4566
4274
4005
3293
2422
1539
885
431
-3
-313
-687
-844
-898
-666
-444
-257
-112
10
164
300
587
823
961
975
1125
1481
1819
2110
2354
2730
3041
3320
3606
3870
4040
3937
3888
3820
3860
3777
3692
3560
3356
3211
3077
3116
2952
2813
2472
1966
797
-971
-2768
-4203
-5172
-6487
-7881
-9112
-9367
-8969
-8153
-7038
-5543
-3618
-1818
64
1814
3670
4868
5351
5107
4605
4123
3493
2792
1592
346
-776
-1082
-1026
-1075
-1503
-1921
-1852
-1727
-1845
-2481
-3105
-3721
-4249
-4797
-5148
-5099
-4769
-4095
-3289
-2141
-682
1072
2762
3969
4771
5305
5852
5929
5345
4074
2632
1278
-70
-1437
-3002
-4373
-5720
-6662
-7421
-7642
-7440
-6932
-6256
-5514
-4269
-2788
-1043
332
1669
2778
3902
4730
5268
5505
5242
4732
3803
3015
2057
1220
219
-679
-1446
-1857
-1843
-1709
-1459
-1307
-796
-208
531
1002
1377
1633
1801
1974
2024
2175
2190
2278
2265
2402
2610
2931
3187
3314
3483
3678
3932
3885
3733
3468
3288
3003
2758
2606
2495
2374
2271
2437
2594
2628
2514
2547
2496
2223
1749
1151
-148
-2487
-5021
-6437
-6766
-7489
-9045
-10243
-9814
-8393
-6916
-5450
-3345
-1034
782
2182
3859
5633
6485
6191
5241
4377
3558
2925
2232
1208
-341
-1564
-1588
-926
-848
-1816
-2618
-2658
-2338
-2663
-3494
-4245
-4641
-4779
-4808
-4494
-3880
-2843
-1603
-271
968
2358
3996
5302
5742
5285
4870
4538
3882
2299
321
-1412
-2696
-3709
-4658
-5453
-6248
-6593
-6515
-5823
-5067
-4138
-3159
-2124
-1209
-288
924
1976
2602
2587
2675
2807
2999
2697
2083
1189
307
-270
-630
-917
-1491
-1875
-2033
-1681
-1224
-597
-58
395
797
1362
2167
2710
2911
2658
2455
2235
2214
2120
1967
1652
1380
1421
1737
2207
2492
2758
2877
3160
3379
3596
3507
3173
2669
2220
2040
1958
1968
1824
1817
1893
2176
2419
2595
2600
2343
1944
1294
220
-1682
-4062
-6116
-7400
-8316
-9387
-10088
-9845
-8614
-7065
-5215
-2798
-104
2228
3806
5283
6597
7413
7085
5983
4543
3058
1725
494
-532
-1722
-2651
-3037
-2621
-2182
-2181
-2403
-2467
-2326
-2562
-3005
-3518
-3753
-3982
-4117
-3893
-3183
-2039
-875
426
1568
2808
3858
4752
4981
4471
3499
2387
1294
-271
-1903
-3489
-4334
-5073
-5495
-5924
-5777
-5287
-4495
-3571
-2648
-1501
-627
344
837
1600
1994
2427
2268
2114
1891
1732
1458
798
228
-535
-856
-1306
-1270
-1369
-1143
-930
-438
254
1030
1936
2474
2981
3161
3596
3772
3794
3388
2846
2354
1874
1654
1382
1342
1214
1414
1755
2243
2752
3194
3705
3817
3850
3597
3528
3206
2747
2191
1787
1751
1721
2019
2212
2688
2897
3196
3329
3363
3111
2343
1354
-358
-2487
-5172
-7248
-8753
-9720
-10609
-11008
-10210
-8577
-6363
-4188
-1451
1206
3577
5154
6389
7307
7414
6650
5045
3416
1626
140
-1220
-2187
-3055
-3642
-3567
-3028
-2357
-2210
-2172
-2169
-2066
-2320
-2822
-3251
-3510
-3544
-3526
-3090
-2326
-1189
-32
1108
2176
3052
3699
3804
3493
2626
1502
56
-1478
-2980
-4208
-5013
-5431
-5344
-5058
-4458
-3716
-2530
-1245
-100
644
1190
1714
1962
1965
1678
1418
887
257
-329
-469
-483
-686
-1061
-1346
-1255
-1031
-740
-559
-250
134
753
1416
2068
2636
3071
3412
3526
3634
3651
3590
3146
2499
1902
1546
1359
1095
921
807
1128
1610
2266
2733
3119
3464
3777
3948
3718
3421
2894
2431
1793
1449
1244
1363
1455
1702
2026
2522
3059
3332
3345
3035
2666
1717
343
-1529
-3068
-5160
-7797
-10444
-11185
-10303
-9487
-9488
-8906
-6134
-2741
-100
1423
3463
5297
6203
5866
5616
5363
4158
2040
-191
-1511
-2479
-2920
-3213
-3383
-3903
-3878
-2699
-1276
-1039
-2189
-2754
-2204
-1390
-1710
-2507
-2683
-2058
-1249
-716
-63
567
1279
1690
1877
1701
1386
1112
443
-909
-2592
-3426
-3411
-3487
-4285
-4913
-4383
-3038
-1843
-1241
-592
374
1420
2048
2181
2160
2117
1966
1375
671
98
-146
-532
-1119
-1543
-1543
-1307
-1264
-1233
-1084
-590
-43
589
1233
1886
2441
2887
3371
3850
4322
4419
4202
3842
3727
3673
3314
2614
1947
1749
1737
1652
1458
1453
1585
1805
1971
2293
2625
2837
2766
2614
2589
2754
2852
2650
2435
2431
2844
3067
3070
2815
2774
2711
2510
2074
1278
18
-1570
-2684
-3538
-5146
-8133
-10596
-10632
-8937
-8034
-8429
-7716
-4820
-1363
698
2221
4341
6256
6607
5906
5808
5849
4789
2218
-282
-1891
-2649
-2999
-3410
-4161
-5091
-4830
-3226
-1615
-1777
-2778
-2760
-1456
-439
-786
-1350
-1264
-556
-45
338
675
867
796
585
471
131
-164
-678
-1471
-2760
-3572
-3387
-2804
-2886
-3445
-3230
-2391
-1529
-1344
-990
-588
-178
-104
167
472
516
365
158
258
254
429
363
323
63
147
259
231
-38
-221
-149
-176
-80
92
574
820
1054
1358
2011
2637
3069
3277
3363
3593
3835
3984
3750
3446
3317
3305
3095
2655
2334
2069
1709
1245
1028
1118
1167
1263
1339
1794
2112
2538
2911
3523
3993
4111
4017
3701
3615
3076
2655
1807
1237
204
-897
-2459
-4135
-5531
-6238
-6053
-6881
-8465
-9878
-8296
-5637
-4079
-4471
-3720
-778
1983
3067
3228
4647
5497
5024
3387
2903
2708
1615
-521
-2617
-3675
-4221
-3944
-3969
-4473
-5462
-5028
-3076
-1487
-1737
-2871
-2338
-662
576
106
-481
-294
273
332
-106
-260
-519
-832
-1513
-1827
-1877
-1646
-1698
-2317
-2905
-2759
-1760
-1300
-1565
-1872
-1244
-416
-143
-270
-286
-139
-200
-147
-4
128
29
52
266
554
880
1193
1400
1351
1540
1957
2167
1702
1101
895
900
657
236
130
244
448
670
1198
1839
2399
2808
3256
3808
4243
4370
4179
4079
4208
4291
3930
3248
2722
2449
2124
1597
1189
1143
1294
1453
1637
2101
2637
2994
3141
3464
4104
4627
4654
4227
3715
3011
2023
1030
333
-455
-2003
-4165
-6261
-7706
-8423
-8342
-7823
-7671
-7988
-7584
-5277
-2220
-344
-9
604
2284
3900
4336
4071
3886
3310
2069
730
252
-43
-971
-2501
-3563
-3656
-3192
-2811
-3075
-3684
-3927
-3005
-1593
-861
-1259
-1618
-836
534
1272
872
230
-79
-166
-484
-923
-1368
-2010
-2714
-3045
-2620
-2075
-2004
-2361
-2427
-1811
-948
-447
-632
-981
-1090
-874
-750
-855
-1068
-1301
-1338
-1083
-426
125
336
387
830
1582
2109
2209
2094
2081
2032
1838
1447
982
395
-203
-626
-830
-890
-895
-758
-442
139
957
1870
2573
2999
3494
4163
4707
4751
4622
4567
4573
4207
3673
3227
2942
2548
2107
1878
1871
1943
1981
2196
2420
2611
2695
3089
3625
4168
4212
3973
3431
3092
2793
2810
2787
2134
-658
-5836
-10575
-11802
-9833
-9536
-11998
-13769
-10463
-5097
-1665
-705
1270
4172
5422
4987
4965
5971
4781
1494
-1868
-2550
-2064
-1794
-2645
-3844
-4133
-2619
370
1628
11
-2725
-2857
-1011
-273
-2198
-4533
-4563
-2900
-1173
-518
-249
-447
-805
-1004
-751
-622
-1528
-3114
-4575
-4678
-3530
-1900
-1466
-2162
-2208
-350
1968
2526
1576
825
826
568
-27
-416
-848
-1970
-3076
-2889
-1633
-773
-932
-1208
-624
829
2352
3113
3095
3099
3639
4145
3925
3067
2073
948
-200
-1049
-1412
-1835
-2459
-2633
-1724
-146
1250
2266
3235
4473
5642
6286
6198
5866
5632
5266
4455
3497
3000
2885
2640
2281
2441
3190
3715
3651
3453
3758
4221
4223
3673
3260
3410
3576
3397
2977
2975
3049
2618
1700
959
-699
-5090
-10648
-13290
-11596
-10089
-11745
-13599
-10771
-5052
-1185
250
2399
5599
6798
5793
5134
5672
4412
734
-2918
-4155
-3872
-3642
-3941
-4371
-4202
-2698
94
1983
1334
-561
-974
239
785
-456
-2138
-2685
-2317
-1716
-1087
-773
-1400
-2770
-3670
-3563
-3212
-3686
-4656
-5101
-4477
-3207
-1958
-1135
-485
395
1448
2210
2437
2138
1454
506
-288
-556
-611
-1160
-2030
-2221
-1478
-652
-516
-632
-351
336
944
1495
2099
2618
2795
2785
2786
2629
1989
942
-108
-966
-1671
-2305
-2706
-2677
-2027
-858
465
1637
2744
3930
4953
5576
5819
5905
5629
4861
3911
3265
2801
2313
2163
2541
3192
3786
4520
5347
6012
6299
6563
6798
6514
5586
4555
3754
2791
1540
369
-325
-1059
-2950
-6851
-11265
-13153
-11427
-9163
-9524
-10663
-8309
-2774
1274
2180
2776
4667
5537
4113
2662
2725
2177
-591
-3529
-4126
-2913
-2117
-2460
-2984
-2653
-1272
467
1129
7
-1508
-1598
-440
66
-947
-2270
-2456
-1807
-1557
-2064
-3011
-4225
-5521
-6271
-6143
-5706
-5735
-5964
-5422
-3871
-1988
-521
310
754
1278
1974
2269
1716
709
-97
-688
-1256
-1632
-1690
-1766
-1913
-1505
-373
604
814
952
1727
2687
3103
3109
3173
3267
3053
2420
1557
668
-112
-800
-1507
-2076
-2143
-1763
-1293
-612
609
2050
3007
3416
3880
4686
5379
5527
5287
4924
4497
4077
3685
3377
3302
3461
3660
3977
4699
5652
6302
6537
6870
7506
7847
7382
6517
5778
4946
3656
2117
832
-62
-1431
-4945
-10359
-14109
-13080
-9622
-8917
-10837
-9792
-3963
1378
2439
2264
4187
5837
4246
1786
1839
2550
482
-3056
-4244
-2649
-1171
-1374
-2277
-2532
-1647
141
1477
798
-1152
-1885
-576
738
235
-1299
-2107
-2076
-2245
-2873
-3769
-5175
-7148
-8628
-8534
-7361
-6547
-6495
-6153
-4689
-2435
-463
478
664
990
1722
2072
1515
693
338
-6
-871
-1593
-1461
-1177
-1589
-1935
-1127
240
811
829
1523
2842
3629
3686
3820
4189
3960
2735
1300
425
-183
-1174
-2387
-2992
-2681
-2032
-1534
-865
368
1755
2558
2720
2872
3461
4147
4296
3891
3487
3474
3691
3671
3413
3308
3487
3730
4120
4787
5505
6020
6402
6966
7582
7733
7246
6614
6121
5349
3910
2183
902
44
-1321
-4559
-9524
-13471
-13349
-10097
-8064
-8802
-8483
-4228
856
2828
2724
3588
4573
3169
731
436
1424
257
-2808
-4284
-2825
-858
-529
-1424
-2000
-1353
334
1747
1420
-124
-861
163
1518
1470
115
-1326
-2271
-2954
-3609
-4668
-6624
-9122
-10592
-9931
-8012
-6817
-6963
-6926
-5250
-2547
-676
-213
-163
270
655
492
139
133
67
-727
-1722
-1769
-909
-525
-1128
-1491
-497
960
1417
1198
1723
3049
3851
3629
3306
3443
3240
2132
940
452
64
-1045
-2183
-2118
-1018
-223
-125
221
1483
2849
3268
3011
3167
3967
4594
4460
3919
3601
3548
3419
3250
3279
3479
3700
4190
5168
6441
7570
8344
8837
9187
9244
8792
7819
6536
5057
3365
1718
645
155
-804
-3919
-9052
-12978
-12382
-8631
-6710
-8103
-8188
-3820
1342
2875
2237
2994
4115
2575
-115
-181
1450
778
-2180
-3586
-1839
470
942
-3
-644
-65
1432
2500
1933
334
-458
324
1290
918
-490
-1754
-2569
-3258
-3922
-4792
-6441
-8752
-10207
-9576
-7771
-6920
-7413
-7399
-5660
-3418
-2336
-2160
-1768
-1115
-1004
-1375
-1474
-1186
-1295
-2037
-2514
-1997
-1078
-781
-1018
-704
612
1805
1880
1526
1955
2821
2899
2099
1459
1350
1057
276
-332
-393
-557
-1204
-1551
-881
161
503
324
693
1823
2672
2546
2165
2524
3432
3973
3891
3697
3658
3467
3103
3085
3515
3758
3575
3850
5177
6901
7930
8397
9051
9952
10201
9417
7971
6453
4872
3200
1632
507
-287
-1542
-4574
-9090
-12117
-10991
-7649
-6473
-7603
-6520
-1917
1753
1761
1127
2520
3345
1093
-1501
-1028
593
-202
-2536
-3033
-1228
353
458
60
244
1118
2270
3015
2664
1586
1053
1558
1889
819
-1165
-2721
-3541
-4291
-5262
-6281
-7477
-8754
-9194
-8074
-6586
-6265
-6625
-5869
-4104
-3055
-3136
-2966
-2232
-2023
-2545
-2552
-1858
-1742
-2705
-3374
-2778
-1797
-1650
-1939
-1433
-4
1193
1558
1837
2717
3455
3087
2158
1917
2169
1682
370
-481
-358
-202
-719
-1241
-921
-61
496
589
798
1418
1991
1990
1789
2109
2964
3608
3633
3338
3178
3231
3352
3358
3326
3596
4343
5399
6489
7665
8826
9713
10169
10544
10695
10219
8719
6790
5033
3687
2225
708
-535
-1874
-5211
-10076
-12314
-9060
-4513
-4215
-6266
-4230
1254
3492
1199
168
2249
2419
-1052
-3007
-746
1007
-1191
-3894
-2932
-210
445
-710
-929
412
1882
2738
3212
3174
2586
2040
2014
1797
633
-1217
-2960
-4238
-5075
-5491
-5986
-7089
-8238
-8269
-7285
-6678
-6682
-6099
-4480
-3080
-2713
-2704
-2269
-1672
-1534
-1887
-2360
-2661
-2904
-3423
-3950
-3801
-2996
-2541
-2588
-1989
-345
1000
1070
902
1672
2595
2344
1251
665
811
797
207
-383
-609
-857
-1185
-960
44
927
919
585
847
1665
2237
2250
2064
2095
2398
2702
2707
2475
2394
2582
2799
3009
3521
4361
5020
5324
5956
7243
8489
8851
8817
8975
8820
7444
5460
4169
3824
3539
2362
-1007
-6249
-10046
-8702
-4447
-2947
-4907
-4777
-626
2737
2154
1076
2332
2781
16
-2364
-526
2366
1537
-1925
-2863
-559
870
-725
-2864
-2749
-1064
241
770
1008
1133
1181
1640
2053
1368
-651
-2806
-3895
-3991
-3696
-3892
-4799
-5743
-5732
-5127
-5293
-6297
-6839
-6178
-5013
-3931
-2686
-1356
-499
-323
-362
-462
-959
-1964
-3158
-3839
-3737
-3035
-2390
-1995
-1493
-675
89
359
277
312
575
614
152
-447
-515
-119
-105
-856
-1742
-1998
-1719
-1272
-682
142
883
1250
1550
2127
2889
3279
3086
2614
2446
2756
3137
3209
3177
3588
4389
5065
5154
4940
4900
5208
5668
6031
6392
6995
7836
8086
7174
5760
4869
4157
2633
444
-1857
-5368
-9658
-11179
-7165
-1786
-236
-1328
479
4405
5546
3100
1635
2223
1539
-676
-701
2667
4766
2982
128
197
1841
1264
-1613
-3386
-2323
-329
681
1129
1434
1372
725
358
-169
-1764
-4221
-5971
-6135
-5583
-5052
-4960
-5176
-5761
-6316
-6522
-6458
-6435
-6330
-5377
-3392
-1177
271
947
1229
1081
285
-771
-1643
-2249
-2737
-2740
-2159
-1354
-976
-997
-939
-705
-724
-1161
-1298
-706
136
417
315
374
505
107
-1066
-2429
-3211
-3155
-2723
-2341
-1817
-845
321
1057
1483
2157
3029
3304
2781
2378
2826
3719
3988
3678
3665
4326
4818
4706
4433
4537
4799
4925
5100
5532
6001
5998
5465
4756
4043
3313
2284
1334
-370
-4476
-9896
-11918
-7955
-3165
-2283
-3270
-412
3712
4335
1780
1561
3484
2989
330
525
5064
8075
6253
2725
2510
4109
3228
-123
-1944
-642
1222
1779
2146
2752
2527
852
-521
-1077
-1931
-4004
-5896
-5891
-4313
-2837
-2846
-4072
-5818
-7221
-8097
-8623
-8874
-8232
-6456
-4291
-2364
-535
897
944
-396
-1534
-1612
-1330
-1385
-1362
-723
288
917
466
-583
-1395
-1652
-1864
-1981
-1277
223
1541
1815
1516
1278
958
-106
-1853
-3092
-3063
-2418
-2255
-2447
-2167
-1569
-1428
-1732
-1342
41
1269
1778
2223
3232
4045
4018
3568
3651
4132
4556
4724
4991
5460
5885
6088
5976
5910
5755
5509
4755
4081
3569
3317
2610
1457
-179
-3957
-9187
-12295
-8996
-3644
-1770
-3398
-1992
2047
3186
354
-1383
783
1796
424
280
4783
9075
8565
4917
3585
4778
4369
1544
1
1638
4073
4854
4853
4961
4180
2014
-292
-1252
-2010
-3127
-4293
-3908
-2463
-1186
-1341
-3100
-5674
-8019
-9037
-9258
-9026
-8235
-6368
-4282
-2777
-1746
-1023
-1034
-1997
-2787
-2687
-1794
-692
201
668
750
692
2
-1258
-2406
-2507
-1844
-1171
-555
257
1177
1262
462
-366
-665
-899
-1798
-2567
-2296
-1353
-1097
-1766
-2373
-2506
-2451
-2426
-1708
-211
1139
1722
1875
2255
2434
2175
1782
2190
3323
4586
5574
6212
6720
6830
6604
5960
5428
4987
4507
3775
3342
3376
3344
2449
955
-1097
-4840
-9804
-12223
-8903
-3665
-1835
-3245
-2257
814
1329
-1915
-3801
-1804
23
-393
-16
4190
8228
7921
4621
3209
3937
3586
1760
1427
3648
5943
6555
6352
6053
4680
2024
-462
-1284
-1427
-1830
-2257
-1545
-108
532
-621
-3311
-5972
-7541
-7790
-7466
-6726
-5205
-3397
-2304
-2327
-2648
-2898
-3073
-3135
-2864
-2079
-844
715
1632
1347
274
-586
-1148
-1724
-2011
-1332
259
1499
1601
1003
514
-236
-1506
-2452
-2152
-1289
-985
-1015
-682
-536
-1587
-3302
-4288
-4032
-3256
-2344
-1086
399
1427
1442
713
-107
-362
163
1256
2754
4336
5749
6496
6491
6121
5813
5894
5903
5556
4757
4228
4322
4244
3374
1730
297
-1791
-5758
-10198
-10965
-6298
-1460
-875
-2962
-2229
235
-289
-3776
-5104
-2109
744
1031
1036
3523
6014
5151
2125
562
1274
2039
2097
3113
5245
6963
6973
6055
4658
2599
650
-251
311
831
868
778
1212
1353
-269
-3309
-5977
-6524
-5738
-4829
-3948
-2553
-1045
-660
-1447
-2617
-3333
-3441
-2989
-1961
-704
506
1180
1128
201
-1126
-1963
-1970
-1449
-992
-329
670
1591
1584
668
-362
-1133
-1564
-1719
-1300
-639
-131
40
-239
-1087
-2483
-3589
-3948
-3583
-3003
-2185
-1193
-451
-323
-720
-1108
-1289
-941
-122
1086
2260
3222
3876
4113
4061
3850
3945
4301
4689
4731
4431
4289
4121
3643
2335
843
-518
-2624
-5978
-9051
-8074
-3701
-188
-952
-2877
-2328
-867
-1815
-4443
-4087
-632
2161
2161
1896
3518
4704
3223
442
-333
1095
2272
3070
4335
6153
6493
5325
3843
2282
702
-568
51
1440
2071
1280
443
331
-596
-2854
-5449
-6127
-5215
-3925
-2883
-1902
-968
-890
-1478
-2129
-2142
-1591
-983
-268
648
1655
1866
1156
176
-634
-938
-760
87
933
1485
1687
1679
1394
662
25
-300
-163
-2
64
26
18
-141
-795
-1634
-2306
-2527
-2423
-1891
-1053
-394
-328
-643
-920
-1070
-1145
-712
139
1071
1526
1708
1933
2056
2010
1585
1612
1938
2420
2393
2068
2090
2300
2316
1505
425
-601
-2343
-4968
-7532
-7030
-3931
-1266
-1408
-3079
-3210
-2796
-2975
-4447
-4300
-1991
724
2326
2599
2948
2672
1771
789
689
1648
2299
3312
4625
5708
5453
3988
2969
1919
1113
332
794
2021
2468
1609
-262
-1581
-2614
-3558
-4378
-4814
-4162
-3044
-1658
-1072
-1298
-1882
-2309
-1824
-1078
-40
620
1220
1964
2559
2525
1618
842
596
887
1531
2150
2698
2776
2584
2195
1688
1261
970
1193
1446
1529
1239
875
642
114
-768
-1701
-2063
-1968
-1740
-1460
-1041
-729
-867
-1365
-1508
-1253
-695
-108
631
1257
1492
1585
1662
1987
1960
1730
1509
1803
2243
2294
1834
1243
929
534
-473
-1849
-3332
-4632
-6163
-6876
-5865
-3819
-2913
-4155
-5294
-5403
-4618
-4803
-4976
-3929
-1635
404
1053
1228
1161
981
532
493
1537
2739
3465
3911
4683
5149
4206
2940
2139
2303
2266
2104
2305
2578
2269
678
-1058
-2241
-2725
-3009
-3422
-3605
-3406
-2693
-2130
-2238
-2781
-3331
-3063
-2163
-1083
-368
24
596
1384
2080
2110
1865
1968
2458
3049
3449
3733
3864
3744
3407
3071
2955
2941
2946
2957
2937
2789
2279
1683
1228
789
178
-452
-754
-988
-1337
-1627
-1538
-1274
-1280
-1353
-1142
-582
-130
40
171
354
633
863
1236
1660
1875
1809
1632
1667
1713
1627
1135
365
-250
-663
-1323
-2833
-4187
-4338
-3449
-2966
-3518
-4161
-4457
-4547
-5136
-5694
-5612
-4930
-4054
-3279
-2471
-2123
-2279
-2451
-1986
-1000
-426
-154
647
2141
3002
2562
1912
1879
2334
2365
2237
2493
2917
2843
2080
1336
778
305
-138
-287
-224
-233
-378
-635
-749
-832
-1163
-1693
-1965
-1740
-1333
-1121
-1167
-1077
-671
-73
469
883
1354
1936
2491
2785
2884
3005
3232
3504
3720
3938
4128
4170
4032
3830
3590
3307
2948
2490
2010
1572
1177
711
253
58
138
163
13
-63
29
57
-97
-291
-381
-338
-199
-15
235
467
671
940
1139
1104
909
815
748
385
-167
-518
-878
-1731
-2608
-2615
-1903
-1742
-2643
-3551
-3613
-3379
-3782
-4538
-4742
-4425
-4209
-4246
-4251
-4344
-4769
-5148
-4774
-3792
-3272
-3398
-3148
-2058
-1185
-1358
-1882
-1723
-869
-177
92
369
808
1089
1098
1052
966
871
985
1364
1664
1632
1484
1410
1395
1207
684
86
-160
-41
81
-27
-296
-398
-169
178
383
447
623
1036
1460
1649
1701
1903
2352
2833
3139
3378
3681
4012
4338
4625
4772
4733
4598
4510
4471
4359
4180
3998
3887
3927
3998
3878
3558
3259
3059
2786
2427
2129
1871
1555
1190
862
618
340
10
-208
-413
-814
-1321
-1658
-1874
-2432
-3352
-3999
-4114
-4264
-4786
-5251
-5189
-4886
-4889
-5079
-5061
-4853
-4746
-4677
-4372
-4046
-4021
-4055
-3736
-3246
-3148
-3451
-3457
-2820
-2154
-1968
-1930
-1569
-1080
-923
-1063
-1121
-961
-790
-701
-562
-332
-154
-93
-130
-304
-523
-589
-460
-300
-251
-236
-185
-169
-262
-436
-557
-513
-345
-130
105
304
468
654
880
1146
1408
1664
1975
2345
2738
3136
3475
3681
3730
3751
3997
4484
4937
5183
5313
5482
5640
5585
5264
4874
4650
4641
4684
4650
4632
4670
4638
4424
4070
3709
3388
3120
2901
2618
2226
1809
1398
897
203
-527
-1010
-1294
-1712
-2409
-3126
-3563
-3806
-4195
-4798
-5378
-5748
-5898
-5917
-5898
-5918
-5945
-5851
-5622
-5421
-5386
-5354
-5032
-4424
-3793
-3295
-2864
-2419
-2012
-1723
-1523
-1347
-1170
-977
-701
-332
-1
140
23
-309
-735
-1110
-1350
-1457
-1491
-1475
-1429
-1410
-1523
-1809
-2147
-2373
-2420
-2308
-2084
-1806
-1533
-1313
-1149
-1018
-876
-690
-390
64
656
1342
2028
2591
2927
3044
3120
3350
3785
4291
4710
5033
5289
5452
5442
5243
4987
4831
4853
4988
5131
5211
5199
5088
4877
4583
4265
4027
3911
3861
3777
3608
3351
2986
2502
1942
1428
1044
748
450
112
-216
-501
-810
-1238
-1805
-2405
-2874
-3141
-3271
-3402
-3570
-3715
-3800
-3870
-4017
-4225
-4365
-4325
-4105
-3807
-3528
-3332
-3208
-3096
-2962
-2817
-2699
-2586
-2404
-2073
-1625
-1222
-1006
-1048
-1273
-1517
-1657
-1692
-1683
-1645
-1508
-1278
-1116
-1175
-1485
-1886
-2182
-2309
-2309
-2235
-2112
-1973
-1854
-1812
-1873
-1967
-1954
-1736
-1326
-810
-251
327
860
1228
1397
1496
1728
2176
2717
3183
3506
3742
3946
4077
4062
3911
3748
3715
3856
4064
4192
4174
4073
3992
3944
3872
3736
3587
3531
3567
3600
3503
3235
2850
2447
2055
1682
1350
1068
836
599
304
-66
-503
-939
-1364
-1766
-2108
-2337
-2401
-2345
-2306
-2373
-2489
-2576
-2653
-2788
-2943
-2985
-2835
-2593
-2451
-2445
-2433
-2321
-2177
-2116
-2153
-2116
-1858
-1455
-1158
-1121
-1243
-1328
-1285
-1189
-1160
-1154
-1021
-725
-436
-362
-515
-726
-816
-775
-710
-659
-557
-369
-183
-132
-235
-368
-395
-309
-193
-66
109
326
524
635
671
726
846
1007
1153
1267
1379
1511
1642
1698
1654
1592
1636
1809
2012
2122
2148
2213
2359
2472
2454
2318
2194
2167
2187
2153
2022
1829
1641
1470
1259
945
532
119
-232
-553
-939
-1379
-1765
-2034
-2269
-2576
-2889
-3070
-3081
-2999
-2947
-2944
-2925
-2873
-2811
-2761
-2717
-2640
-2492
-2248
-1945
-1680
-1503
-1396
-1307
-1186
-1016
-803
-551
-304
-80
111
270
415
526
590
660
804
1021
1230
1332
1308
1241
1222
1240
1273
1303
1365
1468
1585
1679
1712
1690
1623
1560
1576
1685
1814
1878
1890
1936
2050
2171
2221
2187
2150
2160
2222
2296
2322
2290
2246
2250
2305
2353
2335
2269
2205
2161
2075
1913
1706
1506
1305
1055
745
439
171
-94
-393
-730
-1079
-1422
-1757
-2124
-2566
-3072
-3545
-3898
-4144
-4369
-4640
-4913
-5109
-5196
-5226
-5243
-5241
-5208
-5105
-4930
-4715
-4500
-4334
-4195
-4018
-3755
-3441
-3147
-2879
-2604
-2311
-1998
-1672
-1340
-1010
-708
-403
-63
308
637
868
1040
1228
1436
1599
1693
1740
1803
1895
1962
2008
2080
2184
2278
2324
2355
2415
2516
2624
2709
2800
2944
3138
3331
3501
3659
3820
4003
4202
4395
4555
4647
4679
4695
4724
4719
4637
4519
4444
4412
4329
4159
3960
3760
3512
3154
2729
2339
1993
1613
1175
714
295
-96
-486
-890
-1309
-1732
-2131
-2479
-2807
-3170
-3574
-3970
-4279
-4512
-4751
-5035
-5283
-5427
-5492
-5557
-5646
-5699
-5693
-5655
-5618
-5574
-5513
-5422
-5285
-5117
-4942
-4732
-4484
-4212
-3932
-3646
-3360
-3074
-2777
-2446
-2111
-1813
-1543
-1263
-970
-709
-515
-338
-130
112
343
546
754
1000
1260
1493
1691
1880
2090
2303
2505
2693
2883
3067
3251
3454
3654
3822
3969
4118
4301
4483
4630
4732
4805
4876
4941
4956
4931
4897
4882
4868
4841
4786
4711
4608
4456
4268
4049
3792
3505
3194
2855
2488
2109
1728
1329
889
442
33
-350
-747
-1140
-1499
-1843
-2189
-2532
-2830
-3093
-3338
-3580
-3788
-3925
-4017
-4106
-4217
-4303
-4337
-4344
-4354
-4358
-4311
-4215
-4111
-4005
-3875
-3715
-3565
-3440
-3290
-3111
-2928
-2765
-2620
-2448
-2258
-2093
-1964
-1837
-1678
-1491
-1318
-1173
-1008
-801
-592
-433
-316
-178
-15
150
296
454
644
843
1041
1231
1431
1615
1774
1926
2096
2274
2433
2557
2666
2780
2898
2966
2993
3029
3095
3168
3204
3224
3262
3291
3252
3145
3040
2950
2831
2674
2521
2389
2252
2083
1882
1651
1399
1132
864
608
360
98
-161
-409
-643
-888
-1162
-1429
-1640
-1807
-1973
-2146
-2291
-2396
-2487
-2593
-2705
-2801
-2862
-2890
-2884
-2848
-2781
-2680
-2557
-2422
-2277
-2128
-2000
-1865
-1717
-1554
-1401
-1268
-1113
-942
-780
-656
-539
-397
-241
-85
55
195
355
521
650
744
823
914
1007
1100
1196
1299
1405
1495
1583
1672
1746
1799
1836
1882
1961
2039
2096
2121
2133
2134
2118
2072
2013
1966
1922
1884
1841
1777
1689
1564
1420
1252
1073
893
705
510
299
68
-185
-471
-780
-1080
-1352
-1593
-1811
-1992
-2134
-2248
-2368
-2503
-2629
-2743
-2834
-2906
-2964
-2979
-2952
-2902
-2845
-2783
-2707
-2636
-2557
-2478
-2385
-2273
-2143
-1989
-1811
-1621
-1442
-1287
-1148
-1022
-915
-823
-746
-656
-527
-401
-267
-131
15
179
336
497
656
830
1021
1218
1413
1588
1751
1917
2074
2233
2388
2545
2722
2906
3091
3261
3419
3565
3693
3807
3910
3990
4063
4118
4149
4139
4085
3992
3872
3729
3562
3370
3166
2942
2690
2420
2116
1794
1457
1126
806
494
184
-145
-483
-832
-1192
-1549
-1902
-2225
-2501
-2736
-2930
-3088
-3225
-3350
-3459
-3570
-3669
-3749
-3818
-3854
-3855
-3832
-3794
-3747
-3691
-3631
-3584
-3541
-3494
-3433
-3346
-3231
-3091
-2928
-2761
-2615
-2481
-2366
-2279
-2198
-2123
-2038
-1919
-1778
-1615
-1444
-1271
-1093
-923
-747
-560
-358
-143
88
340
590
823
1040
1236
1423
1602
1772
1946
2127
2326
2526
2711
2884
3049
3216
3372
3529
3687
3836
3986
4120
4229
4309
4350
4370
4363
4330
4282
4203
4103
3965
3791
3582
3328
3052
2764
2481
2189
1888
1574
1238
890
524
141
-244
-614
-947
-1255
-1536
-1792
-2034
-2267
-2487
-2706
-2911
-3097
-3252
-3363
-3434
-3471
-3487
-3485
-3474
-3457
-3436
-3407
-3352
-3269
-3160
-3016
-2847
-2677
-2504
-2350
-2214
-2097
-1985
-1860
-1736
-1593
-1439
-1276
-1117
-973
-852
-754
-668
-589
-503
-406
-294
-170
-37
86
189
277
355
421
491
572
671
783
911
1054
1191
1319
1444
1570
1702
1843
1990
2143
2307
2464
2604
2723
2819
2888
2937
2964
2969
2954
2915
2855
2767
2640
2489
2314
2125
1923
1701
1476
1239
997
745
487
228
-22
-260
-490
-718
-933
-1142
-1339
-1530
-1712
-1883
-2040
-2164
-2270
-2353
-2405
-2452
-2481
-2501
-2513
-2512
-2492
-2447
-2379
-2285
-2176
-2055
-1931
-1804
-1686
-1575
-1467
-1358
-1231
-1091
-943
-791
-631
-477
-331
-199
-86
21
133
254
391
545
701
856
1007
1144
1263
1361
1451
1542
1634
1724
1820
1912
2001
2076
2132
2165
2184
2189
2180
2163
2140
2124
2092
2058
2007
1943
1862
1764
1655
1538
1417
1294
1179
1054
922
780
636
493
338
187
32
-121
-272
-428
-581
-736
-900
-1068
-1244
-1422
-1604
-1775
-1938
-2096
-2243
-2377
-2502
-2613
-2709
-2791
-2862
-2917
-2946
-2959
-2942
-2901
-2838
-2760
-2655
-2535
-2410
-2268
-2123
-1963
-1803
-1634
-1454
-1270
-1084
-887
-679
-485
-289
-97
87
262
435
603
771
939
1101
1257
1401
1534
1647
1744
1829
1899
1960
2013
2069
2117
2163
2206
2238
2264
2288
2297
2305
2306
2318
2337
2355
2385
2404
2421
2430
2434
2418
2393
2355
2302
2247
2170
2087
1989
1871
1740
1586
1414
1229
1028
815
584
343
99
-152
-407
-660
-909
-1150
-1388
-1622
-1838
-2047
-2240
-2425
-2593
-2749
-2885
-2999
-3099
-3173
-3229
-3270
-3291
-3301
-3286
-3263
-3229
-3182
-3124
-3058
-2979
-2882
-2777
-2657
-2530
-2378
-2222
-2059
-1886
-1714
-1531
-1345
-1156
-969
-775
-570
-372
-174
26
219
403
582
752
902
1048
1187
1322
1447
1564
1680
1784
1884
1979
2057
2128
2195
2260
2320
2383
2445
2500
2556
2602
2640
2667
2686
2696
2695
2692
2679
2657
2629
2586
2537
2479
2406
2315
2209
2093
1957
1811
1661
1505
1343
1170
998
819
630
443
250
53
-146
-347
-547
-743
-936
-1122
-1306
-1483
-1643
-1795
-1943
-2083
-2212
-2336
-2444
-2546
-2639
-2715
-2777
-2814
-2836
-2835
-2818
-2782
-2733
-2668
-2589
-2503
-2399
-2288
-2165
-2029
-1879
-1722
-1563
-1397
-1222
-1049
-889
-737
-589
-446
-311
-182
-59
56
161
258
348
429
499
561
619
669
714
761
802
844
884
930
973
1003
1044
1083
1123
1161
1198
1244
1286
1330
1366
1403
1436
1469
1495
1510
1512
1519
1529
1523
1511
1485
1455
1421
1378
1323
1256
1183
1109
1031
943
845
744
639
530
418
304
190
81
-30
-143
-246
-344
-446
-542
-633
-717
-793
-859
-912
-960
-1001
-1031
-1049
-1061
-1064
-1068
-1066
-1052
-1026
-1004
-977
-944
-908
-864
-818
-773
-726
-684
-646
-605
-559
-522
-477
-431
-394
-353
-312
-268
-229
-187
-151
-115
-75
-35
4
46
86
126
162
196
230
263
290
312
336
354
366
380
391
400
396
395
389
379
369
354
342
317
298
276
248
237
215
191
177
154
132
113
91
69
53
32
9
-5
-22
-40
-50
-64
-77
-89
-109
-123
-134
-150
-160
-168
-186
-193
-195
-206
-206
-204
-215
-212
-204
-202
-193
-182
-179
-164
-143
-131
-108
-83
-68
-44
-18
-3
19
51
73
97
124
142
167
197
213
231
255
264
275
290
292
301
312
304
300
306
300
293
295
280
273
268
259
250
243
236
220
219
213
207
205
196
199
199
189
194
185
178
178
170
159
151
137
119
109
92
63
42
13
-19
-47
-81
-120
-157
-197
-238
-270
-305
-332
-363
-405
-431
-448
-471
-484
-495
-507
-503
-498
-496
-479
-469
-454
-436
-418
-390
-359
-335
-317
-292
-266
-241
-216
-197
-186
-169
-154
-145
-135
-128
-123
-121
-111
-116
-116
-114
-121
-122
-115
-118
-121
-111
-106
-102
-89
-80
-68
-46
-36
-27
2
19
39
66
93
114
139
169
198
231
260
288
316
346
370
396
416
437
458
472
486
499
512
523
529
531
530
521
514
504
492
479
454
428
408
383
355
330
306
274
247
212
177
154
118
83
58
25
-5
-34
-64
-86
-109
-131
-159
-175
-194
-215
-232
-246
-268
-282
-293
-302
-308
-317
-328
-336
-330
-335
-338
-332
-334
-331
-323
-319
-321
-316
-311
-312
-299
-289
-282
-273
-269
-259
-245
-234
-228
-217
-209
-208
-197
-187
-178
-168
-163
-156
-147
-133
-122
-107
-96
-85
-71
-61
-54
-40
-21
-6
11
29
47
69
92
107
130
149
163
184
198
210
226
246
260
272
288
299
307
316
322
325
332
332
327
330
325
322
318
306
299
290
283
272
263
255
239
228
216
200
187
173
161
144
133
119
103
89
79
65
54
45
30
17
3
-13
-22
-35
-52
-69
-81
-93
-105
-122
-136
-139
-150
-160
-169
-184
-197
-205
-213
-225
-227
-232
-241
-246
-245
-244
-246
-245
-245
-242
-243
-239
-237
-237
-229
-224
-217
-206
-202
-201
-191
-186
-182
-177
-171
-160
-154
-145
-133
-129
-116
-106
-96
-89
-86
-77
-69
-56
-52
-40
-30
-17
-1
10
25
35
52
63
76
85
94
105
118
132
144
161
174
186
202
211
224
233
236
245
250
251
251
255
257
262
261
263
263
259
256
248
238
228
220
208
204
189
172
160
143
134
114
94
83
72
58
44
26
10
-7
-26
-41
-58
-76
-88
-97
-108
-118
-121
-129
-135
-138
-141
-150
-157
-158
-161
-162
-168
-168
-169
-169
-171
-175
-172
-173
-168
-173
-173
-171
-167
-172
-173
-177
-178
-173
-179
-177
-172
-167
-161
-156
-150
-139
-130
-125
-116
-105
-101
-91
-71
-59
-45
-34
-20
1
15
32
45
58
68
84
95
109
118
128
137
145
160
163
173
183
190
192
194
190
183
181
175
170
167
163
162
155
146
137
127
115
112
102
101
98
91
82
69
57
46
31
15
3
-4
-9
-16
-13
-18
-22
-30
-31
-32
-35
-35
-40
-42
-44
-47
-44
-41
-36
-44
-49
-44
-45
-45
-50
-48
-47
-47
-44
-49
-44
-45
-53
-58
-68
-74
-74
-71
-65
-63
-59
-53
-47
-53
-65
-69
-66
-62
-60
-54
-47
-44
-34
-28
-33
-31
-24
-19
-17
-7
7
16
18
17
19
23
27
30
36
39
44
45
37
32
27
27
27
23
22
25
28
30
29
26
26
26
33
36
41
43
46
43
38
35
30
22
16
9
2
-1
-3
-4
-4
-7
-4
-4
-4
-8
-14
-21
-20
-17
-12
-6
-2
8
7
12
10
1
-1
-1
1
9
21
30
34
32
25
12
-6
-15
-18
-15
-6
4
13
11
8
-3
-16
-31
-41
-39
-33
-26
-23
-18
-21
-26
-25
-30
-37
-38
-33
-27
-16
-9
-5
-4
-8
-11
-13
-13
-12
-8
-1
3
-4
-8
-13
-16
-18
-20
-18
-14
-12
-7
-2
-4
-4
0
4
6
8
15
21
20
17
15
16
16
10
3
4
1
-4
-5
-5
8
13
15
19
16
15
4
0
8
10
12
22
28
32
27
22
22
13
14
19
19
26
26
28
29
27
18
10
3
-5
-9
-5
2
1
4
5
0
-8
-16
-16
-15
-12
-9
-1
6
1
-4
-4
5
9
7
10
11
15
19
18
18
15
12
13
12
15
21
22
22
25
25
19
15
11
5
2
2
10
12
7
7
4
-3
-13
-24
-21
-18
-20
-17
-15
-19
-27
-32
-29
-29
-29
-34
-38
-36
-38
-38
-34
-24
-16
-16
-12
-12
-16
-21
-26
-25
-23
-22
-21
-13
-8
-15
-23
-24
-26
-29
-33
-30
-23
-22
-24
-25
-21
-20
-30
-33
-36
-35
-34
-34
-27
-23
-25
-25
-17
-16
-17
-18
-14
-4
7
9
12
15
21
32
37
35
36
38
44
48
49
51
57
58
58
62
67
73
77
85
89
89
89
89
89
81
78
81
86
86
81
77
71
63
49
38
44
38
34
30
24
21
15
6
0
-3
-7
-12
-16
-27
-30
-31
-33
-26
-26
-34
-39
-41
-43
-54
-62
-68
-70
-77
-81
-83
-85
-85
-98
-105
-110
-118
-123
-123
-123
-117
-119
-116
-112
-118
-122
-126
-128
-127
-122
-113
-106
-101
-96
-94
-87
-76
-69
-62
-54
-41
-26
-16
-3
5
15
31
45
48
59
65
74
85
93
107
114
121
126
133
140
147
156
170
177
181
186
187
191
189
188
193
196
194
187
186
181
174
170
164
157
150
137
128
120
111
102
93
85
78
67
57
43
35
30
20
12
0
-8
-20
-30
-38
-49
-59
-72
-85
-99
-114
-123
-131
-144
-153
-166
-183
-193
-209
-221
-228
-235
-240
-248
-255
-259
-268
-273
-279
-284
-284
-282
-278
-275
-276
-267
-260
-253
-240
-230
-212
-199
-188
-171
-154
-140
-120
-107
-85
-65
-53
-36
-26
-7
15
30
49
65
78
94
109
126
139
155
176
189
203
217
221
233
242
255
265
271
280
284
290
300
299
299
300
299
302
296
295
292
282
275
269
267
259
244
235
222
209
202
187
175
165
152
136
122
101
84
67
54
41
20
0
-17
-30
-46
-67
-83
-101
-118
-128
-147
-162
-175
-189
-198
-209
-223
-231
-242
-251
-257
-265
-269
-274
-274
-281
-289
-279
-275
-272
-264
-265
-253
-247
-242
-229
-225
-211
-201
-197
-182
-175
-166
-154
-142
-125
-113
-104
-88
-81
-65
-46
-33
-14
-4
8
24
37
51
65
78
90
98
106
116
129
142
148
152
159
165
174
175
179
181
176
181
178
174
171
164
165
160
153
149
142
137
133
124
120
117
108
106
98
90
82
71
62
49
44
38
31
25
20
13
5
1
-7
-4
-8
-12
-13
-23
-21
-26
-25
-30
-40
-41
-50
-48
-52
-55
-60
-62
-60
-59
-57
-66
-62
-65
-67
-63
-63
-58
-60
-58
-59
-60
-51
-49
-48
-50
-50
-45
-40
-39
-43
-42
-44
-40
-40
-38
-38
-41
-37
-29
-24
-21
-21
-19
-11
-9
0
6
11
12
9
10
12
15
15
17
16
21
17
17
23
23
22
20
19
16
16
13
8
0
-6
-6
-13
-14
-18
-21
-13
-14
-7
-7
-3
-1
-3
-1
-5
-1
-9
-5
-2
-5
-5
-3
5
6
12
14
19
27
27
33
35
45
45
44
48
47
49
44
42
37
37
36
34
40
42
45
43
45
48
52
48
43
50
46
44
43
37
36
38
37
29
30
29
29
29
15
14
9
4
2
-2
-5
-16
-22
-27
-31
-36
-39
-40
-47
-49
-53
-46
-48
-48
-47
-54
-53
-61
-62
-61
-60
-63
-69
-69
-68
-66
-64
-65
-63
-64
-63
-61
-59
-60
-64
-69
-75
-72
-74
-73
-69
-67
-56
-48
-44
-40
-32
-28
-20
-12
-9
-4
1
2
5
12
17
25
28
32
40
45
51
56
57
62
65
66
73
76
77
79
78
76
76
75
74
77
75
72
76
79
73
71
70
65
64
62
62
56
49
46
44
40
32
32
30
28
21
19
13
6
4
0
1
-10
-14
-18
-20
-28
-30
-31
-35
-39
-47
-44
-44
-49
-53
-56
-55
-58
-62
-61
-57
-57
-56
-55
-49
-42
-41
-34
-33
-35
-31
-28
-22
-20
-22
-27
-26
-23
-23
-23
-23
-22
-18
-13
-8
-4
-6
-4
1
5
14
14
11
11
10
17
15
19
20
20
22
25
30
27
27
25
28
28
29
25
23
24
19
14
14
15
12
9
8
7
6
8
8
9
6
3
1
-3
-10
-13
-13
-17
-19
-22
-25
-26
-24
-21
-19
-17
-14
-13
-10
-2
-3
0
0
0
-3
-4
-3
0
1
0
-1
-4
-1
-2
-5
-5
-8
-8
-8
-6
-6
-10
-5
-3
-3
-3
-9
-9
-11
-11
-12
-12
-11
-5
1
2
10
11
14
18
22
26
24
23
20
17
16
20
15
14
17
15
15
17
15
16
14
17
18
11
7
5
3
-3
-5
-8
-13
-15
-17
-14
-10
-9
-6
-6
-1
3
1
-2
2
4
1
-1
-3
-2
-4
-4
-3
3
5
6
1
-4
-6
-10
-6
-6
-7
-7
-9
-13
-7
-5
-7
-7
-9
-10
