-1
-1
-1
-2
-1
1
1
1
0
1
-1
-2
-3
-2
1
2
2
1
1
0
-1
-1
-1
0
1
1
1
-1
-2
-1
-1
0
1
2
1
1
-1
-1
-1
-2
0
1
2
1
1
0
0
-1
-1
0
1
1
0
0
-1
-1
-1
-1
-1
0
1
1
0
-2
-1
-1
0
0
1
1
1
0
-1
-1
0
0
2
2
2
1
0
1
0
0
0
1
2
0
0
-1
-1
-2
-1
-1
0
2
1
0
-2
-2
-2
-1
-2
1
2
2
0
-2
-3
-2
-2
0
1
1
1
1
-1
-2
-2
-1
1
2
2
1
0
-1
-3
-3
-1
2
3
1
0
-2
-2
-2
-3
-1
1
3
4
3
-1
-3
-3
-4
-1
1
4
4
0
-1
-1
-4
-4
-2
3
4
2
2
-1
-1
-2
-2
0
2
6
3
1
-1
-4
-5
-4
-1
2
2
2
1
0
-3
-4
0
1
-1
1
2
0
-1
-1
-1
1
1
2
3
3
1
-1
-2
-1
-2
-1
-1
2
1
0
-1
-1
0
-1
0
0
0
2
3
1
0
-2
0
-1
-2
-1
2
5
1
0
0
1
-1
-1
0
1
1
1
1
1
-1
-1
-1
-1
-2
0
2
3
-1
-2
0
0
-1
-3
1
4
1
-2
-2
2
0
-1
1
1
-1
-2
0
2
-1
-4
0
5
2
-6
-4
6
4
-5
-7
3
7
0
-8
-2
6
1
-6
-3
2
4
0
-1
-2
0
3
5
0
-9
1
11
6
-16
-15
12
14
-8
-16
4
21
1
-21
-4
19
9
-15
-11
12
11
-5
-8
2
4
0
0
-1
-3
-1
2
0
-6
-5
5
8
-5
-9
5
11
-4
-12
-1
10
3
-11
-4
8
5
-5
-2
6
4
-1
-3
2
1
-2
0
2
0
-3
1
2
-1
-2
1
4
1
-3
-1
3
1
-4
-3
2
0
-2
-1
0
0
-2
0
1
0
-4
-3
1
2
0
0
1
1
0
-2
0
0
0
0
0
0
-1
-1
0
1
-1
-2
0
1
-1
-3
1
1
-1
-4
-1
1
2
-2
-1
2
1
0
-1
2
1
-1
-2
-2
0
-1
0
0
0
-1
1
0
-1
-2
1
3
0
0
0
1
1
-1
-1
-1
1
0
-2
-1
0
-1
1
0
1
-1
-1
0
1
1
0
0
0
-1
0
0
0
0
1
1
-1
-1
0
0
0
0
-1
0
1
0
-1
-1
1
0
0
0
-1
0
-2
-2
-1
1
0
-1
-1
1
1
1
0
1
2
2
1
0
0
0
1
0
-1
-1
-1
0
-1
-1
0
0
0
0
0
-1
0
-1
-1
-1
0
1
0
0
0
1
-1
1
0
0
2
1
0
1
1
0
1
0
0
-1
-1
1
0
1
0
0
0
0
0
-2
-2
1
-1
1
1
0
0
0
1
0
0
0
2
0
-1
-1
1
1
-2
0
0
1
-1
1
2
-1
0
2
3
-1
0
1
1
0
-2
1
2
1
-1
0
1
0
-1
0
1
0
-2
-1
1
2
0
0
1
1
-1
1
1
1
-1
-1
1
1
-2
0
2
0
-2
0
1
0
-2
-1
0
0
-1
0
-1
-1
1
2
1
-1
1
3
0
-3
0
2
-2
-3
-1
2
-2
-2
2
1
-3
-1
2
-1
-4
-1
1
-1
-2
2
2
-2
-1
2
0
-2
-1
3
0
-2
2
3
-1
-2
3
2
-1
0
1
1
-2
-2
3
4
-2
-4
2
3
-2
-3
5
5
-5
-7
4
6
-7
-8
8
8
-10
-10
10
9
-13
-6
17
7
-19
-6
21
4
-23
-1
20
-2
-22
2
22
-5
-23
9
21
-9
-18
8
15
-10
-10
11
9
-10
-6
9
2
-9
0
6
0
-1
4
-1
-4
5
6
-8
-3
11
1
-14
-2
15
-1
-15
3
15
-6
-17
7
15
-8
-13
10
13
-10
-10
10
6
-8
-1
7
0
-5
3
2
-6
0
7
-3
-11
4
8
-8
-11
9
9
-10
-9
9
6
-9
-1
10
1
-7
1
3
-5
0
6
-4
-8
8
8
-16
-9
19
7
-24
-7
27
6
-31
-3
35
0
-37
0
37
-1
-40
1
42
-4
-43
3
42
-5
-43
4
47
-5
-47
8
51
-9
-52
10
54
-14
-57
16
55
-23
-57
27
57
-32
-53
39
48
-44
-43
46
39
-51
-33
61
21
-64
-9
59
1
-54
3
57
-17
-57
32
45
-40
-31
40
25
-42
-19
49
9
-47
3
38
-12
-40
14
39
-26
-29
29
16
-28
-14
29
12
-37
-1
37
-15
-25
18
19
-15
-20
21
15
-33
-4
29
-11
-14
11
5
-3
-11
6
14
-14
0
13
-12
-2
9
-6
-4
3
10
-8
-16
26
5
-27
10
15
-7
-12
-2
23
-9
-27
25
10
-20
2
5
10
-6
-19
26
10
-35
13
27
-23
-14
28
10
-33
-4
38
-12
-32
26
20
-27
-10
17
5
-12
-3
13
5
-5
-3
-6
5
11
-15
0
25
-11
-9
13
-16
2
23
-26
-8
38
-8
-35
10
27
-10
-31
17
38
-31
-31
39
14
-34
-3
28
3
-24
1
19
-8
-3
0
-4
23
-15
-23
32
-11
-11
29
-27
6
25
-30
3
6
6
13
-37
15
32
-39
-3
16
9
3
-28
20
15
-33
7
4
-1
12
-17
7
11
-18
6
-1
2
10
-10
6
-4
-3
15
-29
11
35
-42
7
25
-30
13
-3
-9
39
-32
-17
48
-23
-24
15
9
9
-28
-10
47
-18
-45
38
21
-28
-3
6
17
-3
-37
30
15
-29
18
-8
8
16
-51
39
22
-65
45
14
-42
19
-13
19
6
-52
57
5
-47
34
-19
9
35
-74
29
63
-72
-5
33
2
2
-51
33
59
-93
12
71
-69
15
30
-49
39
12
-50
28
3
-1
-10
-38
74
-2
-94
86
19
-91
59
-8
-29
63
-50
-12
62
-31
-15
2
20
21
-67
26
52
-80
31
49
-69
30
30
-33
0
-18
28
33
-92
10
110
-50
-89
89
46
-79
2
3
37
21
-109
39
106
-85
-31
29
58
-29
-93
96
8
-63
49
-53
51
38
-114
89
-6
-58
100
-116
-3
169
-165
-3
140
-101
22
23
-103
126
-30
-111
96
16
11
-62
-17
156
-98
-87
120
-81
51
-15
-112
181
-10
-93
33
-8
123
-143
-183
326
-49
-254
214
40
-19
-42
-74
150
-11
-213
106
83
-65
8
-33
124
36
-185
26
190
-197
-106
203
-26
-84
80
33
-2
22
-135
73
52
-159
35
83
-27
20
10
-18
71
-26
-113
18
73
-50
-57
56
47
98
-161
-24
213
-106
-181
96
81
-28
-73
-5
191
-40
-148
58
90
-84
-54
5
36
47
-11
-87
96
76
-100
-63
47
38
2
-114
-6
214
-89
-103
45
106
-25
-105
-75
172
90
-273
11
288
-74
-243
156
67
-22
-87
-65
180
11
-145
-29
185
-10
-131
-48
167
20
-205
69
125
-49
-62
5
21
85
-126
-5
106
-55
33
-110
97
34
-96
35
-18
64
26
-212
160
177
-350
140
180
-202
6
57
-29
21
59
-207
190
77
-233
17
241
-202
11
97
-154
239
-146
-146
278
-14
-248
197
-57
17
40
-205
203
72
-232
84
99
-142
183
-211
-3
342
-313
-98
340
-125
-149
144
-67
76
-60
-46
68
51
-76
-67
70
89
-99
-115
211
-49
-100
26
85
-2
-97
18
130
-137
-94
183
9
-140
-37
263
-84
-302
272
145
-326
71
223
-158
-78
171
-95
-46
85
36
-139
79
47
-92
33
93
-137
58
142
-225
103
56
-31
-58
33
-35
174
-195
-78
304
-155
-257
439
-158
-260
404
-156
-163
173
47
-163
92
32
-46
-67
33
47
4
-117
137
41
-309
300
-108
-91
257
-158
-150
258
-40
-252
204
93
-149
-76
202
-198
118
-47
-28
245
-315
19
331
-352
30
355
-439
230
166
-447
196
254
-240
-31
35
38
193
-404
82
414
-344
-47
249
-294
254
23
-343
347
-46
-215
228
-103
-76
226
-182
44
89
-204
139
150
-321
161
134
-230
110
18
-155
205
-33
-179
181
-74
-61
157
-152
5
149
-230
162
80
-283
162
146
-203
-32
186
-69
0
-8
-131
206
92
-326
94
240
-164
-104
83
158
-203
26
90
-79
96
-160
57
178
-155
-105
102
157
-216
-97
358
-205
-123
273
-278
161
58
-153
94
-69
168
-124
-125
306
-123
-153
163
46
-145
16
162
-160
-36
184
-118
27
21
-90
202
-177
-168
382
-39
-406
156
418
-427
-159
485
-178
-236
191
123
-330
127
181
-190
-33
167
-62
4
25
-186
155
128
-166
-293
409
120
-460
42
311
-34
-174
65
10
88
-17
-176
120
185
-213
174
-5
-260
490
-237
-276
326
-10
-188
101
-86
109
-68
-75
178
-110
-58
137
97
-433
433
-91
-179
244
-123
-154
442
-336
-173
569
-369
-14
9
109
-11
-134
-12
270
-235
-182
138
124
-197
-79
350
-209
-133
223
-78
-180
248
109
-238
-86
470
-142
-480
509
125
-333
-56
189
56
-117
-229
296
105
-283
63
178
-162
187
-144
-187
330
28
-337
74
284
-238
-37
-17
155
-49
-27
-133
150
104
-379
145
343
-361
-18
450
-323
-13
72
-59
160
-179
-97
212
-80
-168
139
-68
-26
207
-141
-181
317
-99
-149
291
-336
244
230
-378
69
195
101
-173
-145
48
328
-197
-411
309
204
-238
-170
88
308
-107
-427
495
-142
-178
313
-229
-23
239
-120
-9
88
-216
358
-34
-495
398
248
-528
121
312
-386
115
66
-305
20
521
-487
-267
813
-296
-555
549
117
-522
499
-224
11
345
-316
-71
409
-178
-266
355
-245
98
119
-384
231
339
-631
99
686
-717
60
529
-513
-28
525
-388
-260
482
63
-637
358
403
-641
228
142
-284
162
76
-248
97
275
-145
-262
284
165
-379
-20
474
-262
-337
555
-201
-383
515
-166
-196
266
-169
47
12
-57
28
-21
88
94
-464
449
190
-619
326
268
-249
-101
80
68
111
-376
113
329
-355
-45
229
11
-260
141
256
-572
306
456
-852
389
422
-704
317
244
-354
-16
413
-269
-388
658
-8
-669
438
311
-638
164
266
-327
118
199
-360
315
1
-283
107
154
-59
-355
601
-125
-439
394
307
-812
393
537
-1036
533
561
-1053
317
689
-915
94
688
-420
-343
735
-312
-498
936
-547
-198
703
-540
-18
276
-139
57
-146
184
-109
6
66
-379
712
-410
-359
502
76
-558
258
218
-214
-130
256
-156
42
328
-733
617
25
-336
-90
546
-220
-344
238
342
-320
-360
860
-559
-35
247
73
-377
199
171
-396
360
-74
-371
523
-21
-847
932
7
-686
249
456
-551
101
158
-272
427
-151
-517
768
-26
-883
955
-154
-330
34
357
-228
-359
620
-434
127
107
-251
2
468
-508
-87
622
-429
-17
81
180
-296
237
-10
-184
183
31
-121
38
-63
191
-37
-291
152
190
-196
-147
269
-149
271
-470
22
537
-354
-320
539
-21
-213
3
-53
420
-439
73
145
-85
232
-484
83
386
-326
-250
538
-100
-249
305
-332
223
-72
-89
105
231
-415
155
339
-514
98
375
-65
-560
656
-97
-376
353
57
-590
661
-85
-906
1087
-160
-928
847
168
-1054
1189
-460
-549
1164
-706
-538
1302
-620
-774
1362
-783
-110
605
-580
209
448
-730
163
609
-557
-220
466
31
-294
-25
260
-84
7
-174
82
418
-570
66
363
-344
22
102
-175
448
-544
263
292
-528
305
85
-287
405
-338
-73
544
-619
59
339
-190
-99
121
-68
272
-404
85
319
-335
125
34
-32
232
-484
326
72
-426
499
-293
139
338
-646
261
371
-756
315
169
-61
38
-121
13
175
-506
337
-26
68
203
-349
281
68
-775
557
244
-774
886
-129
-412
584
-769
-122
906
-945
248
867
-670
168
-17
-406
397
-280
-99
501
-120
-1
-71
27
-120
-51
174
-153
66
357
-392
-109
448
-550
314
12
-258
505
-284
-286
353
-13
-330
167
275
-104
-213
219
31
-203
104
-21
-66
335
-438
-7
530
-542
-30
517
-380
-18
364
-466
277
-23
-201
242
-45
-90
-20
240
-297
68
261
-262
86
220
-535
511
-176
-461
742
-332
-284
720
-646
204
328
-762
642
55
-654
609
-79
-317
275
-221
172
46
-267
223
43
-60
-73
-26
270
-378
254
-88
-3
104
-56
-84
37
109
-133
52
91
-116
146
38
-467
595
-335
-134
440
-428
283
54
-247
99
118
-145
121
-94
-28
172
-113
-211
185
169
-211
77
-39
204
-184
-161
128
116
-81
-243
506
-341
234
-222
-131
655
-770
156
402
-260
-80
75
76
85
-141
-232
265
345
-763
119
928
-947
263
319
-565
468
-62
-720
985
-118
-838
1063
-418
-406
759
-773
203
547
-725
455
-28
-162
27
-136
70
-24
35
60
5
-14
-93
17
26
-303
387
-111
-155
402
-431
225
-5
-280
313
-106
-85
296
-239
110
-61
-136
168
-117
114
-336
628
-321
-220
336
-256
291
-327
-37
320
9
-405
378
-302
390
-398
147
102
-207
570
-616
160
324
-257
-159
355
-299
254
122
-407
158
444
-617
195
165
-25
-44
35
-111
96
312
-734
435
422
-640
189
175
-190
132
-78
-172
464
-211
-191
152
37
60
-325
359
-58
-121
228
-277
-29
365
-356
59
296
-368
333
-160
-196
145
155
-212
-106
355
-162
-168
118
-1
-197
244
36
-365
437
-105
-585
976
-898
116
856
-1172
536
533
-1212
898
19
-823
823
-242
-334
577
-326
-464
869
-551
-145
346
-314
353
-170
-342
118
753
-954
16
634
-361
111
-369
242
400
-543
-91
523
-178
-173
168
-94
352
-429
122
314
-339
205
-132
164
32
-197
184
87
-349
466
-131
-372
621
-390
138
43
-456
788
-299
-538
599
128
-439
-69
526
-458
316
-105
-338
539
-76
-704
886
-128
-695
1045
-762
232
203
-447
320
340
-501
-228
1055
-690
-495
989
-579
221
84
-478
674
-242
-433
399
117
-466
438
102
-634
637
-304
-116
135
14
-154
181
-48
40
-368
418
-144
-115
60
-330
967
-826
-302
798
-302
-387
136
274
-257
55
-8
-181
277
-186
-238
441
-294
-89
315
-175
-225
387
-258
38
216
-422
444
191
-933
887
43
-770
639
50
-373
286
-19
-47
71
-30
61
157
-465
552
-202
-280
436
-150
-113
122
244
-563
342
108
-288
113
55
44
-66
-78
60
-74
-26
207
-177
-8
153
-45
-56
-174
40
485
-526
44
393
-332
11
211
-601
605
107
-728
755
-463
302
-92
-303
503
-249
-7
243
-303
100
278
-427
215
-66
21
178
-254
-66
481
-309
-243
582
-646
424
182
-808
830
-55
-756
687
-260
-76
241
-350
371
57
-472
139
376
-347
-92
209
70
-41
-403
277
118
-266
96
274
-386
227
0
-435
620
-579
376
57
-361
301
-259
27
163
-73
-178
427
-180
-157
-21
173
19
-260
446
-335
81
322
-685
432
278
-625
543
-50
-486
764
-710
197
445
-474
45
310
-188
-182
258
-243
464
-287
-278
492
64
-710
434
427
-555
262
23
-68
38
-275
312
-19
-190
427
-292
58
-92
5
68
-215
299
22
-241
157
-107
-158
11
213
-212
315
-99
-151
-23
321
-749
322
443
-320
-88
191
31
-205
-163
-45
633
-733
520
-50
-319
117
105
-483
314
388
-607
561
-377
107
-262
108
109
-399
592
-94
-311
70
323
-517
243
84
49
-133
265
-408
260
-220
1
508
-785
669
55
-419
133
202
-295
348
-240
9
209
40
-321
132
306
-400
306
3
-346
383
162
-753
839
-547
256
342
-985
820
134
-562
135
420
-432
328
-377
197
20
217
-530
533
-163
-197
346
-508
454
-258
249
-212
87
-24
35
-58
-42
101
138
-62
-295
340
35
-397
204
197
-239
155
-112
-130
454
-393
-160
653
-313
-348
603
-568
346
-1
-544
721
-219
-343
205
274
-545
322
93
-279
222
-73
-43
-37
51
-162
149
55
-187
-103
438
-168
-513
649
-281
-2
198
-476
426
185
-682
303
184
-284
212
-322
178
270
-329
-34
176
-30
84
-212
-21
244
-185
69
-359
315
66
-189
-132
181
209
-335
99
-126
262
-20
-297
-57
516
-446
72
25
-78
325
-350
-20
179
150
-325
72
133
55
-163
-66
200
84
-284
60
302
-132
-210
163
210
-237
-20
75
182
-94
-103
98
77
18
-134
172
17
-70
118
-171
172
-50
-62
150
-47
0
-60
124
74
-275
225
-49
214
-338
38
198
-109
143
-373
341
99
-172
-107
62
269
-205
-108
44
235
-174
-130
161
-1
23
-113
117
-81
169
-209
73
-48
119
-242
88
222
-351
389
-486
398
-51
-280
293
-234
213
41
-472
201
321
-171
-446
557
-106
-118
131
-534
678
22
-795
706
-86
-364
589
-721
390
96
-187
-108
142
127
-244
154
-14
-65
76
-104
-29
188
-300
227
-15
-166
97
-64
89
-122
204
-66
-168
365
-288
-96
323
-268
225
69
-425
441
-57
-304
138
175
-266
320
-326
-66
420
-185
-378
351
194
-402
139
-135
218
137
-651
572
-33
-178
31
50
20
122
-188
-104
286
-4
-281
28
528
-633
205
124
-325
254
67
-517
555
21
-503
354
181
-469
419
-54
-264
556
-420
-35
423
-280
-102
443
-275
27
168
-289
325
-211
10
15
35
72
-310
177
6
35
-222
131
76
-142
67
-115
93
18
90
-323
223
198
-267
-27
142
15
-172
202
-293
401
-259
50
-149
-28
223
-269
103
-139
263
-62
-290
185
148
-201
95
-3
-47
228
-35
-279
357
-66
-116
298
-199
-48
402
-342
-127
374
-187
-114
420
-251
-403
727
-374
-358
479
-50
-194
50
-12
-81
175
-116
16
28
19
21
-241
307
-87
-155
176
32
-179
62
176
-292
223
-181
-164
420
-323
14
166
-88
22
7
-271
332
55
-237
26
223
-80
-167
181
-59
104
-87
133
-125
-5
54
60
-223
169
175
-242
157
-94
53
-177
166
-29
2
-18
-34
-29
39
-64
63
107
-42
51
-186
-87
322
-92
-253
322
1
-107
31
-90
137
3
-53
-26
-189
275
105
-377
166
278
-490
98
249
-380
291
232
-424
202
-55
-104
200
-91
-111
232
-38
-200
-19
72
55
-56
-66
143
-44
39
-9
-158
258
-140
-139
181
69
-258
76
302
-360
-73
341
-148
-52
135
-160
91
-24
-116
12
169
127
-296
56
105
-180
-1
206
13
-51
83
-118
-147
96
62
42
134
-190
23
-13
-158
91
-1
172
20
-239
86
16
-34
38
-32
144
5
-208
-3
255
-137
-70
218
-80
-37
-6
-46
178
26
-150
-12
147
-40
-181
105
153
-21
-219
69
-18
48
44
-97
74
236
-186
-154
201
-93
56
-124
31
50
14
9
-133
11
61
-87
-77
258
-150
133
102
-396
104
87
-138
44
180
-95
65
-47
-274
57
152
63
-80
12
95
-73
-308
142
229
-186
158
-58
-240
129
125
-126
119
124
-72
-130
-125
-20
224
97
-174
224
-85
-163
-38
-128
68
324
-37
-32
58
-115
-108
-205
114
266
183
-101
60
-157
-249
85
-61
193
331
22
-158
-144
-136
21
-53
124
330
-23
-60
-112
-202
61
-49
98
237
-26
16
35
-226
-73
133
-50
90
-27
61
-7
-127
-91
8
29
-97
138
-16
-18
-54
73
-60
-107
162
7
-131
22
19
-79
216
-205
-37
213
-274
-23
-5
45
75
-85
0
93
-68
-117
-78
25
16
9
114
87
65
-176
-227
34
-16
-41
200
286
2
-237
-147
-44
-117
-59
254
314
-40
-112
-132
-220
-62
-142
159
365
64
-74
-18
-199
-250
-20
118
206
175
199
-71
-187
-156
-72
-50
132
279
124
89
-71
-204
-180
10
-74
91
322
134
-95
-11
-113
-251
-65
5
178
199
2
62
-27
-281
-175
20
-17
95
265
17
-47
85
-343
-221
157
-170
122
275
-41
92
-111
-197
-166
-126
184
71
45
359
72
-273
-122
9
-164
-18
305
134
209
64
-237
-76
-128
-248
38
260
156
28
59
-144
-335
-208
-239
82
210
-63
179
66
-389
-204
-162
-110
42
203
234
70
48
-48
-273
-97
95
-26
161
298
134
-116
-39
-94
-317
-67
158
39
114
274
-118
-132
-38
-227
-89
254
150
209
272
5
66
-176
-133
269
109
117
471
102
-80
39
-138
-30
129
89
201
309
-60
-63
127
-76
-77
277
154
99
156
16
75
45
-15
105
180
-86
10
38
-69
-136
-9
-55
-190
-157
-319
-214
-242
-245
-167
-108
-308
-225
-411
-352
-68
-294
-90
126
-52
-324
-86
-90
-188
-83
203
246
-6
-18
28
24
-201
101
307
171
120
159
44
-4
43
-3
249
298
227
76
217
281
4
79
526
396
199
399
426
362
191
318
430
428
284
237
341
333
8
13
221
38
-149
-161
-25
-244
-360
-397
-286
-372
-543
-464
-435
-482
-553
-538
-500
-383
-546
-436
-337
-385
-369
-402
-339
-263
-276
-313
-140
-189
-304
-293
-288
-329
-299
-232
-241
-166
-224
-285
-298
-344
-251
-213
-145
44
18
-55
55
-55
-29
172
208
373
497
530
496
447
507
573
587
754
961
943
926
895
908
873
799
972
1184
1113
1107
1181
1104
1040
936
950
1144
1046
904
1019
1006
720
517
542
467
221
76
42
-133
-392
-669
-798
-875
-1155
-1369
-1362
-1398
-1615
-1725
-1694
-1673
-1801
-1809
-1606
-1525
-1510
-1380
-1259
-1122
-1035
-1029
-806
-650
-670
-501
-371
-362
-277
-292
-315
-247
-271
-316
-279
-296
-355
-421
-506
-566
-590
-666
-705
-598
-549
-542
-481
-382
-327
-248
-152
75
336
437
665
953
1025
1117
1295
1391
1546
1659
1729
1924
1962
1818
1829
1847
1695
1636
1705
1692
1629
1547
1474
1416
1335
1234
1248
1344
1323
1325
1369
1299
1173
1112
1023
975
950
856
741
562
322
89
-161
-468
-709
-909
-1134
-1436
-1673
-1853
-2106
-2346
-2436
-2426
-2440
-2443
-2415
-2272
-2171
-2139
-1981
-1696
-1480
-1343
-1141
-888
-737
-736
-660
-506
-404
-437
-428
-316
-352
-555
-648
-656
-764
-875
-953
-906
-902
-1062
-1131
-1055
-1080
-1091
-976
-824
-638
-517
-359
-92
103
234
492
745
939
1185
1440
1636
1803
1991
2094
2130
2171
2159
2118
2136
2083
2090
2125
1955
1772
1700
1489
1278
1219
1254
1291
1267
1232
1228
1110
925
915
1052
1211
1292
1372
1437
1291
1009
807
725
671
590
553
555
290
-193
-636
-994
-1337
-1561
-1664
-1673
-1784
-2097
-2377
-2555
-2713
-2808
-2644
-2345
-2123
-1992
-1854
-1751
-1704
-1651
-1470
-1112
-795
-602
-437
-342
-452
-597
-625
-576
-531
-502
-503
-566
-696
-940
-1152
-1276
-1327
-1305
-1182
-1114
-1067
-1092
-1190
-1180
-1011
-772
-472
-183
145
471
591
676
898
1147
1383
1686
2062
2388
2422
2249
2199
2198
2152
2098
2196
2315
2292
2030
1808
1637
1475
1275
1242
1368
1494
1463
1356
1273
1264
1226
1123
1156
1389
1594
1543
1363
1291
1241
993
685
584
542
311
-100
-257
-258
-598
-1287
-1721
-1810
-1893
-2112
-2258
-2217
-2273
-2553
-2691
-2487
-2346
-2445
-2434
-2055
-1570
-1387
-1460
-1454
-1266
-1115
-934
-626
-340
-328
-493
-538
-416
-424
-685
-875
-805
-644
-713
-886
-1070
-1300
-1544
-1563
-1358
-1127
-1123
-1217
-1072
-826
-734
-681
-426
-76
310
611
944
1196
1240
1202
1489
1955
2242
2328
2422
2532
2483
2291
2178
2255
2278
2268
2383
2519
2291
1809
1486
1481
1594
1687
1837
1914
1745
1393
1234
1168
1035
865
1000
1205
1211
934
616
169
-362
-639
-464
-221
-378
-778
-1112
-1355
-1730
-2016
-2050
-1964
-2012
-2021
-1892
-1803
-1980
-2260
-2282
-2001
-1621
-1360
-1189
-1111
-1095
-1139
-1149
-1079
-936
-817
-781
-714
-659
-765
-1042
-1278
-1346
-1266
-1223
-1206
-1148
-1121
-1237
-1353
-1335
-1215
-1022
-787
-515
-258
-154
-142
-56
152
408
723
1021
1304
1512
1630
1650
1722
1866
2056
2268
2465
2584
2498
2310
2163
2179
2256
2321
2325
2263
2088
1850
1629
1429
1351
1340
1362
1283
1181
1006
719
380
307
484
533
360
165
80
-148
-460
-654
-656
-775
-980
-1022
-957
-1119
-1488
-1699
-1723
-1616
-1481
-1345
-1406
-1606
-1730
-1628
-1479
-1407
-1350
-1337
-1375
-1382
-1235
-1141
-1197
-1349
-1323
-1123
-932
-903
-1031
-1180
-1226
-1130
-981
-793
-707
-830
-1074
-1101
-845
-596
-562
-592
-480
-328
-270
-211
-21
146
219
371
728
1086
1127
954
910
1118
1395
1599
1777
1971
2044
1933
1865
1974
2116
2095
2099
2263
2437
2349
2071
1814
1655
1549
1511
1617
1690
1616
1390
1179
952
757
623
599
623
590
480
245
-74
-441
-658
-701
-661
-739
-869
-1018
-1186
-1399
-1584
-1620
-1585
-1554
-1583
-1552
-1550
-1636
-1838
-1935
-1890
-1816
-1811
-1834
-1793
-1775
-1841
-1950
-1957
-1941
-1923
-1860
-1657
-1483
-1445
-1509
-1551
-1509
-1397
-1243
-1062
-871
-753
-680
-597
-465
-383
-331
-243
2
296
520
655
785
825
793
913
1223
1540
1714
1859
1955
2016
2067
2263
2423
2477
2506
2666
2765
2722
2804
2990
2954
2580
2419
2537
2630
2429
2433
2649
2546
1907
1418
1446
1516
1398
1344
1529
1380
870
366
262
197
74
-19
-16
-153
-424
-693
-1135
-1653
-1994
-1948
-1899
-1878
-1880
-1922
-2309
-2793
-2953
-2762
-2538
-2372
-2107
-1965
-1999
-2149
-2195
-2248
-2191
-1965
-1642
-1501
-1527
-1601
-1776
-2036
-2192
-2035
-1807
-1671
-1674
-1712
-1839
-1996
-2070
-1959
-1716
-1460
-1235
-1084
-947
-830
-699
-565
-313
29
378
705
973
1101
1081
1091
1211
1478
1764
2036
2151
2119
2029
2066
2190
2272
2306
2292
2243
2184
2244
2298
2288
2144
1990
1888
2015
2252
2404
2349
2318
2455
2598
2632
2672
2803
2764
2612
2654
3042
3200
2798
2122
1755
1694
1649
1463
1156
508
-618
-1803
-2425
-2394
-2374
-2820
-3593
-4212
-4528
-4577
-4417
-4073
-3748
-3555
-3352
-2868
-2108
-1459
-1192
-1129
-837
-261
255
412
288
109
-39
-162
-240
-354
-679
-1197
-1647
-1851
-1947
-2170
-2564
-3022
-3356
-3437
-3308
-3285
-3469
-3501
-3033
-2347
-1870
-1525
-1110
-751
-518
-2
906
1688
1890
1872
2021
2272
2396
2443
2501
2521
2492
2352
2085
1705
1398
1143
947
887
1001
1007
737
447
384
503
594
722
900
1169
1388
1558
1601
1572
1573
1640
1811
1972
2101
2002
1797
1444
1156
951
1017
1014
847
636
696
819
668
517
642
1054
1236
1420
1572
1736
1407
1049
966
1396
1764
1731
1233
592
107
-292
-465
-592
-691
-1276
-1948
-2395
-2247
-2225
-2503
-3010
-3291
-3356
-3161
-2684
-2260
-2143
-2353
-2278
-1915
-1323
-929
-632
-522
-300
87
566
818
733
568
521
789
1070
1209
968
606
202
-58
-237
-252
-298
-523
-748
-842
-991
-1702
-2483
-2645
-1897
-1155
-785
-824
-1032
-1505
-1721
-1172
-149
506
463
361
470
735
694
468
136
168
511
964
1034
699
99
-516
-723
-406
189
288
-59
-504
-553
-493
-471
-661
-824
-738
-298
227
407
264
-89
-271
-172
456
1086
1259
838
495
508
726
857
867
846
789
921
1174
1391
1303
1214
1332
1727
2212
2742
3069
2959
2572
2327
2426
2904
3811
4774
4888
3658
1388
-1204
-3124
-3001
-701
1439
1146
-1104
-3150
-4596
-5474
-4968
-2540
-497
-396
-932
-159
778
212
-996
-857
926
3032
4697
5223
4490
2684
1130
620
1606
3196
3975
3018
1225
-42
-796
-1739
-2996
-3664
-3581
-2998
-2570
-2611
-3456
-4824
-6012
-6250
-5110
-3249
-1848
-2054
-3270
-4261
-3967
-2925
-1926
-1574
-1576
-1506
-1146
-613
-188
-94
-675
-1538
-1857
-986
176
382
-681
-1910
-2381
-2141
-1779
-1642
-1662
-1767
-1790
-1641
-1338
-1193
-1418
-1751
-1549
-555
548
894
296
-434
-531
100
868
1279
1244
1089
1077
1264
1532
1731
1778
1764
1982
2585
3307
3659
3502
3195
3209
3718
4387
4760
4743
4775
5030
5242
5257
5472
5840
5806
5238
5042
5518
5824
5449
5171
5390
5105
3763
2343
1726
723
-1405
-3344
-3128
-1808
-1612
-2995
-4231
-4956
-5983
-6716
-5417
-2543
-1099
-1934
-2846
-1919
-549
-140
-241
412
1545
2506
3239
3695
3556
2546
1354
590
939
1808
2085
670
-1522
-3009
-3446
-3856
-4801
-5617
-5898
-5743
-5827
-5985
-6118
-6009
-6057
-6041
-5345
-3621
-1776
-1242
-1696
-1970
-1351
-1026
-1205
-1298
-241
1193
2078
1965
1355
480
-648
-1429
-1282
-12
942
723
-679
-1761
-2176
-2172
-2436
-2536
-2154
-1420
-846
-736
-822
-1081
-1240
-1228
-339
1233
2754
2950
2066
1149
1078
1454
1669
1834
2177
2517
2220
1615
1181
1091
748
309
472
1517
2522
2547
1894
1459
1636
2026
2413
2856
3338
3642
3640
3626
3767
4159
4373
4315
4100
4306
4744
4848
4425
3971
3884
3753
3666
3525
3346
2319
878
-977
-3106
-5243
-5539
-3715
-2133
-2698
-4424
-5396
-6393
-7384
-6825
-3517
-684
-490
-1610
-1080
419
913
485
612
1876
3182
4300
4735
4697
3561
1962
407
255
1359
2334
1532
-667
-2518
-3523
-4187
-5184
-5852
-6146
-5899
-5668
-5443
-5454
-5460
-5565
-5751
-5439
-3932
-1574
-99
-99
-592
-350
76
-72
-542
-467
243
1041
1554
1578
983
-399
-2132
-3360
-3228
-2020
-957
-1010
-1965
-2953
-3600
-3886
-3812
-3239
-2400
-1564
-857
-336
-125
-284
-466
-325
600
2056
3441
3870
3430
2617
2107
1913
2038
2362
2755
2903
2657
2279
1911
1561
999
648
916
1960
2893
3126
2772
2466
2322
2284
2533
3171
3964
4421
4714
4961
5259
5229
4920
4478
4474
5079
5958
6341
5951
5145
4343
3936
4009
4362
4067
2858
1029
-989
-3243
-4782
-4441
-2815
-2131
-3189
-4465
-5141
-5866
-6640
-5812
-3393
-1458
-1278
-1408
-659
206
157
-266
6
1015
2202
3007
3257
2736
1622
232
-725
-795
-182
49
-774
-2268
-3620
-4609
-5491
-6280
-6820
-6891
-6529
-5970
-5625
-5514
-5489
-5517
-5578
-5110
-3620
-1619
-249
133
216
516
715
301
-381
-592
57
951
1503
1463
949
-350
-2239
-3729
-3702
-2521
-1448
-1256
-1790
-2530
-3188
-3494
-3483
-3018
-2095
-768
334
955
1223
1384
1248
1085
1700
3305
4935
5573
5245
4515
3860
3417
3280
3409
3713
3964
3901
3485
2987
2557
1941
1220
1047
1766
2611
2867
2652
2399
2096
1755
1766
2275
2890
3299
3639
3938
4014
3826
3574
3349
3287
3580
4153
4552
4515
4134
3548
2795
2196
2060
2233
2155
1412
-217
-2751
-5423
-6654
-5611
-3544
-2552
-3375
-5078
-6691
-7734
-7551
-5717
-3370
-2364
-2853
-3073
-1987
-649
-326
-813
-1102
-657
482
1913
2909
2738
1454
-167
-1174
-994
24
666
-55
-1799
-3376
-4182
-4545
-4894
-5275
-5514
-5488
-5180
-4672
-4171
-3949
-4150
-4448
-4121
-2816
-1090
249
969
1350
1581
1603
1287
631
125
494
1630
2540
2644
2169
1139
-675
-2427
-2605
-1297
-256
-449
-1101
-1410
-1615
-2036
-2438
-2461
-1917
-901
168
969
1609
2008
1726
1046
1216
2680
4161
4520
4171
3916
3723
3345
2949
2712
2559
2456
2390
2260
2115
2015
1601
691
-31
127
809
1245
1417
1635
1721
1450
1132
1162
1563
2166
2771
3116
3193
3336
3588
3630
3393
3281
3475
3749
4031
4313
4241
3513
2525
1983
2054
2241
1711
-339
-3585
-6169
-6249
-4170
-2097
-1679
-2968
-5180
-7267
-7871
-6295
-3628
-1993
-2163
-2854
-2539
-1201
-22
205
-190
-373
122
1211
2505
3441
3397
2302
973
433
872
1546
1560
617
-862
-2138
-2775
-3013
-3344
-3848
-4292
-4600
-4793
-4699
-4241
-3843
-3882
-4033
-3695
-2827
-1877
-1031
-206
516
949
1093
952
432
-187
-194
700
1918
2716
2742
1851
150
-1489
-1930
-1059
2
260
-207
-850
-1378
-1727
-1894
-1918
-1849
-1650
-1185
-390
621
1364
1319
669
277
798
1926
2941
3449
3407
2937
2365
2094
2184
2304
2202
1918
1659
1594
1711
1743
1358
640
84
135
777
1528
1877
1653
1138
824
959
1454
2028
2375
2412
2353
2627
3291
3796
3647
3046
2721
2964
3422
3648
3489
2996
2280
1688
1491
1174
-277
-2974
-5452
-6050
-4751
-2997
-2164
-2666
-4313
-6375
-7533
-6815
-4803
-3190
-2836
-3070
-2847
-1992
-1055
-508
-367
-400
-269
333
1411
2583
3249
3080
2324
1616
1387
1545
1628
1224
309
-733
-1515
-2020
-2483
-3001
-3507
-4017
-4536
-4815
-4665
-4322
-4132
-4015
-3703
-3244
-2753
-2109
-1188
-257
377
713
761
462
84
248
1200
2449
3329
3489
2852
1659
554
243
750
1341
1352
763
15
-524
-838
-1105
-1384
-1583
-1623
-1479
-1086
-439
176
386
212
152
573
1326
1995
2324
2317
2192
2141
2207
2330
2412
2372
2117
1728
1520
1661
1880
1790
1390
1031
979
1195
1457
1556
1469
1347
1348
1472
1665
1918
2120
2143
2100
2307
2840
3301
3313
3017
2798
2784
2813
2737
2563
2344
2146
1912
1330
-11
-2093
-4146
-5185
-4856
-3690
-2631
-2431
-3364
-4997
-6289
-6331
-5228
-3980
-3356
-3171
-2847
-2217
-1557
-1098
-828
-717
-649
-326
513
1675
2556
2747
2438
2127
2048
2087
2049
1775
1180
356
-384
-806
-1046
-1381
-1917
-2591
-3282
-3777
-3885
-3689
-3497
-3386
-3137
-2688
-2286
-2023
-1653
-1016
-289
308
743
991
909
662
727
1378
2389
3205
3406
2894
1970
1228
1090
1432
1688
1439
768
63
-409
-684
-912
-1191
-1535
-1927
-2207
-2125
-1620
-997
-628
-542
-472
-215
188
593
875
1007
1130
1372
1709
2005
2158
2112
1781
1279
983
1128
1453
1561
1409
1212
1079
1000
999
1084
1152
1184
1242
1316
1328
1307
1376
1473
1532
1700
2087
2517
2709
2691
2660
2630
2522
2400
2355
2373
2366
2012
814
-1260
-3210
-3866
-3246
-2355
-1931
-2059
-2810
-4171
-5365
-5333
-4165
-3135
-3046
-3370
-3208
-2459
-1645
-1148
-973
-971
-1019
-897
-280
861
2019
2513
2281
1920
1919
2253
2543
2508
2066
1332
583
44
-248
-379
-562
-1112
-2106
-3092
-3499
-3319
-3051
-3060
-3232
-3291
-3151
-2885
-2565
-2139
-1590
-1111
-842
-584
-112
315
254
-69
69
882
1800
2224
2052
1461
740
324
443
784
809
317
-457
-1128
-1406
-1288
-1149
-1396
-1998
-2502
-2483
-1919
-1094
-452
-263
-362
-362
-36
503
1012
1319
1382
1387
1618
2099
2488
2451
2025
1525
1270
1393
1745
1992
1918
1611
1318
1245
1476
1849
2033
1889
1674
1683
1903
2181
2392
2440
2278
2172
2461
3062
3570
3725
3586
3282
3005
2981
3192
3292
2880
1729
-91
-1935
-2850
-2548
-1770
-1422
-1690
-2387
-3401
-4363
-4612
-3991
-3208
-2911
-2968
-2867
-2373
-1688
-1164
-985
-1045
-1098
-1011
-670
59
1034
1764
1950
1818
1736
1808
1945
2001
1805
1291
642
90
-299
-505
-580
-792
-1433
-2404
-3225
-3555
-3464
-3269
-3207
-3297
-3395
-3316
-3033
-2661
-2280
-1950
-1749
-1614
-1272
-591
109
302
-87
-513
-423
195
884
1255
1196
816
277
-175
-278
-127
-169
-660
-1315
-1662
-1562
-1292
-1253
-1580
-2059
-2275
-1971
-1306
-587
-54
173
155
183
582
1257
1838
2074
2069
2098
2335
2677
2864
2802
2612
2473
2436
2472
2545
2557
2399
2150
2036
2171
2455
2667
2662
2472
2271
2233
2313
2354
2337
2353
2461
2655
2956
3338
3579
3457
3105
2825
2775
2914
3019
2611
1247
-804
-2474
-2959
-2522
-1990
-1818
-2088
-2902
-4098
-4941
-4773
-3974
-3505
-3657
-3805
-3437
-2769
-2227
-1882
-1578
-1390
-1487
-1674
-1441
-625
328
902
1095
1227
1390
1486
1495
1448
1276
854
234
-336
-639
-651
-609
-848
-1449
-2189
-2841
-3321
-3562
-3531
-3326
-3145
-3090
-3011
-2739
-2329
-1985
-1819
-1737
-1555
-1131
-383
596
1362
1428
757
-46
-264
215
1026
1697
1889
1489
678
-54
-274
-169
-291
-819
-1424
-1668
-1431
-1030
-840
-1028
-1422
-1676
-1624
-1230
-534
201
642
794
976
1410
1914
2199
2194
2072
2075
2262
2475
2569
2586
2572
2443
2165
1901
1808
1760
1606
1440
1442
1647
1919
2107
2135
2029
1889
1768
1649
1617
1804
2138
2411
2631
2972
3325
3357
3047
2733
2613
2646
2723
2503
1470
-402
-2198
-2917
-2658
-2215
-2058
-2184
-2744
-3819
-4777
-4811
-4067
-3545
-3654
-3748
-3245
-2445
-1896
-1607
-1278
-950
-903
-1037
-839
-84
853
1490
1816
2076
2275
2302
2205
2124
2022
1722
1199
615
142
-126
-227
-357
-720
-1326
-2029
-2703
-3227
-3460
-3350
-3067
-2899
-2901
-2862
-2635
-2322
-2086
-1945
-1752
-1414
-885
-100
787
1299
1049
273
-311
-245
359
1116
1621
1544
838
-58
-539
-520
-520
-915
-1541
-1993
-2036
-1728
-1305
-1040
-1103
-1412
-1685
-1656
-1189
-444
295
879
1346
1790
2212
2537
2677
2619
2536
2616
2806
2969
3116
3303
3369
3133
2743
2476
2323
2120
1902
1850
1996
2174
2243
2174
2029
1884
1738
1564
1466
1624
1953
2213
2416
2765
3127
3139
2801
2517
2478
2508
2461
2114
1037
-860
-2690
-3367
-2955
-2415
-2332
-2613
-3296
-4447
-5467
-5500
-4688
-4116
-4253
-4438
-4009
-3219
-2608
-2193
-1760
-1442
-1511
-1735
-1495
-598
465
1143
1418
1589
1752
1819
1784
1715
1548
1179
686
238
-106
-349
-515
-751
-1225
-1879
-2464
-2880
-3208
-3417
-3394
-3201
-3080
-3082
-2955
-2562
-2103
-1830
-1684
-1413
-940
-354
315
1024
1483
1349
749
266
330
857
1493
1903
1821
1216
461
14
-96
-233
-596
-1024
-1323
-1415
-1259
-859
-463
-360
-587
-888
-955
-676
-110
627
1389
2016
2421
2636
2745
2756
2663
2557
2536
2565
2587
2677
2857
2918
2683
2253
1859
1562
1312
1175
1267
1499
1661
1678
1621
1586
1590
1567
1476
1430
1555
1826
2133
2498
2958
3287
3220
2880
2623
2534
2449
2251
1716
426
-1524
-3039
-3180
-2475
-2123
-2450
-3038
-3881
-5082
-5904
-5511
-4396
-3873
-4194
-4386
-3858
-3078
-2574
-2173
-1656
-1290
-1328
-1449
-1019
5
1017
1509
1621
1738
1900
1994
2059
2127
2022
1618
1061
568
212
-40
-215
-444
-906
-1521
-2038
-2414
-2739
-2928
-2870
-2766
-2854
-2970
-2783
-2297
-1836
-1590
-1426
-1155
-742
-205
451
1057
1233
812
210
6
408
1164
1853
2111
1717
895
255
146
270
172
-175
-521
-738
-794
-638
-323
-67
-96
-410
-697
-600
-131
382
782
1218
1751
2198
2460
2615
2696
2636
2442
2245
2168
2269
2522
2747
2696
2362
2002
1753
1538
1308
1233
1419
1666
1708
1579
1503
1524
1479
1283
1095
1121
1342
1592
1841
2212
2640
2777
2470
2061
1899
1902
1820
1531
832
-541
-2353
-3588
-3581
-2937
-2681
-3060
-3745
-4685
-5709
-6118
-5447
-4383
-4002
-4298
-4451
-4082
-3522
-2969
-2283
-1580
-1226
-1324
-1389
-872
118
1020
1456
1627
1785
1895
2012
2272
2554
2448
1835
1057
515
275
212
185
-23
-534
-1216
-1813
-2242
-2509
-2528
-2409
-2459
-2715
-2788
-2424
-1880
-1520
-1411
-1319
-1043
-572
15
602
940
764
218
-145
74
798
1623
2127
2017
1322
546
250
422
556
373
66
-133
-235
-265
-191
-92
-149
-419
-670
-591
-153
344
601
688
887
1264
1639
1916
2117
2200
2125
1964
1849
1836
1934
2070
2099
1932
1678
1504
1407
1307
1200
1199
1335
1436
1391
1314
1361
1448
1435
1300
1174
1200
1402
1729
2073
2404
2600
2487
2128
1807
1727
1783
1803
1521
578
-1104
-2887
-3754
-3492
-2890
-2727
-3079
-3779
-4801
-5734
-5787
-4842
-3894
-3777
-4132
-4151
-3665
-3019
-2324
-1552
-987
-904
-1106
-969
-168
955
1815
2175
2268
2312
2410
2659
3039
3213
2840
2070
1342
907
744
738
676
296
-394
-1103
-1599
-1915
-2100
-2149
-2192
-2364
-2574
-2518
-2070
-1480
-1115
-1101
-1133
-926
-533
-152
159
414
484
347
283
547
1029
1412
1516
1331
963
631
511
537
486
284
69
-127
-380
-660
-840
-906
-949
-936
-801
-615
-460
-342
-225
-60
211
543
830
1106
1425
1679
1775
1784
1761
1665
1519
1503
1687
1913
2008
2015
2036
2034
1957
1891
1900
1908
1835
1683
1511
1411
1451
1564
1636
1717
1832
1839
1707
1650
1769
1865
1812
1755
1843
2014
2074
1723
581
-1368
-3302
-4130
-3747
-2964
-2487
-2463
-2972
-4075
-5126
-5235
-4464
-3813
-3843
-4022
-3684
-2898
-2093
-1354
-686
-403
-690
-1154
-1086
-267
856
1758
2299
2602
2690
2591
2494
2423
2138
1539
885
447
227
186
242
92
-509
-1433
-2316
-2923
-3202
-3181
-2949
-2696
-2599
-2616
-2492
-2100
-1644
-1431
-1458
-1436
-1256
-983
-601
-43
509
714
594
473
525
688
883
1056
1070
860
600
519
560
519
334
28
-392
-814
-1066
-1086
-939
-719
-516
-420
-400
-351
-230
-53
218
573
911
1252
1654
2019
2215
2250
2224
2142
1995
1920
2066
2360
2557
2559
2469
2391
2348
2345
2373
2388
2345
2192
1970
1836
1920
2104
2106
1893
1677
1593
1635
1800
2057
2222
2139
1900
1720
1689
1695
1481
594
-1193
-3243
-4366
-4156
-3409
-3019
-3089
-3544
-4550
-5743
-6084
-5202
-4133
-3850
-4025
-3786
-3011
-2187
-1482
-822
-430
-536
-879
-831
-62
1155
2232
2800
2922
2781
2531
2313
2171
1947
1489
944
518
208
-10
-137
-366
-975
-1882
-2694
-3134
-3185
-2925
-2446
-1983
-1764
-1789
-1851
-1690
-1226
-659
-238
-2
130
225
401
803
1341
1693
1660
1339
927
628
676
1058
1411
1367
976
540
190
-118
-395
-623
-886
-1239
-1594
-1745
-1576
-1152
-759
-635
-741
-836
-753
-494
-72
453
909
1193
1421
1719
2037
2242
2276
2145
1919
1763
1823
2075
2353
2526
2576
2532
2445
2390
2345
2206
1956
1707
1603
1706
1952
2205
2310
2205
2050
2063
2256
2478
2589
2557
2396
2195
2040
1597
176
-2244
-4375
-4852
-3837
-2643
-2227
-2785
-4304
-6380
-7709
-7111
-5124
-3457
-2962
-3039
-2834
-2217
-1403
-490
252
481
267
169
756
2065
3507
4324
4195
3383
2442
1849
1724
1779
1602
1054
295
-529
-1250
-1638
-1804
-2234
-3200
-4314
-4939
-4824
-4095
-3114
-2357
-2155
-2417
-2689
-2524
-1792
-759
169
775
1137
1481
1942
2402
2549
2162
1376
642
315
438
824
1096
842
46
-833
-1319
-1389
-1368
-1508
-1792
-2069
-2233
-2212
-2032
-1830
-1739
-1775
-1762
-1477
-898
-291
88
255
402
656
1035
1525
2054
2423
2513
2437
2396
2454
2543
2566
2471
2260
2077
2100
2295
2519
2670
2718
2615
2364
2145
2178
2484
2848
3087
3157
3136
3145
3285
3524
3714
3744
3610
3314
2898
2545
2120
910
-1522
-4163
-5231
-4328
-2865
-2307
-2881
-4308
-6370
-8141
-8125
-6074
-3668
-2550
-2528
-2406
-1686
-717
167
892
1300
1349
1336
1809
3006
4421
5171
4763
3522
2178
1318
1054
1036
740
-9
-947
-1896
-2836
-3602
-4014
-4371
-5090
-5909
-6153
-5551
-4447
-3297
-2460
-2204
-2421
-2610
-2263
-1279
22
1196
1915
2213
2337
2442
2435
2218
1845
1385
936
659
614
550
149
-551
-1237
-1708
-2005
-2187
-2271
-2298
-2319
-2346
-2355
-2293
-2080
-1805
-1561
-1257
-685
72
611
778
812
1012
1364
1761
2188
2648
3042
3182
3050
2825
2773
2847
2807
2601
2514
2728
3035
3230
3295
3349
3359
3252
3060
2957
3167
3691
4240
4434
4317
4276
4525
4875
5082
5095
4847
4233
3359
2636
2131
1135
-1049
-3854
-5508
-5049
-3573
-2903
-3650
-5331
-7489
-9340
-9414
-7056
-3932
-2360
-2539
-2896
-2498
-1729
-965
-16
1083
1886
2251
2696
3653
4739
5051
4179
2699
1476
856
651
542
173
-757
-2190
-3737
-5002
-5795
-6142
-6342
-6731
-7204
-7272
-6684
-5714
-4726
-3833
-3116
-2660
-2293
-1600
-388
970
1904
2201
2105
1962
1991
2330
2933
3416
3350
2685
1627
397
-678
-1187
-1161
-1115
-1419
-1916
-2286
-2506
-2699
-2972
-3295
-3471
-3318
-2833
-2060
-1016
-3
454
288
110
440
1142
1859
2400
2701
2750
2696
2655
2605
2616
2689
2656
2435
2314
2489
2653
2547
2401
2509
2836
3302
3855
4291
4368
4247
4219
4240
4210
4319
4798
5546
6265
6633
6353
5436
4402
3833
3732
3507
2187
-889
-4875
-7227
-6196
-3198
-1390
-2290
-5079
-8480
-10992
-10680
-6986
-2497
-463
-1117
-2172
-2047
-1015
267
1497
2402
2791
2972
3551
4772
5983
6020
4414
2145
626
318
712
1007
501
-1169
-3551
-5668
-6922
-7259
-6950
-6617
-6936
-7738
-8050
-7411
-6326
-5348
-4487
-3625
-2825
-2175
-1519
-562
657
1526
1529
1148
1250
1902
2512
2884
3016
2594
1525
349
-374
-634
-528
-242
-284
-873
-1638
-2266
-2868
-3303
-3131
-2473
-1797
-1280
-867
-697
-790
-698
-202
539
1338
2002
2405
2664
3020
3222
2898
2320
2008
1984
2117
2615
3338
3573
2967
2044
1530
1767
2667
3855
4744
5109
5149
5154
5217
5350
5502
5681
6061
6746
7452
7632
7051
5920
4777
4070
3888
3549
1918
-1670
-5865
-7784
-5906
-2455
-1154
-3173
-6868
-10329
-12118
-10526
-5575
-551
896
-834
-2476
-2197
-785
661
1882
2859
3426
3778
4397
5233
5335
3790
1215
-608
-624
365
1041
581
-1308
-4227
-6814
-7857
-7517
-6771
-6240
-6283
-7099
-8056
-8113
-7200
-6192
-5430
-4565
-3562
-2683
-1809
-924
-496
-746
-1082
-842
24
1284
2491
2923
2203
924
-4
-291
-85
352
696
627
201
-265
-812
-1558
-2235
-2461
-2197
-1564
-638
190
260
-592
-1650
-1919
-1052
546
2018
2621
2382
1833
1528
1600
1964
2310
2467
2556
2826
3120
2994
2480
1917
1581
1706
2608
3961
4989
5061
4527
3971
3840
4202
5026
5984
6809
7384
7590
7326
6532
5513
4556
4043
3959
4222
3999
2280
-1587
-6172
-8567
-7042
-3466
-1367
-2265
-5180
-8441
-10564
-9469
-4839
386
2317
1009
-566
-459
523
1459
2388
3330
3856
3967
4203
4433
3906
1986
-445
-1859
-1368
65
897
165
-1983
-4691
-6802
-7425
-6606
-5102
-3923
-3727
-4553
-5533
-5817
-5311
-4671
-4206
-3714
-3065
-2519
-2402
-2624
-2980
-3369
-3729
-3621
-2747
-1532
-730
-497
-428
-358
-309
-210
91
475
980
1584
2017
1847
1079
163
-449
-455
70
743
950
568
-190
-836
-1057
-735
-154
383
830
1327
1831
1999
1669
994
536
784
1866
3094
3638
3251
2488
2021
2262
3306
4673
5457
5368
5145
5381
5894
6379
6887
7151
6795
6325
6609
7467
7625
6468
4616
3185
2688
2914
3360
3173
892
-4217
-9462
-10370
-6109
-1434
-526
-2949
-6269
-9366
-10365
-6875
-483
3333
2013
-935
-1564
143
1861
2683
2845
2925
3002
3307
3758
3776
2255
-536
-2412
-1850
221
1598
1299
-834
-3800
-5917
-5855
-4607
-3483
-2933
-2916
-3790
-5079
-5604
-5220
-4825
-5306
-6151
-6311
-5141
-4109
-4625
-6153
-6713
-6249
-5646
-4650
-2759
-1207
-1243
-1788
-1406
-158
809
1259
1305
1600
2305
2794
1945
325
-699
-745
-479
-97
375
205
-853
-2041
-2268
-1559
-497
-107
-352
-452
243
800
536
30
201
921
1756
2569
3067
3034
2609
2511
3138
4658
6130
6661
6287
6152
6485
6975
7517
8230
8607
8295
7810
7734
8094
8233
7579
6005
4577
4114
4363
4038
2278
-1497
-6506
-9915
-8676
-3749
-1
-948
-5349
-9449
-10747
-8396
-3148
2206
3832
1234
-1803
-1584
862
2174
1613
1276
2226
3381
3676
3006
1242
-1523
-3477
-2429
1174
4053
3698
723
-2367
-3761
-3226
-1731
-461
-102
-591
-1497
-2445
-3449
-4892
-6760
-7997
-7401
-5278
-3490
-3846
-6496
-9690
-11006
-9290
-5635
-2318
-910
-1448
-2710
-3130
-2060
-336
873
1431
2046
2816
2971
1806
-292
-1974
-2063
-546
1420
2347
1355
-1040
-3170
-3480
-2090
-329
778
1120
945
388
-414
-1156
-1341
-700
426
1370
1843
1754
1064
343
574
1911
3479
4774
5889
6502
6243
5733
5922
6820
7897
8887
9587
9610
8956
8049
7186
6678
6631
6705
6538
6069
4544
654
-4543
-6996
-4582
-524
692
-1425
-4564
-7374
-8791
-6864
-1788
2139
1535
-1314
-2041
-510
67
-1094
-1739
-625
950
1626
1268
-101
-2422
-4376
-3872
-700
2575
3198
1265
-981
-1916
-1483
-300
838
1087
401
-432
-1250
-2672
-4565
-5832
-5908
-5252
-4368
-3845
-4523
-6436
-8141
-8061
-6182
-3880
-2459
-2121
-2130
-1902
-1589
-1377
-1035
-302
641
1456
1813
1263
-156
-1531
-1817
-935
238
809
418
-754
-2038
-2686
-2455
-1640
-655
216
625
224
-795
-1579
-1327
-255
630
740
414
83
-181
-239
278
1229
1805
1906
2431
3682
4519
4298
4065
4851
6062
6680
6918
7388
7778
7298
6307
5883
6123
5999
5394
5296
5035
2166
-3018
-5710
-3148
871
1508
-441
-2190
-3981
-5868
-4749
98
3666
2541
214
843
2540
1829
-323
-745
704
1947
2297
2090
828
-1743
-3854
-3268
-433
1841
1745
164
-1094
-1399
-1262
-1176
-1070
-817
-738
-1369
-2560
-3665
-4575
-5362
-5599
-5085
-4662
-4966
-5475
-5638
-5613
-5471
-4870
-3858
-2779
-1684
-741
-456
-623
-342
614
1578
2057
2070
1805
1574
1570
1503
1174
906
874
757
397
10
-424
-1007
-1323
-1098
-738
-805
-1224
-1558
-1599
-1386
-1068
-900
-977
-1121
-1184
-1011
-529
64
543
972
1429
1623
1544
1837
2894
4284
5271
5638
5754
5888
6022
6121
6273
6343
5943
5048
4413
4006
2379
-1360
-4748
-4727
-2191
-847
-1821
-3255
-4448
-5715
-5494
-2228
1463
1913
204
160
2052
2765
1675
1271
2487
3726
3810
3509
2939
1629
378
966
3245
4824
4330
2722
1635
1237
1099
989
701
160
-601
-1393
-2330
-3318
-4349
-5291
-5711
-5560
-5290
-5358
-5518
-5762
-6309
-6797
-6296
-4810
-3485
-2740
-2304
-2170
-2365
-2246
-1215
290
1464
1985
2069
1937
1724
1380
1030
998
1254
1399
1202
755
86
-898
-1824
-2136
-1767
-1251
-1000
-1157
-1677
-2163
-2316
-2114
-1750
-1208
-566
11
378
499
523
655
1039
1622
2645
3885
4563
4320
3889
4032
4552
5008
5305
5252
4698
4025
3667
2598
-104
-3307
-4442
-3057
-1297
-1050
-2269
-4183
-6229
-6876
-4954
-1699
76
-326
-747
70
897
492
-224
400
1995
3345
3851
3470
2037
390
179
1878
3983
4731
4170
3215
2528
2194
1985
1753
1619
1964
2292
1839
542
-959
-2105
-2595
-2344
-1864
-1708
-2003
-2387
-2929
-3697
-4103
-3663
-2586
-1348
-437
-425
-1367
-2341
-2196
-917
471
1240
1338
1140
923
744
550
330
364
842
1467
1694
1232
132
-1139
-1753
-1447
-850
-675
-980
-1408
-1864
-2286
-2470
-2319
-2043
-1644
-948
-303
-151
-315
-142
277
693
1438
2491
3141
3085
3060
3195
3060
2928
3345
3804
3445
2901
2553
1507
-805
-3018
-3581
-2866
-2023
-1804
-2266
-3516
-5033
-5642
-4799
-3183
-2196
-1937
-1613
-975
-809
-1414
-1727
-1170
-131
841
1713
1941
1147
188
98
941
1838
2452
2771
2886
2784
2075
844
-41
304
1176
1554
1308
611
-574
-1679
-1685
-1095
-875
-981
-674
-175
-409
-1172
-1663
-1558
-814
551
1732
1935
1337
791
938
1710
2711
3353
3547
3689
3766
3363
2568
2073
2184
2586
2814
2529
1529
134
-703
-517
-27
-114
-724
-1342
-1710
-1866
-1795
-1572
-1401
-1325
-1171
-991
-1011
-1014
-593
236
967
1338
1335
1075
957
1221
1596
1566
1197
526
-710
-2397
-3622
-3699
-3195
-2859
-3009
-3684
-4832
-5741
-5463
-4193
-2973
-2493
-2355
-2171
-2029
-2106
-2250
-2111
-1631
-871
-76
422
272
-464
-1068
-886
11
918
1508
1871
1831
1116
151
-142
266
670
768
750
415
-432
-1183
-1306
-1130
-1120
-1044
-700
-484
-679
-1020
-1155
-1070
-699
18
793
1225
1230
1082
1119
1618
2502
3388
4002
4358
4516
4442
4307
4418
4860
5343
5533
5346
4777
3947
3270
3200
3510
3448
2750
1931
1414
1113
910
875
864
685
476
356
186
-24
56
413
749
963
1036
768
272
95
260
310
62
-242
-853
-2111
-3533
-4205
-3957
-3408
-3115
-3403
-4282
-5325
-5769
-5253
-4247
-3529
-3506
-3768
-3797
-3629
-3731
-4051
-4028
-3504
-2760
-2095
-1720
-1996
-2677
-2898
-2304
-1472
-871
-416
-230
-474
-693
-439
-210
-429
-537
-178
41
-122
-85
66
-301
-870
-797
-321
-152
-80
256
343
-123
-407
-86
337
587
942
1253
1181
1152
1658
2304
2602
2862
3304
3603
3688
3937
4313
4403
4280
4276
4302
4130
4001
4133
4227
3953
3458
3057
2894
2978
3133
3101
2846
2582
2408
2267
2219
2325
2402
2359
2359
2411
2241
1834
1531
1435
1410
1412
1361
954
83
-1022
-2114
-2889
-2963
-2553
-2559
-3308
-4204
-4890
-5532
-5797
-5248
-4617
-4824
-5302
-5121
-4808
-5174
-5599
-5252
-4596
-4156
-3538
-2749
-2648
-3237
-3377
-2719
-2089
-1835
-1529
-1193
-1185
-1278
-1144
-1116
-1516
-1865
-1734
-1445
-1321
-1237
-1175
-1403
-1839
-2028
-1801
-1384
-977
-675
-579
-641
-644
-438
-88
295
677
1010
1321
1744
2260
2617
2729
2848
3180
3613
3998
4337
4557
4499
4231
4056
4097
4169
4162
4163
4147
3962
3601
3287
3195
3278
3382
3393
3293
3143
3030
3012
3142
3388
3556
3512
3384
3379
3420
3302
3092
2994
2995
2934
2737
2296
1412
197
-770
-1093
-1093
-1365
-2055
-2870
-3558
-4081
-4425
-4576
-4662
-4762
-4780
-4666
-4595
-4769
-5090
-5258
-5149
-4795
-4284
-3786
-3507
-3515
-3635
-3659
-3489
-3124
-2647
-2244
-2031
-1920
-1836
-1869
-2050
-2206
-2175
-1990
-1742
-1440
-1191
-1195
-1454
-1730
-1763
-1510
-1114
-784
-724
-931
-1156
-1210
-1136
-1040
-891
-600
-255
-5
170
349
503
628
914
1480
2100
2510
2742
2961
3161
3279
3430
3756
4143
4387
4515
4637
4749
4790
4825
4996
5282
5510
5573
5509
5374
5184
4999
4915
4894
4729
4302
3705
3124
2630
2154
1577
889
236
-235
-589
-1064
-1747
-2495
-3090
-3411
-3463
-3422
-3548
-3865
-4079
-3986
-3757
-3620
-3463
-3081
-2588
-2251
-2097
-2017
-2049
-2225
-2357
-2276
-2117
-2077
-2159
-2266
-2420
-2626
-2699
-2531
-2284
-2162
-2157
-2140
-2084
-2052
-2076
-2125
-2117
-1992
-1768
-1524
-1338
-1213
-1159
-1151
-1050
-780
-464
-283
-249
-188
-61
51
143
304
554
775
973
1236
1537
1719
1756
1831
2029
2209
2264
2290
2366
2424
2440
2505
2656
2785
2860
2995
3221
3397
3453
3509
3642
3752
3762
3748
3780
3729
3535
3313
3129
2895
2539
2131
1687
1097
427
-77
-360
-673
-1141
-1598
-1929
-2225
-2519
-2700
-2798
-2974
-3209
-3320
-3294
-3297
-3322
-3234
-3088
-3025
-3014
-2910
-2731
-2621
-2556
-2435
-2290
-2182
-2036
-1776
-1499
-1302
-1128
-923
-791
-773
-752
-680
-661
-750
-846
-889
-956
-1061
-1115
-1114
-1151
-1231
-1238
-1162
-1081
-1005
-872
-697
-551
-406
-160
200
594
964
1317
1690
2085
2478
2833
3130
3382
3573
3669
3671
3634
3603
3575
3576
3615
3617
3533
3435
3431
3452
3345
3130
2972
2882
2735
2521
2350
2196
1931
1598
1347
1168
912
551
182
-231
-787
-1331
-1631
-1764
-1982
-2324
-2598
-2749
-2896
-3034
-3093
-3131
-3278
-3465
-3532
-3501
-3519
-3567
-3532
-3443
-3352
-3194
-2901
-2604
-2435
-2340
-2182
-1962
-1745
-1513
-1232
-952
-721
-537
-421
-405
-447
-403
-262
-175
-221
-328
-450
-581
-710
-805
-882
-979
-1066
-1095
-1086
-1059
-991
-879
-763
-645
-427
-49
426
875
1254
1608
1999
2463
2954
3377
3698
4001
4333
4614
4728
4684
4621
4643
4747
4841
4826
4682
4480
4325
4196
3981
3667
3381
3225
3112
2881
2475
1955
1424
968
620
317
-36
-492
-1002
-1539
-2115
-2686
-3108
-3285
-3353
-3511
-3820
-4180
-4415
-4445
-4329
-4197
-4150
-4152
-4081
-3871
-3628
-3496
-3458
-3357
-3075
-2674
-2312
-2103
-2039
-2022
-1964
-1843
-1675
-1484
-1294
-1151
-1114
-1214
-1405
-1547
-1539
-1419
-1338
-1411
-1585
-1735
-1790
-1771
-1751
-1760
-1761
-1688
-1490
-1220
-989
-846
-710
-475
-109
330
793
1264
1731
2208
2689
3155
3578
3981
4404
4879
5377
5807
6108
6257
6296
6319
6417
6595
6774
6816
6686
6449
6187
5960
5724
5445
5126
4797
4494
4172
3734
3118
2415
1770
1279
897
489
-44
-728
-1507
-2272
-2899
-3336
-3600
-3826
-4143
-4578
-5042
-5351
-5408
-5318
-5258
-5321
-5393
-5323
-5106
-4879
-4766
-4726
-4625
-4353
-3957
-3601
-3392
-3291
-3188
-3031
-2848
-2691
-2513
-2283
-2078
-2001
-2078
-2217
-2282
-2211
-2080
-2014
-2066
-2176
-2239
-2230
-2203
-2192
-2170
-2099
-1973
-1811
-1630
-1438
-1249
-1081
-920
-693
-346
123
620
1039
1378
1696
2083
2539
2983
3387
3772
4193
4611
4911
5045
5096
5203
5446
5759
5979
6032
5987
5952
5984
6027
5998
5912
5834
5793
5754
5629
5372
5012
4632
4288
3967
3630
3212
2717
2147
1505
851
253
-240
-652
-1065
-1538
-2052
-2544
-2932
-3204
-3422
-3676
-3964
-4221
-4359
-4384
-4384
-4404
-4472
-4545
-4559
-4486
-4322
-4115
-3936
-3836
-3821
-3842
-3808
-3633
-3337
-3070
-2939
-2948
-2998
-2965
-2842
-2671
-2534
-2450
-2392
-2312
-2219
-2166
-2172
-2212
-2222
-2156
-2023
-1853
-1722
-1685
-1726
-1768
-1691
-1415
-987
-539
-159
116
350
633
983
1396
1841
2295
2734
3112
3367
3500
3591
3742
4015
4364
4700
4941
5057
5087
5104
5152
5225
5311
5382
5410
5387
5258
5013
4682
4308
3979
3690
3400
3029
2531
1949
1354
812
341
-67
-446
-815
-1182
-1543
-1909
-2239
-2486
-2648
-2745
-2844
-2954
-3052
-3073
-3006
-2859
-2709
-2609
-2522
-2409
-2241
-2034
-1833
-1690
-1585
-1509
-1452
-1379
-1305
-1249
-1236
-1269
-1326
-1378
-1434
-1489
-1558
-1676
-1799
-1883
-1922
-1932
-1950
-2027
-2127
-2199
-2205
-2118
-1983
-1855
-1746
-1651
-1541
-1360
-1083
-722
-311
76
400
667
891
1116
1384
1683
1984
2242
2405
2474
2475
2469
2507
2625
2775
2917
2990
2981
2924
2850
2788
2745
2710
2666
2611
2498
2315
2043
1708
1377
1100
888
690
466
168
-172
-517
-805
-1014
-1157
-1253
-1343
-1434
-1557
-1699
-1850
-1952
-1973
-1933
-1862
-1838
-1856
-1906
-1917
-1862
-1752
-1629
-1518
-1429
-1367
-1331
-1343
-1341
-1295
-1177
-1024
-927
-927
-1013
-1100
-1135
-1090
-1003
-917
-862
-847
-873
-921
-938
-894
-758
-592
-434
-317
-226
-131
-15
142
334
585
878
1197
1494
1753
1981
2206
2444
2676
2911
3128
3325
3467
3530
3521
3465
3412
3373
3345
3306
3254
3172
3055
2879
2669
2470
2337
2261
2161
1973
1683
1373
1075
802
521
208
-113
-426
-743
-1099
-1486
-1861
-2155
-2360
-2527
-2709
-2906
-3072
-3194
-3267
-3322
-3344
-3335
-3294
-3236
-3183
-3126
-3058
-2966
-2875
-2782
-2682
-2555
-2426
-2328
-2266
-2219
-2154
-2094
-2059
-2054
-2030
-1948
-1838
-1782
-1827
-1909
-1930
-1839
-1700
-1599
-1555
-1507
-1400
-1251
-1109
-987
-830
-596
-307
-15
243
488
779
1122
1479
1828
2180
2566
2973
3350
3654
3905
4155
4406
4637
4808
4921
4995
5040
5035
4980
4891
4792
4707
4614
4488
4339
4190
4021
3829
3608
3380
3187
3003
2776
2469
2116
1769
1448
1122
749
351
-34
-372
-699
-1066
-1455
-1792
-2036
-2211
-2392
-2606
-2809
-2953
-3040
-3105
-3183
-3255
-3283
-3280
-3288
-3333
-3399
-3428
-3400
-3369
-3369
-3395
-3400
-3369
-3333
-3321
-3327
-3298
-3202
-3086
-3020
-3008
-3004
-2939
-2826
-2720
-2660
-2632
-2571
-2469
-2363
-2300
-2274
-2205
-2052
-1843
-1647
-1498
-1347
-1136
-836
-500
-181
127
472
880
1314
1703
2032
2340
2694
3097
3475
3767
3963
4137
4341
4549
4698
4769
4811
4869
4952
5017
4990
4889
4785
4712
4655
4555
4375
4133
3880
3636
3363
3023
2633
2243
1874
1507
1095
629
171
-217
-535
-849
-1192
-1541
-1820
-2021
-2183
-2352
-2527
-2656
-2702
-2690
-2691
-2728
-2776
-2771
-2707
-2626
-2562
-2510
-2450
-2393
-2344
-2317
-2297
-2233
-2156
-2104
-2119
-2168
-2184
-2145
-2107
-2144
-2232
-2295
-2273
-2192
-2147
-2181
-2248
-2235
-2114
-1943
-1793
-1688
-1556
-1363
-1118
-871
-629
-358
-39
309
631
918
1196
1497
1824
2117
2350
2558
2775
3005
3203
3318
3364
3401
3468
3547
3590
3563
3494
3420
3357
3283
3171
3028
2875
2732
2588
2418
2206
1971
1734
1495
1264
1025
772
519
265
25
-214
-457
-696
-913
-1106
-1273
-1429
-1589
-1740
-1867
-1961
-2034
-2107
-2184
-2256
-2298
-2304
-2304
-2311
-2324
-2338
-2336
-2329
-2309
-2290
-2269
-2243
-2223
-2201
-2178
-2143
-2101
-2065
-2037
-2003
-1949
-1871
-1791
-1730
-1682
-1608
-1502
-1364
-1223
-1098
-960
-805
-621
-406
-188
40
283
543
824
1114
1406
1693
1973
2248
2513
2776
3043
3307
3538
3732
3880
4004
4108
4202
4274
4302
4298
4258
4196
4097
3967
3794
3590
3372
3131
2870
2577
2265
1932
1587
1232
866
494
114
-262
-624
-969
-1294
-1590
-1876
-2154
-2408
-2637
-2830
-2981
-3094
-3181
-3252
-3293
-3308
-3300
-3275
-3240
-3186
-3122
-3044
-2961
-2868
-2776
-2702
-2644
-2590
-2526
-2457
-2393
-2346
-2335
-2333
-2316
-2276
-2219
-2172
-2156
-2156
-2137
-2084
-1987
-1875
-1768
-1676
-1580
-1445
-1263
-1048
-822
-620
-418
-192
78
400
736
1044
1326
1594
1885
2212
2559
2895
3183
3433
3666
3908
4160
4398
4590
4724
4824
4910
4994
5062
5090
5060
4982
4869
4739
4592
4409
4186
3932
3644
3333
3006
2655
2289
1900
1501
1102
703
312
-80
-451
-799
-1141
-1474
-1791
-2081
-2328
-2532
-2698
-2838
-2980
-3113
-3222
-3296
-3337
-3349
-3350
-3349
-3339
-3326
-3298
-3265
-3235
-3216
-3203
-3184
-3156
-3126
-3100
-3086
-3084
-3075
-3070
-3057
-3040
-3019
-2986
-2953
-2896
-2821
-2732
-2636
-2522
-2390
-2240
-2058
-1850
-1615
-1364
-1097
-821
-528
-215
108
444
781
1120
1453
1784
2110
2419
2713
2994
3251
3495
3718
3918
4094
4248
4373
4475
4561
4625
4667
4668
4650
4606
4539
4453
4334
4193
4022
3832
3630
3398
3140
2868
2564
2247
1925
1600
1287
956
620
288
-41
-352
-649
-921
-1179
-1424
-1647
-1845
-2006
-2141
-2268
-2375
-2455
-2515
-2553
-2574
-2582
-2583
-2581
-2569
-2558
-2541
-2520
-2508
-2489
-2483
-2480
-2475
-2486
-2497
-2503
-2522
-2542
-2559
-2579
-2591
-2601
-2603
-2596
-2580
-2548
-2501
-2429
-2338
-2235
-2106
-1953
-1785
-1584
-1369
-1128
-866
-594
-312
-19
287
604
918
1231
1544
1844
2133
2411
2675
2920
3144
3352
3532
3681
3803
3890
3953
3984
3978
3941
3879
3778
3651
3494
3314
3112
2884
2650
2394
2135
1867
1588
1317
1049
792
538
299
69
-145
-346
-521
-682
-826
-949
-1060
-1149
-1231
-1300
-1355
-1403
-1437
-1470
-1499
-1521
-1552
-1582
-1622
-1655
-1696
-1746
-1799
-1854
-1920
-1990
-2058
-2129
-2202
-2277
-2341
-2398
-2451
-2493
-2522
-2540
-2533
-2513
-2471
-2407
-2321
-2205
-2071
-1917
-1740
-1542
-1323
-1084
-823
-559
-288
-5
277
567
856
1133
1402
1675
1924
2157
2375
2573
2756
2916
3061
3176
3271
3345
3390
3413
3411
3384
3339
3270
3176
3062
2931
2772
2594
2409
2209
1987
1754
1516
1276
1024
770
525
275
36
-195
-416
-618
-816
-999
-1159
-1297
-1421
-1537
-1611
-1676
-1740
-1774
-1786
-1791
-1792
-1781
-1759
-1739
-1714
-1681
-1656
-1638
-1622
-1610
-1596
-1596
-1605
-1613
-1633
-1655
-1681
-1705
-1724
-1758
-1779
-1793
-1810
-1814
-1813
-1794
-1760
-1722
-1656
-1581
-1495
-1387
-1269
-1120
-956
-788
-594
-387
-171
57
288
536
779
1027
1285
1526
1774
2008
2231
2456
2659
2844
3018
3171
3301
3410
3497
3550
3576
3585
3552
3488
3409
3290
3146
2978
2782
2569
2329
2080
1807
1532
1252
952
665
383
102
-171
-436
-673
-904
-1117
-1291
-1458
-1606
-1721
-1816
-1890
-1946
-1979
-1997
-2010
-1997
-1984
-1962
-1935
-1912
-1880
-1855
-1831
-1826
-1810
-1796
-1808
-1812
-1821
-1839
-1856
-1878
-1894
-1913
-1935
-1941
-1942
-1939
-1924
-1907
-1868
-1811
-1742
-1666
-1568
-1460
-1337
-1197
-1055
-892
-724
-538
-353
-161
35
234
445
650
852
1061
1263
1463
1650
1833
2009
2162
2315
2448
2565
2676
2762
2833
2888
2920
2938
2937
2918
2863
2807
2736
2634
2512
2382
2243
2086
1915
1733
1546
1353
1163
967
770
574
387
215
38
-130
-290
-428
-547
-673
-776
-871
-953
-1019
-1081
-1125
-1177
-1210
-1227
-1257
-1276
-1295
-1313
-1322
-1336
-1350
-1370
-1392
-1405
-1424
-1441
-1465
-1490
-1509
-1529
-1541
-1559
-1562
-1558
-1556
-1538
-1520
-1485
-1442
-1393
-1326
-1258
-1176
-1085
-980
-869
-754
-624
-492
-356
-206
-66
82
226
374
519
649
787
909
1028
1139
1234
1325
1399
1471
1531
1574
1612
1630
1639
1634
1612
1590
1551
1505
1442
1369
1304
1220
1126
1033
936
837
730
627
524
412
317
214
115
20
-75
-155
-239
-313
-384
-458
-513
-572
-626
-670
-710
-742
-779
-800
-820
-838
-841
-844
-844
-843
-838
-825
-817
-801
-779
-766
-739
-716
-689
-657
-633
-598
-567
-533
-495
-465
-425
-388
-349
-304
-263
-213
-167
-119
-67
-19
36
91
148
203
265
324
380
442
504
568
625
687
748
805
860
908
953
1002
1038
1069
1092
1108
1121
1118
1112
1093
1063
1024
981
927
858
786
704
618
522
426
322
211
100
-13
-127
-236
-343
-453
-557
-663
-759
-845
-931
-1017
-1091
-1149
-1206
-1257
-1296
-1322
-1347
-1362
-1369
-1365
-1352
-1326
-1299
-1269
-1224
-1178
-1122
-1062
-1004
-932
-865
-799
-723
-641
-564
-493
-420
-338
-263
-195
-117
-45
27
94
157
227
290
351
413
472
527
586
645
694
754
806
858
915
965
1020
1073
1120
1169
1215
1260
1301
1337
1374
1399
1423
1441
1450
1454
1452
1439
1420
1393
1357
1310
1255
1196
1125
1045
959
863
763
657
543
426
301
173
41
-93
-231
-367
-497
-636
-770
-897
-1021
-1143
-1256
-1364
-1463
-1547
-1628
-1701
-1757
-1799
-1823
-1843
-1841
-1831
-1808
-1769
-1722
-1663
-1596
-1517
-1432
-1341
-1244
-1136
-1029
-919
-813
-707
-597
-497
-391
-293
-201
-105
-17
67
143
221
293
358
423
484
544
598
656
708
759
808
858
907
953
997
1044
1090
1131
1172
1209
1240
1272
1295
1319
1337
1346
1353
1351
1343
1328
1304
1273
1235
1194
1137
1076
1013
938
861
774
683
592
499
397
294
197
95
-11
-113
-219
-317
-424
-522
-616
-708
-791
-882
-959
-1039
-1107
-1172
-1237
-1287
-1332
-1364
-1395
-1419
-1426
-1438
-1427
-1417
-1400
-1368
-1337
-1295
-1251
-1190
-1126
-1059
-989
-911
-828
-749
-665
-576
-488
-396
-302
-213
-125
-39
44
125
206
276
351
417
487
559
620
674
731
788
831
874
913
950
982
1011
1032
1055
1073
1087
1099
1103
1111
1109
1104
1100
1087
1065
1039
1015
978
940
894
837
787
723
663
595
519
440
364
288
202
118
29
-50
-134
-229
-308
-392
-480
-554
-636
-715
-785
-862
-929
-993
-1050
-1107
-1156
-1195
-1232
-1256
-1279
-1286
-1293
-1294
-1277
-1263
-1239
-1203
-1161
-1115
-1058
-991
-926
-846
-761
-677
-582
-487
-388
-287
-192
-90
6
102
195
279
370
447
521
590
653
714
762
817
862
902
936
960
987
1009
1019
1028
1035
1035
1033
1029
1021
1010
997
984
971
952
932
910
886
862
829
795
756
718
670
617
561
498
443
376
310
235
161
90
12
-65
-146
-220
-302
-380
-451
-523
-592
-656
-724
-786
-847
-916
-970
-1028
-1077
-1127
-1171
-1209
-1243
-1268
-1293
-1307
-1319
-1321
-1315
-1302
-1280
-1252
-1223
-1173
-1126
-1066
-1000
-933
-848
-762
-669
-577
-473
-370
-263
-154
-45
66
176
283
386
486
574
659
742
811
878
935
985
1029
1067
1099
1126
1140
1147
1149
1146
1138
1127
1105
1085
1063
1039
1014
989
964
939
914
886
860
828
796
763
732
695
661
618
573
531
478
432
374
313
251
190
132
62
3
-62
-129
-193
-267
-338
-416
-495
-573
-647
-727
-793
-855
-924
-983
-1037
-1090
-1137
-1176
-1213
-1240
-1263
-1280
-1279
-1279
-1267
-1251
-1229
-1203
-1169
-1126
-1081
-1026
-969
-898
-823
-746
-660
-578
-486
-401
-313
-221
-139
-50
43
133
215
297
374
446
514
572
625
664
700
736
764
792
811
827
839
842
848
857
856
849
848
835
825
813
808
794
779
777
767
762
751
745
737
720
697
674
653
626
603
574
548
520
488
452
411
370
318
264
200
139
71
14
-50
-118
-182
-257
-322
-392
-460
-526
-592
-651
-707
-760
-808
-852
-896
-940
-973
-1005
-1029
-1044
-1054
-1058
-1052
-1033
-1017
-994
-961
-925
-884
-837
-786
-731
-673
-607
-533
-464
-390
-310
-237
-170
-101
-40
23
79
133
185
234
279
319
354
385
410
439
457
467
480
482
489
484
487
491
492
498
495
500
506
512
517
515
515
509
512
513
515
517
519
527
519
515
510
505
494
474
450
426
406
381
353
329
293
253
217
174
129
87
47
3
-42
-81
-127
-171
-214
-257
-298
-337
-375
-410
-435
-458
-480
-496
-506
-518
-530
-540
-538
-531
-534
-522
-509
-492
-464
-442
-410
-378
-349
-322
-298
-266
-238
-207
-180
-150
-119
-93
-69
-53
-29
-10
4
18
30
43
49
62
64
77
84
90
101
102
116
124
128
142
150
159
167
182
192
200
208
217
226
231
238
240
247
255
259
255
254
257
250
245
240
229
216
206
195
181
162
144
126
105
85
63
39
12
-13
-41
-67
-90
-115
-139
-166
-189
-209
-229
-250
-268
-284
-291
-302
-309
-310
-312
-308
-302
-290
-282
-267
-246
-228
-207
-186
-162
-135
-110
-78
-56
-32
-6
20
44
63
91
118
137
153
174
191
204
214
221
228
231
232
235
232
235
236
234
227
220
211
201
187
177
169
159
152
136
129
120
111
106
102
95
87
81
82
78
71
67
65
64
55
53
47
41
31
26
13
1
-8
-24
-42
-62
-78
-105
-119
-141
-172
-195
-220
-241
-260
-285
-306
-320
-337
-352
-367
-374
-374
-374
-377
-366
-353
-337
-323
-303
-277
-255
-231
-202
-168
-125
-93
-53
-12
26
62
97
134
163
199
224
252
277
307
329
350
366
377
386
390
392
386
378
371
365
351
339
319
306
289
268
247
221
206
179
153
129
102
76
57
38
12
-8
-29
-50
-64
-88
-108
-120
-136
-154
-167
-183
-195
-209
-223
-235
-240
-248
-267
-274
-282
-303
-303
-317
-325
-324
-335
-341
-346
-350
-359
-349
-352
-353
-343
-338
-328
-307
-291
-273
-249
-226
-194
-165
-134
-104
-62
-34
3
44
81
121
156
188
226
259
289
322
359
390
424
455
478
501
517
530
541
550
551
551
545
539
536
521
509
497
475
451
423
392
355
325
295
259
213
179
139
96
60
17
-27
-66
-109
-150
-185
-226
-251
-270
-304
-321
-340
-361
-372
-387
-403
-424
-432
-447
-467
-466
-472
-475
-466
-471
-455
-452
-451
-454
-453
-460
-461
-455
-463
-448
-434
-420
-394
-372
-348
-323
-296
-265
-251
-219
-195
-162
-129
-96
-48
-12
37
81
124
165
207
252
285
335
378
420
465
505
537
573
600
625
642
657
666
674
683
689
687
669
669
655
635
603
582
550
518
484
456
415
377
338
287
244
194
145
92
37
-15
-59
-110
-154
-180
-224
-266
-298
-330
-358
-392
-420
-456
-491
-515
-542
-552
-564
-581
-581
-582
-582
-583
-583
-589
-592
-594
-603
-591
-595
-589
-573
-557
-527
-508
-483
-459
-440
-411
-388
-362
-340
-313
-274
-242
-195
-155
-109
-63
-21
24
63
118
160
208
257
301
351
406
440
487
523
564
599
630
661
687
710
723
740
736
753
751
751
738
724
723
714
695
682
663
635
608
570
528
490
443
400
353
301
265
212
163
119
70
21
-33
-77
-136
-181
-234
-292
-332
-373
-413
-450
-479
-515
-537
-561
-593
-596
-621
-638
-654
-660
-676
-681
-679
-693
-686
-682
-674
-656
-646
-637
-613
-596
-584
-561
-535
-520
-492
-468
-440
-401
-364
-331
-298
-255
-226
-181
-147
-109
-62
-23
17
66
113
167
214
265
308
350
398
436
474
503
535
560
592
616
636
661
678
703
723
746
750
760
757
743
740
716
695
670
649
617
597
575
531
511
467
428
387
334
280
234
197
122
88
37
-18
-46
-98
-144
-178
-220
-269
-300
-330
-378
-395
-439
-470
-487
-511
-537
-552
-566
-594
-594
-606
-621
-611
-618
-621
-619
-618
-621
-614
-611
-606
-590
-575
-564
-541
-524
-506
-480
-456
-433
-411
-387
-355
-323
-285
-251
-204
-160
-108
-65
-15
38
74
121
164
196
239
279
317
359
401
441
483
521
552
586
616
635
654
662
671
683
681
678
683
685
673
671
656
631
623
593
555
524
493
454
416
390
338
312
275
227
198
157
110
69
32
-14
-48
-81
-126
-154
-185
-213
-235
-263
-293
-318
-340
-366
-380
-397
-419
-429
-440
-447
-455
-472
-479
-482
-490
-495
-494
-492
-491
-486
-488
-483
-472
-475
-458
-448
-436
-414
-399
-378
-359
-329
-308
-271
-241
-215
-180
-146
-116
-93
-57
-33
3
38
62
104
140
171
203
233
264
296
325
339
361
383
397
409
416
431
442
446
443
445
446
443
435
423
411
401
385
366
351
324
306
287
269
251
228
200
173
154
128
104
84
60
30
12
-6
-28
-54
-71
-83
-105
-127
-142
-150
-164
-179
-193
-201
-208
-221
-228
-232
-235
-241
-246
-249
-254
-258
-260
-266
-266
-267
-261
-260
-259
-252
-248
-237
-231
-221
-212
-201
-184
-168
-155
-141
-121
-103
-80
-62
-51
-30
-15
3
16
38
59
74
100
117
138
156
166
177
187
191
189
198
201
204
209
217
218
218
220
216
215
211
202
186
177
164
151
140
122
107
105
97
86
75
64
54
42
27
7
-2
-14
-29
-39
-52
-61
-74
-82
-89
-94
-96
-111
-118
-118
-127
-132
-139
-149
-148
-155
-162
-164
-159
-161
-154
-155
-147
-141
-142
-140
-140
-138
-139
-131
-125
-120
-120
-108
-98
-90
-77
-76
-65
-59
-55
-50
-41
-33
-27
-13
-3
14
28
43
52
63
78
88
97
106
121
136
145
153
169
180
186
186
192
199
200
196
193
191
187
183
175
170
163
160
152
138
129
119
102
89
81
70
60
48
34
20
12
1
-6
-20
-30
-33
-39
-53
-63
-67
-69
-76
-82
-87
-95
-100
-115
-114
-111
-113
-110
-111
-106
-99
-104
-104
-108
-103
-101
-113
-110
-112
-108
-108
-110
-108
-101
-100
-99
-103
-97
-92
-90
-85
-83
-79
-77
-71
-65
-54
-43
-33
-27
-24
-23
-10
-4
7
22
30
41
45
54
55
62
71
74
78
83
84
91
87
97
99
96
100
99
105
106
106
104
101
100
96
87
86
77
78
76
71
71
66
67
66
63
64
54
47
46
29
24
20
10
8
0
-1
-8
-13
-12
-19
-17
-19
-25
-20
-25
-26
-38
-45
-46
-54
-52
-52
-49
-48
-49
-49
-53
-60
-58
-60
-60
-62
-63
-63
-75
-77
-80
-81
-75
-76
-72
-70
-69
-65
-71
-67
-66
-57
-51
-56
-50
-48
-42
-35
-35
-23
-16
-10
-2
-5
6
9
12
17
20
28
26
32
42
50
61
55
55
58
52
58
56
58
57
53
56
54
57
63
59
63
64
59
51
44
38
35
34
36
34
32
27
24
29
21
22
27
28
30
27
22
15
9
6
3
1
4
3
8
2
-5
-6
-8
-12
-18
-15
-14
-20
-28
-36
-47
-46
-48
-42
-40
-43
-49
-58
-54
-55
-52
-49
-50
-47
-44
-46
-48
-43
-40
-34
-27
-19
-23
-18
-17
-19
-17
-9
-1
1
1
1
9
11
14
18
22
24
17
15
14
10
11
7
9
10
14
12
10
14
10
13
8
8
5
1
-6
-6
-6
-3
-2
-6
-2
-2
-9
-9
0
1
-3
-2
-4
0
4
-4
-6
-5
-1
-3
-3
2
-3
-4
-11
-5
0
-2
-1
-1
2
6
5
0
2
12
9
9
4
2
5
1
6
12
16
21
22
21
21
25
26
31
38
41
43
42
38
38
31
32
36
40
38
31
28
32
33
31
34
37
33
28
26
24
19
20
16
7
7
6
-2
-10
-20
-23
-26
-28
-40
-47
-49
-48
-51
-53
-46
-49
-52
-60
-54
-49
-44
-46
-51
-45
-37
-43
-44
-45
-39
-40
-36
-31
-32
-30
-37
-40
-35
-29
-33
-36
-31
-28
-27
-27
-23
-19
-15
-9
-10
-5
0
0
-1
1
9
12
11
17
18
26
25
28
39
47
44
44
51
54
58
56
53
57
62
64
59
54
59
56
51
52
55
57
53
46
45
54
53
46
46
44
41
38
37
38
37
30
23
21
16
9
-2
-10
-10
-13
-27
-39
-41
-44
-47
-53
-56
-54
-57
-59
-59
-56
-50
-51
-52
-52
-50
-45
-50
-53
-50
-44
-45
-47
-41
-42
-48
-47
-44
-43
-38
-39
-40
-39
-33
-30
-33
-30
-23
-20
-16
-16
-15
-10
-9
-8
-4
5
6
6
13
19
26
26
32
35
38
41
40
47
51
46
44
44
45
50
50
44
45
52
51
45
48
50
51
47
46
48
45
46
39
38
38
36
29
25
27
20
15
15
9
1
-6
-10
-12
-14
-24
-30
-32
-33
-35
-46
-48
-49
-50
-50
-51
-51
-50
-50
-47
-43
-45
-48
-44
-42
-39
-41
-40
-39
-35
-30
-32
-29
-22
-20
-20
-14
-9
-6
-4
-3
2
4
4
8
13
18
16
15
15
20
20
22
22
26
33
36
34
34
38
37
33
33
34
33
37
36
33
33
30
31
31
29
26
24
27
27
21
19
21
17
17
17
16
12
7
3
5
3
-5
-7
-2
-5
-6
-13
-16
-15
-17
-20
-21
-22
-27
-30
-27
-27
-30
-34
-34
-34
-36
-36
-36
-36
-38
-36
-35
-34
-33
-28
-30
-33
-32
-32
-30
-30
-26
-23
-20
-16
-13
-12
-13
-14
-15
-8
-7
-5
-3
4
7
2
1
3
11
12
9
13
18
18
17
21
25
29
31
31
33
37
35
33
38
42
39
39
45
46
45
41
38
42
42
39
37
37
32
26
27
26
20
12
11
10
4
-1
-5
-8
-9
-15
-17
-16
-16
-19
-22
-27
-28
-28
-30
-31
-29
-28
-26
-26
-24
-23
-28
-29
-28
-30
-26
-23
-24
-23
-22
-22
-27
-28
-25
-25
-25
-25
-21
-18
-20
-20
-19
-14
-13
-13
-12
-6
-5
-5
2
6
7
9
11
15
17
16
15
18
24
23
22
23
22
22
21
22
22
21
18
16
15
13
12
13
14
13
11
11
10
10
9
10
11
14
14
9
9
8
8
12
15
12
8
8
10
6
3
6
3
1
-1
-1
-6
-8
-9
-9
-10
-12
-17
-16
-14
-16
-20
-16
-15
-16
-18
-16
-15
-13
-13
-9
-3
-2
-3
-5
-1
1
-1
-5
-1
5
4
2
3
7
8
3
2
5
4
0
2
3
2
0
-2
3
2
-4
-6
0
4
-3
-9
-7
-2
-5
-7
-6
-4
-2
-4
-6
-3
-2
-9
-9
-3
2
0
-4
1
5
4
-1
0
5
4
3
4
9
9
5
3
8
8
5
4
4
6
3
2
4
3
2
1
0
2
4
1
0
2
0
-3
0
1
-1
0
4
6
2
2
1
2
0
-1
1
5
4
2
4
2
-2
-5
-5
-2
-4
-5
-4
-2
-4
-10
-12
-8
-9
-13
-11
-7
-4
-4
-5
-2
-3
-6
-3
0
1
0
0
1
3
3
1
3
5
6
7
8
10
7
5
4
6
5
5
6
7
8
3
2
2
4
2
-1
3
4
5
2
2
2
-1
-1
-2
-1
1
-2
0
-2
-2
-2
-3
-4
-7
-8
-7
-7
-6
-5
-5
-1
-4
-6
-7
-7
-7
-5
-3
-6
-3
-5
1
3
4
5
2
2
1
0
7
7
3
6
6
8
7
7
6
5
3
1
2
3
3
2
3
3
0
-1
-4
-2
-4
-4
-1
2
0
-4
-4
0
-3
-8
-8
-5
-4
-4
-3
0
-3
-5
-4
-5
-4
-4
-4
-4
-4
-2
0
1
0
0
2
-1
-1
0
2
4
3
6
6
8
4
2
2
1
-1
0
3
4
3
2
4
6
3
0
-2
-2
-1
-2
-1
1
0
0
2
2
0
-2
-4
-1
1
3
2
0
0
0
-2
1
-1
-2
0
-1
-1
-2
-3
0
1
-1
-4
-2
-2
-2
-3
-1
3
3
-1
-1
0
-2
0
0
1
2
2
0
2
1
1
2
1
2
0
-1
2
2
1
3
0
2
1
-1
1
1
-1
0
0
0
-2
0
2
0
-1
-1
0
1
1
0
0
1
-1
-2
-2
-2
-2
-2
-3
-2
-2
-1
0
-3
-2
0
0
2
-2
-3
