-6
-5
0
13
-1
5
-11
-8
1
0
10
2
0
-12
-2
-8
8
4
0
4
-6
3
0
3
-4
3
-12
6
2
0
15
-10
4
-12
-6
-1
3
4
6
5
-8
8
-21
4
-6
-1
22
-4
13
-9
-9
-5
-3
-1
11
1
-1
16
-12
16
-11
-15
-5
-16
14
21
15
3
-1
-40
-6
-18
9
38
-2
19
-23
-8
-8
3
-8
0
-2
-3
26
-5
23
-17
-17
-25
-9
17
25
36
-9
-1
-35
-15
-7
14
19
20
2
-18
2
-23
17
-8
-8
4
1
14
18
-8
-11
-11
-27
21
1
26
18
-9
-20
-26
-14
27
29
-2
4
-42
11
1
3
16
-9
10
-4
-15
-3
20
-4
16
-44
-11
21
17
39
-24
-18
-17
-5
-14
20
7
37
19
-38
-3
-43
15
3
2
20
15
19
-11
-21
-31
-5
-6
23
10
31
16
-20
-9
-47
3
1
1
25
25
15
20
-27
-43
-1
-50
33
35
18
73
-31
-39
-36
-57
24
43
14
44
-7
-45
24
-35
-12
8
-42
46
31
1
46
-14
-52
-30
-73
24
89
37
49
-35
-61
-23
-21
-22
45
18
29
39
-49
9
-27
-33
-14
-3
20
61
25
-24
-7
-50
-8
8
-2
30
17
-8
13
-8
-38
1
-16
9
44
2
23
-2
-46
-26
-18
-26
70
33
11
21
-48
8
-15
-68
4
26
31
74
-30
-24
0
-80
-13
25
36
122
7
-67
-39
-120
-26
48
37
138
68
-23
-17
-138
-106
-14
-20
108
120
37
66
-43
-96
-49
-104
-5
63
15
89
51
1
7
-68
-63
-11
-30
8
50
4
46
17
1
-2
-29
-44
-21
-24
2
78
60
15
-31
-51
-60
-6
-22
73
64
11
-1
-41
-46
-1
-13
-9
38
-1
54
15
-42
28
-27
-36
-7
-22
66
31
-50
-20
7
-11
68
-13
36
31
-87
-86
-72
13
124
85
33
72
-62
-96
-147
-75
56
86
103
109
27
-49
-86
-176
-60
6
126
176
50
9
-71
-156
-115
-42
56
209
130
30
-67
-199
-103
-36
-23
162
180
152
6
-213
-178
-113
-83
97
218
195
122
-80
-138
-188
-226
11
126
169
168
41
25
-105
-173
-125
-72
35
186
128
54
14
-102
-37
-175
-94
97
108
146
16
-29
-16
-76
-117
-22
-32
98
126
-2
60
-53
-56
11
-110
4
31
-28
90
16
-29
63
20
-18
10
-153
-16
50
-39
101
1
10
70
-42
-75
-21
-24
26
40
-70
70
3
-29
-2
-43
42
88
8
-4
-67
-53
-59
-31
39
148
120
1
17
-109
-24
-181
-83
-28
147
143
107
78
-44
-34
-245
-159
-34
115
161
85
28
28
-45
-141
-52
10
44
93
-9
73
-40
-36
-33
-22
-12
23
45
-34
34
-35
49
-69
-7
-18
88
-32
3
14
-34
17
-129
42
34
128
-6
67
-98
21
-63
-113
23
-50
165
35
13
-30
20
-94
-50
-53
63
173
-29
-36
-71
-51
60
8
45
79
19
-124
-78
-72
89
186
1
24
-89
-86
-85
-32
-28
206
101
-36
-11
-116
9
54
-61
25
29
-96
-13
-95
33
226
121
41
-25
-92
-155
-136
-145
84
147
143
77
2
2
-100
-44
-165
24
123
41
67
47
-32
61
-245
-133
-19
94
191
197
11
85
-191
-376
-99
-176
370
193
146
100
-121
-210
-135
-199
117
332
100
150
-128
-220
-26
-312
16
195
140
181
-14
-128
-47
-40
-114
75
-97
53
53
-12
53
173
-2
0
-64
-50
63
-31
-45
-45
-84
-110
141
160
136
154
-127
-137
-243
-247
72
-24
153
115
168
-46
31
-63
-45
-12
-118
172
-44
44
-51
53
-28
81
27
144
-30
-59
-204
-116
-80
-41
153
55
196
-153
63
-233
143
-42
180
61
-170
-36
-187
37
27
424
161
162
-331
-266
-234
-198
218
310
278
110
-75
-379
-236
-231
155
118
97
253
138
-36
-76
-51
-93
-104
-98
116
27
-26
90
1
13
68
199
143
-182
-300
-246
-313
-223
151
388
468
171
43
-172
-289
-369
10
178
160
256
-41
0
-138
50
90
188
-105
21
-60
-157
-16
-225
-55
-230
-203
-39
249
351
351
289
110
-155
-477
-473
-333
0
398
675
724
220
-179
-575
-689
-411
37
397
557
340
6
-389
-576
-483
-67
154
407
602
203
96
-326
-349
-293
-99
103
461
379
247
26
-460
-373
-321
21
301
298
154
-78
-435
-327
-211
140
46
94
77
83
45
-219
17
22
241
13
321
232
246
-8
-276
-3
-218
-5
-147
70
95
325
93
-132
-289
-332
-11
-199
-141
-72
1
-233
-110
-133
440
459
295
244
-15
-84
-189
-297
-137
288
264
281
-125
-130
28
52
-47
100
-1
71
-283
-277
-17
-11
51
-345
-60
-128
78
6
65
182
168
239
-68
97
-200
114
52
-38
136
-30
13
-185
-22
33
324
16
18
-63
-172
-36
-155
-167
-336
-203
-62
354
174
264
119
-2
-102
-201
114
15
62
-320
-58
11
355
279
86
-77
-238
166
42
289
169
122
-189
-432
-415
-208
-34
-1
254
204
240
125
-156
-210
-389
-23
128
109
101
-104
13
-54
252
191
205
-29
-28
-218
-373
-110
-99
285
-59
243
262
227
185
-186
-130
-320
-170
-245
-133
-179
158
149
29
298
134
394
-86
-178
-195
-406
-151
-68
141
79
134
66
69
29
94
279
15
98
94
118
16
25
-170
-339
-337
-302
107
54
160
254
-8
-8
23
-79
156
-83
-225
-147
-501
-164
46
212
598
547
500
217
-210
-409
-545
-724
-214
-48
262
520
464
472
78
-122
-352
-332
-416
-82
-79
22
13
36
54
62
392
413
568
123
45
-390
-604
-499
-453
-264
73
419
268
366
62
90
-76
-187
-71
-111
-65
-82
-61
-65
116
244
207
157
0
9
80
0
140
150
263
-54
-292
-548
-395
-306
-142
119
214
341
-13
319
46
-30
159
-146
-392
-464
-142
-99
44
137
478
343
387
512
-40
124
-418
-426
-388
-121
166
281
306
-103
-91
-309
-153
-254
219
392
276
315
-153
-300
-584
-552
-267
61
509
644
378
-69
-179
-568
-392
-125
-25
468
274
223
96
-201
1
72
171
306
441
123
-85
-638
-651
-238
-118
529
565
614
51
-232
-599
-736
-410
-93
183
28
189
99
-42
-235
-71
47
186
449
228
264
-100
-203
-175
-260
27
211
289
95
-79
-111
-92
-334
40
-29
42
300
77
-8
-100
-357
-254
-266
-233
200
104
343
205
10
-70
-106
-254
38
131
194
309
103
74
-151
-72
-121
-64
-189
-79
-79
42
155
198
192
97
-32
-227
-185
-343
-268
-215
-160
-49
163
258
366
237
131
24
-70
-116
-21
12
117
121
71
165
33
89
25
59
-172
-9
-45
-115
-124
-254
-204
-293
-94
-5
91
55
-1
-47
-126
-14
31
73
2
65
143
188
462
204
202
2
-199
-114
-110
36
38
68
-54
43
-115
-16
-37
-150
-16
52
188
198
204
-42
-112
-172
-60
113
288
356
346
206
100
84
-118
39
-27
68
112
154
55
-53
-83
-264
-82
-165
58
-35
-52
-52
-133
-39
-41
148
46
191
28
64
42
-18
95
-44
1
-94
-78
-127
-95
-85
-67
-44
-136
-147
-210
-255
-178
-166
-45
18
14
-22
-111
-134
-145
42
45
225
175
109
48
-114
-103
-166
-98
-130
-16
-69
14
-11
-110
-69
-192
-92
-47
47
110
121
80
74
77
72
142
72
49
27
-10
51
69
61
29
-44
-73
-58
-9
6
43
-31
-58
-47
-31
75
147
164
171
130
57
36
-27
-53
-29
-55
-67
-59
-155
-115
-113
-72
21
40
38
20
-7
-6
56
44
51
-2
-80
-90
-82
-81
-67
-94
-109
-96
-22
-10
65
-23
-76
-145
-200
-130
-126
-46
-74
-8
-54
34
9
58
49
19
26
-47
-27
-101
-39
-41
56
89
118
63
11
-35
-38
31
56
118
89
42
-9
-17
-25
72
148
233
305
264
207
105
2
-23
-6
25
106
103
52
8
-115
-172
-181
-180
-80
15
102
182
177
170
165
171
216
299
356
428
452
416
391
291
260
183
167
143
123
105
31
-41
-161
-239
-311
-341
-344
-321
-286
-276
-276
-246
-227
-128
-69
51
118
211
245
258
280
241
270
182
201
96
82
-27
-87
-159
-230
-251
-345
-366
-457
-455
-510
-478
-491
-425
-384
-318
-266
-220
-154
-112
-42
-12
73
96
133
95
111
80
100
77
25
-17
-104
-157
-228
-254
-281
-266
-285
-246
-210
-146
-57
-16
49
92
149
176
212
215
223
218
200
207
200
231
222
221
212
227
251
255
259
233
227
199
182
164
174
211
245
298
342
418
468
504
517
532
554
552
538
493
464
410
361
291
260
252
263
269
269
285
299
303
280
272
257
248
204
154
103
57
-6
-89
-158
-209
-247
-287
-331
-358
-380
-394
-432
-467
-497
-526
-580
-649
-716
-797
-862
-963
-1030
-1107
-1146
-1195
-1218
-1226
-1227
-1210
-1195
-1160
-1144
-1101
-1075
-1015
-974
-903
-838
-751
-653
-551
-432
-337
-240
-152
-83
-43
-31
-35
-41
-63
-97
-132
-154
-183
-200
-218
-195
-172
-117
-71
-3
59
122
196
251
315
375
480
589
717
835
967
1097
1243
1380
1532
1677
1819
1939
2048
2135
2201
2236
2243
2249
2212
2202
2143
2089
2003
1937
1871
1813
1763
1738
1740
1730
1753
1762
1839
1838
1793
1687
1574
1415
1137
732
263
-245
-885
-1564
-2281
-2816
-3333
-3832
-4231
-4428
-4349
-4200
-3987
-3619
-3072
-2489
-1929
-1417
-797
-213
232
575
854
1217
1510
1659
1754
1800
1909
1921
1718
1432
1041
613
31
-786
-1617
-2439
-3310
-4201
-5131
-5776
-6162
-6435
-6545
-6497
-6075
-5391
-4682
-3893
-3025
-2045
-1036
-234
533
1256
1933
2488
2776
3016
3277
3475
3539
3393
3207
3066
2784
2370
1827
1305
876
346
-218
-717
-1050
-1183
-1316
-1371
-1226
-867
-388
47
496
1103
1735
2279
2714
3090
3557
3909
4155
4333
4499
4685
4728
4671
4635
4666
4695
4588
4310
4108
3997
3898
3657
3273
2972
2626
2166
1571
987
476
-358
-1508
-2669
-3442
-3900
-4614
-5487
-6074
-6116
-5846
-5643
-5304
-4516
-3661
-2932
-2282
-1348
-51
768
1101
1305
1787
2555
2823
2672
2435
2302
2301
1979
1472
1052
553
-73
-945
-1817
-2354
-2977
-3804
-4748
-5536
-5772
-5955
-6218
-6456
-6513
-6004
-5439
-4967
-4437
-3761
-2725
-1851
-1230
-530
253
1068
1541
1707
2098
2502
2653
2481
2130
2163
2136
1754
1187
572
334
17
-585
-1148
-1580
-1697
-1821
-2072
-2052
-1778
-1392
-1051
-812
-284
420
921
1280
1490
1889
2370
2559
2640
2636
2783
3006
3032
3020
3060
3223
3414
3471
3536
3756
4023
4188
4266
4371
4562
4680
4652
4597
4534
4395
4101
3732
3255
2742
2085
1389
603
-653
-1921
-3133
-3879
-4503
-5534
-6349
-6694
-6517
-6159
-5882
-5187
-4054
-3118
-2247
-1326
-4
1394
1943
2209
2576
3217
3954
3930
3662
3461
3365
3306
2822
2258
1782
1153
307
-697
-1593
-2143
-2950
-3969
-4912
-5467
-5492
-5554
-5629
-5609
-5310
-4639
-3968
-3289
-2642
-1994
-1207
-540
65
540
977
1422
1612
1682
1809
1911
1987
1743
1388
1201
951
692
128
-507
-950
-1397
-1806
-2337
-2853
-3074
-3255
-3334
-3359
-3291
-2902
-2575
-2189
-1684
-1171
-559
-135
241
735
1095
1451
1697
1834
2149
2300
2534
2785
2869
3094
3261
3504
3811
3897
4024
4160
4271
4572
4623
4719
4719
4749
4865
4784
4632
4387
4151
3838
3382
2832
2320
1803
1169
-201
-1563
-2777
-3375
-3842
-4962
-5842
-6141
-5773
-5342
-5254
-4516
-3113
-2132
-1288
-705
803
2427
2963
3037
3152
3875
4747
4659
4241
3881
3682
3782
3131
2454
1855
1185
396
-837
-2042
-2638
-3527
-4638
-5963
-6927
-6936
-7056
-7260
-7387
-7226
-6374
-5534
-4971
-4117
-3360
-2282
-1441
-921
-152
461
984
1257
1140
1401
1587
1443
1183
643
519
312
-252
-834
-1514
-2000
-2405
-3074
-3510
-3896
-4124
-4151
-4263
-4019
-3649
-3240
-2722
-2278
-1571
-668
-68
444
844
1384
2064
2314
2517
2637
2856
3188
3218
3380
3603
3729
3873
3948
4141
4568
4653
4746
4708
4937
5338
5410
5446
5395
5675
5792
5731
5407
5295
5143
4841
4249
3761
3344
2954
2010
329
-995
-2222
-2599
-3564
-4864
-5706
-5865
-5509
-5330
-5304
-4171
-2887
-2093
-1363
-648
1282
2455
2646
2609
2916
3883
4505
4052
3720
3394
3428
3429
2651
2177
1634
997
149
-1137
-1991
-2531
-3676
-4903
-6331
-6923
-6927
-7266
-7576
-7698
-7256
-6267
-5577
-4948
-4067
-3102
-1979
-1314
-755
2
620
911
869
702
948
947
551
50
-311
-364
-583
-1146
-1614
-1931
-2154
-2442
-3014
-3345
-3491
-3599
-3711
-3788
-3579
-3130
-2923
-2632
-2213
-1466
-680
-328
41
601
1281
1868
2092
2254
2609
2823
3110
3188
3352
3632
3765
3887
4032
4307
4699
4882
4854
5005
5253
5672
5764
5711
5740
5979
6190
6057
5844
5578
5467
5133
4553
4068
3674
3163
2469
940
-485
-1753
-2698
-3235
-4555
-5558
-6028
-6092
-5701
-5630
-5032
-3542
-2686
-1764
-1024
394
2300
2815
2897
3064
3688
4729
4711
4264
4093
3785
3906
3382
2679
2262
1443
533
-663
-2013
-2657
-3781
-5212
-6684
-8016
-8221
-8463
-8832
-8951
-8790
-7740
-6649
-5878
-4792
-3871
-2554
-1666
-1136
-399
104
567
530
146
186
175
4
-458
-1154
-1134
-1259
-1536
-1966
-2453
-2442
-2603
-3073
-3439
-3829
-3828
-3901
-4140
-3874
-3536
-2991
-2640
-2346
-1513
-622
39
461
774
1527
2183
2450
2621
2687
2989
3101
3026
3136
3227
3380
3421
3310
3556
3922
4199
4363
4270
4611
5108
5478
5744
5810
6127
6635
6918
7064
7098
7023
7038
6676
6223
5828
5363
4755
3930
2362
796
-788
-2045
-2761
-4232
-5405
-6185
-6456
-6143
-6204
-5688
-4286
-3362
-2311
-1551
-23
2079
2855
3255
3598
4469
5794
6001
5830
5787
5540
5677
5047
4297
3718
2608
1430
-121
-1772
-2715
-4196
-5864
-7563
-9100
-9390
-9758
-10143
-10209
-10051
-8901
-7695
-6876
-5610
-4672
-3248
-2189
-1656
-744
-173
392
588
272
467
667
510
296
-411
-364
-369
-842
-1298
-1975
-2181
-2381
-3162
-3691
-4177
-4447
-4490
-4895
-4623
-4179
-3776
-3311
-2970
-2095
-1061
-606
-184
150
801
1532
1578
1736
1902
2159
2417
2343
2538
2925
3096
3300
3317
3603
4211
4430
4688
4781
5086
5765
6050
6405
6668
7012
7610
7821
7990
8093
8018
7917
7469
6998
6411
5750
4863
4018
2706
799
-930
-2560
-3125
-4201
-5609
-6474
-6848
-6411
-6153
-5934
-4587
-3304
-2274
-1274
-217
2035
3319
3755
4081
4711
6060
6787
6498
6254
5863
5670
5328
4191
3285
1958
438
-1113
-3045
-4476
-5869
-7720
-9359
-10976
-11548
-11471
-11702
-11629
-11381
-10322
-8579
-7374
-6081
-4938
-3560
-2002
-1117
-362
288
858
1229
1088
853
1009
883
520
-245
-741
-806
-1178
-1975
-2873
-3391
-3580
-4058
-4866
-5440
-5662
-5544
-5529
-5334
-4850
-4126
-3427
-2704
-1721
-652
224
714
1176
1859
2521
2905
2954
2973
3182
3334
3440
3475
3612
3808
3867
3954
4054
4421
4722
4900
5022
5228
5797
6243
6660
6971
7418
7999
8404
8593
8699
8710
8643
8290
7774
7019
6276
5373
4422
3068
915
-878
-2488
-3166
-4209
-5729
-6638
-6854
-6487
-6113
-5881
-4578
-3035
-2060
-1015
67
2240
3747
4074
4253
4887
6049
6855
6378
5950
5611
5314
4954
3770
2762
1643
169
-1382
-3188
-4652
-5777
-7515
-9086
-10542
-11096
-10910
-11033
-10998
-10620
-9608
-7903
-6706
-5546
-4370
-3094
-1591
-818
-185
375
918
1268
1072
763
874
790
468
-311
-822
-827
-1125
-1856
-2787
-3295
-3409
-3859
-4677
-5325
-5568
-5440
-5500
-5442
-5058
-4391
-3676
-2988
-2079
-978
-75
517
1010
1728
2439
2900
2950
2983
3123
3258
3378
3344
3458
3537
3581
3632
3794
4087
4374
4361
4385
4495
4969
5447
5697
5883
6198
6796
7295
7502
7473
7554
7574
7506
6872
6286
5725
5163
4107
2041
249
-1032
-1723
-2719
-4468
-5362
-5382
-5094
-4955
-5058
-3759
-2202
-1366
-739
175
2218
3601
3579
3487
4000
5125
5696
5061
4561
4391
4243
4006
2939
2127
1385
183
-1054
-2831
-4011
-4937
-6491
-8122
-9708
-10186
-9948
-10221
-10486
-10363
-9265
-7644
-6645
-5744
-4673
-3352
-2092
-1474
-963
-247
193
350
-18
-163
73
-92
-563
-1333
-1640
-1564
-1852
-2548
-3311
-3711
-3796
-4186
-4823
-5288
-5360
-5206
-5114
-4983
-4409
-3611
-2895
-2209
-1408
-245
659
1120
1505
2097
2793
3070
2868
2813
2952
3127
3053
2920
3085
3315
3464
3523
3833
4306
4659
4727
4810
5203
5806
6193
6416
6568
7015
7594
7842
7930
7813
7819
7924
7615
7078
6511
5724
5060
3327
1347
-63
-1152
-1616
-3158
-4638
-4847
-4651
-4012
-4028
-3689
-1874
-767
106
724
1871
3836
4142
3753
3776
4293
5327
4974
3922
3641
3310
3420
2764
1577
1082
69
-931
-2242
-3861
-4513
-5710
-7214
-8601
-9735
-9500
-9466
-9832
-9781
-9345
-7933
-6674
-6037
-4978
-3989
-2861
-1940
-1655
-897
-389
-307
-313
-771
-583
-524
-1068
-1489
-2037
-1998
-1983
-2666
-3049
-3410
-3524
-3646
-4295
-4438
-4419
-4389
-4232
-4234
-3764
-3018
-2581
-1851
-1263
-312
691
1127
1671
2082
2722
3222
3147
3034
3109
3178
3330
2948
2863
2941
3009
3203
3239
3638
4035
4224
4408
4847
5338
5994
5954
6170
6416
6746
7006
6689
6526
6524
6301
6064
5608
5235
5054
3482
2137
710
157
-322
-1995
-3284
-3810
-3867
-3533
-3957
-3389
-2045
-1472
-424
122
1855
3341
3405
3544
3815
4475
5151
4281
3903
3484
3081
3039
2047
1578
857
-166
-941
-2149
-3171
-3950
-5438
-6496
-7840
-8551
-8696
-9207
-9416
-9422
-8958
-7791
-7002
-6118
-5061
-4120
-2719
-1953
-1207
-507
-123
255
134
-123
-53
-459
-926
-1679
-2225
-2281
-2796
-3464
-4068
-4423
-4409
-4770
-5253
-5372
-5409
-5122
-5009
-4796
-4214
-3656
-2980
-2244
-1473
-347
458
1135
1778
2474
3356
3785
3886
4042
4200
4384
4236
3921
3891
3753
3725
3690
3880
4238
4451
4630
5154
5636
6207
6460
6563
6901
6882
6881
6640
6211
6113
5679
5155
4821
4112
4007
2815
1294
398
-330
-306
-1516
-3075
-3227
-3303
-2793
-2920
-2899
-1129
-470
398
1207
2439
4544
4706
4583
5037
5453
6419
5643
4662
4345
3596
3512
2543
1497
934
-163
-944
-1978
-3237
-3779
-4937
-6124
-7263
-8209
-8228
-8501
-9102
-9246
-9061
-8109
-7181
-6775
-5821
-4863
-3629
-2516
-1957
-1082
-332
-17
214
-92
80
124
-570
-1221
-1929
-2024
-2209
-3214
-3900
-4249
-4332
-4478
-5342
-5514
-5402
-5329
-5196
-5280
-4672
-3927
-3513
-2829
-2143
-1007
100
605
1391
2134
3089
3868
3971
4222
4475
4674
4780
4322
4091
4019
3837
3794
3519
3580
3833
3985
4240
4517
4932
5424
5664
5673
5711
5635
5509
5335
4736
4306
3893
3362
3146
1919
771
-120
-889
-800
-1823
-2616
-2680
-2960
-2348
-2535
-2005
-471
-189
673
1165
2510
4411
4301
4542
4826
5382
6303
5480
5142
4811
4103
3885
2777
2170
1562
364
-435
-1602
-2492
-3007
-4137
-5127
-6167
-6814
-6764
-7148
-7677
-7820
-7684
-6931
-6531
-6378
-5618
-4949
-3994
-3216
-2678
-1600
-974
-527
-92
20
654
634
163
-222
-718
-654
-1088
-2112
-2769
-3396
-3535
-4003
-4898
-5160
-5421
-5403
-5474
-5584
-5003
-4519
-4173
-3669
-3115
-1953
-1150
-702
-6
724
1798
2468
2781
3360
3815
4227
4465
4355
4579
4495
4339
4321
4102
4232
4163
4149
4469
4660
5042
5327
5421
5781
5782
5814
5693
5394
5165
4626
4122
3562
2830
1446
-44
-1190
-1693
-2146
-3358
-4223
-4301
-4025
-3455
-3330
-2196
-727
-104
960
1885
3910
5202
5039
5412
5860
6813
7135
6243
6147
5684
5328
4858
3814
3487
2518
1427
305
-924
-1642
-2562
-3884
-5124
-6234
-6509
-6655
-7155
-7662
-7761
-7237
-6626
-6400
-6246
-5573
-4803
-4036
-3579
-2998
-2111
-1459
-1112
-783
-351
283
325
-54
-246
-291
-207
-854
-1814
-2426
-2803
-3142
-3915
-4752
-5036
-5211
-5267
-5373
-5240
-4683
-4314
-3954
-3471
-2731
-1870
-1447
-1172
-626
114
881
1240
1515
2075
2598
3108
3364
3593
3990
4083
4164
4198
4303
4507
4436
4394
4580
4855
5182
5190
5174
5385
5503
5405
5178
4899
4745
4395
3641
3176
2030
644
-713
-1827
-1995
-3075
-4381
-4752
-4942
-4158
-4133
-3642
-1864
-1189
-55
689
2371
4510
4558
4818
5204
6034
6986
6228
6017
5803
5428
5227
4327
3990
3479
2441
1456
384
-440
-990
-2198
-3459
-4596
-5273
-5157
-5553
-6165
-6361
-6214
-5343
-5105
-5082
-4569
-4161
-3359
-3087
-2809
-2142
-1871
-1546
-1515
-1295
-645
-614
-665
-1000
-1018
-616
-970
-1567
-2277
-2605
-2711
-3407
-4068
-4621
-4859
-4882
-5080
-4922
-4574
-4144
-3745
-3346
-2651
-1853
-1400
-1235
-944
-387
274
533
524
755
1166
1671
1918
2114
2590
2858
3188
3398
3720
4268
4326
4469
4654
5029
5509
5377
5422
5442
5479
5580
5231
5095
4777
4341
4009
3332
2080
638
-606
-1088
-1649
-3282
-4150
-4483
-4294
-4088
-4402
-2844
-1615
-1067
-296
690
3454
4412
4210
4590
5281
6807
6601
6010
6090
5871
5738
5002
4531
4458
3640
2541
1542
733
284
-612
-2003
-3123
-4051
-4075
-4100
-4729
-5138
-5224
-4437
-3785
-3765
-3592
-3192
-2543
-2133
-2053
-1710
-1281
-1274
-1477
-1534
-1144
-761
-1152
-1735
-1956
-1616
-1438
-2259
-3077
-3356
-3419
-3796
-4656
-5120
-5204
-5395
-5575
-5575
-5035
-4430
-4221
-3761
-3034
-2012
-1287
-1152
-809
-325
332
659
528
551
693
976
1015
970
1235
1508
1733
1737
1999
2578
2975
3119
3181
3626
4136
4350
4416
4476
4649
4667
4512
4342
4165
3913
3500
2945
1770
688
-257
-820
-1293
-2734
-3367
-3560
-3396
-3122
-3399
-2092
-1052
-441
341
1191
3405
4121
4149
4509
5103
6265
5963
5551
5500
5325
5174
4468
4024
3726
3027
2124
1307
604
52
-777
-1889
-2687
-3360
-3414
-3532
-3937
-4081
-3913
-3157
-2572
-2374
-2083
-1548
-1001
-514
-322
-43
270
-18
-39
-122
49
61
-667
-923
-1279
-1213
-1366
-2224
-2727
-3250
-3388
-3842
-4566
-4849
-5153
-5377
-5531
-5356
-4781
-4430
-4262
-3610
-2684
-1746
-1235
-962
-270
278
754
919
948
1182
1155
1202
1123
1132
1252
1201
1170
1167
1475
1742
1889
1834
1920
2329
2487
2649
2617
2636
2839
2683
2662
2501
2266
2235
1379
326
-561
-1202
-1221
-2374
-3479
-3621
-3608
-2961
-3255
-2600
-939
-291
698
1280
3119
4896
4737
4985
5318
6444
6854
5908
5755
5613
5451
4919
4184
4023
3532
2520
1684
941
339
-273
-1448
-2333
-3208
-3601
-3330
-3662
-3868
-3829
-3126
-2025
-1776
-1272
-250
669
1322
1348
1835
2590
2447
2197
1733
1676
1705
842
275
-371
-619
-947
-1999
-2565
-3086
-3387
-3951
-4843
-5220
-5464
-5681
-5857
-5954
-5705
-5222
-4802
-4105
-3428
-2631
-1741
-1230
-481
99
703
1160
1159
1355
1355
1402
1412
1225
1113
919
812
903
953
934
961
833
987
1132
1253
1505
1240
1330
1256
1116
1240
842
920
-14
-1313
-1914
-2442
-2239
-3512
-4615
-4533
-4444
-3762
-4033
-3063
-1531
-1002
-105
755
2933
4384
4283
4525
5252
6596
6935
6381
6209
6260
6084
5663
5207
4895
4302
3087
2279
1544
858
42
-1345
-2379
-3313
-3599
-3558
-4045
-4403
-4447
-3680
-2692
-2214
-1496
-497
552
1506
2193
3178
3999
4224
4342
4346
4606
4515
3817
3047
2273
1893
1201
89
-885
-1673
-2317
-3138
-3881
-4372
-4887
-5418
-5660
-5533
-5285
-5150
-4909
-4321
-3640
-2961
-2290
-1576
-868
-278
259
887
1375
1593
1704
1709
1934
1865
1617
1331
997
969
612
355
34
-238
-168
-301
-204
-243
-245
-58
-232
-147
-132
-131
-507
-1821
-2628
-3088
-3163
-3849
-5226
-5394
-5269
-4876
-4739
-4273
-2808
-2050
-1471
-533
1131
2854
3109
3067
3687
4852
5643
5346
5066
5269
5458
5344
5122
4973
4799
4036
3226
2751
2322
1804
471
-784
-1577
-1853
-2019
-2766
-3409
-3576
-3014
-2523
-2096
-1565
-748
188
843
1922
2897
3862
4232
4471
5143
5524
5823
5338
4798
4550
4243
3753
2687
1762
994
162
-714
-1662
-2385
-3126
-3942
-4442
-4551
-4515
-4612
-4719
-4514
-3812
-3214
-2764
-2403
-1871
-1105
-640
-85
262
642
859
937
1234
1341
1301
984
823
794
713
352
-111
-348
-494
-616
-801
-1025
-1149
-1357
-1534
-1532
-1624
-1824
-2961
-4047
-4632
-4722
-4914
-6242
-6795
-6744
-6345
-5920
-5685
-4382
-3444
-2912
-2028
-728
1283
1972
1919
2296
3225
4487
4526
4257
4312
4580
4717
4543
4423
4292
3682
2787
2254
1747
1332
264
-1016
-1827
-2145
-2039
-2390
-2920
-3103
-2500
-1734
-1031
-555
156
1042
1624
2618
3310
4194
4511
4576
5114
5440
6004
5780
5318
5105
5000
4976
4326
3512
2844
2197
1562
820
84
-494
-1242
-1809
-1970
-1964
-1832
-1971
-2016
-1554
-1103
-611
-540
-455
-104
3
304
196
265
217
108
286
326
483
344
389
483
556
527
329
218
13
-235
-330
-626
-910
-1318
-1640
-1618
-1957
-2101
-3097
-3993
-4635
-5030
-5074
-6211
-6787
-7042
-6947
-6596
-6585
-5698
-4995
-4589
-3819
-2950
-1272
-518
-379
74
776
2017
2291
2295
2455
2739
2970
2947
2945
2912
2448
1676
1310
856
524
-332
-1300
-1824
-2251
-2186
-2471
-2808
-2829
-2494
-1770
-1157
-662
200
892
1638
2572
3342
4371
4560
4979
5455
5778
6286
5891
5753
5397
5247
5125
4412
3858
3215
2675
2133
1577
1166
747
149
-63
-35
186
400
340
618
962
1502
1924
1946
2063
2023
2180
2041
1876
1557
1237
941
664
674
340
302
-68
-101
-152
-256
-197
-465
-623
-773
-971
-951
-1224
-1627
-1773
-2268
-2252
-3287
-4247
-4880
-5437
-5496
-6620
-6994
-7045
-6992
-6656
-6655
-5721
-4897
-4606
-4050
-3447
-2121
-1511
-1635
-1457
-1004
-144
116
9
224
445
559
626
541
683
260
-425
-887
-1412
-1581
-2195
-2907
-3386
-3772
-3465
-3362
-3340
-3091
-2689
-1728
-1024
-322
645
1362
2163
2805
3524
4455
4696
5047
5143
5355
5656
5396
5270
4812
4592
4393
3969
3609
3105
2652
2330
2052
1884
1689
1384
1441
1455
1745
2059
2320
2735
2963
3604
4147
4528
4710
4779
4951
4940
4706
4434
4010
3467
2892
2315
1966
1423
860
369
12
-43
-197
-347
-469
-649
-610
-756
-911
-1091
-1483
-1710
-2512
-3413
-4210
-4807
-5030
-5794
-6246
-6280
-6141
-5749
-5674
-4895
-4124
-3741
-3319
-3057
-2114
-1691
-1769
-1887
-1842
-1271
-1120
-1188
-1157
-1056
-932
-984
-1194
-1229
-1641
-2272
-3000
-3723
-4015
-4693
-5220
-5722
-5936
-5629
-5487
-5005
-4654
-3974
-3112
-2296
-1311
-607
268
1029
1786
2467
3071
3698
4099
4353
4536
4718
4783
4596
4222
3889
3575
3226
2735
2187
1764
1455
1267
1156
1022
1022
1093
1408
1805
2138
2621
3044
3629
4083
4639
5254
5663
5921
5931
6129
6246
6110
5682
5227
4899
4512
3957
3400
2996
2560
2104
1694
1588
1438
1123
751
554
438
170
-243
-626
-1017
-1955
-2929
-3731
-3977
-4327
-5145
-5482
-5601
-5192
-5004
-4794
-4042
-3621
-3084
-2869
-2259
-1379
-1155
-1069
-1089
-561
-11
119
165
126
94
11
-298
-739
-1338
-2321
-3209
-4208
-5043
-5826
-6664
-7108
-7669
-7780
-7623
-7243
-6752
-6493
-5851
-5005
-3958
-3149
-2465
-1563
-489
481
1183
1975
2728
3391
3589
3666
3817
3757
3426
2723
2255
1888
1405
791
139
-114
-227
-310
-453
-489
-243
101
485
853
1370
1963
2561
3125
3764
4559
5234
5698
5915
6216
6587
6668
6472
6049
5785
5535
5063
4572
4110
3857
3501
3162
3026
2920
2810
2495
2268
2079
1890
1587
1114
541
-455
-1401
-2108
-2410
-2728
-3394
-3698
-3755
-3400
-3117
-2840
-2245
-1901
-1550
-1353
-824
-93
161
186
174
694
1342
1609
1621
1494
1429
1279
935
387
-374
-1375
-2466
-3524
-4389
-5115
-5854
-6481
-7106
-7318
-7158
-6848
-6644
-6690
-6396
-5823
-5036
-4419
-3973
-3242
-2360
-1398
-565
306
1239
1840
2162
2316
2523
2606
2163
1457
860
505
144
-455
-1028
-1376
-1525
-1547
-1626
-1615
-1497
-1331
-1032
-731
-271
203
640
1164
1767
2584
3323
3878
4277
4654
5133
5465
5532
5376
5171
4989
4747
4365
3997
3663
3356
3098
2854
2759
2644
2513
2322
2129
2116
2038
1747
1010
51
-634
-955
-1159
-1637
-2191
-2388
-2237
-1940
-1638
-1239
-747
-442
-235
158
808
1370
1434
1331
1544
2150
2701
2769
2608
2498
2472
2298
1855
1263
513
-380
-1395
-2280
-2936
-3562
-4310
-5075
-5516
-5555
-5489
-5586
-5783
-5754
-5406
-4951
-4539
-4168
-3658
-2972
-2177
-1380
-627
94
644
985
1186
1310
1283
945
391
-106
-412
-674
-1113
-1629
-1992
-2135
-2201
-2352
-2536
-2667
-2657
-2545
-2364
-2069
-1707
-1294
-815
-202
523
1206
1748
2130
2461
2828
3150
3280
3175
3011
2957
2942
2823
2566
2365
2295
2214
2060
1911
1898
1881
1730
1566
1565
1655
1387
641
-130
-461
-438
-601
-1071
-1460
-1470
-1219
-978
-737
-381
0
259
488
938
1585
2091
2295
2455
2908
3598
4141
4326
4292
4241
4170
3935
3475
2838
2081
1226
324
-489
-1174
-1828
-2480
-3065
-3445
-3655
-3835
-3981
-4058
-3980
-3772
-3494
-3114
-2667
-2100
-1444
-727
8
618
1133
1530
1820
1962
1848
1585
1231
883
551
161
-209
-582
-920
-1224
-1513
-1711
-1944
-2220
-2469
-2594
-2521
-2407
-2256
-2032
-1659
-1150
-680
-256
136
504
805
974
1114
1227
1270
1220
1134
1142
1152
1069
895
741
671
556
339
72
-158
-346
-538
-698
-818
-1036
-1500
-2104
-2514
-2574
-2498
-2592
-2829
-2938
-2734
-2332
-1941
-1626
-1340
-1020
-660
-231
319
926
1487
1966
2494
3201
3974
4594
4901
4962
4929
4809
4522
3989
3283
2524
1712
906
134
-527
-1043
-1494
-1877
-2231
-2504
-2660
-2709
-2634
-2505
-2314
-2032
-1626
-1060
-393
331
1040
1643
2155
2557
2881
3052
2993
2762
2426
2114
1799
1437
1049
673
375
79
-246
-555
-845
-1097
-1320
-1471
-1501
-1452
-1300
-1056
-692
-246
157
493
768
1038
1282
1417
1445
1397
1329
1258
1159
1039
886
701
491
266
59
-167
-462
-854
-1285
-1643
-1963
-2349
-2897
-3584
-4215
-4644
-4820
-4828
-4824
-4837
-4812
-4596
-4150
-3615
-3170
-2920
-2752
-2518
-2164
-1734
-1295
-821
-273
357
1058
1768
2444
3004
3359
3476
3353
3072
2676
2197
1647
1008
334
-310
-793
-1052
-1146
-1192
-1308
-1441
-1482
-1354
-1075
-790
-569
-361
-38
503
1217
1985
2672
3230
3690
4071
4374
4540
4535
4370
4060
3679
3285
2911
2563
2214
1847
1449
1068
742
492
312
183
110
115
229
475
826
1221
1605
1946
2240
2485
2676
2796
2829
2783
2658
2496
2312
2126
1934
1714
1459
1166
850
506
118
-327
-828
-1353
-1897
-2504
-3222
-4010
-4747
-5272
-5526
-5570
-5530
-5485
-5382
-5127
-4690
-4163
-3694
-3379
-3206
-3091
-2937
-2712
-2426
-2098
-1758
-1383
-997
-584
-194
134
337
353
189
-129
-516
-936
-1361
-1801
-2246
-2655
-2957
-3118
-3121
-3029
-2889
-2705
-2454
-2094
-1656
-1162
-659
-173
338
873
1461
2054
2586
3026
3304
3467
3494
3482
3422
3324
3174
2966
2725
2513
2331
2194
2045
1854
1647
1432
1290
1224
1235
1332
1487
1772
2104
2508
2918
3289
3622
3871
4074
4178
4210
4175
4091
3969
3828
3652
3468
3270
3087
2870
2592
2262
1802
1361
879
395
-94
-686
-1347
-2086
-2786
-3362
-3727
-3900
-3936
-3952
-3939
-3915
-3795
-3603
-3347
-3097
-2892
-2722
-2595
-2449
-2262
-1983
-1617
-1203
-761
-426
-188
-100
-128
-267
-528
-887
-1385
-1926
-2528
-3073
-3608
-4011
-4405
-4641
-4886
-4959
-5032
-4926
-4742
-4429
-4002
-3495
-2915
-2264
-1586
-821
-59
710
1407
1972
2421
2643
2783
2757
2691
2545
2371
2156
1943
1703
1527
1323
1184
998
821
635
461
334
302
336
549
802
1234
1663
2174
2660
3109
3551
3892
4216
4413
4560
4595
4581
4515
4444
4337
4241
4107
3932
3720
3404
3089
2674
2281
1828
1348
832
216
-403
-1074
-1637
-2100
-2365
-2495
-2495
-2466
-2414
-2396
-2347
-2263
-2130
-1936
-1756
-1547
-1389
-1196
-992
-696
-330
76
498
821
1043
1093
1001
775
435
37
-439
-953
-1539
-2102
-2703
-3177
-3666
-3964
-4297
-4437
-4590
-4582
-4515
-4319
-4018
-3619
-3134
-2564
-1972
-1316
-679
-50
521
991
1374
1606
1742
1767
1711
1590
1418
1208
991
730
520
260
53
-192
-417
-640
-821
-958
-989
-978
-807
-605
-264
73
481
895
1306
1732
2098
2469
2754
2994
3123
3183
3157
3106
3008
2889
2738
2550
2355
2104
1888
1646
1442
1229
997
745
420
93
-283
-601
-885
-1077
-1199
-1250
-1266
-1259
-1258
-1252
-1223
-1193
-1121
-1071
-971
-892
-768
-639
-453
-235
14
285
517
722
840
894
856
756
582
370
111
-181
-484
-799
-1079
-1362
-1578
-1793
-1922
-2011
-2012
-1937
-1795
-1581
-1337
-1046
-746
-432
-118
192
492
755
990
1174
1304
1367
1391
1342
1260
1119
951
742
507
254
-27
-307
-597
-877
-1136
-1354
-1525
-1627
-1661
-1608
-1495
-1316
-1102
-849
-569
-267
55
370
687
963
1191
1338
1400
1378
1297
1173
1026
860
682
504
333
194
93
26
-10
-35
-68
-126
-201
-302
-407
-511
-601
-663
-704
-715
-712
-707
-716
-724
-763
-812
-891
-955
-1019
-1055
-1064
-1020
-936
-804
-641
-450
-237
-33
163
323
466
570
644
674
683
670
649
617
591
576
575
599
656
744
869
1014
1180
1351
1527
1689
1838
1978
2110
2226
2330
2419
2484
2515
2503
2462
2373
2245
2066
1856
1612
1345
1052
749
435
113
-215
-532
-824
-1065
-1256
-1379
-1435
-1433
-1388
-1302
-1189
-1041
-867
-679
-483
-298
-138
-31
4
-34
-140
-311
-535
-796
-1078
-1372
-1672
-1951
-2208
-2423
-2596
-2724
-2802
-2840
-2841
-2826
-2781
-2712
-2611
-2481
-2306
-2110
-1885
-1649
-1410
-1193
-993
-830
-704
-624
-573
-554
-554
-576
-599
-625
-643
-650
-635
-601
-543
-458
-362
-242
-111
37
181
340
503
679
861
1049
1237
1434
1635
1840
2036
2237
2424
2596
2751
2881
2981
3059
3118
3157
3186
3211
3215
3203
3171
3120
3048
2956
2842
2708
2549
2370
2177
1967
1757
1524
1282
1022
763
513
277
59
-124
-282
-401
-497
-569
-620
-657
-686
-690
-693
-706
-723
-756
-814
-905
-1019
-1155
-1305
-1477
-1658
-1839
-2014
-2191
-2353
-2494
-2615
-2717
-2799
-2853
-2877
-2877
-2847
-2784
-2692
-2577
-2427
-2252
-2066
-1875
-1679
-1497
-1334
-1201
-1096
-1018
-970
-956
-963
-988
-1029
-1081
-1118
-1156
-1180
-1171
-1138
-1079
-990
-871
-724
-554
-371
-163
66
311
566
831
1106
1380
1641
1898
2140
2355
2548
2717
2842
2936
2995
3016
3013
2986
2935
2872
2790
2711
2625
2529
2436
2332
2238
2146
2047
1940
1827
1711
1585
1449
1302
1146
991
837
687
538
396
262
140
21
-84
-182
-270
-351
-423
-482
-537
-587
-627
-668
-705
-734
-763
-794
-828
-863
-903
-947
-1001
-1059
-1115
-1169
-1223
-1269
-1304
-1339
-1367
-1380
-1387
-1394
-1388
-1381
-1370
-1350
-1339
-1323
-1309
-1305
-1301
-1302
-1309
-1323
-1342
-1362
-1394
-1431
-1459
-1495
-1527
-1544
-1545
-1531
-1496
-1438
-1356
-1248
-1125
-973
-801
-625
-430
-214
18
253
490
729
953
1166
1366
1542
1696
1822
1917
1989
2028
2036
2021
1990
1932
1857
1777
1692
1604
1509
1420
1326
1228
1131
1027
922
816
708
601
498
389
283
192
98
6
-78
-152
-213
-264
-306
-330
-349
-355
-350
-334
-305
-269
-209
-137
-62
13
97
167
231
283
313
328
324
301
263
211
144
72
5
-60
-128
-183
-218
-254
-277
-276
-270
-252
-223
-192
-150
-114
-90
-55
-29
-17
-16
-19
-30
-58
-92
-140
-207
-287
-366
-452
-548
-633
-708
-772
-829
-877
-912
-930
-928
-903
-857
-788
-712
-624
-521
-419
-321
-229
-144
-62
-2
46
86
109
125
135
137
131
115
91
59
17
-26
-66
-109
-163
-215
-266
-318
-365
-409
-446
-464
-470
-466
-450
-424
-398
-364
-328
-286
-236
-187
-139
-93
-45
-7
26
61
98
144
181
220
269
327
390
464
538
619
701
765
828
893
941
991
1039
1064
1080
1090
1091
1082
1085
1089
1105
1135
1154
1179
1199
1209
1221
1227
1218
1205
1172
1120
1064
991
901
809
698
576
456
325
192
66
-58
-166
-268
-370
-465
-551
-632
-708
-773
-836
-880
-920
-954
-976
-1002
-1027
-1046
-1065
-1079
-1082
-1085
-1079
-1064
-1041
-1016
-988
-961
-932
-902
-881
-862
-845
-833
-826
-819
-818
-826
-842
-864
-883
-896
-904
-901
-890
-873
-842
-814
-771
-722
-665
-606
-544
-479
-420
-363
-310
-257
-205
-160
-116
-75
-29
33
109
200
303
412
513
617
714
811
921
1026
1125
1208
1268
1308
1322
1328
1334
1349
1366
1380
1381
1362
1343
1313
1282
1253
1222
1185
1136
1078
1011
930
840
744
649
558
472
388
311
238
172
113
61
18
-16
-48
-72
-102
-137
-173
-216
-258
-304
-356
-407
-463
-523
-580
-638
-691
-742
-781
-817
-839
-855
-865
-862
-852
-835
-818
-789
-761
-731
-695
-655
-611
-574
-541
-515
-493
-476
-449
-431
-414
-399
-389
-368
-355
-337
-307
-290
-273
-253
-236
-209
-192
-176
-157
-156
-153
-151
-154
-145
-130
-114
-81
-52
-23
13
49
100
159
210
279
346
403
452
482
517
560
596
628
661
677
688
692
681
669
652
629
605
570
531
489
433
382
326
264
213
168
124
94
66
43
33
27
30
42
55
75
107
123
140
155
162
157
148
137
116
92
67
28
-17
-55
-94
-132
-170
-208
-236
-261
-283
-295
-303
-307
-299
-288
-271
-248
-221
-187
-148
-111
-73
-37
-3
34
69
93
115
135
155
162
170
171
168
164
150
136
122
100
83
60
29
2
-33
-66
-99
-136
-170
-209
-242
-273
-306
-331
-353
-368
-370
-370
-367
-356
-336
-313
-279
-252
-215
-174
-140
-102
-64
-40
-13
10
23
31
30
25
7
-11
-33
-61
-99
-131
-163
-200
-229
-251
-270
-280
-283
-279
-262
-243
-213
-177
-145
-107
-65
-24
14
52
84
108
133
151
160
164
171
169
163
160
156
147
139
138
135
128
128
132
134
146
160
178
205
232
269
304
343
387
426
464
499
535
569
592
611
624
628
626
618
597
568
534
498
453
405
347
292
236
179
119
55
-3
-60
-117
-170
-221
-269
-313
-351
-380
-407
-432
-450
-458
-461
-459
-454
-451
-441
-427
-408
-396
-384
-361
-341
-328
-310
-299
-289
-287
-288
-284
-294
-311
-324
-337
-359
-370
-389
-404
-410
-416
-415
-411
-403
-389
-370
-344
-310
-271
-236
-196
-154
-116
-77
-39
-5
24
53
83
104
128
152
175
196
217
234
252
270
282
294
303
322
339
353
368
385
409
436
457
481
510
540
565
591
615
633
655
665
669
669
662
649
632
609
574
534
488
439
385
326
269
205
137
81
19
-49
-103
-159
-204
-251
-292
-326
-355
-374
-396
-413
-429
-434
-438
-444
-444
-438
-436
-426
-416
-409
-400
-397
-394
-390
-387
-391
-397
-399
-398
-407
-413
-419
-422
-428
-436
-439
-448
-450
-450
-444
-429
-419
-401
-371
-341
-314
-279
-241
-203
-164
-125
-89
-47
-4
43
88
126
169
204
241
267
289
303
314
322
326
330
327
321
319
320
316
318
319
331
342
352
367
388
414
426
448
467
484
511
530
543
555
567
566
561
554
539
515
488
453
408
370
325
272
221
171
117
71
26
-21
-64
-108
-146
-178
-208
-234
-251
-268
-281
-289
-298
-298
-298
-303
-299
-297
-297
-303
-308
-309
-311
-313
-318
-326
-332
-342
-347
-357
-370
-374
-386
-399
-413
-421
-427
-432
-433
-437
-432
-428
-421
-411
-399
-382
-361
-335
-303
-267
-233
-198
-154
-113
-74
-31
11
49
83
112
143
173
200
217
233
243
246
252
254
258
261
268
267
265
260
263
262
260
257
256
266
274
282
290
303
311
318
322
326
327
328
324
319
319
311
294
284
273
255
239
220
202
178
151
130
104
83
55
31
20
2
-10
-22
-32
-45
-57
-66
-78
-91
-103
-111
-124
-125
-120
-121
-124
-129
-134
-137
-143
-151
-159
-162
-164
-165
-173
-177
-187
-194
-195
-204
-210
-220
-230
-238
-238
-238
-238
-238
-229
-219
-212
-211
-204
-195
-182
-167
-154
-133
-114
-94
-73
-48
-33
-21
-8
7
21
30
43
54
70
84
90
91
95
95
94
95
95
97
100
103
102
103
102
102
98
96
96
100
103
102
103
105
105
99
97
97
98
96
96
92
88
90
81
77
74
66
60
58
54
49
49
53
43
43
42
34
26
24
22
18
18
18
21
18
16
14
11
11
5
1
3
1
0
3
3
0
-6
-9
-9
-17
-25
-31
-33
-37
-44
-43
-38
-40
-43
-47
-50
-58
-63
-62
-66
-64
-60
-60
-56
-51
-43
-46
-46
-46
-49
-47
-46
-36
-26
-21
-15
-8
-11
-9
-11
-16
-13
-18
-11
-7
-8
-11
-12
-11
-13
-16
-23
-25
-26
-28
-28
-23
-25
-26
-24
-24
-22
-29
-30
-28
-27
-22
-17
-20
-17
-15
-16
-11
-13
-17
-12
-8
-2
-2
0
3
2
6
7
7
5
5
8
12
12
11
11
13
19
21
20
23
24
29
33
37
44
50
52
58
64
67
70
70
75
80
