1
0
1
1
0
-1
-1
-1
0
0
-1
0
1
0
-1
0
0
1
1
-1
1
-1
0
2
1
0
-1
0
0
0
0
0
0
0
-1
0
2
0
0
0
0
-1
0
2
-1
0
1
2
0
-1
0
-1
0
-1
1
0
0
0
-1
0
0
0
0
0
0
0
0
0
0
0
2
1
2
1
0
0
1
0
0
-1
-1
-1
0
0
1
0
-2
-1
-1
0
0
0
-1
1
1
-1
-1
-1
0
0
0
-1
-2
-1
0
0
-1
-2
-1
0
0
1
0
1
-1
0
-1
1
1
-1
1
-1
-1
0
0
1
0
0
1
0
0
1
0
0
0
1
1
0
0
-1
0
0
0
-1
-2
-1
0
2
1
0
-3
0
-1
0
1
1
2
2
0
1
2
0
-1
0
0
-1
0
-1
0
-1
-2
-1
0
0
0
0
2
0
-2
1
0
0
0
1
0
-1
-1
0
0
0
1
1
1
0
1
0
1
2
1
1
0
-1
-1
-1
-1
-1
0
1
0
0
0
1
0
1
0
0
-2
-1
0
-1
-1
0
1
0
1
1
0
-1
-1
0
1
0
-2
-1
0
1
1
1
1
2
-1
-1
-1
-1
-1
-1
-2
-1
-1
-1
1
2
2
-1
-1
-3
-1
0
0
0
0
-2
0
-1
-1
1
0
1
0
1
1
0
0
-2
0
0
0
0
1
2
0
0
0
0
0
-1
-1
0
1
-1
0
0
1
1
0
0
-1
1
2
1
0
3
0
-1
0
0
1
0
-1
1
0
0
0
0
1
-1
-1
1
-1
-2
0
0
0
0
1
2
1
1
1
0
-1
0
0
0
0
-1
1
0
-1
-1
0
0
-1
0
1
0
1
1
-1
0
-1
1
2
2
0
0
0
1
0
1
0
0
0
0
-1
-1
0
1
0
0
0
-1
1
1
1
-1
-1
0
0
0
-1
0
0
0
2
1
0
1
0
2
1
0
-1
-1
1
0
-1
0
0
-1
0
-1
-1
1
-1
-1
0
1
-1
0
2
2
-1
-1
-1
-1
-1
-1
0
-1
0
0
0
0
0
0
0
1
1
1
-1
1
1
0
2
-1
0
-1
-1
-2
-1
2
1
1
1
1
0
-1
-3
-2
1
0
1
1
1
0
0
-1
-1
2
1
0
0
-1
1
0
0
0
0
1
1
1
1
-1
1
0
-1
1
1
1
1
0
0
0
0
1
1
0
0
1
-1
0
0
0
-1
-1
-1
-1
-1
0
0
0
1
1
1
1
1
-1
1
0
0
0
0
1
0
-1
0
1
0
1
0
1
1
-1
-1
0
1
-1
0
-1
-2
0
1
0
-2
0
-1
0
0
1
1
0
0
1
0
1
-1
1
1
0
0
-1
0
-1
0
2
0
1
0
0
-1
-1
1
1
0
0
0
1
1
1
0
-1
1
0
-2
-1
0
-1
-1
-2
-1
-1
-2
-1
1
-1
-1
1
3
1
0
1
3
3
1
0
1
2
3
2
-1
-2
1
3
2
-3
-5
0
2
-1
-7
-9
-2
0
-2
-6
-6
-3
1
-2
-6
-5
3
9
6
2
4
9
13
11
6
8
12
12
9
6
7
10
12
10
6
7
8
10
8
6
10
13
12
11
11
14
17
17
14
14
15
20
19
16
13
15
17
17
13
8
6
5
7
4
0
-3
-2
-1
-3
-5
-5
-3
-5
-8
-9
-8
-9
-8
-8
-7
-6
-2
-1
-2
-6
-6
0
5
7
3
-3
-3
-1
-2
-4
-12
-16
-15
-13
-17
-27
-32
-33
-33
-38
-47
-51
-49
-44
-44
-52
-51
-43
-33
-31
-37
-34
-27
-19
-15
-17
-14
-6
1
2
0
2
8
16
16
12
12
21
28
26
18
17
27
35
32
24
17
22
26
23
15
10
12
12
9
3
-1
1
1
-5
-12
-18
-11
-5
-7
-13
-10
6
16
18
12
16
29
42
47
45
48
57
63
61
57
56
57
62
57
51
47
49
50
41
30
28
35
36
33
28
28
31
36
40
40
36
36
29
23
15
6
-2
-12
-27
-49
-65
-77
-87
-109
-128
-145
-153
-159
-167
-180
-186
-189
-186
-182
-177
-168
-162
-153
-138
-120
-105
-86
-71
-57
-41
-21
-2
15
25
30
38
47
58
64
66
68
71
77
86
90
90
91
100
110
122
133
135
146
161
173
182
189
200
213
223
232
234
239
244
242
230
213
199
181
158
130
107
81
55
22
0
-29
-62
-102
-142
-171
-202
-233
-270
-290
-313
-340
-366
-377
-385
-396
-410
-415
-404
-397
-397
-391
-372
-350
-327
-307
-278
-242
-221
-204
-170
-127
-78
-47
-23
-5
26
72
114
147
158
159
181
210
240
249
246
248
254
275
286
290
290
297
317
325
335
358
393
418
412
421
454
500
530
545
574
611
620
609
588
573
533
459
382
316
255
174
76
-38
-168
-277
-354
-422
-518
-639
-730
-779
-800
-840
-868
-859
-831
-815
-796
-743
-654
-568
-496
-429
-350
-268
-184
-100
-43
-16
-3
14
38
24
-31
-73
-105
-136
-211
-288
-341
-374
-394
-423
-448
-455
-455
-424
-378
-309
-237
-161
-85
-15
94
228
343
419
483
607
758
855
890
933
1052
1175
1237
1267
1307
1357
1381
1365
1346
1311
1272
1197
1034
757
483
450
569
458
-59
-590
-638
-401
-456
-942
-1290
-1112
-850
-1024
-1458
-1479
-1024
-681
-826
-1099
-995
-607
-334
-270
-215
-60
49
76
149
304
394
346
284
290
244
64
-109
-122
-61
-167
-440
-673
-719
-685
-720
-816
-892
-923
-933
-915
-852
-780
-723
-657
-558
-479
-441
-384
-217
-13
82
58
66
220
415
517
550
606
708
760
786
860
970
1050
1022
999
1003
994
947
897
938
959
889
758
678
674
631
590
595
628
584
431
331
327
398
421
398
317
100
-148
-209
27
213
9
-387
-513
-304
-219
-454
-656
-513
-249
-335
-696
-851
-621
-331
-327
-463
-484
-424
-410
-418
-303
-167
-193
-328
-384
-303
-282
-368
-450
-442
-449
-628
-828
-876
-778
-760
-911
-1059
-1094
-1045
-999
-947
-859
-817
-813
-761
-603
-415
-318
-259
-151
31
176
241
292
399
566
675
701
712
772
851
897
900
899
918
956
970
947
935
952
968
972
968
953
910
894
1007
1190
1258
1138
1068
1186
1323
1274
1125
1092
1214
1298
1235
1021
670
210
-90
61
369
159
-656
-1272
-1150
-844
-1174
-1839
-1929
-1352
-1074
-1573
-2162
-1967
-1205
-776
-939
-1159
-975
-654
-444
-260
30
215
132
25
151
354
379
247
188
199
48
-286
-544
-522
-444
-606
-1004
-1307
-1365
-1331
-1367
-1436
-1449
-1464
-1484
-1410
-1204
-1023
-974
-908
-647
-318
-163
-180
-69
264
593
669
582
652
901
1109
1124
1077
1138
1220
1224
1213
1262
1347
1321
1263
1277
1319
1310
1235
1231
1282
1248
1109
985
1084
1333
1388
1094
799
987
1367
1317
851
674
1058
1387
1157
721
735
1141
1059
182
-497
-37
851
639
-584
-1292
-856
-407
-894
-1707
-1779
-1228
-1048
-1694
-2371
-2206
-1516
-1279
-1651
-1879
-1670
-1412
-1312
-1087
-786
-753
-910
-826
-490
-270
-313
-396
-322
-201
-295
-641
-823
-600
-345
-600
-1128
-1287
-1075
-984
-1123
-1198
-1117
-1023
-969
-887
-758
-546
-314
-148
-55
93
272
445
661
917
1044
938
869
1032
1282
1361
1257
1184
1227
1263
1168
1040
1141
1367
1372
1102
888
1014
1277
1299
1014
789
967
1265
1162
792
740
1062
1135
805
503
600
1000
1274
1043
532
461
977
1292
972
674
977
1445
1317
503
-250
15
1111
1530
431
-910
-973
-240
-318
-1256
-1824
-1558
-1225
-1609
-2489
-3013
-2698
-2131
-2073
-2469
-2695
-2558
-2304
-1963
-1541
-1356
-1443
-1325
-828
-422
-416
-438
-147
196
209
-51
-230
-113
124
62
-346
-640
-573
-493
-654
-828
-817
-843
-970
-978
-771
-569
-498
-472
-380
-202
2
219
399
589
757
871
942
1043
1170
1262
1343
1462
1515
1375
1235
1297
1462
1466
1311
1194
1237
1303
1225
1094
1151
1333
1358
1138
947
990
1143
1173
992
763
702
824
740
364
159
462
835
736
272
28
274
672
856
769
777
1133
1585
1552
889
196
282
1199
1814
1179
-173
-811
-390
-194
-1153
-2290
-2339
-1659
-1728
-2929
-3985
-3836
-3077
-2862
-3216
-3483
-3331
-2995
-2573
-2059
-1655
-1552
-1438
-971
-355
-12
-16
124
580
931
785
390
320
658
874
573
94
-106
-98
-195
-364
-419
-481
-660
-770
-643
-494
-525
-600
-471
-193
-23
41
142
344
537
667
742
844
990
1087
1096
1177
1394
1460
1226
1062
1279
1536
1439
1176
1165
1346
1373
1224
1151
1161
1161
1124
1073
986
916
855
687
449
355
454
407
168
-10
22
82
108
135
135
186
349
540
605
690
965
1318
1506
1447
975
329
344
1211
1715
802
-615
-996
-483
-613
-1720
-2637
-2476
-1873
-2134
-3410
-4332
-3846
-2845
-2684
-3280
-3435
-2950
-2515
-2213
-1649
-1058
-890
-815
-346
344
685
717
874
1248
1514
1394
1048
940
1254
1470
1134
557
284
274
149
-6
9
-51
-401
-682
-559
-266
-250
-466
-468
-155
142
125
-24
105
539
822
727
585
724
980
1083
1131
1217
1153
923
908
1214
1435
1285
1005
909
1019
1131
1128
1003
922
1004
983
663
397
601
862
627
164
43
133
56
-13
168
314
159
-101
-212
-63
293
545
447
395
790
1020
244
-762
-555
617
1070
148
-1053
-1479
-1231
-1143
-1681
-2402
-2468
-1988
-2105
-3068
-3650
-3152
-2511
-2503
-2631
-2421
-2189
-2037
-1532
-781
-407
-438
-292
174
669
997
1139
1150
1197
1329
1251
909
763
997
1074
655
178
23
-53
-213
-227
-124
-246
-571
-625
-311
-49
-58
-75
133
414
533
555
681
985
1303
1385
1238
1152
1307
1521
1538
1443
1439
1461
1320
1118
1119
1289
1312
1090
882
849
893
885
869
888
854
676
439
371
532
705
670
487
411
501
542
358
167
287
573
569
239
173
526
424
-615
-1433
-786
443
228
-1469
-2534
-1933
-1189
-1850
-3116
-3252
-2268
-1878
-2927
-4152
-4075
-3020
-2410
-2654
-2971
-2842
-2528
-2147
-1489
-804
-638
-798
-521
278
879
916
868
1195
1612
1544
1064
848
1173
1488
1191
504
72
-22
-111
-223
-219
-312
-726
-1079
-869
-376
-305
-660
-697
-79
562
520
87
232
1165
1902
1673
1083
1193
1942
2388
2194
1934
2015
2188
2172
2039
1940
1927
1992
2020
1816
1449
1320
1568
1744
1452
918
674
894
1246
1309
991
703
855
1180
1043
456
181
656
1373
1540
905
-156
-977
-1047
-443
115
-73
-1004
-2042
-2577
-2615
-2572
-2679
-2761
-2696
-2812
-3367
-4026
-4180
-3742
-3097
-2645
-2644
-3068
-3418
-2990
-1892
-1138
-1306
-1710
-1459
-689
-190
-163
-67
327
590
436
162
159
434
655
635
452
136
-272
-456
-184
188
17
-673
-1070
-661
-15
29
-426
-615
-229
306
505
435
555
1020
1458
1504
1333
1432
1917
2373
2415
2213
2195
2431
2619
2516
2255
2201
2444
2595
2255
1662
1487
1874
2088
1558
825
799
1390
1547
854
225
439
942
859
357
287
789
1070
617
25
294
1381
1979
1262
246
422
1637
2386
1882
1041
1220
2440
2708
-23
-4160
-4686
409
5496
3260
-4902
-9320
-4842
1605
567
-6453
-9122
-3460
1957
-1482
-9355
-10372
-2699
3695
1314
-5252
-6998
-2469
2224
2488
0
-1016
647
2510
2318
1012
1039
2670
3611
2378
445
-22
852
1203
330
-533
-504
-634
-1986
-3353
-2802
-980
-680
-2686
-4357
-3492
-1497
-993
-2076
-2748
-2042
-939
-432
-408
-403
-177
456
1289
1553
897
240
846
2441
3203
2097
448
250
1549
2468
1793
459
8
411
502
12
-286
-167
-287
-878
-1291
-1158
-1032
-1259
-1280
-797
-487
-846
-1306
-1128
-485
-5
200
412
637
662
621
1010
1925
2598
2393
1878
2104
3024
3548
3292
3045
3421
3984
3982
3444
3130
3498
3995
3805
2972
2343
2355
2404
1946
1367
1248
1156
-312
-3183
-4760
-2635
983
887
-3990
-8190
-6735
-2315
-1476
-5067
-7153
-3992
118
-899
-5651
-6846
-1758
3850
3840
-287
-2316
197
4008
5383
4229
2976
3272
4410
4568
3393
2456
2968
3818
3066
850
-834
-902
-451
-831
-1855
-2658
-3328
-4429
-5378
-4909
-3332
-2797
-4291
-5899
-5430
-3578
-2685
-3105
-3139
-2069
-1192
-1469
-1904
-1511
-692
95
921
1374
683
-585
-803
550
1973
1701
39
-1162
-709
548
810
-350
-1474
-1452
-969
-897
-1165
-1452
-1689
-1687
-1377
-1267
-1756
-2203
-1642
-510
-222
-1030
-1706
-1269
-123
594
361
-35
308
1055
1323
1132
1402
2336
2933
2598
2152
2498
3305
3759
3717
3665
3795
3800
3588
3585
3999
4264
3976
3635
3830
4161
3912
3422
3557
4196
4308
3729
3283
3311
3317
2951
2623
2642
2663
2333
1891
1310
-59
-1822
-2083
-156
1360
-374
-3953
-5239
-3256
-1551
-2670
-4632
-4366
-2285
-1552
-3317
-5035
-3992
-1019
719
-201
-2044
-2326
-711
1193
1895
1293
453
444
1100
1255
626
208
600
840
-109
-1627
-2314
-1966
-1720
-2297
-3214
-3800
-4066
-4344
-4544
-4358
-3960
-3927
-4377
-4617
-4071
-3144
-2739
-2923
-2872
-2195
-1581
-1753
-2056
-1284
144
581
-244
-885
-465
290
507
344
454
735
581
-27
-360
95
755
627
-185
-559
-282
-159
-325
-206
147
64
-456
-692
-337
126
392
554
516
271
234
693
1328
1700
1635
1369
1492
2166
2738
2626
2291
2586
3298
3438
2886
2690
3295
3884
3730
3154
2915
3119
3284
3120
3025
3226
3218
2609
2044
2373
3106
3064
2251
1865
2292
2555
2004
1328
1375
1886
1931
1172
162
-355
-130
483
708
-204
-2130
-3677
-3265
-1245
-72
-1435
-3962
-4763
-3228
-1673
-2213
-3734
-3547
-1320
174
-1181
-3562
-3415
-295
2348
1819
-499
-1467
-208
1435
1760
1007
438
463
305
-492
-1247
-1080
-534
-866
-2205
-3277
-3385
-3305
-3747
-4181
-3876
-3330
-3635
-4757
-5297
-4325
-2746
-2242
-2977
-3403
-2484
-1093
-654
-1502
-2367
-1564
691
1910
632
-1134
-761
1263
2089
731
-722
-201
1423
1851
654
-371
51
830
606
4
203
564
145
-331
89
725
502
-180
-254
313
684
526
268
288
512
680
672
694
932
1113
980
898
1254
1739
1898
1927
2162
2374
2293
2293
2810
3461
3592
3277
3176
3458
3705
3718
3746
3911
3929
3602
3223
3254
3594
3699
3389
3080
2951
2635
2064
1917
2482
2835
2059
747
253
664
779
-47
-988
-1081
-694
-990
-2270
-3611
-4078
-3624
-2870
-2633
-3398
-4715
-5288
-4530
-3327
-3090
-3735
-3825
-2670
-1350
-1278
-2114
-2134
-468
1504
1926
975
455
1194
2276
2724
2506
2054
1639
1376
1185
806
275
-153
-476
-1102
-2069
-2838
-3119
-3386
-3925
-4280
-4138
-4050
-4537
-5133
-4975
-4049
-3314
-3407
-3732
-3223
-2002
-1117
-1135
-1702
-2078
-1202
926
2299
1304
-531
-378
1596
2694
1530
133
703
2348
2547
927
-186
621
1814
1392
218
127
559
29
-695
-157
780
353
-1082
-1583
-648
207
-95
-847
-932
-390
-59
-306
-479
15
618
508
151
533
1375
1642
1335
1377
1945
2268
2160
2335
2971
3263
2892
2613
2937
3346
3331
3233
3511
3786
3433
2728
2610
3342
4006
3773
3071
2882
3067
2783
2168
2247
2934
2851
1614
639
880
1209
406
-870
-1230
-844
-1004
-1974
-2728
-2677
-2442
-2790
-3616
-4174
-3902
-3060
-2457
-2623
-3278
-3606
-3040
-1889
-1130
-1195
-1380
-785
179
325
-258
-113
1188
2071
1442
427
497
1187
1168
468
61
98
-162
-954
-1659
-1812
-1760
-1996
-2574
-3218
-3639
-3700
-3505
-3345
-3434
-3655
-3643
-3303
-3005
-3001
-2872
-2218
-1468
-1339
-1728
-1840
-1174
-41
758
658
40
-73
635
1431
1494
979
747
1161
1569
1266
617
531
1011
1115
500
-76
-87
17
-125
-247
-248
-424
-778
-940
-765
-511
-444
-540
-660
-685
-543
-278
1
240
353
340
463
876
1254
1323
1372
1695
2018
2036
2026
2387
2934
3157
2965
2735
2796
3094
3407
3595
3644
3520
3287
3172
3289
3440
3430
3386
3449
3452
3150
2706
2493
2562
2565
2254
1739
1321
1110
851
385
-147
-551
-1023
-1855
-2709
-2793
-1977
-1425
-2393
-4351
-5237
-4072
-2401
-2283
-3490
-3972
-2931
-1859
-2061
-2606
-1903
-288
525
14
-520
64
1256
1926
1860
1662
1698
1789
1687
1448
1328
1338
1190
594
-346
-1074
-1172
-1044
-1373
-2155
-2805
-3070
-3294
-3683
-3876
-3562
-3171
-3280
-3729
-3817
-3236
-2460
-2112
-2160
-2011
-1494
-1143
-1161
-801
352
1317
1061
211
146
1035
1818
1775
1415
1400
1588
1392
805
566
992
1333
856
64
-212
-120
-254
-514
-505
-481
-909
-1478
-1501
-1091
-942
-1213
-1518
-1596
-1520
-1397
-1223
-1017
-858
-791
-748
-578
-297
-91
-9
219
740
1173
1145
974
1251
1954
2423
2267
1964
2158
2757
3102
2895
2564
2653
3098
3342
3070
2641
2575
2857
3042
2929
2764
2675
2542
2306
2017
1732
1604
1742
1867
1565
1032
820
688
-333
-2062
-2595
-852
1285
811
-2303
-4597
-3496
-909
-483
-2303
-3037
-1205
444
-717
-2886
-2437
597
2679
1894
166
126
1692
2856
2715
2310
2658
3262
2983
1763
957
1525
2513
2193
383
-1289
-1524
-1038
-1413
-2660
-3336
-2965
-2882
-4161
-5724
-5652
-4114
-3291
-4203
-5291
-4919
-3769
-3521
-4094
-3906
-2569
-1536
-1920
-2848
-2674
-1260
-76
-111
-690
-718
-203
49
-136
-107
381
709
413
-145
-344
-94
133
19
-236
-427
-615
-837
-956
-863
-725
-837
-1180
-1430
-1379
-1118
-921
-966
-1078
-962
-624
-332
-290
-340
-83
548
1101
1162
999
1278
2115
2795
2730
2394
2683
3573
4172
3993
3594
3676
4184
4586
4581
4358
4242
4300
4332
4221
4103
4092
4061
3798
3261
2739
2565
2737
2830
2458
1878
1558
1166
-162
-2036
-2520
-714
1303
604
-2603
-4900
-3950
-1555
-1039
-2597
-3351
-1840
-289
-1170
-3172
-2943
-61
2320
1879
-3
-545
861
2468
2838
2393
2300
2701
2686
1770
898
1247
2304
2253
457
-1492
-1888
-1211
-1302
-2570
-3498
-3212
-2965
-4186
-5984
-6130
-4375
-3105
-3965
-5508
-5477
-4017
-3134
-3635
-4200
-3500
-2044
-1420
-2184
-2993
-2299
-503
473
-224
-1270
-1140
-77
502
140
-188
247
800
510
-241
-265
466
728
113
-341
-28
242
-207
-697
-466
1
-177
-804
-1002
-595
-298
-555
-874
-633
-115
-22
-350
-419
50
599
829
891
1009
1206
1611
2243
2647
2484
2286
2814
3765
4078
3587
3282
3749
4397
4489
4195
4122
4293
4263
3993
3864
3972
3921
3420
2818
2639
2758
2587
1983
1508
1567
1486
-25
-2770
-4260
-2468
689
775
-3202
-6775
-5870
-2574
-2056
-4704
-5730
-2834
-35
-1599
-5236
-5268
-976
2527
1904
-340
-473
1317
2460
2345
2485
3495
4222
3619
2235
1529
2187
3238
3037
1342
-223
-433
-234
-1120
-2600
-2831
-1776
-1706
-3738
-5854
-5602
-3616
-2660
-3648
-4602
-3936
-2729
-2675
-3452
-3499
-2353
-1049
-583
-949
-1465
-1430
-674
225
471
3
-435
-328
31
86
-96
-68
86
-81
-506
-634
-410
-359
-627
-737
-552
-606
-1061
-1330
-1066
-739
-857
-1193
-1217
-950
-876
-1104
-1133
-613
-30
-120
-648
-678
65
847
1015
788
789
1213
1778
2115
2082
1978
2232
2815
3207
3109
2876
2993
3375
3606
3617
3610
3649
3641
3591
3688
3876
3798
3358
2886
2836
3216
3436
3009
2199
1791
1947
1679
-62
-2390
-2790
-459
1710
174
-4039
-6149
-4099
-1502
-2317
-4926
-4934
-1968
-390
-2585
-5240
-4180
-272
2010
1007
-656
-410
1159
2176
2355
2598
3220
3537
3020
2044
1622
2305
3115
2630
919
-325
-276
-184
-1139
-2269
-2146
-1403
-1876
-3686
-4900
-4214
-2763
-2304
-2942
-3266
-2626
-1931
-2020
-2542
-2428
-1324
38
503
-247
-1186
-1083
21
830
569
-106
-282
-74
-185
-558
-611
-341
-401
-895
-1105
-854
-816
-1279
-1468
-965
-588
-1083
-1780
-1572
-716
-341
-790
-1266
-1053
-464
-186
-325
-361
-27
267
160
-35
253
859
1256
1291
1153
1092
1291
1930
2641
2743
2332
2223
2800
3300
3176
2978
3406
4125
4005
3136
2751
3542
4536
4299
3177
2534
2916
3214
2624
2083
2484
3251
2794
945
-1258
-2672
-2276
-274
1429
99
-3697
-6049
-4787
-2466
-2896
-4865
-4651
-2060
-1208
-4002
-6369
-4447
-50
1593
-395
-2024
-893
1105
1394
1118
2182
3859
3851
1960
656
1315
2992
3512
2239
403
-532
-338
-477
-1634
-2844
-2641
-1688
-2216
-4515
-6198
-5140
-2930
-2480
-4033
-4904
-3536
-1891
-2117
-3485
-3270
-1111
592
210
-1028
-947
298
1257
1175
780
737
830
883
763
637
488
400
350
175
-46
-329
-541
-675
-596
-460
-653
-1104
-1472
-1346
-852
-439
-521
-1071
-1363
-889
7
385
27
-318
-123
402
762
909
1110
1506
1916
1982
1768
1904
2650
3438
3551
3270
3283
3501
3544
3518
4073
4811
4708
3781
3154
3738
4515
4269
3087
2342
2822
3308
2836
1687
1314
1971
2398
1304
-1765
-4415
-3775
153
2598
-566
-6058
-7540
-3937
-1592
-3924
-6387
-4290
-339
-1148
-5868
-7613
-3384
1454
1205
-1707
-2195
174
1249
155
244
2647
4654
3501
931
-109
1152
3054
3389
1946
-123
-936
-611
-818
-2067
-2986
-2274
-1651
-3050
-5628
-6421
-4530
-2660
-2976
-4544
-4749
-3359
-2320
-2421
-2546
-1639
-543
-90
110
610
1142
1333
1744
2516
2787
2034
1349
1967
3076
3015
1672
690
955
1552
1449
732
169
-79
-299
-540
-610
-564
-824
-1306
-1408
-1037
-945
-1531
-1815
-987
69
-58
-1057
-1283
-418
370
422
412
866
1224
1160
1222
1932
2736
2752
2341
2513
3477
3992
3365
2724
3320
4787
5259
4254
3080
3123
4197
4805
4349
3101
2071
1893
2371
2806
2318
1333
673
682
147
-2272
-4875
-4603
-963
1387
-1326
-6489
-8501
-5850
-3209
-3498
-4699
-4011
-2697
-3711
-5758
-5467
-2061
906
846
-616
-1104
-269
360
1061
2599
4167
4246
2500
885
644
1834
3261
3476
2075
-135
-1265
-1232
-1212
-1803
-2229
-1949
-2304
-3945
-5755
-5812
-4237
-3061
-3247
-4111
-4298
-3988
-3878
-3691
-2733
-1160
-455
-894
-1282
-698
280
697
1006
1632
2133
1778
1001
982
1775
2561
2473
1753
1122
880
895
857
984
1169
921
70
-684
-572
-125
-104
-413
-453
-347
-639
-1002
-797
-48
394
147
-239
-272
103
626
1209
1706
1850
1640
1408
1755
2709
3524
3546
3024
2852
3303
3959
4236
4183
4267
4490
4498
4030
3437
3148
3185
3268
3118
2842
2491
2024
1445
690
-598
-2492
-3435
-2121
190
157
-3202
-6500
-6551
-4262
-3234
-4084
-4407
-3230
-2506
-3869
-5338
-4349
-1202
1112
966
-120
-397
404
1333
2295
3457
4289
4140
2975
1980
1948
2836
3630
3309
1923
349
-454
-774
-1185
-1672
-1819
-1865
-2832
-4639
-5920
-5535
-4262
-3734
-4197
-4666
-4561
-4674
-5291
-5231
-3564
-1458
-1030
-2187
-2925
-2120
-873
-314
42
855
1455
897
-90
-44
1114
1987
1799
1157
783
636
464
501
867
1099
706
-90
-591
-555
-247
110
403
395
-150
-821
-819
60
934
964
506
475
1035
1385
1279
1402
2282
3208
3173
2557
2584
3576
4417
4307
3923
4299
5202
5462
4825
4358
4751
5397
5266
4411
3611
3277
3241
3213
3095
2721
2009
961
-549
-2619
-4031
-3084
-366
596
-2581
-7167
-8447
-5905
-3635
-4230
-5377
-4549
-3286
-4435
-6688
-6021
-1965
1365
850
-1420
-1906
-234
1427
2239
3115
4185
4282
2880
1328
1258
2819
4433
4294
2097
-546
-1668
-1154
-575
-1073
-2132
-2895
-3692
-5113
-6470
-6379
-4906
-3869
-4474
-5881
-6523
-6038
-5167
-4227
-3167
-2351
-2348
-2773
-2562
-1510
-380
420
1152
1654
1329
484
439
1604
2772
2743
1848
1173
1031
974
854
974
1299
1157
190
-889
-1114
-431
246
299
-97
-558
-957
-1104
-625
359
1105
1060
660
602
983
1450
2001
2806
3547
3677
3310
3228
3843
4747
5368
5661
5841
5912
5698
5397
5464
6059
6615
6426
5380
4151
3500
3623
4081
4150
3441
2165
667
-1198
-3258
-4065
-2348
213
-159
-4441
-8677
-8842
-5987
-4375
-5204
-5911
-5015
-4628
-6398
-7903
-5951
-1549
860
-471
-2653
-2465
-416
1269
2196
3346
4474
4147
2354
1052
1852
4047
5459
4615
2120
-66
-659
-177
16
-465
-1071
-1755
-3163
-5165
-6280
-5454
-3772
-3321
-4720
-6435
-6721
-5648
-4487
-3930
-3567
-3123
-2940
-2980
-2558
-1385
-168
489
834
1176
1244
954
998
1894
3055
3401
2645
1541
1019
1288
1867
2193
2032
1388
392
-521
-694
-14
737
685
-100
-877
-1171
-1016
-598
-42
433
658
583
368
273
662
1623
2621
2980
2719
2507
2862
3686
4535
5082
5264
5248
5185
5143
5236
5715
6339
6345
5454
4493
4357
4723
4601
3873
3317
3115
2240
-178
-2929
-3425
-992
1240
-402
-5138
-8312
-7410
-5020
-4599
-5701
-5864
-5057
-5469
-7341
-7947
-5534
-2109
-960
-2292
-3431
-2654
-1054
7
933
2343
3301
2657
1200
794
1980
3546
4061
3093
1368
95
-148
4
-332
-1025
-1491
-2006
-3305
-4959
-5523
-4593
-3661
-4250
-5894
-6733
-6010
-4927
-4704
-4875
-4358
-3495
-3404
-3826
-3272
-1498
-54
32
-383
-180
454
911
1352
2152
2869
2725
1795
1073
1361
2399
3142
2774
1527
441
310
923
1399
1184
523
26
-107
-199
-399
-343
227
826
779
280
153
674
1311
1689
2076
2695
3204
3224
3041
3351
4404
5587
6061
5681
5227
5487
6293
6767
6503
6032
5932
6018
5789
5284
4967
4925
4596
3284
938
-1233
-1427
579
2210
490
-3945
-7024
-6237
-3759
-3243
-4816
-5680
-4859
-4585
-6220
-7434
-5564
-2009
-590
-2084
-3425
-2442
-540
345
759
2007
3455
3470
2149
1307
2074
3701
4576
3873
2237
989
660
551
-89
-954
-1349
-1593
-2723
-4743
-6097
-5635
-4512
-4889
-6850
-8144
-7418
-6161
-6280
-7161
-6937
-5587
-4851
-5290
-5411
-4085
-2238
-1376
-1536
-1539
-746
277
908
1339
1926
2365
2182
1738
1902
2705
3197
2756
1910
1520
1660
1766
1510
1012
503
130
-48
-123
-299
-596
-755
-636
-476
-468
-411
-101
272
481
752
1395
2173
2615
2791
3272
4251
5227
5749
5989
6361
6877
7220
7278
7344
7698
8174
8271
7692
6823
6387
6316
5399
2979
700
901
2950
3114
-542
-4942
-5916
-3862
-2896
-4656
-6410
-5950
-5064
-6252
-8251
-7802
-4758
-2504
-3079
-4507
-4046
-1939
-362
10
469
1850
3242
3429
2665
2396
3520
5183
5630
4306
2663
2275
2741
2432
1017
-135
-293
-600
-2177
-4138
-4815
-4390
-4668
-6263
-7696
-7693
-7059
-7290
-8273
-8668
-8032
-7293
-7096
-6963
-6387
-5629
-4989
-4162
-2994
-2092
-1939
-1911
-1098
252
1063
1060
1069
1613
2166
2121
1837
2037
2560
2594
1942
1331
1284
1340
894
225
-16
81
-121
-706
-1015
-684
-219
-266
-715
-837
-231
678
1208
1286
1530
2378
3459
4122
4385
4915
5972
6966
7271
7063
7127
7888
8950
9482
9067
8204
7766
7753
6970
4824
3028
3711
5841
5581
1435
-2967
-3484
-1107
-372
-2682
-4775
-4314
-3459
-4986
-7419
-7154
-4153
-2218
-3366
-5143
-4585
-2412
-1288
-1598
-1303
545
2277
2140
853
576
2106
4028
4501
3383
2237
2184
2550
2135
1126
770
1215
975
-845
-2878
-3244
-2343
-2340
-3939
-5428
-5363
-4715
-5173
-6442
-6848
-6028
-5361
-5627
-5934
-5463
-4789
-4648
-4469
-3423
-2130
-1944
-2738
-2915
-1692
-163
313
-130
-417
-120
269
411
581
948
1148
882
470
380
475
330
21
-68
12
-139
-486
-585
-343
-135
-135
-163
-137
-154
-107
300
1036
1709
2048
2114
2141
2488
3346
4339
4786
4616
4527
4978
5617
5929
6038
6365
6743
6284
4417
2223
1943
4339
6835
5896
1704
-1583
-1159
853
1009
-392
-712
143
-507
-3369
-5248
-3460
-94
698
-1477
-3168
-2391
-941
-829
-1148
-150
1516
1724
230
-899
-205
1431
2301
1838
841
379
543
439
-356
-942
-426
375
-235
-2229
-3600
-3215
-2445
-2967
-4131
-4057
-2842
-2652
-4303
-5754
-5037
-3189
-2583
-3341
-3585
-2712
-2102
-2477
-2607
-1514
-301
-356
-1118
-1093
-229
225
-119
-318
128
448
-11
-627
-398
455
709
-29
-718
-523
-70
-345
-999
-895
-82
163
-602
-1197
-663
296
480
-92
-423
-1
779
1375
1663
1779
1848
2002
2384
2962
3548
3938
4035
3891
3728
3746
3972
4236
3981
2499
281
-572
1364
4105
3774
-211
-3747
-3330
-709
75
-1340
-1969
-892
-625
-2564
-4146
-2511
874
2086
405
-1000
10
1824
2231
1817
2461
3977
4470
3355
2177
2282
3266
3930
3627
2591
1569
1056
803
307
-294
-449
-325
-915
-2495
-3967
-4392
-4221
-4279
-4442
-4216
-4015
-4711
-5988
-6388
-5279
-3840
-3373
-3518
-3221
-2614
-2533
-2610
-1575
422
1491
746
-198
390
1941
2737
2445
2118
2275
2379
2016
1607
1774
2377
2595
1925
775
-42
-158
168
430
248
-437
-1216
-1521
-1347
-1213
-1266
-1097
-692
-696
-1219
-1369
-543
608
1101
913
751
1077
1764
2488
3032
3322
3450
3592
3606
2850
1265
238
1183
3120
3285
818
-1819
-2252
-1426
-1694
-2874
-2799
-1382
-1224
-3516
-5784
-5205
-2512
-839
-1334
-2150
-1721
-883
-855
-930
302
2495
3731
3083
1768
1524
2644
3982
4436
4044
3607
3423
2975
2039
1375
1714
2517
2375
689
-1466
-2480
-1922
-926
-913
-2016
-3170
-3687
-3890
-4148
-4102
-3464
-2798
-2818
-3385
-3749
-3500
-2762
-1826
-979
-500
-498
-749
-803
-253
785
1603
1675
1333
1284
1588
1724
1632
1782
2171
2169
1521
877
864
1215
1261
863
411
148
-43
-214
-141
263
570
285
-307
-315
533
1366
1281
603
477
1352
2389
2615
2068
1617
1760
1831
855
-637
-640
1499
3196
1588
-2092
-3781
-2208
-574
-1432
-2981
-2476
-1015
-1764
-4589
-5781
-3431
-330
15
-1881
-2792
-1695
-589
-708
-702
692
2346
2498
1372
675
1250
2426
3153
3014
2391
1984
1978
1811
1213
812
1065
1162
149
-1310
-1663
-856
-507
-1523
-2803
-2879
-2095
-1989
-2861
-3283
-2334
-1175
-1343
-2252
-2096
-777
12
-365
-540
421
1495
1456
795
871
1790
2390
2014
1380
1588
2500
2786
1792
644
717
1624
1832
975
257
454
789
286
-624
-737
123
800
306
-810
-1109
-143
896
761
-187
-571
114
1040
1309
996
785
1010
1193
467
-1086
-1833
-312
2177
2441
-280
-2914
-2756
-1179
-1158
-2517
-2484
-620
36
-2354
-5164
-4752
-1592
467
-353
-1796
-1531
-485
-559
-1202
-469
1634
2988
2399
938
245
731
1712
2410
2459
1995
1341
617
-189
-786
-701
-51
200
-688
-2154
-2922
-2565
-1998
-2091
-2452
-2206
-1556
-1570
-2328
-2512
-1334
189
674
274
171
758
1440
1877
2361
3009
3419
3363
3193
3384
3922
4322
4207
3743
3365
3181
2945
2550
2269
2292
2304
1821
849
-1
-154
188
237
-366
-1106
-1291
-999
-845
-989
-1110
-1154
-1347
-1447
-972
-215
-86
-666
-1001
-770
-1003
-2182
-2771
-1261
965
924
-1708
-3850
-3278
-1644
-1641
-2881
-2831
-1331
-1086
-3332
-5515
-4710
-1797
-155
-1060
-2537
-2680
-1957
-1606
-1477
-589
922
1740
1143
-96
-563
356
1924
2797
2354
1245
471
115
-433
-1110
-1051
-92
473
-554
-2504
-3542
-3004
-2052
-1826
-1994
-1758
-1382
-1694
-2408
-2223
-779
672
992
646
778
1515
2091
2257
2586
3421
4277
4498
4173
3991
4340
4876
5005
4675
4411
4507
4548
4071
3421
3339
3828
4025
3411
2554
2237
2339
2194
1797
1860
2540
2855
1974
570
141
1108
2225
2175
1137
308
130
-334
-1851
-3296
-2677
-142
1260
-837
-4654
-6280
-4776
-3169
-3740
-4867
-4187
-2774
-3618
-6618
-8102
-5937
-2563
-1585
-3161
-4545
-4218
-3286
-2957
-2657
-1462
47
476
-461
-1589
-1662
-567
783
1331
729
-461
-1441
-1991
-2404
-2621
-2184
-1330
-1283
-2767
-4701
-5267
-4134
-2734
-2299
-2521
-2531
-2298
-2352
-2496
-1832
-155
1515
2133
1856
1710
2236
3075
3802
4508
5391
6115
6129
5490
4997
5276
6032
6453
6136
5423
4891
4662
4381
3839
3348
3339
3592
3369
2358
1288
1123
1854
2485
2216
1336
767
973
1572
1858
1552
1102
1117
1457
1076
-524
-1991
-1315
1274
2693
781
-2582
-3741
-2207
-945
-1662
-2544
-1676
-447
-1442
-4206
-5483
-3733
-1099
-347
-1538
-2789
-3071
-2868
-2745
-2483
-1812
-1031
-737
-1242
-2337
-3267
-3200
-2178
-1313
-1669
-2936
-3895
-4024
-3908
-4049
-4079
-3670
-3373
-3885
-4778
-4921
-4013
-2904
-2353
-2209
-2041
-1845
-1719
-1363
-437
806
1730
2014
1909
1865
2166
2827
3609
4190
4375
4215
3907
3717
3805
4027
4071
3929
3880
3911
3610
2872
2286
2452
3046
3157
2499
1883
2114
2851
3050
2366
1643
1813
2763
3472
3217
2377
1911
2183
2388
1536
3
-402
1210
2988
2194
-925
-3139
-2447
-646
-473
-1749
-2267
-1442
-1182
-2648
-4327
-4112
-2242
-761
-876
-1948
-2740
-2792
-2286
-1613
-1102
-935
-958
-915
-969
-1481
-2250
-2421
-1718
-1006
-1322
-2492
-3482
-3729
-3570
-3455
-3398
-3362
-3498
-3866
-4156
-4100
-3707
-3097
-2356
-1740
-1579
-1734
-1581
-758
368
1233
1756
2181
2568
2809
2990
3340
3885
4390
4612
4514
4270
4105
4063
3958
3708
3503
3466
3390
2988
2287
1696
1624
1923
1993
1517
924
821
1125
1166
681
272
597
1358
1618
1025
288
232
716
837
173
-426
61
1172
1317
-48
-1484
-1463
-318
325
-227
-1033
-1091
-667
-677
-1253
-1692
-1463
-845
-505
-802
-1478
-1896
-1702
-1167
-935
-1263
-1766
-1908
-1701
-1669
-2052
-2493
-2533
-2271
-2189
-2541
-3051
-3352
-3285
-2969
-2643
-2555
-2789
-3092
-3073
-2620
-2078
-1758
-1615
-1362
-977
-666
-504
-313
96
718
1352
1733
1766
1662
1800
2264
2701
2794
2703
2787
3095
3254
3071
2777
2694
2925
3128
3029
2769
2625
2598
2507
2360
2276
2264
2178
1965
1713
1560
1471
1359
1218
1126
1015
766
428
151
37
0
-74
-214
-376
-560
-774
-939
-992
-1004
-1037
-1059
-1059
-1132
-1305
-1413
-1314
-1131
-1092
-1233
-1349
-1307
-1241
-1277
-1350
-1330
-1263
-1274
-1379
-1502
-1607
-1684
-1655
-1535
-1493
-1680
-1957
-2051
-1917
-1793
-1803
-1802
-1663
-1520
-1549
-1668
-1614
-1266
-829
-544
-480
-520
-488
-267
105
498
761
863
926
1031
1167
1326
1526
1771
1974
2027
1971
1974
2101
2256
2351
2418
2491
2534
2516
2492
2511
2555
2586
2600
2598
2542
2415
2274
2181
2121
2014
1848
1681
1505
1265
970
712
514
306
36
-255
-512
-772
-1057
-1334
-1566
-1780
-2008
-2212
-2361
-2483
-2620
-2753
-2833
-2873
-2927
-2958
-2904
-2790
-2708
-2668
-2612
-2493
-2354
-2223
-2070
-1920
-1818
-1767
-1689
-1553
-1413
-1331
-1286
-1245
-1219
-1213
-1164
-1036
-910
-867
-879
-847
-750
-635
-512
-361
-213
-119
-69
28
212
422
602
753
900
1032
1148
1291
1485
1696
1871
2010
2157
2315
2449
2564
2693
2856
3022
3153
3265
3369
3444
3470
3488
3550
3641
3700
3689
3626
3533
3404
3263
3158
3098
2993
2781
2486
2191
1926
1648
1365
1099
834
516
121
-289
-633
-938
-1256
-1586
-1901
-2183
-2465
-2746
-2994
-3210
-3419
-3602
-3710
-3749
-3797
-3875
-3919
-3878
-3800
-3740
-3678
-3551
-3385
-3267
-3182
-3055
-2866
-2695
-2579
-2479
-2340
-2187
-2064
-1944
-1826
-1715
-1615
-1500
-1367
-1257
-1200
-1116
-960
-804
-733
-720
-615
-404
-216
-144
-116
-12
189
405
561
676
793
942
1136
1348
1526
1662
1806
1993
2177
2304
2415
2590
2793
2916
2931
2942
3051
3205
3279
3262
3234
3238
3249
3200
3118
3041
3005
2977
2907
2762
2576
2419
2318
2252
2139
1965
1779
1625
1470
1287
1091
919
761
601
409
189
-37
-262
-454
-634
-802
-993
-1208
-1420
-1621
-1800
-1963
-2106
-2239
-2377
-2514
-2630
-2733
-2820
-2887
-2933
-2944
-2943
-2949
-2948
-2915
-2854
-2769
-2673
-2563
-2440
-2300
-2149
-1990
-1838
-1690
-1513
-1303
-1083
-912
-782
-649
-489
-294
-107
22
88
132
222
355
456
463
413
413
493
567
523
387
296
348
460
474
346
205
209
334
431
417
350
370
510
654
703
703
758
914
1096
1207
1248
1278
1367
1483
1577
1623
1644
1667
1668
1639
1583
1533
1495
1417
1292
1147
1016
884
725
529
347
212
80
-92
-305
-496
-627
-710
-798
-916
-1024
-1083
-1102
-1102
-1108
-1098
-1044
-942
-833
-759
-684
-558
-389
-224
-91
38
177
314
435
531
648
773
864
898
906
940
992
1010
954
868
826
824
791
672
503
389
357
335
227
49
-98
-157
-162
-212
-350
-484
-536
-504
-476
-536
-651
-725
-680
-572
-526
-584
-664
-660
-555
-459
-454
-501
-523
-476
-394
-352
-389
-448
-477
-434
-374
-381
-467
-572
-605
-569
-547
-598
-702
-782
-786
-763
-777
-830
-885
-896
-859
-827
-824
-835
-819
-768
-699
-635
-583
-544
-496
-423
-324
-226
-159
-110
-40
73
184
245
279
341
447
553
619
653
698
774
857
924
978
1037
1100
1159
1212
1266
1310
1341
1395
1475
1535
1542
1518
1529
1584
1627
1616
1561
1524
1509
1489
1431
1351
1293
1247
1185
1074
948
856
789
715
607
481
375
295
212
104
-13
-104
-159
-226
-328
-456
-571
-635
-678
-744
-860
-987
-1065
-1101
-1156
-1260
-1380
-1453
-1472
-1499
-1580
-1682
-1749
-1758
-1753
-1787
-1835
-1861
-1852
-1844
-1851
-1852
-1823
-1769
-1729
-1705
-1679
-1630
-1564
-1505
-1442
-1356
-1271
-1208
-1160
-1087
-982
-877
-790
-708
-610
-503
-411
-339
-222
-68
75
172
256
377
524
655
762
896
1062
1212
1304
1378
1490
1642
1773
1852
1901
1969
2050
2105
2128
2139
2171
2203
2194
2138
2074
2047
2032
1984
1892
1787
1708
1641
1559
1450
1336
1245
1164
1072
965
843
737
657
589
496
378
273
206
162
87
-26
-128
-178
-212
-273
-377
-467
-518
-562
-625
-714
-789
-835
-881
-951
-1028
-1093
-1145
-1186
-1242
-1293
-1349
-1390
-1434
-1478
-1498
-1508
-1532
-1562
-1578
-1583
-1574
-1574
-1578
-1557
-1515
-1484
-1476
-1453
-1380
-1296
-1236
-1201
-1135
-1025
-920
-843
-772
-659
-499
-358
-279
-210
-92
77
226
318
374
467
593
701
753
772
822
903
962
949
909
893
917
927
892
828
778
758
730
679
627
594
584
575
550
516
500
516
544
561
578
607
647
683
698
716
765
843
900
904
875
857
897
944
937
878
819
796
784
725
616
518
470
435
357
220
66
-32
-81
-133
-219
-332
-432
-490
-544
-600
-650
-684
-682
-671
-704
-758
-789
-748
-655
-603
-610
-630
-615
-543
-470
-435
-407
-358
-298
-268
-273
-276
-221
-130
-81
-97
-144
-153
-102
-50
-42
-57
-69
-53
-45
-76
-106
-103
-76
-58
-88
-155
-197
-201
-187
-188
-217
-263
-304
-340
-372
-401
-423
-438
-459
-497
-550
-592
-612
-616
-624
-631
-646
-647
-647
-658
-666
-636
-573
-511
-484
-488
-481
-416
-305
-210
-165
-144
-87
8
101
157
208
275
368
445
465
463
490
573
651
672
634
602
623
673
688
645
600
596
613
604
559
505
491
512
537
527
494
476
484
518
555
587
612
633
645
665
708
771
827
858
864
870
895
936
962
954
944
941
940
913
860
807
770
751
712
629
514
406
330
279
216
126
23
-92
-189
-271
-342
-404
-466
-540
-625
-718
-792
-830
-865
-899
-950
-1017
-1083
-1132
-1158
-1176
-1195
-1229
-1259
-1288
-1320
-1342
-1347
-1341
-1335
-1337
-1356
-1370
-1363
-1331
-1297
-1264
-1224
-1183
-1140
-1103
-1058
-993
-913
-827
-769
-735
-688
-609
-513
-428
-360
-297
-217
-132
-61
-1
68
154
247
322
379
421
477
542
620
698
764
820
871
921
974
1032
1107
1183
1240
1268
1277
1307
1362
1427
1460
1470
1467
1480
1505
1510
1502
1497
1500
1495
1462
1399
1345
1318
1302
1262
1194
1111
1049
1001
937
847
746
673
611
530
421
312
223
149
67
-21
-119
-208
-295
-396
-486
-562
-612
-672
-754
-850
-931
-982
-1028
-1088
-1149
-1193
-1237
-1276
-1325
-1360
-1362
-1364
-1382
-1417
-1450
-1459
-1457
-1450
-1447
-1441
-1437
-1423
-1405
-1381
-1333
-1286
-1250
-1227
-1206
-1164
-1099
-1046
-995
-948
-901
-843
-776
-706
-626
-544
-477
-415
-352
-278
-189
-97
-35
22
80
147
227
313
395
473
544
603
658
721
789
866
923
963
988
1019
1066
1118
1164
1197
1218
1238
1258
1261
1274
1295
1316
1324
1311
1293
1284
1280
1282
1273
1257
1234
1214
1171
1116
1075
1034
999
954
883
800
735
676
608
534
459
387
306
213
119
34
-31
-80
-146
-226
-307
-374
-424
-477
-539
-586
-607
-635
-678
-720
-737
-733
-730
-747
-772
-790
-788
-784
-784
-794
-791
-773
-770
-768
-772
-770
-757
-755
-768
-779
-777
-767
-763
-774
-777
-775
-762
-739
-725
-715
-700
-681
-669
-645
-608
-570
-534
-509
-486
-449
-397
-339
-281
-221
-175
-126
-84
-37
21
81
135
174
203
222
253
293
338
375
399
414
425
440
458
478
497
515
519
515
513
515
540
559
570
573
570
573
576
575
576
584
582
589
576
559
553
556
555
535
514
489
471
445
416
392
376
361
337
300
265
229
202
178
140
103
77
56
22
-9
-35
-46
-54
-75
-103
-130
-141
-143
-152
-169
-180
-178
-172
-183
-194
-196
-190
-194
-204
-208
-216
-217
-216
-227
-237
-239
-242
-247
-256
-269
-278
-283
-295
-301
-308
-314
-315
-326
-340
-345
-346
-343
-343
-343
-349
-346
-340
-344
-342
-331
-324
-322
-323
-326
-317
-308
-295
-285
-280
-271
-259
-253
-241
-220
-203
-189
-177
-168
-154
-127
-102
-80
-70
-55
-30
-7
15
36
55
80
101
118
136
154
173
199
213
219
237
252
268
273
277
289
300
309
311
312
318
323
321
317
318
320
320
320
313
314
312
310
311
307
300
300
306
302
293
290
288
289
282
276
271
262
260
248
234
224
218
212
202
186
170
161
146
130
116
97
76
65
44
19
-1
-23
-42
-63
-89
-111
-132
-154
-170
-187
-210
-228
-239
-260
-270
-282
-295
-304
-309
-311
-316
-321
-323
-318
-317
-321
-323
-316
-309
-309
-310
-308
-305
-301
-295
-290
-288
-280
-267
-255
-249
-249
-236
-222
-208
-201
-194
-177
-161
-139
-130
-119
-102
-82
-57
-39
-21
-5
21
41
55
67
80
98
115
127
136
147
162
172
175
175
186
191
189
194
193
197
199
204
206
207
206
210
218
221
223
219
229
237
236
233
245
245
246
244
239
240
238
235
221
212
202
194
184
173
159
147
136
120
101
86
70
56
39
22
5
-8
-23
-40
-59
-72
-85
-100
-111
-126
-139
-149
-156
-165
-173
-179
-184
-191
-203
-204
-206
-209
-213
-220
-227
-226
-229
-224
-224
-235
-230
-229
-233
-233
-226
-227
-223
-222
-217
-209
-207
-204
-197
-192
-185
-181
-172
-159
-149
-141
-129
-118
-107
-94
-83
-66
-54
-42
-30
-14
-4
5
17
29
42
52
63
77
92
100
112
122
135
149
156
167
177
187
188
190
195
195
200
208
208
209
208
211
211
211
213
210
215
210
209
206
202
201
191
185
181
172
163
157
148
140
128
122
120
117
103
91
82
72
60
50
36
25
14
-4
-14
-23
-36
-47
-55
-67
-78
-90
-101
-109
-121
-135
-144
-151
-158
-167
-173
-179
-182
-179
-179
-180
-172
-168
-166
-165
-160
-160
-160
-150
-154
-149
-146
-140
-138
-132
-127
-124
-113
-104
-90
-82
-79
-72
-62
-53
-44
-35
-30
-21
-13
-6
7
9
12
17
25
34
34
36
39
45
51
51
52
54
61
62
64
68
72
71
76
80
85
88
91
95
92
96
104
104
102
105
105
102
102
100
96
93
95
95
90
89
85
76
70
64
58
53
48
37
28
26
22
12
5
-1
-9
-11
-8
-14
-27
-34
-30
-31
-36
-33
-41
-42
-41
-42
-43
-47
-43
-41
-49
-49
-51
-52
-49
-49
-50
-56
-54
-49
-56
-56
-55
-56
-52
-54
-55
-57
-59
-47
-49
-46
-43
-48
-45
-41
-38
-36
-35
-34
-29
-30
-27
-23
-22
-19
-21
-12
-12
-10
-6
-7
-2
2
1
5
7
8
18
19
25
20
23
25
26
27
23
23
31
32
26
21
18
23
29
32
24
16
16
20
23
25
20
14
19
25
24
25
29
30
27
31
34
32
35
35
34
28
34
41
37
29
28
29
28
35
35
24
15
17
22
22
19
7
3
9
13
7
0
0
0
1
8
1
-14
-9
-5
-8
-13
-13
-8
-10
-10
-13
-21
-28
-26
-21
-31
-32
-38
-42
-35
-43
-47
-50
-49
-45
-51
-50
-48
-50
-51
-51
-46
-44
-44
-36
-34
-31
-24
-23
-24
-18
-9
-6
-2
0
8
4
8
18
14
14
19
22
21
19
20
21
26
28
24
25
20
19
23
21
21
15
11
15
17
9
6
5
9
12
12
5
-5
-3
6
12
2
-12
-15
-6
1
-2
-2
-8
-7
5
9
4
3
4
2
7
11
12
9
10
15
14
15
18
17
12
9
12
12
15
15
3
0
7
7
7
3
-1
1
2
5
2
-1
2
2
4
4
1
-5
0
4
1
1
4
1
0
3
0
-3
-3
-3
-5
-4
-1
-10
-11
-7
-8
-12
-15
-10
-7
-13
-14
-11
-7
-13
-9
-7
-12
-12
-9
-12
-9
-3
-9
-9
-3
-4
-7
-3
1
1
-1
5
2
3
6
6
8
-1
1
7
6
6
7
5
1
2
3
-3
-2
1
-5
-7
0
0
-6
-7
-6
-8
-4
-2
-9
-10
-8
-10
-8
-5
-10
-15
-6
-3
-7
-6
-6
-9
-1
3
-3
-2
5
3
3
8
5
4
8
11
10
7
10
12
13
9
9
10
8
9
12
6
4
9
6
-2
2
7
4
3
8
4
1
0
-3
-6
0
1
-4
0
-5
-6
-3
-2
-5
-2
0
-10
-7
-2
-5
-5
-3
-7
-7
-1
0
-4
0
-4
-10
-5
0
-7
-7
-6
-1
-2
0
-3
-2
-3
-4
4
4
1
2
5
-1
3
10
6
5
12
8
6
13
9
-1
4
6
3
3
5
0
0
5
1
2
0
-6
-6
-2
