1
1
1
0
-2
-1
0
0
1
1
0
0
-1
-1
0
0
2
0
0
1
1
1
-1
-1
-1
1
0
0
-1
0
1
0
0
0
0
0
0
1
1
-1
-1
0
0
-1
0
-2
1
1
1
0
1
0
0
0
-1
-1
-1
-1
-1
-1
0
0
1
1
0
0
-1
0
1
0
-1
-1
0
-1
1
-1
0
-1
0
-1
0
2
1
0
-1
1
1
-1
-1
-2
-1
0
0
-1
0
1
2
0
1
1
1
1
-1
0
1
2
0
0
1
0
0
2
-1
-2
0
1
-2
1
0
-2
0
1
0
-1
-1
-1
-2
1
2
-1
-2
2
-1
-3
0
1
-2
0
3
0
-1
3
0
-4
2
3
-2
-3
1
0
-3
1
1
-1
-1
2
1
-2
1
1
-2
-1
2
-1
-1
2
0
-4
0
3
-3
-2
4
1
-5
1
1
-3
-2
2
-1
-4
5
3
-5
-1
4
-2
-3
5
3
-6
2
5
-3
-2
6
0
-6
2
4
-6
-1
6
-3
-7
4
4
-6
0
6
-1
-5
4
2
-7
1
6
-3
-4
6
3
-5
1
6
-3
-5
3
2
-5
1
6
-2
-4
5
3
-5
0
5
-3
-5
6
2
-8
-1
8
-2
-6
5
2
-8
2
8
-3
-7
6
3
-7
2
6
-5
-6
7
1
-8
2
6
-5
-2
7
2
-5
2
4
-6
-1
5
-1
-3
2
4
-6
-2
6
-3
-5
5
1
-8
1
9
-3
-6
9
1
-9
5
8
-8
-3
11
-4
-9
9
4
-13
1
10
-8
-5
13
-1
-11
8
7
-12
-1
14
-7
-12
12
5
-15
3
16
-12
-10
17
0
-18
11
18
-18
-8
26
-5
-22
17
16
-27
-2
29
-11
-23
23
14
-32
2
33
-19
-26
29
14
-36
3
36
-22
-26
33
9
-38
9
37
-26
-22
38
4
-40
15
31
-31
-13
35
-6
-31
21
15
-29
4
23
-17
-8
18
-6
-11
11
1
-9
8
3
-12
9
4
-20
10
16
-21
-4
21
-7
-20
16
9
-25
4
25
-20
-18
30
2
-33
14
26
-23
-16
38
-2
-42
32
26
-46
-4
47
-14
-46
38
25
-52
2
49
-24
-37
45
15
-50
4
50
-18
-52
46
33
-66
0
60
-25
-53
56
34
-82
11
80
-52
-55
80
18
-87
32
63
-59
-32
70
1
-75
38
52
-59
-21
57
6
-62
13
61
-40
-49
63
26
-85
14
85
-63
-60
98
21
-118
39
106
-102
-52
129
-14
-116
69
79
-104
-27
113
-24
-94
63
64
-86
-28
89
-1
-88
29
84
-61
-60
91
19
-109
27
98
-77
-67
107
18
-114
34
93
-71
-49
84
10
-79
25
61
-41
-41
49
30
-67
-15
79
-13
-77
43
68
-79
-33
101
-26
-95
83
55
-127
8
135
-74
-93
113
33
-122
26
108
-87
-65
125
1
-126
55
105
-89
-76
116
32
-130
28
122
-101
-73
151
0
-161
73
139
-135
-80
186
-34
-168
148
79
-195
27
186
-111
-129
174
27
-183
86
129
-166
-41
178
-38
-143
84
98
-113
-39
130
-28
-115
72
93
-98
-73
123
17
-119
33
99
-77
-67
113
10
-116
49
71
-63
-34
67
9
-67
18
42
-22
-9
1
-1
11
1
4
-11
-6
12
5
-5
4
-13
-9
23
21
-43
-16
46
8
-50
22
49
-60
-33
80
8
-67
-15
63
13
-62
27
25
-55
16
55
-15
-68
4
100
-37
-62
37
13
6
2
-19
-1
-1
34
-10
-26
10
-29
45
45
-95
-23
104
19
-99
-14
96
-40
-47
92
-36
-112
93
110
-105
-107
109
74
-88
-21
48
-38
4
57
-25
-68
18
48
19
-29
-45
-5
73
19
-72
-13
58
-14
-19
40
-30
-45
59
46
-80
-33
68
35
-63
-17
40
25
-35
-22
5
43
10
-43
-17
14
28
22
-42
-42
33
62
2
-118
2
129
-6
-100
-24
83
42
-76
-11
22
-7
57
-36
-65
21
90
13
-139
-6
150
-17
-83
-29
45
63
-24
-48
-63
70
132
-109
-134
102
107
-39
-121
22
81
26
-10
-90
-30
145
36
-122
-80
92
130
-58
-133
-3
114
58
-94
-102
97
78
-49
-55
-9
29
29
-21
-23
-31
71
60
-178
18
170
-44
-139
-45
179
72
-163
-21
-27
109
159
-192
-152
60
191
101
-235
-116
98
181
69
-290
-101
240
106
-81
-162
6
134
37
-17
-142
-48
198
69
-149
-169
127
277
-186
-183
90
117
38
-86
-61
-41
91
209
-189
-221
152
197
9
-238
-83
225
78
-82
-149
-52
161
136
-27
-236
-124
337
123
-251
-157
79
260
-12
-124
-120
-63
219
183
-242
-162
88
219
-12
-152
-49
25
120
117
-104
-148
21
38
139
-64
-45
-12
-17
99
14
-90
-65
-38
166
35
-47
-93
-164
157
165
-106
-124
7
57
91
24
-191
-111
192
194
-107
-254
61
57
132
30
-222
-69
259
107
-132
-214
-19
225
107
19
-269
-155
314
171
-201
-143
-90
229
177
-54
-269
-171
228
301
-121
-224
-97
80
333
-59
-271
-120
193
256
-63
-194
-137
34
362
-38
-221
-125
145
245
-100
-142
-153
199
176
-41
-174
-192
212
209
-17
-196
-164
205
188
-19
-294
-141
240
222
69
-256
-169
25
269
167
-325
-171
52
280
114
-170
-121
-87
171
177
-5
-183
-183
101
160
95
-9
-169
-147
39
260
87
-221
-146
-56
196
356
-315
-385
-8
277
373
-106
-282
-246
-22
579
10
-436
-160
134
402
-49
-163
-266
-163
385
400
-251
-303
-136
244
270
-86
-166
-277
144
417
28
-287
-317
41
537
74
-259
-304
-106
315
383
-197
-396
-89
340
300
-169
-294
-280
236
509
31
-385
-275
16
349
242
-191
-324
31
239
221
-132
-357
-17
166
357
-67
-264
-71
49
218
-99
-107
42
127
111
-171
-233
137
60
97
-38
-117
153
348
-244
-377
-45
-8
301
133
-112
-143
199
142
-305
-104
36
-50
322
9
-152
-12
90
-6
-216
52
38
75
270
-187
-217
-54
-2
231
42
-184
-131
-55
373
200
-343
-64
-223
205
336
-171
-256
-110
190
335
-113
-204
-114
-34
267
-54
-104
-101
56
238
57
-86
59
-159
-149
124
-69
158
285
-182
-160
2
-58
124
93
-179
-66
98
164
-45
-158
-126
-60
115
167
-27
-23
-1
-10
26
24
-65
-42
-54
-84
161
223
2
5
-191
-153
124
147
-35
-236
-4
114
115
300
-220
-459
103
159
145
132
-67
-457
87
252
-39
159
-113
-130
-16
201
61
-226
-10
-102
54
414
18
-345
-258
-14
235
254
186
-374
-198
170
103
42
-134
-126
-11
374
98
-238
-292
58
140
221
308
-594
-164
76
-5
277
43
-83
-6
-4
200
-198
-153
-103
-256
397
234
49
-28
-135
-43
193
9
-366
-286
-18
391
563
23
-353
-398
-115
242
483
-140
-297
-146
172
156
12
-241
-357
276
535
80
-301
-262
-189
178
278
-70
-339
249
188
40
156
-354
-178
-32
257
220
-46
-72
-280
-111
326
113
-241
-171
-97
342
321
221
-378
-294
-35
-23
-72
2
-38
282
281
240
-92
-325
-68
-302
-128
76
8
226
312
23
105
-118
-144
-249
-125
0
238
321
181
-182
-188
-157
-62
154
-120
34
24
96
82
-121
-270
-211
87
216
105
-7
-222
-182
60
250
237
-18
-29
-16
-50
10
-38
2
-40
134
71
-147
80
108
171
-216
-248
-364
225
347
44
-50
-381
-11
296
150
-260
-216
13
510
265
85
-507
-369
110
238
423
-95
-171
89
40
-190
-169
-423
-254
264
506
370
109
-52
-273
-296
-44
-194
94
122
-54
260
83
68
62
-247
12
-18
193
54
-94
95
-275
103
22
-236
-17
101
-108
-37
92
67
-41
154
19
-320
-66
134
302
130
-38
-32
-71
19
83
261
66
-7
179
-56
-398
-265
-168
-154
132
328
78
-169
94
-392
-285
-41
-75
-8
96
165
-363
32
47
49
444
462
-110
85
67
-298
-178
69
-72
-156
546
129
-271
8
25
-273
43
77
-183
48
191
51
-223
-125
-139
-221
61
133
253
260
157
-233
-350
-450
-118
215
245
128
150
330
217
-17
-76
-53
75
370
322
191
-90
-250
-19
138
171
84
98
-263
-1260
-1230
-1059
-673
306
758
994
719
549
76
-573
-648
-288
68
562
531
393
380
258
358
156
-50
-90
-36
70
16
-285
-167
-151
-251
-393
-348
-81
3
21
109
-149
-302
-170
-51
-33
-88
107
349
248
245
259
88
113
44
140
11
-4
49
-56
-72
-146
-273
-326
-253
-160
43
207
184
127
63
-81
-228
-379
-257
-52
138
380
357
328
206
126
175
-159
-152
-52
-114
-50
-85
-73
-156
-120
38
-6
49
-16
-120
-38
-244
-253
-82
-66
-21
169
480
369
288
250
-116
-123
-66
19
120
143
144
95
100
-85
-432
-294
-230
-270
68
116
65
13
57
23
-163
-59
-54
-31
165
191
231
167
19
31
-59
-24
-77
-109
21
-18
29
11
-108
-184
-212
-8
41
21
229
172
125
39
-145
-198
-197
37
135
212
269
-17
-79
-188
-376
-252
-73
161
245
311
221
-157
-215
-279
-351
-72
110
255
332
271
69
-169
-146
-211
-167
84
85
107
191
65
-93
-124
-84
-67
62
173
77
64
46
-89
-143
-164
-176
-61
104
168
188
200
127
57
27
-67
-130
-82
-51
-11
54
30
13
37
26
19
14
-32
-106
-120
-125
-157
-86
20
51
153
226
154
94
-7
-128
-156
-124
-85
-78
-23
15
-14
42
-19
-124
-80
-78
-65
-54
-82
-92
-89
1
27
10
63
44
79
116
41
1
-32
-22
9
29
57
39
74
136
131
114
68
12
-7
-25
-47
-71
-90
-85
-54
-28
-40
-50
-27
-2
44
87
78
74
91
94
91
61
12
-15
5
-2
-54
-68
-106
-137
-105
-107
-131
-138
-119
-107
-98
-65
-70
-49
7
27
35
32
14
-1
4
11
8
26
41
41
54
62
68
56
54
45
21
23
0
-9
-15
-1
47
51
59
42
6
13
13
24
20
18
58
71
78
45
-3
7
21
51
55
31
44
56
66
52
5
-7
9
38
39
7
2
2
27
45
10
-20
-31
-32
-40
-65
-91
-98
-68
-16
10
33
79
128
177
205
204
193
196
210
193
163
134
98
79
63
23
-19
-48
-69
-96
-120
-139
-155
-140
-109
-85
-56
-21
-4
-2
-34
-80
-134
-181
-222
-258
-269
-262
-236
-198
-155
-117
-80
-43
-23
-25
-41
-59
-74
-94
-102
-107
-114
-108
-100
-93
-84
-78
-70
-57
-40
-21
-1
32
61
89
121
139
151
157
154
145
130
116
100
90
80
75
72
70
75
74
76
76
75
72
68
67
68
77
87
100
120
146
173
200
228
251
261
267
260
238
203
158
112
63
18
-26
-63
-94
-115
-126
-134
-142
-148
-152
-162
-172
-176
-177
-171
-160
-145
-131
-116
-105
-103
-114
-143
-185
-237
-292
-343
-387
-416
-431
-431
-414
-384
-346
-314
-288
-272
-262
-256
-251
-242
-229
-205
-165
-120
-63
-7
50
103
143
178
201
213
212
201
178
147
119
88
62
42
28
23
31
45
69
101
146
196
245
302
355
402
437
453
456
439
412
373
312
243
178
114
51
-8
-56
-78
-63
-24
51
154
286
457
635
815
989
1155
1303
1417
1497
1532
1533
1497
1415
1281
1094
860
585
264
-111
-524
-958
-1400
-1828
-2219
-2555
-2806
-2956
-2989
-2907
-2712
-2410
-2020
-1560
-1058
-537
-13
479
917
1283
1549
1706
1752
1686
1519
1269
955
597
217
-161
-522
-855
-1153
-1402
-1595
-1719
-1759
-1724
-1618
-1444
-1208
-922
-608
-295
-5
256
469
638
751
807
817
788
726
635
535
419
312
206
99
-2
-96
-184
-271
-349
-407
-432
-406
-327
-187
19
266
531
798
1049
1269
1432
1540
1605
1651
1696
1740
1781
1837
1901
1974
2046
2112
2172
2236
2293
2315
2270
2126
1844
1379
711
-178
-1231
-2344
-3399
-4297
-4954
-5288
-5230
-4769
-3987
-2985
-1858
-696
405
1356
2103
2622
2929
3062
3032
2866
2602
2296
1968
1626
1266
893
529
160
-231
-670
-1161
-1684
-2225
-2760
-3261
-3685
-3977
-4087
-3989
-3682
-3167
-2467
-1629
-725
168
992
1692
2230
2565
2690
2627
2403
2053
1599
1060
468
-153
-775
-1383
-1956
-2465
-2868
-3122
-3208
-3122
-2861
-2450
-1908
-1274
-606
69
702
1266
1732
2069
2279
2341
2271
2070
1760
1378
949
506
71
-346
-727
-1063
-1358
-1605
-1795
-1916
-1953
-1881
-1690
-1378
-944
-411
187
806
1404
1955
2430
2806
3067
3240
3347
3410
3420
3381
3315
3230
3136
3032
2918
2794
2672
2542
2347
2019
1491
754
-156
-1181
-2244
-3276
-4174
-4819
-5105
-5016
-4570
-3836
-2887
-1815
-726
287
1153
1834
2280
2510
2549
2462
2300
2074
1785
1482
1206
970
748
500
232
-39
-322
-656
-1066
-1525
-1998
-2472
-2903
-3236
-3400
-3349
-3100
-2664
-2053
-1289
-452
355
1050
1611
2025
2256
2262
2049
1679
1211
673
82
-522
-1107
-1631
-2104
-2526
-2859
-3071
-3160
-3112
-2916
-2560
-2063
-1503
-935
-395
112
540
841
981
987
909
769
576
338
93
-138
-344
-510
-626
-698
-750
-791
-832
-845
-838
-847
-900
-966
-990
-919
-736
-446
-60
417
952
1503
2037
2500
2868
3112
3244
3272
3235
3160
3090
3040
3026
3032
3053
3085
3107
3070
2965
2878
2857
2868
2783
2563
2188
1614
699
-589
-2040
-3276
-4084
-4560
-4837
-4785
-4165
-2993
-1650
-486
504
1510
2548
3334
3673
3651
3495
3269
2885
2328
1794
1443
1206
907
537
243
76
-142
-631
-1352
-2085
-2710
-3302
-3934
-4513
-4811
-4716
-4282
-3607
-2735
-1695
-608
386
1180
1769
2132
2217
2004
1564
1035
465
-187
-947
-1741
-2448
-2995
-3413
-3770
-4066
-4250
-4302
-4224
-4037
-3732
-3296
-2735
-2082
-1404
-740
-150
319
627
786
816
716
506
218
-88
-358
-572
-730
-836
-876
-855
-819
-813
-844
-901
-945
-948
-908
-843
-733
-535
-231
164
643
1211
1844
2488
3072
3553
3906
4152
4307
4340
4222
4004
3785
3613
3448
3239
2982
2757
2614
2532
2428
2277
2213
2361
2710
3100
3393
3557
3522
3047
1914
170
-1749
-3380
-4557
-5426
-5983
-5932
-5049
-3526
-1880
-425
887
2174
3314
4036
4225
4031
3642
3128
2464
1754
1177
809
518
169
-197
-468
-706
-1132
-1849
-2691
-3417
-3977
-4439
-4784
-4866
-4556
-3884
-2971
-1921
-804
267
1126
1691
1962
1998
1793
1320
663
4
-521
-943
-1399
-1907
-2307
-2489
-2565
-2745
-3072
-3360
-3454
-3450
-3549
-3715
-3703
-3335
-2667
-1934
-1278
-635
54
692
1103
1208
1080
844
568
251
-72
-315
-450
-519
-554
-560
-528
-504
-580
-785
-1028
-1186
-1219
-1175
-1061
-806
-353
252
911
1565
2196
2812
3388
3858
4192
4403
4504
4502
4395
4187
3900
3590
3312
3095
2879
2623
2369
2189
2107
2072
2034
2025
2169
2552
3076
3594
4041
4421
4582
4144
2854
820
-1483
-3538
-5086
-6163
-6811
-6792
-5840
-4092
-2098
-308
1224
2609
3770
4447
4508
4091
3447
2740
2002
1263
640
291
192
131
-63
-337
-606
-998
-1737
-2831
-3967
-4832
-5391
-5776
-5964
-5787
-5127
-4044
-2746
-1453
-284
721
1511
1991
2079
1798
1254
544
-244
-991
-1611
-2108
-2552
-2919
-3105
-3104
-3047
-3101
-3261
-3350
-3284
-3186
-3211
-3293
-3179
-2706
-2002
-1317
-774
-300
188
615
846
823
632
407
224
87
-16
-74
-91
-103
-162
-269
-397
-564
-829
-1182
-1484
-1595
-1484
-1209
-786
-179
599
1453
2267
2969
3554
4029
4372
4536
4537
4448
4298
4090
3814
3505
3210
2950
2747
2571
2377
2144
1919
1770
1699
1692
1749
1938
2354
3017
3804
4571
5251
5755
5810
5037
3257
683
-2093
-4443
-6078
-7139
-7676
-7385
-5994
-3769
-1440
498
2054
3386
4404
4823
4511
3673
2668
1729
904
187
-315
-489
-422
-393
-574
-868
-1227
-1845
-2903
-4229
-5404
-6154
-6500
-6553
-6262
-5497
-4237
-2644
-1007
420
1540
2353
2812
2835
2402
1607
599
-491
-1509
-2309
-2831
-3148
-3330
-3338
-3111
-2732
-2448
-2418
-2549
-2599
-2542
-2560
-2739
-2909
-2782
-2309
-1651
-1018
-456
108
641
1017
1170
1121
943
702
449
249
144
103
53
-44
-163
-261
-346
-493
-717
-896
-866
-579
-115
459
1149
1954
2771
3473
3988
4313
4488
4545
4503
4359
4162
3998
3887
3792
3690
3567
3413
3246
3088
2892
2579
2180
1835
1661
1637
1690
1817
2106
2678
3510
4383
5077
5545
5814
5676
4704
2605
-394
-3484
-5879
-7367
-8274
-8734
-8267
-6471
-3736
-1042
966
2417
3690
4714
5022
4415
3277
2182
1333
574
-174
-699
-809
-718
-841
-1328
-1947
-2542
-3319
-4509
-5920
-7025
-7506
-7462
-7116
-6491
-5417
-3843
-2006
-280
1074
2029
2640
2869
2659
2017
1059
-55
-1182
-2172
-2885
-3289
-3462
-3511
-3416
-3109
-2679
-2350
-2316
-2486
-2639
-2710
-2837
-3050
-3143
-2901
-2316
-1582
-863
-190
464
1008
1302
1333
1209
1026
810
584
428
407
475
500
398
225
80
-65
-295
-593
-788
-695
-298
265
898
1609
2389
3115
3630
3885
3957
3939
3861
3719
3533
3394
3394
3517
3678
3795
3803
3708
3558
3364
3044
2512
1825
1210
863
772
817
954
1325
2102
3228
4369
5220
5734
5994
5825
4778
2540
-607
-3777
-6178
-7656
-8545
-8881
-8193
-6192
-3401
-799
1106
2511
3702
4496
4475
3654
2568
1688
1018
348
-257
-484
-284
-68
-268
-884
-1585
-2276
-3214
-4541
-5926
-6834
-7051
-6735
-6072
-5075
-3683
-1997
-266
1239
2329
2917
2998
2643
1982
1087
-16
-1217
-2282
-2977
-3265
-3313
-3289
-3192
-2940
-2583
-2337
-2333
-2458
-2520
-2501
-2590
-2826
-2938
-2690
-2177
-1651
-1163
-548
241
958
1304
1327
1340
1445
1430
1178
888
844
1021
1108
910
589
406
328
133
-228
-500
-409
16
553
1083
1680
2402
3060
3418
3481
3422
3374
3321
3224
3170
3291
3597
3984
4338
4648
4856
4800
4416
3831
3232
2641
1918
1074
400
233
585
1152
1668
2232
3131
4344
5445
6004
5976
5569
4708
2937
5
-3539
-6558
-8359
-9105
-9310
-8918
-7373
-4626
-1539
831
2225
3149
3925
4206
3566
2244
996
255
-202
-690
-1072
-1023
-634
-461
-893
-1760
-2696
-3662
-4889
-6349
-7548
-7995
-7639
-6791
-5676
-4246
-2452
-502
1211
2392
3018
3171
2882
2162
1111
-75
-1216
-2189
-2892
-3231
-3202
-2964
-2728
-2558
-2393
-2228
-2186
-2359
-2624
-2771
-2719
-2611
-2558
-2437
-2066
-1449
-777
-197
293
784
1242
1530
1613
1611
1625
1630
1598
1561
1600
1702
1718
1537
1214
891
601
275
-74
-282
-188
188
690
1177
1646
2105
2467
2601
2513
2351
2253
2284
2427
2652
2967
3390
3881
4324
4559
4439
3985
3367
2711
1997
1163
306
-295
-420
-98
452
1089
1876
2926
4126
5145
5740
5899
5709
4932
3125
198
-3185
-6006
-7715
-8496
-8750
-8293
-6678
-3984
-1128
949
2103
2815
3362
3409
2638
1323
171
-420
-651
-812
-826
-472
115
437
127
-701
-1743
-2938
-4368
-5915
-7129
-7594
-7269
-6386
-5120
-3505
-1618
282
1877
2980
3525
3495
2914
1913
723
-466
-1568
-2495
-3042
-3061
-2658
-2173
-1871
-1669
-1407
-1175
-1298
-1837
-2386
-2467
-2102
-1747
-1663
-1569
-1058
-204
475
648
579
667
941
1104
1020
927
1080
1415
1665
1772
1901
2092
2131
1832
1296
786
387
-4
-397
-583
-365
164
750
1276
1803
2305
2577
2468
2122
1834
1750
1814
1975
2326
2971
3804
4576
5081
5281
5171
4684
3808
2670
1519
530
-224
-715
-808
-401
436
1474
2515
3601
4722
5655
6048
5752
4956
3638
1479
-1723
-5336
-8136
-9395
-9411
-8923
-7904
-5766
-2472
881
3034
3851
4100
4269
3931
2615
716
-798
-1461
-1634
-1740
-1642
-994
-43
466
79
-924
-2062
-3297
-4849
-6591
-7872
-8149
-7470
-6249
-4740
-2927
-864
1111
2596
3416
3611
3252
2381
1124
-265
-1527
-2501
-3121
-3329
-3108
-2570
-1935
-1421
-1118
-1050
-1234
-1668
-2224
-2712
-2976
-2972
-2750
-2327
-1738
-1036
-324
291
714
938
977
878
747
653
627
672
803
1008
1261
1483
1580
1512
1267
862
368
-102
-439
-590
-549
-304
156
779
1440
1982
2266
2248
2014
1704
1455
1334
1380
1666
2262
3127
4048
4798
5265
5427
5262
4696
3745
2607
1536
681
57
-307
-285
186
962
1840
2745
3705
4622
5219
5310
4928
4116
2607
137
-3007
-5885
-7614
-8112
-7852
-7049
-5361
-2648
413
2749
3901
4277
4335
3984
2895
1240
-303
-1241
-1648
-1782
-1602
-953
9
737
804
250
-673
-1867
-3389
-5085
-6500
-7211
-7131
-6430
-5247
-3655
-1814
-42
1365
2299
2763
2724
2148
1126
-79
-1182
-2053
-2652
-2910
-2772
-2326
-1850
-1563
-1460
-1424
-1536
-1982
-2703
-3309
-3474
-3290
-3029
-2717
-2081
-1090
-114
491
764
988
1208
1202
903
642
758
1140
1425
1518
1643
1885
1953
1535
763
76
-357
-735
-1177
-1398
-1043
-181
770
1540
2233
2951
3487
3464
2816
1932
1233
836
657
724
1202
2161
3427
4674
5638
6182
6241
5796
4891
3656
2242
835
-340
-1049
-1151
-714
65
1014
2086
3313
4602
5671
6216
6113
5432
4084
1770
-1574
-5278
-8107
-9323
-9161
-8303
-6825
-4300
-877
2350
4269
4842
4820
4598
3838
2276
388
-1023
-1681
-1893
-1848
-1360
-363
659
1042
640
-210
-1266
-2649
-4414
-6132
-7165
-7275
-6680
-5639
-4200
-2398
-493
1106
2139
2582
2494
1938
982
-232
-1469
-2512
-3177
-3357
-3082
-2522
-1915
-1439
-1153
-1100
-1355
-1918
-2661
-3366
-3880
-4054
-3768
-3037
-2094
-1197
-476
88
522
686
455
-29
-385
-362
9
525
1053
1586
2094
2402
2286
1701
802
-191
-1117
-1869
-2321
-2314
-1780
-808
357
1487
2515
3345
3777
3622
2908
1927
1027
406
100
166
690
1656
2912
4267
5468
6235
6392
5962
5096
3918
2524
1051
-240
-1046
-1209
-838
-167
665
1709
3040
4511
5698
6236
6147
5689
4672
2353
-1531
-5858
-8739
-9395
-8755
-7914
-6467
-3462
633
3946
5260
5242
5101
4893
3779
1636
-479
-1545
-1734
-1833
-1918
-1340
84
1463
1766
1006
4
-862
-2023
-3731
-5392
-6210
-6050
-5335
-4385
-3154
-1653
-228
772
1291
1449
1257
658
-233
-1099
-1673
-1945
-2074
-2064
-1745
-1114
-541
-499
-1020
-1669
-2166
-2627
-3185
-3664
-3792
-3425
-2531
-1442
-637
-184
159
380
298
-97
-660
-1180
-1431
-1324
-858
-47
912
1722
2246
2484
2388
1850
827
-483
-1667
-2363
-2518
-2330
-1877
-981
393
1845
2934
3562
3817
3714
3165
2169
1040
203
-207
-256
111
969
2224
3673
5091
6191
6741
6699
6114
5105
3847
2527
1249
121
-533
-471
105
771
1404
2249
3535
5091
6376
6919
6781
6275
5094
2250
-2508
-7416
-10054
-10032
-9143
-8438
-6663
-2675
2172
5319
6058
5853
5873
5545
3852
1168
-1006
-1802
-1826
-1958
-1998
-1150
494
1684
1467
257
-963
-2092
-3700
-5691
-7154
-7492
-6951
-5965
-4621
-2950
-1294
-67
626
942
928
443
-503
-1575
-2333
-2609
-2591
-2511
-2291
-1728
-977
-620
-1030
-1903
-2696
-3295
-3912
-4479
-4622
-4139
-3084
-1694
-419
347
640
643
321
-336
-1099
-1749
-2119
-2080
-1557
-572
648
1718
2368
2645
2609
2166
1238
-40
-1315
-2183
-2429
-2139
-1542
-711
441
1816
3022
3718
3916
3757
3304
2544
1562
668
118
-52
177
838
1846
3017
4225
5329
6059
6212
5815
5047
4082
3061
1987
874
-23
-292
146
849
1424
1985
2913
4273
5673
6565
6685
6303
5711
4287
862
-4399
-9064
-10746
-9968
-9004
-8233
-5795
-1057
3668
5904
5940
5694
5783
5081
2932
401
-992
-1116
-1053
-1362
-1341
-260
1192
1547
414
-1121
-2196
-3253
-4843
-6375
-6851
-6202
-5148
-3996
-2514
-853
314
629
466
329
145
-461
-1452
-2285
-2468
-2085
-1683
-1561
-1455
-1103
-827
-1242
-2352
-3467
-4115
-4491
-4877
-5027
-4521
-3365
-1885
-389
845
1497
1376
604
-448
-1373
-2039
-2509
-2662
-2193
-987
608
1936
2639
2822
2651
2083
1036
-257
-1377
-2118
-2432
-2226
-1440
-247
997
2098
3062
3846
4247
4118
3540
2698
1776
937
329
85
293
970
1978
3107
4272
5434
6369
6752
6495
5825
4994
4085
3130
2138
1156
454
426
1089
1903
2451
2960
3885
5229
6471
7113
6992
6380
5643
4238
788
-4893
-10236
-12218
-11019
-9390
-8323
-5842
-842
4366
6863
6770
6246
6027
4945
2467
-117
-1294
-1180
-1006
-1225
-1021
231
1645
1635
-75
-2194
-3713
-5023
-6661
-8038
-8213
-7222
-5791
-4150
-2137
-241
609
305
-270
-526
-875
-1827
-3024
-3601
-3238
-2454
-1941
-1808
-1668
-1392
-1428
-2221
-3460
-4357
-4683
-4877
-5212
-5261
-4547
-3216
-1760
-432
724
1416
1270
332
-840
-1699
-2197
-2533
-2590
-1968
-544
1140
2317
2759
2748
2449
1708
513
-707
-1490
-1820
-1870
-1522
-573
749
1887
2617
3195
3773
4073
3811
3103
2265
1481
790
313
277
742
1506
2336
3230
4320
5465
6216
6248
5736
5114
4525
3787
2853
1913
1168
753
834
1448
2196
2660
3023
3780
4951
5955
6329
6151
5844
5595
4529
1093
-4728
-10050
-11839
-10614
-9277
-8467
-5895
-728
4302
6452
6335
6027
5739
4244
1588
-584
-1203
-931
-883
-1044
-509
903
1974
1394
-648
-2819
-4429
-5898
-7404
-8191
-7714
-6440
-4960
-3115
-827
938
1126
104
-777
-1034
-1424
-2426
-3346
-3307
-2424
-1506
-1063
-965
-936
-1069
-1756
-3016
-4168
-4552
-4395
-4436
-4681
-4436
-3399
-2060
-922
2
742
1041
656
-228
-1191
-1874
-2146
-2103
-1725
-723
907
2540
3407
3405
3001
2422
1492
194
-1000
-1612
-1599
-1172
-407
694
1916
2863
3383
3702
3991
4042
3578
2733
1926
1345
851
441
503
1270
2437
3558
4523
5447
6274
6747
6615
5870
4843
3912
3091
2189
1317
802
738
1015
1696
2772
3872
4720
5452
6120
6442
6242
5752
5314
4950
3781
137
-6207
-12114
-13824
-11709
-9482
-8284
-5364
464
5894
7610
6627
5713
5065
3147
161
-1795
-1608
-411
225
235
705
1888
2397
882
-2103
-4869
-6750
-8267
-9384
-9189
-7618
-5842
-4456
-2746
-439
1095
535
-1392
-2776
-2898
-2667
-2908
-3203
-2769
-1745
-995
-1028
-1548
-2153
-2976
-4187
-5290
-5501
-4795
-3967
-3489
-3107
-2664
-2483
-2622
-2570
-2059
-1540
-1380
-1306
-1003
-628
-434
-350
-165
146
586
1251
2001
2474
2454
2062
1497
784
-74
-891
-1385
-1426
-1030
-232
906
2121
3064
3682
4123
4375
4247
3669
2841
2010
1293
786
658
1057
1989
3212
4393
5360
6131
6664
6780
6356
5482
4433
3463
2636
1932
1436
1231
1235
1479
2052
2794
3430
3988
4648
5331
5814
6037
6074
5931
5418
3447
-1508
-8572
-13642
-13609
-10459
-8138
-6516
-2605
3314
7111
6734
4792
3763
2730
330
-2129
-2362
-528
1171
1533
1396
1806
2283
1417
-1170
-4277
-6596
-7925
-8608
-8283
-6605
-4420
-2913
-2195
-1301
-145
-126
-1892
-3979
-4513
-3528
-2512
-1984
-1155
-82
209
-612
-1825
-2825
-3851
-5028
-5843
-5754
-4745
-3458
-2672
-2592
-2618
-2280
-1979
-2130
-2259
-1831
-1276
-1181
-1250
-891
-244
152
247
400
858
1515
2119
2455
2469
2414
2414
2118
1312
297
-438
-760
-818
-549
196
1258
2291
3249
4221
4926
4901
4246
3504
2874
2191
1457
1160
1665
2710
3825
4728
5401
6025
6605
6856
6515
5715
4960
4425
3901
3263
2654
2250
2021
1975
2282
2820
3298
3736
4208
4539
4695
4925
5255
5357
4799
2499
-2800
-9807
-14274
-13567
-10065
-7311
-4931
-633
4589
7005
5644
3267
1876
597
-1557
-3026
-1849
1116
3139
2871
1656
1142
785
-956
-4064
-6802
-7992
-8180
-7936
-6812
-4661
-2627
-2076
-2657
-2924
-2728
-3086
-4454
-5597
-4906
-2817
-930
160
787
918
-152
-2321
-4253
-5292
-5805
-5945
-5536
-4531
-3307
-2327
-1855
-2119
-2922
-3632
-3850
-3543
-2755
-1600
-538
79
461
749
645
57
-548
-733
-489
117
1145
2371
3238
3399
2932
1971
603
-772
-1658
-1948
-1726
-932
408
1964
3320
4362
5036
5052
4388
3610
3172
2804
2197
1699
1923
2872
3969
4739
5089
5190
5260
5491
5761
5678
5224
4828
4758
4858
4702
3993
2882
1841
1323
1282
1377
1582
2129
2924
3569
3981
4529
5301
5766
4685
426
-6793
-13099
-14250
-10952
-7624
-5608
-2161
3166
6423
5084
1805
46
-574
-1963
-3356
-2203
1700
5361
5908
3616
1016
-615
-2238
-4817
-7368
-8185
-7216
-5634
-3919
-1897
-246
-254
-1909
-3738
-4666
-4979
-5337
-5408
-4165
-1693
606
1616
1497
820
-674
-3117
-5318
-5991
-5236
-4000
-2724
-1305
-210
-365
-1974
-4133
-5587
-5867
-5379
-4174
-1861
1125
3312
3635
2620
1385
205
-1193
-2383
-2417
-1174
517
1957
3043
3766
3813
2912
1255
-497
-1602
-1759
-1234
-446
468
1422
2110
2462
2875
3452
3660
3229
2781
2985
3500
3465
2882
2703
3371
4271
4771
4930
5028
5047
4921
4841
5005
5353
5665
5856
5988
5994
5596
4547
3067
1935
1613
1656
1620
1814
2447
3060
3387
3805
4524
5214
4826
1280
-6113
-13389
-14954
-10819
-6443
-4438
-1858
2835
5845
3979
-8
-1744
-1352
-1556
-2227
-585
3789
7485
7340
3967
204
-2480
-4645
-6758
-7961
-7469
-5963
-4612
-3463
-2044
-1121
-2013
-4403
-6312
-6510
-5739
-5175
-4623
-3133
-912
591
599
-223
-1307
-3045
-5327
-6684
-6016
-4163
-2623
-1685
-958
-805
-2081
-4635
-6979
-7743
-6974
-5536
-3644
-878
2211
3900
3281
1409
-213
-1292
-2201
-2599
-1815
-183
1211
1904
2252
2444
2249
1571
738
82
-292
-317
5
567
1148
1469
1374
1272
1912
3250
4273
4312
3847
3635
3654
3389
2886
2913
3860
5134
5879
5889
5480
4894
4270
3967
4236
4819
5427
6077
6720
6987
6557
5442
3954
2684
2065
1864
1605
1421
1705
2289
2682
2800
3029
3779
4388
2140
-4673
-12296
-14294
-9983
-5132
-3154
-1411
2125
4171
1588
-2896
-4387
-2655
-1176
-880
882
5105
8487
7632
3282
-1185
-3996
-5726
-6857
-6773
-5219
-3443
-2713
-2783
-2704
-2746
-4063
-6423
-7861
-7010
-4730
-2743
-1618
-714
169
275
-694
-1918
-2770
-3693
-4769
-4927
-3475
-1464
-368
-415
-1210
-2767
-4916
-6799
-7606
-7119
-5621
-3550
-1200
1074
2569
2741
1853
742
66
-133
-69
309
1018
1586
1562
1201
1040
1136
1191
1188
1338
1453
1210
755
475
447
557
765
1043
1470
2177
3052
3700
3800
3430
2996
2842
3041
3609
4640
5978
6965
7016
6235
5078
3989
3494
3952
5048
6120
6839
7217
7165
6461
5241
4044
3431
3580
4079
4162
3459
2309
1221
576
500
849
1612
2758
2548
-1847
-9354
-13866
-11595
-6385
-3432
-2138
529
3105
1561
-3313
-5994
-3960
-658
736
1868
5299
9105
8940
4192
-1275
-4287
-5181
-5273
-4749
-3403
-2094
-2195
-3792
-5423
-6029
-6353
-7265
-7970
-6931
-4330
-2121
-1559
-1917
-2018
-1962
-2261
-2582
-2350
-2084
-2631
-3539
-3624
-2822
-2231
-2412
-3098
-4100
-5472
-6828
-7388
-6726
-5290
-3987
-2995
-1761
-114
1235
1573
1200
1094
1474
1590
1150
677
436
109
-353
-392
294
1166
1501
1204
567
-232
-870
-829
29
1191
2044
2321
2104
1636
1327
1512
1986
2409
2839
3559
4478
5177
5589
5976
6312
6285
5879
5389
5131
5156
5319
5553
5837
5963
5671
5168
4774
4499
4326
4564
5406
6227
6185
5215
3776
1998
274
-552
-149
867
1825
2035
-426
-6463
-12421
-12857
-7976
-3165
-1178
302
2645
2913
-864
-5242
-5466
-1951
1147
2225
3691
6673
8145
5182
-292
-3852
-4239
-3232
-2287
-1195
45
-73
-2586
-6060
-7990
-7985
-7539
-7430
-6587
-4401
-2353
-2123
-3354
-4218
-3941
-3040
-2041
-770
613
997
-166
-2070
-3411
-3867
-4043
-4445
-4944
-5283
-5567
-5927
-6147
-5943
-5541
-4989
-3874
-1921
393
2065
2719
2759
2519
1936
1231
927
1143
1352
1135
813
810
970
738
-4
-845
-1216
-769
313
1578
2603
3047
2730
1798
709
165
645
1916
3231
4062
4570
5025
5414
5745
6111
6512
6757
6808
6840
6898
6944
6949
6694
5953
5049
4572
4577
4553
4386
4390
4815
5741
6792
7267
6565
4851
2913
1394
543
426
823
1296
735
-2963
-9620
-14359
-12575
-6536
-2085
-698
361
1469
-133
-4431
-7088
-4996
-428
2525
3361
4622
6567
6056
1710
-3053
-4496
-2880
-526
1213
2330
2295
-33
-4274
-7945
-8950
-7932
-6816
-6150
-5190
-4090
-4008
-5303
-6703
-6748
-5500
-3786
-1836
418
2008
1527
-908
-3459
-4425
-4045
-3573
-3550
-3867
-4581
-5848
-7314
-8199
-8034
-6991
-5546
-3927
-1988
-5
1201
1384
1101
853
794
1076
1785
2488
2529
1856
949
152
-462
-843
-1103
-1337
-1327
-848
103
1224
1879
1654
893
239
-74
-28
559
1645
2646
3173
3522
4067
4901
5810
6449
6685
6692
6810
7076
7434
7972
8325
7879
6780
5933
5643
5292
4627
4102
4145
4899
6057
6870
6779
5919
4775
3560
2220
1145
922
1395
1459
-1244
-7517
-13237
-12960
-7190
-2070
-779
-865
-295
-964
-4217
-6824
-4966
367
4287
4445
3694
4755
5558
2755
-1974
-4057
-2281
743
2465
2737
2205
366
-3248
-6771
-7452
-5424
-3464
-3269
-3974
-4383
-4706
-5757
-7168
-7447
-5965
-3696
-1698
-1
1143
648
-1754
-4210
-4594
-2913
-958
-204
-986
-3285
-6106
-8176
-8965
-8482
-6793
-4583
-3070
-2115
-1338
-1039
-1317
-1511
-949
271
2114
3881
4426
3618
2332
1161
145
-105
459
763
124
-744
-1035
-927
-643
-308
116
819
1606
1751
1089
486
367
705
1615
3009
4602
6080
6982
6772
5852
5378
5704
6396
7502
9138
10367
10180
8780
7396
6603
6024
5321
4663
4937
6157
7113
6788
5580
4528
3642
2547
1511
1390
2110
2816
1029
-5161
-12402
-14375
-9100
-2656
-266
-810
-1516
-2689
-6147
-9147
-7602
-1434
4158
5079
3943
4326
5216
2727
-2090
-4367
-2293
1453
3454
3369
1785
-1070
-4952
-7856
-7390
-4247
-1453
-1234
-2664
-4148
-5423
-6866
-8103
-7933
-6006
-3198
-998
-31
-182
-1582
-4098
-6181
-5908
-3313
-498
525
-750
-3388
-5699
-7268
-8524
-8867
-7349
-4906
-3300
-2372
-1721
-1739
-2524
-3214
-2834
-1264
1158
3114
3482
2669
1657
831
402
669
1110
976
383
-170
-787
-1515
-1828
-1563
-988
-248
535
916
718
180
-382
-357
666
2289
4080
5847
7020
6994
6140
5556
5661
6246
7427
8982
10114
10287
9590
8632
7709
6899
6238
5807
6086
6913
7396
6792
5519
4454
3649
2722
1815
1771
2637
3382
949
-5808
-12468
-12963
-6910
-1133
256
-937
-2012
-3732
-7448
-9820
-7199
-392
4749
4914
3332
3427
4089
1920
-1645
-2582
133
3728
5021
3639
560
-2928
-6024
-7463
-5942
-2382
375
98
-2281
-4637
-5937
-6452
-6678
-6117
-4170
-1446
201
-165
-1723
-3614
-5453
-6303
-5173
-2578
-518
-290
-1681
-3600
-5149
-6172
-6656
-6325
-5131
-3809
-2929
-2444
-2422
-2882
-3302
-2932
-1831
-524
648
1436
1558
1065
609
664
1287
1938
2195
1959
1305
498
-282
-809
-1086
-1194
-1047
-655
-231
-223
-590
-987
-1132
-764
310
2128
4130
5365
5530
5330
5560
6184
6797
7469
8477
9401
9674
9425
9351
9466
9256
8665
8042
7834
7732
7517
6951
6107
5252
4250
3488
2856
2610
2639
2486
781
-4567
-10620
-11998
-6739
-465
1129
-642
-2805
-4527
-7546
-9523
-6855
-417
4741
4421
1767
672
1099
138
-2020
-1730
1442
4928
5553
3232
-355
-3847
-6285
-7100
-5246
-1625
780
-173
-3360
-5905
-6746
-6617
-6139
-5003
-2902
-926
-542
-1819
-3426
-4566
-5413
-5626
-4509
-2623
-1669
-2406
-4107
-5716
-6516
-6397
-5677
-4820
-4007
-3650
-4008
-4437
-4247
-3548
-2967
-2442
-1751
-1058
-492
-86
142
78
54
378
940
1502
1634
1258
710
465
403
91
-381
-689
-723
-718
-760
-811
-862
-964
-1113
-933
18
1640
2962
3406
3449
4007
5087
5873
6198
6637
7586
8421
8734
9129
9890
10437
10008
9049
8584
8807
9256
9070
8223
7202
6154
5066
3678
2737
2632
3148
3004
-683
-7071
-11444
-9004
-2599
855
55
-2219
-3404
-5589
-8291
-7887
-2807
3576
5069
2363
-76
573
1577
228
-1039
232
3624
5607
4715
1958
-1245
-3711
-5039
-4413
-1965
423
467
-2192
-5354
-6837
-6344
-4894
-3709
-2766
-1877
-1442
-1925
-3027
-3710
-3954
-3945
-3632
-2961
-2462
-2740
-3696
-4941
-5811
-5816
-5054
-4220
-3781
-3944
-4375
-4372
-3494
-2296
-1833
-1993
-2043
-1635
-1187
-899
-602
-177
359
504
199
-179
-283
-162
-58
299
761
650
-165
-941
-1084
-863
-781
-967
-1051
-901
-757
-698
-538
43
910
1824
2704
3303
3604
3908
4793
5937
6810
7329
7863
8699
9245
9447
9253
9129
9395
9890
10138
9642
8893
8421
7881
6826
5282
4138
3974
4058
3103
-1507
-7721
-10448
-6411
85
2008
-128
-3153
-4175
-5761
-7310
-5394
171
5470
5004
1559
-505
310
790
-530
-523
1842
4598
4603
1764
-1717
-4112
-4858
-4139
-2349
-316
-93
-2163
-5362
-7471
-7225
-5772
-4310
-3497
-2694
-2136
-2589
-3709
-4380
-4175
-3921
-3948
-3645
-3068
-3050
-4014
-5422
-5922
-5406
-4542
-4310
-4651
-4973
-5062
-4679
-4096
-3029
-2134
-1914
-2090
-2199
-1940
-1696
-1414
-850
-23
360
36
-541
-631
-103
511
917
1103
893
178
-424
-600
-392
-524
-1041
-1339
-1250
-1070
-1139
-1064
-657
38
723
1466
2151
2653
3122
3880
4937
5878
6383
6690
7309
8115
8877
9106
9094
9230
9766
10169
9853
9198
8886
8860
8297
7021
5765
5325
5020
3443
-1392
-7202
-9293
-5184
625
1849
-827
-3902
-4629
-5685
-6880
-5271
85
5625
5918
2653
81
539
1338
703
844
3076
5724
5641
2372
-1534
-3862
-4254
-3539
-2160
-310
152
-1797
-5360
-7835
-7541
-5711
-4097
-3334
-2459
-1687
-2288
-3982
-4843
-3895
-2595
-2263
-2248
-1841
-1814
-3032
-4771
-5299
-4387
-3272
-3002
-3545
-3963
-4129
-4362
-4669
-4212
-2742
-1517
-1226
-1707
-2115
-2166
-1971
-1566
-1065
-525
-261
-397
-525
-158
425
683
594
506
396
224
106
153
128
-347
-1100
-1787
-1776
-1035
-79
306
37
-158
126
870
1556
2320
3232
4130
4569
4588
4926
5765
6729
7162
7410
7997
8909
9434
9079
8313
7944
8141
8529
8323
7481
6507
5497
3654
-838
-5720
-7278
-3399
1559
2213
-662
-4027
-5190
-6269
-6305
-3492
1933
6343
5580
2317
127
996
2418
2778
3486
5244
6831
5847
2423
-1093
-2922
-3012
-2178
-1272
-588
-1439
-4057
-7170
-8607
-7402
-5614
-4536
-4399
-4278
-4278
-5038
-5472
-4993
-3690
-2714
-2199
-1757
-1822
-2537
-3661
-4268
-4115
-3223
-2434
-2371
-3119
-4109
-4795
-5041
-4229
-2987
-1742
-1339
-1592
-2304
-2988
-2635
-1832
-1001
-806
-746
-729
-790
-718
-703
-593
-324
215
589
627
521
373
-129
-857
-1401
-1415
-961
-523
-121
-64
-220
-580
-703
-18
1155
2408
3112
3523
3778
4089
4503
5020
5800
6605
7373
7819
8162
8130
7741
7127
6828
7156
7529
7538
6793
5846
4657
2192
-2160
-6054
-5922
-1568
2295
2038
-1084
-3852
-5054
-5924
-5235
-2028
3030
6125
5071
2385
904
1909
2968
3561
4522
6258
7478
6253
3167
-2
-1509
-1333
-415
352
460
-803
-3277
-6119
-7394
-6740
-5309
-4309
-4293
-4612
-5325
-5826
-5837
-4935
-3861
-2934
-2183
-1599
-1491
-2039
-2357
-2529
-2162
-2011
-1712
-1774
-2171
-2777
-3681
-3845
-3554
-2534
-1941
-1749
-2021
-2595
-2782
-2432
-1576
-1026
-799
-806
-915
-1120
-907
-440
50
144
49
64
29
215
91
-54
-346
-595
-729
-902
-739
-568
-409
-571
-832
-608
286
1369
1870
1887
2103
2953
4011
4907
5400
5793
5994
6122
6397
6712
7010
6745
6328
5937
5902
5898
5609
4819
3146
113
-4107
-6645
-5270
-809
1780
294
-3158
-5340
-5592
-5492
-3821
-211
4222
5844
4057
2039
1968
3665
4664
5299
6491
8096
8355
6222
3235
1122
548
845
1387
1780
1359
-704
-3698
-6070
-6395
-5199
-4352
-4588
-5543
-5822
-5788
-6008
-6016
-5348
-3790
-3205
-3442
-3406
-2610
-1495
-1514
-1595
-1502
-914
-569
-1123
-1537
-1686
-1273
-1378
-1838
-2047
-2273
-2617
-3072
-2996
-2419
-2002
-1983
-2270
-2430
-2028
-1507
-942
-546
-92
119
-315
-760
-926
-563
-333
-358
-548
-713
-744
-823
-920
-907
-693
-483
-162
282
835
890
751
961
2178
3866
4907
5102
4855
5203
5767
6378
6721
7096
7198
6636
5592
4789
4652
4663
4095
2260
-1103
-5589
-7878
-6271
-1912
134
-1566
-4431
-6209
-6419
-6742
-5020
-1208
3444
5228
3612
1921
2036
3877
4875
5627
7062
9125
9811
8080
5066
2671
1811
1969
2473
2748
2570
806
-2142
-4932
-5695
-4638
-3643
-3695
-4491
-4677
-4564
-4817
-5361
-5186
-4032
-3412
-3682
-3714
-2498
-991
-725
-1404
-1789
-1127
-306
-270
-598
-300
351
40
-1103
-1745
-1631
-1619
-1986
-2164
-1967
-1907
-2174
-2606
-2672
-2213
-1657
-1396
-1274
-866
-459
-504
-826
-988
-817
-364
162
509
559
511
269
-61
-90
326
769
723
532
459
432
402
666
1529
2619
3446
3765
3903
4644
5592
6319
6488
6527
6743
6540
6059
5093
4640
4149
3181
678
-3660
-7048
-7488
-4194
-1612
-2170
-4991
-7446
-8315
-9004
-7954
-4607
311
2924
1928
70
-37
1961
3576
4575
6020
8351
9778
8849
6216
3859
2829
2979
3784
4291
3936
1947
-989
-3729
-4877
-4399
-3581
-3185
-3364
-3679
-4150
-4596
-4421
-3897
-3547
-3310
-2910
-1868
-1096
-662
-536
-482
-197
-331
-482
-634
-298
-95
-333
-467
-387
-192
-556
-1280
-2019
-2349
-2052
-1419
-998
-1001
-1383
-1775
-1998
-1917
-1427
-762
-103
-90
-747
-1575
-1810
-1249
-374
419
718
484
-64
-564
-759
-651
-114
638
1108
1162
1070
1187
1414
1776
2353
3181
4351
5354
5760
5608
5185
5186
5278
5500
5543
5560
5457
4370
2072
-2315
-5838
-6373
-3178
22
-536
-3426
-6883
-8434
-9669
-9350
-6337
-1689
1395
252
-1933
-2388
-585
1059
1890
3537
6382
8403
7988
5519
3229
2424
2738
3804
4617
4860
3357
288
-2920
-4800
-4637
-3695
-3003
-2991
-3510
-4095
-4649
-4668
-3881
-2883
-1842
-1152
-313
489
721
936
1008
1517
1705
1321
790
241
119
-304
-586
-384
-14
-227
-1390
-2376
-2429
-1885
-1410
-1295
-1176
-983
-1044
-1193
-1291
-912
-237
269
373
46
-396
-828
-970
-492
415
1040
838
-189
-1130
-1554
-1174
-354
412
800
558
419
477
948
1538
2189
2885
3605
4278
4615
4521
4261
4319
4721
5172
5036
4921
4404
3654
1261
-2370
-5033
-4897
-1727
33
-738
-3685
-5958
-7118
-7905
-7009
-4203
9
1762
361
-1667
-1554
469
1989
2717
3844
5577
6257
5083
2930
1712
1553
1926
2177
2497
2762
1546
-1043
-4033
-5344
-4978
-3955
-3180
-3009
-3339
-4449
-5914
-6688
-5588
-3198
-836
193
395
57
-417
-393
594
2595
4133
4537
3600
2166
967
201
4
386
1152
1464
625
-883
-2129
-2827
-2998
-2695
-1654
-406
157
-218
-1170
-1727
-1682
-1243
-553
358
1439
1846
1376
381
-308
-259
356
1005
1318
1183
787
234
-242
-62
449
1155
1339
1550
2099
2753
3154
2746
2439
2573
3269
4153
4714
4989
4716
3406
1184
-2402
-4953
-4822
-1761
1175
299
-2604
-5739
-6843
-7703
-7964
-5710
-1442
2260
1695
-1151
-2570
-1162
1159
2302
3248
5248
7162
7194
4854
2353
1611
2242
3370
4012
4386
3844
1325
-2304
-5413
-5891
-4445
-2944
-2422
-3270
-4682
-6682
-8081
-7582
-5245
-2399
-848
-537
-669
-850
-674
-146
1193
3092
4566
4865
3690
2270
1267
739
592
841
1560
1910
1104
-617
-2345
-2865
-2289
-1382
-626
-158
154
-281
-1261
-1988
-1807
-768
315
935
1047
646
16
-785
-1021
-346
648
1210
878
384
-67
-179
6
501
1233
1871
2344
2626
2848
2835
2338
1613
1485
2382
3794
4362
3969
2697
1248
-985
-4033
-5960
-4938
-876
1517
148
-3631
-6225
-6875
-7516
-7059
-4391
404
3049
1409
-1877
-3160
-1393
637
2016
3569
5845
7139
6094
3494
1627
1404
2233
3237
3913
4438
3733
1452
-2090
-4734
-5051
-3474
-1819
-1335
-1949
-3169
-4534
-5540
-5089
-3428
-1157
23
257
-5
-239
-174
-42
912
2148
3239
3323
2715
2074
1549
1137
894
1159
1707
1983
1500
546
-379
-717
-504
-135
215
455
634
372
-469
-1252
-1212
-266
694
886
468
44
-180
-541
-1050
-951
-283
263
108
-295
-241
-25
101
23
328
1057
1589
1692
1348
1025
825
778
1176
1658
2055
1853
1332
97
-2850
-5876
-6723
-3698
-283
500
-1179
-3543
-5112
-7149
-7971
-6214
-1700
2027
1887
-594
-2423
-1974
-966
-207
1013
3485
5792
6244
4468
2197
1022
1051
1796
2530
3652
4189
2785
-689
-4422
-5580
-4318
-2293
-972
-761
-948
-1919
-3092
-3744
-2850
-738
1006
2083
2594
3046
2912
2060
1364
1589
2671
3927
4581
4450
3396
1806
524
237
1058
1891
1964
1324
623
146
-250
-386
104
865
1352
1036
418
336
664
1179
1383
1467
1532
1416
1148
503
-1
-265
-392
-447
-487
-147
8
-315
-1089
-1541
-1170
-400
166
216
-63
-400
-673
-695
-241
327
672
399
-284
-2500
-5683
-7667
-6260
-2571
-657
-1233
-3356
-4941
-6695
-8485
-8281
-5169
-594
1299
43
-1879
-2107
-1185
-1025
-983
507
3417
5621
5436
3536
1716
680
130
-137
491
2099
2618
929
-2566
-5056
-5357
-4593
-3489
-2739
-1416
-587
-806
-1880
-2514
-1647
-333
1088
2468
4355
5784
5511
3768
2231
2211
3416
4748
5450
5434
4428
2807
1142
496
781
1234
1413
1442
1691
1616
1137
577
547
930
1315
1713
2536
3554
3931
3422
2502
2139
2343
2815
3153
3273
3062
2196
990
147
249
828
1047
597
-5
-266
-154
-98
-511
-1195
-1610
-1317
-740
-438
-436
-602
-990
-2498
-5213
-7484
-7323
-4709
-2378
-2244
-3755
-5334
-6669
-8191
-8821
-7153
-3746
-1292
-1459
-2809
-3059
-2018
-1326
-1638
-1542
151
2609
4038
3783
2634
1313
-50
-1235
-1569
-650
491
410
-1100
-3109
-4535
-5413
-5753
-5379
-4267
-2876
-1954
-1450
-1372
-1594
-1969
-1694
-11
2581
4811
5696
5549
4961
4297
3745
3748
4489
5543
6102
5711
4565
3141
1931
1175
1058
1408
2044
2668
2943
2576
1570
471
11
594
1959
3588
4875
5354
4789
3541
2467
2359
3263
4415
5055
4967
4470
3769
2962
2182
1665
1530
1689
1991
2248
2133
1301
-36
-1193
-1546
-1200
-580
13
167
-1000
-3962
-7240
-8465
-6739
-4063
-2788
-3257
-4395
-5730
-7680
-9356
-9012
-6238
-3294
-2389
-3015
-3198
-2413
-2171
-3102
-3824
-2689
-131
2013
2632
2140
1189
-153
-1836
-3070
-2916
-1629
-436
-611
-2095
-4200
-6062
-7264
-7631
-7047
-5820
-4302
-3256
-3037
-3658
-4483
-4603
-3548
-1420
996
3103
4463
4906
4474
3631
3122
3434
4474
5738
6653
6786
6039
4644
3191
2125
1673
1825
2500
3348
3711
3069
1624
289
-173
388
1638
3192
4531
5044
4490
3476
3048
3592
4548
5204
5589
6052
6490
6340
5426
4295
3584
3352
3308
3346
3532
3660
3191
1953
458
-356
-155
486
509
-679
-2532
-3993
-4247
-3667
-2995
-2692
-2834
-3440
-4647
-5884
-6266
-5369
-4074
-3497
-3662
-3635
-2870
-2137
-2238
-2947
-3169
-2405
-1147
-112
487
689
369
-586
-1851
-2671
-2696
-2180
-1804
-1935
-2647
-3826
-5263
-6539
-7172
-7084
-6499
-5831
-5248
-4932
-4993
-5343
-5619
-5292
-4187
-2509
-735
724
1584
1802
1592
1357
1452
2003
2916
3916
4672
4969
4776
4121
3126
2062
1450
1627
2374
3048
3133
2625
1856
1169
792
913
1583
2549
3319
3609
3601
3593
3616
3492
3355
3650
4523
5480
5868
5581
5004
4445
3978
3694
3834
4387
4837
4652
3843
2977
2464
2115
1367
104
-1047
-1381
-858
-261
-213
-733
-1554
-2585
-3711
-4316
-3854
-2657
-1866
-2124
-2794
-2807
-2023
-1342
-1402
-1858
-1852
-1136
-195
513
975
1257
1088
241
-855
-1356
-1039
-574
-738
-1458
-2125
-2571
-3141
-4003
-4768
-5058
-5033
-5026
-4966
-4624
-4199
-4227
-4813
-5273
-4919
-3833
-2671
-1874
-1378
-1033
-913
-1009
-1014
-641
21
607
1020
1465
1960
2139
1687
825
151
22
305
715
1067
1285
1278
1004
621
363
360
562
844
1139
1446
1725
1867
1780
1538
1340
1376
1642
1996
2328
2573
2694
2679
2578
2502
2535
2671
2865
3072
3200
3089
2519
1467
301
-404
-317
291
863
1043
758
18
-1080
-2085
-2355
-1729
-815
-379
-520
-720
-585
-319
-275
-449
-500
-194
354
940
1446
1780
1808
1476
1010
824
1027
1313
1267
813
293
2
-47
-49
-135
-344
-695
-1155
-1549
-1651
-1467
-1249
-1227
-1344
-1379
-1282
-1209
-1268
-1350
-1271
-1026
-765
-565
-421
-353
-397
-476
-389
-33
420
686
611
249
-200
-558
-686
-539
-236
40
200
227
100
-195
-577
-855
-903
-779
-595
-382
-164
-48
-165
-466
-741
-825
-779
-718
-634
-450
-180
11
40
11
60
166
209
140
27
-136
-430
-825
-1087
-1018
-749
-574
-601
-713
-842
-1047
-1327
-1487
-1344
-1013
-760
-621
-416
-57
249
240
1
-133
-17
206
380
552
860
1169
1254
1142
1085
1205
1315
1232
1103
1247
1655
2021
2148
2146
2229
2355
2323
2171
2126
2272
2416
2367
2251
2292
2409
2331
1974
1555
1297
1119
828
495
358
449
555
489
311
199
127
-53
-300
-422
-306
-81
49
58
83
138
120
16
-101
-116
-65
-85
-202
-316
-393
-491
-656
-862
-1010
-1084
-1182
-1342
-1514
-1659
-1779
-1907
-2039
-2120
-2142
-2173
-2246
-2311
-2315
-2258
-2221
-2261
-2331
-2396
-2489
-2633
-2779
-2829
-2711
-2502
-2323
-2185
-2064
-2001
-2049
-2206
-2347
-2307
-2119
-1894
-1646
-1341
-1012
-781
-765
-878
-921
-856
-756
-652
-473
-141
246
504
630
773
990
1209
1332
1426
1678
2072
2444
2727
2990
3325
3665
3836
3829
3825
3903
3977
3938
3830
3819
3899
3881
3659
3329
3031
2780
2460
2094
1858
1811
1813
1695
1465
1285
1211
1090
885
724
744
896
965
898
848
887
904
795
631
576
643
639
467
254
133
58
-96
-331
-474
-483
-516
-703
-976
-1183
-1313
-1494
-1763
-1980
-2046
-2060
-2176
-2390
-2584
-2699
-2822
-3029
-3226
-3306
-3295
-3301
-3358
-3387
-3327
-3239
-3213
-3230
-3192
-3088
-2987
-2927
-2865
-2715
-2495
-2284
-2111
-1951
-1784
-1641
-1553
-1492
-1392
-1242
-1078
-926
-791
-645
-502
-390
-301
-188
-38
142
341
549
777
1012
1240
1461
1686
1914
2141
2346
2520
2672
2782
2855
2928
2994
3056
3106
3120
3126
3107
3058
2994
2936
2896
2856
2802
2728
2655
2576
2474
2381
2307
2266
2230
2170
2094
2023
1939
1825
1699
1587
1503
1429
1338
1245
1162
1059
914
737
577
451
339
210
81
-27
-124
-249
-415
-584
-735
-892
-1077
-1265
-1424
-1561
-1715
-1896
-2059
-2167
-2245
-2340
-2446
-2548
-2637
-2732
-2838
-2919
-2947
-2948
-2946
-2946
-2936
-2917
-2910
-2924
-2925
-2897
-2845
-2778
-2695
-2578
-2448
-2327
-2216
-2106
-1980
-1843
-1700
-1550
-1375
-1183
-994
-803
-616
-430
-259
-120
8
137
280
420
545
670
780
860
921
967
1002
1028
1037
1040
1055
1093
1129
1174
1233
1290
1349
1399
1450
1506
1568
1619
1681
1760
1842
1928
1997
2064
2135
2184
2220
2250
2282
2313
2323
2315
2293
2265
2216
2143
2057
1969
1881
1777
1666
1566
1465
1359
1232
1094
966
857
743
635
527
416
295
154
12
-107
-212
-316
-432
-551
-662
-772
-883
-988
-1085
-1185
-1296
-1403
-1476
-1526
-1568
-1620
-1688
-1736
-1756
-1752
-1721
-1672
-1632
-1620
-1615
-1598
-1547
-1486
-1429
-1386
-1342
-1286
-1222
-1162
-1100
-1039
-993
-935
-858
-748
-635
-541
-481
-432
-378
-316
-236
-157
-80
-52
-59
-100
-127
-139
-162
-205
-284
-357
-432
-498
-553
-583
-599
-618
-652
-658
-623
-550
-473
-411
-335
-227
-80
87
265
434
574
673
756
869
1020
1165
1267
1313
1331
1347
1354
1354
1341
1323
1284
1228
1192
1195
1214
1203
1140
1061
1000
987
1008
1055
1092
1088
1026
936
876
865
895
918
902
833
726
598
493
447
442
454
431
359
270
184
122
89
93
109
112
89
51
11
-24
-61
-107
-156
-198
-241
-285
-340
-406
-458
-500
-508
-499
-481
-478
-489
-505
-489
-420
-324
-231
-182
-185
-224
-264
-290
-279
-274
-305
-415
-591
-780
-949
-1080
-1202
-1322
-1473
-1631
-1791
-1922
-1995
-2018
-2031
-2028
-2014
-1951
-1838
-1709
-1582
-1470
-1346
-1185
-982
-757
-544
-398
-322
-275
-208
-83
80
194
226
194
141
135
171
223
264
247
203
178
221
324
429
477
462
444
477
597
758
911
985
975
930
904
949
1054
1155
1208
1192
1132
1073
1048
1056
1090
1125
1152
1172
1175
1180
1182
1185
1187
1205
1235
1272
1284
1263
1204
1125
1055
998
955
914
852
758
652
548
486
457
448
425
386
344
309
306
334
371
395
399
363
315
260
209
163
103
13
-104
-247
-405
-560
-714
-845
-985
-1119
-1262
-1403
-1514
-1588
-1633
-1654
-1674
-1686
-1679
-1666
-1621
-1565
-1492
-1414
-1348
-1273
-1184
-1098
-1038
-1008
-1001
-979
-928
-855
-789
-761
-778
-824
-865
-859
-808
-749
-703
-694
-692
-674
-632
-563
-495
-447
-411
-364
-280
-166
-52
27
54
39
44
92
179
281
368
413
422
421
433
493
570
656
732
807
878
950
1020
1084
1149
1208
1258
1308
1373
1423
1449
1439
1399
1366
1350
1341
1335
1315
1276
1240
1192
1164
1159
1163
1154
1138
1111
1096
1101
1104
1105
1078
1039
986
929
878
822
753
656
536
412
293
179
67
-60
-194
-333
-464
-574
-652
-719
-787
-855
-926
-984
-1023
-1042
-1040
-1037
-1047
-1055
-1063
-1069
-1081
-1088
-1105
-1124
-1145
-1155
-1156
-1166
-1199
-1260
-1338
-1401
-1430
-1423
-1391
-1360
-1359
-1386
-1421
-1447
-1437
-1398
-1337
-1264
-1193
-1127
-1074
-1037
-1017
-1012
-988
-938
-849
-749
-654
-584
-547
-526
-495
-433
-331
-207
-88
25
122
219
314
414
516
625
730
831
932
1020
1094
1150
1203
1243
1299
1350
1402
1444
1470
1496
1521
1549
1582
1614
1639
1659
1668
1676
1683
1681
1674
1660
1640
1614
1577
1537
1484
1421
1342
1248
1159
1066
971
880
772
666
562
454
353
256
168
84
9
-54
-108
-152
-208
-265
-330
-382
-430
-469
-501
-532
-572
-627
-691
-750
-801
-853
-899
-959
-1023
-1097
-1164
-1217
-1255
-1283
-1309
-1337
-1376
-1422
-1461
-1490
-1495
-1484
-1462
-1434
-1412
-1403
-1413
-1416
-1419
-1397
-1351
-1290
-1223
-1166
-1127
-1097
-1063
-1009
-940
-848
-740
-638
-554
-473
-396
-309
-216
-117
-18
85
181
263
341
409
485
550
620
707
792
871
933
990
1044
1097
1161
1223
1283
1342
1381
1412
1444
1459
1474
1486
1488
1500
1491
1473
1457
1422
1371
1311
1243
1180
1120
1058
988
915
841
755
677
593
511
444
387
334
293
253
210
163
110
60
22
0
-14
-14
-26
-46
-78
-121
-161
-205
-239
-274
-305
-346
-406
-464
-531
-595
-656
-711
-760
-812
-862
-905
-957
-1004
-1043
-1078
-1101
-1117
-1133
-1141
-1149
-1157
-1152
-1141
-1127
-1112
-1095
-1076
-1046
-1014
-984
-948
-909
-867
-823
-787
-744
-699
-656
-603
-553
-504
-449
-401
-351
-302
-250
-196
-144
-88
-24
37
100
164
224
283
343
400
459
519
576
630
677
722
752
776
794
807
820
827
833
831
817
799
764
729
690
653
625
597
566
527
491
454
421
391
373
366
367
377
386
397
408
414
424
438
458
485
507
520
522
520
505
486
470
449
425
399
366
321
270
208
145
89
33
-19
-74
-125
-173
-224
-280
-324
-361
-395
-418
-437
-451
-465
-478
-490
-498
-501
-502
-499
-488
-477
-474
-469
-469
-466
-463
-460
-454
-452
-450
-448
-448
-457
-459
-461
-452
-440
-427
-411
-393
-379
-359
-331
-303
-266
-225
-178
-142
-100
-67
-29
10
46
84
116
149
173
192
198
201
202
197
185
178
159
137
106
78
45
17
-9
-34
-47
-69
-79
-97
-100
-110
-114
-108
-94
-80
-65
-43
-27
-2
14
38
69
97
122
151
175
189
202
215
220
229
241
241
243
241
238
237
225
208
205
205
198
195
194
190
191
189
188
194
196
204
214
219
224
229
238
241
242
251
256
258
257
255
252
239
231
219
203
190
180
164
139
118
92
70
60
48
31
26
14
1
-11
-24
-34
-33
-35
-47
-47
-57
-67
-73
-75
-94
-106
-111
-132
-150
-176
-199
-226
-251
-285
-316
-346
-375
-405
-434
-469
-493
-516
-540
-561
-581
-595
-609
-614
-623
-626
-622
-614
-610
-596
-578
-556
-529
-499
-467
-434
-394
-354
-312
-276
-242
-206
-171
-135
-106
-79
-51
-20
6
33
52
74
94
114
137
158
180
202
230
257
280
299
323
349
367
395
422
447
472
496
519
546
568
586
607
619
632
646
653
654
655
658
651
639
632
616
599
585
566
547
530
504
484
466
441
412
388
357
333
305
275
241
205
180
143
118
86
53
19
-17
-53
-95
-123
-164
-201
-235
-275
-320
-348
-388
-420
-453
-491
-520
-548
-572
-601
-622
-650
-662
-677
-693
-706
-710
-717
-718
-711
-705
-695
-687
-667
-646
-621
-597
-570
-541
-510
-480
-451
-419
-389
-358
-331
-294
-271
-238
-212
-182
-147
-118
-86
-54
-20
8
44
75
110
143
173
202
239
269
292
327
356
382
409
431
447
479
497
510
532
543
559
567
573
579
580
582
584
589
583
575
564
558
550
533
521
512
498
477
465
447
425
400
376
358
330
301
277
249
219
185
156
130
98
63
33
-3
-39
-76
-106
-133
-166
-203
-233
-260
-288
-319
-350
-375
-403
-428
-447
-467
-484
-500
-515
-522
-533
-545
-548
-548
-546
-546
-540
-539
-529
-517
-506
-490
-478
-467
-449
-427
-412
-394
-374
-351
-331
-311
-299
-276
-243
-218
-194
-173
-149
-123
-97
-74
-47
-24
-5
20
45
66
85
111
136
156
173
197
222
236
261
280
292
309
325
334
347
355
360
375
380
379
389
391
392
397
392
386
389
383
372
370
366
356
349
341
323
310
296
280
272
252
234
220
208
184
167
154
134
118
99
80
61
39
18
4
-17
-37
-54
-70
-91
-113
-132
-147
-156
-177
-189
-196
-214
-229
-238
-241
-254
-262
-276
-281
-285
-283
-286
-285
-286
-290
-283
-274
-273
-270
-260
-254
-243
-233
-223
-210
-196
-190
-178
-162
-149
-136
-123
-112
-97
-81
-77
-57
-38
-34
-15
-5
7
23
31
42
57
67
70
85
94
99
108
118
127
130
130
137
148
149
156
161
165
164
166
168
168
170
163
166
172
164
162
159
148
148
146
140
132
122
115
119
111
95
85
83
77
63
52
37
27
18
9
1
-8
-23
-31
-39
-48
-53
-57
-63
-70
-78
-85
-87
-95
-101
-103
-104
-106
-108
-112
-110
-111
-111
-106
-98
-101
-98
-91
-88
-82
-79
-77
-77
-68
-64
-60
-52
-48
-41
-31
-26
-28
-19
-10
-10
-10
-5
-1
2
5
6
11
16
18
17
20
22
21
24
26
27
25
24
26
25
23
25
29
32
26
25
20
23
25
20
20
18
17
14
11
10
8
4
4
5
3
0
-2
-6
-3
-4
-3
-5
-7
-9
-17
-15
-15
-18
-12
-14
-17
-15
-15
-17
-13
-12
-11
-14
-14
-12
-13
-12
-12
-15
-15
-15
-19
-15
-14
-15
-11
-10
-12
-10
-11
-5
-6
-5
-4
-2
5
6
6
5
11
10
12
12
14
18
21
27
28
33
30
28
36
42
37
37
43
43
41
43
45
46
42
39
42
43
44
44
39
34
37
33
34
34
31
28
23
26
18
16
13
12
12
5
6
4
3
-2
-8
-7
-8
-11
-15
-14
-16
-20
-20
-21
-23
-26
-28
-25
-27
-27
-27
-27
-27
-28
-30
-33
-29
-28
-31
-31
-33
-34
-30
-30
-28
-27
-29
-28
-31
-27
-27
-30
-27
-27
-23
-21
-21
-18
-19
-20
-18
-21
-16
-17
-16
-12
-8
-9
-12
-7
-3
-4
-3
-2
1
1
2
4
1
4
6
8
8
7
11
8
12
9
9
14
10
11
12
13
13
17
15
16
15
12
16
13
17
17
18
16
16
18
18
20
14
15
12
12
14
16
14
13
10
9
6
8
2
-1
3
0
5
2
-1
-1
-6
-6
-3
-3
-5
-6
-9
-8
-8
-7
-7
-11
-13
-9
-7
-3
-5
-10
-5
0
-2
-7
-7
-8
-5
-5
-4
2
-1
-4
-3
-2
3
4
-2
1
3
-1
0
-2
1
2
1
4
3
-1
0
7
4
1
2
4
4
6
1
-1
3
5
-1
1
3
5
8
4
2
1
5
7
2
1
1
1
1
1
2
2
0
-1
1
2
3
-1
0
1
-1
2
-1
3
0
-2
-1
-1
-1
-1
-2
-2
2
2
1
-2
0
