-3
-3
-2
-1
-1
1
3
3
1
1
-1
-2
-2
0
3
3
3
1
-1
-4
-3
-1
3
5
2
-1
-3
-4
-2
1
1
2
0
-3
-3
-1
2
5
5
4
0
-1
-4
-4
-4
-3
-1
3
8
9
6
-3
-10
-14
-14
-8
2
11
15
10
5
2
-5
-12
-12
-9
-2
4
9
11
11
6
-3
-8
-7
-7
-3
3
6
5
2
2
2
6
3
-2
-5
-8
-8
-4
4
11
13
8
1
-6
-12
-10
-4
1
8
10
4
-4
-6
-5
0
2
1
2
0
-4
-4
2
4
7
2
-3
-3
-4
-1
3
6
0
-5
-4
-2
3
5
2
-1
-1
-5
-6
2
7
6
-4
-5
-3
-4
2
3
3
6
1
-7
-8
2
2
0
6
-1
-1
1
-1
-3
1
2
-7
3
4
0
-1
0
-1
-3
3
-6
5
9
-7
-6
-1
1
0
4
1
-1
1
-4
-10
5
9
-7
6
0
-7
-2
-2
1
5
8
-9
-4
8
-5
-8
6
0
-2
4
-11
4
12
-5
-11
3
5
-11
8
9
-2
9
-10
-21
14
10
-10
13
10
-10
-13
2
-6
9
15
-16
5
6
-15
-7
11
0
3
4
-13
9
6
-14
-2
12
-8
1
14
-16
8
7
-18
-1
16
-6
-6
16
-11
-10
17
-7
-12
31
-11
-23
22
-13
-10
20
2
-22
21
8
-37
19
17
-30
13
22
-37
13
27
-40
9
32
-29
-6
32
-19
-14
28
-12
-22
33
-3
-34
33
4
-33
19
15
-26
9
21
-28
2
24
-18
-16
34
-11
-28
39
-9
-26
27
2
-30
19
17
-36
14
26
-32
-8
43
-36
-17
57
-35
-17
46
-13
-38
39
11
-55
41
24
-60
30
40
-74
24
48
-65
17
34
-28
-16
47
-19
-41
65
-33
-34
56
-7
-45
54
1
-57
56
-19
-32
36
21
-29
-6
59
-69
-15
86
-74
-1
102
-83
-21
81
-67
-21
47
24
-64
24
85
-138
35
95
-128
27
104
-72
-29
62
-21
-68
57
53
-98
54
82
-126
18
50
-67
5
46
37
-46
-8
66
-117
-2
109
-98
45
79
-1
-127
30
83
-225
160
146
-232
127
103
-278
81
121
-177
73
169
-80
-137
115
-11
-209
228
8
-127
179
-57
-93
-12
76
-72
-50
189
-18
-124
95
-8
-128
93
-6
-93
153
28
-139
85
30
-116
22
-18
54
22
-32
80
-70
44
-48
-145
164
28
-153
192
-28
-40
35
-137
87
-133
200
-21
-173
336
-188
-93
23
112
-105
-174
491
-290
-84
302
-233
-164
238
114
-419
328
152
-358
189
45
-161
-84
227
-14
-199
282
-101
-14
-84
70
38
-304
370
-45
-113
172
-74
-116
-34
169
-147
-101
357
-90
-124
137
-60
-262
179
91
-233
340
-48
-153
163
-166
-77
103
-155
241
24
-62
41
-11
-65
-224
311
-173
-53
319
0
-312
262
-76
-325
301
-29
-81
84
247
-282
-5
95
-104
-193
323
-89
-75
374
-452
242
-39
-147
-101
230
69
-205
300
-176
-74
117
-112
-149
156
237
-256
-59
535
-537
-77
279
-256
231
-58
24
71
-60
97
-267
-113
444
-336
122
200
-141
183
-417
172
-2
-97
140
-46
369
-242
-152
134
-273
113
152
-127
180
151
-184
-123
-26
44
-216
105
441
-189
-64
231
-480
86
63
-295
524
-58
-7
89
-177
23
-289
-34
385
-132
102
80
-137
256
-403
-90
123
-74
242
-164
226
187
-345
-76
-198
262
68
-424
429
331
-224
-155
-157
64
-13
-73
118
121
220
-152
-136
-135
82
9
-416
554
447
-548
-210
422
-184
-139
36
-189
349
280
-293
-63
186
-188
-265
-91
591
10
-213
42
33
93
-263
-41
-287
598
122
-564
536
1
-253
-242
34
8
-33
427
-43
-109
136
-255
-209
23
236
-3
-149
282
29
11
-158
-304
200
17
-257
372
27
164
189
-798
194
-80
181
84
-351
600
-73
-67
-305
121
-138
-89
332
-313
475
273
-451
-268
5
96
17
272
-223
82
198
-262
257
-206
-157
-13
-23
169
181
245
-39
-544
-10
-29
238
282
-415
-150
656
146
-557
-12
-113
31
-26
41
434
409
-603
-255
-351
457
445
-579
-4
316
257
-387
16
-126
-299
552
81
-702
431
828
-933
-337
436
-285
618
96
-693
-90
427
243
-627
206
362
-426
301
-228
-302
458
272
-342
-594
598
352
-347
35
-377
-23
541
151
-568
-23
360
-41
-230
196
-182
-20
507
-313
-394
411
113
-98
-56
-359
376
308
271
-756
-89
270
93
-55
-89
234
74
-2
-308
241
-608
392
-156
159
531
-61
-486
-16
431
-715
-24
23
671
545
-37
-944
-518
696
122
-177
-120
-101
1053
-111
-1026
-84
-434
1054
199
-610
-16
397
413
-888
-447
420
256
330
263
-807
-20
419
-307
-166
173
75
408
626
-969
-1068
689
152
152
1098
-1215
66
740
-1026
-293
352
258
240
-277
-153
787
717
-1017
-1547
222
664
992
403
-949
-83
662
-339
-636
-638
676
795
12
470
-1485
63
1337
-700
-113
-88
-557
327
1171
-573
-779
-111
684
910
-348
-883
-1093
1198
783
-188
-226
-1202
1238
1188
-1115
-824
-484
945
831
-436
-170
-151
-424
495
431
-1200
109
1662
-1269
408
793
-2277
-54
1386
109
996
-175
-2052
711
563
-619
-1031
1675
640
46
-67
-2910
1313
1207
-349
543
-939
309
-13
-676
1285
-541
-102
374
-1005
-32
418
1651
-704
-757
-497
-1185
1654
1362
-2009
118
1746
-780
-197
-1221
118
539
899
905
-1977
856
38
-691
715
-769
85
228
1051
-142
-1215
319
39
-145
-256
551
-571
270
833
-231
-414
-130
48
-1424
1118
999
-910
1447
-50
-1334
-258
-418
793
178
462
216
-303
243
-536
-908
115
264
808
544
-1277
421
-552
672
211
-1103
628
-236
681
-709
-150
819
29
-207
-359
-327
188
930
-548
648
-174
-1054
242
-826
933
1619
-408
-670
-582
-164
-530
210
693
31
783
44
-450
-355
-663
12
-9
232
681
70
329
184
-848
-584
51
158
45
76
444
479
-5
-817
-120
-23
-813
900
556
-179
497
-669
-408
291
-318
94
212
599
67
-373
-178
214
291
-1358
439
754
-36
559
-748
-244
16
541
-89
-1415
1213
-496
148
1350
-1696
765
396
-1199
125
76
135
-48
407
457
-1139
494
553
-516
-53
-788
54
1005
303
-202
-713
-304
584
97
510
61
-817
-346
16
-315
1344
499
-1450
639
233
-519
90
5
-523
-421
1084
147
-83
1127
-903
-1197
298
-165
408
410
220
289
-579
353
461
-1319
-388
718
-152
275
655
-527
323
512
-834
-1144
-152
1220
473
-99
-541
-319
1008
274
-669
-935
-95
1141
468
-627
89
31
223
159
-972
564
246
-206
632
-899
-560
1093
429
-676
-424
84
139
1038
-608
-1666
638
531
485
363
-716
-495
383
-5
-386
350
-278
322
-6
65
932
-365
-521
-38
-867
-595
1076
1072
670
-161
-885
-425
-715
-565
444
808
560
596
-187
-787
-447
-115
-263
-557
478
506
1563
607
-2093
-1103
574
787
-328
31
-10
-67
1326
-640
-799
767
-493
-308
-1
-144
-10
1149
201
-738
-111
-808
319
500
-79
196
-370
-774
62
1154
866
33
-1108
-869
175
-714
767
1253
665
822
-1181
-1578
-838
1174
926
-85
472
-763
1
890
-390
-69
-394
-667
-532
220
1273
416
735
-340
-1275
-797
-598
-58
560
1776
978
17
-1056
-2027
-483
1338
999
-56
26
-185
504
372
-781
-120
-270
-255
204
131
666
708
763
-966
-1602
-970
-395
1472
1701
503
-583
-835
-984
-459
-99
-187
217
983
1336
-380
-1101
-517
-875
-610
259
248
792
1049
-102
-451
-569
-979
-681
-150
580
1159
589
957
-469
-1388
-434
-812
-146
792
1340
393
431
-59
-1833
-459
-671
187
1276
685
625
-663
-606
-643
-165
-224
474
1040
-299
184
-623
-311
892
41
-946
-237
408
-145
919
438
-278
-674
-1298
-102
911
1727
461
-1089
-1085
-737
623
617
125
555
800
332
-705
-1430
-868
927
1557
718
-260
-427
-623
85
602
-502
-287
123
230
243
-213
-320
145
691
-87
-620
-633
-580
82
699
907
316
-540
-980
-264
31
362
542
-442
-368
-131
231
262
4
-24
-189
69
-343
-543
-737
126
1255
628
150
-841
-1086
-123
149
-42
480
742
-3
-313
-777
-578
1039
1165
-199
-231
-914
-607
602
33
442
1238
723
-604
-1142
-1444
-176
1634
799
321
204
-309
-23
-677
-883
157
484
1002
655
-394
36
-98
-580
-375
60
298
871
1062
-93
292
-5
-825
-219
-2
482
1004
1098
495
3
-20
-493
-841
-517
47
956
1884
1271
149
-1277
-1907
-1281
-210
1568
1605
1320
649
-963
-1838
-1792
-249
881
1873
1384
-57
-156
-892
-1257
-719
-48
430
1022
855
-193
-295
-429
-965
-992
-593
-191
458
825
448
21
-668
-1415
-1233
-431
223
883
656
210
5
-1077
-1178
-419
111
588
476
-532
-1223
-416
-190
-266
15
-601
-827
-722
-947
-762
-450
-526
-455
-268
-471
-751
-1200
-958
-367
-440
-402
-174
-321
-381
-165
-323
-174
-121
115
209
-76
-56
-345
380
425
157
1003
660
218
-217
-207
635
1069
859
394
1023
338
105
1416
466
839
1474
118
640
1130
947
1406
1397
848
947
1554
1040
833
1197
1202
1244
1147
936
1339
1776
1420
940
335
249
724
1087
1277
784
692
570
229
160
-38
520
772
617
223
-352
-521
-382
-239
-283
-154
-560
-791
-917
-1326
-1682
-1860
-1936
-2068
-1758
-1852
-2121
-2251
-2827
-3196
-3089
-3062
-2874
-2760
-2716
-2670
-2673
-2664
-2709
-2374
-2271
-2023
-1813
-1949
-1869
-1541
-990
-636
-679
-825
-661
-664
-259
-237
-572
-35
264
698
474
-96
-157
-128
562
613
450
968
1278
1100
448
414
748
1497
2393
1701
1394
1471
1606
1838
1453
1807
2388
2836
2823
2200
1725
2622
2991
2207
2073
2123
2920
3712
3776
2826
2432
2611
2256
2151
2336
3218
4013
4251
2958
1794
1775
1995
2355
2029
2179
2463
2887
2987
1928
1370
1188
713
450
243
320
1079
1140
133
-1429
-2854
-3273
-2958
-2354
-2005
-2168
-2843
-4079
-5409
-5978
-5443
-4259
-3399
-3245
-3631
-4494
-4782
-4352
-3728
-2745
-2025
-1793
-1717
-1582
-1354
-863
-485
-736
-1258
-1842
-2118
-1854
-989
-140
-93
-960
-2551
-3747
-3911
-3445
-2620
-2034
-2026
-2232
-2693
-3185
-3300
-3096
-2409
-1551
-1158
-1139
-1093
-700
-184
364
666
385
351
692
1361
2372
2774
2511
2255
1984
1701
1989
2363
2322
3396
3975
2951
2481
1439
1140
2447
3140
3419
3330
2995
2470
2177
1599
1425
2184
2398
2956
3083
2563
2319
2305
1863
1365
1861
2527
3507
4106
4324
3491
2253
2262
2097
2874
4182
4596
4611
4242
3259
2274
2007
1603
1529
1337
374
-222
-633
-711
-416
-827
-2380
-4129
-5652
-6535
-5750
-4308
-3277
-2995
-3946
-5583
-7022
-7309
-6178
-4147
-2198
-1333
-1412
-2241
-2884
-2697
-2101
-970
134
887
1221
954
576
216
10
-89
-473
-1357
-2149
-1906
-1058
-449
-820
-2364
-4318
-5716
-5843
-4923
-3380
-2169
-1902
-2623
-4163
-5245
-5195
-4000
-2105
-336
407
64
-321
-382
-50
560
1197
1449
1729
2487
3126
3650
3405
2601
2068
1807
2054
2742
3203
3028
2651
1788
1112
1131
1683
2678
2912
2274
943
201
508
1614
3045
3309
2862
1776
819
971
2048
3307
4019
4246
3750
3600
3703
3646
4079
4589
4727
5190
5768
5526
5250
4663
4060
4307
4793
4911
4187
2701
527
-829
-701
345
1171
641
-1005
-3554
-5751
-6919
-6929
-5868
-4450
-3562
-3978
-5078
-6754
-8047
-7899
-6486
-4194
-2240
-1197
-1220
-1722
-2143
-2169
-1259
-46
1205
2186
2743
2917
2441
1804
1087
622
647
932
1121
565
-686
-2308
-3571
-3925
-3498
-3166
-3671
-4618
-5932
-6963
-7073
-6605
-5851
-5199
-4734
-4564
-4781
-5081
-4960
-4141
-2760
-1146
-174
89
60
-98
180
903
1759
2506
3122
3338
3060
2739
2321
2083
2247
2443
2490
2506
2112
1486
936
628
1009
942
819
911
749
905
805
551
675
1312
1764
1864
2029
2082
2498
3013
3458
3914
4326
4815
5305
5530
5700
5923
6159
6575
6560
6323
6152
6168
6610
6931
6638
5298
3224
814
-487
294
2110
3291
2291
-520
-4079
-6812
-7673
-6943
-4994
-3208
-2807
-4229
-6497
-8450
-9259
-8139
-5979
-3648
-2063
-1741
-2163
-2696
-2733
-2292
-1030
748
2298
3300
3432
3070
2438
1925
1613
1478
1835
2292
2526
2082
501
-2113
-4591
-5412
-4468
-2762
-2058
-3355
-5942
-8421
-9567
-9115
-7669
-6175
-5325
-5260
-5853
-6739
-7183
-6517
-4792
-2594
-854
-297
-451
-550
-64
1005
2049
2938
3434
3704
4237
4601
4551
4110
3357
2693
2500
2709
3238
3681
3408
2524
698
-826
-622
363
1718
2362
1687
839
248
100
627
1638
2547
3244
3597
3566
3733
3981
4508
5374
6051
6988
7763
7893
7555
6765
6347
6693
7491
8335
8898
8706
7143
4479
1194
-693
340
3167
5254
4283
626
-3944
-7291
-8307
-7417
-5107
-3032
-2535
-4019
-6824
-9471
-10769
-9968
-7552
-4476
-2289
-1892
-2887
-4307
-4743
-4070
-2423
-55
2172
3615
3812
2897
1564
708
598
1311
2614
3630
3914
3107
1216
-1490
-4278
-5803
-5400
-3370
-1336
-1363
-3984
-7840
-10886
-11619
-10164
-8027
-6229
-5465
-5970
-7400
-9091
-9665
-8437
-5696
-2716
-1036
-805
-1239
-1398
-849
248
1553
2884
4180
5202
5618
5190
4234
3302
2932
3354
4034
4515
4462
3792
2815
1325
-117
-615
-109
1277
2369
2154
834
-683
-1140
-286
1192
2562
3414
3732
3627
3277
3206
3939
5344
6882
8279
9071
8859
7766
6447
6148
7208
8811
9979
10144
9226
7072
4023
953
-169
1757
4908
6175
3816
-895
-5295
-7424
-7231
-5673
-3659
-2534
-3113
-5440
-8271
-10025
-10095
-8370
-5751
-3385
-2335
-2928
-4231
-5043
-4617
-3286
-1362
916
2931
3923
3373
1901
634
589
1796
3502
4864
4954
3849
2081
255
-1250
-2289
-2516
-2177
-1818
-2235
-3762
-5816
-7649
-8725
-8988
-8607
-8123
-7841
-7878
-8380
-9001
-9438
-9121
-7895
-6167
-4522
-3682
-3492
-3387
-2841
-1619
58
1674
2788
3445
3751
3982
4113
4118
4188
4329
4653
4864
4725
4319
3655
2846
1975
1307
1026
1188
1589
1770
1534
741
-176
-708
-453
784
2276
3309
3615
3347
2976
3065
3750
4963
6818
8601
9391
8681
7006
6063
6701
8504
10126
10611
10109
8528
5785
2619
1246
3082
6364
7594
4802
-107
-3869
-5007
-4434
-3469
-2419
-1931
-2755
-5113
-7722
-8922
-8424
-6683
-4776
-3427
-3153
-3935
-4755
-4758
-3845
-2648
-1307
294
1914
2792
2296
1243
721
1323
2641
3773
4198
3759
2932
1962
912
-235
-1213
-1542
-1547
-1918
-3210
-4966
-6371
-7191
-7597
-7989
-8399
-8940
-9539
-10022
-10239
-10127
-9908
-9403
-8643
-7838
-7232
-6903
-6316
-5249
-3908
-2666
-1535
-443
564
1495
2251
2979
3556
3909
4097
4156
4294
4464
4646
4683
4363
3610
2682
2082
1785
1637
1551
1509
1527
1283
668
-45
-174
563
1561
2290
2634
2835
3085
3471
3938
4668
5963
7294
7891
7451
6678
6722
7752
9005
9547
9399
9004
7913
5739
3286
2841
5138
7682
7180
3206
-1193
-3148
-2653
-1693
-1298
-1176
-1568
-3037
-5504
-7359
-7277
-5682
-3858
-2988
-3196
-4070
-4846
-4707
-3555
-2148
-1242
-565
356
1244
1376
703
405
1244
2737
3656
3454
2712
2082
1795
1553
1131
533
-62
-613
-1385
-2510
-3771
-4760
-5343
-5758
-6250
-6855
-7463
-8120
-8804
-9245
-9290
-9074
-8803
-8403
-7902
-7409
-7116
-6900
-6337
-5198
-3847
-2671
-1762
-1029
-308
514
1453
2372
3064
3470
3673
3795
3895
3948
4004
4034
3878
3399
2832
2367
1983
1597
1254
1067
1019
848
485
199
351
864
1407
1736
1955
2272
2818
3523
4269
5141
6115
6826
6871
6443
6438
7524
9054
9793
9304
8445
7730
6677
4995
3982
5193
7575
7803
4312
-495
-2950
-2185
-579
-217
-943
-1802
-3232
-5515
-7624
-7654
-5547
-3137
-2485
-3684
-5354
-5996
-5181
-3348
-1609
-713
-333
215
888
1048
765
953
2419
4316
5085
4232
2960
2370
2572
2904
2850
2281
1351
144
-1141
-2185
-2895
-3431
-4036
-4933
-6174
-7387
-8098
-8294
-8423
-8858
-9505
-9949
-9927
-9591
-9120
-8563
-8003
-7609
-7262
-6679
-5679
-4428
-3236
-2269
-1405
-523
321
1069
1755
2413
3022
3480
3679
3642
3548
3524
3548
3502
3268
2808
2166
1465
939
760
823
828
523
57
-215
-35
454
970
1276
1533
1949
2599
3297
3973
4782
5668
6230
6157
6054
6679
8142
9119
8995
8200
7740
7034
5751
4550
5342
7612
8328
5234
475
-2067
-1109
746
941
-260
-1461
-2629
-4632
-6599
-6740
-4546
-2238
-1876
-3600
-5426
-5828
-4609
-2733
-1100
-311
-26
215
442
500
636
1595
3414
5024
5087
3849
2669
2643
3422
4084
4054
3334
2223
906
-297
-1121
-1391
-1498
-1972
-3348
-5221
-6660
-6985
-6699
-6814
-7661
-8573
-8998
-9211
-9428
-9494
-8796
-7762
-7166
-7328
-7518
-6999
-5721
-4326
-3172
-2323
-1730
-1181
-546
339
1358
2261
2770
2885
2731
2676
2965
3489
3867
3652
2987
2291
1752
1400
1201
1177
1279
1136
539
-124
-293
115
700
952
963
1206
1775
2380
2912
3530
4449
5101
5071
4844
5351
6831
8056
8220
7593
7387
6785
5418
4172
5071
7807
9013
5916
995
-1558
-391
1639
1630
294
-785
-1806
-3999
-6207
-6598
-4249
-1868
-1648
-3548
-5582
-6128
-4796
-2879
-1078
-211
-75
65
58
52
577
2149
4283
5570
4956
3777
3285
3745
4544
5053
5226
4903
3487
1480
257
168
855
606
-920
-3158
-5137
-6174
-6306
-6315
-6569
-7342
-8501
-9706
-10793
-11078
-10263
-9003
-8500
-8934
-9647
-9318
-8160
-6932
-5934
-4959
-3835
-2986
-2634
-2185
-1025
657
2048
2415
2073
1881
2311
3032
3571
3742
3739
3498
2854
1922
1272
1393
1838
1828
1116
244
-235
-101
165
440
595
652
717
1017
1490
2256
3109
3979
4491
4384
4124
4591
6008
7388
7893
7527
7381
7115
5694
4251
4638
7455
9552
7597
2758
-340
-19
1959
2333
1487
748
-19
-2435
-5078
-5823
-3705
-1119
-931
-2772
-4674
-5297
-4291
-2702
-1259
-284
-152
-90
-32
-82
317
1712
3719
5039
4677
3451
3058
3471
4182
4818
5269
5393
4300
2152
661
591
1460
1757
555
-1447
-3508
-4931
-5542
-5445
-5282
-5540
-6795
-8707
-10327
-10762
-9745
-8360
-8053
-8928
-10005
-10082
-9071
-7902
-6901
-6021
-5098
-4516
-4364
-4044
-2876
-981
583
1121
808
678
1245
2142
2785
3132
3371
3502
3116
2344
1808
2092
2714
2804
2116
1203
714
798
1158
1452
1578
1427
1317
1362
1622
2039
2769
3688
4259
3956
3293
3659
5131
6567
6661
6215
6180
6714
5728
4160
3818
6180
8468
7587
3663
799
786
2193
2579
1857
1526
1005
-929
-3730
-4636
-3140
-758
-553
-2209
-4084
-4869
-4354
-3018
-1663
-828
-927
-1333
-1183
-856
-334
555
2115
3537
3705
2682
2027
2523
3590
4556
4938
4965
4186
2600
1223
1027
1870
2545
1699
-359
-2592
-4018
-4354
-4319
-4472
-5009
-6068
-7649
-9379
-10374
-9865
-8573
-8118
-8972
-10202
-10528
-9701
-8743
-7807
-6907
-6072
-5598
-5440
-5020
-3661
-1934
-469
116
-28
-119
437
1538
2556
3017
2963
3007
2822
2420
2075
2294
3018
3268
2458
1432
986
1328
1869
1930
1882
1836
1864
1868
1994
2302
3085
3819
4085
3827
3325
3798
5225
6479
6581
5928
5473
5882
5315
4141
3912
5865
8043
7135
3062
8
648
2824
3589
1990
947
666
-380
-2884
-3787
-2327
354
266
-2082
-3974
-3981
-2904
-1957
-1324
-662
-330
-944
-1196
-842
134
1095
1967
2718
3079
2511
1835
2142
3174
4476
4802
4273
3173
1987
1363
1744
2357
2330
1275
-384
-1765
-2803
-3476
-3741
-3723
-4047
-5065
-6765
-8208
-8742
-8430
-7819
-7707
-8220
-8946
-9299
-9044
-8409
-7553
-6638
-5852
-5616
-5580
-5067
-3657
-2015
-1135
-1070
-1045
-552
310
1082
1695
2263
2530
2430
2010
1884
2157
2670
2978
2773
2342
1804
1558
1555
1824
2265
2601
2470
2038
1546
1871
2692
3522
3582
3168
2848
3257
4151
4746
4733
4695
4769
5193
4203
2623
2212
4117
6488
6072
2661
-7
399
2161
2330
1029
756
1384
786
-2107
-3488
-2231
531
766
-1357
-2903
-2668
-1794
-1559
-1587
-723
205
99
-579
-910
-224
743
1647
2059
2292
2241
1949
2138
2359
3265
3956
4170
3341
2093
1529
2108
2656
2417
1455
459
-370
-1509
-2488
-2779
-2270
-2693
-4083
-6080
-6917
-6909
-6753
-7026
-7296
-7511
-7831
-8537
-8963
-8495
-7219
-6063
-5824
-6284
-6409
-5430
-3881
-2622
-2111
-1953
-1557
-1130
-606
-23
928
1796
2014
1623
1310
1425
1831
2180
2365
2443
2354
1919
1439
1311
1594
2256
2628
2580
1977
1433
1754
2680
3371
3212
2546
2417
3258
4100
4299
3940
3923
4189
4195
2514
1499
2312
4972
6133
3795
91
-875
1008
2530
1744
337
719
1232
-208
-2845
-2758
-265
2059
697
-1851
-2566
-1225
35
-76
-176
654
1449
1066
379
319
1312
2317
2806
2822
2796
2663
2484
2663
3012
4010
4300
3939
2666
1841
1871
2681
2865
2368
1286
245
-681
-1529
-1746
-1388
-1395
-2694
-4514
-5753
-5614
-5195
-5304
-5999
-6583
-7034
-7416
-7778
-7652
-6783
-5891
-5658
-6238
-6699
-6072
-4610
-3288
-2733
-2823
-2848
-2571
-2049
-1317
-349
525
662
185
-266
5
718
1310
1511
1404
1271
1064
842
954
1233
1696
2007
2112
1883
1486
1388
1908
2638
2881
2490
2177
2619
3242
3426
3004
3093
3348
3548
1887
504
861
3377
4741
3014
-520
-1640
75
1535
761
-748
-246
779
-96
-2907
-3305
-923
1946
1238
-1389
-2553
-1087
708
1035
720
1160
2031
1916
1448
1486
2525
3503
3749
3437
3364
3511
3586
3634
3700
4448
4782
4329
2907
2046
2439
3678
3631
2283
804
357
508
-40
-1054
-1377
-1050
-1638
-3211
-4819
-4712
-3866
-3736
-4878
-5894
-6143
-5847
-6071
-6466
-6099
-5240
-4828
-5385
-6092
-5681
-4327
-3231
-2950
-3168
-3142
-2762
-2521
-2242
-1510
-663
-356
-859
-1395
-1259
-628
-103
184
235
138
-180
-508
-233
499
1218
1342
1067
903
1090
1271
1578
1951
2307
2405
2423
2521
2776
2882
2876
3047
3246
2817
1099
168
1157
3586
3721
1137
-1902
-1408
494
1015
-919
-1790
-515
552
-1218
-3661
-3258
-426
1529
172
-1787
-1992
-368
733
909
1155
2127
2743
2365
2043
2426
3617
4478
4744
4612
4551
4457
4393
4540
5097
5879
5714
4637
3163
2876
3780
4718
4135
2509
1061
700
922
700
72
-537
-1098
-1968
-2925
-3481
-3294
-3194
-3682
-4509
-5008
-4971
-4945
-5233
-5369
-4926
-4455
-4433
-4864
-4909
-4192
-3332
-2994
-3031
-2923
-2458
-2229
-2393
-2353
-1751
-1157
-1065
-1492
-1751
-1703
-1516
-1334
-1049
-874
-968
-1363
-1478
-1075
-391
-89
-71
-142
274
455
644
649
1103
1510
1998
2041
2157
2285
2445
2545
2607
2647
1780
576
270
1769
3171
2293
-678
-2381
-1134
409
-99
-2141
-2385
-1081
-647
-2656
-4067
-3024
-519
103
-1525
-2722
-1970
-258
384
403
817
1918
2298
2068
2062
2969
4232
4856
4844
4711
4890
5140
5265
5403
5788
6220
5926
4937
3816
3817
4741
5304
4245
1989
850
1312
2524
1809
78
-1579
-1342
-1309
-1715
-2839
-2888
-2692
-2921
-4021
-4698
-4304
-3652
-3537
-4208
-4279
-3958
-3460
-3514
-3335
-2728
-2076
-2107
-2521
-2281
-1578
-1027
-1395
-1744
-1567
-1007
-996
-1577
-1987
-1799
-1317
-1573
-2049
-2407
-1951
-1632
-1565
-1880
-1764
-1512
-1165
-957
-702
-327
-70
97
171
700
1181
1664
1728
2010
2055
2284
2346
2282
1391
449
708
2096
3027
1391
-1191
-2312
-704
103
-797
-2684
-2351
-1347
-1564
-3679
-4503
-3070
-1028
-1028
-2617
-3234
-2299
-904
-470
-220
531
1533
1758
1612
1964
3021
4279
4881
5104
5093
5241
5399
5742
6183
6778
6933
6358
5387
4752
5007
5638
5807
4817
3250
2130
2185
2547
2278
1058
-108
-701
-968
-1464
-1931
-2175
-2270
-2615
-3239
-3763
-3906
-3628
-3322
-3236
-3363
-3397
-3325
-3031
-2534
-1902
-1498
-1617
-1818
-1600
-1043
-746
-768
-868
-647
-574
-936
-1527
-1685
-1314
-1021
-1375
-2091
-2450
-2402
-2128
-2069
-2034
-2059
-2109
-2226
-2074
-1727
-1252
-889
-746
-603
-409
-176
183
714
1253
1424
1399
1315
1205
413
-57
530
2057
2376
513
-1917
-2160
-556
-5
-1217
-2658
-2212
-1623
-2320
-4064
-4107
-2631
-1301
-2065
-3475
-3571
-2355
-1158
-939
-788
-231
598
813
1124
1717
2782
3636
4047
4271
4497
4903
5261
5716
6050
6569
6462
5968
5269
5247
5544
5779
5430
4706
3855
3016
2534
2288
2390
1898
962
-415
-1076
-1205
-886
-1244
-1938
-2564
-2657
-2782
-3245
-3407
-2937
-2169
-2227
-2786
-3175
-2535
-1597
-868
-802
-980
-1018
-805
-523
-271
132
412
420
-94
-544
-693
-479
-393
-523
-827
-1069
-1459
-1978
-2190
-1877
-1383
-1420
-2103
-2686
-2492
-1843
-1316
-1224
-1319
-1284
-1167
-1034
-636
-61
481
526
372
265
255
-303
-427
276
1551
1386
-578
-2528
-2073
-454
-176
-1634
-2868
-2447
-2020
-2847
-4166
-3895
-2522
-1777
-2904
-4120
-3901
-2588
-1622
-1540
-1524
-1036
-377
-78
347
1107
2164
2908
3155
3352
3781
4444
4992
5409
5778
6287
6335
5966
5540
5695
6128
6313
5886
5373
4759
4215
3582
3351
3263
3025
2038
981
210
120
120
-307
-1086
-1551
-1580
-1800
-2372
-2746
-2216
-1575
-1631
-2323
-2613
-2057
-1211
-701
-675
-739
-761
-509
-263
60
370
595
539
232
15
22
93
-93
-275
-327
-339
-730
-1444
-1800
-1527
-1078
-1251
-1976
-2512
-2311
-1795
-1594
-1712
-1956
-1853
-1757
-1542
-1361
-994
-808
-767
-797
-701
-767
-1399
-1471
-743
364
-49
-1756
-3153
-2399
-1110
-1174
-2495
-3309
-2719
-2453
-3195
-4267
-3853
-2788
-2221
-3172
-3938
-3617
-2579
-1916
-1872
-1677
-1186
-563
-362
112
798
1757
2260
2429
2695
3328
4025
4388
4558
4824
5380
5599
5366
5072
5142
5570
5579
5234
4710
4437
4053
3777
3400
3157
2716
2038
1411
946
747
485
84
-542
-751
-856
-1005
-1505
-1729
-1408
-983
-1101
-1510
-1591
-1167
-565
-288
-204
-155
-59
147
341
550
830
1116
1148
952
696
752
857
731
541
483
484
225
-295
-601
-489
-364
-612
-1130
-1415
-1232
-1051
-1063
-1315
-1569
-1572
-1452
-1261
-1129
-1048
-1156
-1132
-1197
-1160
-1609
-1929
-1623
-797
-704
-1774
-3109
-3176
-2109
-1840
-2568
-3465
-3281
-3002
-3396
-4295
-4130
-3334
-2837
-3454
-4198
-3972
-3112
-2555
-2585
-2531
-2019
-1324
-1116
-949
-414
480
1190
1341
1440
1914
2622
3114
3334
3476
3977
4339
4333
4151
4305
4661
4771
4372
4138
4071
4066
3808
3445
3219
3029
2466
1897
1588
1487
1496
1087
479
38
58
128
-103
-554
-402
-13
-45
-452
-635
-136
416
539
492
645
747
879
922
1067
1414
1714
1744
1369
1072
1158
1411
1236
963
827
927
725
207
-172
-101
89
-72
-524
-920
-867
-670
-596
-916
-1124
-1143
-995
-918
-936
-975
-962
-932
-1106
-1446
-1948
-1787
-1256
-891
-1647
-2853
-3369
-2681
-2248
-2730
-3530
-3726
-3357
-3599
-4314
-4624
-3999
-3466
-3628
-4432
-4531
-3868
-3118
-2943
-3140
-2932
-2245
-1706
-1559
-1265
-664
172
522
540
762
1326
1927
2326
2385
2624
3022
3196
3125
3092
3405
3763
3565
3026
2949
3087
3393
3001
2551
2187
2150
1766
1586
1120
1146
1186
906
323
-31
220
532
322
-237
-26
247
528
351
412
738
1018
1063
1248
1476
1632
1898
1802
1859
1926
2169
2244
2096
1916
1989
1885
1494
1292
1239
1430
1158
712
393
408
314
142
-192
-296
-129
-131
-320
-616
-662
-509
-403
-525
-542
-466
-379
-601
-1173
-1574
-1361
-796
-628
-1407
-2473
-2744
-2296
-2166
-2714
-3294
-3263
-3129
-3639
-4337
-4434
-3841
-3508
-3896
-4499
-4473
-3998
-3495
-3316
-3247
-3021
-2726
-2467
-2111
-1564
-918
-485
-372
-264
171
726
1174
1373
1630
1976
2139
2059
1988
2360
2845
3055
2523
2084
1999
2547
2804
2506
1870
1597
1656
1489
1153
776
988
1001
859
205
-54
-11
420
472
258
16
114
532
677
784
875
1318
1521
1661
1679
1973
2230
2348
2435
2519
2708
2649
2586
2450
2524
2457
2355
2075
1876
1773
1590
1374
1085
1062
896
646
164
116
216
422
209
-85
-293
-232
-119
-70
-84
-81
-48
-367
-912
-1296
-894
-248
-304
-1388
-2392
-2434
-1864
-1804
-2504
-3074
-3112
-3108
-3667
-4323
-4281
-3609
-3388
-4030
-4811
-4758
-3984
-3421
-3493
-3685
-3504
-3014
-2662
-2493
-2195
-1595
-1059
-850
-838
-615
-15
421
688
774
1079
1176
1278
1242
1511
1561
1620
1685
1702
1534
1163
1213
1338
1440
866
686
471
583
262
101
-12
117
76
-104
-363
-510
-71
293
500
165
211
583
1152
1334
1504
1795
2121
2356
2320
2490
2698
3129
3321
3324
3017
2938
2999
3120
3094
2948
2825
2503
2136
1870
1920
1902
1699
1242
898
768
754
787
709
604
422
307
165
187
254
441
420
86
-456
-684
-389
71
-50
-808
-1468
-1530
-1292
-1427
-1903
-2213
-2216
-2388
-2896
-3366
-3358
-3087
-3052
-3392
-3742
-3818
-3617
-3386
-3242
-3162
-3059
-2951
-2818
-2640
-2297
-1885
-1594
-1441
-1276
-1011
-793
-561
-287
91
232
300
145
24
-17
593
1184
1137
164
-346
159
924
734
34
-198
102
226
-250
-691
-631
-77
157
-291
-1010
-943
-189
291
32
-247
127
594
656
618
1098
1717
1989
1854
1871
2209
2652
2939
2985
2970
3064
3189
3124
3086
3253
3491
3337
2842
2529
2620
2762
2582
2209
1913
1831
1760
1636
1390
1225
1156
1143
956
759
633
608
419
213
164
274
108
-314
-647
-669
-659
-914
-1292
-1551
-1634
-1756
-1968
-2228
-2363
-2432
-2496
-2637
-2758
-2765
-2686
-2651
-2665
-2585
-2435
-2317
-2298
-2199
-1959
-1689
-1573
-1538
-1434
-1202
-1044
-981
-930
-685
-423
-410
-979
-1414
-964
196
492
-535
-1704
-1408
-269
140
-551
-1139
-923
-508
-660
-1237
-1320
-685
-48
-403
-1343
-1584
-704
74
-138
-675
-561
-24
117
6
244
826
1147
1036
905
1107
1605
1982
2105
2057
2206
2375
2359
2251
2575
3116
3220
2680
2177
2317
2776
2952
2618
2262
2122
2172
2070
1922
1826
1901
1827
1502
1137
1035
1123
1094
901
657
530
328
118
-102
-151
-276
-504
-875
-1108
-1238
-1293
-1395
-1541
-1655
-1780
-1927
-2035
-1920
-1746
-1678
-1781
-1798
-1629
-1421
-1314
-1277
-1139
-949
-769
-726
-727
-689
-498
-310
-303
-443
-548
-410
-229
-248
-833
-1322
-1006
-8
153
-921
-2076
-1750
-597
-244
-941
-1549
-1334
-941
-1042
-1524
-1443
-740
-140
-599
-1511
-1523
-474
228
-124
-620
-338
188
139
-38
328
907
1016
659
515
835
1263
1398
1308
1271
1478
1570
1313
1167
1578
2204
2191
1521
1038
1354
1912
2098
1782
1510
1517
1593
1450
1331
1429
1680
1692
1306
879
717
837
1055
1097
808
368
22
-87
-68
-115
-220
-448
-788
-1053
-1183
-1228
-1302
-1270
-1223
-1245
-1556
-1742
-1568
-1097
-838
-920
-1090
-1033
-654
-371
-278
-229
-7
283
337
98
-73
271
724
1032
614
59
-40
180
487
424
247
-95
-25
-143
-69
-879
-1292
-481
575
228
-1714
-2496
-1396
217
-585
-1485
-1944
-1040
-813
-1387
-1959
-1500
-466
-82
-895
-2211
-1342
6
639
-358
-796
-145
486
80
57
834
1186
1004
146
270
802
1262
1125
779
518
767
710
99
157
602
1218
631
-275
-491
225
614
650
310
147
383
347
425
467
778
1081
1097
675
630
747
1009
1244
1188
1046
696
424
513
721
624
488
153
-114
-304
-449
-407
-417
-564
-688
-912
-1217
-1237
-1073
-829
-812
-1108
-1242
-1195
-1041
-837
-665
-632
-607
-740
-715
-540
-349
-103
-28
-143
-314
-341
-160
192
224
107
-25
-62
2
28
106
279
333
139
1
-18
271
476
494
443
450
494
579
645
817
1093
1154
1048
909
1026
1370
1549
1448
1322
1330
1371
1334
1202
1256
1345
1259
966
648
508
573
584
455
191
-129
-388
-591
-705
-671
-644
-879
-1289
-1658
-1673
-1588
-1604
-1754
-1804
-1852
-1998
-2203
-2234
-1959
-1681
-1605
-1776
-1896
-1769
-1415
-1133
-975
-880
-740
-589
-468
-293
6
303
476
477
455
548
741
921
1042
1087
1044
908
765
840
1045
1153
994
728
573
581
639
640
603
506
473
368
239
113
192
374
445
275
86
76
76
125
195
454
499
277
-19
55
375
598
574
341
375
512
633
152
-101
409
1307
1084
-173
-767
81
1129
751
-126
-429
167
351
-96
-654
-405
365
525
-348
-1310
-883
114
391
-465
-893
-626
-364
-655
-798
-461
-305
-512
-953
-980
-852
-589
-632
-776
-870
-745
-789
-1099
-1053
-589
-212
-647
-1124
-1053
-470
-261
-446
-633
-523
-265
-239
-339
-412
-121
156
177
-117
-157
90
336
366
347
443
449
409
433
695
864
862
738
750
878
963
948
891
974
1061
1023
764
632
741
920
831
529
337
333
334
183
70
54
44
-147
-380
-450
-343
-233
-309
-446
-508
-409
-339
-359
-369
-184
63
65
-148
-201
156
553
609
383
331
566
816
852
755
797
949
1061
919
730
736
965
1059
831
515
406
505
514
388
193
49
-94
-200
-268
-330
-404
-517
-625
-744
-816
-828
-803
-822
-876
-955
-1011
-1021
-984
-918
-935
-1019
-1102
-1086
-1039
-1050
-1121
-1155
-1130
-1122
-1179
-1241
-1203
-1121
-1103
-1152
-1152
-1035
-884
-811
-832
-784
-609
-388
-283
-263
-196
-16
156
225
255
345
495
596
607
560
568
658
778
815
712
592
574
685
755
710
597
587
675
721
640
562
645
797
841
714
632
726
906
957
861
792
855
977
987
922
899
979
1020
964
873
898
1017
1058
951
810
828
946
984
837
669
660
767
747
514
298
305
415
308
-32
-292
-260
-150
-316
-701
-931
-869
-794
-976
-1286
-1407
-1301
-1234
-1375
-1556
-1552
-1402
-1333
-1398
-1440
-1339
-1209
-1165
-1143
-1041
-914
-881
-885
-785
-595
-505
-569
-609
-463
-250
-211
-341
-384
-212
-26
-44
-194
-195
2
145
72
-69
-22
158
237
145
59
116
214
210
123
102
164
194
123
62
110
171
136
32
14
94
143
81
9
67
184
228
166
135
219
344
374
340
365
469
560
551
530
576
669
718
703
697
748
798
770
705
700
758
780
704
617
603
647
630
531
437
421
456
427
319
223
205
233
213
119
26
10
44
40
-37
-129
-151
-128
-130
-185
-254
-270
-253
-259
-321
-386
-386
-354
-357
-418
-471
-470
-446
-467
-521
-532
-478
-443
-489
-551
-530
-434
-382
-427
-472
-413
-296
-254
-319
-358
-266
-131
-104
-180
-212
-115
2
14
-63
-90
-25
40
19
-49
-65
-23
-2
-44
-93
-102
-82
-79
-93
-86
-73
-78
-99
-90
-47
-13
-25
-46
-17
49
91
88
88
124
168
173
156
164
191
208
198
178
165
155
132
122
135
139
106
46
19
32
31
-15
-68
-72
-43
-23
-56
-94
-93
-57
-36
-58
-68
-35
28
63
53
36
59
121
180
209
212
228
268
299
303
299
317
349
367
342
306
300
322
333
289
233
217
219
191
117
60
71
98
71
-9
-59
-30
2
-35
-127
-163
-99
-48
-90
-192
-226
-170
-123
-170
-251
-253
-184
-148
-205
-272
-267
-219
-205
-243
-280
-273
-257
-263
-276
-267
-253
-256
-261
-238
-199
-193
-224
-217
-145
-90
-129
-198
-182
-83
-29
-82
-129
-70
22
30
-50
-80
8
107
79
-26
-56
19
82
36
-37
-21
51
57
-14
-60
-7
60
28
-53
-80
-27
29
17
-18
-6
51
67
29
29
107
202
218
178
171
236
311
330
316
337
401
435
412
383
407
462
479
430
374
376
411
406
339
271
249
254
224
149
69
47
53
28
-41
-112
-119
-105
-121
-179
-233
-225
-185
-184
-245
-292
-276
-238
-238
-271
-285
-253
-224
-236
-265
-249
-212
-206
-228
-232
-201
-180
-219
-265
-233
-169
-161
-211
-237
-187
-122
-142
-222
-196
-79
-17
-93
-204
-173
-42
14
-75
-123
-47
50
30
-73
-76
50
142
74
-43
-34
73
124
55
-10
41
119
102
25
16
97
144
84
-2
-3
71
107
71
43
74
120
97
46
63
151
211
179
131
143
219
264
235
212
249
302
297
252
237
284
328
298
235
210
241
265
230
170
141
144
131
88
37
15
12
-3
-49
-97
-116
-114
-122
-148
-175
-187
-179
-175
-191
-205
-209
-204
-199
-209
-210
-191
-178
-187
-193
-184
-169
-151
-150
-151
-129
-105
-108
-120
-126
-115
-90
-83
-103
-108
-96
-82
-84
-95
-90
-62
-43
-68
-90
-86
-70
-52
-57
-75
-69
-54
-55
-56
-48
-34
-8
3
-7
-6
11
30
45
54
49
62
80
95
102
98
96
97
101
87
74
78
89
96
83
60
57
65
67
63
55
61
72
76
62
60
80
90
92
82
81
90
97
99
90
96
99
99
96
93
100
100
92
82
71
64
59
51
37
30
20
7
-13
-31
-41
-54
-60
-71
-83
-93
-95
-99
-107
-105
-107
-102
-96
-100
-96
-95
-94
-88
-81
-79
-67
-49
-47
-36
-25
-20
-16
-8
-7
-8
3
0
-5
-1
4
12
14
14
8
11
11
-1
-6
-15
-19
-18
-27
-43
-42
-37
-38
-40
-45
-41
-25
-16
-26
-24
-8
3
8
6
10
29
48
39
27
35
45
48
30
18
28
44
43
27
21
31
41
34
18
16
31
39
24
9
11
26
34
21
4
5
24
25
11
6
13
25
23
9
4
12
22
14
4
3
10
16
7
2
2
9
8
-5
-16
-18
-17
-17
-20
-25
-24
-17
-19
-23
-21
-19
-13
-12
-14
-7
-9
-11
-19
-19
-16
-13
-10
-10
-8
-8
-6
-9
-10
-16
-19
-21
-24
-25
-26
-24
-16
-13
-13
-13
-12
-14
-19
-20
-22
-16
-14
-16
-17
-12
-10
-12
-10
-8
1
6
7
6
10
17
15
13
11
20
25
24
18
19
21
26
21
10
10
14
17
12
7
9
16
14
4
1
6
11
12
2
-4
1
7
4
-3
-3
5
11
6
-1
0
6
6
-2
-7
-1
6
4
2
-3
1
4
2
0
0
7
7
2
1
2
3
3
3
-1
4
7
2
2
1
5
9
3
1
2
3
2
-1
-4
-6
-5
-6
-8
-8
-8
-7
-10
-11
-13
-15
-13
-11
-12
-15
-15
-14
-12
-11
-12
-10
-7
-7
-5
-4
-4
-1
-2
1
6
8
7
6
9
9
7
9
9
10
12
12
12
10
11
12
9
11
8
7
7
7
8
5
7
5
4
3
2
5
3
1
-1
-1
1
-2
-4
-3
0
5
6
4
1
1
0
1
-2
2
2
0
-1
-2
-1
-5
-1
-3
-5
-1
-4
-1
-3
0
5
2
