-9
-7
-7
-9
-9
-9
-8
-8
-9
-10
-8
-8
-9
-9
-9
-8
-8
-6
-6
-5
-7
-5
-6
-6
-5
-4
-3
-5
-4
-3
0
-1
-2
-1
1
2
2
0
1
1
2
3
3
4
5
5
5
8
7
7
8
8
8
10
10
11
10
11
13
12
12
13
11
12
13
13
14
14
14
15
14
14
15
14
15
15
15
15
15
16
16
15
16
17
17
18
19
15
16
17
17
15
15
14
14
16
14
14
14
13
12
11
11
11
8
7
4
6
4
4
4
2
0
-3
-3
-3
-5
-7
-7
-9
-11
-12
-13
-15
-17
-17
-18
-18
-21
-22
-23
-22
-24
-27
-27
-27
-27
-27
-30
-30
-30
-31
-30
-31
-30
-31
-31
-31
-30
-31
-30
-30
-30
-29
-28
-28
-27
-26
-23
-24
-24
-22
-21
-22
-21
-18
-18
-17
-17
-16
-16
-15
-13
-11
-11
-10
-11
-9
-9
-7
-8
-7
-7
-6
-5
-6
-6
-5
-4
-4
-5
-3
-1
-1
-1
0
1
2
4
5
7
9
10
13
13
17
20
24
26
31
36
41
44
48
54
57
62
67
70
73
73
72
74
79
86
90
92
92
91
89
87
87
88
87
85
82
79
80
82
82
81
75
70
66
63
61
61
61
57
52
44
36
28
21
15
9
3
-9
-20
-31
-38
-43
-51
-59
-68
-77
-87
-94
-102
-107
-112
-119
-124
-128
-128
-127
-128
-129
-131
-130
-128
-126
-119
-114
-109
-111
-118
-122
-120
-114
-108
-102
-96
-85
-77
-74
-71
-62
-54
-48
-47
-43
-35
-24
-13
-5
4
17
28
31
27
22
22
21
17
12
17
25
26
17
6
1
2
-1
-12
-22
-28
-28
-28
-29
-27
-19
-9
-4
0
7
22
39
54
71
92
117
144
167
185
204
222
237
252
261
266
266
264
262
261
254
244
234
224
212
193
170
146
124
103
82
64
51
39
30
12
-6
-25
-45
-63
-86
-102
-111
-117
-132
-155
-175
-190
-203
-222
-247
-265
-276
-290
-310
-329
-334
-332
-324
-320
-313
-298
-284
-274
-270
-259
-242
-217
-190
-170
-149
-134
-124
-126
-129
-129
-128
-126
-130
-133
-139
-147
-163
-177
-185
-190
-193
-195
-184
-164
-134
-99
-59
-10
42
96
151
197
241
283
328
376
421
466
515
568
621
659
670
665
654
646
638
628
626
638
650
635
591
533
485
446
402
358
320
297
272
222
151
77
15
-46
-117
-183
-229
-253
-277
-316
-361
-398
-428
-470
-522
-567
-588
-589
-580
-564
-540
-517
-508
-519
-532
-535
-525
-508
-487
-450
-397
-346
-311
-294
-287
-290
-314
-345
-354
-321
-257
-208
-188
-195
-224
-271
-317
-339
-326
-300
-287
-295
-293
-257
-187
-121
-86
-84
-95
-89
-57
3
98
229
386
540
658
726
754
759
758
766
822
964
1180
1398
1526
1536
1448
1332
1241
1214
1247
1339
1430
1453
1353
1182
1018
928
875
809
716
610
507
395
295
229
212
180
62
-159
-391
-559
-608
-601
-585
-625
-730
-919
-1147
-1360
-1517
-1637
-1769
-1933
-2087
-2156
-2138
-2078
-2062
-2120
-2280
-2486
-2672
-2737
-2628
-2366
-2060
-1816
-1681
-1628
-1604
-1563
-1489
-1395
-1299
-1218
-1112
-908
-550
-82
355
619
705
707
709
724
758
872
1118
1487
1896
2220
2428
2505
2414
2165
1869
1700
1829
2234
2783
3243
3478
3445
3235
3000
2820
2773
2852
3020
3137
3128
3031
2994
3053
3124
3091
2908
2563
1922
976
-78
-678
-656
-225
4
-186
-760
-1381
-1982
-2391
-2613
-2610
-2684
-2960
-3357
-3492
-3180
-2600
-2031
-1682
-1499
-1586
-1784
-2024
-1920
-1568
-989
-675
-562
-818
-1042
-1263
-1180
-1150
-1208
-1754
-2514
-3417
-3982
-4238
-4098
-3952
-3909
-4175
-4492
-4743
-4766
-4735
-4717
-4775
-4775
-4612
-4113
-3217
-1980
-665
482
1354
1985
2456
2850
3307
3909
4643
5303
5879
6400
7005
7501
7733
7501
6992
6253
5572
5036
4947
5096
5305
5170
4895
4596
4507
4345
4084
3632
3193
2729
2350
2124
2088
1916
1211
27
-1084
-1489
-1342
-1115
-1383
-1986
-2785
-3434
-3963
-4091
-3992
-3831
-4133
-4678
-5100
-4850
-4180
-3430
-2988
-2764
-2715
-2673
-2512
-1962
-1034
-88
462
531
511
701
1157
1531
1647
1276
576
-373
-1136
-1682
-1984
-2516
-3293
-4390
-5361
-6137
-6482
-6669
-6768
-7123
-7562
-7957
-7942
-7607
-7006
-6391
-5724
-5043
-4137
-2938
-1396
290
1807
3034
3995
4936
5888
6891
7792
8607
9142
9543
9734
10010
10230
10419
10252
9795
9027
8250
7505
6895
6293
5717
5142
4663
4263
3888
3523
3110
2681
2170
1746
1302
778
-245
-1618
-3059
-3838
-3838
-3420
-3180
-3390
-3853
-4298
-4591
-4577
-4313
-4090
-4223
-4864
-5371
-5378
-4580
-3635
-2878
-2594
-2401
-2227
-1723
-1048
-131
588
1051
1034
922
880
1261
1786
2222
2171
1700
870
4
-741
-1297
-1938
-2944
-4316
-5848
-7126
-7983
-8394
-8555
-8704
-9042
-9453
-9705
-9493
-8978
-8289
-7785
-7303
-6819
-5828
-4322
-2254
-132
1738
3199
4519
5834
7288
8624
9798
10566
11029
11287
11626
12133
12682
12940
12800
12283
11625
10887
10174
9347
8417
7301
6166
5173
4457
3903
3449
2914
2338
1695
1177
674
32
-1152
-2775
-4477
-5615
-5892
-5757
-5506
-5525
-5574
-5609
-5564
-5300
-4766
-4350
-4263
-4864
-5323
-5402
-4675
-3756
-2938
-2467
-1958
-1425
-655
170
1112
1828
2215
2125
1876
1689
1787
2067
2164
1972
1417
768
-41
-819
-1717
-2610
-3903
-5280
-6888
-8189
-9395
-10259
-10943
-11295
-11559
-11615
-11613
-11161
-10557
-9654
-8904
-8103
-7310
-6176
-4725
-2900
-859
1198
3178
5019
6813
8548
10212
11636
12744
13444
13894
14191
14574
14839
14955
14734
14347
13809
13179
12459
11577
10519
9260
7877
6545
5344
4271
3338
2487
1733
1010
431
-40
-569
-1570
-3119
-4856
-6196
-6742
-6907
-6975
-7172
-7259
-7128
-6828
-6338
-5530
-4773
-4258
-4490
-4821
-4882
-4267
-3400
-2744
-2485
-2183
-1656
-838
73
980
1774
2274
2365
2184
2030
2029
2138
1887
1285
407
-336
-1063
-1838
-2867
-3940
-5207
-6352
-7569
-8566
-9639
-10695
-11770
-12574
-13093
-13136
-12996
-12470
-11893
-10944
-9935
-8621
-7227
-5552
-3943
-2296
-729
1105
3076
5193
7112
8920
10533
12086
13427
14590
15478
16095
16454
16470
16290
15897
15533
14984
14357
13422
12458
11256
10151
8841
7657
6286
4990
3590
2413
1364
502
-263
-861
-1267
-1873
-2825
-4334
-5631
-6537
-6684
-6910
-7100
-7600
-7645
-7578
-6995
-6318
-5234
-4376
-3866
-3978
-4018
-3650
-2806
-2135
-2003
-2151
-2139
-1631
-932
-58
608
1294
1565
1761
1692
1921
2014
2030
1296
314
-855
-1515
-2071
-2564
-3645
-4957
-6374
-7306
-7995
-8577
-9337
-10167
-11089
-12027
-12727
-12877
-12364
-11755
-11314
-11076
-10252
-8694
-6535
-4582
-2895
-1421
368
2249
4294
6179
8015
9500
10724
11690
12819
14006
15145
15774
15944
15783
15667
15614
15506
15056
14205
13010
11654
10367
9148
8024
6774
5440
3966
2723
1742
1150
521
-144
-858
-1203
-1269
-1458
-2308
-3702
-4937
-5577
-5626
-5822
-6125
-6578
-6576
-6498
-6041
-5465
-4354
-3565
-3211
-3638
-3776
-3464
-2739
-2526
-2790
-3138
-3072
-2670
-2257
-1738
-1142
-381
-2
253
332
745
1008
1082
541
-187
-1062
-1650
-2159
-2643
-3467
-4632
-5830
-6760
-7245
-7630
-8096
-8815
-9561
-10357
-10877
-11077
-10756
-10359
-10138
-10020
-9408
-7919
-5838
-3804
-2134
-587
1054
2898
4684
6464
8002
9232
9969
10598
11420
12587
13619
14234
14357
14350
14383
14483
14458
14156
13441
12341
11062
9865
8845
7777
6500
5048
3739
2714
2039
1519
1072
536
-25
-470
-586
-520
-751
-1726
-3210
-4441
-4977
-5038
-5335
-5868
-6413
-6503
-6375
-5934
-5268
-4248
-3662
-3670
-4180
-4141
-3581
-2952
-3114
-3701
-4212
-4141
-3833
-3378
-2833
-2156
-1560
-1222
-884
-321
509
1088
1163
579
-139
-799
-1067
-1406
-1916
-2854
-3777
-4679
-5274
-5836
-6116
-6437
-6841
-7690
-8588
-9206
-9207
-9045
-8950
-9021
-8748
-7985
-6763
-5306
-3663
-1927
-306
1115
2549
4245
6043
7618
8650
9407
10112
10952
11687
12266
12631
12909
13043
13137
13170
13212
13090
12675
11855
10858
9844
8891
7792
6455
4967
3640
2637
1867
1232
714
406
186
25
-127
-53
-17
-356
-1484
-2800
-3784
-4089
-4519
-5318
-6394
-6912
-6952
-6708
-6500
-5928
-5213
-4804
-5014
-5187
-4699
-3895
-3670
-4387
-5214
-5577
-5375
-5232
-4954
-4597
-4008
-3649
-3093
-2219
-849
257
901
915
757
513
431
400
160
-597
-1718
-2596
-3071
-3352
-3853
-4345
-4763
-5126
-5793
-6401
-6707
-6627
-6785
-7197
-7464
-7030
-6142
-5238
-4450
-3457
-2158
-816
440
1754
3341
4921
6281
7360
8450
9479
10340
10853
11229
11517
11810
12004
12192
12277
12306
12189
12049
11762
11292
10594
9848
8970
7907
6572
5248
4102
3178
2291
1521
949
608
298
30
-77
22
-137
-964
-2395
-3685
-4440
-4936
-5853
-7115
-8202
-8714
-8936
-9008
-8771
-8047
-7409
-7349
-7571
-7174
-6116
-5270
-5347
-5933
-6206
-5983
-5624
-5294
-4786
-4154
-3591
-3080
-2164
-794
671
1694
2308
2642
2869
3038
3308
3442
3037
1965
794
78
-359
-1090
-2211
-3229
-3939
-4572
-5405
-6075
-6374
-6514
-7002
-7573
-7666
-7012
-6230
-5773
-5515
-4815
-3608
-2237
-1010
265
1769
3366
4815
6193
7652
9048
10077
10680
11190
11798
12411
12782
12916
12874
12776
12648
12556
12325
11803
10934
9983
9078
8146
6923
5464
3988
2708
1596
603
-242
-871
-1360
-1851
-2302
-2497
-2464
-2607
-3336
-4456
-5359
-5735
-6027
-6713
-7683
-8378
-8639
-8786
-8926
-8695
-7974
-7304
-7180
-7211
-6642
-5492
-4604
-4481
-4627
-4415
-3896
-3515
-3268
-2856
-2246
-1759
-1398
-803
209
1326
2233
2910
3500
3995
4417
4795
4958
4571
3610
2546
1763
999
-201
-1700
-2933
-3771
-4623
-5657
-6412
-6587
-6603
-7025
-7587
-7597
-6951
-6359
-6192
-6024
-5260
-4093
-3049
-2180
-1031
506
2061
3338
4578
6072
7652
8904
9769
10517
11315
12006
12410
12552
12569
12524
12381
12060
11508
10772
9961
9161
8287
7261
6133
4995
3781
2429
1039
-106
-942
-1708
-2613
-3457
-3981
-4138
-4135
-4094
-4076
-4215
-4657
-5200
-5460
-5433
-5583
-6153
-6889
-7352
-7530
-7579
-7464
-7022
-6448
-6125
-5993
-5465
-4329
-3127
-2520
-2426
-2281
-1845
-1375
-1027
-710
-354
-122
18
364
1129
2096
2908
3464
3869
4179
4456
4773
4998
4714
3738
2466
1451
616
-513
-2017
-3453
-4571
-5623
-6768
-7607
-7853
-7854
-8164
-8614
-8590
-7936
-7210
-6774
-6348
-5522
-4413
-3299
-2187
-847
640
2047
3326
4751
6313
7781
8923
9834
10658
11368
11896
12222
12353
12242
11877
11454
11076
10630
9882
8885
7856
6897
5876
4715
3573
2482
1294
-93
-1427
-2377
-2998
-3597
-4314
-4853
-4960
-4730
-4432
-4101
-3634
-3180
-3077
-3318
-3497
-3326
-3166
-3483
-4274
-4960
-5235
-5268
-5353
-5329
-5017
-4527
-4196
-3839
-3100
-1980
-1130
-916
-1064
-1016
-726
-524
-567
-733
-836
-867
-767
-385
254
960
1498
1870
2118
2363
2700
3033
3062
2478
1514
647
115
-401
-1222
-2215
-3101
-3801
-4498
-5026
-5153
-4958
-4953
-5298
-5533
-5240
-4599
-4076
-3818
-3503
-3004
-2308
-1563
-580
528
1575
2321
3096
4161
5389
6345
6932
7379
7848
8201
8362
8379
8378
8192
7785
7259
6890
6629
6201
5530
4727
4030
3273
2435
1515
653
-243
-1245
-2225
-3029
-3567
-3967
-4259
-4328
-4154
-3752
-3289
-2701
-1975
-1152
-427
-156
-224
-478
-467
-468
-672
-1261
-1926
-2399
-2665
-2797
-2788
-2547
-2173
-1998
-1909
-1662
-942
-279
-88
-424
-816
-910
-1019
-1199
-1621
-1901
-2153
-2275
-2246
-1966
-1460
-1012
-593
-195
216
642
1043
1539
1684
1480
1006
764
699
393
-177
-849
-1163
-1495
-1898
-2344
-2443
-2271
-2324
-2584
-2776
-2537
-2209
-2119
-2100
-2018
-1670
-1357
-957
-518
25
578
1043
1625
2220
2933
3457
3916
4273
4595
4931
5168
5319
5186
4949
4772
4649
4487
4065
3688
3283
2929
2422
1890
1440
951
384
-368
-929
-1370
-1705
-2178
-2626
-2820
-2751
-2475
-2176
-1764
-1239
-637
127
870
1611
1864
1869
1648
1612
1527
1248
691
3
-635
-1180
-1548
-1689
-1684
-1718
-1979
-2127
-2031
-1557
-1255
-1250
-1533
-1838
-1979
-2141
-2178
-2378
-2548
-2851
-2972
-2853
-2508
-2037
-1618
-1076
-576
-54
518
1273
2079
2400
2372
2169
2350
2441
2181
1613
1072
786
287
-290
-890
-1086
-1303
-1809
-2413
-2858
-2886
-3060
-3360
-3694
-3826
-3699
-3591
-3313
-3081
-2691
-2293
-1787
-1183
-634
-18
551
1201
1703
2167
2632
3156
3590
3693
3732
3847
4137
4263
4157
4026
3992
4029
3818
3534
3221
2960
2538
1942
1398
1056
783
384
-122
-454
-448
-314
-192
-34
267
778
1258
1765
2256
2802
2997
2851
2419
2053
1916
1488
848
-123
-1003
-1608
-2153
-2448
-2781
-2922
-3166
-3329
-3374
-3110
-2688
-2492
-2542
-2879
-2974
-3019
-2801
-2806
-2850
-2899
-2904
-2571
-2193
-1522
-854
-149
486
1108
1877
2697
3494
3935
4086
4005
3966
3876
3651
3166
2429
1695
905
156
-620
-1390
-2113
-2891
-3688
-4401
-4934
-5295
-5658
-6127
-6548
-6755
-6671
-6439
-6172
-5866
-5473
-4887
-4145
-3346
-2467
-1658
-798
56
897
1800
2652
3521
4254
4839
5308
5739
6184
6532
6690
6691
6639
6608
6501
6207
5798
5253
4685
4073
3408
2830
2229
1632
1052
506
158
-43
-157
-197
-118
42
317
595
1046
1566
2068
2186
1993
1663
1357
1244
712
118
-820
-1720
-2417
-3197
-3493
-3857
-3946
-4252
-4476
-4465
-4062
-3417
-3089
-2892
-3081
-2901
-2793
-2409
-2265
-2194
-2120
-2164
-1792
-1490
-775
-138
513
1137
1659
2419
3123
3898
4266
4329
4123
3908
3726
3338
2744
1822
991
106
-737
-1580
-2501
-3178
-3993
-4707
-5479
-6031
-6304
-6627
-6939
-7343
-7422
-7252
-6919
-6532
-6149
-5496
-4713
-3748
-2863
-1891
-908
144
1131
1973
2953
3819
4766
5417
6028
6609
7147
7669
7884
8013
8007
8019
7963
7710
7309
6710
6037
5292
4553
3750
2956
2084
1236
520
-134
-545
-932
-1183
-1392
-1478
-1371
-1138
-795
-477
-177
107
339
547
580
462
262
-128
-418
-920
-1402
-1912
-2533
-2918
-3399
-3557
-3699
-3687
-3639
-3548
-3361
-3070
-2631
-2348
-2012
-2014
-1773
-1750
-1508
-1429
-1381
-1265
-1306
-1060
-944
-488
-80
418
821
1191
1645
2082
2550
2711
2797
2605
2466
2215
1841
1428
750
170
-548
-1174
-1731
-2323
-2859
-3443
-3954
-4313
-4609
-4830
-5002
-5211
-5224
-5181
-4852
-4486
-4027
-3507
-2938
-2155
-1305
-365
446
1242
1895
2764
3421
4210
4719
5154
5534
5763
6185
6375
6611
6610
6483
6373
6135
6021
5685
5250
4609
3901
3217
2553
1900
1097
265
-669
-1396
-1997
-2412
-2737
-3113
-3344
-3505
-3348
-3003
-2528
-1964
-1528
-986
-464
191
888
1427
1826
1812
1809
1567
1521
1282
891
374
-424
-895
-1498
-1675
-1979
-2147
-2324
-2571
-2500
-2506
-2137
-2063
-1916
-2169
-2269
-2413
-2425
-2381
-2627
-2688
-3016
-2862
-2757
-2338
-1871
-1422
-824
-346
386
1078
1878
2453
2830
2991
3063
3198
3157
3077
2610
2164
1631
1199
870
399
26
-512
-961
-1352
-1726
-1943
-2258
-2580
-2939
-3267
-3350
-3367
-3260
-3209
-3114
-2855
-2423
-1800
-1205
-611
-168
454
907
1589
1993
2416
2638
2728
2908
2960
3202
3216
3196
3085
2960
2988
2990
2981
2836
2589
2319
2050
1758
1418
960
395
-205
-811
-1309
-1740
-2091
-2394
-2660
-2748
-2657
-2362
-1890
-1415
-817
-186
496
1253
1855
2505
2880
3231
3276
3211
3014
2652
2333
1696
1182
416
-127
-714
-1194
-1521
-1944
-2049
-2377
-2351
-2503
-2395
-2394
-2399
-2420
-2608
-2542
-2700
-2534
-2657
-2533
-2512
-2325
-1974
-1636
-1002
-524
194
752
1442
2109
2748
3371
3732
4077
4155
4306
4268
4198
3993
3619
3280
2771
2423
1964
1602
1163
637
128
-474
-888
-1354
-1770
-2328
-2922
-3445
-3902
-4166
-4447
-4642
-4855
-4955
-4888
-4703
-4312
-3989
-3524
-3210
-2725
-2238
-1639
-1060
-627
-204
76
502
823
1221
1456
1664
1794
1924
2089
2193
2303
2245
2163
1956
1769
1538
1259
894
419
-38
-491
-846
-1198
-1479
-1708
-1797
-1748
-1548
-1211
-797
-241
343
1069
1762
2540
3198
3815
4278
4649
4945
5042
5055
4740
4449
3939
3554
2964
2409
1762
1110
611
77
-187
-636
-812
-1207
-1338
-1578
-1643
-1736
-1914
-2037
-2361
-2411
-2640
-2558
-2708
-2624
-2632
-2438
-2108
-1695
-1073
-530
224
839
1652
2339
3098
3710
4197
4532
4689
4780
4680
4505
4138
3684
3116
2497
1862
1192
550
-95
-709
-1359
-2001
-2626
-3201
-3740
-4281
-4835
-5398
-5893
-6335
-6642
-6907
-7044
-7164
-7108
-6970
-6637
-6215
-5693
-5134
-4608
-3975
-3387
-2685
-2152
-1581
-1192
-753
-382
1
349
594
878
1066
1381
1614
1939
2158
2376
2511
2620
2752
2810
2834
2692
2533
2318
2156
2008
1836
1660
1446
1342
1308
1441
1635
1884
2155
2431
2830
3261
3791
4213
4579
4784
4953
5090
5149
5129
4880
4521
3976
3450
2885
2353
1776
1140
529
-94
-519
-893
-1107
-1349
-1561
-1752
-1898
-1899
-1918
-1851
-1940
-1981
-2124
-2146
-2137
-2053
-1913
-1821
-1596
-1425
-1005
-622
-70
374
837
1230
1557
1910
2091
2268
2154
2012
1630
1259
807
330
-143
-706
-1196
-1723
-2072
-2406
-2627
-2827
-3013
-3141
-3303
-3403
-3579
-3755
-3996
-4264
-4515
-4817
-5031
-5307
-5461
-5621
-5629
-5545
-5382
-5076
-4766
-4253
-3751
-3052
-2417
-1721
-1093
-458
184
756
1363
1812
2295
2631
3021
3309
3613
3872
4061
4224
4290
4403
4435
4467
4361
4207
3969
3693
3400
3050
2679
2235
1832
1414
1081
792
582
426
320
321
411
659
972
1370
1749
2198
2656
3181
3693
4164
4555
4838
5092
5230
5354
5289
5178
4833
4427
3908
3369
2801
2118
1447
604
-106
-889
-1478
-2116
-2677
-3250
-3810
-4226
-4657
-4863
-5171
-5307
-5569
-5679
-5760
-5703
-5518
-5338
-4990
-4709
-4177
-3657
-2919
-2229
-1483
-775
-113
591
1167
1773
2149
2459
2537
2540
2434
2258
2025
1663
1283
829
447
73
-238
-547
-833
-1078
-1309
-1499
-1706
-1920
-2165
-2436
-2700
-2969
-3211
-3458
-3683
-3878
-4015
-4042
-4000
-3847
-3653
-3360
-2997
-2521
-1990
-1452
-914
-445
66
517
977
1347
1679
1912
2098
2265
2395
2546
2605
2665
2638
2654
2643
2650
2608
2497
2349
2139
1973
1740
1538
1250
964
662
395
192
13
-82
-185
-191
-171
-25
188
463
780
1082
1442
1771
2175
2507
2848
3104
3307
3473
3545
3635
3577
3532
3306
3083
2729
2364
1966
1505
1077
496
29
-562
-969
-1455
-1827
-2225
-2586
-2846
-3122
-3185
-3333
-3262
-3330
-3224
-3187
-3004
-2772
-2511
-2149
-1882
-1420
-1071
-503
-67
492
946
1421
1888
2273
2711
2966
3265
3326
3416
3324
3237
3045
2770
2442
1992
1580
1078
654
161
-272
-737
-1169
-1568
-1954
-2288
-2633
-2934
-3252
-3527
-3785
-4009
-4212
-4420
-4619
-4781
-4892
-4949
-4962
-4923
-4858
-4718
-4520
-4251
-3920
-3568
-3180
-2811
-2391
-1982
-1528
-1107
-715
-372
-79
221
478
752
939
1129
1245
1367
1470
1568
1666
1705
1750
1731
1754
1737
1747
1719
1693
1651
1601
1594
1591
1649
1711
1834
1974
2164
2393
2661
2970
3299
3644
3989
4321
4642
4929
5204
5419
5600
5719
5781
5798
5735
5664
5485
5312
5005
4701
4294
3886
3435
2949
2467
1872
1340
678
149
-488
-992
-1554
-2049
-2504
-2938
-3214
-3522
-3622
-3823
-3807
-3875
-3738
-3623
-3415
-3166
-2971
-2653
-2464
-2100
-1910
-1572
-1403
-1169
-1023
-884
-725
-673
-547
-615
-603
-766
-843
-1049
-1234
-1477
-1793
-2073
-2430
-2689
-3015
-3236
-3518
-3727
-3916
-4046
-4095
-4128
-4088
-4103
-4074
-4068
-4008
-3947
-3888
-3843
-3846
-3814
-3790
-3676
-3545
-3361
-3156
-2914
-2602
-2233
-1790
-1346
-865
-440
-3
400
806
1160
1465
1709
1890
2058
2197
2352
2458
2575
2672
2804
2943
3111
3284
3442
3591
3720
3860
3971
4069
4106
4117
4101
4094
4088
4080
4077
4045
4033
4039
4101
4183
4276
4354
4400
4472
4516
4594
4605
4599
4528
4414
4284
4110
3963
3710
3468
3113
2794
2414
2059
1677
1240
792
226
-273
-868
-1341
-1920
-2423
-2998
-3526
-3978
-4400
-4657
-4971
-5120
-5351
-5379
-5428
-5307
-5171
-5020
-4824
-4685
-4409
-4211
-3870
-3660
-3380
-3203
-2976
-2740
-2501
-2203
-1993
-1729
-1579
-1340
-1155
-905
-722
-573
-474
-433
-354
-325
-267
-303
-345
-455
-544
-597
-622
-638
-680
-728
-783
-791
-766
-707
-663
-666
-697
-713
-702
-662
-639
-632
-682
-709
-702
-660
-569
-491
-418
-372
-248
-90
110
323
524
709
889
1129
1382
1667
1894
2118
2302
2521
2777
3014
3235
3385
3550
3668
3820
3936
4028
4056
4021
3956
3843
3749
3562
3347
3041
2709
2358
2018
1682
1299
936
542
217
-89
-324
-550
-744
-912
-1052
-1109
-1149
-1129
-1125
-1093
-1053
-965
-840
-703
-541
-403
-240
-78
122
317
522
689
824
946
1037
1104
1119
1081
962
811
612
374
97
-223
-567
-951
-1320
-1671
-2018
-2340
-2643
-2924
-3172
-3376
-3530
-3642
-3732
-3788
-3804
-3781
-3709
-3601
-3455
-3293
-3098
-2855
-2579
-2254
-1902
-1546
-1176
-788
-375
25
418
801
1124
1418
1684
1916
2098
2223
2288
2295
2266
2208
2116
1991
1837
1644
1440
1228
1018
795
566
326
79
-163
-386
-607
-827
-1034
-1232
-1399
-1540
-1631
-1690
-1697
-1664
-1588
-1456
-1281
-1049
-792
-490
-186
137
459
783
1086
1359
1608
1816
1989
2117
2222
2276
2299
2290
2236
2142
2030
1895
1734
1568
1373
1160
927
684
430
181
-57
-305
-536
-736
-905
-1036
-1120
-1162
-1175
-1146
-1068
-944
-777
-576
-369
-150
70
293
526
738
915
1060
1180
1258
1335
1399
1421
1411
1380
1334
1259
1191
1102
973
817
637
436
214
-17
-283
-578
-905
-1230
-1559
-1869
-2156
-2431
-2668
-2859
-2991
-3058
-3054
-2989
-2869
-2702
-2483
-2215
-1909
-1573
-1244
-923
-603
-297
-17
243
482
687
870
1019
1152
1269
1367
1450
1512
1573
1618
1659
1686
1695
1683
1656
1608
1543
1460
1341
1222
1087
933
767
595
418
240
67
-99
-235
-365
-479
-568
-641
-691
-719
-710
-686
-652
-596
-532
-447
-363
-270
-183
-105
-32
31
87
132
176
210
245
271
298
324
355
389
417
446
468
491
499
491
470
429
352
254
138
0
-148
-318
-485
-655
-816
-958
-1081
-1179
-1256
-1307
-1329
-1313
-1269
-1199
-1110
-1005
-889
-769
-648
-527
-403
-289
-174
-65
42
154
268
389
510
632
762
887
1012
1134
1245
1350
1444
1518
1566
1586
1574
1523
1444
1329
1179
1006
812
588
345
93
-159
-413
-663
-896
-1112
-1301
-1465
-1597
-1696
-1760
-1785
-1776
-1730
-1653
-1538
-1399
-1242
-1066
-873
-668
-448
-214
20
260
504
749
988
1227
1462
1679
1881
2062
2216
2340
2429
2475
2474
2415
2303
2145
1932
1673
1378
1046
693
320
-55
-421
-771
-1093
-1388
-1640
-1849
-2011
-2129
-2204
-2238
-2231
-2187
-2119
-2025
-1911
-1780
-1638
-1485
-1322
-1158
-990
-825
-649
-466
-289
-120
50
215
367
515
648
762
849
910
951
960
939
886
813
722
602
463
312
144
-24
-193
-362
-522
-661
-782
-884
-961
-1013
-1036
-1032
-997
-934
-850
-745
-619
-482
-335
-183
-30
120
264
397
513
612
697
764
812
846
874
887
892
878
860
845
827
802
783
756
733
714
692
671
657
643
624
607
586
561
539
520
507
487
462
434
408
386
371
368
357
349
332
324
311
300
296
297
302
307
302
294
296
296
302
301
304
298
293
276
256
226
188
154
100
38
-29
-96
-168
-250
-334
-419
-514
-615
-710
-798
-881
-965
-1051
-1127
-1195
-1259
-1314
-1367
-1408
-1435
-1457
-1472
-1477
-1470
-1447
-1422
-1384
-1335
-1272
-1195
-1111
-1020
-925
-813
-692
-566
-430
-293
-155
-13
130
262
384
503
617
718
797
854
892
916
915
894
851
777
693
597
484
357
231
99
-30
-152
-268
-361
-439
-497
-526
-536
-519
-485
-421
-335
-233
-113
25
179
335
491
635
784
925
1054
1176
1274
1364
1447
1510
1551
1569
1569
1556
1526
1490
1431
1362
1281
1185
1076
948
809
678
543
401
267
121
-23
-160
-288
-402
-499
-579
-646
-693
-725
-746
-751
-732
-683
-627
-563
-485
-407
-327
-239
-152
-76
1
63
107
132
147
137
110
63
-1
-76
-173
-280
-395
-516
-637
-763
-881
-998
-1115
-1213
-1305
-1375
-1434
-1468
-1486
-1487
-1473
-1439
-1391
-1331
-1248
-1142
-1029
-908
-784
-671
-528
-385
-231
-67
93
249
393
541
676
802
922
1034
1134
1201
1246
1277
1293
1297
1281
1234
1189
1133
1051
951
849
745
626
508
398
283
170
64
-33
-117
-196
-266
-325
-373
-409
-421
-432
-412
-394
-360
-328
-274
-217
-156
-83
-6
71
145
230
303
387
454
523
581
641
680
723
744
753
761
754
742
726
699
641
600
532
455
382
298
206
118
12
-89
-201
-316
-425
-544
-649
-746
-832
-931
-1012
-1081
-1141
-1179
-1204
-1214
-1193
-1174
-1140
-1086
-1012
-947
-877
-800
-718
-630
-554
-479
-389
-316
-247
-186
-137
-87
-53
-16
7
38
62
100
142
172
204
239
265
314
361
403
447
490
521
528
556
575
600
628
647
667
668
675
670
656
648
631
612
580
548
507
465
427
385
345
311
287
261
222
195
158
122
96
74
50
28
2
-29
-59
-84
-111
-145
-179
-211
-243
-275
-282
-310
-322
-347
-352
-354
-351
-340
-322
-294
-278
-243
-218
-179
-141
-96
-64
-22
1
36
59
76
95
106
117
131
153
133
138
122
113
108
92
73
64
35
3
-36
-86
-123
-175
-224
-274
-321
-393
-437
-492
-548
-585
-626
-650
-651
-659
-656
-631
-596
-575
-543
-502
-452
-391
-344
-286
-216
-158
-94
-40
2
53
91
138
176
216
253
302
354
401
436
482
531
584
638
690
737
771
800
811
825
831
839
843
829
817
778
738
687
621
556
472
392
306
217
127
30
-62
-144
-226
-300
-354
-400
-451
-485
-515
-536
-541
-539
-532
-512
-485
-460
-430
-391
-354
-311
-267
-220
-173
-127
-70
-27
14
37
66
85
102
115
120
120
105
85
54
27
-6
-46
-88
-121
-164
-199
-240
-270
-290
-307
-318
-307
-288
-281
-252
-222
-182
-135
-84
-30
33
86
143
194
238
287
316
343
369
389
387
381
362
331
300
262
213
158
92
22
-45
-117
-200
-281
-357
-431
-505
-579
-635
-678
-723
-761
-792
-808
-810
-810
-789
-769
-734
-685
-635
-568
-499
-418
-331
-247
-153
-52
56
165
269
376
481
592
692
785
877
965
1044
1113
1172
1220
1262
1290
1306
1308
1295
1272
1245
1196
1135
1063
982
892
792
681
567
456
328
205
79
-45
-164
-282
-386
-488
-582
-664
-736
-795
-842
-882
-908
-923
-920
-906
-887
-853
-810
-760
-692
-625
-558
-477
-400
-314
-234
-160
-86
-21
44
103
151
194
222
243
254
255
250
236
210
181
152
110
62
15
-35
-80
-124
-174
-225
-277
-314
-348
-384
-415
-443
-464
-479
-486
-491
-494
-497
-487
-478
-462
-444
-421
-403
-376
-342
-321
-294
-268
-244
-213
-189
-164
-141
-123
-102
-86
-65
-49
-30
-11
15
37
69
96
128
162
195
228
264
307
347
389
432
485
533
580
622
659
697
736
768
796
818
841
867
885
887
879
863
851
838
811
773
735
703
668
626
574
515
463
412
358
289
213
151
105
61
9
-63
-126
-178
-232
-285
-346
-409
-461
-500
-534
-569
-618
-666
-698
-717
-733
-760
-791
-811
-805
-789
-772
-755
-741
-717
-681
-639
-601
-568
-537
-495
-436
-378
-325
-293
-259
-222
-182
-143
-122
-105
-93
-66
-42
-31
-37
-39
-42
-33
-31
-43
-50
-61
-53
-46
-43
-47
-49
-36
-17
5
21
31
52
76
101
116
141
161
183
215
241
263
274
286
300
309
314
323
330
338
340
343
336
335
325
318
313
306
303
304
303
301
295
283
282
280
275
265
262
265
268
271
261
247
241
243
233
226
221
219
220
216
206
189
178
165
146
129
114
100
90
71
45
24
3
-25
-53
-87
-124
-153
-173
-189
-215
-242
-266
-287
-307
-334
-366
-389
-410
-421
-430
-450
-463
-474
-479
-483
-489
-491
-491
-487
-482
-462
-445
-414
-385
-356
-326
-299
-266
-226
-189
-163
-125
-88
-34
5
35
55
78
107
132
146
151
159
172
189
192
183
166
159
163
160
147
128
115
118
119
112
97
87
86
100
112
116
122
133
151
170
184
184
199
218
240
259
263
270
283
288
297
289
275
273
268
260
246
229
210
197
178
157
130
104
89
71
44
20
-3
-22
-32
-52
-72
-84
-97
-106
-118
-132
-143
-152
-152
-150
-145
-145
-149
-147
-134
-128
-130
-132
-135
-121
-111
-108
-109
-113
-107
-99
-103
-106
-113
-118
-114
-109
-113
-122
-130
-135
-137
-133
-136
-150
-158
-156
-152
-154
-150
-155
-157
-142
-134
-128
-126
-120
-108
-97
-89
-88
-78
-61
-46
-32
-15
0
8
23
33
48
66
71
78
86
96
99
96
100
93
95
99
97
96
95
95
89
86
85
80
76
79
72
67
69
62
58
58
57
55
62
70
66
66
73
79
83
82
78
76
73
76
74
76
78
76
79
77
71
73
74
73
76
75
74
77
82
86
84
84
83
88
91
92
93
90
94
93
91
88
85
81
78
75
64
52
45
32
15
4
-10
-20
-29
-39
-52
-66
-77
-93
-102
-110
-116
-127
-133
-135
-141
-140
-142
-145
-139
-134
-137
-126
-123
-111
-108
-108
-90
-84
-80
-67
-63
-56
-40
-41
-40
-39
-31
-25
-37
-35
-25
-37
-40
-34
-44
-42
-40
-44
-49
-53
-56
-66
-69
-68
-75
-77
-77
-71
-68
-66
-67
-62
-44
-46
-48
-38
-33
-31
-25
-30
-29
-14
-14
-5
-1
9
25
29
39
45
57
65
66
60
71
86
79
90
99
112
119
129
147
149
162
183
181
183
194
198
194
194
197
195
194
192
184
179
183
174
156
144
129
118
104
78
53
47
28
-3
-15
-31
-49
-58
-73
-101
-104
-107
-128
-145
-158
-155
-163
-175
-175
-167
-172
-179
-168
-168
-156
-144
-152
-152
-135
-124
-133
-121
-107
-106
-99
-86
-90
-91
-66
-79
-77
-59
-54
-60
-48
-31
-43
-31
-20
-28
-23
-4
-14
-18
3
-5
14
13
13
43
50
56
65
75
71
83
82
69
61
67
64
28
41
43
31
40
28
22
26
34
19
3
-5
6
-6
-40
-24
-23
-28
-14
-17
-12
14
38
44
45
67
101
114
99
114
150
148
155
168
178
185
195
199
178
181
199
183
156
157
151
137
115
85
94
70
36
31
1
-23
-25
-51
-89
-95
-93
-112
-149
-157
-143
-152
-180
-182
-170
-172
-176
-174
-176
-165
-146
-157
-159
-124
-109
-115
-111
-92
-80
-67
-60
-73
-51
-35
-47
-47
-19
-16
-34
-16
-24
-34
-23
-26
-48
-49
-45
-59
-52
-58
-49
-36
-41
-30
-4
8
3
21
24
21
39
51
43
45
74
75
85
103
102
110
128
145
136
131
142
146
124
113
122
106
95
99
74
69
90
65
43
58
62
56
40
13
20
32
4
-9
3
0
-12
-16
-24
-43
-20
-16
-56
-50
-21
-36
-46
-43
-43
-22
-37
-44
-16
-25
-15
-10
-24
-14
5
-4
-24
-14
1
-4
-18
-26
-13
-13
-22
-33
-30
-37
-52
-51
-64
-61
-60
-79
-102
-96
-88
-97
-102
-98
-92
-101
-109
-118
-109
-91
-93
-91
-72
-68
-77
-68
-62
-47
-28
-19
-23
-11
-2
-1
4
21
41
62
66
66
80
89
86
94
102
104
111
108
99
100
97
92
97
104
108
98
91
87
76
67
73
76
78
82
79
69
75
76
68
78
88
76
72
77
68
71
72
62
62
67
55
43
41
36
33
31
17
3
11
11
0
-11
-9
-13
-19
-33
-45
-39
-53
-55
-61
-65
-68
-66
-72
-75
-70
-76
-75
-87
-88
-85
-76
-79
-75
-80
-89
-93
-93
-86
-84
-70
