-1
-2
0
0
1
2
0
0
-1
-1
0
0
0
-2
-2
-1
-1
-1
0
0
0
-1
-1
-1
0
1
1
1
0
1
-1
-1
1
1
1
-2
-1
1
0
0
0
-1
0
-1
1
0
-1
0
0
1
-1
-1
0
-1
0
0
0
1
0
-1
1
2
0
1
0
-1
0
0
0
-1
0
1
1
0
0
0
-1
1
1
0
0
1
0
-1
-2
0
0
1
1
1
-3
-1
0
0
-1
1
0
0
1
1
-1
0
0
-2
-2
0
0
0
1
1
0
1
-2
0
0
1
0
1
1
0
1
0
-1
0
-1
0
0
-2
1
0
0
0
-1
1
1
0
-1
-1
0
1
1
0
0
-1
-1
0
1
0
-1
-1
-1
-1
0
0
1
1
-1
0
-1
0
0
2
2
-1
-2
-1
2
0
-1
-2
0
0
0
1
0
0
-1
0
2
1
2
0
0
-1
1
0
0
1
2
1
-2
0
1
1
0
0
0
1
-1
-2
-1
0
-1
-1
0
1
1
0
-1
0
0
0
-1
0
0
1
-1
0
2
1
1
0
-1
0
0
1
1
1
-1
1
1
1
-1
0
0
0
0
0
0
1
0
0
1
1
1
0
-2
0
0
0
0
0
1
0
0
2
1
0
0
1
1
0
1
0
0
1
0
1
-2
-1
-1
0
0
0
0
-1
-1
-1
-1
-1
0
0
0
0
1
1
0
0
-1
0
0
-2
0
0
0
1
-1
-1
0
-1
-1
0
-1
1
1
1
0
-2
-1
0
0
0
1
1
1
-2
-2
-1
0
1
1
0
-1
1
0
-2
0
0
-1
0
-1
-1
0
1
1
2
0
0
-1
0
0
-1
1
2
1
1
0
-1
-2
0
-1
2
0
1
2
0
-2
-2
-2
0
2
3
2
-1
-1
-4
-3
-3
-1
3
3
3
1
0
-4
-4
-3
0
3
4
3
0
-5
-6
-3
-2
0
4
6
4
0
-2
-4
-5
-1
3
5
4
1
-1
-4
-5
-5
-1
2
4
7
5
-1
-5
-5
-5
-2
4
5
6
4
-1
-5
-8
-5
-1
4
7
6
4
-2
-5
-7
-6
0
4
5
6
3
-2
-5
-6
-5
-1
3
4
4
2
1
-2
-4
-3
-1
2
3
4
1
-1
-2
-3
-3
-1
0
1
2
1
1
-1
-2
-2
-1
0
-1
1
1
0
0
-1
1
2
0
1
0
0
1
-1
2
3
1
1
-1
-2
-2
-3
0
2
3
3
2
0
-2
-5
-5
0
4
6
7
3
-1
-6
-7
-4
-1
4
8
8
5
-2
-6
-9
-8
-2
3
9
11
5
-2
-8
-10
-6
-1
5
9
9
3
-4
-8
-9
-5
0
6
8
7
2
-3
-7
-7
-3
0
5
4
3
2
-2
-3
-3
-1
1
3
2
1
-1
-2
-1
0
-1
-2
1
1
0
2
3
1
1
-2
-3
-3
0
1
4
4
1
-1
-5
-7
-3
2
4
8
6
0
-4
-7
-8
-3
4
8
8
5
-2
-8
-10
-7
1
8
9
8
5
-5
-12
-9
-5
-1
8
14
7
1
-5
-14
-13
0
3
7
13
8
-3
-7
-10
-13
-2
7
8
7
8
-1
-10
-10
-5
-1
4
10
11
3
-4
-5
-9
-9
0
8
6
6
8
-3
-11
-6
-1
-3
2
12
6
-2
-1
-2
-9
-9
5
8
0
5
8
-5
-10
1
-1
-7
3
9
-1
-2
3
-3
-6
-2
4
3
1
4
3
-1
-5
2
1
-3
2
5
1
-3
1
1
-5
-2
5
2
-5
3
6
-5
-4
7
-1
-8
7
6
-10
-2
11
-9
-8
13
2
-13
8
9
-14
-2
14
-7
-13
13
3
-14
6
10
-12
-3
12
-5
-4
7
-4
-4
5
-4
-3
10
-4
-7
13
-5
-16
14
6
-21
8
20
-19
-8
25
-7
-21
18
9
-23
4
21
-13
-11
20
2
-18
7
12
-12
-7
13
0
-11
5
6
-8
-3
5
0
-2
0
-1
3
0
-3
3
3
-7
4
9
-8
-4
10
-3
-11
8
3
-13
5
10
-11
-2
13
-8
-8
11
-1
-9
6
5
-8
1
4
-6
1
3
-2
7
-5
-5
13
-4
-13
14
8
-22
5
24
-21
-10
27
-7
-22
21
10
-23
6
15
-12
-6
8
2
-4
-2
3
2
-4
-6
9
5
-14
5
13
-8
-8
9
9
-13
-2
21
-5
-17
11
15
-20
-8
30
-9
-27
26
9
-33
11
24
-20
-10
22
5
-24
9
21
-29
0
25
-18
-11
21
3
-28
19
20
-45
23
30
-49
16
32
-41
-1
38
-24
-16
34
-15
-19
27
-12
-9
30
-24
-6
44
-42
-15
63
-40
-36
67
-10
-62
49
32
-73
18
56
-55
-10
52
-27
-19
36
-14
-14
29
-20
-15
38
-14
-38
48
15
-73
38
56
-89
5
91
-67
-38
94
-25
-74
73
19
-90
48
51
-87
16
71
-70
-22
82
-33
-64
68
26
-81
14
76
-54
-53
85
9
-90
42
66
-72
-25
79
-19
-65
51
22
-55
18
20
-21
8
-6
0
21
-18
-14
29
-3
-32
24
19
-41
14
28
-45
28
16
-52
42
5
-37
23
14
-5
-41
42
25
-73
38
27
-29
-16
5
67
-81
-26
125
-77
-58
96
2
-80
18
90
-76
-51
112
-28
-74
61
30
-53
-10
45
3
-45
7
50
-33
-33
42
11
-33
-17
51
1
-70
50
36
-62
-2
49
-6
-56
42
36
-69
18
37
-32
-4
20
-5
-9
10
-6
-5
15
-11
-18
32
4
-50
40
25
-60
16
44
-25
-46
59
21
-96
63
47
-106
44
59
-79
2
68
-38
-54
80
6
-98
72
45
-99
29
64
-56
-21
47
7
-37
-6
44
-7
-45
17
42
-25
-60
70
42
-127
51
101
-129
-8
129
-80
-71
129
-28
-102
117
-8
-98
95
4
-89
69
35
-96
38
71
-92
9
69
-49
-22
37
8
-30
-5
30
3
-39
19
31
-36
-2
19
12
-34
11
29
-35
24
-26
20
18
-69
74
-20
-40
57
-35
4
18
-20
-12
31
9
-86
93
26
-149
121
40
-141
70
65
-88
-19
103
-64
-38
90
-63
16
8
-30
60
-60
2
60
-48
-27
65
8
-100
74
64
-139
39
98
-100
-24
73
22
-75
-26
133
-51
-130
132
66
-170
-1
210
-138
-140
241
-45
-160
118
48
-64
-49
65
57
-113
-11
124
-46
-116
108
74
-172
51
129
-139
-5
101
-55
-28
30
10
-5
-25
3
55
-48
-53
117
-22
-130
144
14
-139
79
50
-46
-69
83
67
-179
84
84
-104
-15
42
62
-113
1
110
-56
-55
19
119
-107
-79
177
-48
-108
49
111
-87
-106
183
-13
-148
77
87
-60
-98
120
55
-155
32
119
-61
-105
110
70
-163
38
112
-73
-54
46
71
-90
-46
132
-42
-73
48
47
-37
-54
85
7
-62
15
25
24
-68
10
76
-43
-65
49
107
-154
-16
182
-95
-111
95
107
-173
-49
235
-120
-151
169
50
-180
30
148
-89
-114
110
73
-180
32
123
-85
-52
44
47
-51
-44
56
46
-76
-45
126
-39
-94
59
68
-84
-47
99
-5
-77
10
98
-41
-105
115
36
-113
17
98
-33
-68
44
49
-21
-82
91
69
-148
62
54
-45
-34
12
110
-149
70
50
-80
63
-37
20
32
-3
-58
85
35
-161
133
6
-64
15
-3
112
-152
46
78
-39
-69
57
77
-85
-17
63
79
-184
51
112
-71
-54
5
212
-217
-97
305
-159
-169
236
17
-202
52
126
-66
-164
87
217
-294
15
135
-26
-143
-27
209
-210
54
55
-88
39
23
-66
127
-149
56
196
-296
19
206
-67
-195
51
204
-165
-104
173
-81
46
28
-129
106
121
-257
214
-70
-112
329
-307
17
179
-88
1
-76
98
46
-27
-82
-13
169
-36
-296
326
54
-320
331
-173
-94
333
-302
104
61
-13
36
-141
139
-115
152
-91
-107
251
-140
3
68
-229
377
-127
-298
414
-71
-167
128
-92
191
-253
98
183
-317
198
50
-116
-110
101
248
-415
80
337
-277
-91
174
-87
28
-17
-33
66
-72
-25
27
-96
23
97
-152
112
-51
-33
102
-41
-93
75
226
-341
64
242
-273
83
-54
24
43
-148
105
61
-120
-51
264
-199
-96
302
-61
-225
280
-72
-122
247
-345
235
126
-426
345
102
-434
354
7
-304
237
64
-201
76
229
-298
77
105
-203
187
-92
-1
190
-193
-92
417
-438
-72
686
-626
6
543
-422
-121
292
-37
-155
116
59
-84
122
-246
258
60
-491
579
-144
-356
434
-161
-44
-57
159
-112
-24
80
-140
294
-403
244
136
-454
333
80
-309
98
194
-201
-97
160
-42
45
-244
335
-58
-364
408
-14
-337
299
28
-123
-56
55
208
-354
111
99
-21
-167
112
153
-325
257
-12
-252
349
-72
-238
372
-210
-76
259
-274
121
31
-122
245
-199
-64
342
-210
-217
360
-150
-37
25
92
-49
-104
126
-23
-119
29
210
-153
-82
223
-129
-34
58
-92
114
-107
114
-5
-166
150
89
-237
38
216
-176
-25
199
-143
-75
164
-14
-188
35
209
-94
-162
196
12
-172
64
96
-122
-39
230
-62
-152
26
141
-17
-294
224
100
-185
22
183
-188
-70
118
160
-314
-54
542
-341
-122
52
255
-229
-181
446
-260
-101
266
-43
-135
-155
346
70
-523
293
201
-152
-156
88
137
-109
-128
245
-70
-158
160
134
-163
-235
324
209
-534
116
280
-83
-121
-215
600
-394
-224
511
-165
-313
210
411
-527
-58
302
153
-442
-7
500
-314
-74
18
335
-364
-123
668
-589
5
233
123
-162
-407
697
-266
-228
124
192
-120
-241
424
-298
-20
154
-29
85
-422
386
171
-445
184
-21
323
-419
-112
603
-497
62
197
10
-279
72
537
-661
12
518
-341
-22
-77
319
-187
-197
317
-245
172
-120
53
202
-515
546
-133
-395
485
-228
125
-242
213
54
-281
355
-289
-30
409
-375
-26
253
-210
176
-98
-243
476
-247
-82
211
-255
123
172
-151
-312
413
72
-233
-66
33
250
-137
-125
10
174
-90
128
-161
-312
499
80
-441
56
193
92
-118
-90
-150
304
198
-510
304
-135
30
350
-515
-110
403
138
-277
-189
323
1
35
-345
36
385
-210
-87
243
-282
91
270
-307
-125
101
535
-539
-24
146
182
-88
-546
687
-328
137
-58
-16
250
-630
757
-243
-608
684
77
-286
-164
177
341
-422
-213
640
-576
338
64
-369
138
203
2
-347
110
190
160
-514
419
-243
53
501
-761
177
375
-51
-281
-127
440
-221
33
-112
7
42
182
-241
-211
434
-174
46
-215
131
241
-395
223
100
-407
511
-23
-522
471
16
-147
-95
183
78
-238
205
-69
-99
160
-120
21
17
-218
562
-594
46
369
-320
94
-159
293
-255
135
45
-279
323
-134
-26
107
-200
248
14
-263
152
97
-61
-7
-28
-107
462
-408
-166
496
-304
79
-109
132
-18
-177
396
-439
105
154
50
-152
-278
572
-177
-301
154
208
-274
62
124
-73
-316
466
-43
-419
244
188
-104
-300
386
-111
-202
256
-52
-165
34
337
-418
122
166
-193
173
-289
480
-361
-25
302
-168
-172
271
-41
-295
352
-67
-184
108
73
-98
121
-334
432
-192
-254
608
-630
379
-143
98
-54
-262
507
-380
-3
304
-319
266
-102
-26
147
-249
367
-325
212
-51
-115
379
-462
194
115
-132
9
-6
122
-26
-166
243
-182
-52
235
-394
326
-283
222
-69
-343
503
-358
42
165
-117
-13
256
-104
-267
438
-140
-181
30
359
-365
-120
555
-467
21
204
-48
-66
-70
334
-164
-311
417
-54
-282
31
312
-286
-51
173
34
-358
326
-61
-209
250
-280
452
-539
191
421
-861
619
-86
-374
409
-186
13
-51
165
-52
-254
491
-290
-229
734
-657
118
420
-330
-142
400
-49
-396
380
79
-313
87
435
-604
256
272
-457
145
88
75
-563
731
-515
118
75
-166
471
-778
924
-406
-99
479
-460
521
-505
221
224
-321
-74
340
-125
-343
482
-307
240
-351
357
147
-668
554
56
-511
234
263
-590
410
-81
-222
213
-37
-95
-111
243
-111
-231
206
196
-622
449
155
-779
691
-227
-120
146
-274
533
-521
92
268
-315
173
-174
247
-160
-86
363
-310
154
5
69
-22
-202
539
-600
582
-540
338
201
-838
1139
-936
323
325
-586
351
-4
-86
66
-123
254
-73
-184
474
-307
-154
749
-910
633
-253
66
122
-593
995
-1003
565
-75
-259
433
-535
637
-540
325
-235
347
-419
-52
807
-1353
1161
-604
51
280
-530
637
-612
405
-231
85
-5
-80
-11
195
-228
-176
640
-760
482
-125
-10
-44
11
153
-297
160
-16
151
-439
325
265
-671
540
-61
-32
-174
277
-25
-35
-264
571
-338
-300
843
-969
824
-570
217
333
-742
722
-261
-124
166
60
-45
-197
400
-181
17
-168
568
-568
92
497
-641
244
232
-327
145
-146
405
-484
187
126
-105
75
-326
624
-384
-303
680
-288
-379
542
-251
140
-398
470
44
-761
939
-404
-388
685
-458
111
77
-259
520
-690
621
-337
-88
432
-505
259
50
-360
661
-882
782
-360
-299
738
-813
564
-223
-245
528
-336
-347
866
-819
247
181
-277
126
-186
281
-169
-236
326
79
-500
273
247
-359
-152
528
-210
-498
638
-44
-541
395
166
-466
152
348
-539
347
-107
-42
82
-76
50
-17
-7
-49
114
-15
-168
181
113
-459
535
-244
-129
276
-198
89
-94
139
-49
-62
-23
295
-288
-206
785
-724
133
395
-289
-14
129
4
176
-605
836
-244
-635
1097
-745
139
318
-372
300
-272
338
-188
-84
228
-77
-125
234
-143
-22
73
80
-212
182
-84
57
125
-404
573
-293
-158
434
-291
78
-46
242
-231
-73
441
-444
95
349
-384
-29
445
-330
-328
817
-585
-71
445
-163
-275
233
313
-694
475
-77
62
-413
401
204
-950
1147
-618
-342
776
-676
398
-418
342
53
-648
710
-149
-423
266
337
-541
-177
869
-782
126
42
153
-87
-506
953
-653
-242
793
-665
388
-442
648
-476
-52
453
-423
40
165
78
-412
272
313
-703
430
131
-429
411
-357
388
-478
222
325
-619
472
-116
56
101
-682
1426
-1414
500
526
-787
484
-315
515
-702
487
88
-704
1008
-643
-302
1063
-1082
376
198
-115
-230
205
394
-906
787
69
-865
1056
-354
-376
473
-1
-240
-69
487
-364
-336
680
-529
96
217
-390
446
-540
286
23
-163
126
16
-36
-147
209
-139
313
-485
380
-62
-68
-15
-98
446
-586
186
217
-339
144
276
-386
46
294
-18
-262
-43
781
-969
299
319
-618
642
-453
402
-406
156
580
-1135
819
70
-748
874
-799
424
-110
12
336
-950
1482
-889
-266
1137
-1181
845
-517
340
-109
-205
498
-589
294
158
-457
560
-478
339
-336
-110
627
-916
484
59
-85
-160
153
472
-985
893
119
-1080
1267
-633
129
-131
181
277
-915
1150
-1049
339
382
-790
523
51
-541
304
78
-220
88
124
103
-478
192
418
-727
465
142
-528
405
-7
-104
-179
491
-361
-369
721
-410
-274
831
-551
-360
1151
-854
-156
854
-491
-440
626
-81
-578
519
302
-862
549
345
-732
362
308
-621
375
1
-207
-62
289
136
-837
1120
-352
-606
934
-272
-662
805
174
-1180
1207
-67
-945
733
408
-1246
964
382
-1242
712
392
-968
303
648
-1055
520
425
-807
374
592
-910
544
190
-558
260
384
-612
72
661
-567
-163
870
-921
277
384
-678
292
57
-17
-551
716
12
-756
932
-158
-888
1016
-351
-328
362
-4
-200
83
286
-527
424
-31
-540
654
-304
-170
370
2
-431
412
263
-839
549
209
-689
276
353
-482
-158
705
-443
-391
874
-417
-386
675
-207
-528
486
159
-883
830
-79
-605
756
-322
17
-126
332
-548
238
305
-680
771
-295
-347
520
-154
-373
312
278
-745
540
245
-670
233
358
-612
120
462
-495
242
151
-244
-102
465
-658
271
218
-427
402
58
-336
319
-121
-268
413
-248
-1
277
-126
-24
-145
437
-445
-257
929
-968
567
39
-333
509
-510
151
312
-456
255
-96
439
-603
211
817
-1451
930
152
-1025
1029
-415
-159
448
-28
-268
210
537
-1223
914
89
-932
799
-6
-570
667
-146
-332
462
-133
-490
756
-244
-544
848
-80
-959
1376
-787
-283
883
-927
486
200
-574
437
180
-648
460
287
-889
626
232
-829
723
-72
-537
494
38
-667
806
-291
-430
797
-308
-534
890
-574
-384
939
-822
91
676
-935
564
244
-842
638
-77
-490
421
32
-180
-78
380
-309
-340
926
-978
250
671
-1072
600
328
-896
430
395
-921
704
40
-547
721
-615
166
116
-190
-57
93
272
-600
633
7
-708
670
-221
-205
357
-229
175
60
-271
214
-136
-19
-146
141
189
-296
294
-160
36
-61
-10
-2
185
-324
109
553
-623
44
485
-477
-27
267
-187
41
151
-344
445
0
-494
597
-90
-262
-11
492
-344
-445
741
-248
-409
626
-245
-44
212
-379
378
-21
-282
188
133
-297
255
-53
-30
-31
-134
206
-82
89
-262
363
-33
-407
600
-407
19
155
-230
412
-337
-12
205
-154
171
-284
227
77
-473
409
138
-400
108
56
170
-367
245
102
-356
247
-25
48
-18
-187
162
56
-146
61
72
-149
54
22
75
68
-365
198
148
-177
41
49
84
-141
-117
622
-486
-219
604
-357
-268
635
-459
-132
451
-358
89
266
-479
-35
466
-612
347
178
-492
336
25
-153
136
67
-326
240
277
-591
649
-211
-333
523
-218
-131
307
-116
-249
405
-235
73
32
-200
71
6
-1
-113
307
-214
-127
354
-317
-59
284
-264
7
217
-155
102
103
-340
198
123
-297
214
-32
-133
307
-262
84
184
-350
147
124
-54
-282
468
-150
-527
589
167
-834
631
229
-692
463
64
-443
62
511
-535
50
446
-455
13
281
-287
-52
135
-79
110
-111
202
-90
-323
365
-207
-28
280
-348
256
101
-280
108
115
-107
-211
327
11
-336
294
57
-340
206
-24
48
-90
84
52
-200
159
70
-259
242
-44
-165
310
-103
-172
211
24
-394
461
-81
-194
270
-115
-80
311
-140
-213
332
-81
-226
472
-144
-193
389
-207
-175
416
-489
67
302
-295
117
305
-359
-331
629
-582
62
420
-561
294
151
-288
322
-8
-335
93
352
-413
266
280
-518
273
68
-49
29
-192
102
-92
-103
293
-4
-391
71
69
-239
60
280
-338
-127
370
-204
-40
202
-240
-199
119
112
45
30
58
-290
77
26
82
-43
-85
180
6
-71
244
-92
-349
153
-2
-146
484
-121
-302
293
-169
-283
488
-112
-223
243
173
-182
-145
504
-459
-75
329
-119
82
-121
138
96
-420
532
-54
-256
295
-192
93
101
-107
263
170
-343
124
176
-499
167
344
-397
154
211
-257
10
-39
-195
-6
-21
16
343
-39
-177
355
-549
-363
694
-304
-218
706
-287
-369
512
-172
-507
333
-31
-104
306
94
-123
15
-253
-269
356
-69
-292
703
-279
-507
734
-306
-445
502
-83
-117
276
155
-47
-193
209
-203
-52
131
-124
204
-101
-62
533
-530
68
421
-680
366
293
-210
282
115
24
-130
-111
20
27
-48
-71
456
-285
-207
373
-409
-328
271
-59
-225
347
50
-169
72
-406
-140
212
-388
198
286
-457
-1
249
-540
-151
298
-438
27
328
-147
-124
199
-387
-281
250
-137
-140
453
-180
-128
193
-361
100
-132
-85
335
-128
48
133
-227
-85
-100
76
-187
100
190
-132
171
4
-225
145
-132
-96
537
-96
115
365
-233
-31
207
-154
67
288
16
43
73
-79
-248
-128
186
-67
175
252
-32
-307
-66
64
-417
188
312
-86
-72
337
-420
-258
131
-306
0
266
-35
52
148
-332
-9
156
-263
182
260
-112
33
317
-84
-117
336
-254
-111
166
-80
68
139
46
-46
-9
-39
0
66
105
49
140
206
25
259
234
42
266
367
67
410
319
20
265
195
66
181
303
-59
284
184
-129
300
-115
-138
58
7
-170
100
117
-324
-37
-105
-293
-321
-140
-173
-386
-151
-133
-421
-456
-299
-478
-567
-386
-290
-437
-386
-288
-329
-554
-580
-236
-558
-430
-11
-244
-435
20
-465
-455
-126
-538
-231
-35
-290
-155
59
-359
-329
-33
-281
-152
171
-21
46
305
-108
77
359
-273
211
600
64
308
923
289
96
849
417
162
872
825
455
804
859
492
740
761
706
1009
932
841
1156
859
668
1056
824
630
1095
924
739
917
762
662
687
554
587
702
299
684
649
221
346
443
-6
-49
277
-219
-306
-222
-520
-764
-784
-905
-1141
-1323
-1177
-1343
-1564
-1560
-1664
-1986
-1966
-1813
-1981
-1843
-1851
-1781
-1705
-1708
-1554
-1243
-1484
-1220
-851
-1160
-791
-552
-655
-592
-261
-233
-166
-107
-74
-63
-55
-138
126
263
-168
306
239
-478
108
146
-286
185
493
61
253
531
75
196
537
491
521
851
874
620
653
931
697
989
1334
1359
1440
1441
1440
1379
1513
1386
1491
1682
1925
2058
2035
2053
2039
2141
2090
2070
2031
1909
1741
1665
1889
1996
1786
1764
1765
1089
693
303
-373
-677
-886
-1153
-1033
-826
-1222
-1676
-2251
-2816
-3198
-3420
-3128
-2754
-2531
-2310
-2235
-2196
-2104
-2211
-2058
-1686
-1208
-689
86
420
475
543
377
365
362
541
822
1138
861
422
276
43
-565
-870
-1218
-1517
-1433
-1769
-2310
-2762
-3042
-3377
-3426
-3254
-3082
-2816
-2684
-2733
-2665
-2375
-2062
-1623
-1110
-567
109
525
773
1081
1200
1453
1846
2250
2758
2853
2862
2860
2413
2268
2270
2045
2086
2094
1734
1651
1372
801
415
113
-59
161
459
287
310
449
182
-82
181
452
885
1590
1775
1678
1866
1977
2101
2620
3010
3259
3591
4193
4440
4173
3947
4075
4001
3007
1035
-300
737
2599
2888
1638
449
-230
-1529
-3687
-5087
-4345
-2573
-2320
-3326
-3765
-3258
-3317
-4730
-6108
-5700
-3673
-2119
-1133
-509
-517
-679
-1080
-1580
-936
786
2328
2903
2708
2396
2659
2611
1350
424
620
1312
1685
1610
1334
899
-346
-2172
-3185
-2787
-2041
-1654
-1801
-2505
-2977
-3263
-3742
-4076
-3999
-3817
-3557
-3027
-2764
-2465
-2042
-2155
-2360
-1977
-1300
-580
-170
-92
186
448
707
1098
1286
1442
1564
1363
1483
1652
1515
1324
1114
998
853
638
539
497
131
-214
-610
-900
-949
-996
-1044
-924
-676
-624
-573
-295
-88
61
463
880
1450
2198
2676
2814
3096
3547
4069
4779
5155
5175
5254
5442
5614
5685
5468
5490
5731
4808
2311
-217
-501
1422
2690
1718
-41
-1108
-2032
-4078
-6372
-6706
-4723
-3120
-3513
-4503
-4248
-3469
-4197
-5659
-5888
-3961
-1221
549
1222
1389
1416
963
406
755
2495
4689
5575
5088
4189
3750
3490
2514
1222
852
1701
2284
1779
781
-163
-1528
-3568
-5087
-5099
-3736
-2485
-2614
-3665
-4729
-5337
-5621
-5843
-5934
-5548
-4631
-3504
-2602
-2338
-2508
-2752
-2872
-2587
-1722
-183
940
1059
652
280
405
804
1156
1391
1867
2304
2119
1517
950
457
126
146
368
674
785
385
-468
-1362
-1892
-1779
-1407
-1050
-709
-469
-288
-494
-773
-486
318
1319
2027
2442
3045
3889
4414
4637
4850
5228
6120
7039
7433
7341
7168
7181
6840
5207
2398
564
1605
4107
4721
2802
422
-1004
-2542
-5190
-6805
-5470
-2776
-1959
-3483
-4992
-4902
-4512
-5472
-6237
-5061
-2174
528
1535
1162
257
-174
-146
394
1986
4435
6448
6353
4500
2810
2474
2638
2216
1728
2105
3035
2832
1111
-876
-2187
-3208
-4371
-4594
-3360
-1741
-1587
-3581
-6108
-7282
-6935
-6182
-5580
-4762
-3378
-2622
-3412
-4786
-5241
-4161
-2886
-1876
-576
623
798
-271
-1284
-1396
-519
676
1763
2648
2744
1848
381
-415
-462
-32
837
1563
1792
1028
-362
-1515
-1931
-1729
-1221
-398
134
-1
-555
-1165
-1436
-1056
-116
930
1805
2123
2140
2552
3027
3398
3861
4451
5259
6095
6796
6954
6798
6623
6151
5107
3136
1507
1884
4229
5444
3711
1039
-733
-1334
-2870
-4940
-4824
-2365
-691
-2357
-4834
-5387
-4356
-4475
-5623
-4941
-2313
216
377
-810
-1566
-1345
-550
-23
943
2841
4738
4803
2981
1308
1263
2303
2703
2097
1921
2575
2511
863
-1287
-2199
-2153
-2301
-2522
-2095
-1137
-1109
-2629
-4760
-5943
-5851
-5081
-3888
-2968
-2337
-2351
-3140
-3685
-3743
-3225
-2511
-1662
-552
342
520
-74
-478
-469
-115
517
1294
2032
2050
1438
521
-4
303
803
1110
1183
931
195
-826
-1178
-684
6
212
-35
-315
-650
-454
22
343
519
656
1037
1718
2530
2670
2680
2976
3622
4511
4968
5184
5239
5191
4584
3215
1377
650
2493
4755
4327
1505
-432
-620
-1096
-3149
-4690
-2937
-9
-67
-2892
-4695
-4023
-2841
-3327
-3926
-1870
1085
1609
-204
-1527
-1004
480
1357
1698
2862
4279
4434
2743
775
550
2071
3251
2621
1799
2036
2205
638
-1890
-2701
-1327
-99
-596
-1338
-1304
-1557
-2999
-5114
-5956
-4685
-2760
-1993
-2342
-2751
-2996
-3529
-4326
-3859
-1854
-157
26
-540
-835
-1048
-1166
-659
716
1880
2076
1373
461
68
-128
-79
425
1292
1435
447
-939
-1756
-1572
-1212
-820
-313
63
-295
-1171
-1696
-1781
-1316
-507
469
1585
2152
1760
958
789
1685
3122
4234
4477
4668
4554
3313
1142
-436
503
3158
5191
4248
1650
-131
-974
-2219
-4163
-3859
-864
1616
146
-3380
-4918
-4281
-3517
-3761
-2759
42
2288
1602
-806
-1847
-880
798
1817
2883
4411
5518
4659
2371
931
1451
2936
3603
3522
3402
3319
1970
-434
-1910
-1223
385
768
-42
-906
-1280
-2631
-4891
-5725
-3835
-1395
-1189
-2502
-3406
-3475
-4096
-4679
-3590
-1116
540
72
-1055
-1469
-938
-284
627
1882
2664
2389
1547
1364
1646
1819
1783
2197
2631
1956
552
-126
521
1068
622
-150
-93
238
-391
-1685
-2263
-1559
-583
-152
-288
-462
-721
-944
-595
458
1402
1536
1298
892
28
-1516
-2058
-253
2463
3153
1140
-931
-1522
-1725
-3054
-3943
-2391
223
645
-1806
-3894
-3596
-2354
-2445
-2933
-1577
925
1736
27
-1562
-1055
638
1436
1460
2187
3516
3706
1952
75
67
1806
3144
2926
2062
1704
1603
655
-646
-741
761
1887
937
-1099
-2009
-1397
-1044
-1604
-1844
-921
-272
-1277
-2714
-2543
-891
190
83
-3
660
1138
769
488
1237
2499
3009
2764
2558
2644
2528
2147
2183
2822
3368
3076
2278
1659
1327
913
455
530
1034
1130
231
-1030
-1705
-1604
-1097
-440
229
424
83
-169
204
621
386
83
420
686
-382
-1856
-1515
606
1602
-133
-2366
-2656
-1962
-2727
-4281
-3931
-1748
-1002
-3190
-5492
-5123
-3236
-2689
-3355
-2905
-1109
-339
-1706
-3016
-2160
15
1177
960
840
1393
1580
645
-288
118
1560
2350
1676
494
-75
-201
-789
-1590
-1612
-900
-841
-1980
-3016
-2871
-2194
-2184
-2498
-2152
-1455
-1444
-1963
-1767
-723
110
247
473
1232
1776
1670
1579
2242
3057
3320
3368
3884
4575
4562
4121
4100
4615
4712
4231
3959
4224
4319
3682
3064
3007
3091
2468
1484
1058
1299
1606
1484
1171
737
389
380
787
1026
617
270
363
76
-1579
-3058
-2131
480
1417
-659
-2817
-2765
-1931
-2807
-4004
-2845
-341
-168
-3057
-5139
-4101
-1953
-1730
-2607
-2240
-917
-819
-2259
-2776
-1452
101
5
-741
-517
374
323
-1070
-2015
-1476
-118
241
-623
-1722
-2296
-2769
-3813
-4452
-3665
-1999
-1891
-3763
-5466
-5159
-3830
-3411
-3344
-2502
-1361
-1688
-2787
-2582
-734
833
921
835
1479
2296
2261
2249
3155
4461
4894
4444
4295
4535
4554
4131
4279
5084
5576
4960
3898
3451
3523
3491
3157
3095
3268
3183
2561
2040
2099
2428
2497
2464
2669
2822
2536
2034
1794
1318
307
-394
643
2541
2961
1062
-1094
-1571
-1222
-1354
-1654
-680
477
-250
-2918
-4532
-3341
-1300
-922
-2126
-2492
-1831
-1530
-2329
-2595
-1533
-553
-792
-1600
-1356
-654
-678
-1803
-2529
-2010
-1032
-796
-1782
-2915
-3683
-4054
-4504
-4399
-3446
-2793
-3730
-5753
-6462
-5417
-4008
-3605
-3501
-3210
-3360
-3916
-3799
-2171
-503
76
-163
45
615
920
1274
2168
3461
3973
3800
3525
3660
3647
3448
3658
4382
4985
4644
3845
3097
2863
2766
2881
3065
3114
2780
2161
1878
1866
2034
1936
2087
2354
2507
2166
1781
1713
1271
273
-522
505
2270
2803
1170
-623
-968
-587
-573
-758
83
820
158
-1803
-2586
-1348
233
332
-719
-1029
-560
-127
-324
-122
639
1107
680
85
318
833
798
55
-438
-361
-243
-630
-1458
-2321
-3066
-3556
-3719
-3600
-3479
-3843
-4805
-5969
-6448
-5906
-4942
-4355
-4402
-4678
-5019
-5016
-4381
-3055
-1760
-1116
-955
-771
-170
636
1682
2679
3403
3606
3613
3815
4226
4699
4987
5209
5087
4684
4188
4076
4223
4235
3994
3551
3093
2368
1732
1464
1736
1932
1736
1263
729
274
-173
-169
-46
-155
-921
-1543
-1450
-816
-417
-707
-1174
-1745
-2057
-2118
-1402
-538
-363
-1245
-2256
-2253
-1397
-278
272
367
-237
-949
-1199
-336
1040
1816
1608
831
426
349
654
951
1270
1022
254
-658
-1145
-1287
-1524
-1696
-1813
-1869
-2452
-3168
-3751
-3814
-3660
-3362
-3040
-2980
-3304
-3886
-3853
-3081
-1836
-1072
-902
-1136
-1219
-835
137
1556
2646
2948
2473
2164
2405
3169
3993
4629
4863
4545
3983
3603
3779
4089
4222
4082
3927
3711
3268
2797
2540
2589
2503
2245
1970
1856
1661
1208
677
85
-542
-1162
-1247
-812
-342
-500
-1360
-2453
-3295
-3447
-2939
-2090
-1701
-2166
-3203
-3934
-3752
-2849
-1880
-1497
-1741
-2255
-2448
-1991
-1049
-90
321
168
-219
-256
132
586
779
673
521
210
-145
-560
-793
-1032
-1272
-1483
-1698
-1976
-2526
-3063
-3494
-3439
-3205
-3000
-3173
-3492
-3690
-3591
-3096
-2487
-1908
-1776
-1709
-1454
-699
134
824
1258
1478
1694
2038
2776
3518
4092
4259
4340
4406
4592
4856
5112
5259
5131
4985
4908
5029
5015
4845
4552
4317
4112
3881
3753
3679
3524
2971
2189
1418
979
858
965
1056
759
-29
-1117
-1980
-2308
-2078
-1746
-1775
-2340
-3135
-3707
-3804
-3494
-3108
-2967
-3194
-3539
-3633
-3293
-2748
-2359
-2289
-2330
-2248
-1990
-1702
-1463
-1382
-1498
-1615
-1496
-1158
-1024
-1259
-1727
-2075
-2207
-2149
-2066
-2079
-2237
-2561
-2886
-3018
-2805
-2521
-2408
-2474
-2407
-2113
-1784
-1552
-1310
-903
-444
-47
288
655
1000
1274
1540
1970
2523
2928
3046
3047
3211
3538
3843
4024
4073
3998
3842
3754
3812
3933
3944
3761
3464
3218
3198
3316
3319
3022
2576
2215
2034
2007
2091
2164
2032
1670
1198
821
629
626
637
496
188
-138
-401
-653
-860
-959
-948
-1043
-1323
-1641
-1803
-1824
-1827
-1846
-1839
-1861
-2027
-2261
-2401
-2355
-2261
-2238
-2297
-2365
-2418
-2499
-2632
-2745
-2754
-2736
-2793
-2901
-2937
-2964
-3081
-3192
-3122
-2895
-2735
-2710
-2664
-2504
-2329
-2176
-1888
-1415
-983
-780
-662
-379
7
276
467
766
1137
1370
1471
1651
1937
2121
2142
2149
2235
2342
2436
2536
2592
2530
2422
2362
2322
2305
2402
2548
2506
2249
2088
2166
2259
2226
2211
2279
2267
2129
2040
2067
2067
1938
1752
1609
1530
1501
1440
1255
973
729
573
423
254
103
-42
-238
-493
-686
-780
-859
-1023
-1262
-1472
-1590
-1657
-1757
-1869
-1937
-1969
-2056
-2220
-2353
-2382
-2380
-2434
-2496
-2505
-2525
-2617
-2694
-2631
-2455
-2327
-2315
-2334
-2298
-2193
-2027
-1774
-1462
-1217
-1091
-972
-754
-483
-246
-48
145
336
537
809
1120
1339
1400
1380
1395
1482
1653
1896
2095
2095
1929
1780
1728
1704
1686
1737
1773
1633
1368
1218
1212
1153
988
873
868
841
747
687
677
634
528
436
439
521
608
611
525
439
418
428
430
430
439
428
347
223
153
143
108
3
-119
-208
-299
-436
-583
-687
-752
-828
-940
-1089
-1238
-1357
-1458
-1536
-1589
-1630
-1682
-1770
-1864
-1904
-1874
-1817
-1779
-1753
-1716
-1655
-1571
-1454
-1323
-1179
-1007
-830
-681
-544
-371
-183
-29
113
301
534
738
857
937
1020
1096
1169
1268
1408
1537
1584
1547
1487
1461
1474
1515
1546
1550
1506
1422
1345
1295
1262
1232
1198
1154
1103
1053
1018
971
899
819
756
720
692
649
575
464
345
246
171
107
32
-62
-170
-298
-416
-503
-575
-656
-740
-833
-919
-994
-1065
-1130
-1197
-1252
-1290
-1320
-1360
-1406
-1448
-1480
-1504
-1512
-1510
-1499
-1503
-1521
-1532
-1529
-1500
-1466
-1437
-1411
-1397
-1371
-1322
-1270
-1210
-1140
-1077
-1016
-937
-842
-723
-601
-473
-337
-186
-15
164
347
529
718
919
1115
1309
1500
1685
1851
1995
2135
2268
2385
2474
2532
2574
2597
2596
2568
2518
2454
2371
2264
2130
1985
1836
1678
1511
1333
1169
1009
837
667
516
383
270
162
55
-34
-112
-175
-230
-274
-300
-319
-346
-375
-395
-415
-439
-462
-483
-513
-548
-603
-670
-741
-822
-905
-990
-1083
-1186
-1302
-1423
-1549
-1673
-1783
-1890
-1995
-2095
-2186
-2263
-2333
-2389
-2431
-2446
-2440
-2423
-2398
-2351
-2291
-2213
-2120
-2005
-1863
-1700
-1541
-1375
-1190
-992
-786
-579
-365
-148
71
282
486
690
891
1073
1240
1399
1554
1696
1822
1925
2014
2099
2169
2224
2259
2287
2301
2305
2295
2274
2246
2208
2158
2092
2034
1988
1928
1858
1777
1691
1612
1540
1467
1395
1329
1252
1167
1084
1006
939
865
790
709
632
562
477
391
295
205
111
9
-81
-178
-280
-407
-549
-674
-793
-911
-1033
-1164
-1291
-1420
-1553
-1679
-1791
-1886
-1978
-2071
-2159
-2231
-2287
-2346
-2394
-2419
-2415
-2404
-2397
-2386
-2360
-2313
-2249
-2174
-2078
-1962
-1849
-1740
-1625
-1478
-1311
-1135
-956
-783
-608
-430
-254
-72
129
334
517
681
831
987
1147
1290
1415
1533
1638
1722
1786
1833
1879
1911
1917
1901
1873
1847
1801
1735
1654
1571
1491
1403
1314
1228
1141
1049
954
856
782
725
669
608
557
515
477
448
424
404
391
391
381
379
369
353
341
327
313
305
288
249
198
141
92
38
-28
-98
-172
-257
-353
-457
-562
-657
-751
-847
-951
-1044
-1130
-1220
-1309
-1390
-1451
-1485
-1513
-1549
-1581
-1600
-1599
-1582
-1537
-1471
-1399
-1331
-1263
-1184
-1081
-950
-809
-668
-535
-394
-262
-131
19
182
341
488
612
727
843
959
1069
1167
1259
1330
1371
1406
1436
1455
1467
1461
1426
1377
1329
1269
1190
1104
1006
894
782
665
551
432
318
197
70
-45
-153
-253
-350
-435
-507
-572
-627
-677
-718
-739
-746
-747
-748
-743
-738
-727
-693
-650
-598
-553
-525
-507
-484
-451
-409
-367
-342
-338
-344
-353
-358
-355
-356
-378
-424
-468
-506
-531
-551
-579
-616
-650
-670
-690
-694
-688
-684
-685
-668
-616
-548
-469
-387
-310
-234
-140
-20
124
284
436
568
675
791
924
1079
1240
1380
1486
1559
1612
1659
1719
1791
1848
1866
1833
1770
1702
1646
1604
1551
1469
1352
1202
1047
901
778
660
533
380
214
63
-63
-173
-272
-378
-487
-591
-678
-745
-790
-828
-862
-889
-907
-914
-915
-921
-940
-963
-970
-948
-908
-881
-889
-920
-960
-988
-981
-965
-965
-1003
-1068
-1115
-1125
-1106
-1080
-1095
-1133
-1179
-1208
-1184
-1121
-1059
-1032
-1029
-1021
-960
-848
-735
-658
-620
-594
-533
-412
-252
-96
10
64
99
176
314
482
624
712
760
805
885
1008
1147
1253
1306
1325
1337
1375
1438
1503
1538
1540
1525
1510
1504
1499
1486
1453
1401
1346
1299
1250
1190
1116
1034
951
885
822
757
683
596
507
433
366
303
237
169
100
38
-14
-59
-101
-145
-192
-249
-308
-374
-445
-499
-537
-563
-592
-646
-738
-840
-926
-978
-1007
-1036
-1091
-1187
-1281
-1337
-1353
-1326
-1320
-1353
-1415
-1464
-1466
-1408
-1322
-1254
-1224
-1226
-1215
-1146
-1041
-929
-852
-824
-802
-745
-645
-516
-402
-339
-316
-296
-247
-152
-31
70
134
170
211
285
386
492
576
630
671
716
787
872
950
1012
1056
1094
1136
1176
1212
1229
1227
1223
1221
1214
1192
1149
1094
1042
998
958
917
852
763
666
574
509
464
420
360
282
208
155
136
136
137
111
63
5
-31
-27
12
52
71
53
14
-23
-34
-23
-4
-4
-42
-107
-169
-205
-202
-201
-223
-290
-384
-474
-537
-554
-556
-576
-631
-706
-771
-800
-794
-787
-802
-851
-906
-939
-936
-899
-867
-853
-859
-860
-840
-801
-747
-703
-677
-662
-637
-582
-502
-422
-370
-339
-312
-269
-202
-129
-65
-23
0
23
56
99
141
171
183
197
219
247
273
276
265
247
237
248
268
273
256
236
226
231
252
270
266
250
230
240
271
313
350
364
373
388
424
480
536
572
598
622
651
695
740
779
796
810
831
854
876
877
857
835
809
791
775
745
701
642
582
538
499
451
376
287
200
138
100
63
11
-54
-121
-173
-198
-217
-240
-285
-344
-393
-416
-410
-392
-377
-378
-389
-397
-386
-363
-348
-343
-352
-355
-335
-300
-267
-262
-282
-311
-325
-321
-310
-311
-345
-404
-474
-530
-566
-589
-615
-653
-699
-747
-781
-809
-833
-858
-873
-876
-862
-832
-802
-768
-732
-695
-645
-591
-540
-486
-427
-359
-283
-210
-148
-104
-71
-34
9
54
90
115
134
149
184
217
242
247
227
213
220
251
296
329
341
342
348
376
427
480
518
542
562
592
645
704
749
772
782
804
835
871
896
897
878
851
833
821
809
772
705
622
541
487
460
431
382
309
217
128
52
-8
-53
-97
-129
-139
-131
-122
-128
-157
-203
-238
-247
-222
-185
-146
-125
-119
-123
-117
-101
-88
-77
-77
-79
-83
-80
-70
-68
-74
-88
-105
-119
-136
-149
-165
-188
-216
-246
-280
-317
-356
-393
-425
-462
-493
-524
-560
-587
-619
-657
-684
-707
-727
-732
-723
-703
-675
-654
-635
-621
-594
-558
-519
-471
-420
-370
-318
-262
-202
-148
-108
-79
-50
-16
27
79
125
162
182
196
204
205
211
219
237
258
281
300
310
314
306
294
288
287
289
294
301
301
301
303
303
305
299
291
281
272
266
263
272
282
293
302
311
318
320
329
343
364
388
421
457
494
529
556
584
611
636
654
668
683
691
693
692
683
667
642
609
571
524
470
409
350
288
222
154
80
2
-71
-140
-205
-260
-310
-356
-396
-433
-466
-494
-513
-521
-526
-535
-541
-543
-539
-541
-538
-527
-517
-511
-505
-498
-506
-519
-537
-560
-581
-603
-631
-664
-708
-736
-754
-762
-749
-727
-702
-689
-702
-723
-762
-792
-790
-745
-662
-549
-432
-342
-270
-259
-264
-282
-282
-256
-183
-86
25
116
184
225
227
208
200
209
216
268
316
383
440
482
518
534
539
533
553
574
599
645
694
731
761
760
757
732
703
684
665
659
650
651
640
616
588
527
479
432
366
345
329
313
307
304
305
287
274
254
250
217
208
207
185
187
191
183
180
180
153
137
124
92
36
12
-33
-90
-134
-166
-192
-232
-252
-273
-310
-364
-410
-463
-507
-561
-593
-606
-626
-632
-667
-679
-673
-695
-704
-678
-670
-715
-732
-755
-754
-793
-741
-670
-590
-530
-489
-440
-473
-494
-555
-502
-501
-417
-351
-223
-115
-92
-25
-61
-16
-122
-139
-121
-44
-93
97
235
240
362
276
325
186
159
122
198
251
381
457
556
654
476
596
439
426
429
415
518
648
664
730
878
734
678
675
594
536
587
646
703
760
860
755
814
687
612
535
478
538
431
531
590
528
474
516
333
234
195
94
91
112
63
72
85
-39
-59
-170
-180
-260
-335
-314
-320
-363
-429
-364
-318
-545
-461
-439
-646
-660
-499
-646
-700
-312
-742
-589
-465
-762
-856
-608
-655
-832
-476
-553
-510
-743
-546
-698
-807
-684
-694
-510
-601
-405
-476
-591
-425
-654
-721
-493
-499
-582
-372
-181
-460
-268
-437
-228
-505
-303
-120
-269
145
-145
142
29
52
46
150
288
323
527
390
657
408
526
492
668
642
725
912
698
860
727
734
707
738
709
814
785
713
766
666
561
685
530
571
538
594
410
393
617
164
590
245
419
154
444
191
22
433
73
155
155
259
-78
175
18
-53
79
22
-127
152
-203
-109
-45
-203
-92
-120
-202
-122
-88
-456
11
-376
-216
-189
-432
-222
-212
-459
-279
-265
-491
-220
-506
-244
-646
-382
-497
-667
-384
-527
-400
-479
-478
-603
-574
-796
-352
-763
-551
-72
-765
-218
-421
-521
-365
-416
-332
-153
-196
-187
14
-346
-16
-98
126
-108
371
46
-110
259
-231
151
139
206
274
228
166
185
-190
93
102
-140
326
218
59
266
150
-149
65
190
-203
306
282
-42
471
316
-48
450
273
-66
557
247
171
660
494
201
787
484
229
605
315
158
614
447
430
888
334
558
483
-214
498
133
96
816
156
463
525
28
-141
348
-406
286
376
-158
704
-196
258
-298
34
-227
51
122
-73
220
-281
201
-736
437
-636
-161
476
-743
192
-115
-651
-283
34
-780
161
-130
-633
12
-545
-709
-201
-488
-326
-95
-659
-196
-483
-648
-460
-494
-536
-202
-433
-573
-140
-661
-408
-417
-674
-173
-531
-274
-249
-555
-4
-277
-374
-256
-469
-81
-263
-356
364
-142
151
95
-400
51
-79
-185
394
112
290
713
-40
292
182
-161
261
270
78
730
721
283
547
3
57
245
-7
385
669
443
595
358
147
55
331
-30
327
723
-75
1179
-53
295
484
-142
326
486
146
426
871
-157
535
245
-33
359
350
13
623
120
76
393
-144
65
234
-95
-64
372
-706
611
-221
-503
575
-736
59
-358
-180
-216
-202
-234
-202
32
-845
396
-688
-290
-400
-79
-311
-419
471
-988
442
-896
-86
-174
-700
430
-681
-100
31
-417
-563
571
-1010
-284
492
-1200
651
-456
-536
686
-1150
-15
398
-780
91
237
-529
-133
167
-525
386
-227
-211
297
-227
-59
60
130
-294
10
114
-160
58
510
-290
289
186
-610
626
-222
-261
946
-220
-89
967
-412
148
522
-339
388
168
90
725
191
264
678
-171
-34
440
-15
378
416
447
161
177
383
-342
518
87
16
147
300
288
134
206
101
222
-700
557
194
-277
684
156
-404
519
-185
-145
693
-447
317
42
-88
171
249
-387
425
160
-752
654
-69
-511
434
-384
-342
696
-759
117
514
-995
-115
146
-900
219
25
-602
642
-651
-352
225
-1150
33
-304
-312
155
84
-152
-486
5
-961
-132
-552
244
-149
-94
251
-384
-318
-553
-31
-1048
331
59
-257
393
181
-627
-116
-499
-272
8
-194
772
-153
263
151
-326
-291
86
-420
97
638
-229
841
-57
-69
142
-509
131
2
432
115
709
243
34
147
8
-61
-152
622
29
659
459
281
189
59
16
-110
416
337
313
510
359
104
7
180
52
-13
223
291
361
-153
759
-346
33
201
-450
193
261
-12
-127
734
-840
307
-136
-318
126
-102
-123
18
-130
-170
174
-459
93
-196
-331
12
-184
-175
-46
-117
-287
-80
-45
-536
141
-315
-220
-233
-98
-26
-321
-124
134
-355
-485
531
-704
-126
450
-547
21
376
-547
0
15
-169
-378
326
-142
-194
371
-530
317
-373
-129
57
-79
-82
6
553
-748
490
98
-630
410
75
-203
453
-3
184
46
101
-89
369
20
-197
1017
-646
470
329
-75
-34
682
-324
228
430
-353
578
-216
229
252
91
-143
658
-477
239
91
-51
19
229
122
-86
327
-254
221
-265
64
156
-34
-190
844
-738
257
287
-572
205
18
-19
-161
642
-757
682
-338
-256
254
-62
-522
532
95
-807
893
-458
-99
-277
441
-739
277
-64
-150
415
-970
1220
-1279
372
81
-618
345
-16
-233
229
97
-820
1010
-1164
197
490
-715
352
292
-249
-419
620
-577
-478
969
-655
-40
835
-664
-3
486
-955
486
212
-1036
1544
-778
-218
1101
-1189
41
878
-1393
791
648
-1330
1406
-451
-595
861
-601
-363
1243
-1220
565
863
-1559
1130
41
-1132
942
-27
-530
575
-154
170
-401
211
3
-19
-338
736
-339
-164
517
-337
-15
-15
377
-359
166
440
-321
-91
443
-344
-207
595
-377
-43
663
-718
290
207
-669
387
154
-608
613
27
-664
791
-541
-70
355
-545
555
-207
-144
481
-239
-226
445
-328
84
101
-96
415
-521
435
208
-766
806
-137
-663
978
-738
342
-31
-43
186
-88
-105
16
181
-646
578
-268
-60
276
-268
228
-333
67
98
-619
634
-168
-373
551
58
-760
721
-267
-661
989
-835
545
-198
352
-324
56
140
-338
205
-255
573
-518
414
56
-354
243
-124
-413
545
-168
-447
1202
-1011
208
601
-1320
1045
-533
28
380
-72
-14
164
-320
8
218
-917
1297
-810
295
522
-640
406
-453
215
-408
506
-161
93
475
-340
24
73
-215
-147
321
-94
125
321
-137
-90
312
-604
246
5
-13
13
440
-194
-30
430
-888
853
-682
126
428
-363
240
107
-162
93
-73
-336
579
-709
397
192
-697
799
-325
-442
462
194
-1089
949
-222
-442
272
186
-394
45
460
-799
552
-326
313
-854
1054
-597
-227
697
-530
87
130
-135
-284
515
-628
431
-244
317
-260
-59
455
-601
-64
817
-1186
627
524
-1102
892
-166
-260
-99
353
-319
-71
439
-158
-13
18
208
-486
93
419
-644
629
-144
223
-301
248
-62
-435
522
-357
435
-404
1020
-1195
812
86
-1232
1343
-462
-422
839
224
-1273
1605
-755
-898
1766
-1380
351
544
-81
-616
1040
-762
-81
606
-751
559
-118
211
-346
483
-361
57
-80
184
-217
143
119
-183
46
174
-197
-278
676
-526
-368
1152
-1091
11
1109
-1411
532
639
-1219
559
316
-746
225
320
-320
-92
242
81
-749
660
-82
-806
1024
-448
-431
961
-802
-46
714
-942
321
544
-1019
657
400
-1250
992
172
-1419
1508
-513
-514
806
-193
-473
454
145
-779
713
-30
-477
410
211
-763
864
-516
-55
337
-139
-211
301
71
-230
-50
406
-314
-325
917
-863
332
257
-118
-458
792
-383
-359
536
201
-942
960
257
-1621
2173
-1300
-279
1162
-573
-604
1288
-563
-514
1057
-560
-307
473
313
-1163
1153
94
-1162
1089
54
-1144
854
436
-1490
1314
192
-1316
1149
200
-1353
1047
258
-1529
1688
-716
-459
870
-450
-494
736
-569
-107
685
-887
868
-368
-62
189
-58
-376
352
-135
-279
391
-66
-335
397
-191
-217
291
-341
260
-9
-105
234
50
-335
494
-546
258
-94
-34
153
-106
170
-43
29
-245
452
-491
57
552
-677
430
277
-705
622
-70
-657
814
-231
-598
1134
-704
-229
949
-880
32
691
-707
148
480
-380
-255
851
-888
253
316
-364
-47
444
-163
-515
1025
-936
307
26
129
-533
647
-158
-341
424
-223
119
-558
909
-756
138
365
-301
23
-106
377
-753
615
-243
-229
564
-515
291
-106
104
-475
752
-792
358
201
-478
406
-278
196
-321
315
-383
463
-483
451
-209
55
45
-169
328
-588
545
-105
-432
554
72
-945
1187
-577
-401
685
-33
-765
863
-32
-792
900
-422
-63
92
46
61
-306
393
-1
-414
347
75
-272
-179
961
-1073
373
777
-1222
657
437
-854
97
1319
-1886
1170
371
-1351
1280
-450
-237
291
235
-596
538
-133
3
-218
411
-153
-449
830
-528
-104
493
-158
-385
482
15
-453
307
164
-324
-114
743
-1051
616
168
-905
914
-505
-25
180
-7
-177
283
-218
80
58
-355
640
-840
327
677
-1375
980
165
-983
666
241
-940
719
189
-970
1021
-262
-373
371
-120
185
-761
1063
-644
-178
906
-914
209
644
-890
9
1247
-1798
1169
88
-858
733
30
-758
767
-125
-641
963
-714
309
66
-296
311
-81
-340
601
-439
8
527
-900
966
-583
-255
1087
-1376
880
150
-970
1038
-219
-1031
1740
-1224
-432
1996
-2038
488
1361
-1975
1014
556
-1650
1715
-882
-220
909
-666
-252
1116
-1242
475
730
-1601
1613
-890
180
-13
204
-228
-26
249
-315
392
-583
698
-531
116
262
-465
317
57
-369
322
34
-261
113
212
-326
150
83
-48
-208
356
-26
-642
1018
-553
-403
977
-637
-183
731
-683
255
152
-303
175
-8
61
-302
412
-221
-91
216
-133
-3
95
-104
-48
279
-417
275
84
-450
619
-464
105
74
144
-408
146
554
-986
727
-209
56
-364
639
-528
102
302
-404
271
-264
596
-951
780
-140
-341
281
60
-235
153
54
-247
293
-9
-460
595
-99
-634
959
-650
42
386
-364
-9
341
-273
-123
479
-556
451
-281
-100
647
-979
745
-191
-82
-196
661
-695
112
675
-1056
771
-185
-99
-64
335
-352
144
23
63
-292
396
-218
-108
217
105
-452
246
549
-1287
1353
-726
7
286
-106
-260
486
-307
-204
677
-857
684
-248
-260
544
-387
-152
633
-620
136
387
-617
428
62
-448
340
215
-782
827
-175
-815
1500
-1399
411
934
-1630
1096
217
-1275
1217
-106
-1113
1466
-726
-556
1472
-1362
346
818
-1401
1065
-139
-577
699
-309
-124
278
-91
-184
355
-443
349
-141
-81
285
-358
315
-271
214
-3
-280
471
-387
58
178
-93
-167
282
-245
141
38
-346
763
-934
601
105
-560
310
450
-943
484
647
-1433
1204
-289
-470
533
-4
-536
640
-236
-426
906
-995
735
-363
-33
254
-239
138
-71
188
-431
663
-664
339
148
-506
446
-149
-71
30
214
-379
283
44
-231
134
185
-453
319
129
-498
495
-113
-360
475
-155
-314
579
-322
-294
695
-517
-153
768
-790
164
562
-747
233
499
-727
219
514
-884
720
-215
-231
419
-408
363
-334
327
-243
107
54
-241
350
-261
-53
237
-106
-276
481
-282
-193
620
-684
397
46
-359
425
-239
-75
250
-155
-226
491
-369
-55
401
-404
93
329
-538
508
-301
1
230
-303
238
-178
196
-407
560
-508
316
-59
-118
209
-299
490
-640
650
-505
291
-150
140
-115
-70
428
-862
1009
-726
228
206
-379
232
70
-278
320
-98
-178
300
-21
-444
715
-393
-412
1024
-882
118
468
-255
-652
1481
-1444
507
739
-1407
1210
-391
-383
560
-118
-532
815
-503
-81
362
-229
-66
181
-15
-152
106
15
-22
-141
277
-212
-72
303
-274
83
158
-323
317
-185
11
118
-87
-174
354
-277
-122
500
-563
257
69
-147
-2
100
-74
40
-217
457
-308
-279
863
-893
206
612
-848
307
479
-837
486
196
-633
516
-47
-363
401
-51
-333
457
-244
-23
121
20
-131
-31
412
-657
502
-14
-416
429
-90
-197
191
176
-540
657
-411
-4
424
-629
534
-194
-150
262
-40
-318
502
-291
-132
554
-622
298
178
-498
406
129
-701
846
-382
-448
1018
-936
334
242
-324
-15
325
-252
-204
640
-741
509
-173
46
-77
113
29
-280
406
-316
106
-92
245
-417
243
192
-542
413
98
-533
390
207
-747
654
2
-681
847
-384
-247
548
-425
67
153
-244
231
-174
-50
394
-615
343
333
-853
682
140
-908
951
-270
-538
804
-444
-125
475
-372
23
349
-469
272
80
-323
249
26
-146
3
276
-305
73
161
-74
-198
293
-2
-401
501
-145
-301
428
-51
-441
675
-395
-161
586
-564
148
345
-523
261
204
-552
548
-267
-107
376
-390
186
127
-299
108
340
-681
597
-74
-453
610
-333
-43
194
-79
-113
190
-151
34
21
-42
-33
126
-199
189
-150
77
-7
-159
328
-435
332
-121
22
-141
351
-391
105
304
-573
542
-305
67
-7
94
-262
251
9
-410
625
-389
-151
508
-354
-193
538
-301
-262
619
-363
-225
607
-420
-106
521
-491
139
261
-387
240
24
-186
120
114
-315
318
-150
-49
145
-166
177
-207
209
-102
20
32
-8
39
-124
219
-205
115
-55
19
62
-249
402
-327
-6
282
-219
-144
444
-323
-125
482
-409
34
274
-257
-29
280
-327
247
-94
-38
165
-242
128
128
-380
349
14
-429
572
-318
-93
334
-228
-135
400
-405
93
310
-514
429
-78
-253
316
-114
-171
206
19
-285
327
-106
-183
361
-342
245
-131
-14
111
-197
178
-108
115
-122
145
-80
-48
110
-124
131
-134
138
-66
-30
75
-90
66
-48
38
-12
10
-77
142
-120
26
92
-85
-11
23
68
-204
243
-122
14
6
0
11
-121
210
-177
100
1
-43
10
-2
-28
7
61
-145
191
-141
33
56
-66
66
-99
111
-62
-71
125
12
-226
294
-71
-232
299
-48
-307
358
-44
-377
544
-296
-107
351
-259
-43
258
-240
11
219
-235
60
147
-176
-5
194
-242
119
-16
46
-75
-3
226
-345
207
64
-221
57
207
-286
107
195
-289
163
11
-99
72
-13
-2
39
-78
102
-73
9
-6
68
-146
155
-56
-94
194
-240
197
-108
14
28
6
-98
162
-116
-35
192
-240
139
31
-139
92
41
-155
165
-61
-52
72
-19
-68
125
-96
15
92
-166
155
-78
-25
50
28
-99
122
-35
-87
107
-86
46
-54
69
-24
-5
-25
123
-163
59
137
-235
131
71
-144
-6
215
-264
138
83
-192
130
-32
-42
47
16
-80
85
-6
-90
141
-84
-50
106
-68
-26
18
53
-101
71
36
-97
73
-53
43
-79
86
-23
-13
48
-38
37
-69
102
-96
34
35
-67
67
3
-48
38
9
-59
30
38
-78
45
36
-86
71
-17
-30
4
13
-17
4
32
-23
-10
42
-34
19
-11
30
-53
50
26
-117
128
-103
42
-30
73
-77
26
88
-140
102
-60
33
-59
83
-44
-26
96
-102
63
-51
18
-11
15
15
-61
91
-99
86
-51
13
-32
35
4
-43
84
-69
31
-21
32
-82
67
-16
-17
11
37
-66
38
4
-40
6
17
10
-41
78
-59
26
-20
35
-56
36
11
-24
30
6
-18
12
-6
-2
-35
44
-13
-14
45
-35
37
-58
84
-102
58
0
-14
8
-19
43
-66
71
-42
-12
13
0
21
-42
30
-31
9
8
-3
16
-18
40
-28
24
-44
27
-17
6
-7
26
-21
3
31
-51
21
-18
52
-75
83
-32
-6
26
-17
-4
-49
61
-56
40
0
13
-15
-6
12
-60
34
-17
0
22
6
-1
9
-16
-6
-3
-30
38
-9
10
21
13
-33
25
-10
-31
32
-24
54
-57
78
-57
4
0
-14
-6
-4
46
-56
69
-29
-4
-13
-8
-29
6
17
-19
31
13
-18
31
-29
-16
5
1
2
3
15
-14
2
2
-10
-43
53
-21
2
54
-26
-7
30
-13
-32
56
-34
28
14
4
-1
-9
-2
-18
-23
-4
25
-45
57
-36
-15
28
-51
17
-12
-21
36
3
-17
57
-32
-12
38
-47
16
9
-4
18
13
-3
6
-29
13
-19
-21
42
-33
15
34
-20
2
33
-56
-2
14
-47
23
25
-3
14
16
-11
-30
5
-7
-25
17
37
-32
30
40
-51
12
20
-49
-16
60
-49
13
48
-30
-15
21
-13
-40
27
17
-34
19
48
-61
24
24
-39
8
48
-21
0
32
-24
-17
6
4
-48
31
3
-21
30
5
-32
20
-12
-15
21
-14
20
-2
5
-9
-16
-7
-10
-9
28
-5
11
38
-29
10
12
-31
5
30
-23
29
28
-12
10
-9
-6
-19
-7
18
-19
-6
41
-62
8
20
-65
34
-6
-20
29
0
8
7
-21
16
-19
-8
44
-31
24
41
-35
30
5
-53
31
-18
-25
41
-25
21
28
-22
18
-4
-32
8
-19
-16
31
-10
27
12
-19
22
-32
-12
10
-31
11
31
-25
20
12
-28
6
-6
-16
-10
26
-7
9
11
0
-21
6
7
-33
22
15
-24
20
23
-41
27
2
-17
9
18
-3
-1
19
-6
-14
3
14
-42
30
9
-36
25
1
-31
18
2
-28
16
3
-1
4
9
-15
-7
9
-15
-1
8
-4
7
16
-12
9
6
-14
17
-2
-7
24
-1
-5
23
-21
4
13
-28
22
-6
-31
31
-27
-21
32
-31
-7
31
-26
0
35
-31
4
19
-29
11
15
-16
17
10
-9
18
-5
-4
7
-8
-2
10
-7
5
8
-9
5
0
-9
1
4
-12
6
7
-13
13
0
-18
14
-5
-22
19
-7
-18
27
-15
-15
29
-19
-9
34
-26
-4
33
-30
8
25
-31
11
20
-33
20
17
-29
26
6
-27
27
-3
-22
34
-14
-19
31
-21
-9
28
-27
0
27
-32
5
18
-32
16
16
-29
17
6
-26
20
-1
-19
18
-7
-14
14
-7
-4
14
-5
-4
8
-1
-2
4
0
-5
4
3
-9
3
-1
-7
8
0
-5
11
-4
2
9
-12
8
5
-12
12
-2
-8
19
-7
-4
17
-14
5
12
-20
9
3
-16
18
-10
-9
21
-18
1
15
-26
13
6
-29
23
-3
-20
28
-16
-11
31
-25
0
24
-29
9
14
-29
17
7
-23
18
-2
-10
17
-6
-3
8
-6
3
-1
-2
9
-10
5
8
-13
16
5
-16
22
-7
-15
25
-19
-11
25
-25
-1
22
-28
9
18
-28
15
10
-25
16
-1
-21
14
-6
-14
12
-8
-3
9
-10
3
8
-4
3
-2
-5
4
-1
1
-1
-1
6
0
-2
7
-4
1
9
-9
2
7
-8
5
4
-12
7
5
-9
9
2
-5
10
-1
-6
10
-4
-6
7
-7
-2
9
-6
-2
4
-9
0
2
-9
3
3
-4
4
0
-4
4
-2
-4
