-2
-1
0
0
0
1
0
0
-1
-1
1
0
0
-1
0
1
0
0
-1
-1
-1
-1
-1
0
1
2
0
-1
0
-2
1
1
0
1
0
-1
-1
1
1
-1
0
0
1
1
0
0
2
1
0
-1
0
0
0
-1
-1
-1
0
0
0
1
0
1
1
0
1
1
0
-1
-1
-1
0
0
0
0
1
0
-1
0
0
1
0
1
-1
-2
0
0
-1
0
1
1
1
1
1
1
1
1
-1
0
1
1
1
0
-1
0
-1
0
1
-1
-1
0
0
0
0
0
2
0
1
1
0
-1
0
1
0
-1
0
0
1
-1
1
1
-1
-1
-1
2
-1
1
1
1
0
-1
0
-1
0
-1
1
0
0
-1
-2
1
0
0
1
0
0
1
0
0
0
-1
-1
0
0
0
-1
0
0
-2
-1
-2
0
-1
-1
0
-1
1
0
0
0
-1
-1
-1
1
1
1
0
-1
1
1
0
0
0
0
-1
0
1
1
0
1
1
0
-2
-1
-1
0
0
0
0
0
-1
-1
0
-1
-1
1
0
-1
1
0
1
0
0
-1
0
-1
0
0
0
0
1
0
-1
1
1
0
-1
-1
-1
-1
-1
-2
0
2
1
-1
-2
0
0
1
0
-2
0
-2
-1
1
2
0
0
-1
-1
0
1
0
-1
0
-1
0
1
-1
1
0
0
-2
1
0
-2
3
2
1
-1
-1
-1
1
1
1
-1
-1
-1
-2
-2
1
-1
-1
-1
-1
-1
0
2
2
1
1
0
0
1
1
-2
-2
-1
-2
-1
0
1
-1
-1
1
1
1
1
0
0
-1
-2
1
0
0
-1
0
-1
0
1
-1
1
1
0
0
-1
0
-1
0
0
-1
0
0
0
1
0
0
-1
0
0
-2
1
0
2
1
-1
1
0
-1
0
0
1
0
-1
-1
-1
-1
-1
3
1
0
-1
-1
0
0
1
0
0
0
1
0
1
0
-1
-1
0
1
1
0
-1
0
0
-1
0
1
1
1
1
-1
-2
0
0
1
-1
-1
1
0
2
1
3
0
-2
0
-2
-1
1
1
1
-1
-4
-1
1
0
-1
-1
-1
0
-2
1
2
1
1
0
-1
0
1
1
0
1
-1
1
-1
0
0
1
2
-1
-2
1
0
0
1
0
-1
-1
0
1
0
-1
-1
-1
-1
1
2
0
0
0
0
0
0
0
1
0
-1
-1
0
0
1
0
-2
0
-1
-3
-3
-1
1
1
0
0
1
1
-1
0
0
-1
0
0
1
1
2
-1
-1
-1
-2
0
2
2
2
-1
-1
-1
0
0
-1
2
-1
0
0
0
2
2
1
1
-1
0
1
-1
-1
1
0
0
0
0
0
1
2
0
-1
0
-2
-1
-1
0
0
-2
0
1
0
1
2
1
0
-1
-1
-1
0
0
0
1
1
0
1
1
0
0
-1
0
0
0
1
-1
0
1
1
0
-2
-1
0
-1
0
1
0
-1
0
1
1
1
-1
2
-1
-1
1
1
0
-2
-2
0
1
0
0
0
0
-1
-2
-1
2
3
0
2
1
1
1
2
2
4
4
4
3
2
3
2
3
3
4
2
1
0
-1
0
0
1
1
1
-1
-2
-3
-3
2
4
6
6
7
9
12
15
20
22
20
20
21
23
27
32
33
34
31
31
33
33
31
30
24
18
17
19
19
16
14
7
4
5
6
3
1
-4
-10
-11
-9
-8
-7
-8
-11
-10
-6
-1
2
3
2
-1
1
6
11
11
8
8
13
18
21
25
22
13
11
13
16
18
17
15
15
15
14
13
9
3
2
5
9
14
16
14
12
17
21
21
22
21
23
28
34
39
31
11
-14
-28
-30
-26
-21
-25
-41
-66
-87
-96
-97
-93
-90
-89
-90
-91
-95
-100
-101
-95
-78
-58
-37
-23
-15
-13
-9
2
17
29
38
47
56
57
60
61
60
55
51
55
60
59
52
38
18
1
-7
-7
-5
-6
-17
-33
-46
-52
-53
-56
-63
-70
-74
-76
-73
-65
-63
-67
-69
-62
-49
-33
-22
-16
-17
-13
-4
7
14
13
5
-2
0
7
12
6
-6
-21
-32
-33
-28
-27
-35
-48
-59
-58
-51
-44
-42
-45
-47
-41
-25
-4
19
30
29
21
15
14
18
27
42
55
56
45
30
21
17
23
33
38
30
11
-11
-31
-45
-53
-56
-58
-59
-57
-56
-61
-69
-79
-88
-92
-83
-66
-50
-42
-40
-37
-33
-23
0
25
48
63
72
83
93
104
120
135
151
165
180
194
204
206
206
207
207
209
207
200
190
183
176
173
168
159
139
109
89
89
102
113
117
110
92
82
103
142
177
197
207
216
230
254
279
292
292
295
308
332
344
318
256
175
110
79
72
68
25
-68
-189
-295
-369
-414
-441
-456
-486
-543
-598
-644
-671
-691
-686
-645
-587
-523
-464
-419
-392
-387
-364
-302
-202
-94
-17
33
49
40
29
32
52
70
86
103
86
22
-72
-161
-232
-288
-319
-352
-411
-474
-523
-590
-683
-749
-756
-740
-716
-679
-650
-649
-662
-644
-599
-549
-476
-364
-253
-180
-127
-45
56
151
259
375
477
570
673
778
842
872
906
961
1017
1078
1138
1170
1166
1155
1137
1105
1077
1072
1075
1051
1023
1027
1055
1093
1122
1151
1163
1149
1155
1195
1285
1391
1453
1419
1280
1052
788
587
553
629
605
402
97
-261
-659
-961
-1039
-1001
-1048
-1182
-1326
-1539
-1880
-2165
-2224
-2141
-2035
-1858
-1639
-1564
-1664
-1774
-1747
-1628
-1420
-1077
-702
-454
-359
-320
-263
-218
-127
73
349
624
806
864
771
579
419
379
454
553
580
536
402
145
-195
-519
-745
-861
-877
-867
-944
-1156
-1421
-1634
-1751
-1782
-1707
-1549
-1397
-1310
-1291
-1318
-1345
-1309
-1151
-910
-650
-392
-179
-27
42
111
261
512
823
1118
1325
1414
1417
1427
1471
1532
1620
1729
1832
1869
1812
1678
1510
1383
1347
1366
1394
1370
1305
1232
1191
1238
1340
1455
1551
1626
1693
1755
1853
2005
2146
2205
2132
1900
1539
1186
1005
993
1005
891
565
42
-539
-972
-1203
-1304
-1341
-1356
-1468
-1778
-2217
-2607
-2845
-2903
-2736
-2409
-2123
-2004
-2006
-2061
-2124
-2103
-1862
-1402
-900
-503
-256
-148
-122
-98
49
310
627
961
1242
1390
1326
1143
996
965
1031
1126
1192
1172
1035
810
535
202
-136
-372
-512
-674
-916
-1153
-1326
-1481
-1687
-1913
-2071
-2110
-2011
-1843
-1735
-1748
-1812
-1818
-1761
-1664
-1517
-1288
-1007
-739
-526
-409
-344
-225
14
298
512
669
826
979
1057
1053
1042
1066
1144
1246
1315
1292
1198
1127
1085
1030
950
916
988
1103
1173
1146
1093
1137
1313
1535
1691
1747
1815
1962
2162
2344
2486
2610
2632
2398
1890
1335
1070
1241
1617
1709
1197
290
-431
-667
-649
-671
-763
-813
-910
-1218
-1717
-2258
-2641
-2685
-2382
-1983
-1764
-1699
-1599
-1525
-1672
-1929
-1898
-1397
-692
-159
11
-130
-298
-230
87
368
480
603
881
1160
1168
888
532
323
350
530
682
684
539
271
-67
-385
-632
-851
-1090
-1260
-1393
-1716
-2312
-2885
-3039
-2776
-2436
-2351
-2566
-2841
-2911
-2745
-2575
-2516
-2363
-1940
-1471
-1309
-1449
-1573
-1394
-955
-447
-54
179
396
651
815
725
566
678
1125
1634
1918
1914
1725
1541
1471
1462
1408
1369
1488
1663
1661
1425
1124
967
1035
1258
1482
1661
1893
2225
2486
2512
2429
2478
2746
3122
3520
3899
4190
4295
4052
3384
2449
1641
1352
1724
2369
2529
1729
374
-642
-1020
-1106
-1114
-916
-623
-635
-1082
-1761
-2484
-3063
-3129
-2638
-2069
-1804
-1645
-1408
-1377
-1762
-2226
-2223
-1615
-683
44
155
-181
-360
-76
326
476
464
579
873
1179
1258
935
416
133
207
299
207
35
-173
-461
-788
-1108
-1513
-1880
-1990
-2061
-2517
-3194
-3540
-3632
-3783
-3694
-3049
-2438
-2478
-2809
-2956
-2989
-2930
-2408
-1505
-892
-711
-576
-514
-802
-1054
-725
-60
485
975
1446
1473
1000
563
442
455
669
1294
1978
2195
1942
1514
1019
555
412
616
830
951
1074
1074
742
296
163
395
818
1386
2076
2626
2886
3002
3078
3102
3217
3633
4215
4704
5142
5502
5183
3838
2267
1387
899
253
126
1057
1739
615
-1497
-2674
-2786
-2878
-2822
-1883
-746
-616
-1244
-1715
-2128
-2833
-3135
-2383
-1167
-298
196
404
24
-797
-1345
-1265
-784
-109
705
1325
1404
990
426
-5
-163
-99
28
238
585
795
413
-491
-1343
-1829
-2059
-2106
-1926
-1662
-1594
-1781
-2117
-2603
-3259
-3751
-3656
-3044
-2404
-2055
-1921
-2007
-2386
-2762
-2601
-1898
-1201
-835
-725
-795
-1070
-1334
-1299
-1010
-704
-453
-255
-235
-415
-603
-665
-675
-585
-289
50
133
-29
-124
10
304
716
1209
1594
1709
1648
1596
1557
1490
1530
1782
2099
2333
2589
2861
2888
2677
2668
3084
3610
3924
4074
4167
4193
4131
4034
4042
4283
4651
4786
4610
4353
3828
2389
216
-1389
-1769
-1674
-1608
-1118
-391
-712
-2309
-3640
-3668
-3036
-2338
-1203
263
1002
610
-94
-520
-818
-849
-67
1340
2426
2688
2310
1494
357
-589
-743
-128
698
1301
1516
1217
359
-753
-1622
-1972
-1882
-1600
-1297
-1177
-1475
-2234
-3174
-3924
-4267
-4154
-3648
-2989
-2513
-2432
-2734
-3234
-3633
-3700
-3395
-2701
-1715
-920
-988
-1765
-2268
-1896
-1180
-755
-519
-227
-144
-479
-865
-948
-839
-747
-608
-416
-361
-552
-893
-1276
-1498
-1352
-964
-730
-744
-749
-659
-677
-749
-494
171
801
1033
1059
1195
1387
1418
1344
1386
1606
2007
2552
3070
3351
3424
3505
3630
3717
3807
4008
4240
4385
4518
4740
4846
4651
4318
4169
4219
4283
4066
3255
1776
108
-1165
-2062
-2705
-2646
-1587
-520
-682
-1803
-2569
-2694
-2724
-2438
-1097
716
1558
1247
828
644
153
-455
-296
774
1800
2179
1917
1158
13
-1012
-1522
-1520
-1177
-538
162
278
-436
-1562
-2380
-2748
-2828
-2839
-2668
-2336
-2074
-2364
-3151
-3878
-4089
-3967
-3774
-3259
-2346
-1568
-1595
-2079
-2415
-2314
-2057
-1614
-1050
-469
-169
-299
-1095
-2193
-2694
-2041
-949
-446
-432
-588
-985
-1909
-2595
-2393
-1428
-656
-319
-318
-528
-1048
-1598
-1876
-1721
-1112
-295
340
461
354
224
222
330
892
1772
2636
3109
3316
3255
2970
2668
2674
3009
3431
3945
4522
4952
4861
4549
4321
4233
4007
3933
4230
4743
4949
4809
4559
4328
4090
3910
3957
4126
4088
3333
1854
64
-1392
-2578
-3421
-3384
-1967
-378
-219
-1425
-2391
-2598
-2755
-2706
-1492
561
1731
1557
1060
879
367
-406
-625
136
1066
1575
1461
768
-410
-1556
-2277
-2570
-2439
-1757
-775
-328
-750
-1621
-2338
-2946
-3441
-3670
-3407
-2933
-2568
-2569
-2901
-3441
-3891
-4061
-3880
-3353
-2626
-2009
-1779
-1806
-1863
-1894
-1950
-1873
-1626
-1423
-1406
-1293
-971
-800
-1050
-1368
-1503
-1546
-1677
-1769
-1718
-1578
-1446
-1279
-1133
-1128
-1252
-1375
-1485
-1557
-1411
-1022
-636
-478
-410
-270
-92
25
280
802
1491
1967
2132
2243
2517
2699
2622
2566
2749
3004
3187
3508
3992
4395
4574
4749
4745
4336
3797
3867
4458
4909
4850
4642
4441
4152
3840
3674
3661
3773
4021
3862
2853
1229
-326
-1963
-3558
-3990
-2316
26
868
35
-921
-1576
-2501
-3202
-2339
-179
1468
1839
1768
1739
1117
-224
-1272
-1181
-274
691
1264
1243
519
-764
-2125
-3037
-3163
-2516
-1487
-651
-446
-854
-1622
-2417
-3182
-3827
-4190
-3965
-3331
-2730
-2584
-2802
-3185
-3600
-3877
-3670
-2954
-2299
-2099
-2105
-1855
-1677
-1840
-2106
-1909
-1734
-1920
-2042
-1333
-614
-776
-1543
-1821
-1699
-1807
-2141
-2140
-1862
-1810
-1808
-1473
-938
-814
-1043
-1321
-1402
-1463
-1370
-1108
-664
-227
160
326
366
484
783
1179
1545
1857
2217
2780
3348
3622
3473
3204
3147
3415
3928
4609
5362
5870
5898
5450
4891
4587
4645
4782
4884
5076
5421
5598
5294
4749
4300
4094
4052
4453
4850
4368
2417
-204
-2587
-4078
-4149
-2408
173
1566
1003
-397
-1463
-2451
-3216
-2872
-1026
790
1609
1754
1891
1238
-459
-2057
-2164
-1115
-15
637
865
497
-697
-2209
-3303
-3517
-3082
-2224
-1362
-783
-803
-1343
-2259
-3320
-4325
-4883
-4709
-3979
-3169
-2705
-2601
-2811
-3205
-3586
-3543
-3176
-2864
-2800
-2561
-2024
-1578
-1546
-1717
-1895
-2237
-2470
-2041
-1004
-434
-671
-1268
-1656
-2102
-2453
-2498
-2173
-2084
-2122
-1907
-1253
-820
-841
-1124
-1320
-1431
-1440
-1236
-827
-360
-8
257
456
751
1037
1248
1377
1624
1887
2230
2777
3553
4010
3845
3338
3143
3324
3675
4110
4788
5462
5715
5406
4776
4180
3697
3500
3710
4452
5162
5461
5134
4678
4100
3686
3509
3868
3830
2803
926
-718
-2133
-3411
-3851
-2498
-267
764
215
-648
-1099
-2009
-3048
-2982
-1282
289
934
1078
1410
959
-442
-1792
-1862
-1141
-462
-30
279
150
-684
-1771
-2584
-2888
-2846
-2311
-1465
-727
-663
-1124
-1825
-2605
-3481
-4137
-4166
-3604
-2913
-2533
-2349
-2354
-2569
-3056
-3326
-3232
-2970
-2974
-2891
-2446
-1843
-1706
-1979
-2198
-2188
-2160
-2081
-1637
-1061
-755
-905
-1072
-1293
-1650
-2164
-2269
-1985
-1474
-1013
-418
37
64
-415
-941
-1300
-1447
-1266
-655
178
808
1166
1318
1394
1338
1295
1316
1523
1908
2594
3370
3845
3766
3413
3130
3123
3424
4054
4886
5593
5857
5660
5246
4848
4590
4684
5321
6291
6806
6397
5415
4530
3880
3551
3892
4853
5233
3923
1298
-1457
-3809
-5421
-5220
-2679
611
2190
1662
324
-1052
-2758
-4192
-4114
-2337
-278
1142
1951
2116
1048
-1014
-2733
-3071
-2284
-1138
8
871
1044
256
-1100
-2481
-3395
-3602
-2954
-1836
-841
-439
-591
-1232
-2348
-3757
-4834
-5055
-4471
-3579
-2826
-2356
-2267
-2586
-3214
-3850
-4278
-4322
-4034
-3476
-2812
-2154
-1818
-1988
-2476
-2639
-2276
-1762
-1532
-1378
-1062
-751
-786
-1030
-1190
-1302
-1487
-1589
-1341
-834
-308
46
218
85
-278
-721
-1005
-1046
-725
-150
479
921
1188
1326
1331
1146
904
817
1107
1788
2599
3198
3424
3428
3288
3091
3038
3431
4176
4898
5315
5532
5731
5943
6038
5917
5631
5283
5046
4982
5122
5340
5531
5478
5121
4269
2693
230
-2623
-4874
-5448
-4017
-1344
1018
1844
1099
-433
-2026
-3264
-3651
-2972
-1603
-298
665
1166
895
-354
-1866
-2713
-2548
-1767
-672
514
1324
1225
221
-1153
-2317
-2863
-2638
-1788
-804
-107
112
-147
-909
-2096
-3431
-4433
-4721
-4224
-3284
-2406
-1970
-2062
-2570
-3234
-3780
-4111
-4195
-3986
-3422
-2593
-1759
-1243
-1332
-2060
-2921
-3271
-2793
-1723
-542
223
95
-817
-1798
-2243
-2192
-1864
-1209
-273
492
734
526
50
-750
-1638
-2011
-1593
-765
-27
503
810
806
504
212
247
618
1051
1361
1628
2111
2816
3348
3344
3004
2767
2809
3066
3601
4450
5316
5835
6039
6189
6238
5948
5426
5132
5302
5791
6331
6645
6580
6306
6012
5294
3476
697
-1975
-3769
-4679
-4451
-2562
231
1897
1462
13
-1206
-2258
-3191
-3062
-1430
435
1194
1098
920
399
-917
-2274
-2502
-1563
-370
512
1055
1069
274
-991
-1990
-2366
-2233
-1688
-807
21
251
-259
-1213
-2364
-3574
-4478
-4650
-4131
-3356
-2698
-2276
-2211
-2655
-3459
-4160
-4423
-4333
-4120
-3832
-3389
-2867
-2492
-2384
-2419
-2379
-2236
-2055
-1769
-1348
-960
-817
-949
-1220
-1543
-1871
-2033
-1842
-1295
-603
7
321
234
-149
-627
-1070
-1351
-1291
-876
-327
154
556
844
893
739
612
603
650
853
1362
2021
2472
2591
2531
2403
2319
2551
3188
3885
4322
4581
4866
5145
5289
5367
5527
5702
5646
5343
5133
5236
5487
5634
5662
5278
3621
362
-3261
-5413
-5440
-3811
-1081
1841
3395
2762
990
-547
-1689
-2585
-2506
-1015
843
1919
2212
1922
653
-1346
-2704
-2574
-1600
-617
345
1212
1321
367
-948
-1807
-2084
-1972
-1482
-657
105
338
-69
-970
-2260
-3760
-4905
-5043
-4198
-3069
-2174
-1529
-1211
-1543
-2436
-3310
-3844
-4158
-4272
-3947
-3240
-2614
-2324
-2253
-2341
-2609
-2872
-2899
-2589
-1938
-1053
-294
-44
-283
-716
-1172
-1660
-1951
-1708
-1001
-250
215
300
-26
-670
-1400
-1876
-1802
-1122
-86
910
1650
2069
2115
1798
1337
1035
1026
1354
2063
2958
3520
3421
2872
2302
2006
2133
2726
3644
4560
5226
5576
5670
5639
5523
5281
5004
5007
5394
5806
6009
6189
6263
5340
2672
-1208
-4874
-6909
-6256
-2844
1554
4252
4172
2528
744
-906
-2219
-2309
-917
916
2284
3196
3423
2122
-537
-2808
-3282
-2341
-1089
117
1295
1921
1329
-298
-2066
-3175
-3283
-2480
-1230
-199
199
-6
-713
-2024
-3863
-5587
-6358
-5916
-4714
-3357
-2216
-1476
-1303
-1749
-2664
-3705
-4458
-4621
-4171
-3376
-2657
-2376
-2607
-3053
-3328
-3354
-3183
-2651
-1738
-915
-633
-677
-614
-526
-772
-1152
-1215
-1080
-1027
-850
-328
2
-472
-1407
-1976
-1941
-1612
-1188
-654
17
774
1445
1732
1579
1423
1580
1771
1732
1789
2273
2888
3132
2954
2556
2047
1720
1973
2787
3750
4480
4816
4756
4575
4686
5056
5180
4932
4827
5185
5710
5986
5992
5755
4667
1494
-3890
-8738
-9079
-4349
1246
3735
3649
3208
2178
-227
-2112
-1347
446
854
1054
3294
5634
4409
296
-2531
-2482
-1662
-1354
-532
1242
2534
2231
716
-1113
-2660
-3250
-2543
-1161
-140
302
522
451
-493
-2406
-4511
-5829
-6045
-5330
-3961
-2369
-1312
-1191
-1520
-1763
-2215
-3209
-4056
-3823
-2852
-2250
-2158
-2024
-2107
-2936
-3783
-3524
-2530
-1903
-1690
-1286
-926
-1097
-1416
-1216
-855
-994
-1365
-1264
-826
-599
-552
-587
-885
-1425
-1853
-1949
-1790
-1466
-869
-18
740
1122
1248
1414
1593
1499
1204
1279
2010
2897
3241
3008
2648
2292
1975
2057
2729
3571
4070
4185
4283
4535
4729
4656
4423
4375
4769
5382
5876
6132
6121
5360
3112
-991
-6018
-9328
-8150
-2805
2629
4552
3499
1950
429
-1380
-2156
-466
2008
3025
3354
4767
5572
3093
-1251
-3310
-1975
34
1012
1815
2940
3060
1511
-639
-2036
-2527
-2244
-1157
353
1258
1096
285
-761
-2347
-4416
-6116
-6530
-5771
-4473
-3112
-2004
-1639
-2165
-2896
-3067
-2962
-3251
-3730
-3566
-2599
-1763
-1944
-2774
-3310
-3346
-3345
-3234
-2565
-1466
-715
-639
-876
-1006
-1084
-1272
-1353
-1125
-829
-629
-446
-449
-838
-1455
-2080
-2633
-3010
-2897
-2050
-756
285
725
900
1200
1433
1280
996
1179
1967
2791
3067
2921
2688
2282
1749
1687
2459
3545
4191
4290
4373
4734
5081
5059
4750
4496
4361
4302
4509
5269
6441
6985
5303
508
-6124
-10875
-10188
-4578
1409
3992
3502
1997
19
-2150
-2855
-1137
1117
2228
3370
5783
7000
4251
-633
-3254
-2470
-722
561
2065
3798
4202
2712
508
-1195
-2223
-2357
-1237
645
1968
2241
1939
1258
-333
-2888
-5398
-6540
-6073
-4680
-3210
-2207
-2050
-2613
-3151
-3177
-3153
-3582
-4112
-3924
-2883
-1752
-1211
-1303
-2075
-3445
-4450
-4018
-2654
-1635
-1252
-897
-572
-710
-1184
-1340
-1117
-1140
-1394
-1076
-134
434
151
-607
-1577
-2682
-3483
-3483
-2701
-1581
-509
414
1176
1592
1551
1198
710
380
752
2014
3524
4340
4001
2807
1643
1216
1492
2232
3437
4819
5764
6115
6161
5879
5044
4033
3735
4338
5143
5909
6783
6485
3257
-2058
-6533
-8666
-8486
-5491
-226
3763
3410
359
-1642
-2081
-2738
-2872
-253
3845
5854
5365
4488
3258
322
-2893
-3271
-634
2188
3463
3850
3817
2520
-104
-2314
-2604
-1232
721
2500
3624
3778
2850
1020
-1168
-3107
-4415
-4858
-4295
-3162
-2479
-2791
-3622
-4216
-4421
-4472
-4284
-3730
-3226
-3117
-2882
-2049
-1424
-2056
-3424
-3951
-3037
-1703
-1099
-1242
-1519
-1729
-2050
-2178
-1708
-966
-690
-985
-1187
-942
-746
-1101
-1667
-2003
-2341
-2942
-3410
-3334
-2819
-2115
-1323
-590
-75
279
521
564
502
736
1556
2706
3610
3835
3303
2405
1760
1741
2273
3153
4278
5413
6158
6374
6247
5798
5046
4621
5126
6210
7173
7581
6642
3448
-1553
-6493
-9358
-8671
-4394
858
3330
1903
-1042
-3090
-4093
-4117
-2025
1902
4883
5500
5395
5165
2923
-1239
-3662
-2074
1380
3689
4479
4563
3562
996
-1809
-2966
-2242
-589
1468
3589
4785
4238
2295
51
-1597
-2367
-2428
-1989
-1231
-701
-1192
-2775
-4613
-5875
-6186
-5422
-3891
-2590
-2407
-3068
-3406
-2993
-2818
-3376
-3382
-1885
-70
596
177
-882
-2564
-4152
-4288
-2706
-850
-239
-704
-1130
-1375
-1965
-2524
-2351
-1666
-1058
-736
-845
-1528
-2570
-3413
-3456
-2641
-1569
-681
119
647
411
-219
-302
329
1193
2127
3025
3441
3126
2460
2179
2624
3334
3854
4446
5309
5941
5918
5495
5110
5124
5624
6279
6813
6874
5418
1778
-2803
-6319
-7449
-5458
-1039
2671
2728
-241
-3228
-4560
-4553
-3225
-45
3760
5565
5022
4077
2872
38
-3038
-2994
462
4171
5782
5405
3782
1174
-1725
-3309
-2579
-318
2067
3929
4820
4065
1773
-796
-2317
-2305
-1169
199
1085
1065
-94
-2152
-4346
-5884
-6280
-5392
-3783
-2622
-2688
-3746
-4897
-5291
-4659
-3397
-2065
-938
-126
189
-89
-837
-1808
-2646
-2916
-2434
-1600
-1079
-1226
-1773
-2244
-2473
-2489
-2229
-1719
-1204
-873
-907
-1479
-2309
-2760
-2592
-2129
-1611
-1008
-497
-432
-710
-776
-499
-205
143
865
1732
2179
2217
2372
2858
3370
3689
3996
4484
5000
5401
5814
6200
6258
5932
5623
5755
6003
5071
2161
-1788
-5167
-6694
-5234
-959
3008
3093
-295
-3615
-4811
-4382
-2579
965
4676
5734
4185
2760
2007
103
-2302
-1954
1652
5195
6149
4953
2848
312
-1963
-2550
-899
1673
3535
4334
4227
2932
713
-1189
-1752
-885
788
2245
2572
1542
-382
-2424
-3910
-4465
-4076
-3047
-2076
-2005
-3078
-4804
-6326
-6704
-5594
-3748
-2127
-827
345
939
425
-844
-1866
-2038
-1552
-828
-196
-141
-1144
-2833
-3990
-4003
-3427
-2911
-2408
-1677
-1067
-1198
-2083
-2946
-3100
-2604
-1804
-928
-293
-335
-973
-1434
-1234
-738
-415
-164
229
593
821
1181
1882
2713
3353
3841
4309
4579
4540
4573
5012
5582
5887
5907
5843
5841
5321
3107
-748
-4476
-6364
-5747
-2633
1385
3008
508
-3786
-5953
-4953
-2351
818
4154
6033
4869
2198
549
-363
-1593
-1588
1445
5550
7221
5557
2301
-676
-2445
-2296
-106
2918
4955
5250
4215
2213
-179
-1770
-1727
-238
1812
3312
3310
1551
-1031
-2991
-3618
-2996
-1781
-733
-197
-532
-2005
-4168
-5825
-5874
-4728
-3612
-2704
-1479
-180
332
105
-145
-248
-336
-82
877
1740
1241
-576
-2366
-3139
-3086
-2819
-2731
-2856
-3020
-3191
-3411
-3542
-3376
-3048
-2642
-1993
-1287
-1063
-1566
-2210
-2083
-1143
-284
-61
-177
-491
-1014
-1128
-317
949
1906
2449
2857
3185
3394
3682
4261
4978
5422
5571
5723
5759
5435
4326
1863
-1644
-4844
-6431
-5634
-2288
1345
1391
-2778
-7087
-7747
-5428
-2125
1847
5582
6245
2983
-379
-781
-91
-472
6
3345
6869
6997
4013
723
-1156
-1448
33
2927
5640
6394
5009
2812
928
-88
62
1209
2714
3881
4005
2574
-222
-2858
-3630
-2505
-530
1061
1548
932
-822
-3215
-4973
-4983
-3246
-1186
-88
-122
-879
-1815
-2233
-1445
323
1955
2553
2244
1658
875
-193
-1165
-1597
-1493
-1163
-960
-1382
-2684
-4283
-5139
-4797
-3749
-2774
-2347
-2345
-2554
-2896
-3110
-2988
-2551
-1818
-851
-86
-49
-862
-2085
-2759
-2083
-391
1196
1959
1930
1534
1330
1783
2830
3972
4855
5449
5795
5727
5073
4007
2417
84
-2517
-4566
-5499
-4733
-2080
163
-1176
-5506
-8538
-7728
-4669
-1065
2820
5400
4114
-33
-2305
-1002
833
1272
2151
4493
5741
4088
1116
-715
-772
484
2881
5460
6478
5094
2530
782
607
1615
3031
4088
4296
3615
2220
305
-1562
-2403
-1738
-341
653
641
-286
-1585
-2736
-3202
-2814
-1914
-930
-231
70
-134
-811
-1524
-1462
-17
2222
3748
3564
2158
723
14
157
820
1344
1060
-69
-1382
-2391
-3149
-3678
-3676
-3110
-2524
-2446
-2934
-3554
-3820
-3603
-3049
-2395
-1850
-1446
-1168
-1081
-1354
-2010
-2611
-2563
-1680
-429
505
773
443
88
484
1768
3135
3906
4289
4702
5143
5336
5104
3957
1385
-2072
-5062
-6336
-5226
-2091
378
-1190
-6209
-10017
-9433
-5945
-1878
2139
4528
2856
-1625
-3813
-1862
771
1695
2571
4614
5456
3432
408
-1169
-940
458
2926
5444
6050
4160
1505
322
1100
2888
4525
5204
4706
3461
2121
930
47
-229
258
1014
1181
429
-883
-2052
-2577
-2390
-1816
-1140
-522
-317
-597
-882
-624
41
720
1655
2967
3821
3385
2323
1961
2386
2764
2722
2468
1913
801
-526
-1461
-1905
-2149
-2256
-2228
-2247
-2464
-2845
-3211
-3326
-3002
-2408
-1973
-1876
-1826
-1566
-1314
-1425
-1924
-2498
-2779
-2550
-1926
-1218
-681
-402
-283
11
872
2083
2997
3458
3937
4736
5390
5413
4477
2090
-1571
-4930
-5995
-4526
-2095
-911
-2690
-6965
-10714
-10712
-6974
-2371
765
1564
-35
-3032
-4738
-3451
-723
1262
2334
3337
3539
1869
-674
-2002
-1240
876
3340
5028
4809
2770
549
18
1445
3599
5097
5240
4172
2637
1524
1129
1172
1342
1464
1329
643
-445
-1360
-1688
-1468
-982
-548
-572
-1199
-2028
-2184
-1183
417
1550
1719
1431
1420
1904
2796
3989
5090
5297
4404
3263
2690
2583
2465
2350
2212
1569
80
-1557
-2409
-2419
-2139
-1958
-2003
-2285
-2578
-2453
-1964
-1690
-1785
-1670
-1018
-414
-400
-998
-1813
-2612
-2903
-2270
-1043
-349
-586
-1143
-1036
66
1580
2750
3360
3806
4413
5118
5504
5116
3025
-676
-4117
-5046
-3675
-1894
-1594
-3770
-8126
-12134
-12353
-8324
-3461
-921
-969
-2788
-5332
-6661
-4848
-1108
1565
1956
1547
1112
99
-1287
-1621
-395
1425
2770
3228
2672
1285
164
493
2361
4380
5262
4629
3273
2224
2176
2790
3176
2693
1571
439
-359
-740
-682
-337
-135
-287
-745
-1334
-1954
-2182
-1546
13
1525
1951
1242
440
417
1150
2321
3777
5075
5365
4536
3576
3261
3314
3409
3719
4147
3774
2056
15
-956
-758
-354
-437
-972
-1561
-1933
-1786
-1164
-781
-1088
-1560
-1404
-614
175
234
-433
-1548
-2431
-2428
-1529
-718
-385
-437
-376
224
1137
1994
2648
3214
3854
4726
5453
5638
4201
864
-2796
-4537
-4156
-2492
-966
-1523
-5422
-10736
-12879
-9896
-5003
-1958
-1344
-2771
-5701
-8017
-6777
-2680
405
378
-704
-934
-903
-1289
-1321
-549
387
896
1107
1062
488
-95
284
1737
3130
3497
2749
1646
1156
1787
2977
3433
2446
766
-367
-660
-590
-534
-486
-476
-652
-1079
-1580
-1974
-2147
-1925
-1108
93
849
625
1
66
882
1727
2303
2974
3759
4229
4272
4193
4020
3614
3230
3281
3555
3247
2254
1306
978
893
468
-307
-858
-885
-495
13
323
145
-437
-807
-317
801
1464
1059
17
-831
-1131
-908
-420
82
210
22
188
1150
2471
3325
3478
3597
4222
5018
5472
5146
3577
806
-2036
-3376
-2570
-811
-319
-2644
-7034
-10474
-10369
-7308
-4032
-2457
-3023
-5408
-8106
-8490
-5548
-1826
-484
-1497
-2618
-2793
-2460
-1783
-622
483
779
347
-209
-555
-560
1
1056
2027
2299
1771
907
439
864
1981
2793
2359
856
-514
-853
-409
37
93
-240
-910
-1617
-1865
-1555
-1186
-1136
-1252
-1324
-1451
-1515
-1075
-79
841
1243
1320
1337
1576
2477
4027
5222
5099
4035
3255
3371
3976
4323
3840
2498
1016
240
361
875
1094
660
-113
-430
58
850
1291
1273
1085
955
882
711
456
337
376
302
98
89
314
540
899
1747
2888
3668
3781
3580
3693
4457
5597
6414
6210
4459
1423
-1424
-2526
-1855
-713
-400
-2001
-5717
-9325
-9529
-6221
-3037
-2612
-4184
-6245
-8099
-8387
-5860
-2235
-887
-2435
-4278
-4415
-3227
-1716
-372
341
59
-832
-1495
-1517
-929
128
1241
1763
1456
789
358
389
818
1416
1664
1049
-249
-1317
-1426
-829
-370
-574
-1244
-1825
-1998
-1849
-1564
-1241
-1181
-1785
-2770
-3137
-2471
-1441
-648
2
442
294
-57
391
1888
3590
4579
4552
3787
3009
2969
3679
4375
4336
3368
1820
494
96
472
753
434
-159
-443
-132
627
1401
1738
1503
997
705
860
1256
1447
1199
659
153
-18
321
1138
2120
2851
3181
3370
3776
4403
4895
5068
5165
5464
5938
6191
5453
3330
657
-1109
-1422
-840
-182
-652
-3405
-7275
-8820
-6584
-3490
-2924
-4622
-6503
-7686
-7786
-5995
-3079
-1739
-3124
-5078
-5146
-3419
-1433
-192
23
-586
-1323
-1533
-1152
-350
802
1832
1905
962
20
-100
461
1185
1700
1613
569
-997
-1920
-1564
-573
-95
-615
-1669
-2498
-2717
-2397
-1938
-1786
-2178
-2970
-3628
-3620
-2903
-1980
-1334
-1021
-956
-1015
-748
282
1742
2815
3207
3240
3103
2850
2784
3135
3592
3665
3284
2691
2041
1392
860
608
756
1122
1289
1060
739
728
967
1063
897
774
904
1122
1170
1023
879
842
951
1296
1893
2563
3028
3199
3316
3806
4766
5700
5909
5429
5046
5346
6177
6845
6549
4854
2258
-69
-1076
-418
1119
1351
-1641
-6432
-8869
-7101
-3878
-2580
-3368
-5001
-7101
-8618
-7427
-3803
-1328
-2214
-4445
-5118
-4060
-2607
-1306
-317
-102
-713
-1487
-1713
-1054
419
1885
2115
976
-240
-494
36
858
1678
1891
835
-1010
-2068
-1510
-257
179
-717
-2143
-3086
-3319
-3195
-3016
-2869
-2990
-3651
-4508
-4694
-3915
-2922
-2507
-2479
-2215
-1733
-1359
-871
47
1070
1548
1445
1308
1536
2040
2457
2572
2463
2324
2178
1953
1700
1531
1473
1415
1287
1139
1087
1114
1061
861
614
390
245
341
733
1182
1375
1325
1262
1361
1712
2310
2931
3281
3389
3504
3782
4223
4693
4951
4865
4720
4968
5690
6510
6755
5796
3733
1667
704
998
1795
1948
283
-3128
-5988
-5870
-3428
-1757
-2399
-4205
-5810
-6703
-6157
-3916
-1781
-1925
-3807
-4920
-4119
-2461
-1139
-463
-529
-1213
-1840
-1709
-789
445
1432
1568
715
-270
-329
577
1605
2106
1932
1134
32
-589
-212
626
795
-231
-1827
-2911
-3018
-2614
-2451
-2757
-3225
-3718
-4335
-4685
-4118
-2859
-2132
-2502
-3032
-2847
-2326
-2075
-1779
-1010
-322
-437
-1002
-1031
-233
775
1348
1444
1391
1319
1163
1086
1362
1913
2199
1793
946
429
637
1059
996
535
261
319
505
867
1498
2021
1974
1596
1599
2170
2824
3145
3202
3159
3045
2984
3212
3742
4253
4536
4686
4844
5087
5595
6495
7220
6631
4575
2535
1824
2125
2497
2524
1557
-1166
-4364
-5193
-3216
-1436
-2002
-3707
-4858
-5424
-5373
-3972
-2046
-1757
-3235
-4227
-3507
-2123
-1065
-365
-277
-1020
-1740
-1508
-635
168
830
1256
958
145
-72
768
1795
2136
1861
1317
633
76
47
347
224
-643
-1751
-2454
-2618
-2494
-2451
-2731
-3228
-3607
-3748
-3834
-3837
-3548
-3158
-3146
-3497
-3739
-3683
-3519
-3298
-2914
-2463
-2172
-2003
-1721
-1169
-424
261
660
790
867
962
1012
984
959
962
839
430
-78
-254
-35
211
194
83
174
507
966
1477
1882
1938
1716
1638
1957
2416
2675
2673
2487
2177
1961
2127
2635
3188
3641
4051
4416
4671
4917
5371
6024
6386
5731
4092
2625
2308
2728
2796
2070
550
-1601
-3333
-3234
-1656
-784
-1724
-3296
-4152
-4172
-3493
-2210
-1320
-1778
-2829
-2978
-2146
-1264
-603
-99
-115
-600
-734
-203
418
774
1151
1475
1340
1027
1239
1903
2237
1989
1556
1151
771
646
831
867
363
-432
-1064
-1408
-1493
-1418
-1473
-1849
-2310
-2614
-2942
-3390
-3587
-3448
-3475
-3852
-4137
-4119
-4101
-4083
-3761
-3255
-2931
-2667
-2092
-1299
-706
-477
-446
-375
-69
391
647
481
98
-201
-357
-373
-218
-28
-31
-178
-192
44
390
673
789
786
846
1018
1116
1069
1135
1393
1510
1347
1256
1438
1636
1770
2084
2574
2976
3246
3521
3858
4385
5236
6106
6489
6343
5812
4817
3707
3340
3758
3784
2798
1435
128
-1203
-1971
-1446
-598
-974
-2217
-2917
-2979
-3034
-2739
-1861
-1481
-2230
-2935
-2526
-1591
-967
-509
-138
-283
-746
-689
66
840
1245
1370
1237
932
904
1393
1964
2178
2068
1731
1141
577
522
848
871
317
-437
-1098
-1665
-2007
-1981
-1890
-2190
-2803
-3340
-3672
-3919
-4111
-4256
-4425
-4585
-4666
-4688
-4656
-4456
-4140
-3897
-3678
-3276
-2757
-2311
-1859
-1356
-1105
-1233
-1293
-933
-427
-190
-213
-291
-343
-363
-255
-14
189
266
268
335
544
794
915
897
891
966
1016
959
916
1002
1167
1285
1284
1227
1251
1485
1926
2421
2863
3273
3671
3997
4376
5011
5750
6252
6538
6664
6125
4779
3657
3597
3822
3331
2531
1797
394
-1469
-1942
-675
55
-905
-1967
-2128
-2363
-2811
-2268
-1132
-1146
-2183
-2523
-1893
-1304
-828
-144
86
-454
-750
-196
561
1093
1711
2140
1761
1101
1227
2014
2549
2608
2465
2062
1391
924
929
995
717
158
-532
-1202
-1533
-1423
-1359
-1795
-2476
-2952
-3231
-3508
-3613
-3533
-3754
-4424
-4879
-4637
-4154
-4035
-4182
-4207
-4042
-3703
-3145
-2546
-2232
-2206
-2192
-2045
-1789
-1478
-1199
-989
-789
-588
-470
-406
-344
-318
-312
-159
116
218
147
217
394
304
40
14
244
430
525
606
593
542
654
891
1055
1221
1524
1846
2150
2672
3383
3848
3966
4192
4771
5406
5889
6394
6911
6900
5952
4682
4077
4114
3993
3588
3248
2427
558
-1085
-819
465
531
-657
-1479
-1772
-2321
-2548
-1770
-1190
-1903
-2869
-2865
-2327
-1855
-1147
-401
-380
-768
-564
123
684
1292
2067
2319
1871
1585
1840
2161
2344
2521
2369
1666
1023
911
886
549
165
-219
-886
-1596
-1819
-1694
-1805
-2297
-2907
-3497
-3966
-4163
-4171
-4231
-4448
-4866
-5409
-5637
-5194
-4534
-4380
-4675
-4814
-4563
-4048
-3344
-2678
-2559
-2953
-3135
-2676
-1934
-1408
-1233
-1363
-1512
-1273
-651
-174
-171
-386
-521
-555
-448
-116
227
243
-69
-341
-307
-63
192
407
622
747
710
719
1033
1515
1844
1973
2096
2342
2778
3434
4088
4429
4527
4793
5377
5990
6431
6836
7369
7686
7156
5973
5247
5313
5139
4336
3876
3749
2377
-36
-851
493
1150
-265
-1661
-1868
-2245
-2984
-2599
-1607
-1957
-3163
-3332
-2671
-2314
-1669
-394
36
-656
-565
694
1361
1270
1919
2963
2801
1998
2151
2813
2744
2344
2302
2034
1314
997
1152
826
45
-395
-689
-1355
-1894
-1837
-1926
-2692
-3414
-3594
-3804
-4351
-4711
-4719
-4822
-5062
-5042
-4870
-4955
-5051
-4656
-4031
-3844
-3995
-3831
-3301
-2898
-2695
-2366
-2043
-2105
-2263
-1904
-1232
-950
-1075
-1095
-1013
-1071
-1082
-853
-680
-837
-1044
-1082
-1068
-1071
-994
-890
-830
-700
-526
-476
-414
-72
343
550
700
1036
1414
1701
2097
2623
3026
3325
3771
4265
4632
5022
5632
6253
6614
6774
6919
7277
7812
7958
7244
6279
5905
5701
4948
4276
4325
3800
1721
-151
28
774
-58
-1509
-1899
-2033
-2986
-3424
-2506
-1994
-2823
-3312
-2627
-2152
-2151
-1264
130
264
-345
62
1038
1208
1228
2058
2497
1727
1170
1659
1949
1479
1262
1326
698
-122
-53
146
-556
-1340
-1380
-1623
-2628
-3217
-2970
-3077
-3853
-4222
-4126
-4512
-5186
-5202
-4807
-4836
-5026
-4874
-4651
-4568
-4224
-3751
-3772
-3896
-3348
-2578
-2515
-2776
-2546
-2196
-2280
-2228
-1666
-1419
-1879
-2156
-1739
-1362
-1398
-1390
-1332
-1607
-1858
-1524
-1072
-1144
-1406
-1281
-1115
-1220
-1158
-686
-264
-142
0
223
389
721
1452
2101
2246
2271
2681
3288
3732
4128
4611
4979
5106
5320
5803
6386
6812
7081
7264
7323
7438
7781
8165
8014
7224
6390
5863
5301
4588
4195
3935
2829
872
-370
-224
-13
-779
-1761
-2156
-2526
-3047
-2887
-2172
-2148
-2874
-3032
-2381
-1972
-1834
-1191
-441
-463
-732
-314
259
286
401
1040
1309
774
416
745
929
639
499
508
63
-586
-722
-653
-1057
-1670
-1972
-2196
-2636
-2951
-2970
-3093
-3418
-3538
-3432
-3526
-3803
-3801
-3500
-3296
-3269
-3205
-3105
-3076
-3039
-2875
-2710
-2697
-2719
-2628
-2495
-2456
-2528
-2645
-2687
-2537
-2274
-2166
-2316
-2464
-2363
-2130
-1998
-1950
-1908
-1887
-1824
-1597
-1259
-1021
-922
-829
-652
-462
-274
-26
257
478
650
862
1133
1419
1735
2134
2537
2838
3111
3521
4025
4380
4514
4668
4961
5237
5427
5651
5933
6094
6165
6368
6700
6944
7027
7061
6957
6590
6166
5949
5735
5224
4553
3959
3301
2449
1742
1353
884
60
-725
-1113
-1409
-1915
-2401
-2700
-3034
-3430
-3522
-3317
-3260
-3389
-3316
-2993
-2792
-2734
-2492
-2129
-1960
-1870
-1565
-1213
-1139
-1216
-1140
-1039
-1088
-1114
-1012
-1010
-1226
-1411
-1462
-1593
-1814
-1883
-1834
-1944
-2166
-2220
-2158
-2254
-2461
-2571
-2640
-2814
-2985
-3001
-2974
-3040
-3128
-3166
-3200
-3206
-3088
-2898
-2795
-2795
-2784
-2720
-2679
-2686
-2688
-2634
-2524
-2435
-2426
-2429
-2312
-2084
-1862
-1709
-1558
-1405
-1307
-1198
-1000
-767
-612
-513
-372
-202
-40
194
503
752
876
1026
1310
1626
1904
2203
2559
2853
3046
3255
3570
3923
4261
4577
4850
5057
5217
5400
5591
5782
6001
6245
6420
6484
6548
6690
6870
7003
7082
7068
6870
6491
6043
5589
5076
4463
3799
3102
2321
1485
700
-26
-742
-1453
-2099
-2664
-3176
-3616
-3974
-4301
-4647
-4923
-5014
-4956
-4817
-4603
-4330
-4046
-3793
-3479
-3069
-2676
-2335
-2002
-1653
-1365
-1178
-1009
-865
-839
-904
-924
-867
-873
-1007
-1163
-1277
-1434
-1633
-1766
-1817
-1882
-2005
-2062
-2025
-2013
-2077
-2143
-2174
-2188
-2187
-2135
-2064
-2029
-1980
-1881
-1806
-1822
-1841
-1720
-1505
-1331
-1259
-1274
-1311
-1352
-1343
-1298
-1265
-1229
-1198
-1215
-1224
-1182
-1089
-1003
-963
-866
-736
-633
-566
-489
-377
-272
-153
15
170
337
570
849
1121
1337
1608
1984
2372
2757
3155
3537
3872
4138
4418
4693
4930
5151
5321
5399
5395
5385
5394
5388
5357
5371
5405
5374
5257
5127
5039
4967
4869
4763
4568
4204
3707
3165
2665
2173
1629
1068
471
-195
-871
-1485
-2028
-2557
-3065
-3487
-3856
-4201
-4498
-4696
-4814
-4901
-4891
-4752
-4533
-4289
-3998
-3653
-3337
-3039
-2698
-2334
-2025
-1787
-1552
-1360
-1280
-1237
-1175
-1161
-1221
-1315
-1398
-1492
-1637
-1779
-1886
-1997
-2100
-2137
-2129
-2123
-2110
-2039
-1943
-1869
-1770
-1645
-1544
-1488
-1448
-1392
-1349
-1336
-1298
-1248
-1206
-1187
-1168
-1140
-1121
-1069
-991
-915
-872
-858
-844
-843
-868
-876
-871
-840
-814
-808
-791
-784
-783
-725
-638
-485
-300
-118
104
282
455
659
900
1204
1518
1817
2114
2337
2530
2731
2943
3192
3432
3674
3898
4055
4173
4260
4324
4382
4422
4477
4490
4436
4320
4135
3917
3684
3480
3322
3191
3088
3001
2903
2811
2722
2677
2688
2722
2753
2727
2600
2352
2029
1675
1298
911
523
146
-287
-789
-1300
-1789
-2258
-2664
-2994
-3280
-3567
-3865
-4133
-4402
-4641
-4767
-4765
-4678
-4549
-4384
-4184
-4001
-3823
-3577
-3292
-2994
-2682
-2357
-2070
-1875
-1731
-1586
-1453
-1335
-1194
-1051
-966
-949
-964
-972
-978
-964
-889
-769
-661
-549
-414
-286
-179
-74
36
133
192
235
260
238
174
67
-28
-115
-170
-182
-190
-219
-270
-322
-352
-348
-323
-301
-296
-302
-284
-212
-106
0
87
179
314
484
651
812
951
1092
1210
1303
1387
1434
1500
1593
1678
1740
1750
1763
1823
1872
1918
1942
1955
1974
2005
2048
2070
2048
2009
1944
1845
1716
1581
1499
1429
1331
1178
980
796
661
602
587
588
627
719
844
979
1118
1295
1535
1800
2030
2171
2183
2068
1880
1663
1439
1198
922
602
208
-231
-663
-1055
-1395
-1725
-2071
-2428
-2782
-3101
-3389
-3661
-3882
-4021
-4058
-4006
-3916
-3800
-3657
-3473
-3228
-2942
-2662
-2406
-2154
-1888
-1600
-1314
-1041
-800
-583
-385
-213
-69
47
135
183
195
179
154
143
162
196
234
263
292
322
337
323
273
210
136
60
-22
-122
-225
-318
-387
-407
-383
-334
-274
-212
-154
-104
-35
48
132
200
230
257
335
467
617
730
800
866
962
1066
1141
1175
1184
1169
1146
1075
938
796
676
599
546
448
308
192
94
36
-7
-70
-133
-162
-146
-108
-68
-44
-35
-41
-59
-68
-35
45
131
179
184
176
223
347
527
735
949
1187
1425
1647
1862
2079
2335
2607
2842
2972
2969
2861
2678
2460
2218
1941
1642
1296
894
443
-26
-453
-840
-1189
-1558
-1943
-2323
-2666
-2952
-3201
-3413
-3550
-3589
-3534
-3411
-3256
-3075
-2844
-2538
-2183
-1826
-1481
-1159
-851
-528
-221
56
311
549
746
887
962
985
1002
1002
961
863
728
599
507
471
448
419
387
381
395
419
440
438
427
404
364
292
212
145
117
117
120
124
134
159
195
239
273
297
320
317
283
225
167
143
166
185
142
69
5
-36
-59
-100
-198
-315
-444
-578
-726
-899
-1092
-1260
-1375
-1469
-1554
-1628
-1685
-1695
-1668
-1632
-1577
-1498
-1383
-1238
-1066
-889
-715
-546
-378
-207
-34
152
345
529
657
738
815
907
1027
1174
1310
1452
1598
1731
1866
2016
2171
2339
2533
2721
2854
2947
2999
3002
2978
2915
2791
2615
2410
2141
1818
1491
1151
796
437
45
-359
-729
-1056
-1353
-1627
-1883
-2108
-2284
-2385
-2448
-2481
-2452
-2370
-2235
-2060
-1864
-1666
-1460
-1238
-1009
-776
-541
-325
-115
69
210
317
402
479
535
564
533
485
447
419
405
387
361
343
347
376
418
473
526
563
580
562
498
412
341
278
211
126
24
-87
-186
-276
-365
-441
-505
-567
-644
-739
-863
-1006
-1109
-1173
-1236
-1285
-1357
-1447
-1518
-1568
-1619
-1642
-1656
-1691
-1722
-1745
-1798
-1855
-1871
-1882
-1887
-1857
-1820
-1766
-1670
-1583
-1494
-1397
-1277
-1133
-946
-732
-520
-314
-123
74
288
516
753
994
1191
1343
1459
1567
1663
1769
1869
1951
2039
2124
2228
2347
2467
2583
2704
2857
3012
3166
3329
3452
3535
3563
3535
3461
3354
3204
2996
2732
2434
2105
1766
1409
1016
603
213
-140
-470
-788
-1109
-1406
-1671
-1897
-2087
-2234
-2328
-2369
-2355
-2300
-2228
-2142
-2018
-1879
-1711
-1519
-1329
-1138
-938
-744
-568
-390
-227
-73
79
202
290
380
470
533
580
619
652
693
752
799
822
844
855
859
856
808
698
566
420
268
101
-78
-296
-517
-717
-904
-1077
-1242
-1396
-1544
-1657
-1756
-1850
-1934
-2007
-2074
-2132
-2154
-2173
-2186
-2194
-2214
-2217
-2181
-2122
-2061
-1989
-1923
-1865
-1779
-1664
-1543
-1421
-1288
-1159
-1010
-828
-652
-478
-313
-153
21
208
406
601
785
950
1105
1259
1419
1574
1701
1796
1860
1901
1929
1948
1968
1970
1958
1956
1967
1999
2045
2098
2173
2261
2359
2460
2573
2687
2781
2845
2883
2891
2865
2806
2708
2571
2393
2185
1949
1687
1403
1096
784
472
159
-144
-434
-717
-982
-1224
-1444
-1631
-1786
-1909
-2000
-2068
-2117
-2135
-2123
-2081
-2012
-1912
-1787
-1640
-1475
-1297
-1111
-922
-727
-531
-346
-181
-39
81
183
268
340
396
446
479
496
498
494
471
431
372
287
191
79
-52
-206
-381
-569
-761
-952
-1135
-1307
-1474
-1631
-1776
-1906
-2021
-2107
-2179
-2227
-2264
-2290
-2302
-2309
-2296
-2265
-2227
-2168
-2099
-2018
-1910
-1783
-1649
-1507
-1354
-1187
-1002
-796
-579
-364
-152
61
280
501
727
950
1153
1335
1510
1670
1823
1966
2078
2167
2236
2292
2328
2352
2355
2327
2284
2225
2161
2098
2028
1955
1881
1817
1759
1715
1688
1673
1679
1691
1702
1721
1744
1762
1765
1746
1701
1635
1543
1427
1285
1121
925
700
459
209
-40
-298
-561
-816
-1056
-1288
-1496
-1678
-1840
-1982
-2092
-2158
-2185
-2177
-2152
-2106
-2034
-1938
-1813
-1670
-1515
-1346
-1169
-980
-792
-605
-429
-264
-101
52
192
310
399
455
492
521
538
541
525
484
432
373
309
233
147
49
-54
-158
-263
-364
-478
-600
-725
-834
-931
-1016
-1088
-1158
-1225
-1276
-1303
-1319
-1321
-1309
-1287
-1246
-1190
-1122
-1053
-971
-887
-797
-685
-559
-434
-300
-163
-41
95
230
365
508
658
796
921
1064
1187
1305
1418
1525
1637
1730
1812
1887
1935
1978
1997
1989
1975
1944
1895
1827
1745
1643
1531
1401
1258
1113
971
834
692
552
421
289
167
57
-39
-115
-182
-231
-279
-308
-333
-354
-359
-362
-357
-344
-321
-299
-277
-258
-238
-213
-189
-166
-145
-126
-118
-114
-115
-127
-143
-164
-196
-233
-281
-329
-396
-462
-525
-603
-675
-751
-827
-899
-969
-1037
-1102
-1147
-1194
-1226
-1243
-1259
-1261
-1252
-1235
-1217
-1177
-1131
-1089
-1035
-978
-929
-878
-824
-783
-745
-706
-674
-650
-631
-621
-624
-636
-642
-659
-670
-668
-683
-686
-682
-677
-663
-636
-603
-553
-485
-404
-309
-203
-86
36
168
313
465
632
803
970
1148
1319
1478
1639
1789
1931
2073
2192
2305
2406
2477
2538
2574
2586
2585
2563
2527
2471
2393
2301
2188
2064
1933
1787
1636
1490
1337
1190
1049
907
780
652
535
429
332
240
157
76
-6
-78
-162
-247
-333
-427
-522
-637
-746
-864
-993
-1118
-1258
-1394
-1526
-1657
-1780
-1901
-1998
-2088
-2162
-2219
-2260
-2280
-2282
-2260
-2226
-2160
-2085
-2008
-1906
-1798
-1673
-1548
-1429
-1303
-1177
-1049
-929
-816
-712
-613
-524
-442
-360
-288
-221
-161
-112
-59
-13
41
91
129
160
189
223
261
288
295
295
298
288
275
259
219
184
144
93
63
23
-24
-49
-91
-109
-93
-89
-48
-5
36
108
206
303
422
532
647
773
900
1037
1148
1261
1358
1437
1534
1602
1659
1719
1725
1751
1767
1761
1767
1748
1720
1700
1654
1607
1587
1523
1467
1409
1331
1275
1199
1115
1040
937
840
748
639
545
433
325
221
118
8
-82
-177
-270
-343
-425
-488
-546
-592
-632
-674
-711
-740
-758
-773
-782
-798
-809
-821
-842
-852
-869
-887
-910
-941
-964
-1002
-1038
-1071
-1108
-1147
-1189
-1229
-1269
-1296
-1331
-1354
-1383
-1415
-1423
-1428
-1427
-1421
-1416
-1396
-1372
-1336
-1293
-1251
-1206
-1144
-1088
-1009
-932
-859
-769
-691
-605
-508
-421
-321
-233
-159
-74
8
75
151
207
249
287
313
336
353
352
342
335
319
303
294
280
270
267
269
288
318
357
415
486
565
649
753
868
992
1110
1231
1346
1463
1576
1671
1760
1825
1880
1920
1938
1947
1938
1893
1857
1803
1730
1650
1557
1461
1358
1243
1133
1037
922
815
712
605
517
426
340
264
184
119
66
12
-39
-80
-127
-166
-196
-237
-272
-318
-365
-403
-463
-521
-577
-658
-741
-833
-938
-1038
-1145
-1254
-1353
-1473
-1583
-1676
-1779
-1867
-1945
-2007
-2050
-2084
-2095
-2086
-2069
-2029
-1963
-1887
-1794
-1691
-1568
-1432
-1298
-1147
-985
-834
-677
-519
-364
-222
-82
58
182
298
392
481
560
620
665
709
731
732
734
709
689
651
598
554
484
412
344
268
192
127
48
-24
-92
-148
-188
-230
-256
-275
-275
-264
-242
-202
-147
-81
1
102
207
328
458
595
748
887
1035
1193
1334
1478
1614
1741
1859
1962
2053
2137
2187
2221
2248
2244
2228
2195
2143
2077
1988
1887
1780
1653
1521
1379
1222
1068
909
752
594
433
273
119
-32
-173
-311
-446
-569
-680
-786
-884
-974
-1048
-1117
-1177
-1225
-1277
-1313
-1342
-1369
-1380
-1396
-1401
-1396
-1398
-1400
-1390
-1387
-1381
-1368
-1361
-1344
-1332
-1320
-1295
-1286
-1274
-1245
-1227
-1204
-1173
-1145
-1106
-1071
-1032
-976
-930
-884
-821
-762
-702
-638
-573
-502
-441
-381
-309
-249
-199
-136
-90
-50
-5
27
58
85
100
119
140
141
148
157
154
161
159
161
171
164
168
180
183
195
211
221
243
264
286
310
334
360
393
424
452
488
520
557
591
624
662
699
739
782
821
863
905
943
982
1011
1050
1089
1115
1142
1164
1184
1195
1194
1188
1180
1163
1138
1105
1064
1011
957
892
819
731
643
562
471
373
278
178
79
-16
-115
-196
-272
-352
-426
-501
-562
-610
-658
-703
-739
-766
-780
-793
-810
-808
-808
-803
-794
-785
-761
-749
-739
-727
-716
-697
-685
-682
-669
-677
-680
-687
-697
-696
-707
-719
-721
-747
-765
-758
-772
-764
-767
-767
-751
-736
-713
-669
-641
-603
-565
-519
-445
-389
-321
-250
-192
-124
-54
8
86
154
210
263
308
352
404
445
480
508
532
554
560
573
596
611
618
617
611
615
610
613
615
613
612
607
597
591
583
578
572
554
546
533
510
495
468
450
442
420
399
371
354
344
328
312
304
292
286
284
286
294
297
303
314
321
334
352
367
389
396
407
412
410
415
411
408
395
365
330
297
264
233
190
140
88
29
-33
-96
-152
-199
-260
-324
-387
-452
-505
-572
-629
-668
-713
-755
-797
-849
-880
-896
-911
-914
-926
-922
-916
-929
-916
-896
-870
-831
-814
-787
-764
-742
-708
-675
-640
-597
-570
-546
-523
-502
-455
-435
-411
-381
-362
-341
-310
-288
-250
-224
-197
-172
-154
-107
-65
-27
17
48
85
125
165
220
269
312
356
387
430
479
525
571
601
633
664
694
722
754
772
794
805
801
800
793
793
782
756
724
692
651
611
563
509
455
394
334
266
195
136
73
12
-41
-90
-133
-184
-224
-252
-269
-293
-304
-307
-310
-299
-292
-275
-245
-223
-193
-158
-132
-88
-46
-12
30
57
87
108
135
165
181
204
213
202
207
215
210
207
193
179
165
139
117
97
78
61
30
3
-29
-54
-82
-114
-141
-159
-187
-221
-247
-276
-297
-318
-335
-346
-361
-373
-390
-403
-407
-414
-410
-411
-412
-410
-413
-411
-400
-390
-382
-370
-355
-330
-315
-287
-258
-224
-197
-161
-122
-86
-49
-10
33
69
101
134
172
206
228
261
292
312
331
352
368
373
388
399
395
392
385
371
357
342
320
294
269
239
212
179
158
140
103
74
49
31
15
-10
-28
-47
-62
-78
-86
-93
-105
-112
-122
-123
-116
-107
-92
-79
-70
-57
-37
-16
8
26
40
51
72
90
100
116
131
139
150
155
161
166
168
163
159
159
140
135
123
103
91
81
66
55
46
31
12
4
-6
-15
-17
-35
-44
-49
-61
-66
-70
-75
-73
-70
-77
-83
-81
-84
-91
-94
-106
-116
-118
-130
-143
-161
-175
-189
-199
-203
-215
-223
-234
-241
-244
-255
-256
-251
-254
-260
-259
-257
-251
-249
-236
-230
-223
-206
-185
-164
-152
-127
-105
-86
-59
-33
-5
18
44
67
84
107
129
141
149
160
172
181
182
196
200
194
191
194
189
184
183
168
160
149
141
133
117
99
84
75
62
55
55
51
47
37
36
35
30
31
24
13
17
14
15
13
11
10
16
16
11
11
17
11
7
15
7
4
9
8
7
8
8
9
12
18
22
38
46
51
63
68
74
87
94
98
112
119
126
134
136
130
139
136
125
125
118
104
91
83
69
51
32
12
-11
-26
-41
-53
-72
-95
-110
-126
-137
-147
-163
-178
-187
-197
-203
-210
-214
-214
-212
-205
-203
-191
-181
-178
-166
-150
-137
-123
-101
-87
-70
-52
-36
-27
-11
7
12
21
33
47
53
62
69
70
72
72
73
61
61
57
47
41
35
27
16
5
-10
-15
-21
-29
-36
-36
-40
-48
-50
-46
-49
-54
-52
-49
-46
-42
-38
-25
-18
-20
-13
-4
0
2
12
22
24
30
31
33
42
44
41
42
46
47
51
60
53
54
63
61
57
62
71
73
74
81
84
84
92
101
110
119
124
123
123
134
145
146
148
149
146
150
151
141
132
132
127
115
104
96
82
67
60
50
29
15
-1
-17
-32
-47
-66
-78
-87
-105
-115
-121
-129
-144
-152
-159
-163
-168
-162
-164
-166
-163
-162
-158
-148
-140
-137
-128
-115
-110
-102
-88
-77
-70
-57
-48
-43
-32
-27
-24
-13
-1
2
7
7
8
5
7
13
11
7
6
3
0
-2
-4
-6
-1
-3
-9
-7
-12
-8
-4
2
2
4
6
11
13
12
16
18
22
13
18
18
23
21
22
21
15
17
17
15
16
15
13
16
5
6
8
15
14
17
20
17
14
14
23
27
33
40
48
41
53
53
58
73
75
78
79
85
84
89
89
100
100
94
93
89
78
77
80
66
63
54
47
37
26
17
9
2
-11
-19
-30
-41
-46
-57
-56
-66
-72
-74
-81
-84
-80
-88
-90
-88
-94
-90
-93
-88
-85
-83
-82
-76
-75
-73
-61
-65
-55
-50
-49
-42
-37
-37
-36
-28
-32
-23
-22
-16
-16
-20
-16
-16
-19
-21
-20
-26
-20
-16
-14
-12
-12
-14
-6
-11
-8
-3
-1
2
9
5
15
20
13
23
22
22
17
19
19
23
20
21
16
19
23
21
16
18
19
15
16
10
22
21
22
20
25
24
25
27
29
40
35
42
44
50
49
55
59
65
68
62
70
69
73
69
73
69
74
74
72
70
65
63
57
53
48
47
39
37
34
27
21
16
12
5
9
-3
-7
-9
-17
-15
-23
-22
-32
-29
-33
-34
-39
-39
-37
-41
-40
-48
-45
-45
-41
-47
-46
-44
-46
-42
-45
-38
-39
-37
-36
-36
-35
-42
-37
-39
-34
-37
-31
-33
-38
-34
-39
-42
-46
-47
-54
-46
-45
-42
-40
-37
-33
-34
-36
-32
-31
-28
-27
-14
-16
-9
-3
-2
8
4
10
10
11
11
11
12
16
17
18
22
24
21
24
20
17
24
14
19
22
19
20
17
18
22
21
23
20
24
25
22
21
19
24
21
22
25
24
23
25
24
23
22
23
25
23
29
28
27
24
21
20
20
17
13
14
12
10
6
4
4
1
8
3
3
-3
-8
-6
-8
-11
-16
-14
-19
-19
-21
-23
-19
-21
-19
-24
-25
-26
-26
-28
-26
-19
-22
-21
-18
-16
-16
-11
-8
-7
-6
-5
