0
1
0
0
0
-1
0
1
0
0
-2
-1
0
1
0
-1
0
-1
0
0
-1
-1
-1
0
0
-1
-1
-1
0
1
1
0
-1
0
2
1
0
1
0
1
0
1
0
0
1
0
0
0
0
0
0
0
1
0
-1
-1
1
1
1
0
1
1
-1
0
1
0
0
-1
-1
0
1
0
1
1
2
0
-1
1
0
-1
0
1
0
0
-1
-2
-1
0
1
2
1
0
0
0
1
-1
-1
1
1
1
1
1
0
0
0
-1
-2
-2
1
1
0
0
-1
1
0
0
0
-1
0
1
0
-1
-1
1
1
-1
0
0
-1
-1
0
0
-1
0
0
0
0
0
1
-1
-1
1
0
1
1
0
1
1
-1
-1
-1
0
-1
-1
1
-1
1
1
-1
-1
0
0
1
1
-1
0
0
0
0
0
0
-1
0
1
0
0
-1
-1
1
-1
1
1
2
1
0
0
0
1
1
0
0
0
0
1
0
0
1
1
1
0
0
0
-1
0
-1
0
1
0
0
0
1
0
0
1
0
-1
0
0
-1
0
0
0
0
-1
0
-1
0
0
0
0
0
1
0
-1
-1
0
0
0
0
0
0
-2
0
1
1
-1
0
1
1
-1
-1
0
0
1
0
1
0
-1
0
0
1
0
-1
-1
0
-1
0
0
0
-1
-1
-1
0
0
-1
0
1
0
0
0
-1
-1
0
0
-1
-1
1
0
-1
0
0
-1
1
0
1
0
0
-1
0
0
-1
0
1
1
0
0
0
1
0
0
-1
1
1
0
0
-1
0
1
0
0
1
1
-1
-1
0
-1
0
0
-1
0
1
0
0
1
1
0
-1
0
0
-2
-1
0
0
0
0
-1
-2
1
1
1
0
0
0
1
0
0
0
-1
-2
-1
0
0
0
0
1
2
0
-1
-2
0
1
0
0
0
-1
-1
1
0
0
1
1
1
0
-2
-1
2
1
0
0
0
0
0
0
0
0
0
1
0
2
1
0
0
0
-1
1
0
0
-1
0
0
0
2
3
2
1
2
1
0
-1
0
1
-1
-1
1
1
-2
-2
-1
-1
-2
-2
1
1
0
1
0
0
0
-1
0
1
0
0
0
1
-2
0
0
1
0
1
0
0
3
-1
0
0
-1
-1
-1
1
-1
0
0
-2
0
0
-1
0
0
-1
-1
2
1
-1
2
0
-2
0
1
-1
-2
2
0
0
2
1
-1
1
3
-1
1
1
0
-1
1
1
0
1
0
-1
1
0
-1
0
0
0
-1
3
2
0
2
1
-1
1
1
-2
-4
1
1
-1
-1
-1
-2
0
0
-2
-1
1
-1
0
2
-1
-1
0
-1
0
2
-1
-2
0
2
-1
0
2
-2
0
2
-1
-2
2
0
-4
2
1
-5
2
3
-4
0
5
-4
0
6
-4
-5
4
-1
-2
6
0
-5
2
4
-3
0
4
-3
-4
2
-3
-5
2
1
-4
2
2
-5
2
1
-4
1
5
-1
-2
3
0
-4
0
0
-1
3
3
-3
0
3
-2
0
0
-2
2
-1
-2
5
-3
-2
8
-3
-7
8
-1
-7
8
0
-10
7
4
-11
3
12
-10
-6
16
-7
-14
21
-1
-21
20
6
-25
15
13
-25
10
15
-22
-1
17
-12
-7
14
-2
-12
8
9
-16
0
17
-13
-7
20
-8
-14
17
-3
-13
11
2
-10
5
6
-5
-4
6
4
-10
0
13
-10
-5
17
-8
-12
21
-3
-19
19
3
-22
14
9
-22
9
13
-18
3
11
-10
-2
10
-1
-9
3
8
-10
-3
21
-15
-13
31
-16
-21
41
-15
-29
46
-11
-39
49
-3
-45
41
12
-48
23
28
-43
2
46
-33
-27
58
-17
-56
63
4
-75
62
25
-87
53
43
-86
35
51
-74
15
52
-50
-6
43
-22
-23
30
7
-33
12
32
-39
-7
51
-38
-21
60
-32
-29
59
-28
-34
55
-18
-31
45
-14
-27
35
-6
-21
21
-2
-13
8
5
-9
-5
10
-1
-13
10
4
-19
11
9
-19
10
11
-13
2
3
0
1
-10
16
5
-30
28
15
-50
31
32
-64
23
50
-71
8
67
-67
-15
80
-51
-41
82
-21
-61
70
5
-74
54
30
-80
34
54
-76
14
64
-66
-7
66
-50
-20
60
-33
-27
51
-19
-29
40
-7
-30
28
5
-30
19
14
-25
5
15
-15
-3
11
-4
-3
0
1
2
-5
6
4
-13
10
10
-28
11
26
-36
3
38
-35
-7
40
-28
-10
33
-28
-6
30
-23
-4
26
-19
-9
20
-11
-7
15
-9
-6
16
-11
-13
23
-3
-26
26
13
-39
13
29
-39
0
41
-35
-19
51
-21
-39
53
4
-62
39
40
-70
7
72
-60
-29
88
-35
-62
88
2
-91
68
50
-108
24
98
-95
-32
122
-58
-78
120
-13
-108
95
36
-122
50
91
-111
-23
126
-61
-87
120
2
-119
85
54
-121
41
88
-110
-7
118
-73
-67
118
-13
-106
75
48
-96
9
73
-42
-39
58
13
-70
34
68
-101
-4
139
-116
-76
203
-85
-159
218
-18
-200
184
36
-204
142
80
-204
86
141
-192
-5
201
-138
-106
219
-57
-167
195
0
-191
169
40
-207
137
95
-212
65
155
-169
-28
174
-99
-85
159
-53
-110
153
-25
-139
154
19
-170
114
73
-156
50
92
-102
7
69
-61
-4
60
-48
-27
73
-15
-75
58
47
-88
8
79
-51
-39
66
-8
-47
44
11
-64
47
46
-109
38
109
-140
-13
166
-125
-68
171
-75
-103
151
-26
-126
141
15
-167
121
84
-209
85
151
-215
31
180
-183
-9
175
-134
-38
143
-71
-67
94
-3
-78
34
71
-89
-21
132
-95
-68
171
-77
-116
180
-44
-129
150
-20
-102
104
-19
-72
89
-24
-48
71
-21
-29
31
-20
11
16
-52
44
28
-79
28
57
-72
-10
74
-32
-38
62
4
-66
50
23
-101
53
81
-128
27
130
-128
-51
171
-100
-89
181
-57
-94
132
-23
-110
104
-24
-53
46
-2
7
-29
14
41
-59
-8
109
-103
-16
134
-123
-28
131
-109
-25
135
-108
11
104
-109
9
81
-97
-9
106
-81
-31
109
-56
-92
140
-41
-115
183
-57
-91
150
-42
-111
121
-27
-100
107
-9
-54
66
11
-95
93
-17
-110
143
-37
-99
141
-9
-152
157
-1
-171
135
58
-175
63
167
-218
38
185
-178
-37
197
-104
-133
216
-68
-153
149
43
-185
133
102
-213
118
57
-153
60
52
-79
52
3
-35
54
-104
62
46
-147
162
18
-173
187
-10
-233
253
-66
-197
311
-136
-122
248
-129
-101
209
-135
-21
114
-101
24
5
1
0
-3
3
46
-81
12
50
-76
23
61
-24
-34
88
-78
13
21
-36
38
-37
-18
71
-85
-15
164
-170
42
167
-206
-5
192
-194
-10
188
-133
-37
115
-55
-75
83
18
-42
-14
126
-85
-91
146
-45
-147
185
43
-228
208
19
-202
118
110
-234
129
117
-229
104
75
-129
-14
190
-146
-24
112
-56
-133
136
61
-245
231
31
-224
141
138
-331
201
130
-324
171
109
-201
33
212
-191
10
126
-98
-70
154
-54
-145
248
-101
-149
201
-38
-162
176
37
-197
160
42
-234
172
64
-237
146
115
-204
38
161
-161
-4
98
-69
-18
2
51
-88
73
43
-143
100
27
-89
32
73
-94
52
8
-123
227
-122
-76
153
-24
-105
36
118
-174
158
-64
-27
55
-77
61
-50
93
-61
63
-129
88
63
-173
42
115
-54
-191
303
-163
-79
215
-80
-141
221
-74
-216
282
-101
-76
86
-39
24
38
-91
89
33
-41
10
-43
104
-93
-89
113
123
-232
89
149
-255
194
-62
-198
315
-57
-362
346
109
-363
140
148
-148
-35
50
-83
206
-101
-115
165
0
-105
-81
252
-114
-20
65
-91
44
135
-220
-4
334
-358
-8
253
-149
-10
142
-88
-32
119
-284
200
41
-226
318
-162
-94
192
3
-251
263
2
-251
226
-32
-146
42
258
-360
100
246
-346
55
139
-131
3
21
-30
80
-9
-9
6
143
-91
-76
217
-136
-118
256
-122
-120
273
-186
-164
359
-274
-121
285
-140
-141
155
79
-199
117
51
-55
-13
-46
173
-112
-19
221
-254
58
232
-393
130
386
-549
104
487
-557
20
568
-561
24
504
-592
191
333
-451
219
163
-314
132
50
-154
97
-44
57
-34
-70
157
-45
-157
307
-98
-272
445
-122
-251
241
-13
-174
168
-77
-26
85
-29
-78
-15
53
15
-122
75
179
-168
-51
210
-35
-124
194
-60
-39
-30
67
-70
16
-6
55
-125
-45
117
-242
74
154
-164
-77
340
-279
-39
270
-225
94
-14
-74
179
-294
70
243
-366
189
183
-452
212
203
-382
206
150
-112
-24
-100
147
-148
-59
279
-222
-80
402
-333
-183
551
-230
-353
355
143
-589
360
201
-519
445
-15
-374
369
-91
-146
164
-8
143
-278
92
148
-176
69
50
-106
40
17
-199
333
-93
-169
228
-54
-139
162
39
-83
29
-46
119
-111
-1
168
-163
-53
245
-358
-19
414
-318
-177
537
-156
-409
462
54
-431
204
346
-593
200
402
-484
83
364
-317
-183
363
-137
-145
87
267
-136
-325
553
17
-587
400
284
-679
289
306
-428
144
234
-187
-169
468
-314
-70
412
-377
133
43
-178
113
27
-3
94
-83
-73
170
-64
-144
126
129
-118
-173
211
104
-213
167
39
-280
316
-152
-252
429
-89
-184
193
-7
-264
177
-101
101
-83
8
54
-133
102
-65
61
25
123
-367
62
390
-454
69
334
-381
54
69
-131
9
63
45
-97
-82
179
24
-391
549
-140
-523
687
-178
-655
695
43
-678
548
59
-473
331
62
-298
140
275
-207
-214
479
-299
-355
522
-114
-381
477
-68
-329
324
-33
-170
203
-21
-212
310
-257
-5
131
-64
76
-144
49
44
-61
-35
166
23
17
-127
-194
416
-188
-243
406
-105
-152
157
1
-250
306
24
-427
226
480
-510
-84
544
-421
-60
338
-183
-159
473
-232
-464
532
91
-592
374
247
-494
145
392
-563
332
257
-473
72
282
-244
-217
618
-278
-263
360
98
-583
460
-25
-423
608
-305
-222
623
-221
-260
279
-225
269
-305
18
355
-326
105
40
-20
-79
189
-200
-42
248
-47
-123
95
168
-560
419
276
-766
615
129
-579
183
121
-120
112
112
-336
205
136
-323
-49
449
-110
-258
140
-35
87
-90
-69
34
135
-67
-347
488
-104
-363
369
-286
114
505
-606
91
400
-609
-48
459
-68
192
-43
-475
34
206
-153
-112
739
-198
-368
106
-381
191
572
-615
203
449
-656
51
180
-85
55
297
-470
26
272
44
-245
205
-4
-244
126
-205
308
-58
71
12
-142
-108
320
-412
232
226
-362
173
274
-165
-464
341
73
-375
105
711
-516
181
-15
-698
582
25
-322
385
341
-449
-417
472
-84
-196
33
348
-61
-215
-26
29
370
-664
117
410
-144
86
-211
34
400
-516
-372
943
-122
-764
641
161
-690
461
-38
-115
152
-323
297
31
-136
97
-219
231
97
-635
523
392
-1003
572
191
-323
439
-434
-139
433
-242
-427
1056
-143
-821
457
11
-595
621
244
-493
492
-328
-449
534
95
-223
-37
357
-385
-178
426
298
-540
76
174
-463
267
162
-12
-70
138
-605
306
403
-307
-129
555
-405
-547
929
-316
-101
345
-429
146
-60
-225
619
-395
-212
589
-570
42
786
-857
24
722
-518
-583
1137
-75
-868
534
333
-893
430
403
-904
712
110
-485
-31
539
-375
-473
452
559
-893
397
579
-1042
471
68
-277
296
105
-447
318
105
-278
-4
200
-38
-446
370
10
3
272
-309
-90
256
-320
-89
467
-142
-87
245
-226
-203
487
-262
-355
306
216
-596
543
224
-638
496
-421
-183
360
251
-335
320
-19
-667
504
63
-182
288
77
-588
77
386
-409
463
319
-599
30
51
-79
30
193
172
-38
-117
28
-273
243
-126
-142
438
-285
233
-30
-256
-60
327
-274
-86
188
231
-211
-162
729
-753
144
381
-900
447
918
-1072
244
785
-1511
854
-133
-418
1156
-752
-445
774
-593
-238
1110
-725
25
571
-1118
186
825
-558
11
716
-463
-690
684
-91
-629
660
337
-787
291
643
-1155
236
667
-1076
563
696
-825
139
446
-693
-54
632
-252
-128
271
36
-504
336
460
-561
231
222
-512
-44
560
-332
90
385
-322
-158
49
-25
-87
221
52
81
-88
-182
181
-50
-490
906
-244
-721
918
-198
-709
829
113
-820
731
-511
70
394
-351
377
11
-452
-53
389
-577
824
-92
-831
831
-271
-619
552
624
-900
226
278
-562
430
33
-270
268
75
-796
743
139
-575
266
237
-500
-9
607
-543
286
-96
-163
-47
88
336
-553
96
710
-1141
283
1086
-1087
221
602
-661
-96
536
-276
202
149
-297
168
-408
278
-114
6
454
-108
-464
356
68
-778
740
32
-390
448
-253
-7
247
-197
-192
298
-18
-387
601
-44
-112
86
-440
270
-39
-110
80
483
-654
77
482
-604
385
29
-265
-80
452
-240
-233
703
-434
-602
782
-212
-494
512
-31
-609
540
-103
-15
206
-413
262
-409
177
421
-497
537
-262
-507
448
-65
-257
568
-206
-313
439
-482
36
573
-267
-242
532
-341
26
-291
381
299
-813
645
235
-762
422
118
-597
580
33
-221
40
225
-288
-348
410
269
-288
-101
536
-498
-240
517
102
-414
368
14
-427
140
474
-429
-134
791
-1050
175
832
-797
55
830
-876
-32
692
-660
87
346
-117
-457
734
74
-779
475
356
-869
303
736
-645
0
473
-500
-451
872
-399
-341
729
-275
-580
778
-411
-148
933
-964
159
877
-1274
428
838
-1060
357
536
-837
-47
520
-485
-153
593
-89
-453
509
-151
-658
776
-326
-237
716
-431
48
199
-633
459
-58
-478
796
-255
-101
223
-598
323
407
-980
987
308
-1082
594
144
-685
368
545
-952
615
453
-1161
349
741
-955
267
613
-624
161
172
-440
260
221
-308
145
-38
78
-196
6
433
-332
-122
324
-253
-58
420
-221
-86
299
-479
11
661
-768
211
692
-837
97
559
-496
83
223
-339
339
11
-421
634
-332
-87
308
-254
56
144
-178
-183
507
-332
-97
213
1
-446
172
425
-488
356
202
-493
190
-25
-184
335
147
-393
429
-87
-578
581
-182
-237
349
-185
-189
353
-295
10
159
-181
-45
17
79
142
-127
36
99
-321
2
94
242
-137
169
59
-348
11
12
-48
272
123
-351
331
-45
-698
601
108
-607
650
45
-621
538
-104
-533
565
-152
-316
612
-231
-225
460
-199
-467
504
-110
-337
465
-32
-5
55
-215
-45
60
-182
238
208
9
9
-408
76
-30
-242
446
156
-18
-3
-388
58
-48
-84
218
168
232
-352
-204
440
-369
-60
374
-190
144
-98
-417
503
25
-405
368
160
-263
-151
67
129
38
-47
-11
219
-165
-479
208
253
-241
153
250
-96
-71
-299
-46
164
-87
131
263
9
-62
-243
-185
137
-23
119
140
165
-52
-298
-49
-70
114
-85
83
194
12
-191
118
52
-222
190
-91
27
62
28
-52
61
-121
-51
319
-315
166
48
-189
-9
22
-70
293
36
-323
169
-215
126
-64
96
466
-79
-471
367
-194
-206
477
-283
456
40
-451
192
202
-545
186
294
-368
300
-130
-14
68
-181
-196
254
-44
-147
312
-31
-2
-210
46
81
-43
-66
300
-23
-219
230
-322
148
198
-426
265
273
-565
195
213
-414
337
-211
-106
294
-369
-40
406
-304
-97
312
-319
-8
41
62
-67
52
154
-181
-91
174
-113
-12
308
-142
-81
162
-223
-318
510
-145
-225
429
-176
-395
186
-78
-166
488
-112
-124
249
-279
-443
332
11
-1
391
51
-31
-206
-46
-262
209
245
71
210
132
-238
-365
90
-42
0
321
285
-135
48
-277
-320
166
-110
69
410
30
-306
36
-195
-338
278
78
44
354
-128
-326
167
-137
-34
278
282
-32
-88
55
-285
80
155
96
113
263
-315
-134
113
-155
121
295
56
-79
11
-314
-77
8
115
55
108
77
-273
-119
111
-251
155
341
-338
145
158
-454
-14
335
-201
-85
313
-37
-261
39
186
-342
119
263
-367
170
181
-453
6
228
-349
-28
218
13
-153
69
-62
-130
-44
-136
84
111
-51
7
83
-34
-125
-64
172
-66
-43
146
21
-109
83
-13
-139
63
-7
-103
29
195
-46
55
60
13
-103
-118
51
99
-15
143
210
-164
201
-78
-150
278
125
-133
378
188
-211
194
-110
-66
65
-37
79
304
-21
42
58
-177
-77
-207
-2
196
40
80
126
-151
-191
-177
-179
119
154
172
263
141
-49
-219
-65
-13
-28
198
375
95
100
12
-191
-77
-148
68
202
123
187
161
-149
-16
-133
-254
168
16
-47
233
60
-259
-73
-41
-276
-86
39
5
-77
20
-104
-167
-18
-183
-140
81
42
-170
87
65
-93
-40
20
23
-56
1
-61
-1
-4
-76
-83
114
-5
-230
22
-4
-225
-109
114
-66
-29
1
-107
-64
-138
-128
1
43
9
42
-14
14
-93
-180
59
25
-95
74
65
-76
-62
-82
-63
-42
-31
-18
10
113
-40
-136
145
31
-78
179
234
165
129
238
242
119
182
280
134
255
253
95
265
163
24
92
145
16
26
10
42
14
-131
-2
-9
-52
-124
-93
-28
-98
-161
15
47
-156
-12
-40
-170
-123
-46
-127
-106
16
-91
-181
-94
-72
-282
-190
-23
-168
-237
-74
-109
-260
-190
-145
-189
-184
-134
-99
-41
-86
-30
-3
-20
101
111
109
273
287
161
271
289
222
182
268
317
256
245
253
244
128
56
110
171
103
196
210
214
201
80
119
92
17
86
143
55
87
-5
-39
-133
-222
-110
-108
-160
-128
-82
-228
-206
-229
-247
-210
-169
-168
-255
-150
-215
-395
-321
-184
-436
-400
-166
-402
-533
-399
-415
-624
-487
-367
-460
-441
-320
-413
-468
-287
-268
-252
-112
46
5
18
99
133
112
181
322
360
342
380
472
361
419
579
546
577
837
812
701
891
951
857
901
1179
1220
1214
1331
1433
1334
1331
1411
1383
1504
1606
1541
1442
1564
1350
1051
903
664
376
178
-60
-313
-541
-966
-1379
-1728
-1845
-1980
-2162
-2188
-2082
-2127
-2222
-2100
-1959
-1891
-1821
-1558
-1285
-1043
-833
-758
-659
-525
-568
-603
-329
-222
-375
-330
-280
-520
-764
-839
-986
-1023
-978
-1033
-1098
-1062
-1168
-1325
-1257
-1157
-1059
-871
-620
-434
-293
-221
-156
9
191
407
693
999
1161
1302
1466
1545
1609
1686
1872
2057
2181
2068
2052
2051
2006
1902
2041
2162
2006
1826
1836
1818
1669
1674
1688
1805
2016
2411
2636
2617
2226
1986
2071
2214
2090
1997
1594
420
-837
-1187
-863
-1026
-1546
-1931
-2185
-2933
-3698
-3843
-3443
-3388
-3508
-2911
-1938
-1621
-1891
-1844
-1529
-1275
-973
-252
503
683
390
301
374
131
-299
-460
-477
-716
-1063
-1340
-1721
-2320
-2898
-3247
-3280
-3223
-3211
-3189
-3071
-2997
-2918
-2699
-2269
-1770
-1303
-840
-319
145
450
736
1044
1287
1447
1707
2011
2293
2418
2307
2105
1958
1696
1404
1361
1368
1215
1095
1062
906
663
479
445
643
992
1261
1477
1618
1581
1564
1883
2240
2531
2873
3262
3369
3220
2953
2797
2820
2716
2465
2379
2568
2454
2186
1980
1968
1749
1513
1422
1680
1686
746
-1026
-2501
-3091
-3096
-2645
-2104
-2032
-2827
-3726
-4183
-3977
-3622
-3133
-2506
-1589
-762
-94
355
416
9
-233
309
1141
1581
1470
1153
635
43
-526
-915
-1356
-1895
-2228
-2141
-2157
-2667
-3308
-3735
-4067
-4133
-3624
-2887
-2413
-2124
-1721
-1295
-1020
-916
-631
22
797
1304
1649
1832
1557
931
416
287
301
374
484
693
682
265
-506
-1119
-1275
-1022
-558
-21
343
240
-106
-409
-463
-353
52
656
1263
1605
1656
1427
1069
759
650
838
1247
1597
1589
1317
1071
835
501
268
392
698
864
870
785
586
341
421
798
1368
1945
2512
2835
2959
2872
2800
2966
3235
3432
3577
3750
3615
3313
2963
2671
2405
2421
2159
837
-1308
-2883
-3458
-3919
-4543
-4632
-3925
-3642
-4408
-5237
-4819
-3966
-3787
-3557
-1884
460
1707
1732
1743
2216
2501
2581
2832
3425
3728
3415
2634
1968
1346
403
-743
-1467
-1740
-2045
-2480
-2987
-3557
-4137
-4372
-4281
-3875
-3329
-2715
-2175
-1470
-771
-247
107
667
1249
1797
2380
2887
2895
2315
1444
308
-986
-2233
-2818
-2857
-2566
-2720
-3316
-4012
-4242
-4457
-4449
-3727
-2422
-1456
-1024
-547
-37
249
60
63
431
1187
1545
1370
719
140
-414
-850
-1014
-892
-697
-694
-776
-954
-1064
-1406
-1611
-1476
-896
-401
34
368
578
511
391
650
1325
2152
2667
3110
3675
4268
4261
3956
3913
4288
4751
5260
5600
5401
4802
4413
4422
4366
4176
4251
4245
3471
2228
1811
1982
1092
-1632
-4103
-4228
-2587
-1483
-1841
-2490
-2750
-2864
-3274
-2678
-701
1567
2060
1642
2253
4334
5301
3828
1856
1999
3900
4710
3749
2393
1737
473
-1262
-2253
-1823
-1970
-3390
-4733
-4515
-3777
-4124
-5429
-6278
-5767
-4668
-3623
-2821
-2052
-1852
-1940
-1646
-643
344
889
1134
1359
1550
1492
1021
149
-655
-1236
-2058
-3461
-4703
-5021
-4668
-4432
-4815
-5593
-6231
-6306
-5630
-4135
-2340
-1225
-1037
-1025
-358
699
1493
1714
1767
1979
2490
2738
2153
880
-195
-546
-329
43
130
-200
-885
-1338
-1242
-781
-492
-280
140
909
1740
2304
2482
2351
2276
2637
3561
4591
5232
5330
5214
5127
5002
4847
4708
4553
4253
4203
4432
4497
3911
3187
3037
3412
3587
3317
3065
3035
3020
2558
1961
1648
1716
1006
-1324
-4479
-5873
-4408
-2165
-1918
-3252
-3771
-3369
-3871
-4941
-3816
-560
1320
327
-216
2064
4376
3110
-103
-847
1492
3504
3120
1802
985
17
-1691
-3008
-2962
-2494
-2970
-4198
-4743
-4286
-4059
-5210
-6921
-7463
-6162
-4154
-2725
-2065
-1675
-1322
-1074
-664
167
1302
2126
2480
2610
2843
2777
2060
766
-373
-887
-828
-798
-1450
-3053
-5215
-6823
-7120
-6220
-5236
-4717
-4606
-4324
-3894
-3213
-2208
-842
368
1239
2200
3488
4459
4162
2996
2047
2144
2645
2794
2140
1096
-46
-958
-1491
-1575
-1447
-1365
-1222
-908
-504
-375
-444
-408
130
1165
2399
3377
3843
3794
3541
3464
3853
4450
4925
5013
4935
4667
4302
3592
2752
2116
2154
2618
2827
2712
2376
2204
1754
1608
1871
2961
3680
3732
3007
2620
2645
2262
507
-2427
-4302
-3898
-1447
-91
-506
-2154
-2999
-3974
-4746
-4218
-1223
1740
2083
960
1143
3060
3295
1470
-277
975
3107
4080
3072
1940
606
-1203
-3063
-3503
-2341
-1540
-2233
-4018
-4752
-4620
-4589
-5870
-6953
-6717
-4875
-2906
-1644
-1307
-1469
-1741
-1808
-1080
515
2453
3348
3055
2389
2368
2315
1399
-225
-1166
-1090
-715
-1050
-2235
-4276
-6660
-8258
-7975
-6315
-4740
-3980
-3751
-3689
-3752
-3358
-2180
-479
860
2081
3388
4541
4462
3279
1869
1332
1608
2126
2302
1959
1168
-67
-1268
-1996
-1761
-1150
-581
-387
-40
308
378
-97
-355
308
1804
3359
4181
4273
3829
3464
3248
3510
4115
4991
5458
5326
4889
4541
4132
3291
2488
2240
2775
3352
3603
3228
2606
1979
1766
2074
2652
3172
3250
3190
2968
2668
1540
-494
-3249
-5230
-5167
-2935
-497
-59
-1749
-4163
-5698
-6153
-5022
-2741
-264
658
482
446
1163
1303
227
-896
-585
1150
2661
3081
2160
513
-1695
-3325
-3659
-2539
-1491
-1592
-2819
-4075
-4813
-5350
-5998
-6638
-6538
-5569
-3887
-2427
-1664
-1955
-2670
-3126
-2462
-686
1472
2901
3144
2728
2221
1843
1288
727
195
-34
-130
-132
-750
-2434
-4880
-6729
-6932
-5704
-3946
-2681
-2270
-2823
-3425
-3287
-2003
-327
1307
2710
3976
4783
4871
4300
3433
2893
2909
3458
3923
3869
2851
1198
-452
-1253
-1217
-806
-505
-270
-55
-32
-407
-1015
-1261
-770
462
1935
3202
3736
3491
2723
2161
2300
3238
4292
4842
4764
4473
4100
3389
2392
1568
1498
1965
2640
2917
2754
2096
1299
584
397
990
2037
2739
2516
2145
2132
2166
922
-1294
-3560
-4941
-5352
-4043
-1112
1115
32
-3802
-6633
-6714
-4943
-3039
-723
1222
1604
229
-512
347
1149
338
-759
205
2630
4234
3458
1463
-755
-2304
-2924
-1977
-313
551
-427
-2439
-4015
-4665
-4789
-5047
-5140
-4729
-3354
-1617
-409
-741
-2026
-2900
-2262
-480
1613
3424
4421
4154
2768
1475
1037
1332
1329
871
572
919
670
-1384
-4646
-6687
-6382
-4868
-3493
-2355
-1514
-1963
-3600
-4693
-3482
-880
1183
2078
2978
4154
4721
3861
2425
1773
2241
3079
3583
3739
3299
1930
-333
-2078
-2337
-1490
-914
-973
-1154
-1079
-1148
-1626
-2088
-1930
-896
600
2099
3197
3697
3367
2535
1987
2416
3676
4877
5331
4919
4147
3459
3012
2560
2101
1894
1986
2341
2657
2810
2351
1480
602
458
944
1696
2084
1873
1111
262
-241
-772
-1880
-4067
-6003
-6134
-3598
-636
267
-1761
-4602
-6380
-6510
-5136
-2345
750
1789
386
-1277
-611
1073
1395
-98
-636
884
3109
3797
2904
1359
-399
-2080
-2875
-1811
11
572
-1371
-4111
-5716
-5603
-5298
-5525
-5821
-5185
-3821
-2449
-1592
-1423
-1582
-1744
-1171
318
2660
4696
5489
4594
3253
2672
3007
3229
2863
2144
1664
1566
1217
36
-2259
-4669
-6072
-5760
-4441
-2897
-2222
-2794
-4319
-5328
-4659
-2340
119
1598
2410
3293
4441
5007
4573
3471
2823
3059
4039
4740
4509
3065
841
-1456
-2723
-2630
-1886
-1615
-2122
-2671
-2725
-2398
-2255
-2298
-2132
-1076
642
2310
3068
2997
2420
1979
2044
2974
4279
5128
5000
4285
3741
3521
3375
2860
2288
1817
2043
2574
3066
2704
1816
836
410
367
614
967
1148
861
-55
-999
-1928
-2756
-4118
-4988
-4571
-2386
-498
-461
-2278
-4012
-4690
-4470
-3510
-1680
562
1494
922
5
437
1245
1309
429
410
1641
3129
3421
2542
1256
-28
-1081
-1740
-1507
-942
-797
-1830
-3294
-4462
-4792
-4816
-4787
-4653
-4018
-2874
-1725
-1061
-1023
-914
-429
489
1429
2556
3728
4557
4449
3782
3323
3345
3329
2874
2286
1897
1609
709
-874
-2720
-4148
-5059
-5426
-5285
-4729
-4328
-4557
-5144
-5299
-4502
-3038
-1449
-96
1172
2314
3147
3446
3377
3271
3317
3455
3541
3434
2866
1780
373
-909
-1760
-2122
-2240
-2317
-2428
-2444
-2322
-2141
-1895
-1449
-681
269
1201
1876
2270
2397
2418
2501
2834
3388
3938
4241
4265
4122
3873
3571
3239
2936
2668
2588
2794
3153
3153
2633
1898
1379
1065
870
944
1271
1332
543
-897
-2401
-3546
-4251
-4121
-3012
-1615
-1222
-2137
-3503
-4342
-4452
-3893
-2521
-714
540
637
373
631
1299
1496
1300
1488
2393
3302
3629
3457
2984
2117
848
-159
-437
-230
-429
-1323
-2571
-3574
-4231
-4632
-4843
-4745
-4328
-3763
-3231
-2792
-2265
-1650
-1000
-382
427
1475
2551
3208
3329
3166
3068
3110
3106
2925
2572
2154
1556
600
-741
-2120
-3242
-4112
-4895
-5421
-5451
-5206
-5269
-5744
-5941
-5302
-4084
-2922
-1938
-820
412
1317
1753
2110
2704
3290
3454
3227
2935
2620
2008
980
-104
-788
-1033
-1194
-1506
-1862
-2012
-1932
-1793
-1634
-1278
-596
246
950
1387
1668
1855
1905
1844
1930
2334
2928
3350
3395
3249
3206
3357
3474
3348
3071
2967
3170
3494
3660
3580
3319
2924
2495
2252
2313
2429
2204
1444
206
-1402
-2957
-3782
-3525
-2733
-2270
-2395
-2880
-3656
-4690
-5263
-4529
-2779
-1362
-911
-669
153
1114
1453
1412
1744
2463
2967
3191
3591
4165
4217
3397
2237
1421
1014
689
210
-442
-1298
-2292
-3191
-3804
-4121
-4231
-4170
-4043
-3973
-3911
-3618
-3043
-2390
-1841
-1231
-403
503
1206
1582
1734
1810
1903
2080
2310
2442
2391
2133
1637
805
-252
-1210
-1923
-2583
-3297
-3804
-3893
-3830
-4030
-4412
-4538
-4259
-3831
-3395
-2730
-1714
-689
-52
232
579
1190
1798
2082
2071
2046
2050
1879
1488
1119
974
910
667
318
141
229
362
325
220
297
602
976
1249
1429
1554
1505
1264
976
876
1023
1262
1524
1863
2312
2721
2882
2812
2677
2612
2711
2995
3457
3953
4229
4171
3890
3685
3661
3567
3192
2631
2016
1033
-719
-2661
-3565
-3129
-2521
-2796
-3561
-4057
-4538
-5520
-6257
-5569
-3886
-2861
-2889
-2596
-1151
390
834
660
996
1803
2202
2202
2650
3667
4301
3874
2893
2183
1802
1359
744
121
-514
-1292
-2116
-2777
-3202
-3453
-3572
-3638
-3822
-4116
-4185
-3799
-3184
-2672
-2248
-1644
-902
-350
-104
69
372
677
835
949
1215
1597
1762
1462
795
98
-449
-954
-1521
-1987
-2117
-2007
-1993
-2213
-2478
-2610
-2693
-2766
-2596
-1959
-1033
-298
6
92
303
672
958
1060
1146
1346
1535
1509
1301
1125
1029
891
662
501
564
717
709
502
321
383
626
871
1086
1284
1364
1231
982
839
852
849
827
1029
1556
2134
2451
2515
2476
2371
2198
2161
2472
3037
3522
3677
3559
3418
3403
3437
3332
3058
2756
2238
945
-1083
-2680
-2778
-1947
-1649
-2303
-3034
-3471
-4251
-5391
-5697
-4596
-3354
-3281
-3709
-3046
-1304
-9
122
-40
285
711
775
956
1905
3170
3703
3292
2639
2331
2202
1897
1416
908
402
-142
-678
-1124
-1463
-1722
-1950
-2285
-2776
-3223
-3335
-3098
-2816
-2669
-2513
-2183
-1782
-1519
-1356
-1136
-912
-866
-961
-899
-491
77
481
535
248
-247
-766
-1089
-1116
-901
-566
-249
-91
-176
-417
-608
-632
-545
-404
-132
340
853
1120
1012
693
407
280
292
392
600
856
981
800
407
116
95
198
241
298
502
723
694
456
376
651
1091
1406
1512
1525
1442
1204
884
644
636
868
1213
1527
1707
1746
1657
1442
1235
1223
1504
1967
2430
2838
3123
3218
3180
3173
3244
3219
2991
2624
1974
743
-819
-1797
-1655
-1060
-1042
-1713
-2502
-3287
-4334
-5263
-5217
-4235
-3437
-3453
-3498
-2672
-1382
-648
-623
-591
-232
102
299
824
1865
2855
3163
2874
2554
2448
2333
1994
1473
939
467
58
-300
-583
-736
-808
-1042
-1655
-2496
-3096
-3165
-2899
-2681
-2571
-2416
-2234
-2194
-2300
-2291
-2060
-1810
-1750
-1751
-1534
-1090
-670
-497
-512
-506
-392
-245
-148
-28
207
486
639
618
564
605
707
772
779
764
750
714
617
459
314
259
234
100
-135
-265
-152
5
-36
-189
-227
-121
-90
-204
-289
-211
-83
-12
122
436
794
933
780
605
699
996
1184
1059
834
844
1120
1466
1744
1968
2105
2034
1851
1851
2154
2556
2779
2836
2902
3073
3324
3519
3498
3208
2749
2090
999
-489
-1702
-1927
-1399
-1071
-1460
-2258
-3160
-4231
-5238
-5455
-4707
-3924
-3973
-4370
-4011
-2776
-1590
-1044
-812
-531
-302
-141
398
1543
2796
3500
3585
3441
3328
3237
3069
2750
2218
1555
1012
699
402
-64
-583
-1046
-1642
-2478
-3200
-3355
-3090
-2934
-3019
-3007
-2760
-2581
-2597
-2473
-1979
-1425
-1204
-1206
-1013
-529
-15
321
492
538
470
412
511
773
1039
1218
1287
1210
1008
810
751
788
754
610
497
485
454
268
28
-81
-74
-139
-345
-513
-453
-258
-160
-182
-153
12
159
188
219
361
509
500
465
656
1097
1537
1745
1727
1569
1299
1007
950
1270
1761
2050
1954
1690
1541
1561
1613
1688
1955
2380
2662
2599
2465
2614
2904
2938
2706
2489
2071
828
-1042
-2202
-1810
-774
-600
-1533
-2680
-3659
-4764
-5706
-5574
-4474
-3840
-4503
-5382
-5011
-3612
-2517
-2215
-2021
-1537
-1161
-981
-320
1186
2808
3578
3512
3364
3505
3654
3548
3285
2970
2559
2049
1581
1190
713
27
-811
-1695
-2547
-3187
-3409
-3265
-3108
-3168
-3309
-3321
-3205
-3070
-2831
-2347
-1729
-1280
-1096
-914
-449
207
729
924
887
842
846
869
957
1211
1552
1683
1435
1003
730
680
622
381
112
36
91
10
-258
-482
-501
-454
-562
-737
-708
-427
-173
-169
-291
-274
-88
88
137
141
260
492
711
825
866
953
1149
1334
1398
1411
1545
1852
2127
2175
2090
2070
2161
2225
2212
2283
2522
2758
2721
2386
2094
2169
2480
2674
2596
2401
2004
919
-956
-2730
-3189
-2315
-1320
-1210
-1861
-2755
-3872
-5146
-5749
-5015
-3630
-3003
-3362
-3526
-2720
-1530
-838
-603
-372
-178
-233
-118
778
2323
3624
4064
3823
3371
2956
2626
2402
2191
1853
1409
1038
723
323
-220
-837
-1652
-2835
-4082
-4703
-4388
-3689
-3266
-3145
-3009
-2890
-3035
-3281
-3043
-2149
-1124
-458
-60
491
1210
1711
1751
1490
1304
1377
1572
1687
1694
1697
1591
1127
371
-218
-302
-160
-320
-783
-1104
-1082
-1044
-1318
-1668
-1683
-1311
-837
-466
-153
107
184
126
204
637
1292
1788
1917
1804
1721
1777
1906
2017
2126
2180
2089
1904
1898
2242
2641
2663
2347
2169
2427
2858
3081
3148
3297
3500
3472
3222
3152
3441
3644
3286
2520
1899
1277
-263
-2852
-4975
-4930
-3222
-2039
-2623
-4144
-5579
-6949
-8208
-8152
-6140
-3693
-2899
-3658
-3880
-2580
-979
-471
-701
-548
231
1058
1923
3241
4745
5397
4678
3360
2506
2374
2479
2385
1953
1246
376
-394
-1020
-1680
-2493
-3364
-4234
-5110
-5714
-5559
-4586
-3608
-3338
-3568
-3525
-3046
-2507
-1995
-1129
111
1145
1601
1858
2414
3077
3259
2812
2307
2312
2736
2931
2533
1734
998
419
-205
-875
-1293
-1286
-1188
-1436
-2013
-2432
-2544
-2684
-3074
-3201
-2444
-1040
11
123
-244
-287
138
616
1056
1666
2448
2910
2828
2559
2541
2686
2661
2370
2025
1876
2084
2644
3169
3174
2624
2073
1999
2364
2856
3406
3972
4307
4133
3667
3528
3943
4345
4029
3160
2639
2786
2342
-146
-4061
-6507
-5751
-3410
-2365
-3158
-4442
-5961
-8364
-10429
-9476
-5578
-2377
-2471
-3880
-3347
-920
606
255
-218
545
1771
2598
3734
5706
7210
6527
4095
1931
1340
1803
2227
1921
825
-703
-2065
-3001
-3889
-5004
-6016
-6454
-6570
-6661
-6424
-5446
-4472
-4526
-5275
-5125
-3451
-1405
-136
649
1686
2692
3004
2862
3116
3728
4043
3798
3575
3720
3879
3311
1753
-126
-1218
-1164
-848
-1075
-1641
-1905
-2127
-2790
-3595
-3594
-2823
-2317
-2550
-2589
-1454
240
1015
405
-419
-305
662
1627
2365
3143
3792
3584
2478
1588
1899
2982
3564
3185
2628
2676
3199
3440
3168
2790
2760
3066
3623
4473
5461
6108
5949
5325
4960
5459
6296
6724
6157
4991
3971
3673
3173
563
-4212
-7916
-7097
-3399
-1342
-3019
-5886
-8264
-10583
-12410
-10739
-5441
-1216
-1879
-4725
-4358
-702
1791
855
-320
894
3432
4764
5500
6796
7646
5871
2333
218
921
2562
2630
879
-1691
-3870
-5285
-5834
-6384
-7343
-8306
-8290
-7697
-7471
-7495
-6791
-5636
-5546
-6271
-5591
-2429
777
1686
1090
1543
2950
3470
2704
2373
3191
3939
3647
2963
2857
2806
1643
-744
-2650
-2649
-1252
-566
-1411
-2632
-2928
-2756
-3127
-3714
-3353
-2089
-1305
-1513
-1554
-433
868
825
-379
-834
407
2227
3017
2819
2729
2945
2616
1637
1253
2187
3393
3330
2198
1448
1942
2781
2837
2172
1942
2725
3906
4737
5167
5673
6075
6159
5972
6313
7223
8074
7783
6416
5137
5050
5276
3112
-2054
-6879
-6847
-2986
-239
-1684
-4824
-7430
-9909
-12362
-11537
-6246
-1134
-1151
-4479
-4793
-942
2530
2070
571
1438
4382
6404
7368
8452
9105
7213
3353
954
1727
3836
4183
2214
-1155
-4232
-6255
-6886
-7376
-8384
-9345
-8923
-7667
-7160
-7519
-7397
-6486
-6403
-6993
-5919
-1765
2340
3241
1602
1030
2080
2469
1132
246
1440
3122
3106
1523
400
-208
-1548
-3928
-4958
-3416
-917
-448
-2180
-3844
-3840
-3037
-2822
-2684
-1570
259
1034
551
-24
289
569
315
329
1705
3653
4329
3196
1587
966
1073
1134
1153
1874
2845
2846
1535
215
110
969
1784
2208
2933
4246
5495
5829
5563
5703
6568
7742
8722
9553
9851
9320
7747
5969
4873
4840
3920
-72
-5870
-8280
-4868
-528
-1058
-5882
-9780
-11602
-12606
-11684
-6046
636
1775
-2918
-5520
-1776
3359
3895
1687
2551
6616
9415
8739
7464
6695
4792
1105
-496
2073
5593
4867
-152
-5249
-7454
-7410
-7043
-7011
-7316
-7333
-6874
-6034
-5849
-6206
-6346
-5683
-4874
-3665
-876
3024
4680
2074
-1565
-1887
662
1700
269
-736
189
517
-1116
-2921
-3157
-3143
-4299
-5352
-4359
-1912
-811
-2180
-4311
-4596
-3041
-1345
-749
-401
270
667
-64
-1085
-1003
173
1211
1520
1887
2495
2585
1411
53
-175
909
1976
2295
2256
2400
2118
775
-641
-496
1217
2695
3071
3252
4168
5037
4894
4393
5129
7389
9376
9627
8628
8131
8244
7819
6600
5982
5773
3038
-2929
-7376
-5171
393
1660
-3445
-8690
-10189
-9931
-9742
-6871
-1307
1253
-2210
-5980
-3442
2355
4154
1023
-300
3002
7320
8126
6640
5067
3373
809
-339
1966
5246
5036
564
-3909
-5341
-4317
-3805
-4404
-5560
-5866
-5169
-3694
-2989
-3597
-4622
-4429
-2930
-1107
1016
3156
3808
1272
-2207
-3257
-1238
524
498
-384
-701
-1425
-3310
-5360
-5551
-3822
-2472
-2765
-3324
-2329
-1251
-1984
-3958
-4352
-2781
-824
90
469
465
-349
-2080
-3251
-2343
203
2305
2419
1357
348
-129
-522
-439
534
2221
3359
3166
1822
457
-36
319
975
1597
2259
2898
3350
3422
3282
3387
4233
5609
6824
7521
7761
7513
6463
5244
4860
5572
5629
2690
-2645
-5894
-3344
1700
2734
-1555
-5502
-5956
-5072
-4379
-1192
3930
5284
788
-2929
-200
4462
3910
-714
-1745
2206
5528
3779
-30
-2269
-3064
-4142
-3929
-961
2103
1354
-2486
-4784
-3817
-1819
-1502
-2028
-1851
-236
1247
1280
-524
-2422
-2987
-2160
-1030
-131
672
717
-1060
-4512
-6641
-5368
-2145
-702
-1161
-1411
-913
-1642
-3077
-2685
13
2272
2282
1374
1253
1520
427
-1623
-2701
-1756
-550
-553
-1597
-2619
-3691
-4786
-5102
-3801
-1528
25
-84
-1238
-1849
-1497
-761
-173
707
1795
2278
1600
573
239
594
988
1238
2037
3540
4877
4762
3591
3063
4090
5553
6156
6121
6133
5884
4525
2852
2303
3224
2759
-1130
-6039
-6276
-1521
1736
-878
-5235
-5854
-4529
-4562
-3872
779
4807
3096
-1153
-151
4847
6166
1934
-639
2712
7132
6915
3281
1033
259
-978
-2028
-105
2847
2827
-463
-2591
-1667
-240
-810
-2179
-1965
-270
1151
806
-859
-2691
-3562
-3629
-3247
-2803
-2590
-3370
-5167
-6664
-6504
-5180
-4345
-4384
-4014
-2592
-1136
-653
-579
193
1605
2850
3348
3092
2398
1797
1440
1153
792
507
144
-486
-1292
-1860
-2069
-1885
-1219
-158
700
632
-288
-1135
-892
209
1137
1155
731
476
360
25
-351
-375
-121
199
762
1859
2768
2728
2135
2305
3452
4609
4803
4169
3597
3476
3681
3625
3158
1197
-2502
-5909
-5039
-587
1782
-1225
-5568
-6356
-4902
-4121
-3069
29
1707
-325
-2218
620
4275
2881
-1509
-1592
3377
6873
5349
1938
698
857
690
723
2623
4560
3856
1337
436
1521
1750
141
-1084
-47
1873
2434
944
-1165
-2521
-2870
-2816
-2675
-2804
-3409
-3918
-3934
-4228
-5179
-5487
-4421
-3230
-2545
-1436
142
662
-19
-115
1157
2366
2286
1615
1558
2031
1670
77
-1471
-1787
-1497
-1511
-1653
-1380
-1031
-1072
-1249
-1256
-1241
-1147
-423
847
1802
1605
632
-102
-4
695
1398
1540
1093
751
1111
1902
2180
1969
2116
2860
3491
3763
3930
3766
3061
2301
2505
3167
2953
462
-3424
-5964
-4330
-532
527
-2501
-5415
-5415
-4913
-5300
-4030
-325
992
-1648
-3142
24
2732
421
-3202
-1979
2737
4947
3070
578
-17
-97
-701
-570
1602
3677
3152
1084
522
1501
1417
-178
-781
1068
3262
3359
1578
46
-570
-1163
-2107
-2437
-1813
-1198
-1330
-2020
-2901
-3721
-4023
-3520
-2239
-420
1263
1869
1394
920
1172
1669
1939
2244
2877
3417
3259
2056
188
-1259
-1526
-969
-567
-542
-530
-477
-966
-1964
-2688
-2351
-1142
97
707
746
474
-231
-1037
-1016
266
1471
1473
965
1307
1936
1665
905
977
1978
2794
2964
2802
2600
2014
1281
1023
1655
1620
-691
-4072
-4658
-1827
285
-1174
-3481
-3488
-3025
-4187
-4508
-1565
1031
-266
-2380
-851
1789
672
-2573
-2365
1307
3370
2051
418
471
439
-874
-1632
-148
1796
1693
268
49
965
546
-1291
-1746
201
1936
1549
428
302
344
-852
-2573
-3053
-2178
-1299
-1008
-1006
-1546
-3059
-4373
-3762
-1624
48
795
1581
2360
2266
1768
2091
3017
3504
3858
4794
5443
4469
2397
1073
1144
1638
1734
1694
1776
1607
668
-745
-1636
-1384
-446
319
600
512
-46
-1036
-1703
-1469
-727
-202
164
666
979
691
180
198
829
1468
1640
1554
1511
1437
1135
778
215
-1355
-3901
-5291
-3744
-1183
-1111
-3471
-5012
-4736
-4793
-5545
-4557
-1829
-747
-2070
-2401
-593
-42
-2366
-3916
-1649
1909
2932
1718
828
709
132
-719
-317
1404
2627
2360
1738
1920
2053
917
-571
-510
927
1869
1599
1104
811
-46
-1697
-3119
-3364
-2668
-1748
-1075
-1129
-2354
-4118
-4824
-3846
-2405
-1443
-410
999
1728
1259
752
1177
1985
2697
3747
4997
5366
4483
3272
2636
2682
3067
3543
3968
4312
4302
3493
2082
1192
1523
2431
2965
3017
2839
2244
1223
377
244
606
1012
1283
1400
1268
876
456
321
543
849
920
771
663
635
483
-220
-1838
-3827
-4630
-3489
-1908
-1972
-3464
-4615
-4954
-5211
-5225
-4307
-3112
-2934
-3318
-2820
-1750
-1856
-3294
-4120
-3034
-1053
37
-138
-703
-1022
-1295
-1602
-1456
-741
-232
-328
-301
325
592
-300
-1309
-1127
-235
133
75
364
574
-140
-1240
-1664
-1542
-1494
-1282
-626
-286
-952
-1917
-2127
-1597
-1028
-637
-145
556
1202
1535
1546
1543
1795
2278
2755
3128
3434
3497
3204
2870
2925
3129
3024
2860
3171
3609
3353
2522
2125
2516
2972
2978
2807
2801
2731
2378
2033
2109
2465
2673
2595
2481
2509
2531
2358
2049
1897
1998
2183
2123
1550
365
-1058
-1919
-1889
-1571
-1704
-2197
-2585
-3047
-3832
-4336
-3921
-3180
-3191
-3657
-3458
-2710
-2694
-3717
-4449
-3929
-2817
-2252
-2294
-2207
-1897
-1939
-2360
-2365
-1668
-1066
-1013
-917
-404
-99
-528
-1065
-952
-495
-338
-376
-235
-244
-880
-1702
-1972
-1828
-1840
-1978
-1917
-1910
-2299
-2766
-2826
-2543
-2304
-2127
-1825
-1447
-1119
-833
-498
-144
227
707
1300
1853
2236
2431
2550
2835
3344
3712
3647
3557
3926
4380
4218
3662
3548
3971
4243
4063
3834
3751
3548
3156
2964
3165
3387
3273
3000
2946
3106
3170
2980
2690
2624
2836
3064
2956
2300
1229
177
-309
-125
188
2
-742
-1609
-2296
-2750
-2904
-2796
-2766
-3166
-3734
-3887
-3720
-3901
-4644
-5228
-5007
-4285
-3752
-3586
-3420
-3183
-3168
-3268
-2913
-1968
-1094
-730
-515
-69
385
504
436
549
822
1003
1064
1125
1050
563
-202
-782
-972
-1005
-1101
-1322
-1702
-2225
-2682
-2864
-2852
-2883
-2992
-3003
-2852
-2664
-2531
-2396
-2171
-1809
-1304
-742
-257
110
450
835
1294
1782
2155
2362
2594
3062
3543
3677
3556
3589
3923
4274
4464
4550
4557
4431
4252
4214
4350
4480
4492
4481
4494
4409
4155
3872
3714
3646
3500
3152
2584
1807
925
171
-318
-652
-1108
-1764
-2447
-2966
-3311
-3568
-3768
-3919
-4000
-3980
-3840
-3606
-3393
-3271
-3204
-3073
-2823
-2487
-2114
-1763
-1523
-1471
-1527
-1506
-1272
-908
-625
-520
-522
-540
-544
-577
-712
-920
-1136
-1288
-1331
-1288
-1233
-1284
-1458
-1591
-1540
-1326
-1107
-982
-917
-850
-772
-779
-930
-1118
-1171
-1039
-852
-736
-695
-656
-566
-382
-83
246
492
650
801
981
1170
1383
1624
1869
2103
2353
2646
2948
3232
3486
3681
3837
3962
4086
4211
4315
4342
4243
4012
3749
3576
3480
3344
3050
2573
1959
1297
664
150
-237
-565
-950
-1440
-1957
-2404
-2722
-2900
-2968
-2989
-3016
-3045
-3033
-2954
-2839
-2728
-2603
-2434
-2199
-1920
-1665
-1511
-1481
-1525
-1561
-1524
-1378
-1141
-884
-675
-541
-480
-446
-422
-395
-383
-383
-389
-417
-477
-603
-800
-1033
-1244
-1362
-1343
-1208
-1038
-911
-862
-884
-942
-996
-987
-870
-673
-462
-310
-227
-169
-87
74
351
721
1124
1495
1822
2106
2338
2511
2659
2829
3045
3268
3460
3589
3629
3561
3390
3189
3033
2966
2963
2953
2860
2682
2463
2245
2084
1994
1937
1820
1559
1163
735
361
50
-223
-464
-689
-961
-1306
-1659
-1937
-2136
-2336
-2569
-2804
-3010
-3202
-3400
-3586
-3705
-3728
-3640
-3459
-3265
-3106
-2967
-2798
-2625
-2488
-2345
-2115
-1770
-1412
-1099
-832
-614
-487
-436
-365
-241
-143
-147
-205
-231
-244
-326
-518
-778
-1007
-1109
-1064
-932
-842
-876
-1000
-1131
-1216
-1206
-1052
-769
-441
-133
212
641
1078
1438
1791
2245
2794
3284
3653
3965
4228
4355
4301
4193
4173
4233
4297
4341
4366
4289
4028
3661
3401
3394
3500
3499
3322
3070
2796
2460
2085
1769
1495
1040
312
-408
-778
-893
-1207
-1925
-2753
-3284
-3478
-3528
-3556
-3588
-3699
-3915
-4119
-4205
-4194
-4148
-4024
-3807
-3609
-3494
-3330
-3007
-2692
-2602
-2612
-2408
-1941
-1432
-1042
-738
-528
-516
-626
-653
-567
-577
-752
-886
-864
-890
-1181
-1653
-2064
-2289
-2331
-2242
-2126
-2133
-2283
-2402
-2370
-2256
-2150
-1987
-1706
-1339
-921
-386
228
723
1048
1449
2140
2956
3588
4035
4512
5013
5335
5463
5635
5966
6286
6470
6622
6804
6857
6679
6459
6446
6566
6532
6261
5937
5639
5236
4653
4062
3544
2870
1853
754
54
-196
-542
-1400
-2538
-3401
-3726
-3745
-3773
-3938
-4242
-4595
-4854
-4945
-4967
-5064
-5155
-5059
-4777
-4489
-4259
-3989
-3673
-3455
-3330
-3037
-2451
-1776
-1306
-1067
-930
-877
-909
-957
-943
-961
-1124
-1315
-1403
-1495
-1804
-2302
-2740
-2963
-3033
-3053
-3073
-3174
-3372
-3537
-3517
-3342
-3188
-3095
-2939
-2679
-2361
-1972
-1471
-945
-532
-157
412
1185
1877
2323
2708
3222
3750
4130
4435
4809
5196
5440
5576
5769
6029
6182
6231
6326
6487
6535
6377
6167
6023
5847
5498
5066
4678
4230
3546
2707
2083
1831
1650
1175
427
-244
-610
-756
-904
-1180
-1581
-2026
-2385
-2595
-2769
-3052
-3399
-3590
-3508
-3300
-3160
-3108
-3041
-2942
-2852
-2711
-2444
-2102
-1802
-1599
-1466
-1396
-1441
-1570
-1680
-1736
-1812
-1932
-2055
-2163
-2297
-2497
-2714
-2884
-2995
-3041
-3028
-2994
-2980
-2974
-2910
-2784
-2686
-2634
-2544
-2327
-1994
-1621
-1249
-907
-602
-318
27
460
908
1305
1648
1979
2282
2507
2697
2902
3096
3249
3424
3690
4003
4243
4319
4311
4319
4367
4449
4518
4516
4366
4038
3601
3183
2862
2604
2362
2062
1712
1352
992
650
350
62
-243
-559
-850
-1071
-1286
-1603
-1979
-2245
-2303
-2224
-2157
-2126
-2042
-1919
-1835
-1818
-1829
-1792
-1649
-1437
-1250
-1186
-1276
-1404
-1462
-1513
-1680
-1921
-2064
-1988
-1804
-1728
-1844
-2063
-2210
-2188
-2040
-1892
-1809
-1751
-1660
-1559
-1520
-1535
-1517
-1393
-1137
-801
-430
-68
255
524
766
1014
1280
1607
1968
2303
2521
2592
2597
2630
2715
2840
3023
3237
3466
3675
3776
3764
3668
3565
3527
3528
3453
3226
2862
2399
1927
1507
1152
871
583
239
-115
-458
-768
-1020
-1255
-1521
-1806
-2062
-2200
-2245
-2351
-2553
-2714
-2725
-2593
-2419
-2255
-2071
-1872
-1717
-1650
-1619
-1570
-1435
-1231
-1073
-1060
-1194
-1339
-1400
-1469
-1657
-1903
-2029
-1950
-1787
-1726
-1815
-1949
-2018
-1980
-1864
-1749
-1662
-1578
-1499
-1473
-1535
-1635
-1641
-1493
-1254
-987
-684
-327
46
371
630
886
1196
1572
1989
2389
2688
2839
2920
3045
3275
3597
3943
4257
4536
4774
4953
5058
5074
5001
4902
4799
4648
4389
3965
3443
2947
2528
2172
1823
1439
1056
696
322
-78
-464
-817
-1130
-1421
-1718
-1950
-2112
-2264
-2423
-2578
-2698
-2740
-2690
-2578
-2428
-2327
-2335
-2360
-2328
-2242
-2096
-1946
-1843
-1799
-1848
-1963
-2049
-2106
-2142
-2129
-2085
-2051
-2083
-2167
-2227
-2219
-2192
-2199
-2215
-2202
-2174
-2177
-2236
-2337
-2436
-2472
-2404
-2238
-2032
-1822
-1596
-1343
-1081
-859
-630
-324
66
463
786
1055
1314
1594
1880
2206
2605
3057
3503
3902
4241
4531
4757
4886
4932
4910
4850
4746
4589
4384
4099
3762
3428
3152
2946
2746
2498
2214
1910
1580
1242
902
574
259
-60
-347
-580
-780
-1005
-1250
-1453
-1571
-1579
-1548
-1535
-1535
-1579
-1638
-1641
-1574
-1473
-1400
-1444
-1571
-1725
-1843
-1866
-1816
-1766
-1807
-1930
-2030
-2049
-2004
-1974
-1997
-2015
-2013
-1997
-1972
-1959
-1966
-2007
-2046
-2014
-1885
-1707
-1539
-1387
-1244
-1116
-999
-861
-675
-440
-221
-35
148
310
442
560
725
986
1291
1584
1843
2102
2365
2544
2629
2614
2544
2472
2411
2372
2309
2154
1908
1657
1499
1432
1399
1364
1322
1277
1202
1081
925
763
577
386
240
151
95
9
-148
-336
-478
-522
-460
-339
-255
-275
-355
-403
-370
-294
-310
-455
-664
-856
-969
-1034
-1108
-1234
-1388
-1524
-1614
-1644
-1653
-1655
-1632
-1577
-1516
-1479
-1477
-1462
-1387
-1274
-1167
-1068
-936
-754
-552
-382
-255
-133
0
133
270
414
550
662
737
790
825
843
897
1046
1270
1455
1544
1607
1720
1859
1902
1788
1599
1427
1311
1253
1189
1040
784
511
364
373
425
411
365
379
458
514
494
403
279
171
101
115
183
200
130
10
-82
-121
-87
0
87
117
52
-53
-98
-95
-170
-388
-689
-937
-1055
-1116
-1227
-1443
-1695
-1883
-1959
-1961
-1979
-2031
-2054
-1986
-1851
-1758
-1793
-1881
-1894
-1769
-1539
-1333
-1188
-1046
-870
-681
-513
-355
-160
63
254
405
535
645
719
779
854
944
1035
1149
1354
1610
1786
1809
1784
1851
1978
2026
1906
1668
1398
1170
1025
917
744
427
81
-82
-33
32
-54
-202
-237
-110
39
89
65
19
-6
34
161
341
467
514
552
641
773
900
1049
1218
1346
1375
1349
1377
1434
1374
1140
851
658
578
506
331
68
-204
-419
-566
-700
-875
-1071
-1218
-1275
-1303
-1438
-1699
-1971
-2098
-2062
-1959
-1885
-1830
-1734
-1603
-1485
-1398
-1273
-1066
-832
-648
-553
-503
-443
-371
-287
-186
-90
-5
117
302
526
664
666
635
689
793
796
628
347
75
-122
-243
-342
-520
-818
-1133
-1274
-1210
-1129
-1173
-1278
-1273
-1143
-1030
-1012
-1017
-957
-850
-730
-583
-393
-222
-90
44
207
417
655
956
1289
1549
1649
1682
1817
2037
2173
2144
2055
2051
2122
2152
2073
1933
1820
1762
1743
1686
1550
1373
1220
1113
981
738
400
142
45
41
3
-96
-178
-182
-144
-126
-135
-101
-8
74
52
-82
-234
-289
-249
-214
-227
-280
-295
-202
-69
3
-4
-38
-19
68
96
-39
-309
-602
-809
-934
-1026
-1145
-1335
-1566
-1769
-1867
-1857
-1857
-1916
-1950
-1904
-1828
-1830
-1934
-2035
-2024
-1931
-1826
-1745
-1682
-1614
-1525
-1395
-1247
-1114
-945
-673
-326
-23
115
152
258
462
674
804
880
989
1143
1272
1315
1304
1308
1399
1533
1636
1646
1597
1563
1544
1496
1386
1239
1162
1200
1273
1312
1291
1257
1262
1297
1339
1371
1392
1402
1383
1289
1129
948
829
792
728
606
463
379
414
465
408
281
200
185
197
131
-46
-248
-430
-575
-723
-872
-1007
-1136
-1248
-1335
-1389
-1398
-1414
-1457
-1476
-1441
-1399
-1366
-1389
-1460
-1496
-1470
-1398
-1339
-1321
-1329
-1302
-1201
-1075
-1013
-996
-943
-795
-607
-500
-490
-501
-452
-347
-245
-186
-125
-26
116
240
316
384
492
645
815
947
1037
1112
1166
1213
1252
1287
1325
1360
1384
1394
1398
1404
1392
1343
1280
1220
1168
1104
1005
870
718
589
512
463
380
238
85
13
49
102
70
-31
-117
-151
-179
-255
-391
-512
-562
-600
-677
-792
-904
-968
-988
-994
-988
-965
-933
-920
-924
-912
-895
-862
-825
-813
-808
-787
-741
-685
-653
-647
-637
-587
-491
-426
-425
-432
-410
-347
-292
-274
-271
-253
-200
-139
-79
-10
73
169
278
371
457
551
648
758
876
980
1063
1107
1135
1186
1262
1349
1391
1397
1383
1359
1351
1322
1245
1123
1000
888
777
643
468
291
141
50
-7
-70
-164
-271
-332
-329
-305
-332
-399
-457
-483
-504
-563
-681
-798
-843
-853
-877
-931
-997
-1017
-983
-923
-872
-826
-779
-724
-654
-584
-525
-479
-429
-375
-317
-264
-219
-174
-134
-97
-72
-63
-44
-17
-11
-25
-57
-93
-120
-142
-162
-182
-188
-186
-176
-145
-107
-70
-34
3
57
129
206
287
364
449
533
599
651
727
822
928
1019
1081
1123
1141
1150
1157
1137
1083
1003
905
809
705
580
434
289
171
79
-4
-89
-170
-239
-279
-314
-346
-381
-423
-448
-465
-500
-555
-611
-657
-688
-714
-741
-776
-797
-782
-756
-716
-680
-644
-593
-530
-458
-377
-299
-233
-157
-82
-7
57
114
152
195
239
267
285
297
310
313
306
289
264
244
229
212
197
177
151
127
102
75
41
3
-29
-52
-71
-87
-103
-112
-117
-114
-103
-82
-52
-8
39
83
130
168
200
219
227
221
207
182
152
109
58
4
-49
-90
-132
-167
-184
-194
-196
-188
-177
-159
-140
-119
-105
-98
-92
-91
-103
-117
-146
-182
-213
-248
-274
-304
-325
-338
-348
-347
-344
-332
-310
-276
-240
-188
-136
-78
-20
38
103
162
221
281
350
407
468
524
571
622
653
684
710
735
755
772
780
768
756
724
691
639
570
500
429
362
281
202
129
60
-4
-68
-127
-161
-183
-206
-213
-223
-220
-221
-228
-241
-255
-273
-306
-333
-359
-400
-446
-474
-512
-543
-559
-576
-580
-574
-556
-539
-507
-466
-434
-385
-346
-313
-282
-254
-238
-231
-234
-243
-247
-259
-274
-292
-309
-331
-354
-375
-391
-400
-402
-404
-398
-374
-351
-320
-283
-250
-197
-134
-73
-7
73
156
236
323
409
501
589
671
747
823
894
952
987
1005
1018
1021
1001
964
930
883
826
755
665
587
513
434
364
304
240
188
148
96
49
22
-7
-48
-74
-95
-142
-171
-209
-255
-286
-313
-343
-374
-387
-405
-418
-410
-405
-389
-354
-320
-284
-235
-196
-164
-133
-115
-99
-91
-87
-99
-117
-139
-182
-228
-283
-344
-406
-468
-532
-586
-629
-661
-685
-714
-733
-729
-713
-699
-674
-622
-552
-485
-405
-317
-223
-118
-17
84
190
305
403
491
577
646
709
754
791
811
825
824
791
753
714
657
599
545
480
419
368
304
232
185
143
90
51
34
4
-19
-35
-61
-74
-74
-78
-83
-77
-62
-63
-52
-36
-23
-2
31
61
92
130
151
172
185
194
196
203
197
187
180
162
131
92
46
-7
-64
-117
-176
-224
-262
-301
-342
-393
-436
-470
-508
-547
-574
-574
-581
-577
-569
-554
-532
-500
-480
-448
-406
-356
-308
-257
-198
-143
-87
-29
22
74
124
165
201
241
274
302
331
350
365
380
385
379
375
372
358
340
325
307
285
260
232
197
176
150
122
107
89
66
55
44
32
25
28
36
41
54
68
86
99
105
106
112
114
112
110
106
101
90
77
61
34
13
-10
-37
-59
-76
-97
-119
-147
-178
-207
-235
-266
-288
-303
-317
-332
-339
-341
-343
-340
-338
-332
-311
-287
-268
-241
-205
-176
-139
-100
-68
-31
12
48
86
121
156
185
215
230
251
268
279
284
282
281
274
266
257
241
223
202
187
172
152
135
117
102
89
74
63
53
42
38
35
34
37
35
33
35
27
21
11
7
-3
-19
-31
-38
-47
-54
-68
-79
-89
-100
-114
-125
-133
-145
-155
-161
-171
-177
-190
-203
-205
-206
-204
-207
-208
-205
-203
-196
-190
-183
-169
-156
-141
-128
-110
-98
-76
-63
-44
-29
-7
15
32
46
64
76
93
104
119
125
137
142
149
147
150
143
147
145
142
131
130
129
126
118
115
109
107
105
107
102
104
102
109
106
111
113
112
113
111
104
98
89
85
74
69
65
55
49
41
30
21
11
0
-8
-18
-30
-43
-50
-59
-73
-80
-92
-95
-98
-107
-112
-126
-132
-139
-138
-144
-144
-147
-145
-146
-144
-140
-135
-133
-124
-118
-110
-102
-90
-86
-70
-61
-44
-30
-17
-5
7
19
35
38
50
54
61
62
61
62
65
59
55
51
45
36
35
26
27
19
20
14
17
17
17
25
25
32
39
35
42
42
43
39
45
44
45
45
43
45
39
35
36
31
33
23
23
19
19
18
12
10
8
2
-1
-9
-15
-24
-23
-33
-38
-43
-52
-54
-62
-67
-70
-72
-71
-78
-77
-79
-69
-65
-59
-57
-52
-39
-31
-15
-1
16
26
39
52
66
75
83
94
96
103
104
104
104
91
85
78
74
58
49
39
29
20
9
4
-5
-12
-19
-22
-25
-31
-27
-32
-28
-35
-38
-34
-38
-40
-42
-41
-49
-48
-48
-50
-47
-55
-56
-52
-52
-50
-47
-42
-41
-35
-35
-38
-28
-31
-32
-27
-25
-26
-25
-18
-17
-19
-19
-21
-16
-15
-18
-14
-17
-17
-17
-18
-15
-19
-14
-13
-10
-1
4
10
14
21
31
37
48
50
59
69
76
87
88
92
92
91
91
90
86
83
84
81
78
69
65
54
50
49
43
44
35
36
32
28
32
20
17
12
7
4
-5
-5
-20
-20
-26
-33
-40
-49
-51
-62
-61
-67
-71
-67
-68
-63
-65
-59
-64
-65
-57
-59
-55
-50
-43
-37
-34
-35
-35
-31
-29
-22
-21
-23
-19
-18
-14
-14
-19
-19
-21
-26
-27
-25
-28
-27
-23
-26
-23
-22
-23
-19
-19
-13
-2
5
9
14
21
28
31
34
34
43
45
47
51
49
56
46
46
44
42
44
37
44
36
35
33
25
26
18
24
19
19
18
8
13
4
6
5
1
1
-2
-1
-5
-5
-6
-6
-3
-8
-4
-3
-7
-8
-9
-8
-10
-13
-11
-12
-9
-11
-10
-6
-4
0
-4
3
-1
0
7
4
2
-2
-3
-6
-1
-2
-4
-3
-4
-5
-6
-9
-13
-11
-18
-19
-18
-17
-14
-16
-14
-10
-6
-4
-1
1
0
2
7
5
4
0
1
7
4
4
5
1
5
9
6
6
7
3
4
11
2
4
5
-2
3
3
-2
-3
-2
-7
-13
-9
-11
-11
-6
-11
-11
-6
-3
-2
-6
-7
-4
-1
1
-2
-2
-2
-1
3
3
2
5
7
4
4
2
2
5
1
1
1
5
2
3
4
0
3
3
4
3
3
-1
-1
1
1
2
1
1
1
-3
-2
0
-5
-5
-8
-8
-6
-5
-4
-1
1
-1
5
7
3
9
6
0
5
0
-4
-1
-2
-7
-6
0
-5
-8
-4
-8
-4
-5
-9
-1
3
2
6
5
4
4
6
8
2
5
3
0
7
3
1
1
2
4
5
0
-4
-4
-3
-5
-5
-7
-10
2
1
-5
0
-6
-3
3
-2
-1
-2
-4
0
1
1
-1
0
1
1
4
3
6
8
5
4
5
2
-1
1
3
3
-1
3
2
0
6
0
1
-1
-2
0
-2
-5
-8
-5
-6
-1
3
1
1
6
7
2
4
1
0
-2
-5
-7
-7
-8
-8
-5
-3
-2
-4
-3
-3
-1
2
2
3
1
-1
-2
2
4
2
7
8
7
7
4
3
3
-1
-3
-1
1
-4
-2
-2
-3
-4
-5
-3
2
-1
-6
-6
-6
-7
-5
0
-5
-1
1
-1
1
0
2
4
3
3
5
0
2
5
6
4
2
5
2
3
6
5
7
4
5
3
1
0
0
3
4
-1
-1
-4
-3
-3
-9
-6
-7
-4
-6
-9
-10
-9
-6
-5
-5
-7
-5
-6
-2
1
5
6
6
12
7
12
11
10
11
7
7
3
4
3
3
-2
-2
-6
-5
-5
-3
-3
-8
-7
-9
-6
-5
