0
-1
-2
0
0
1
1
2
1
0
0
3
1
1
1
1
1
2
1
2
2
1
0
0
2
3
2
-1
0
1
3
1
1
0
2
3
5
5
4
4
4
2
4
8
7
4
2
4
6
8
7
4
1
-1
1
4
5
3
-2
-2
-2
0
2
0
-4
-7
-6
-1
-2
0
-4
-7
-10
-6
-4
0
-4
-7
-10
-7
-3
-1
-5
-8
-11
-10
-6
-2
-2
-5
-10
-11
-7
-2
-2
-4
-10
-9
-6
-1
1
-1
-6
-8
-7
-1
4
3
0
-2
-4
1
3
6
5
3
3
6
8
10
9
7
5
8
12
15
15
13
11
13
15
15
15
15
13
14
14
17
17
16
13
12
11
14
16
14
9
8
8
9
9
7
4
2
2
1
2
2
-1
-4
-8
-9
-6
-5
-6
-9
-13
-11
-9
-9
-8
-10
-13
-13
-11
-8
-6
-6
-9
-10
-10
-6
-2
0
-5
-8
-9
-4
0
1
-2
-4
-4
-1
3
3
1
1
1
3
7
9
9
7
5
6
9
12
15
13
13
11
14
15
15
13
11
7
11
12
16
14
9
4
2
1
2
-2
-6
-12
-15
-18
-21
-25
-27
-32
-38
-44
-49
-48
-50
-51
-55
-60
-60
-57
-59
-59
-62
-65
-63
-62
-61
-55
-54
-47
-43
-39
-39
-39
-38
-31
-26
-20
-13
-7
-1
-4
2
-1
5
4
11
5
13
13
21
14
8
0
4
0
3
-12
-6
-4
7
7
8
0
11
6
18
24
33
39
49
48
64
73
84
82
89
80
91
94
97
95
87
75
71
72
71
68
59
52
34
32
15
20
19
21
-10
0
-19
-10
3
-17
-5
-8
-7
-29
-3
-33
5
-13
-3
-14
-2
-11
3
-1
7
-6
21
5
27
11
38
11
55
16
28
29
22
35
38
10
5
-10
-39
-40
-85
-118
-116
-166
-141
-218
-227
-267
-266
-290
-267
-319
-320
-298
-355
-239
-319
-201
-232
-157
-138
-89
-73
22
2
77
82
61
132
174
150
269
189
179
297
155
268
207
196
195
219
112
203
144
203
173
165
182
130
180
178
54
246
63
139
181
104
81
316
-52
338
60
154
130
177
-23
296
-68
273
106
67
303
-29
277
123
-24
274
-34
154
123
98
-121
429
-353
323
-34
-294
281
-383
-11
-171
-212
-361
-14
-609
-197
-414
-567
-316
-542
-585
-370
-648
-467
-504
-563
-508
-470
-509
-401
-378
-352
-252
-244
-229
-197
-188
-125
-94
-42
20
-3
95
116
30
240
19
181
202
128
235
329
214
455
415
309
574
406
390
622
369
578
734
533
805
705
575
661
603
415
722
525
538
672
352
405
375
187
251
276
68
201
73
-150
-32
-232
-203
-62
-150
-168
-104
-324
-320
-312
-481
-273
-243
-233
-211
-269
-395
-336
-388
-544
-392
-514
-496
-521
-662
-707
-683
-823
-901
-932
-1152
-1119
-1184
-1271
-1221
-1329
-1435
-1462
-1581
-1602
-1545
-1523
-1392
-1292
-1334
-1296
-1338
-1272
-1056
-861
-603
-270
-92
186
240
350
493
768
939
1233
1427
1738
2107
2316
2445
2423
2403
2284
2234
2181
2405
2663
3017
3095
3035
2755
2460
2162
1940
1793
1767
1958
2105
2243
2013
1759
1350
1312
1103
983
712
596
453
129
-348
-747
-587
-354
-303
-731
-1251
-1596
-1832
-2184
-2475
-2454
-2139
-1974
-2149
-2438
-2524
-2328
-2230
-2200
-2296
-2236
-2267
-2365
-2420
-2307
-1893
-1435
-1133
-1178
-1514
-1951
-2235
-2366
-2455
-2507
-2467
-2424
-2334
-2481
-2618
-2719
-2729
-2895
-3139
-3384
-3324
-3002
-2474
-1903
-1239
-594
63
548
912
1177
1599
2154
2843
3503
4151
4737
5352
5835
6136
6226
6233
6206
6100
5986
5892
6011
6180
6340
6188
5800
5261
4850
4530
4259
3948
3656
3356
2700
1520
-41
-1269
-1775
-1685
-1722
-2029
-2404
-2660
-3106
-3917
-4738
-5052
-4847
-4859
-5351
-5839
-5615
-4716
-3713
-3038
-2549
-2061
-1679
-1605
-1629
-1348
-635
339
1084
1558
1808
2026
2243
2289
2106
1550
894
91
-704
-1518
-2246
-2790
-3251
-3793
-4513
-5346
-6135
-6849
-7397
-7923
-8314
-8574
-8567
-8177
-7485
-6636
-5812
-4914
-3921
-2791
-1645
-477
777
2052
3204
4234
5262
6475
7781
8938
9721
10238
10601
10856
11009
10996
10860
10570
10140
9616
9081
8613
8115
7588
6888
6082
5253
4444
3704
2994
2302
1463
365
-1154
-2774
-4015
-4631
-4769
-4924
-5214
-5507
-5693
-5921
-6306
-6534
-6421
-6094
-5972
-6222
-6302
-5761
-4641
-3503
-2541
-1758
-952
-259
164
512
979
1677
2269
2589
2657
2750
3061
3444
3716
3583
3062
2060
807
-545
-1824
-2740
-3648
-4512
-5686
-6844
-7883
-8668
-9320
-9880
-10394
-10876
-11339
-11525
-11258
-10336
-9224
-8028
-6973
-5694
-4191
-2525
-715
1013
2713
4103
5319
6513
7923
9439
10843
11952
12761
13350
13816
14120
14349
14226
13883
13157
12295
11334
10416
9667
8871
8029
6929
5791
4749
3806
2856
1875
930
-214
-1798
-3883
-5825
-6947
-7426
-7589
-7986
-8155
-8129
-8040
-8044
-8062
-7554
-6863
-6422
-6481
-6554
-6027
-4920
-3631
-2576
-1529
-495
549
1538
2309
3220
3984
4736
5095
5008
4823
4700
5037
5261
5126
4496
3697
2853
1633
25
-1751
-3144
-4488
-6321
-8462
-10457
-11426
-12101
-12849
-13767
-14341
-14271
-14215
-14086
-13700
-12569
-11133
-9990
-8997
-7710
-5601
-3192
-812
1271
3169
5104
6859
8677
10383
11986
13436
14566
15464
16004
16519
16996
17385
17202
16517
15511
14624
13654
12545
11219
9958
8712
7418
5978
4655
3601
2581
1501
315
-1127
-2819
-5015
-6903
-8162
-8860
-9274
-9832
-9880
-9850
-9592
-9499
-9044
-8104
-7108
-6545
-6466
-6072
-5234
-4096
-3120
-2398
-1359
-435
715
1799
3041
4362
5286
6010
6221
6227
5968
5675
5517
5158
4488
3452
2623
1858
927
-591
-2354
-3899
-5539
-7541
-9900
-11912
-13176
-14269
-15518
-16634
-16977
-16525
-15990
-15497
-14744
-13354
-11727
-10295
-9051
-7401
-5247
-2825
-656
1353
3344
5483
7595
9585
11403
13118
14765
16203
17205
17876
18345
18831
18945
18488
17647
16717
15957
14878
13618
12142
10855
9590
8163
6672
5218
3979
2682
1285
-36
-1620
-3305
-5535
-7317
-8666
-9461
-10006
-10525
-10536
-10477
-10218
-10017
-9365
-8146
-6977
-6166
-5878
-5284
-4316
-3329
-2427
-1769
-691
134
1130
2028
3185
4430
5331
6012
6309
6353
6185
5818
5589
4953
4040
2795
1745
896
-187
-1552
-3321
-4964
-6820
-8810
-10820
-12680
-14087
-15467
-16785
-17819
-18350
-17964
-17347
-16343
-15425
-14169
-12484
-10520
-8404
-6596
-4527
-2313
29
2074
3885
6002
8175
10370
12071
13633
15438
17134
18667
19368
19935
20177
20154
19698
18717
17879
16775
15643
13982
12257
10645
9125
7698
6096
4648
3177
1736
364
-970
-2097
-3664
-5437
-7587
-9178
-10225
-10813
-11131
-11385
-11166
-10824
-10368
-9837
-8727
-6976
-5489
-4564
-4205
-3330
-2165
-1074
-430
183
975
1616
2241
2927
3982
5053
5808
6263
6346
6197
5848
5646
5431
4604
3245
1673
601
-572
-1937
-3741
-5321
-7044
-9019
-11154
-12838
-14062
-15226
-16525
-17645
-18313
-18419
-18057
-17169
-16000
-14777
-13436
-11625
-9116
-6707
-4419
-2376
162
2445
4473
6261
8411
10596
12352
13595
14929
16465
17981
18932
19623
19953
20054
19678
19036
18318
17331
16164
14453
12655
10665
8876
7232
5688
4187
2747
1350
188
-1008
-1810
-2804
-3830
-5493
-7392
-8885
-9772
-10068
-10538
-10865
-10950
-10572
-10111
-9584
-8326
-6436
-4716
-3805
-3481
-2467
-1314
-127
84
508
840
1223
1491
1886
2898
3740
4461
4691
4884
4880
4792
4869
4776
4071
2594
971
-141
-1307
-2602
-4495
-5939
-7617
-9317
-11281
-12587
-13391
-14230
-15211
-16241
-16678
-16690
-16237
-15390
-14414
-13214
-12058
-10159
-7892
-5432
-3304
-1219
1208
3388
5423
7125
9284
11167
12639
13547
14571
15895
17065
17893
18405
18737
18873
18545
18209
17563
16858
15528
13950
12092
10210
8444
6742
5235
3541
2008
579
-514
-1392
-2126
-2675
-3453
-4535
-6096
-7327
-7978
-8281
-8757
-9538
-9927
-9918
-9670
-9268
-8355
-6648
-5144
-4122
-3598
-2561
-1124
46
654
697
885
730
866
982
1528
1952
2213
2477
2693
2881
3043
3373
3761
3325
2089
525
-472
-1228
-2524
-4248
-6125
-7467
-9269
-11004
-12565
-13257
-13766
-14654
-15614
-16193
-15946
-15307
-14559
-13665
-12635
-11225
-9574
-7503
-5253
-3056
-773
1369
3677
5529
7610
9541
11531
12934
13918
14926
16041
17155
17804
18149
18353
18346
18105
17548
17000
16275
15167
13651
11835
10159
8478
6926
5279
3533
1942
408
-713
-1792
-2478
-2910
-3369
-4053
-5348
-6331
-6893
-6983
-7326
-8075
-8560
-8749
-8616
-8429
-7889
-6565
-5278
-4033
-3494
-2474
-1237
136
1079
1142
1184
752
870
794
875
803
753
1008
1111
1207
1278
1732
2342
2185
1343
99
-586
-1170
-2232
-3712
-5489
-6802
-8521
-10171
-11711
-12627
-13200
-14083
-14930
-15530
-15316
-14711
-13889
-12966
-11899
-10513
-8864
-6946
-4792
-2722
-530
1332
3366
5116
7031
8900
10536
11947
12827
13855
14742
15745
16419
16792
16960
16895
16777
16451
16056
15459
14548
13402
11880
10363
8809
7434
6033
4373
2740
1261
210
-673
-1411
-1826
-2084
-2412
-3233
-4195
-4738
-4915
-5178
-5926
-6738
-7283
-7537
-7718
-7689
-7207
-6234
-5387
-4636
-4118
-2986
-1903
-775
-422
-392
-519
-614
-490
-732
-860
-1126
-993
-915
-796
-674
-255
380
763
528
57
-353
-445
-926
-1765
-3071
-4315
-5536
-6961
-8317
-9686
-10539
-11473
-12355
-13213
-13591
-13293
-12712
-11979
-11307
-10297
-8803
-7102
-5263
-3638
-1767
12
1864
3471
4961
6656
8144
9589
10427
11344
12240
13308
14178
14629
14933
15137
15437
15560
15406
15169
14657
14104
13017
11853
10542
9339
8110
6462
4869
3251
2199
1176
208
-593
-1209
-1260
-1695
-2151
-3041
-3589
-3914
-4499
-5071
-6097
-6592
-7115
-7543
-7817
-8044
-7328
-6827
-6004
-5714
-5096
-4094
-3202
-2198
-2233
-1835
-1880
-1418
-1410
-1635
-1704
-1830
-1437
-1509
-1449
-1375
-908
-244
-86
-116
-376
-191
-6
-294
-945
-2017
-2737
-3696
-4874
-6257
-7714
-8675
-9816
-10738
-11755
-12048
-12030
-11412
-10994
-10067
-9007
-7323
-5597
-3946
-2238
-586
1421
2912
4560
5487
7011
7926
9123
9737
10374
11232
11847
12687
12947
13457
13802
14206
14433
14310
14099
13587
13004
12062
10856
9613
8118
6904
5254
3913
2580
1577
947
-45
-479
-1132
-962
-1105
-1410
-2090
-2939
-3343
-3937
-4454
-5253
-6034
-6544
-7370
-7762
-8204
-7816
-7221
-6901
-6464
-6564
-5515
-4909
-3629
-3289
-2899
-2653
-2514
-2015
-2176
-1825
-2017
-1636
-1606
-1591
-1506
-1389
-633
-248
88
-4
60
489
630
577
-125
-676
-1263
-2062
-3248
-4771
-5891
-6916
-7727
-8874
-9810
-10111
-10089
-9390
-9287
-8262
-7461
-5685
-4392
-3009
-1513
31
1857
2751
3883
4498
5914
6637
7368
7587
8053
8876
9511
10239
10596
11185
11819
12279
12628
12599
12665
12455
12016
11125
10031
9016
7971
7040
5739
4610
3534
2853
2413
1845
1509
1087
1012
790
243
-442
-1286
-1717
-2471
-3317
-4536
-5527
-6332
-7165
-7871
-8492
-8556
-8506
-8517
-8461
-8334
-7525
-6851
-6116
-5813
-5488
-4971
-4569
-3983
-3906
-3548
-3423
-3008
-2781
-2643
-2240
-1739
-816
-333
65
350
906
1720
2096
2256
1944
1766
1392
729
-172
-1288
-2253
-3352
-4450
-5590
-6542
-7051
-7383
-7500
-7670
-7489
-6876
-5987
-4923
-4051
-2984
-1961
-736
355
1296
2132
2941
3840
4565
5147
5725
6439
7257
7926
8551
9269
10065
10848
11342
11749
11975
12215
12294
12110
11687
11001
10379
9596
8785
7858
6998
6231
5414
4601
3769
3073
2538
1999
1492
816
40
-1017
-2101
-3036
-3880
-4812
-5958
-7081
-8132
-9155
-10033
-10619
-10701
-10666
-10756
-10877
-10745
-9996
-9171
-8296
-7800
-7183
-6533
-5760
-4976
-4336
-3603
-3019
-2354
-1900
-1424
-815
20
1049
1744
2225
2529
3114
3838
4304
4400
4109
3848
3355
2623
1562
453
-687
-1934
-3353
-4732
-5972
-6763
-7436
-7856
-8345
-8486
-8196
-7633
-6746
-6144
-5070
-4230
-2857
-1884
-692
284
1408
2611
3554
4593
5402
6637
7637
8653
9455
10392
11447
12299
12991
13410
13821
14086
14158
13984
13501
12910
12095
11203
10050
8906
7748
6665
5430
4173
2878
1833
819
-57
-981
-1763
-2524
-3553
-4685
-5903
-6612
-7396
-8082
-9113
-9940
-10769
-11406
-11874
-11980
-11719
-11432
-11112
-10792
-10083
-9111
-7901
-6846
-5918
-5135
-4246
-3270
-2316
-1482
-819
-168
376
893
1328
1901
2628
3349
3820
4008
4206
4567
4989
5080
4810
4274
3707
2961
2016
816
-468
-1775
-3132
-4495
-5887
-7001
-7843
-8396
-8836
-9222
-9166
-8755
-7887
-7051
-6119
-5025
-3702
-2183
-854
541
1834
3278
4547
5638
6655
7645
8774
9687
10465
11098
11723
12429
12892
13269
13372
13494
13404
13073
12502
11744
10962
9934
8737
7346
5979
4620
3288
1983
710
-526
-1629
-2659
-3507
-4229
-4672
-5095
-5668
-6436
-7120
-7482
-7722
-7969
-8428
-8777
-9249
-9554
-9893
-9831
-9578
-9221
-8889
-8722
-8201
-7560
-6366
-5389
-4429
-3806
-3118
-2211
-1386
-437
144
909
1374
1807
2058
2360
2977
3464
3852
3729
3694
3783
4011
4138
3902
3584
3025
2496
1818
1022
137
-938
-1915
-3089
-4273
-5504
-6356
-6887
-7435
-7944
-8290
-8027
-7522
-6793
-5954
-4867
-3616
-2265
-768
722
2145
3533
4929
6203
7147
7948
8799
9649
10251
10557
10841
11113
11354
11374
11319
11164
10952
10648
10134
9421
8546
7705
6812
5720
4421
3068
1862
681
-478
-1581
-2529
-3306
-4096
-4721
-5229
-5395
-5376
-5351
-5436
-5774
-5886
-5929
-5751
-5822
-6007
-6181
-6510
-6702
-7133
-7062
-6978
-6687
-6602
-6596
-6179
-5629
-4525
-3777
-2934
-2428
-1749
-882
-122
759
1205
1884
2182
2464
2540
2659
3112
3281
3348
2852
2635
2558
2636
2567
2166
1817
1239
829
325
-191
-888
-1718
-2450
-3279
-4247
-5108
-5724
-5887
-6424
-6805
-7064
-6716
-6085
-5506
-4485
-3741
-2430
-1387
274
1636
2868
4140
5227
6527
7011
7786
8286
8986
9241
9126
9146
8946
9078
8847
8689
8232
7786
7492
7058
6559
5752
5033
4327
3459
2453
1281
299
-606
-1545
-2456
-3459
-3993
-4468
-4663
-4984
-5099
-4938
-4612
-4192
-4080
-3940
-3865
-3548
-3379
-3338
-3598
-3742
-3984
-4132
-4479
-4642
-4586
-4468
-4186
-4219
-3759
-3373
-2446
-1811
-1226
-764
-307
501
930
1486
1583
1931
2095
2116
2077
1841
1992
1878
1840
1387
1083
1002
1053
1102
792
615
404
391
220
-11
-355
-722
-1118
-1585
-2286
-2880
-3364
-3512
-3971
-4480
-4835
-4672
-4188
-3848
-3304
-2792
-1806
-884
299
1276
2213
3124
4011
4817
5198
5552
5934
6278
6302
6003
5829
5729
5732
5516
5208
4888
4614
4479
4204
3871
3352
2917
2378
1744
1001
313
-362
-1042
-1799
-2494
-3094
-3465
-3638
-3726
-3767
-3765
-3435
-3049
-2523
-2098
-1560
-1181
-909
-738
-526
-382
-359
-567
-785
-1299
-1568
-2034
-2026
-2287
-2361
-2633
-2713
-2495
-2250
-1712
-1530
-1064
-956
-544
-330
10
216
302
374
250
117
-92
-105
-14
-31
-174
-400
-311
-46
329
459
554
721
900
1032
1026
1104
999
728
321
-145
-632
-1232
-1542
-1977
-2516
-3336
-3625
-3529
-3402
-3425
-3396
-2931
-2513
-1844
-1171
-308
280
880
1546
2249
2713
3077
3527
3843
3859
3728
3817
3952
3967
3776
3606
3481
3392
3397
3365
3284
2999
2756
2500
2155
1826
1406
1025
406
-123
-655
-1011
-1272
-1460
-1534
-1608
-1497
-1242
-822
-398
83
617
1013
1210
1302
1454
1519
1445
1126
741
181
-446
-981
-1518
-1777
-2321
-2593
-3155
-3265
-3351
-3083
-2826
-2731
-2535
-2479
-2032
-1760
-1336
-1119
-913
-741
-763
-724
-735
-472
-301
-307
-445
-537
-230
141
578
747
972
1191
1477
1737
1942
2076
1994
1718
1267
730
188
-321
-826
-1579
-2539
-3394
-3867
-4024
-4271
-4502
-4666
-4522
-4252
-3796
-3191
-2543
-1924
-1444
-879
-281
353
944
1455
1817
1954
2127
2405
2785
2997
3015
3027
3088
3253
3371
3541
3608
3633
3542
3478
3370
3295
3100
2907
2550
2201
1759
1488
1181
980
705
549
449
505
628
826
1074
1365
1717
1925
2001
1901
1811
1683
1387
953
282
-333
-1235
-1844
-2654
-3008
-3637
-4010
-4436
-4646
-4608
-4522
-4093
-3876
-3523
-3380
-2963
-2476
-1952
-1458
-1141
-751
-544
-241
62
518
957
1207
1386
1519
1923
2283
2770
3006
3284
3370
3455
3532
3592
3581
3248
2762
2026
1263
369
-532
-1437
-2505
-3678
-4932
-5840
-6539
-7046
-7501
-7773
-7762
-7623
-7228
-6627
-5735
-4907
-4136
-3349
-2474
-1579
-797
6
699
1309
1728
2235
2826
3386
3801
4165
4623
5067
5468
5796
6137
6365
6428
6416
6347
6239
5850
5396
4825
4340
3677
3067
2429
1896
1277
763
428
321
287
231
281
401
716
999
1413
1577
1635
1389
1159
909
511
10
-795
-1494
-2561
-3300
-4217
-4524
-5063
-5345
-5758
-5833
-5607
-5241
-4639
-4151
-3542
-3073
-2502
-1833
-1173
-491
-69
411
662
973
1245
1653
2072
2256
2366
2385
2686
2841
3108
3143
3269
3166
3011
2822
2639
2444
1949
1359
526
-342
-1325
-2251
-3136
-4179
-5279
-6433
-7277
-7974
-8446
-8771
-8860
-8748
-8548
-8041
-7296
-6219
-5182
-4095
-3073
-1989
-913
161
1250
2158
2959
3533
4170
4761
5377
5881
6339
6719
7012
7297
7570
7859
8020
7994
7827
7527
7219
6746
6225
5479
4673
3762
2874
2021
1195
455
-298
-898
-1389
-1645
-1758
-1726
-1604
-1397
-1169
-826
-507
-76
63
174
-14
-81
-322
-637
-1062
-1652
-2129
-2901
-3249
-3785
-3757
-4078
-3996
-4067
-3708
-3365
-2828
-2222
-1617
-1091
-704
-240
244
611
833
878
976
874
782
610
633
587
415
248
141
276
218
319
298
492
388
329
201
190
-14
-389
-844
-1289
-1882
-2570
-3268
-3805
-4434
-5100
-5729
-6077
-6254
-6412
-6350
-6121
-5565
-5147
-4414
-3637
-2510
-1610
-650
257
1235
2089
2769
3486
4058
4545
4766
5030
5281
5475
5552
5579
5697
5719
5684
5638
5627
5624
5371
5161
4781
4549
3983
3500
2845
2292
1575
845
198
-374
-834
-1350
-1623
-1805
-1796
-1771
-1531
-1141
-659
-192
301
881
1405
1873
2163
2499
2525
2518
2101
1925
1354
958
89
-462
-1278
-1858
-2552
-2978
-3286
-3608
-3775
-3952
-3777
-3718
-3459
-3304
-3018
-2893
-2807
-2714
-2537
-2436
-2414
-2479
-2364
-2392
-2213
-2168
-1704
-1450
-1015
-760
-192
374
902
1421
1833
2348
2479
2713
2713
2879
2659
2358
1912
1485
976
276
-298
-938
-1488
-2236
-2796
-3212
-3518
-3797
-4048
-3962
-3864
-3576
-3362
-2814
-2288
-1707
-1194
-590
73
539
967
1288
1729
1954
2127
2231
2386
2475
2474
2561
2689
2865
2920
3008
3151
3289
3396
3396
3443
3308
3123
2750
2452
2045
1604
1045
468
-65
-626
-1064
-1451
-1628
-1829
-1881
-1877
-1636
-1304
-852
-368
156
655
1115
1526
1934
2223
2408
2307
2122
1738
1363
827
278
-344
-1020
-1680
-2350
-2761
-3167
-3314
-3588
-3584
-3653
-3450
-3312
-2960
-2685
-2371
-2204
-1980
-1775
-1509
-1329
-1118
-957
-725
-546
-252
100
549
991
1406
1884
2354
2899
3315
3783
4073
4354
4410
4474
4376
4249
3922
3507
2974
2406
1774
1127
473
-179
-843
-1481
-2036
-2484
-2862
-3196
-3468
-3678
-3793
-3873
-3858
-3812
-3705
-3633
-3508
-3352
-3124
-2884
-2635
-2375
-2085
-1773
-1438
-1062
-666
-286
72
435
797
1144
1454
1711
1896
2012
2040
2018
1911
1739
1455
1105
685
262
-179
-616
-1040
-1426
-1754
-2016
-2154
-2160
-2034
-1804
-1463
-1013
-460
183
885
1645
2404
3150
3826
4450
4999
5479
5820
6056
6103
6013
5695
5333
4798
4299
3586
2902
2017
1249
367
-273
-966
-1447
-2045
-2474
-2927
-3141
-3318
-3326
-3365
-3348
-3408
-3381
-3296
-3078
-2836
-2590
-2363
-2112
-1748
-1284
-649
28
752
1372
2055
2728
3527
4243
4915
5370
5687
5804
5837
5758
5569
5170
4549
3749
2871
1973
1064
123
-873
-1929
-3011
-4015
-4890
-5627
-6325
-6980
-7623
-8138
-8557
-8786
-8921
-8919
-8921
-8817
-8626
-8247
-7767
-7205
-6619
-6017
-5376
-4690
-3933
-3145
-2370
-1664
-993
-344
344
1003
1634
2177
2672
3092
3514
3889
4244
4476
4620
4649
4646
4603
4530
4377
4159
3885
3600
3349
3156
2988
2846
2697
2610
2589
2693
2833
3043
3208
3427
3629
3922
4186
4464
4628
4745
4768
4774
4729
4616
4382
3987
3513
2955
2451
1860
1307
594
-39
-769
-1266
-1772
-2045
-2419
-2633
-2910
-2960
-2986
-2820
-2694
-2509
-2421
-2274
-2113
-1845
-1574
-1329
-1144
-1005
-841
-669
-399
-168
76
164
276
305
439
473
536
434
307
43
-197
-467
-709
-1031
-1402
-1844
-2282
-2678
-3023
-3312
-3600
-3880
-4205
-4476
-4717
-4862
-5020
-5128
-5297
-5400
-5548
-5563
-5574
-5453
-5385
-5232
-5092
-4802
-4466
-3993
-3490
-2903
-2322
-1708
-1056
-338
413
1125
1797
2401
2988
3508
4026
4447
4841
5079
5293
5383
5511
5516
5527
5378
5217
4941
4696
4387
4104
3749
3368
2955
2574
2252
1973
1758
1556
1421
1299
1312
1396
1619
1835
2122
2377
2724
3065
3479
3855
4217
4473
4654
4781
4864
4907
4823
4634
4257
3809
3228
2667
1990
1302
462
-381
-1294
-2104
-2886
-3556
-4211
-4794
-5323
-5737
-6001
-6126
-6135
-6111
-6005
-5875
-5603
-5272
-4797
-4340
-3815
-3358
-2825
-2307
-1681
-1096
-477
42
532
956
1381
1777
2122
2377
2518
2562
2518
2444
2310
2123
1836
1472
1036
587
143
-281
-697
-1129
-1559
-1996
-2384
-2730
-3000
-3272
-3469
-3696
-3853
-4004
-4046
-4073
-4009
-3961
-3838
-3705
-3498
-3234
-2908
-2545
-2161
-1762
-1371
-953
-527
-63
348
733
1045
1351
1592
1841
2023
2172
2223
2259
2223
2203
2123
2040
1885
1712
1494
1283
1073
871
675
471
278
113
22
-21
4
69
182
336
570
847
1201
1581
1966
2326
2705
3067
3431
3768
4055
4290
4457
4574
4645
4680
4629
4534
4319
4046
3691
3296
2814
2304
1725
1080
399
-298
-974
-1637
-2241
-2832
-3324
-3787
-4107
-4347
-4439
-4484
-4382
-4240
-3964
-3656
-3209
-2756
-2213
-1703
-1143
-619
-66
456
971
1438
1876
2258
2571
2863
3101
3312
3424
3499
3473
3409
3250
3059
2776
2447
2017
1538
982
430
-164
-762
-1411
-2043
-2681
-3273
-3844
-4326
-4788
-5188
-5561
-5846
-6094
-6227
-6334
-6344
-6335
-6257
-6157
-5954
-5740
-5440
-5131
-4789
-4409
-3982
-3541
-3062
-2551
-2050
-1565
-1076
-561
-86
391
820
1235
1576
1912
2195
2448
2625
2780
2854
2908
2911
2909
2849
2777
2672
2559
2442
2343
2276
2214
2180
2165
2204
2266
2404
2558
2757
2966
3226
3469
3762
4069
4383
4650
4936
5186
5412
5632
5821
5983
6089
6173
6182
6181
6097
5997
5782
5523
5159
4737
4189
3627
2964
2242
1440
612
-260
-1123
-1956
-2748
-3473
-4148
-4714
-5172
-5502
-5725
-5800
-5798
-5672
-5487
-5191
-4858
-4443
-4027
-3591
-3189
-2784
-2423
-2075
-1755
-1451
-1209
-1010
-840
-691
-556
-449
-378
-338
-348
-412
-477
-577
-718
-915
-1159
-1484
-1790
-2141
-2471
-2842
-3176
-3541
-3851
-4141
-4321
-4476
-4562
-4632
-4616
-4589
-4460
-4304
-4094
-3869
-3654
-3409
-3156
-2869
-2582
-2267
-2012
-1710
-1421
-1099
-778
-386
-49
311
647
1037
1405
1815
2187
2542
2852
3141
3419
3673
3884
4054
4182
4236
4281
4304
4313
4267
4231
4123
4043
3938
3881
3792
3729
3637
3579
3520
3494
3484
3479
3476
3470
3465
3451
3473
3463
3462
3420
3391
3312
3267
3184
3126
3019
2933
2802
2690
2563
2436
2274
2089
1880
1607
1313
966
591
125
-355
-920
-1484
-2113
-2716
-3340
-3900
-4468
-4931
-5356
-5657
-5891
-5999
-6041
-5967
-5818
-5596
-5308
-4973
-4601
-4238
-3870
-3531
-3194
-2920
-2636
-2412
-2204
-2047
-1881
-1751
-1594
-1451
-1278
-1107
-908
-718
-492
-272
-53
163
354
510
623
706
723
713
649
540
401
237
57
-142
-328
-503
-663
-799
-918
-1008
-1081
-1122
-1151
-1166
-1169
-1165
-1157
-1139
-1136
-1102
-1090
-1043
-1020
-939
-862
-732
-566
-365
-122
160
490
875
1292
1731
2185
2648
3092
3528
3937
4303
4609
4862
5049
5158
5214
5187
5094
4938
4722
4457
4142
3782
3399
2998
2586
2159
1754
1354
981
628
307
13
-244
-464
-642
-797
-914
-995
-1044
-1063
-1058
-1013
-942
-830
-697
-535
-343
-115
144
433
729
1046
1337
1634
1883
2107
2250
2332
2302
2180
1938
1619
1176
675
61
-582
-1292
-1980
-2673
-3303
-3906
-4417
-4850
-5165
-5395
-5502
-5522
-5462
-5337
-5151
-4900
-4625
-4322
-4024
-3719
-3425
-3126
-2828
-2521
-2208
-1873
-1540
-1178
-796
-372
58
508
954
1383
1802
2173
2513
2782
2988
3116
3160
3137
3021
2847
2604
2311
1976
1610
1240
845
471
101
-244
-557
-833
-1077
-1272
-1444
-1554
-1657
-1703
-1751
-1725
-1707
-1637
-1565
-1447
-1306
-1144
-937
-702
-442
-165
139
466
805
1145
1485
1803
2094
2346
2574
2750
2894
2974
3019
2980
2905
2769
2591
2365
2107
1822
1512
1188
880
558
244
-51
-306
-532
-710
-846
-939
-989
-996
-962
-891
-791
-663
-516
-353
-180
-9
161
312
466
612
755
904
1048
1179
1308
1427
1542
1647
1741
1803
1844
1835
1772
1646
1462
1194
864
461
19
-493
-1021
-1593
-2163
-2734
-3253
-3728
-4119
-4429
-4632
-4743
-4745
-4642
-4440
-4142
-3770
-3346
-2884
-2388
-1881
-1365
-872
-406
30
429
783
1105
1378
1615
1804
1968
2105
2234
2356
2460
2546
2614
2660
2697
2713
2711
2672
2599
2481
2330
2131
1892
1622
1323
1003
668
328
-16
-354
-679
-982
-1252
-1482
-1671
-1815
-1919
-1983
-2003
-1984
-1928
-1840
-1722
-1579
-1411
-1239
-1065
-900
-730
-560
-390
-232
-89
36
166
289
412
529
632
716
792
847
891
925
947
953
940
896
816
705
562
396
224
44
-144
-338
-537
-734
-924
-1086
-1215
-1312
-1358
-1373
-1342
-1272
-1167
-1028
-864
-665
-438
-191
64
304
538
749
961
1159
1352
1526
1685
1820
1936
2035
2125
2202
2261
2287
2297
2268
2200
2090
1930
1714
1459
1155
808
435
37
-379
-805
-1233
-1635
-2002
-2315
-2565
-2752
-2868
-2910
-2874
-2767
-2596
-2365
-2097
-1796
-1467
-1113
-751
-387
-36
301
616
915
1192
1447
1677
1876
2044
2195
2335
2462
2572
2656
2712
2741
2739
2703
2631
2508
2336
2115
1844
1522
1156
752
312
-146
-619
-1076
-1532
-1969
-2376
-2756
-3082
-3354
-3549
-3681
-3759
-3782
-3738
-3639
-3487
-3294
-3057
-2807
-2531
-2232
-1934
-1636
-1354
-1073
-808
-561
-325
-109
96
287
471
641
781
916
1041
1143
1224
1286
1328
1350
1348
1322
1254
1151
1025
877
715
549
384
216
43
-121
-263
-382
-470
-530
-554
-544
-493
-415
-310
-185
-44
103
264
431
598
754
890
1008
1112
1211
1294
1360
1407
1439
1467
1481
1483
1478
1460
1430
1377
1304
1205
1081
938
771
578
367
148
-74
-296
-516
-730
-918
-1080
-1211
-1305
-1362
-1373
-1344
-1278
-1175
-1043
-880
-692
-495
-293
-83
117
312
502
668
822
963
1088
1202
1293
1363
1419
1453
1462
1456
1429
1378
1304
1199
1074
918
730
520
287
34
-230
-512
-798
-1082
-1362
-1622
-1859
-2059
-2223
-2349
-2429
-2468
-2458
-2407
-2319
-2184
-2018
-1829
-1622
-1398
-1169
-938
-713
-498
-293
-109
61
211
339
454
560
648
722
800
871
936
987
1032
1078
1115
1137
1149
1156
1147
1121
1069
995
908
796
665
512
345
187
14
-151
-312
-465
-591
-693
-774
-835
-854
-840
-801
-734
-653
-544
-424
-299
-171
-50
58
157
246
310
359
395
418
431
419
406
394
376
355
335
325
320
320
323
323
325
329
336
334
325
316
302
283
255
225
198
170
148
125
106
98
98
106
117
129
153
177
195
214
229
233
236
235
223
209
186
148
101
48
-10
-71
-128
-184
-239
-288
-343
-396
-447
-498
-542
-586
-632
-674
-715
-749
-775
-792
-796
-793
-788
-776
-752
-718
-678
-633
-582
-520
-452
-368
-275
-184
-89
8
108
201
294
395
501
613
724
830
913
989
1049
1093
1128
1160
1188
1205
1211
1206
1189
1163
1130
1081
1021
957
885
794
702
617
522
421
315
201
71
-58
-192
-330
-462
-584
-707
-820
-919
-1010
-1085
-1136
-1181
-1213
-1221
-1210
-1190
-1158
-1107
-1035
-951
-863
-776
-699
-609
-516
-432
-340
-242
-145
-54
27
94
159
221
269
306
333
361
381
378
360
320
272
205
118
19
-90
-215
-343
-475
-607
-729
-851
-959
-1051
-1136
-1207
-1247
-1265
-1260
-1233
-1179
-1097
-1012
-911
-798
-680
-545
-403
-267
-130
3
130
268
401
526
656
776
897
1008
1105
1195
1274
1339
1391
1437
1469
1496
1510
1518
1518
1498
1470
1440
1403
1374
1346
1309
1268
1215
1151
1073
1000
934
876
816
757
698
627
568
516
454
405
367
328
278
225
181
135
99
53
7
-45
-107
-175
-267
-347
-423
-515
-612
-713
-809
-899
-978
-1067
-1143
-1190
-1239
-1276
-1314
-1343
-1338
-1319
-1285
-1255
-1223
-1170
-1111
-1056
-997
-924
-844
-747
-659
-586
-506
-425
-350
-280
-221
-161
-101
-50
-5
15
29
41
34
5
-36
-87
-148
-213
-285
-364
-437
-505
-568
-626
-687
-734
-773
-795
-801
-793
-761
-719
-669
-611
-555
-491
-408
-323
-238
-149
-68
23
117
205
304
408
514
623
727
824
919
1016
1101
1192
1277
1353
1431
1495
1551
1595
1634
1675
1701
1726
1744
1746
1744
1727
1700
1654
1595
1535
1469
1399
1315
1223
1108
985
865
729
600
474
351
227
103
-34
-166
-278
-391
-493
-582
-662
-731
-805
-868
-934
-998
-1048
-1097
-1149
-1191
-1218
-1245
-1267
-1277
-1285
-1286
-1279
-1278
-1264
-1239
-1207
-1164
-1135
-1105
-1069
-1037
-1002
-977
-957
-922
-884
-850
-835
-827
-806
-782
-759
-729
-701
-664
-611
-558
-505
-451
-385
-305
-218
-136
-54
34
128
220
297
369
444
515
574
620
646
670
678
672
649
608
559
503
436
356
278
200
122
46
-31
-100
-164
-218
-260
-292
-311
-317
-317
-307
-291
-274
-241
-200
-155
-111
-56
7
84
170
254
349
446
554
671
780
885
990
1103
1217
1327
1430
1519
1605
1687
1760
1813
1850
1882
1904
1918
1916
1892
1858
1820
1770
1702
1625
1531
1437
1339
1230
1102
967
817
668
508
338
165
-20
-193
-372
-556
-744
-924
-1091
-1247
-1389
-1536
-1661
-1767
-1862
-1945
-2019
-2070
-2100
-2118
-2114
-2091
-2057
-2009
-1940
-1860
-1767
-1660
-1547
-1422
-1276
-1127
-984
-850
-715
-583
-457
-336
-234
-143
-56
23
83
114
124
131
124
104
68
20
-27
-78
-126
-192
-261
-318
-369
-412
-459
-496
-525
-542
-543
-547
-543
-530
-501
-459
-421
-384
-339
-284
-224
-168
-115
-65
-5
63
117
170
231
299
361
417
470
521
580
637
690
738
789
840
888
922
948
978
1004
1025
1043
1056
1074
1101
1124
1145
1169
1187
1215
1250
1276
1293
1319
1353
1390
1419
1445
1467
1478
1485
1482
1470
1439
1403
1361
1307
1231
1146
1055
954
841
711
570
424
275
126
-31
-194
-357
-522
-683
-844
-1005
-1163
-1312
-1458
-1592
-1721
-1841
-1944
-2027
-2099
-2158
-2199
-2228
-2238
-2232
-2214
-2178
-2124
-2049
-1962
-1867
-1763
-1649
-1529
-1401
-1276
-1153
-1034
-909
-779
-656
-538
-431
-333
-251
-176
-110
-56
-16
17
50
76
99
115
117
110
106
99
90
86
89
110
130
153
193
238
288
347
411
482
552
634
726
809
892
977
1057
1125
1192
1245
1283
1317
1342
1351
1350
1335
1319
1287
1244
1199
1150
1098
1039
983
931
876
823
774
727
693
657
629
612
601
596
592
596
599
606
605
614
620
622
622
620
612
596
579
546
500
451
395
328
256
176
95
3
-92
-186
-283
-382
-481
-585
-688
-787
-883
-981
-1072
-1145
-1221
-1286
-1352
-1411
-1460
-1506
-1538
-1571
-1594
-1604
-1612
-1610
-1598
-1573
-1545
-1508
-1460
-1413
-1365
-1308
-1245
-1184
-1114
-1040
-964
-892
-817
-746
-678
-607
-545
-486
-426
-369
-313
-258
-208
-146
-84
-20
44
109
172
239
312
379
456
534
609
684
758
834
899
959
1016
1059
1092
1114
1143
1157
1162
1170
1167
1172
1168
1159
1143
1124
1115
1098
1076
1060
1046
1036
1027
1014
998
974
948
923
881
841
800
757
705
643
588
533
473
406
340
278
227
167
109
55
-1
-47
-94
-148
-199
-236
-279
-327
-372
-410
-438
-458
-491
-522
-542
-566
-596
-631
-660
-694
-720
-746
-780
-810
-832
-850
-868
-883
-893
-898
-899
-898
-895
-887
-879
-867
-858
-851
-838
-821
-798
-776
-753
-717
-685
-657
-631
-601
-571
-538
-512
-490
-471
-440
-414
-390
-360
-334
-302
-278
-258
-233
-208
-171
-138
-106
-74
-48
-13
16
50
90
142
194
241
292
338
395
450
502
557
608
663
707
742
773
808
851
891
920
939
966
980
982
976
973
968
954
935
909
873
843
811
775
743
711
684
647
598
549
514
474
438
410
380
354
327
303
278
258
245
234
220
200
176
152
128
100
78
53
34
10
-19
-55
-94
-127
-167
-201
-244
-295
-331
-372
-413
-458
-491
-522
-552
-588
-624
-649
-673
-694
-717
-736
-749
-749
-752
-752
-745
-729
-710
-698
-688
-674
-658
-636
-617
-594
-568
-548
-524
-495
-466
-438
-408
-378
-356
-336
-316
-301
-283
-257
-231
-210
-191
-170
-148
-132
-112
-91
-68
-44
-22
0
22
53
86
115
141
165
190
208
226
248
261
277
286
300
318
333
349
359
370
384
401
403
400
408
409
409
415
411
411
418
418
416
409
405
407
414
412
408
408
409
414
417
415
409
410
413
412
405
402
405
406
395
391
385
378
376
358
338
318
293
259
225
187
156
122
76
26
-19
-69
-118
-166
-216
-258
-305
-353
-401
-440
-479
-514
-540
-563
-583
-605
-622
-634
-643
-646
-642
-645
-638
-633
-634
-629
-616
-600
-579
-553
-525
-496
-469
-442
-416
-386
-359
-333
-309
-281
-261
-238
-209
-177
-145
-113
-83
-55
-26
-2
20
41
63
93
120
137
157
185
208
229
250
272
297
312
327
345
357
374
384
396
405
402
405
404
407
399
387
390
379
367
358
347
334
323
305
290
278
268
258
246
237
231
231
237
228
222
230
231
234
243
248
256
261
267
273
274
277
277
278
277
270
262
256
235
214
200
177
144
110
76
40
5
-33
-77
-116
-160
-207
-249
-294
-334
-380
-419
-459
-494
-521
-549
-574
-601
-619
-637
-644
-650
-662
-662
-661
-650
-639
-626
-610
-590
-573
-546
-509
-483
-454
-425
-397
-364
-325
-290
-260
-226
-185
-150
-115
-83
-54
-20
9
33
56
82
106
130
158
181
202
229
246
260
279
300
317
331
341
355
373
390
400
415
428
429
442
447
447
451
449
448
450
448
444
437
428
420
413
398
385
377
358
331
318
306
296
278
253
234
216
201
180
157
139
129
110
85
66
51
42
25
5
-13
-30
-41
-59
-77
-89
-110
-123
-138
-152
-167
-178
-193
-204
-211
-228
-238
-255
-267
-268
-282
-297
-305
-319
-330
-338
-351
-368
-369
-380
-395
-412
-418
-425
-425
-435
-448
-453
-453
-453
-463
-462
-456
-447
-445
-438
-429
-413
-394
-381
-367
-335
-309
-283
-250
-224
-188
-144
-115
-81
-32
9
50
84
123
163
209
238
270
302
337
368
389
405
430
455
472
486
484
495
499
498
496
485
483
479
467
447
433
436
430
418
395
376
374
366
347
322
317
314
311
289
262
260
259
256
237
222
214
213
204
180
162
162
161
134
104
86
84
81
53
22
-1
-4
-12
-36
-71
-91
-99
-125
-139
-166
-193
-194
-208
-228
-251
-268
-278
-287
-308
-332
-333
-341
-347
-367
-377
-381
-378
-376
-390
-392
-391
-386
-384
-387
-382
-375
-373
-368
-363
-354
-348
-335
-322
-305
-303
-295
-279
-264
-253
-244
-229
-211
-197
-187
-171
-157
-133
-114
-102
-98
-71
-47
-32
-21
-5
16
39
54
66
89
116
133
155
166
192
220
239
254
267
291
309
328
334
356
373
382
381
385
388
397
409
400
400
393
387
377
357
346
331
320
299
281
269
261
255
239
220
198
182
170
151
136
126
123
111
97
77
66
69
57
43
29
19
15
8
-3
-20
-24
-34
-44
-73
-83
-85
-96
-108
-133
-140
-146
-152
-172
-189
-208
-222
-230
-251
-265
-266
-267
-270
-283
-293
-297
-293
-304
-317
-318
-322
-313
-314
-312
-302
-292
-284
-277
-268
-263
-251
-241
-234
-213
-193
-180
-164
-150
-142
-131
-117
-104
-81
-61
-38
-20
-1
23
40
46
59
76
87
104
124
138
153
168
173
172
174
179
194
197
206
220
223
220
213
214
213
217
211
211
213
224
227
218
209
202
197
191
188
192
194
194
191
183
178
171
165
156
154
154
145
135
130
122
114
107
93
85
76
67
54
41
37
31
18
12
5
-4
-18
-32
-44
-57
-66
-73
-76
-77
-80
-87
-100
-107
-112
-117
-118
-119
-118
-121
-126
-127
-132
-145
-146
-150
-155
-151
-152
-152
-152
-155
-156
-158
-156
-153
-144
-135
-124
-116
-115
-119
-122
-124
-129
-121
-115
-112
-104
-104
-103
-110
-119
-125
-133
-124
-117
-106
-96
-80
-68
-68
-64
-57
-48
-46
-38
-20
-7
10
24
26
39
43
43
51
55
66
75
90
102
108
120
131
131
126
130
129
128
136
138
140
142
140
136
127
122
118
113
111
111
105
101
98
99
91
88
83
75
71
68
61
57
51
39
41
46
54
57
53
51
42
29
32
32
30
32
42
39
26
13
7
4
-7
-14
-12
-10
-10
-6
-6
-13
-19
-30
-36
-36
-41
-39
-27
-14
-14
-24
-31
-41
-54
-59
-55
-52
-55
-57
-57
-59
-65
-69
-78
-91
-94
-91
-88
-82
-81
-83
-86
-89
-90
-91
-94
-88
-84
-79
-73
-72
-67
-59
-55
-54
-53
-54
