-1
0
0
1
1
1
2
0
0
0
1
1
1
-2
-1
0
-1
-1
1
0
0
0
0
0
-1
0
0
0
1
2
0
-1
0
0
0
0
1
2
1
1
0
0
0
0
1
1
1
0
0
0
0
0
1
0
0
0
0
0
0
-1
-1
-1
0
0
0
-1
0
-1
-1
-1
0
0
0
-1
0
0
0
1
1
1
1
0
-2
0
0
1
-1
0
-1
0
1
0
0
0
0
0
0
0
-1
1
0
0
1
1
-1
1
0
-1
-2
0
1
-1
0
1
0
-3
-1
0
0
1
0
-1
-1
1
-1
-3
0
0
-2
0
2
-1
-1
1
-1
-2
1
4
0
2
6
-3
-3
4
-1
-4
6
3
-8
-2
4
-6
-2
7
-2
-3
7
0
-5
4
0
-7
2
4
-4
-1
4
-2
-4
2
0
-2
4
3
-5
-2
3
-3
0
2
-2
0
1
0
2
-3
-3
1
-1
-5
2
3
-1
4
3
-7
-1
4
-3
1
6
-1
-3
2
-2
-3
1
1
1
4
-3
-4
1
1
-2
-1
3
-5
-5
9
-1
-9
6
5
-8
3
9
-10
-3
10
-9
-8
11
-1
-9
6
4
-7
1
7
-2
-7
-2
1
-1
0
5
1
-4
2
4
-2
-2
7
-1
-9
0
0
-8
3
15
0
-8
8
0
-11
3
3
-7
1
6
-4
-2
7
1
-3
1
0
-5
-3
3
3
-4
0
3
1
2
0
-4
0
0
3
4
1
-1
-1
-3
-2
2
-1
3
9
0
-7
2
-1
-4
6
1
-8
3
5
-2
2
5
-5
-4
1
-3
-5
1
4
3
1
-4
0
2
-9
1
11
-8
-3
15
-4
-19
10
8
-22
5
23
-13
-5
19
3
-18
-2
17
-15
-24
28
18
-39
7
54
-40
-37
80
-16
-91
73
40
-106
30
90
-95
-28
129
-49
-90
114
-1
-118
81
56
-126
28
91
-102
-4
119
-59
-36
99
-59
-87
97
-10
-91
99
34
-93
44
47
-80
5
67
-55
-26
51
-16
-30
26
-2
-12
5
6
23
-11
-14
11
11
-34
11
38
-46
-20
44
-16
-12
65
27
-42
-23
7
-77
-29
55
16
-8
92
27
-138
47
41
-187
25
200
-129
4
245
-194
-160
224
-77
-168
268
38
-215
172
80
-297
32
202
-180
-10
256
-73
-149
84
14
-134
-15
136
-59
21
142
-115
-61
10
11
-27
23
123
-31
-63
-105
60
129
-119
65
299
-359
-315
377
-116
-7
322
-51
-186
-5
1
-240
128
184
-30
186
-127
-28
-82
-399
306
261
-206
252
176
-357
-159
106
-240
79
426
-125
137
-14
-335
-27
13
-38
126
147
-123
179
127
-356
-76
-55
-97
249
240
24
-20
-113
-239
4
5
35
148
102
-111
204
-51
-424
88
58
-32
166
214
-14
-435
156
89
-368
314
230
-271
-79
366
-271
-188
237
25
-221
184
196
-161
-76
-102
248
-352
209
371
-355
-161
380
-173
-435
648
-23
-577
436
120
-390
181
106
-130
-149
291
-134
-176
389
-133
-247
283
75
-273
26
188
-276
59
353
-179
-10
-66
64
-330
248
54
-155
309
-291
255
-327
308
-36
-405
364
-74
-154
167
358
-344
-51
182
-237
-145
231
44
-57
191
142
-154
-389
316
-297
-187
510
341
-604
199
614
-1357
471
588
-854
231
700
-418
28
409
-547
-226
301
-104
-265
835
-116
-287
288
-331
-219
-134
470
-80
-214
512
-118
-631
564
5
-885
618
438
-407
-469
1042
-94
-923
980
15
-1298
718
492
-629
296
850
-692
-496
509
-430
-332
304
602
-465
436
-324
58
-410
-318
621
-275
269
253
408
-731
-164
257
-415
363
135
381
27
-292
317
-810
-275
626
-34
-8
189
526
-570
-950
851
-450
-326
843
317
-274
-218
344
-557
-76
275
383
-354
9
619
-346
-193
-126
38
-232
55
732
-384
-589
887
-685
-343
487
-89
100
117
286
-682
377
135
-123
-28
-38
407
157
138
-175
-747
266
131
-525
712
289
-80
-843
745
-747
-1695
1512
710
-346
352
472
-913
-1070
827
246
-506
996
1224
-765
-711
898
-923
-1381
931
1848
-463
57
477
-1875
-585
118
329
313
463
623
-125
-1165
-550
569
-634
127
1878
-269
-562
586
-692
-729
465
135
-420
1289
293
-506
-395
-278
-597
-238
1132
448
-154
-39
314
-1049
-670
773
-393
135
1398
-4
-466
-158
-656
-785
255
829
233
618
248
-520
-402
-626
-373
-1
491
840
429
220
-754
-453
-366
-649
370
716
627
-52
535
-478
-1242
141
-363
-32
737
1245
-4
-394
120
-909
-1264
225
712
532
924
576
-422
-1704
-305
-504
185
1228
914
394
-560
-748
-873
-341
2
1316
462
-15
315
-252
-885
-833
313
233
469
902
156
-331
-540
-861
-157
25
745
636
9
-199
-314
95
-419
-330
191
317
237
410
-62
-349
22
39
-545
66
659
-355
-296
289
472
-265
-338
274
-547
-491
630
342
-334
320
557
-658
-438
350
-302
134
387
196
266
88
-475
-357
-73
-153
385
625
99
-127
-283
-776
-360
128
654
191
398
-103
-451
-313
-301
-119
61
1032
186
35
-6
-275
-719
-108
300
-22
688
617
-318
-659
-73
-282
-332
33
532
392
260
-171
-319
-420
-611
-248
733
684
557
385
-760
-778
-414
255
146
528
671
227
-407
-531
-343
-480
105
605
296
204
243
-538
-760
-179
261
88
457
293
94
-322
-774
0
179
397
447
-69
-105
-27
-224
-311
-112
245
738
493
-356
-416
-259
-463
17
398
96
421
502
-398
-896
-308
106
-128
486
726
-26
-298
-300
67
-598
-141
563
58
351
602
14
-879
-495
-275
27
648
786
540
-433
-571
-464
-628
111
541
833
408
-62
-547
-636
-423
-155
319
622
368
139
-21
-699
-401
-283
129
511
588
88
33
-254
-540
-135
276
53
91
525
-145
-155
7
-229
-325
-71
-101
225
437
378
-320
-633
-218
-205
280
601
337
-266
-132
101
-272
-204
388
234
-193
358
125
-287
-97
-204
109
25
13
154
-45
-2
-153
-127
-184
-64
378
130
-255
-241
29
23
10
62
27
83
-131
-110
129
53
-116
132
194
69
111
102
-211
-258
236
197
17
84
40
-67
-283
-46
-49
-117
72
93
-84
-269
-79
-61
-222
21
623
-239
-50
49
-376
28
484
283
-237
417
19
-87
-81
119
9
-108
135
-71
299
33
-328
-164
-261
63
140
-212
-49
45
194
-119
-124
-16
-251
67
123
113
254
157
-322
-164
78
-306
70
290
168
74
39
-326
-129
71
-385
-210
287
622
391
320
-256
-853
-351
-97
243
1015
428
145
-178
-623
-646
-399
407
299
718
147
-288
-136
-923
-501
-235
429
742
699
406
-795
-477
-591
-583
555
1033
824
566
-546
-868
-653
277
689
-234
256
366
21
-331
-754
-529
144
520
87
-293
173
-166
-174
-216
-495
-173
770
840
-220
-150
69
49
-283
-457
39
577
856
181
-253
-33
-144
-360
-494
27
300
539
660
109
-810
-523
-54
-448
-77
329
441
487
135
-671
-745
-242
74
91
322
458
238
2
-397
-547
-366
210
579
368
187
326
-88
-460
-421
-72
106
580
470
205
195
-747
-678
-174
457
417
-24
-294
-32
296
-248
-744
-353
115
585
498
-338
-254
-49
172
-358
-487
347
930
537
-326
-606
-152
347
402
-105
-328
361
119
-47
72
-308
-266
238
-21
-213
208
208
-226
-350
90
-311
191
622
-98
27
-116
-252
-233
167
286
122
19
-152
-185
26
-8
-328
-40
80
230
-67
-229
-131
-16
92
83
266
208
-17
50
-255
-228
169
200
348
298
234
83
-368
-557
-230
137
411
189
50
-220
-146
-98
-449
-161
135
67
234
215
-461
-156
57
-47
60
303
134
-95
172
-102
-13
81
-370
-144
385
315
275
-60
-438
-418
179
254
-195
-196
-62
411
362
-99
-142
-251
-285
-69
22
193
160
282
140
-198
-367
-258
152
12
215
79
-15
91
86
-47
-195
152
-148
98
72
-52
-11
6
227
-117
3
6
-101
-129
-17
82
31
246
91
-166
-247
-153
-35
-2
292
262
121
37
-337
-439
-337
100
447
348
281
-45
-257
-421
-511
-138
352
650
507
18
-257
-362
-409
-158
-138
124
491
541
173
-341
-459
-490
-205
150
388
293
260
282
-74
-511
-529
-201
188
653
560
96
-274
-409
-368
-107
40
172
448
433
-33
-377
-348
-302
-54
134
289
197
252
74
-316
-449
-381
52
296
378
251
242
-123
-434
-538
-241
188
276
423
106
98
-60
-265
-366
-453
69
424
456
404
24
-275
-396
-414
-37
98
365
569
261
27
-512
-569
-238
16
571
437
107
-286
-272
94
-138
-202
-168
74
325
363
159
-438
-429
11
48
159
156
65
65
248
4
-577
-319
-90
368
574
134
-217
-170
92
-72
-320
-441
-22
435
530
268
-54
-334
-360
-168
-215
-85
251
418
293
108
-156
-185
-417
-214
-10
144
326
125
392
30
-239
-411
-374
-168
167
757
386
-157
-339
-347
-236
0
208
346
67
-71
59
-1
-120
-342
-102
71
126
327
52
-30
-124
-163
-149
-225
86
171
256
173
-246
-380
-208
84
301
83
34
-54
-221
17
43
-116
-87
240
102
-129
-53
-173
-43
86
39
-180
-121
235
66
-46
-2
-143
-57
294
46
-289
13
199
-91
-134
222
267
112
-228
-334
-136
162
398
-190
-115
267
67
33
-138
-308
-268
361
93
62
342
-207
-160
-206
-158
145
200
75
95
271
-214
-422
46
-192
5
392
279
124
-156
-123
-182
-287
-23
-4
172
495
192
-66
-481
-160
139
-189
-50
-71
461
316
-85
-21
-382
-176
-69
40
155
242
247
-75
-92
-145
-224
72
344
222
-133
-50
49
-167
-17
289
282
-174
84
90
-27
-31
-487
-40
500
311
160
-139
-418
32
225
-104
-399
-93
169
427
480
-153
-388
-395
-221
91
60
118
191
301
47
-284
-57
-141
-465
-6
535
197
71
57
119
-81
-266
-255
-111
277
374
421
90
-168
-178
-186
-52
99
203
293
86
-199
135
244
-408
-397
28
379
415
-77
-410
-198
246
-9
-338
-359
-16
525
289
-350
-537
-371
71
167
-128
-23
158
79
-295
-510
-109
213
-98
-161
149
147
-84
-224
-524
-566
88
539
182
-285
-272
-308
-289
-202
-299
-300
171
484
77
-516
-698
-435
-195
-29
251
279
52
-132
-402
-568
-461
141
365
249
150
-56
-86
-307
-232
-38
91
235
428
450
48
-247
-360
-243
165
629
720
382
113
-141
-551
-263
488
846
718
450
98
-206
-28
81
220
439
500
684
712
398
68
-96
-146
8
510
892
838
444
80
-32
-217
-232
98
376
673
804
154
-370
-189
-9
-4
10
75
287
655
565
-147
-737
-620
71
624
534
247
-62
-267
-133
-265
-421
-128
177
88
-16
-77
-373
-678
-740
-522
-209
-47
-106
-250
-530
-782
-841
-805
-624
-179
131
-122
-749
-1078
-892
-606
-324
-117
-162
-382
-537
-623
-641
-474
-348
-290
20
288
-8
-584
-843
-720
-239
439
634
173
-156
-89
-218
-582
-551
118
958
1247
732
47
-121
107
322
405
421
680
1344
1767
1225
259
-46
281
711
1167
1393
1343
1395
1267
683
296
407
670
1103
1518
1424
1049
794
581
468
493
564
790
1016
1007
830
430
-34
-69
217
335
394
445
194
-126
-257
-485
-766
-732
-467
-295
-365
-724
-1236
-1549
-1512
-1294
-1146
-1239
-1482
-1612
-1676
-1876
-2134
-2269
-2140
-1772
-1520
-1614
-1885
-2134
-2255
-2101
-1822
-1683
-1532
-1262
-1142
-1223
-1357
-1478
-1413
-1062
-652
-410
-390
-476
-448
-359
-409
-377
-33
346
489
430
251
148
239
412
677
963
1077
1095
1074
888
830
1139
1463
1587
1688
1793
1870
1874
1659
1557
1852
2218
2369
2323
2219
2275
2394
2202
1860
1838
2179
2656
2884
2571
2098
1923
1923
1989
2168
2356
2539
2658
2450
1971
1665
1744
1985
2032
1732
1303
1079
1102
1173
1071
713
229
-272
-861
-1548
-1971
-1741
-1150
-1013
-1812
-3189
-4212
-4338
-3936
-3550
-3291
-3227
-3583
-4229
-4720
-4779
-4305
-3465
-2814
-2743
-3082
-3502
-3598
-3107
-2366
-1897
-1681
-1498
-1356
-1361
-1648
-2029
-1911
-1189
-515
-374
-705
-1248
-1641
-1647
-1426
-1217
-1026
-845
-826
-1074
-1465
-1670
-1405
-844
-432
-353
-454
-482
-311
-69
122
383
815
1308
1783
2129
2162
2037
2133
2521
3017
3491
3864
4099
4132
3894
3579
3627
4144
4639
4658
4303
3939
3767
3772
3848
3901
3849
3569
3187
3097
3325
3480
3338
2907
2459
2347
2507
2612
2597
2492
2254
2036
1856
1614
1465
1370
850
-284
-1369
-1346
-82
961
143
-2249
-4268
-4659
-3991
-3415
-3173
-2988
-3220
-4491
-6297
-7011
-5862
-3990
-3041
-3430
-4336
-4829
-4611
-3912
-3093
-2374
-1830
-1427
-1142
-1061
-1187
-1230
-920
-395
106
613
980
721
-244
-1256
-1510
-925
-187
-29
-482
-1221
-2166
-3036
-3255
-2699
-1985
-1789
-2288
-3134
-3748
-3774
-3251
-2519
-2047
-1968
-1945
-1723
-1449
-1256
-1012
-474
357
1102
1554
1896
2205
2392
2545
2891
3388
3846
4108
4198
4268
4277
4172
4029
4010
4071
4020
3806
3537
3301
3074
2908
2794
2661
2475
2274
2214
2276
2267
2190
2215
2281
2196
2068
2057
2263
2597
2756
2741
2803
2886
2706
2356
2087
1836
1301
491
186
926
1834
1358
-700
-2710
-3267
-2761
-2476
-2669
-2664
-2608
-3529
-5413
-6552
-5693
-3818
-2864
-3440
-4436
-4726
-4374
-3861
-3214
-2325
-1517
-1159
-1182
-1292
-1197
-722
58
822
1254
1327
1093
610
146
154
849
1555
1397
263
-920
-1273
-1053
-863
-913
-1032
-1389
-2222
-3216
-3769
-3456
-2744
-2341
-2643
-3376
-3776
-3532
-2894
-2447
-2268
-2068
-1681
-1212
-988
-756
-219
524
1089
1380
1721
2072
2280
2229
2281
2783
3431
3773
3549
3150
2927
2962
3135
3193
3104
2809
2521
2359
2364
2488
2504
2412
2184
2024
2091
2414
2798
2873
2645
2244
2103
2453
3064
3531
3538
3341
3208
3190
3077
2770
2303
1539
839
915
1980
2765
1678
-857
-2774
-2768
-1920
-1682
-1869
-1865
-2302
-4178
-6328
-6412
-4275
-2390
-2690
-4201
-5096
-4975
-4472
-3799
-2615
-1387
-978
-1493
-1982
-1588
-629
311
943
1328
1556
1660
1757
1629
1347
1117
1106
1319
1513
1607
1094
-64
-1258
-1711
-1270
-857
-1085
-2009
-3014
-3790
-4378
-4518
-4169
-3603
-3696
-4517
-5257
-5239
-4403
-3569
-3221
-3452
-3636
-3208
-2322
-1370
-788
-418
-175
110
584
1250
1974
2264
2211
2251
2730
3227
3204
2947
2905
3156
3209
2995
2798
2711
2592
2350
2350
2612
2800
2597
2190
2064
2259
2712
3114
3278
3101
2747
2673
2969
3491
3893
4113
4207
4133
3972
3900
4037
3789
2734
1499
1479
3048
4369
3421
574
-1682
-1831
-918
-518
-565
-443
-971
-3164
-5785
-6068
-3630
-1377
-1773
-3908
-5279
-5084
-4277
-3624
-2666
-1580
-1192
-1840
-2594
-2201
-978
197
635
656
824
1062
1306
1145
1080
1094
1157
979
523
600
644
393
-502
-1393
-1572
-1590
-1661
-2336
-2917
-3398
-3817
-4116
-4473
-4361
-4472
-4656
-5001
-5135
-4614
-4167
-3884
-4209
-4351
-3821
-2885
-1926
-1542
-1187
-1062
-853
-449
341
1513
2000
1918
1593
1816
2521
2955
3117
2932
3011
3069
3007
2916
2805
2918
2786
2779
2788
2836
2926
2699
2562
2423
2704
3157
3348
3411
3185
3172
3190
3454
3861
4147
4379
4307
4430
4601
4643
4546
4033
3273
2345
2187
3215
4366
3782
1172
-1122
-1350
-241
138
-584
-1138
-1510
-2826
-4919
-5706
-4183
-2369
-2660
-4579
-5767
-5385
-4463
-4101
-3796
-3003
-2324
-2422
-3009
-2893
-1792
-531
27
-58
142
669
1111
910
724
1265
1858
1786
639
-81
413
1126
1023
-173
-1084
-1469
-1666
-2124
-2577
-2466
-2681
-3365
-4548
-5089
-4733
-4402
-4369
-4872
-4986
-4797
-4694
-4674
-4615
-3964
-3273
-2643
-2379
-2200
-1790
-1385
-709
-103
617
1087
1105
1124
1277
1939
2544
2727
2510
2202
2326
2531
2683
2659
2639
2611
2320
2290
2412
2721
2848
2674
2582
2641
2943
3346
3533
3672
3593
3761
4064
4434
4559
4584
4836
5161
5391
5418
5240
5118
4258
3017
2442
3312
4916
4824
2386
-388
-1052
61
580
-224
-1198
-1385
-2034
-4053
-5428
-4776
-2773
-2495
-4233
-5654
-5352
-4252
-3963
-4113
-3555
-2499
-2021
-2558
-2713
-1984
-592
103
116
345
1051
1676
1411
1016
1513
2632
2860
1620
433
461
1570
1899
1094
66
-698
-1198
-1799
-1992
-1867
-1894
-2683
-3971
-4778
-4864
-4398
-4331
-4725
-5196
-5406
-5266
-5298
-5211
-4850
-4261
-3846
-3649
-3368
-3016
-2511
-2069
-1433
-716
-281
-174
-227
207
1012
1767
1974
1739
1601
1752
2106
2328
2543
2825
2849
2585
2181
2331
2819
3121
3048
2869
2883
3012
3117
3413
3610
3839
3740
3672
3816
4041
4292
4428
4588
4753
4876
4892
4382
3993
3199
2707
3002
3624
4359
3207
927
-515
-72
1118
789
-565
-1488
-1369
-1811
-3431
-3985
-3255
-1839
-2365
-4013
-4548
-3868
-2885
-3009
-3192
-2484
-1575
-1338
-1943
-1796
-1018
165
628
566
1032
1370
1554
1123
1263
2256
2909
2246
530
-64
524
1462
1390
303
-387
-1478
-2193
-2636
-2398
-1969
-2631
-3863
-5146
-5430
-5199
-5011
-5078
-5649
-5755
-6089
-6131
-6082
-5755
-4880
-4544
-4326
-4275
-3952
-3285
-2745
-2005
-1402
-841
-721
-697
-281
525
1627
1850
1595
1269
1445
2223
2512
2617
2608
2732
2857
2509
2397
2574
3035
3215
2982
2962
2945
3174
3313
3532
3842
4032
3998
3770
3896
4341
4776
5098
4932
5151
5392
5188
4790
3915
3291
3586
4277
5127
4476
2224
421
531
1727
1867
563
-703
-644
-860
-2335
-3442
-3136
-1626
-1528
-3253
-4349
-4096
-3010
-2804
-3223
-2882
-1961
-1604
-2114
-2382
-1717
-483
160
83
254
552
825
598
560
1442
2346
2167
847
-404
-246
643
1095
806
100
-791
-1786
-2496
-2327
-1759
-1860
-2929
-4081
-4623
-4552
-4542
-4774
-4809
-4957
-5195
-5643
-5826
-5335
-4762
-4402
-4328
-4180
-3868
-3626
-3226
-2568
-1612
-1131
-1198
-1304
-904
170
990
1347
1125
995
1344
1772
2215
2316
2480
2728
2761
2639
2319
2543
2998
3283
3200
2831
2856
2890
3158
3365
3446
3689
3496
3409
3293
3553
4144
4354
4452
4233
4409
4668
4411
4040
2914
2741
3386
4405
4766
2926
866
166
1351
2253
1298
-99
-840
-381
-1114
-2610
-2915
-2110
-1019
-2212
-3808
-4153
-3297
-2454
-2876
-3028
-2551
-1891
-2146
-2707
-2183
-1100
-51
-291
-646
-201
422
769
385
835
1916
2638
1401
-485
-760
736
2427
1913
185
-937
-1079
-939
-1457
-1605
-1557
-1692
-2864
-4321
-4553
-4241
-3732
-4291
-4977
-5337
-5535
-5528
-5660
-5246
-4689
-4326
-4369
-4626
-4229
-3677
-2711
-2079
-1729
-1452
-1437
-916
-295
617
1164
1231
1233
1301
1735
2092
2393
2534
2606
2731
2481
2512
2543
2793
3026
2817
2689
2600
2751
2980
3002
2958
3274
3424
3238
3079
3260
3952
4607
4343
4154
4311
4728
4704
3750
2480
3034
4548
5679
4653
1668
150
1232
2793
2599
564
-681
-206
-20
-1672
-3107
-2611
-1275
-1102
-3178
-4302
-3771
-2795
-2650
-3244
-2947
-2016
-1951
-2553
-2687
-1520
-278
33
-568
-405
498
1109
1080
806
1720
2974
2902
1302
-127
393
2459
3408
2151
190
-672
-181
215
-417
-955
-1243
-1577
-2643
-3744
-3910
-3395
-3371
-4332
-5266
-5621
-5371
-5311
-5600
-5382
-5089
-4876
-5110
-5235
-4603
-3674
-2911
-2770
-2781
-2518
-1981
-1238
-594
94
314
424
477
765
1442
1774
1848
1856
1942
2257
2343
2354
2323
2483
2572
2555
2658
2673
2880
2812
2686
2994
3183
3377
3114
2862
3213
3815
4264
4065
3843
3855
3972
3461
1973
2100
3620
5379
4741
1335
-688
446
2746
2727
392
-863
-223
448
-1400
-3184
-2491
-622
-240
-2681
-4134
-3434
-2017
-1777
-2787
-2579
-1535
-1197
-1834
-2310
-1164
105
578
21
18
869
1472
1605
1360
2146
3252
3353
2443
1048
1131
2411
3411
3164
1638
567
367
621
518
-6
-471
-1106
-1875
-2844
-3221
-3119
-3372
-3929
-4949
-5453
-5570
-5761
-5826
-5737
-5489
-5553
-6009
-6192
-5626
-4357
-3558
-3537
-4014
-3924
-3071
-2056
-1095
-869
-729
-533
-232
224
681
1134
1305
1407
1400
1536
1901
1997
2148
2148
2161
2277
2347
2576
2627
2670
2579
2673
3074
3312
3212
2779
3056
3767
4395
4282
3769
3790
4110
3372
2165
2400
4309
6017
4587
821
-594
1518
3691
2920
250
-483
748
961
-1453
-2896
-1550
701
136
-2786
-4098
-2749
-991
-1121
-2343
-2057
-970
-850
-1707
-1904
-452
1037
1172
277
331
1228
1973
1896
1905
2899
3743
3394
2062
1338
2201
3465
3621
2597
1541
1238
1210
914
520
212
-148
-1062
-2202
-2794
-2579
-2710
-3414
-4519
-5082
-5258
-5499
-6094
-6166
-5804
-5513
-5933
-6618
-6573
-5652
-4488
-4072
-4336
-4611
-4332
-3551
-2453
-1683
-1389
-1409
-1218
-894
-279
206
532
693
821
943
1135
1312
1497
1726
1940
1890
1747
1747
2005
2443
2389
2210
2198
2636
2951
2682
2388
2811
3580
4032
3529
3216
3461
3868
2884
1734
2285
4232
5663
3599
308
-241
2051
3733
2301
-24
-58
1400
1141
-1452
-2378
-747
1328
284
-2537
-3240
-1728
-180
-760
-1754
-1248
-297
-472
-1436
-1181
337
1503
1136
245
575
1377
1907
1769
2054
3048
3306
2545
1447
1609
2572
3370
2776
1825
1550
1465
1450
908
435
270
-299
-1046
-1773
-1863
-1966
-2515
-3391
-4190
-4191
-4553
-4884
-5524
-5593
-5150
-5279
-5572
-5993
-5758
-5018
-4484
-4240
-4374
-4300
-4077
-3375
-2506
-2061
-1759
-1797
-1327
-976
-553
-186
-86
244
433
708
959
975
1158
1394
1704
1645
1508
1499
1873
2298
2118
2211
2315
2588
2647
2363
2737
3330
3750
3607
3283
3572
4014
3574
2118
1879
3397
5264
5128
2115
63
931
3144
3448
1294
140
959
1650
-107
-2317
-1865
547
1376
-1073
-3482
-3059
-1193
-370
-1443
-1751
-945
-683
-1452
-1955
-654
929
1099
256
-106
773
1470
1474
1511
2412
3336
2772
1618
1161
2211
3506
3143
2163
1474
1906
2195
1609
927
623
651
-36
-992
-1390
-1289
-1243
-2318
-3288
-3729
-3628
-3776
-4673
-5064
-4915
-4457
-4738
-5416
-5454
-5002
-4264
-4151
-4084
-3942
-3783
-3491
-3138
-2310
-1800
-1552
-1520
-1490
-988
-623
-365
-330
-144
271
530
654
421
701
975
1196
1214
1003
1194
1536
1667
1702
1741
2088
2363
2342
2022
2393
3076
3459
3370
3022
3376
3459
2321
1569
2442
4407
5123
2838
39
157
2389
3212
1620
-54
481
1506
117
-2230
-2402
-144
1292
-628
-3217
-3333
-1653
-595
-1164
-1578
-962
-630
-1394
-1790
-743
749
1259
585
175
645
1204
1426
1628
2418
3211
2831
1802
1276
2128
3302
3506
2458
1581
1754
2284
2122
1564
1131
1054
664
-263
-1033
-830
-436
-888
-2083
-3077
-3211
-2981
-3246
-3877
-4159
-3953
-4037
-4595
-4843
-4391
-3706
-3478
-3733
-3838
-3523
-3185
-2906
-2422
-1855
-1485
-1527
-1773
-1638
-1029
-465
-406
-692
-713
-351
93
58
-14
66
346
470
367
394
690
1042
1183
1067
1380
1928
2094
1707
1521
2326
3218
3443
2773
2670
3327
3387
2207
1483
2746
4767
4658
1865
-543
560
2952
3035
813
-681
384
1289
-348
-2711
-2348
121
867
-1504
-3871
-3259
-1207
-630
-1592
-1963
-1007
-593
-1520
-1817
-522
1192
1383
562
271
1021
1702
1745
2034
3032
3832
3193
2030
1826
3082
4218
4207
2855
2162
2414
2847
2410
2023
1804
1854
1259
15
-835
-607
-96
-479
-1674
-2777
-3031
-2989
-3100
-3731
-3977
-3794
-3872
-4576
-4918
-4597
-3740
-3251
-3553
-3924
-3948
-3435
-2754
-2096
-1855
-1780
-1844
-1713
-1579
-1070
-592
-414
-753
-849
-525
31
-22
-292
-229
175
355
72
-89
325
948
1089
744
785
1467
1776
1438
1151
1918
2884
3020
2261
2149
2946
2962
1670
1044
2526
4480
3896
855
-1054
482
2730
2184
-181
-1158
186
723
-1316
-3295
-2341
76
148
-2486
-4272
-3105
-1128
-977
-2011
-2063
-998
-662
-1566
-1621
-189
1330
1392
700
698
1484
1976
1984
2423
3538
4185
3451
2301
2322
3696
4748
4538
2978
2365
2935
3454
2779
2017
1883
2434
1987
347
-822
-419
491
275
-1328
-2697
-2680
-2253
-2328
-3316
-3704
-3211
-3068
-3976
-4529
-4060
-2895
-2503
-3195
-3600
-3365
-2730
-2088
-1697
-1521
-1427
-1576
-1478
-1261
-657
-173
-342
-888
-839
-299
149
-89
-464
-245
61
-28
-171
-265
180
555
426
398
476
861
977
719
804
1589
2070
1941
1499
1733
2286
1718
475
1027
2762
3756
2130
-610
-692
1179
2057
650
-924
-557
603
-447
-2654
-3064
-985
493
-1115
-3838
-3820
-1936
-835
-1489
-2330
-1479
-795
-1203
-1775
-852
731
1449
791
403
1153
1982
2215
2229
2791
3916
3954
3031
2481
3072
4715
5189
4344
2336
2288
3533
4664
3820
1638
1376
2430
2781
1227
-530
-61
1077
607
-1614
-2913
-1920
-969
-1359
-3812
-4115
-3069
-2387
-3129
-4477
-3572
-2517
-2548
-3514
-3652
-2468
-1825
-1991
-2241
-1707
-1079
-1379
-1478
-1440
-356
-57
-738
-1337
-1225
17
180
-497
-1003
-673
-53
-417
-646
-349
122
48
-238
62
475
450
83
277
1184
1536
1314
852
1251
1731
1025
104
657
2699
3427
1209
-1313
-843
1540
1989
-47
-1386
-380
730
-736
-2967
-2823
-597
299
-1612
-3685
-3329
-1582
-974
-1811
-2158
-1353
-793
-1249
-1584
-677
560
1030
753
732
1168
1580
1923
2442
3215
3641
3403
2921
2863
3456
4462
4931
4265
3134
2852
3486
4224
3680
2753
2570
2703
2444
1342
552
825
1317
693
-629
-1648
-1533
-1041
-1396
-2384
-2735
-2745
-2711
-3137
-3215
-2655
-2551
-2845
-3091
-2710
-2279
-2161
-2104
-1550
-1013
-1130
-1646
-1658
-838
32
-102
-891
-1127
-623
-44
-328
-649
-478
-66
-296
-829
-820
-204
225
4
-358
-305
96
227
169
294
745
1090
1021
740
402
319
312
1032
1841
1880
561
-737
-485
877
1048
-126
-937
-429
11
-1208
-2637
-2273
-507
-255
-1897
-3616
-3008
-1538
-1212
-2004
-2221
-1496
-1093
-1629
-1691
-618
356
417
-96
193
940
1331
1385
1894
2651
3054
2588
2119
2572
3529
4220
4088
3338
2795
2946
3479
4206
3838
2817
2367
2423
2698
2180
1272
1211
1606
1179
63
-855
-730
-144
-390
-1521
-2139
-2119
-1523
-1605
-2185
-2120
-1906
-1758
-1985
-2013
-1400
-895
-995
-1181
-957
-546
-356
-486
-595
-251
-78
-210
-488
-682
-234
-74
-340
-740
-765
-510
-457
-646
-695
-495
-389
-513
-534
-449
-217
-43
87
299
166
-357
-742
-544
622
1209
570
-859
-1324
-625
18
-520
-1155
-1022
-646
-1460
-2925
-3311
-1898
-651
-1442
-3204
-4121
-3069
-2041
-1997
-2399
-2254
-1873
-2053
-2419
-1861
-672
56
-216
-601
-353
224
842
1290
1958
2236
2169
1789
1908
2617
3497
4069
3848
3187
2584
2594
3722
4743
4355
3172
2323
2689
3262
2861
2076
2219
2535
2084
856
-41
465
1266
1092
32
-922
-780
-117
-119
-401
-506
-295
-251
-523
-520
92
452
353
244
347
594
513
332
488
821
851
387
-218
-190
290
494
-72
-656
-723
-448
-484
-888
-1030
-798
-590
-851
-1221
-1291
-912
-404
-492
-1179
-1701
-1591
-711
-412
-761
-1368
-1483
-1356
-1578
-2010
-1977
-1386
-1205
-2160
-3339
-3746
-2829
-2060
-2290
-3080
-3781
-3680
-3494
-3198
-2841
-2522
-2499
-2851
-2989
-2654
-1908
-1306
-1069
-888
-930
-808
-557
15
975
1424
1436
1035
1018
1657
2547
3139
3123
2826
2445
2729
3092
3595
3860
3616
3154
2964
2869
3135
3022
2896
2750
2615
2032
1500
1404
1749
2030
1454
773
283
563
1119
1339
983
655
613
920
1075
1112
1406
1782
1808
1441
1240
1487
2009
2127
1947
1501
1377
1306
1314
1107
996
1068
847
365
-265
-204
110
188
-403
-1020
-983
-614
-529
-1049
-1955
-1915
-1504
-819
-1145
-1975
-2425
-2310
-1969
-2169
-2526
-2660
-2617
-2726
-3469
-3773
-3832
-3395
-3316
-3950
-4277
-4482
-4044
-3850
-3936
-3903
-3884
-3690
-3743
-3566
-3209
-2761
-2483
-2662
-2424
-2149
-1669
-1349
-1349
-797
-481
-176
-286
-249
364
1120
1603
1352
1205
1283
1977
2460
2435
2548
2663
2856
2778
2407
2680
3022
3152
2798
2328
2227
2295
2425
2136
2059
1785
1903
1866
1577
1622
1787
2151
2215
1979
1987
2180
2426
2706
2956
3080
2994
2946
3000
3271
3372
3364
3358
3055
2993
2791
2745
2592
2430
2362
2083
1695
1211
1067
1002
1074
859
462
-368
-937
-989
-501
-336
-757
-1595
-2157
-2277
-2291
-2222
-2463
-2556
-2873
-3271
-3954
-4193
-4044
-3491
-3516
-4116
-4714
-4936
-4497
-4068
-3773
-3886
-4077
-4324
-4078
-3746
-3263
-3064
-2983
-2940
-2789
-2719
-2540
-2276
-1817
-1339
-1399
-1642
-1818
-1376
-669
-207
-319
-491
-423
-174
184
196
677
1001
1237
899
644
807
1547
1862
1808
1443
1380
1471
1570
1489
1630
1863
1810
1680
1216
1475
1745
2076
2058
1992
2027
2173
2258
2403
2681
2861
2979
3022
3177
3322
3429
3331
3522
3564
3743
3619
3507
3493
3477
3388
3131
2996
2966
2915
2616
2312
2168
2108
1697
1112
737
873
1027
669
-88
-713
-799
-873
-1132
-1646
-1854
-1920
-2290
-3006
-3544
-3500
-3161
-3293
-3846
-4319
-4383
-4187
-4175
-4224
-4174
-3984
-3988
-4082
-4143
-3794
-3298
-3048
-3026
-3128
-3015
-2716
-2429
-2174
-1920
-1806
-1749
-1895
-1875
-1595
-1117
-885
-791
-1046
-1018
-950
-720
-400
-124
22
-94
-391
-450
-103
326
551
412
180
159
229
304
592
779
1062
908
656
688
1040
1584
1796
1720
1584
1700
1938
2278
2626
2847
3005
2871
2778
3021
3330
3744
3732
3658
3621
3611
3619
3624
3739
3868
3749
3400
3100
3264
3353
3349
2757
2330
2254
2306
2303
1971
1654
1388
1048
597
282
242
261
-22
-646
-1339
-1555
-1742
-1706
-1979
-2263
-2566
-2992
-3269
-3408
-3272
-3190
-3236
-3543
-3698
-3691
-3570
-3368
-3174
-3060
-2932
-3122
-3142
-2959
-2551
-2085
-2056
-2210
-2384
-2219
-2004
-1561
-1405
-1165
-1196
-1420
-1554
-1351
-881
-360
-455
-800
-1060
-997
-648
-421
-352
-366
-414
-708
-777
-782
-315
62
-15
-309
-532
-302
151
399
411
494
607
781
849
1035
1420
1912
1952
1998
1846
2178
2545
2830
2944
2959
3034
3105
3069
3001
3074
3295
3399
3267
2942
2683
2732
2639
2645
2355
2266
2132
1947
1644
1350
1254
1198
1004
675
365
260
79
-211
-492
-692
-708
-1002
-1212
-1439
-1434
-1529
-1802
-1936
-1924
-1767
-1850
-2046
-2084
-1957
-1843
-1889
-1918
-1761
-1650
-1641
-1788
-1688
-1534
-1442
-1336
-1382
-1325
-1588
-1642
-1213
-784
-701
-1300
-1544
-1191
-575
-614
-866
-913
-527
-449
-762
-1084
-540
-67
57
-614
-1044
-632
-179
59
-310
-429
-346
-140
-188
-60
113
258
233
209
384
697
794
851
1010
1193
1498
1326
1347
1498
1995
2189
2006
1705
1794
2105
2045
1933
1922
2228
2056
1361
881
1273
1828
1759
866
289
370
551
287
-146
-118
-27
-309
-1195
-1488
-1192
-738
-967
-1583
-1868
-1721
-1650
-1768
-1731
-1473
-1249
-1521
-1746
-1603
-1076
-856
-839
-933
-620
-404
-471
-559
-337
213
432
161
-179
10
396
699
561
442
455
493
537
709
919
884
623
343
764
1114
1184
629
376
604
1045
886
497
336
562
651
303
-42
95
363
211
-155
-464
-187
-85
-171
-364
-355
-290
-368
-406
-245
-6
-110
-330
-304
33
218
112
-142
109
320
427
81
18
239
619
546
278
98
260
421
451
420
522
524
248
12
68
562
704
443
-80
-193
-59
120
25
-90
-235
-442
-700
-886
-865
-818
-904
-1202
-1473
-1686
-1714
-1762
-1770
-1806
-1890
-2049
-2186
-2163
-2000
-1853
-1877
-1881
-1805
-1646
-1567
-1496
-1313
-991
-846
-825
-782
-531
-210
-14
99
282
474
621
746
993
1287
1483
1495
1547
1774
2029
2207
2259
2315
2434
2482
2537
2626
2786
2878
2833
2697
2684
2742
2810
2755
2710
2627
2580
2405
2244
2132
2038
1906
1792
1771
1635
1084
370
235
766
1057
276
-900
-1251
-703
-585
-1336
-1995
-1764
-1414
-2024
-3094
-3267
-2407
-1834
-2407
-3352
-3480
-2854
-2404
-2564
-2745
-2511
-2164
-2168
-2318
-2162
-1702
-1347
-1298
-1301
-1212
-1130
-1095
-940
-550
-196
-279
-706
-942
-614
-87
57
-251
-470
-398
-343
-505
-579
-269
77
-66
-572
-853
-621
-192
18
-44
-181
-301
-347
-208
133
458
526
380
377
596
862
1005
1139
1343
1523
1528
1446
1469
1808
2320
2483
1830
1040
1292
2526
3137
2157
816
781
1725
2044
1355
804
1028
1281
710
-224
-386
441
1075
504
-732
-1206
-665
-82
-144
-367
-432
-652
-1075
-1000
-340
93
-226
-635
-537
-186
-160
-275
-87
464
777
455
-210
-268
560
1452
1369
601
222
615
1050
1049
871
909
980
856
554
308
247
427
589
407
-158
-645
-739
-572
-546
-762
-1122
-1445
-1634
-1681
-1741
-1893
-2022
-2016
-2018
-2200
-2428
-2437
-2206
-1958
-1883
-1982
-2100
-2029
-1677
-1268
-1115
-1193
-1150
-809
-433
-315
-359
-220
175
551
600
433
409
715
1124
1254
1083
945
1078
1314
1350
1192
1119
1226
1337
1244
1039
910
932
986
955
827
655
507
453
494
520
412
233
157
209
255
169
78
98
214
276
256
196
202
304
456
556
547
494
527
700
896
905
673
475
680
1116
1217
771
332
455
844
841
421
155
304
427
151
-317
-474
-275
-121
-341
-802
-1075
-1030
-887
-902
-1071
-1218
-1309
-1358
-1348
-1291
-1276
-1367
-1424
-1323
-1213
-1283
-1442
-1375
-1051
-838
-1010
-1296
-1240
-820
-501
-588
-787
-720
-388
-219
-288
-338
-85
211
255
95
115
388
637
609
480
552
801
913
784
617
710
935
988
779
561
626
809
836
604
383
404
558
615
462
278
247
338
433
368
255
234
327
454
444
371
340
432
575
623
598
555
590
674
743
796
810
797
762
761
837
898
859
727
645
696
772
691
470
323
354
431
304
9
-197
-171
-90
-222
-534
-788
-807
-746
-823
-1041
-1244
-1294
-1286
-1321
-1405
-1481
-1509
-1516
-1500
-1455
-1431
-1439
-1441
-1347
-1192
-1096
-1101
-1120
-989
-770
-599
-578
-601
-511
-326
-185
-134
-144
-76
26
131
165
169
187
248
331
375
380
359
385
450
528
553
537
522
573
623
661
669
709
754
768
754
760
835
874
855
810
844
914
889
737
621
673
785
737
504
315
329
414
323
103
-45
1
43
-88
-304
-385
-293
-226
-302
-428
-450
-385
-326
-327
-294
-238
-189
-199
-158
-56
46
68
47
104
210
266
207
162
217
332
338
224
89
78
132
149
57
-74
-160
-196
-225
-286
-345
-404
-443
-522
-598
-656
-649
-611
-598
-632
-686
-682
-639
-578
-520
-444
-368
-314
-304
-263
-137
43
160
159
152
226
378
474
486
487
555
639
623
520
473
534
610
545
375
247
236
259
192
71
-18
-46
-111
-229
-309
-292
-241
-270
-380
-463
-437
-358
-322
-324
-313
-274
-252
-239
-197
-96
17
63
43
31
87
195
283
310
290
254
258
300
357
357
316
256
210
180
154
140
135
98
-10
-127
-178
-147
-145
-214
-322
-366
-364
-377
-432
-456
-419
-381
-421
-488
-478
-390
-311
-301
-306
-261
-198
-173
-161
-85
54
147
143
100
154
262
404
467
537
516
513
505
637
792
890
840
739
746
774
885
908
1014
922
814
583
674
811
914
703
433
327
358
381
206
172
59
-12
-358
-465
-474
-298
-494
-774
-999
-918
-819
-969
-1116
-1186
-1017
-1115
-1200
-1287
-1047
-974
-1007
-1130
-982
-753
-690
-772
-788
-498
-288
-227
-357
-235
-51
116
81
138
308
428
373
256
386
599
726
554
428
440
588
589
502
456
490
478
305
189
201
332
271
99
-96
-94
-64
-90
-201
-267
-262
-324
-438
-535
-459
-382
-376
-514
-577
-551
-442
-409
-405
-362
-300
-268
-281
-209
-62
98
123
120
144
272
400
498
557
627
699
723
764
828
952
1022
1035
990
1000
1038
1099
1124
1108
1079
1023
984
941
939
899
860
764
666
565
501
447
395
295
151
26
-76
-129
-214
-300
-409
-493
-605
-698
-783
-809
-841
-919
-1023
-1096
-1099
-1106
-1122
-1172
-1178
-1178
-1180
-1194
-1167
-1120
-1086
-1091
-1088
-1033
-962
-912
-892
-845
-772
-708
-675
-632
-565
-498
-459
-426
-365
-267
-213
-200
-183
-110
-25
22
31
75
140
194
228
267
341
418
450
452
495
556
640
684
724
756
810
846
884
932
984
1034
1047
1055
1071
1116
1148
1183
1187
1184
1183
1183
1178
1191
1201
1181
1140
1094
1058
1031
1008
968
904
821
745
669
601
530
446
339
219
93
-17
-111
-204
-311
-441
-570
-684
-774
-859
-943
-1028
-1118
-1207
-1280
-1322
-1342
-1357
-1383
-1412
-1429
-1419
-1393
-1360
-1318
-1284
-1250
-1208
-1154
-1086
-1014
-941
-881
-832
-782
-723
-655
-591
-532
-492
-455
-414
-382
-345
-313
-296
-288
-288
-280
-272
-262
-256
-259
-253
-247
-241
-221
-205
-184
-158
-121
-75
-23
43
113
187
267
362
467
567
678
787
889
1005
1120
1230
1337
1427
1507
1580
1650
1712
1752
1776
1776
1757
1729
1698
1656
1595
1513
1411
1296
1185
1078
958
835
705
557
419
286
166
62
-42
-159
-268
-363
-451
-518
-571
-631
-682
-726
-770
-790
-806
-812
-817
-822
-817
-817
-817
-798
-775
-760
-735
-726
-716
-695
-677
-658
-638
-620
-613
-604
-598
-590
-581
-572
-561
-559
-562
-567
-569
-570
-566
-568
-569
-569
-583
-587
-578
-573
-564
-553
-546
-533
-525
-504
-469
-432
-396
-359
-317
-275
-225
-168
-98
-29
31
91
159
227
308
385
453
526
586
638
703
766
826
876
914
948
971
997
1020
1037
1045
1040
1027
1010
999
978
946
910
868
818
772
732
685
626
567
509
445
391
344
293
239
184
116
63
30
-10
-53
-96
-146
-194
-228
-244
-267
-296
-327
-361
-395
-407
-410
-420
-421
-439
-470
-475
-469
-465
-446
-436
-438
-443
-441
-432
-403
-381
-369
-360
-364
-359
-339
-325
-303
-284
-296
-298
-296
-304
-302
-287
-289
-307
-321
-333
-343
-341
-340
-353
-363
-366
-378
-387
-375
-368
-373
-359
-355
-355
-333
-308
-296
-263
-227
-209
-170
-124
-85
-43
4
44
92
145
187
236
283
326
369
413
456
483
511
536
561
578
595
602
602
608
591
574
567
560
532
511
484
446
419
394
364
336
310
266
230
204
182
157
144
123
93
80
66
46
42
46
38
25
16
6
-2
4
-3
-17
-21
-37
-51
-57
-68
-83
-92
-102
-123
-147
-161
-179
-188
-190
-200
-213
-225
-240
-253
-254
-253
-249
-241
-246
-244
-237
-226
-208
-191
-175
-165
-155
-145
-126
-104
-85
-62
-47
-40
-35
-22
0
13
21
37
38
29
33
36
44
56
57
43
49
43
35
50
62
60
63
66
47
45
58
64
75
78
71
63
57
59
64
58
51
41
14
-15
-22
-35
-64
-87
-111
-148
-181
-208
-236
-261
-280
-316
-352
-364
-386
-403
-403
-401
-410
-409
-398
-403
-384
-352
-327
-296
-262
-218
-172
-127
-78
-22
34
85
144
205
258
308
365
412
446
490
529
556
587
622
644
653
658
658
644
631
615
586
561
542
508
468
433
399
362
317
276
228
181
137
95
64
31
-2
-25
-51
-80
-97
-113
-129
-145
-154
-161
-166
-168
-174
-183
-183
-180
-180
-174
-163
-157
-164
-163
-160
-166
-177
-182
-181
-184
-186
-187
-195
-206
-213
-222
-236
-249
-251
-263
-276
-287
-299
-311
-323
-333
-344
-348
-360
-375
-382
-385
-386
-390
-388
-392
-396
-389
-379
-378
-376
-360
-349
-345
-328
-305
-283
-261
-227
-203
-184
-156
-120
-92
-62
-17
26
61
102
142
176
210
246
285
315
351
394
436
467
495
528
548
563
580
586
591
598
603
608
609
614
608
596
586
572
547
524
500
469
439
417
398
372
345
320
292
265
237
206
175
147
121
92
60
28
7
-17
-37
-56
-77
-95
-118
-139
-159
-179
-209
-229
-239
-263
-277
-290
-310
-325
-339
-359
-369
-376
-382
-388
-399
-407
-404
-411
-429
-436
-437
-444
-451
-447
-442
-434
-424
-416
-410
-404
-396
-387
-378
-374
-369
-355
-341
-327
-304
-282
-257
-231
-210
-192
-173
-147
-125
-110
-83
-45
-16
7
45
76
94
119
146
169
186
208
238
261
288
313
336
352
368
380
385
402
416
432
435
442
451
451
449
446
446
440
438
432
424
416
419
406
396
388
374
358
342
327
310
293
269
247
224
204
184
161
136
119
97
75
56
31
11
-18
-45
-70
-94
-113
-141
-167
-190
-213
-230
-255
-272
-285
-298
-311
-322
-337
-351
-360
-370
-389
-400
-406
-414
-422
-431
-421
-414
-415
-406
-395
-389
-387
-374
-358
-354
-342
-333
-325
-306
-285
-273
-257
-232
-207
-193
-179
-146
-123
-113
-90
-57
-42
-40
-14
10
17
31
45
58
71
87
97
111
128
150
157
157
182
199
197
206
228
237
237
246
257
265
274
282
286
290
307
317
314
319
328
332
328
338
340
331
331
332
321
311
312
302
291
284
278
258
242
234
221
205
185
174
157
136
118
100
77
52
32
7
-21
-48
-66
-83
-105
-123
-145
-163
-174
-191
-211
-227
-246
-261
-281
-301
-308
-314
-330
-340
-326
-333
-337
-330
-327
-326
-319
-315
-316
-311
-312
-304
-293
-281
-269
-253
-240
-221
-193
-181
-169
-146
-126
-120
-98
-83
-76
-65
-45
-32
-18
-9
7
22
36
52
63
76
90
111
110
114
135
141
140
147
162
163
174
185
187
192
210
211
219
225
227
231
228
228
227
219
212
220
217
208
203
203
192
190
185
173
166
152
144
130
122
113
99
86
77
74
58
41
42
30
13
-1
-17
-31
-44
-46
-72
-71
-78
-89
-92
-99
-101
-119
-114
-125
-136
-144
-144
-158
-163
-157
-167
-162
-159
-151
-159
-155
-155
-148
-151
-152
-142
-149
-140
-133
-120
-123
-108
-95
-95
-86
-73
-67
-64
-48
-44
-43
-39
-17
-16
-8
0
10
10
16
33
28
28
39
47
39
52
58
49
54
69
64
58
74
73
63
71
71
52
55
60
47
48
51
40
35
41
37
22
33
38
27
28
32
22
20
29
17
4
10
12
-1
2
5
-3
-7
3
-6
-16
6
3
-7
-5
7
1
-3
11
3
0
7
12
-1
-2
13
13
15
12
16
12
18
25
13
7
18
17
9
10
7
5
7
17
6
0
8
11
9
3
7
7
7
14
14
4
14
27
26
13
16
14
7
15
11
1
0
13
10
1
5
9
4
1
5
-8
-13
-6
-15
-32
-29
-30
-35
-37
-45
-45
-43
-40
-48
-53
-44
-45
-42
-38
-44
-43
-36
-35
-44
-43
-36
-45
-42
-36
-46
-43
-34
-36
-46
-36
-22
-29
-28
-20
-19
-19
-5
-4
-12
0
6
4
7
16
12
11
26
29
22
23
37
29
23
28
29
31
35
34
28
30
36
33
25
36
37
37
38
37
33
26
33
32
26
28
34
37
34
33
34
32
29
28
25
25
23
23
22
17
20
18
13
18
17
14
16
23
20
10
8
10
5
-1
-5
-9
-14
-16
-21
-29
-28
-24
-22
-25
-29
-31
-35
-36
-38
-39
-44
-46
-48
-51
-52
-50
-44
-48
-46
-44
-47
-44
-45
-46
-47
-44
-41
-46
-41
-37
-33
-29
-30
-27
-20
-11
-10
-10
-7
-9
-8
-3
0
2
8
15
13
8
10
9
11
15
17
19
18
22
23
21
23
27
30
28
29
25
29
28
21
22
22
29
36
38
37
34
31
38
37
42
44
40
35
30
26
23
23
26
29
29
31
28
26
28
24
22
20
18
15
9
0
-4
-5
-3
-4
-4
0
2
1
5
3
4
7
2
