-1
0
0
0
1
1
1
1
0
1
0
0
0
-1
0
1
1
0
-2
-1
-1
0
0
-1
0
0
0
-1
0
-1
-2
0
0
0
1
1
0
1
1
-1
0
-1
0
-1
-1
0
0
0
0
0
0
-2
1
0
-1
-1
-1
0
-1
-1
0
1
-1
-1
-1
-1
0
0
-2
-1
0
0
0
-1
0
0
2
1
0
0
1
-2
-2
0
1
0
-2
1
1
0
-1
-1
0
0
0
-1
0
0
0
1
1
1
0
1
1
1
1
0
0
0
0
0
-2
-1
-1
0
1
1
1
-1
-1
1
2
1
-1
-1
-1
1
0
0
0
0
-1
-1
-1
0
0
1
0
-2
-3
-1
0
0
0
-1
0
1
-2
-1
1
2
1
1
0
0
0
1
1
-2
-2
0
1
1
-1
0
0
0
1
0
-1
0
0
2
1
0
2
-1
1
0
-2
-1
-2
-1
1
0
1
-1
0
-1
1
0
-1
-1
0
1
0
0
0
0
-1
-1
0
1
0
1
-1
1
0
-1
0
-1
0
1
0
0
0
-1
2
2
0
0
0
1
-1
-2
-2
0
-1
2
1
0
1
0
-1
0
1
0
-1
0
-1
0
0
0
0
-1
0
0
1
1
0
0
0
0
1
1
0
-1
0
0
0
0
2
3
1
0
0
0
0
1
1
0
-1
0
0
-2
0
0
-1
-1
-1
-1
-3
-2
-1
-2
-3
-2
-2
-2
-2
-3
-2
-3
-2
-3
-2
-2
-2
-2
0
-1
-1
0
0
-1
-1
0
1
2
2
3
3
2
3
4
4
3
4
4
3
3
2
3
3
5
6
3
4
2
1
2
2
1
1
1
1
-1
-1
-1
-3
-4
-3
-2
-2
-5
-4
-4
-6
-7
-5
-3
-3
-5
-6
-5
-3
-3
-5
-5
-1
-4
-2
0
0
2
-1
1
1
1
2
2
4
4
4
3
4
5
5
5
4
6
6
5
5
4
4
4
2
2
3
2
0
1
0
0
1
1
-1
-1
-2
-3
-1
-2
-3
-2
-4
-5
-5
-3
-4
-4
-7
-6
-4
-3
-5
-4
-4
-5
-6
-4
-3
-5
-2
-3
-2
-3
-2
-1
-3
-2
-2
-1
1
0
1
2
4
2
4
6
6
5
6
9
11
9
10
11
11
11
11
11
10
11
10
9
8
6
5
3
0
0
-2
-3
-5
-8
-9
-12
-12
-13
-15
-18
-17
-17
-18
-20
-20
-18
-18
-17
-15
-14
-11
-10
-8
-6
-6
-1
2
3
7
8
11
12
15
17
18
20
21
20
21
21
21
20
19
18
15
13
12
12
8
6
5
1
0
-4
-6
-6
-9
-13
-14
-14
-16
-20
-20
-19
-21
-20
-20
-17
-16
-16
-14
-12
-10
-10
-8
-5
-1
1
4
6
8
9
11
12
14
16
14
15
15
15
15
15
14
11
6
4
3
1
-3
-5
-8
-11
-15
-17
-19
-19
-21
-21
-20
-22
-19
-18
-15
-13
-11
-7
-2
3
8
13
18
24
28
32
38
41
44
48
47
47
48
45
43
41
37
29
23
16
10
-1
-12
-22
-31
-38
-47
-58
-64
-71
-78
-83
-86
-87
-89
-87
-83
-78
-72
-65
-56
-46
-34
-18
-5
8
21
38
52
66
77
87
98
108
116
118
120
123
124
121
113
108
101
92
79
64
51
39
23
5
-11
-25
-39
-54
-70
-83
-94
-104
-115
-127
-133
-136
-137
-142
-143
-140
-134
-128
-123
-116
-104
-90
-78
-66
-51
-35
-17
-2
14
30
45
61
73
81
90
99
109
112
116
117
120
120
118
116
112
110
104
97
93
87
82
76
71
67
64
58
52
45
42
40
32
20
11
6
-5
-19
-36
-49
-61
-76
-96
-114
-126
-136
-150
-166
-177
-182
-183
-185
-190
-185
-174
-164
-153
-140
-121
-96
-75
-56
-37
-12
15
37
52
69
90
111
123
131
141
154
165
165
167
172
179
180
175
172
175
179
173
164
156
153
148
137
119
102
88
74
51
23
-1
-24
-48
-82
-117
-146
-169
-195
-224
-250
-266
-276
-291
-305
-303
-290
-280
-274
-263
-244
-215
-184
-159
-131
-92
-49
-20
1
30
67
98
117
133
146
162
174
172
167
173
185
182
167
159
161
165
170
166
160
162
174
180
179
177
184
194
197
194
177
153
137
124
101
67
35
11
-12
-44
-85
-137
-180
-210
-239
-272
-301
-318
-333
-346
-357
-365
-358
-330
-292
-263
-234
-204
-178
-147
-112
-75
-41
-4
38
80
116
140
157
170
192
222
237
239
240
250
261
268
265
251
244
248
251
240
226
221
222
219
208
191
169
146
122
91
55
13
-36
-80
-110
-138
-179
-231
-281
-318
-346
-376
-395
-402
-393
-385
-376
-363
-344
-310
-267
-217
-180
-154
-115
-60
-4
42
80
112
139
164
163
149
151
175
198
190
167
143
119
108
115
114
101
91
84
70
60
73
72
77
107
142
135
114
129
152
163
171
174
152
130
122
95
53
41
41
-5
-61
-86
-104
-137
-163
-189
-229
-259
-260
-261
-285
-281
-245
-228
-219
-206
-210
-221
-197
-148
-134
-141
-116
-80
-53
-36
-27
-33
-31
3
26
14
13
40
53
50
66
95
112
155
214
246
256
277
303
315
329
360
364
348
360
385
369
331
310
279
232
201
167
97
21
-14
-45
-108
-174
-232
-297
-342
-347
-349
-377
-395
-368
-344
-332
-300
-261
-235
-201
-148
-122
-119
-78
-29
-23
-29
-5
13
-6
-20
-13
-20
-37
-44
-73
-126
-135
-103
-106
-119
-98
-88
-116
-108
-31
25
58
124
193
236
302
363
335
298
398
532
546
521
524
492
438
434
422
349
297
263
145
14
-40
-124
-290
-366
-299
-308
-463
-599
-635
-606
-533
-478
-511
-552
-465
-345
-320
-287
-174
-70
10
131
243
263
275
346
405
431
449
438
363
305
328
350
288
191
85
-19
-74
-113
-201
-318
-365
-351
-355
-384
-396
-378
-328
-265
-201
-141
-85
-12
90
215
289
304
356
473
590
625
592
575
615
625
511
370
356
424
380
173
-42
-150
-172
-189
-265
-410
-547
-634
-682
-700
-697
-723
-777
-763
-689
-649
-613
-499
-363
-280
-185
-11
170
261
309
429
649
857
910
840
852
1009
1125
1071
961
901
891
917
947
903
724
478
297
247
239
91
-218
-516
-675
-699
-653
-685
-953
-1289
-1337
-1122
-1032
-1171
-1233
-1066
-846
-753
-830
-870
-593
-106
177
205
315
483
483
559
983
1377
1281
981
965
1177
1336
1342
1169
899
716
461
-119
-646
-555
-180
-291
-873
-1367
-1637
-1849
-1996
-2050
-1980
-1683
-1414
-1644
-2142
-2112
-1464
-851
-496
-172
62
119
241
569
913
1150
1388
1600
1701
1610
1249
881
988
1439
1473
908
318
-23
-300
-492
-474
-478
-720
-1058
-1351
-1537
-1544
-1478
-1467
-1311
-924
-779
-1104
-1339
-1029
-426
139
560
625
362
271
594
1009
1369
1696
1692
1268
1127
1750
2394
2174
1453
1270
1866
2482
2467
1999
1512
1197
1333
2235
3274
3043
1579
1245
3335
4563
645
-5872
-6220
2065
8706
3907
-6418
-8301
-653
3244
-3508
-10564
-6273
4031
5371
-4571
-11947
-7402
992
1935
-1971
-1471
2615
2096
-2957
-3823
2110
6980
4935
727
1384
5154
4879
-40
-2144
2448
7547
5712
-1158
-5088
-3082
296
422
-1814
-2928
-2288
-2459
-4770
-6792
-5584
-2163
-357
-1673
-3706
-4034
-3200
-2705
-2099
-55
2577
3114
903
-1267
-691
1827
3565
3482
2581
1823
1421
1326
1225
818
576
1167
1848
854
-1895
-3815
-2688
71
858
-1307
-3528
-3325
-1929
-1710
-2345
-1940
-508
22
-1016
-1958
-1334
86
772
856
1411
2055
1484
213
329
2104
3383
2921
1936
1832
2280
2431
2355
2538
2988
3246
3125
2866
2617
2226
1947
2548
3839
4297
3179
1853
2126
3818
4483
1839
-2736
-4270
-361
4225
3193
-2365
-5421
-3083
-409
-2652
-7431
-7833
-2607
1246
-1670
-7217
-8140
-4596
-1993
-1673
-660
1370
1429
-846
-1838
630
4007
4706
3249
3164
5076
5483
2550
-325
728
4333
5720
2849
-1513
-3522
-2595
-1335
-1756
-2950
-3263
-3146
-4102
-5836
-6372
-4921
-2902
-2020
-2474
-3373
-3890
-3487
-2151
-701
-6
50
155
473
735
893
1131
1635
2174
2047
1099
404
750
1231
940
466
439
238
-668
-1648
-1916
-1353
-518
-414
-1363
-2190
-1946
-1504
-1722
-1697
-662
330
159
-549
-695
-223
472
1157
1647
1651
1251
1089
1653
2531
2710
2336
2621
3627
3986
3228
2688
3301
4451
4974
4417
3572
3414
3916
4115
3663
3329
3903
5410
5102
-584
-8316
-7566
3950
11329
2670
-11009
-10981
403
3623
-7116
-15256
-7083
6787
6165
-8482
-16375
-7555
3415
2615
-2630
-342
5045
2966
-3439
-2934
5036
10072
6911
2054
2933
6834
5955
317
-1681
3664
8939
6170
-2132
-6960
-4768
-431
262
-2629
-4581
-3745
-3529
-6594
-9415
-7305
-2086
370
-1632
-4550
-5442
-4553
-3251
-1923
-131
1977
2614
692
-1406
-1038
778
1918
2706
3260
2231
241
-407
92
-40
-7
1296
1839
-434
-3570
-4214
-2176
-189
-575
-2571
-3364
-2173
-1559
-2997
-3915
-1843
935
691
-1782
-2530
-529
1246
905
216
1331
3005
2728
1007
721
2813
4868
4942
3835
3632
4425
4771
4379
4225
5197
6302
6323
4909
3215
2850
3842
5027
4661
3210
2329
3054
3413
-405
-6552
-7533
283
7282
2796
-8215
-11618
-4287
1002
-3721
-10673
-8244
1217
4089
-3923
-11468
-7803
1134
3625
185
-219
3366
3692
-180
-1314
3415
8102
7216
3001
1499
3758
4817
2067
-877
430
3789
3563
-1197
-5770
-6001
-3293
-1614
-2876
-4969
-5385
-5100
-6057
-7419
-6311
-3218
-1605
-2750
-4531
-4600
-3619
-2802
-1948
-118
2099
2203
-85
-1800
-575
1444
1796
1740
2250
1898
127
-803
-267
38
-87
381
848
-458
-2922
-3979
-2437
-269
-244
-2195
-3136
-1852
-877
-1897
-2792
-1231
998
992
-613
-950
476
1539
1317
1221
2498
3747
3329
1943
1951
3735
5248
5326
4677
4733
5255
5494
5105
4895
5654
6588
6738
5549
4290
3771
4147
4797
4541
3333
1942
1901
1734
-848
-4717
-5285
-914
2549
-240
-6727
-9090
-5605
-2556
-4534
-7899
-6423
-1472
18
-4166
-7490
-4702
633
2215
520
733
3211
3934
1702
788
3729
7253
7005
3636
1912
3237
4426
2690
184
114
1656
1327
-1929
-4862
-5066
-3598
-3300
-4611
-5648
-5544
-5303
-6085
-6778
-6030
-4108
-2977
-3602
-4435
-4011
-2705
-2024
-1430
54
1396
1240
53
-401
293
1398
1905
1831
1795
1489
592
-271
-195
198
45
-188
-83
-559
-2142
-3112
-2233
-931
-1171
-2384
-2639
-1766
-1266
-1841
-2236
-1360
-42
172
-444
-267
828
1253
727
860
2295
3509
3374
2733
2795
3713
4689
5285
5333
5357
5815
6344
6339
5810
5752
6244
7004
7138
6556
5909
5584
5560
4294
2012
227
447
1087
189
-1129
-1893
-2388
-4199
-6211
-6891
-5999
-4800
-5011
-5980
-6320
-5315
-4835
-5366
-4799
-2097
479
631
59
631
2103
3073
3827
4960
5943
6006
5017
4186
4028
4287
3827
2875
2227
1506
-62
-2229
-3554
-3962
-4032
-4622
-5642
-6731
-7639
-8107
-8169
-7495
-6539
-5863
-5845
-5895
-5809
-5574
-4612
-3070
-1709
-1201
-784
-310
-71
235
757
1089
1227
1710
1715
966
501
789
936
548
231
-104
-649
-1131
-1340
-1549
-1534
-1260
-1541
-2425
-2718
-1939
-1371
-1635
-1883
-1461
-850
-616
-649
-581
11
908
1386
1308
1522
2235
2519
2430
2887
4013
4759
4813
4862
5231
5818
6318
6755
6959
7180
7461
7599
7572
7320
7147
7080
7364
7235
6363
5234
4592
4469
3218
925
-1003
-978
-571
-1566
-3089
-3832
-3772
-4952
-6739
-7683
-6952
-5621
-5264
-5464
-5473
-4495
-3891
-3974
-3383
-1111
1447
2143
1911
2160
3181
3796
4143
4767
5447
5723
5157
4131
2831
2125
1864
1556
782
-515
-1903
-3392
-4645
-5773
-6362
-6413
-6249
-6550
-7582
-8238
-7959
-7053
-6664
-6593
-6045
-5203
-4855
-4783
-3733
-2177
-1205
-997
-680
-164
103
294
438
741
1297
1752
1385
727
617
608
257
78
329
60
-714
-1125
-1122
-1359
-1570
-1266
-1061
-1309
-1586
-1505
-1267
-901
-549
-421
-268
159
529
493
655
1303
1879
2114
2488
2953
3185
3510
4223
5000
5414
5783
6175
6588
6977
7378
7647
7768
8039
8045
7849
7565
7448
7162
6662
6315
5403
3716
1488
189
-110
-401
-986
-1820
-2497
-3888
-5578
-6827
-6968
-6179
-5574
-5323
-5448
-5330
-5186
-5020
-4289
-2586
-485
653
892
1059
1736
2429
2961
3672
4600
5198
4742
3583
2583
2332
2270
1773
935
-44
-1367
-3211
-4687
-5159
-5111
-5374
-6194
-7041
-7573
-7801
-8037
-8051
-7122
-6009
-5932
-6471
-5903
-4511
-3873
-3556
-2614
-1382
-876
-804
-788
-616
156
872
721
283
738
1019
125
-573
-42
253
-590
-1170
-945
-887
-1550
-1997
-1949
-1649
-1345
-1387
-1622
-1525
-859
-600
-710
-368
510
954
858
1222
1793
2029
2090
2678
3490
4024
4339
4533
4791
5339
6023
6344
6532
7008
7560
7721
7933
8095
8017
7779
7672
7636
7319
7425
7340
6775
5238
3138
1117
-272
-126
205
307
-519
-1996
-3969
-5823
-6350
-6258
-5545
-4802
-3987
-3940
-4599
-5144
-5035
-3474
-1246
716
1247
1406
1715
1843
1965
2817
4514
5269
4996
4135
3431
2765
2233
1859
1222
687
-556
-2575
-4393
-4540
-4020
-4862
-6261
-6914
-7082
-7999
-8901
-8413
-6924
-5846
-6081
-6781
-6667
-5660
-4792
-4291
-3176
-1494
-753
-1475
-2049
-1168
203
541
307
674
1128
529
-548
-492
461
767
12
-728
-778
-828
-1447
-1947
-1430
-540
-621
-1605
-2058
-1538
-1017
-964
-684
127
517
-26
-573
-39
1023
1465
1413
1870
2822
3252
2939
2852
3683
4768
5248
5241
5653
6556
7159
7176
7233
7792
8144
7856
7428
7538
8012
8051
7707
7185
5961
3746
1392
472
756
955
400
-889
-2362
-3981
-5395
-6234
-6120
-5225
-4711
-4869
-5119
-5051
-5038
-4821
-3504
-1336
345
892
885
1054
1717
2655
3566
4301
4973
5080
4138
2876
2373
2532
2202
1362
474
-650
-2312
-4026
-4992
-5319
-5384
-5598
-6255
-7188
-7992
-8400
-8424
-8161
-7634
-7075
-6486
-5974
-5791
-5539
-4847
-3731
-2948
-2472
-1721
-912
-353
-175
141
578
849
927
869
990
1068
858
403
144
111
-176
-651
-823
-729
-943
-1369
-1469
-1214
-1181
-1368
-1272
-843
-572
-682
-625
-146
443
747
1028
1657
2458
2900
2939
3294
4287
5267
5562
5826
6660
7487
7587
7391
7826
8472
8545
8256
8432
9109
9121
8150
6932
5611
3815
1871
1227
1823
2061
1153
-518
-2121
-3673
-5003
-5606
-5097
-3790
-3153
-3758
-4595
-4602
-4203
-3833
-2617
-379
1354
1555
1084
1094
1744
2662
3637
4381
4728
4486
3489
2212
1549
1669
1533
667
-421
-1502
-2922
-4585
-5628
-5764
-5650
-5897
-6414
-6866
-7374
-7934
-7857
-7220
-6795
-6600
-5914
-5030
-4886
-4667
-3799
-2823
-2089
-1391
-881
-948
-521
222
244
85
664
1161
418
-162
130
77
-604
-851
-701
-1126
-1713
-1833
-1907
-2098
-1893
-1614
-1693
-1670
-1341
-1307
-1415
-918
-209
63
390
1201
1703
1788
2201
3108
3674
3859
4356
4949
5461
5808
6301
6720
6805
6895
6709
6651
6929
7383
7591
7109
6718
5875
4115
2157
947
874
916
1262
1433
204
-2164
-4244
-4599
-4066
-3312
-2501
-2139
-2119
-2375
-2739
-2937
-2010
316
2280
2928
3082
3274
3179
2954
3709
5089
5700
5279
4210
3142
2296
1791
1362
589
-217
-1290
-2877
-4511
-5560
-5899
-6178
-6546
-6781
-6979
-7172
-7674
-7935
-7408
-6745
-6307
-5992
-5224
-4491
-4015
-3180
-2424
-1710
-987
-352
-165
-169
435
797
661
681
877
668
49
-212
-429
-982
-1308
-1282
-1452
-1908
-2381
-2865
-3292
-2986
-2183
-2147
-2631
-2711
-2177
-1771
-1513
-944
-479
113
890
1555
1832
2136
2916
3468
4006
4818
5601
6047
6377
6926
6956
6624
6493
6531
6635
6853
7197
6862
5724
3851
1298
-994
-1510
-100
1170
868
-1101
-3676
-5657
-6129
-5364
-4475
-3396
-2155
-1383
-1867
-2774
-2651
-1221
1329
4064
5962
6281
5539
4940
5181
6493
8132
8928
8399
7183
5905
4594
3452
2890
2655
1992
545
-1378
-3343
-5013
-6038
-6307
-5962
-5858
-6497
-7601
-8395
-8486
-8172
-7391
-6830
-6510
-5944
-5072
-4409
-4123
-3085
-1927
-1316
-756
8
591
734
1265
1643
1358
1269
1494
1278
653
446
280
-430
-879
-878
-1573
-2784
-3249
-2841
-2742
-3162
-3495
-3879
-3848
-3336
-2877
-2921
-2780
-1877
-1346
-1131
-562
364
881
1414
2779
3848
4225
4498
5279
6037
6476
6826
6614
6419
6721
7193
7137
6758
6471
4935
2183
-239
-976
-395
259
319
-1378
-4085
-6119
-6730
-6469
-6114
-5217
-4175
-3480
-3373
-3821
-4211
-3508
-845
2426
4475
4958
4776
4609
4827
5957
7732
9097
9305
8534
7236
6011
5098
4546
4304
4055
3340
1574
-727
-2656
-3782
-4175
-3977
-3729
-4055
-4898
-5971
-6877
-7063
-6108
-5373
-5340
-4987
-4015
-3454
-3595
-3067
-2180
-1225
-273
123
-235
-339
923
1830
1480
915
633
304
106
537
560
-363
-1180
-1418
-1821
-2394
-2669
-2752
-2770
-2475
-2475
-3467
-4122
-3496
-2371
-2150
-2238
-1803
-1550
-1490
-1190
-174
905
1846
2452
2491
2686
3338
4067
4224
4764
5617
5848
5297
4948
5259
5274
4736
3176
1006
-914
-1170
-88
497
-363
-2869
-5331
-6464
-5950
-5498
-5664
-5159
-3872
-3164
-4348
-5436
-4655
-2013
777
2456
3190
3297
3353
3373
4183
6100
8154
8737
7838
6824
6065
5470
5086
5229
5187
4334
2656
934
-398
-1360
-1869
-2057
-1848
-2066
-2882
-4083
-4685
-4434
-3963
-3549
-3810
-3903
-3114
-1696
-1124
-1286
-516
463
753
526
816
1454
2186
3098
2912
1815
1247
1496
1424
1127
1251
715
-775
-1661
-1462
-1663
-2553
-2891
-2663
-3018
-3778
-4204
-4094
-3502
-3021
-3057
-3351
-3070
-2531
-2394
-1858
-598
598
772
508
970
1937
3020
3403
3448
3882
4303
4295
3723
4118
5105
5443
4223
1330
-1508
-2900
-1222
1189
1338
-1444
-5141
-6756
-6762
-6207
-6463
-6317
-4741
-3271
-3782
-6039
-6740
-4980
-1932
654
2288
2985
2659
2007
2056
3729
6156
7725
7445
6449
5749
5251
4659
4217
4347
4226
3516
2129
599
-875
-1926
-2240
-2171
-1863
-2023
-2791
-4026
-4714
-4445
-3983
-4081
-4089
-2724
-1174
-887
-1463
-1143
206
1399
1995
2148
2476
3271
4211
4298
3931
4065
4320
4112
3837
3781
3024
1699
1140
1544
1449
283
-977
-1601
-1895
-2471
-3043
-2966
-2391
-2548
-3554
-4249
-3879
-3207
-2863
-2299
-1435
-623
-537
-543
-212
826
2083
2450
2813
3335
3804
3158
2633
3564
4738
5076
3156
248
-2709
-3334
-1092
886
477
-3033
-6297
-7724
-7368
-6969
-7613
-7174
-5429
-4058
-5421
-7776
-7882
-5355
-2084
192
1643
2290
2057
1244
1508
3697
6707
7989
7131
6112
5605
5266
4324
3974
4370
4609
3978
2085
68
-1564
-2082
-1916
-1492
-1127
-1696
-3056
-4604
-5128
-4727
-4176
-3559
-2696
-1860
-1838
-2237
-2010
-812
737
1726
2127
2397
2822
3386
3739
4058
4734
5593
5873
5260
4486
3933
3527
3401
3692
3867
3017
1463
254
-208
-337
-553
-500
-545
-1235
-2275
-3005
-2947
-2602
-2058
-1623
-1343
-1099
-1107
-949
-708
262
1364
1709
1949
2261
2585
2129
2099
3164
4120
4014
1937
-916
-3280
-3133
-549
1153
113
-3366
-6287
-7453
-7414
-7175
-7329
-6531
-5166
-4823
-6453
-8427
-8283
-6029
-3211
-1024
398
893
409
-449
-124
2104
5039
6437
5809
4821
4258
3875
3185
3002
3573
3908
3304
1545
-374
-1723
-2195
-2020
-1586
-1144
-1417
-2677
-4220
-4994
-4628
-3827
-3119
-2297
-1611
-1550
-2063
-2039
-912
614
1761
2142
2243
2464
3057
3634
3738
4114
5211
5961
5333
4326
4013
3885
3677
4055
4655
4154
2520
1167
862
1068
1358
1439
1067
427
-155
-745
-1187
-857
-78
269
505
994
1032
324
123
1236
2283
2580
2758
3190
2990
2079
1923
2655
3529
2793
183
-2752
-3534
-1459
195
-552
-3409
-5767
-6553
-6888
-7506
-8353
-7615
-5667
-4751
-6346
-8519
-8431
-6402
-4169
-2507
-868
216
27
-940
-819
1040
3498
4988
4797
4064
3350
2907
2329
1828
1862
1978
1696
341
-1594
-3235
-3861
-3696
-3445
-3278
-3257
-3732
-4994
-6082
-5936
-4774
-3697
-2836
-1935
-1502
-1803
-1788
-451
1356
2449
2794
3113
3757
4560
4764
4444
4850
6226
7123
6471
5536
5091
4608
4177
4538
5200
4657
3314
2305
1721
1238
1200
1665
1792
1287
652
159
-287
-289
272
1122
1814
2185
2035
1568
1548
2058
2829
3489
4259
4404
3619
2817
2924
3674
2788
402
-1984
-2097
-91
1097
-196
-3959
-6380
-6319
-5811
-6698
-8285
-7684
-5952
-5394
-7017
-8839
-8527
-6599
-4515
-3119
-1914
-936
-823
-1417
-1100
649
2795
3951
3946
3685
3227
2868
2292
1684
1349
1326
1236
-4
-1801
-3198
-3863
-4376
-4812
-4644
-4218
-4464
-5754
-6824
-6796
-6020
-5516
-5013
-3719
-2503
-2379
-2944
-2234
-313
1159
1688
1822
2594
3600
4134
4120
4331
5434
6312
6180
5604
5371
5124
4633
4645
5194
5196
4242
3132
2387
2106
2253
2731
2619
1775
1289
1233
1045
733
1135
2020
2529
2596
2502
2412
2321
2721
3533
4273
4690
4604
4162
3716
3988
4056
2557
282
-930
15
1431
1530
-281
-3252
-5003
-5223
-5084
-5812
-6594
-5992
-5313
-5746
-7087
-7788
-7164
-5986
-4539
-3097
-1980
-1532
-1686
-1582
-618
866
2176
2878
3294
3424
3007
2414
2026
2030
1908
1455
699
-516
-1825
-2948
-3724
-4247
-4554
-4559
-4729
-5438
-6484
-7177
-6992
-6577
-6335
-5729
-4459
-3472
-3927
-4395
-3202
-1086
209
327
567
1312
2175
2731
2897
3439
4539
5311
5067
4552
4609
4543
4077
4219
4893
4861
3714
2673
2390
2279
2486
2796
2616
2001
1591
1488
1176
1326
2050
2583
2786
2997
3234
2883
2741
3662
4783
5231
4969
4710
4665
4938
5322
4298
2021
335
600
2123
2821
2054
-265
-2773
-3926
-4242
-4570
-5187
-4974
-4303
-4664
-5828
-6963
-7095
-6338
-5056
-3511
-2359
-1625
-1549
-1915
-1691
-421
1404
2585
2990
3196
3049
2563
2006
1914
2235
2338
1968
783
-795
-2151
-2963
-3317
-3667
-3851
-4098
-4725
-5887
-7230
-7881
-7745
-6711
-5330
-4600
-5111
-6207
-6033
-4568
-2946
-1985
-1566
-1022
-446
92
280
427
1470
2976
3847
3752
3558
3590
3230
3070
3814
4659
4485
3441
2692
2313
2029
2158
2476
2608
2317
1747
1048
503
868
1633
1944
2060
2405
2697
2385
2195
2831
3610
4171
4582
4779
4589
4279
4545
4454
3135
1402
713
1950
3603
3798
1763
-1117
-2444
-2521
-2690
-3335
-3365
-2484
-2381
-3597
-5157
-5638
-4713
-3428
-2386
-1511
-609
-106
-627
-1159
-339
1561
3178
3585
3440
3246
2939
2622
2337
2467
2880
2978
2144
397
-1115
-1845
-2168
-2453
-2711
-2953
-3724
-5139
-6588
-7542
-7419
-6090
-4564
-4344
-5681
-6788
-6548
-5455
-4133
-2898
-1977
-1708
-1694
-1577
-1494
-902
518
1936
2475
2548
2748
2511
1927
2180
3311
4045
3758
3001
2157
1404
1309
1786
2080
1943
1637
1141
325
-254
-162
281
855
1530
1866
1487
932
955
1491
2138
2984
3875
4190
3664
2864
2648
2818
2521
1485
793
1668
3133
3040
840
-1450
-1942
-1421
-1611
-2649
-2976
-2105
-1720
-2988
-4667
-4677
-3159
-2011
-1902
-1729
-765
168
193
-98
462
1872
3068
3406
3425
3725
3982
3665
3073
3105
3838
4195
3341
1802
780
586
482
-95
-1001
-1808
-2475
-3410
-4613
-5370
-4938
-3868
-3638
-4596
-5704
-5922
-5404
-4667
-3729
-2749
-2145
-2107
-2247
-2033
-1399
-621
23
615
1395
2034
2016
1572
1527
2133
2670
2638
2248
1778
1426
1326
1554
1758
1485
775
63
-207
-103
-41
-120
-12
413
685
440
84
200
761
1297
1563
1741
1909
1878
1601
1199
694
-128
-985
-845
574
1867
1285
-910
-2621
-2720
-2184
-2392
-2990
-2619
-1455
-1276
-2917
-4687
-4608
-3011
-1632
-1073
-582
73
177
-486
-844
130
2042
3484
3735
3361
2973
2621
2328
2573
3479
4304
4277
3281
1956
1104
1039
1298
1213
701
-130
-1111
-1860
-1984
-1729
-1632
-1593
-1565
-1973
-2854
-3351
-2845
-1769
-764
-220
-361
-882
-1008
-573
-70
448
1192
1730
1589
1322
1496
1753
1788
1998
2453
2457
1850
1249
1123
1453
1867
1873
1269
533
269
312
242
153
327
626
765
780
655
331
136
518
1309
1757
1470
870
494
152
-690
-1956
-2613
-1697
97
736
-892
-3395
-4562
-4058
-3349
-3385
-3435
-2814
-2313
-3067
-4630
-5293
-4400
-3081
-2483
-2187
-1445
-884
-1523
-2657
-2404
-497
1315
1662
1129
883
1055
1054
727
768
1589
2493
2458
1460
519
264
341
317
310
212
-268
-719
-565
-238
-488
-855
-622
-177
-261
-703
-812
-390
410
1100
1049
492
488
1231
1754
1780
1928
2194
2142
2160
2677
3133
2999
2727
2847
3041
2975
2783
2545
2386
2659
3091
2808
1866
1301
1434
1603
1547
1618
1849
1855
1608
1453
1460
1613
1967
2236
2061
1723
1611
1258
49
-1546
-2187
-1261
227
598
-869
-3095
-4337
-4267
-4114
-4500
-4406
-3286
-2636
-3920
-6043
-6699
-5501
-4137
-3715
-3603
-3024
-2487
-2963
-4039
-4172
-2768
-941
-66
-302
-852
-1140
-1305
-1474
-1285
-517
343
413
-549
-1668
-2066
-1911
-1767
-1774
-1819
-1688
-1192
-759
-1170
-2068
-2001
-659
492
365
-310
-331
498
1565
2106
1892
1699
2272
3043
3098
2810
3007
3475
3692
3882
4268
4388
3967
3472
3381
3647
4040
4188
3705
2937
2718
3072
3197
2798
2370
2202
2108
2021
2113
2365
2518
2503
2425
2387
2570
2926
2987
2668
2528
2685
2293
837
-660
-631
877
2043
1418
-546
-2158
-2569
-2554
-3017
-3404
-2713
-1633
-1977
-3959
-5599
-5380
-4059
-3258
-3301
-3332
-2969
-2893
-3617
-4441
-4224
-2873
-1493
-1095
-1591
-2267
-2776
-3119
-3112
-2543
-1683
-1253
-1857
-3191
-4165
-4197
-3977
-4217
-4309
-3336
-1969
-1943
-3458
-4570
-3743
-1733
-434
-545
-1033
-721
214
712
659
1073
2274
3115
2855
2372
2661
3296
3448
3345
3664
4366
4709
4168
3078
2549
3234
4311
4392
3425
2568
2376
2373
2245
2291
2589
2764
2542
2061
1677
1741
2237
2664
2703
2708
3022
3211
2812
2253
2270
2800
3017
2339
1187
689
1379
2378
2272
969
-200
-401
-322
-764
-1332
-1226
-663
-627
-1475
-2513
-2938
-2655
-2149
-1898
-1911
-1958
-2081
-2515
-3066
-3175
-2608
-1784
-1279
-1338
-1896
-2652
-3115
-2975
-2475
-2065
-1957
-2246
-2971
-3834
-4444
-4808
-4958
-4490
-3307
-2457
-3055
-4535
-5179
-4242
-2638
-1650
-1555
-1595
-1110
-458
-310
-340
441
1887
2724
2467
2040
2212
2679
2909
2909
3086
3550
3822
3268
2146
1565
2070
2739
2495
1524
705
359
164
-106
-313
-170
230
406
12
-617
-798
-220
649
1137
1218
1321
1543
1681
1652
1698
2178
2952
3258
2651
1891
2122
3304
4095
3572
2433
1886
2102
2326
2009
1360
953
1042
1244
948
14
-939
-1202
-836
-537
-754
-1347
-1889
-2152
-2239
-2341
-2435
-2327
-2014
-1871
-2192
-2671
-2803
-2527
-2168
-1938
-1834
-1811
-1918
-2256
-2720
-2869
-2257
-1113
-424
-823
-1737
-2096
-1561
-670
-48
157
217
345
475
486
606
1163
1966
2411
2294
1994
1901
2047
2204
2211
2181
2290
2356
2062
1429
950
891
960
793
361
-215
-793
-1195
-1422
-1514
-1475
-1435
-1602
-1905
-2189
-2296
-2108
-1704
-1395
-1330
-1348
-1237
-987
-830
-833
-683
-180
329
465
309
305
711
1237
1439
1338
1278
1432
1634
1610
1315
1034
1051
1330
1501
1240
669
240
145
184
107
-124
-398
-639
-860
-1095
-1341
-1526
-1552
-1475
-1493
-1664
-1834
-1870
-1776
-1633
-1481
-1360
-1305
-1294
-1246
-1064
-735
-375
-171
-157
-143
38
317
582
830
1051
1130
1051
1007
1145
1445
1786
2043
2111
2001
1901
1975
2171
2306
2296
2243
2239
2289
2278
2141
1939
1776
1682
1605
1479
1271
1006
725
478
302
203
88
-88
-289
-474
-658
-793
-890
-1001
-1106
-1147
-1133
-1147
-1250
-1419
-1530
-1515
-1390
-1232
-1159
-1188
-1252
-1269
-1185
-1021
-876
-829
-842
-872
-909
-932
-863
-733
-666
-717
-805
-855
-898
-966
-1023
-1047
-1071
-1144
-1256
-1348
-1407
-1470
-1555
-1651
-1717
-1745
-1736
-1700
-1671
-1691
-1753
-1788
-1708
-1532
-1347
-1177
-1044
-963
-909
-796
-553
-210
133
408
605
745
852
983
1205
1539
1903
2165
2292
2374
2497
2664
2836
2986
3089
3143
3174
3216
3267
3280
3226
3090
2912
2751
2670
2636
2573
2439
2223
1954
1691
1509
1439
1419
1362
1215
997
771
571
419
335
317
306
230
74
-120
-278
-381
-419
-403
-397
-467
-618
-776
-854
-867
-896
-960
-1025
-1100
-1206
-1334
-1420
-1449
-1489
-1560
-1628
-1667
-1721
-1813
-1919
-2002
-2060
-2120
-2159
-2165
-2170
-2255
-2423
-2574
-2616
-2580
-2545
-2527
-2546
-2619
-2722
-2781
-2733
-2601
-2472
-2390
-2346
-2309
-2241
-2112
-1899
-1623
-1359
-1162
-1006
-835
-615
-360
-66
260
564
787
943
1130
1398
1709
1976
2157
2271
2376
2510
2684
2871
3017
3082
3049
2967
2906
2924
3005
3082
3079
2958
2771
2599
2500
2476
2491
2478
2393
2228
2029
1847
1710
1632
1590
1526
1426
1289
1117
955
836
770
738
696
594
437
279
174
115
55
-15
-92
-178
-290
-429
-548
-616
-659
-730
-831
-909
-979
-1067
-1175
-1286
-1374
-1439
-1505
-1579
-1653
-1732
-1826
-1930
-2018
-2085
-2127
-2151
-2182
-2245
-2323
-2370
-2384
-2378
-2381
-2384
-2377
-2348
-2315
-2285
-2225
-2142
-2042
-1946
-1867
-1772
-1642
-1502
-1355
-1191
-1033
-883
-725
-559
-393
-234
-65
102
269
426
566
707
855
989
1085
1174
1261
1363
1469
1544
1577
1607
1649
1683
1711
1740
1768
1780
1776
1748
1722
1718
1727
1721
1691
1648
1591
1558
1558
1552
1508
1454
1417
1388
1346
1282
1218
1187
1177
1134
1044
956
907
874
825
756
688
641
598
526
439
364
330
298
233
154
80
12
-53
-121
-191
-260
-322
-383
-463
-562
-652
-714
-760
-821
-901
-999
-1065
-1096
-1155
-1238
-1306
-1333
-1337
-1355
-1412
-1479
-1485
-1446
-1437
-1448
-1433
-1398
-1356
-1320
-1289
-1242
-1153
-1065
-1016
-964
-876
-782
-702
-638
-573
-499
-417
-343
-300
-255
-204
-160
-114
-65
-37
-27
-8
27
42
45
52
63
91
126
142
159
185
217
243
264
307
366
434
498
529
550
592
653
726
792
851
879
884
888
902
921
936
942
941
925
875
821
779
749
718
676
629
595
549
471
390
342
336
336
308
250
201
182
159
123
111
137
159
137
88
45
37
67
85
78
51
27
-5
-32
-31
-29
-45
-83
-120
-143
-154
-174
-223
-269
-295
-302
-309
-326
-348
-368
-377
-382
-400
-419
-428
-416
-393
-391
-418
-456
-468
-430
-381
-357
-368
-409
-447
-463
-457
-431
-416
-428
-472
-504
-503
-494
-494
-507
-504
-490
-479
-484
-503
-499
-461
-401
-350
-305
-259
-218
-187
-155
-97
-6
86
141
154
155
178
232
295
342
343
312
277
258
257
247
219
174
133
101
75
35
-18
-57
-74
-76
-79
-99
-120
-116
-81
-27
19
44
67
113
195
286
354
396
426
489
582
673
736
762
765
783
831
882
904
894
865
831
816
796
764
723
674
634
581
523
449
378
332
303
271
214
139
67
16
-2
-5
-26
-66
-118
-159
-169
-170
-169
-186
-218
-240
-263
-280
-298
-315
-332
-358
-375
-394
-412
-437
-466
-480
-484
-482
-486
-509
-530
-537
-513
-473
-447
-438
-442
-435
-405
-362
-320
-300
-298
-302
-302
-285
-265
-256
-257
-272
-296
-321
-346
-371
-393
-415
-438
-466
-508
-542
-564
-565
-557
-550
-545
-538
-517
-477
-425
-373
-318
-263
-200
-128
-49
34
117
197
272
359
445
514
571
605
634
667
697
724
730
713
687
669
664
644
617
574
516
475
435
405
362
305
260
238
234
225
218
211
205
206
214
218
227
247
281
311
325
318
312
334
379
426
431
401
354
325
325
339
332
297
245
206
190
187
168
126
87
63
53
37
8
-31
-53
-58
-57
-54
-71
-94
-124
-149
-159
-173
-187
-208
-238
-282
-336
-377
-400
-416
-440
-484
-549
-613
-656
-679
-691
-708
-741
-767
-782
-789
-801
-812
-807
-785
-750
-713
-686
-659
-618
-564
-512
-473
-450
-427
-391
-348
-311
-290
-275
-262
-235
-201
-177
-175
-183
-185
-172
-160
-159
-156
-148
-130
-104
-71
-33
-1
31
65
114
166
217
274
345
425
494
549
594
646
716
785
831
863
895
920
948
974
980
974
972
988
1009
1012
992
956
934
926
918
907
881
851
827
817
807
783
748
711
687
673
648
607
564
521
480
438
388
333
281
223
166
108
38
-44
-122
-195
-262
-324
-392
-461
-533
-611
-683
-743
-799
-840
-875
-909
-949
-982
-1008
-1025
-1036
-1050
-1072
-1090
-1099
-1108
-1112
-1116
-1112
-1105
-1090
-1084
-1087
-1085
-1079
-1061
-1038
-1027
-1020
-1004
-965
-918
-869
-823
-778
-728
-669
-607
-540
-473
-396
-301
-203
-103
-16
59
133
220
322
423
496
556
611
676
742
795
833
862
893
935
971
1003
1019
1022
1024
1032
1037
1041
1039
1034
1029
1027
1027
1022
1004
985
973
972
977
968
948
918
895
871
852
829
807
790
756
706
650
590
535
478
422
367
302
225
136
36
-45
-106
-180
-257
-348
-437
-511
-591
-655
-708
-762
-816
-884
-942
-987
-1030
-1063
-1082
-1098
-1105
-1124
-1146
-1153
-1159
-1144
-1123
-1114
-1096
-1086
-1064
-1024
-980
-932
-896
-862
-817
-760
-715
-667
-621
-557
-481
-416
-348
-292
-239
-182
-124
-43
33
86
131
173
225
291
344
379
415
453
497
540
583
609
634
658
674
694
718
734
748
760
774
781
781
778
771
772
782
791
790
774
751
735
713
705
697
679
674
642
602
559
519
500
466
438
416
363
310
249
192
170
139
98
50
-25
-69
-118
-178
-202
-232
-267
-309
-372
-406
-440
-479
-493
-515
-528
-545
-586
-607
-620
-620
-608
-619
-627
-627
-634
-618
-608
-598
-577
-574
-558
-530
-514
-493
-486
-472
-431
-404
-383
-356
-337
-310
-288
-261
-220
-190
-168
-146
-124
-85
-45
-13
12
37
71
99
133
177
208
244
271
290
315
347
378
401
422
440
452
451
450
454
465
477
481
469
451
436
415
397
394
387
370
348
317
284
251
233
221
208
199
177
147
114
89
82
88
77
65
37
9
-7
-25
-38
-32
-41
-54
-82
-119
-131
-146
-160
-171
-183
-197
-224
-256
-275
-291
-288
-294
-309
-320
-333
-339
-338
-336
-331
-322
-322
-302
-287
-271
-254
-247
-225
-204
-183
-160
-133
-110
-93
-72
-41
-12
5
20
26
43
62
76
96
105
107
110
120
129
140
146
158
153
145
154
167
173
174
176
175
179
170
164
163
167
166
168
169
164
152
140
135
134
133
126
107
88
69
62
54
47
34
11
-1
-27
-45
-62
-72
-77
-86
-97
-113
-126
-136
-147
-148
-149
-151
-154
-170
-177
-173
-170
-166
-161
-168
-169
-171
-177
-175
-165
-159
-152
-148
-142
-134
-127
-118
-103
-93
-76
-59
-45
-24
-3
12
33
47
65
85
99
125
143
167
188
205
221
239
246
251
264
275
281
283
286
286
280
269
261
251
239
228
211
200
190
181
163
150
137
118
102
81
60
44
23
5
-5
-18
-26
-34
-44
-51
-55
-70
-75
-76
-90
-94
-101
-97
-98
-116
-125
-132
-141
-151
-158
-176
-179
-182
-196
-194
-198
-202
-207
-218
-220
-219
-226
-222
-221
-222
-219
-209
-208
-208
-194
-196
-192
-184
-175
-169
-155
-145
-140
-130
-121
-107
-98
-85
-69
-58
-41
-20
-5
12
30
42
56
71
87
101
114
135
151
158
180
191
203
213
223
234
237
250
256
259
259
257
256
251
249
241
233
226
218
216
214
208
194
188
180
167
152
129
116
101
83
82
70
57
51
43
28
17
4
-3
-10
-18
-26
-25
-26
-39
-45
-58
-67
-81
-104
-109
-119
-130
-136
-142
-150
-160
-171
-178
-194
-203
-203
-211
-212
-210
-206
-211
-212
-205
-204
-206
-204
-197
-193
-181
-172
-162
-155
-144
-133
-124
-114
-105
-90
-77
-65
-56
-44
-33
-17
-1
8
20
31
43
53
60
64
67
72
80
94
111
122
129
139
142
141
142
144
150
149
153
164
173
179
179
182
172
167
161
154
160
155
153
148
147
146
135
133
125
115
112
102
93
84
75
76
67
55
49
44
38
28
19
13
1
-11
-20
-28
-31
-45
-52
-54
-67
-78
-95
-103
-111
-111
-108
-113
-115
-116
-120
-133
-141
-143
-145
-146
-146
-141
-139
-144
-141
-144
-152
-149
-148
-150
-150
-148
-146
-144
-143
-137
-133
-133
-128
-116
-109
-104
-99
-92
-86
-77
-63
-52
-46
-35
-17
-11
-6
10
15
25
34
42
42
50
69
82
90
96
117
126
127
121
120
118
124
136
141
152
159
159
157
159
156
150
144
141
148
157
164
172
175
175
166
153
145
134
119
114
117
119
118
108
101
92
80
61
43
39
27
18
12
5
-1
-9
-24
-38
-45
-57
-70
-77
-82
-93
-106
-114
-114
-119
-126
-140
-142
-151
-160
-169
-165
-168
-169
-157
-154
-153
-155
-156
-161
-163
-161
-149
-146
-133
-125
-123
-115
-115
-115
-117
-117
-117
-111
-102
-91
-88
-86
-77
-67
-62
-59
-50
-41
-33
-23
-12
0
7
20
35
44
57
72
85
91
96
105
108
112
119
125
130
142
149
157
170
181
188
191
185
180
172
164
164
161
163
165
164
165
156
145
132
118
97
86
81
74
74
71
62
50
41
35
21
6
-6
-14
-18
-23
-23
-28
-34
-40
-49
-57
-67
-67
-75
-77
-77
-79
-78
-80
-84
-89
-92
-99
-101
-102
-106
-106
-104
-100
-99
-104
-102
-105
-107
-115
-117
-115
-122
-114
-114
-107
-94
-90
-87
-84
-78
-81
-76
-75
-71
-63
-56
-48
-35
-22
-14
-11
-9
-2
1
-3
-3
3
7
22
31
39
51
57
66
76
81
81
82
88
95
98
95
94
105
113
108
109
109
107
102
93
88
79
74
72
66
57
53
49
46
45
40
36
29
26
24
18
10
10
7
6
2
2
-2
-7
-5
-7
-7
-9
-9
-10
-10
-17
-23
-23
-28
-33
-34
-30
-31
-33
-36
-41
-37
-34
-39
-40
-46
-52
-45
-43
-48
-41
-36
-35
-28
-28
-29
-29
-24
-29
-27
-31
-30
-20
-17
-16
-13
-8
-9
-11
-15
-11
-14
-22
-15
-12
-9
-5
-1
5
6
8
15
18
16
18
22
19
26
24
26
39
34
33
38
30
30
29
25
22
18
12
4
4
0
0
4
-9
-10
-11
-12
-12
-22
-24
-23
-25
-24
-26
-21
-21
-22
-20
-27
-25
-23
-23
-21
-13
-9
-13
-10
-2
-5
-4
-4
-4
-6
-8
0
-3
-5
2
0
3
4
5
10
8
9
13
16
15
24
24
18
30
31
