-1
0
0
2
1
1
0
0
-1
-1
-1
-1
-2
0
0
-1
1
0
-1
0
0
-1
-1
1
2
0
-2
-1
-1
0
1
1
0
0
0
-1
-1
-1
0
1
1
1
0
1
0
-1
-1
0
-1
-1
0
1
1
1
1
0
-1
-1
-1
1
0
0
0
0
1
1
-1
-2
-1
0
0
-1
1
0
0
1
-1
0
0
1
0
0
1
-1
1
-1
-1
0
0
0
0
0
2
1
0
1
1
0
-1
1
0
1
0
-1
-1
0
0
-1
-1
-1
0
0
-1
0
2
2
2
0
0
1
0
-1
0
-1
-1
-1
-1
0
0
0
-1
0
2
1
0
0
0
0
-1
1
0
-1
-1
-1
0
0
-1
-1
2
1
0
-1
0
1
0
0
-1
0
1
0
0
0
0
1
-1
0
1
-1
0
0
0
0
0
0
-1
-2
0
0
-2
0
0
1
0
1
1
-1
0
1
0
1
-1
0
0
1
1
0
-1
-1
-1
-1
1
0
-1
1
0
-1
-1
0
0
0
0
1
0
-1
0
0
1
0
0
-1
1
1
0
-1
-1
1
0
1
1
1
1
0
-1
0
0
1
0
0
0
1
1
1
1
3
3
1
2
3
2
3
3
2
3
4
4
4
3
3
3
4
3
3
5
6
4
4
5
4
2
4
6
4
4
4
5
6
6
5
7
7
6
5
5
8
5
6
5
6
6
5
5
6
5
5
5
4
3
3
2
2
3
1
3
2
0
-1
1
2
-1
-1
2
3
3
5
3
2
4
4
1
4
8
6
4
5
9
7
9
11
11
11
12
12
12
11
10
9
13
11
10
9
9
9
5
5
5
6
2
0
1
2
4
-2
-3
0
0
-4
-5
-2
-2
-5
-6
-5
-7
-6
-7
-13
-13
-12
-17
-22
-18
-15
-19
-24
-25
-24
-25
-26
-25
-28
-27
-22
-18
-21
-18
-10
-7
-7
-3
0
4
5
9
14
17
23
27
27
27
28
30
31
28
26
26
26
23
20
22
19
13
10
7
2
0
-4
-9
-11
-14
-17
-19
-17
-20
-27
-28
-30
-32
-38
-39
-38
-42
-47
-47
-48
-52
-55
-62
-62
-63
-71
-78
-82
-79
-82
-92
-95
-93
-92
-94
-96
-94
-92
-92
-92
-87
-80
-75
-66
-55
-45
-33
-25
-16
-3
12
23
34
50
61
73
87
103
114
125
142
152
160
170
179
186
197
206
211
218
230
238
238
239
239
238
237
237
232
230
231
222
205
190
182
172
155
136
114
98
83
60
32
10
-12
-43
-70
-89
-112
-140
-168
-189
-210
-228
-251
-283
-299
-302
-313
-334
-347
-349
-355
-362
-368
-366
-358
-350
-335
-321
-311
-298
-284
-278
-262
-227
-200
-181
-166
-148
-125
-98
-76
-57
-37
-15
10
35
58
79
100
115
138
169
191
203
218
232
252
271
287
306
319
329
343
353
358
371
384
380
370
366
358
349
344
336
327
317
288
253
222
186
154
123
86
48
11
-32
-71
-114
-172
-226
-258
-283
-322
-359
-399
-437
-464
-495
-523
-526
-521
-529
-533
-525
-532
-539
-527
-506
-477
-433
-408
-383
-342
-316
-299
-263
-218
-174
-132
-99
-70
-32
-9
8
51
86
116
157
179
182
204
223
229
254
286
298
310
333
330
323
345
357
358
371
385
396
417
425
407
398
410
427
443
468
480
488
507
516
513
524
543
562
569
564
556
552
551
548
542
524
504
483
443
391
344
283
209
156
92
2
-80
-172
-281
-371
-455
-566
-670
-755
-846
-928
-1004
-1079
-1137
-1186
-1232
-1256
-1272
-1284
-1267
-1242
-1227
-1188
-1128
-1074
-991
-909
-860
-777
-676
-613
-521
-396
-327
-261
-169
-120
-59
30
71
118
206
236
239
280
286
273
302
314
316
341
336
333
333
313
335
366
364
415
447
412
468
509
455
547
657
602
663
788
691
732
902
824
824
1003
958
912
1076
1039
946
1071
1091
1029
1115
1120
1036
1069
1070
1008
1008
999
942
870
731
609
570
540
511
432
256
100
-22
-206
-369
-451
-528
-628
-756
-929
-1086
-1197
-1329
-1458
-1544
-1589
-1598
-1595
-1627
-1715
-1777
-1774
-1733
-1674
-1569
-1453
-1363
-1306
-1241
-1153
-1065
-981
-862
-694
-561
-444
-371
-357
-336
-284
-219
-123
-15
-2
0
14
-31
-69
-82
-48
17
83
42
18
23
-119
-119
33
-43
-16
251
162
79
279
260
146
465
632
484
740
923
720
728
1057
983
1003
1423
1369
1098
1381
1526
1246
1413
1587
1350
1345
1647
1444
1270
1397
1291
1222
1332
1356
1195
1222
1215
1054
981
962
984
886
596
406
428
520
569
385
49
-130
-140
-392
-733
-706
-635
-776
-1040
-1175
-1248
-1371
-1540
-1830
-1924
-1738
-1546
-1573
-1667
-1697
-1809
-1916
-1857
-1688
-1469
-1288
-1218
-1158
-1046
-908
-975
-1106
-974
-674
-452
-347
-311
-387
-485
-536
-494
-358
-215
-201
-249
-205
-142
-259
-387
-348
-372
-331
-115
-48
-251
-392
-424
-449
-320
-215
-183
-128
-127
-184
-132
13
-17
52
160
386
512
508
453
469
512
574
821
1040
1056
862
1104
856
985
1207
884
1123
1529
815
985
1580
391
661
1327
374
575
1462
414
467
1175
217
112
962
413
187
1039
758
316
613
606
323
642
911
793
983
1198
967
897
1078
863
379
671
1056
1115
1171
886
472
364
126
-235
-74
69
-52
-283
-552
-691
-771
-1196
-1615
-1579
-1355
-1217
-1144
-1192
-1479
-1654
-1693
-1700
-1520
-1088
-853
-918
-824
-628
-542
-594
-556
-509
-204
257
379
330
335
182
-75
-81
167
425
403
299
188
93
-122
-308
-400
-443
-324
-262
-324
-472
-780
-1161
-1325
-1196
-1111
-1093
-942
-996
-1295
-1378
-1344
-1439
-1283
-1019
-848
-634
-565
-710
-786
-669
-600
-407
117
231
294
366
334
-39
343
630
170
1145
1110
600
949
772
153
790
624
693
1044
791
960
720
316
510
1216
37
910
1613
681
958
1539
686
634
1635
1049
1249
2116
1839
1464
2007
1864
1854
1920
1917
1688
1234
1674
2408
2097
1388
1390
1197
859
640
394
428
734
258
-446
-341
-258
-754
-1534
-1751
-1407
-1206
-1284
-1485
-1615
-1863
-1977
-2042
-2041
-1649
-1421
-1428
-1478
-1360
-1163
-1115
-1384
-1498
-955
-509
-444
-563
-619
-600
-852
-934
-614
-364
-432
-578
-647
-696
-694
-1011
-1200
-918
-938
-1004
-821
-918
-1353
-1588
-1608
-1534
-1412
-1409
-1382
-1318
-1475
-1683
-1464
-1306
-1511
-1356
-901
-816
-846
-565
-577
-576
-362
-121
239
533
551
741
802
860
1110
1234
1004
1684
1791
969
2421
1670
1149
1964
1984
905
1824
2810
516
1875
2712
549
1262
2644
1033
733
2837
1556
644
2422
1681
802
2002
2126
1225
1877
2352
1549
1682
2352
1854
1914
2388
2185
1969
2030
1563
1040
1274
1874
1770
1289
1017
759
635
-271
-410
-124
-86
-480
-1030
-920
-1162
-1628
-2245
-2553
-2278
-2060
-1929
-2070
-2220
-2337
-2539
-2666
-2664
-2184
-1776
-1671
-1736
-1504
-1302
-1371
-1575
-1524
-1062
-631
-445
-479
-486
-482
-659
-820
-635
-264
-245
-367
-452
-398
-443
-827
-974
-824
-814
-790
-609
-696
-1168
-1302
-1419
-1585
-1294
-1156
-1309
-1173
-1138
-1496
-1556
-1182
-1403
-1507
-954
-661
-673
-620
-524
-653
-492
-266
169
359
528
708
620
434
1143
932
329
1736
1449
1045
1242
2323
384
1422
1910
643
1679
2500
796
934
2902
664
961
2332
1512
641
2800
1546
959
2482
1651
776
2030
2171
1511
2036
2121
1842
1753
2116
1621
1843
1950
2152
1959
1979
2022
1536
1065
914
1048
1242
1514
1198
779
354
120
-211
-597
-666
-413
-528
-1041
-1009
-1209
-1825
-1974
-2392
-2623
-1916
-1509
-1948
-2171
-1960
-2363
-2595
-2322
-2076
-1774
-1565
-1379
-1520
-1274
-1212
-1575
-1744
-1298
-863
-731
-577
-561
-779
-967
-1032
-971
-810
-670
-717
-826
-688
-735
-951
-1196
-1294
-1292
-1163
-1075
-1114
-1082
-1441
-1670
-1507
-1490
-1532
-1436
-1397
-1446
-1425
-1407
-1341
-1350
-1342
-1222
-886
-556
-566
-514
-479
-245
-41
118
324
1047
693
572
1336
1169
736
1610
1626
657
2537
1975
793
1957
2509
551
1141
3821
427
1547
3246
1491
361
2931
2361
-14
2693
2663
1133
1826
2904
1338
1567
2593
2200
1289
2590
2550
1735
1943
2699
2121
1711
2631
1876
1839
2191
2207
1586
2012
1947
1372
1141
970
809
651
882
846
488
-25
-247
-467
-1088
-1143
-990
-1214
-1307
-1593
-1791
-2038
-2305
-2730
-2896
-2538
-2367
-2215
-2338
-2390
-2552
-2727
-2574
-2430
-2182
-1788
-1439
-1705
-1610
-1249
-1517
-1784
-1317
-959
-867
-630
-358
-717
-940
-707
-851
-928
-426
-285
-757
-504
-423
-793
-963
-728
-900
-1009
-681
-534
-886
-1070
-945
-1178
-1383
-984
-783
-1168
-1049
-823
-1076
-1197
-866
-855
-777
-658
-139
-108
-227
128
73
355
374
960
1277
928
1315
1800
899
1768
1625
1348
2395
1573
1553
2873
1356
1217
2749
1335
1510
2304
1969
1102
2475
1425
1362
1577
1680
1414
1459
1646
1191
2128
353
1659
1584
521
1429
1625
535
1280
1656
274
1424
1644
353
1084
1595
528
907
1266
887
788
1161
688
510
531
-5
285
273
158
331
-68
-439
-610
-916
-1278
-1182
-1278
-1474
-1472
-1811
-2036
-2363
-2568
-2746
-2827
-2720
-2547
-2569
-2585
-2578
-2866
-2761
-2537
-2494
-2242
-1829
-1807
-1762
-1588
-1460
-1477
-1317
-935
-773
-556
-344
-208
-439
-383
-99
-227
-74
312
129
28
138
54
-116
-128
-30
70
-104
-70
43
-476
-499
-451
-708
-622
-423
-651
-666
-718
-869
-994
-806
-752
-697
-345
-382
-294
164
-318
182
434
410
894
736
1610
1033
1684
1359
1643
1844
1314
2376
1947
1570
2285
2155
1703
922
3383
862
581
4278
-413
1840
2213
1000
629
1986
1698
-757
2714
1353
-650
1808
1374
-558
1151
1276
-83
579
1266
-165
610
516
693
629
404
1220
729
366
950
1195
340
1132
1304
1105
792
1570
653
117
1060
406
365
890
549
11
-255
-297
-822
-1313
-906
-1129
-1366
-1650
-1744
-2187
-2525
-2614
-2880
-2844
-2706
-2502
-2574
-2699
-2664
-2655
-2835
-2479
-2072
-1997
-1646
-1425
-1434
-1266
-1051
-983
-843
-519
-118
145
118
208
222
54
184
395
444
487
600
188
303
354
-175
7
110
-236
-137
142
-475
-604
-475
-1024
-905
-612
-799
-916
-638
-895
-1217
-867
-856
-842
-520
-344
-294
195
246
-442
502
871
-257
1521
1146
1076
1840
612
2186
896
963
2343
1063
1481
1813
1884
565
1678
1343
477
1371
1111
1119
872
1345
61
1239
815
-243
1429
481
193
1317
135
285
1020
220
-38
1033
518
-38
985
436
235
564
1235
134
794
1686
419
597
1657
1191
409
1684
1694
626
1658
1772
783
1421
1706
548
774
1365
41
337
1071
308
-339
-129
-341
-916
-1170
-1245
-1087
-1354
-1785
-1705
-1883
-2282
-2272
-2602
-2752
-2361
-2062
-2309
-2206
-1839
-2291
-2361
-1924
-1667
-1444
-1089
-623
-841
-752
-163
-316
-559
71
574
371
753
917
437
439
407
261
388
879
517
-70
250
-70
-667
-252
-473
-728
-323
-844
-919
-949
-1303
-1503
-1430
-1333
-1341
-969
-1517
-1627
-867
-1719
-1822
-131
-1327
-1247
578
-983
-795
911
-962
-488
1362
-417
1353
-6
1706
695
-566
2633
-811
1920
331
1519
694
415
1669
-550
1141
503
162
478
2051
-1746
1592
1184
-1323
518
1524
-91
-889
2729
-768
-138
1607
380
-462
1413
1120
-408
1370
1216
100
777
1604
962
693
1704
2142
230
1782
2239
546
1933
2257
1610
1478
2639
1767
1296
2633
1849
1468
2260
1653
895
1704
1182
1136
1213
938
401
417
423
-647
-174
-252
-662
-866
-946
-1066
-1541
-1610
-2043
-2004
-1882
-1877
-1769
-1740
-1944
-2091
-1803
-1922
-1683
-1369
-975
-945
-956
-556
-653
-567
-507
-187
-167
50
452
-184
-179
-139
-402
-617
-274
-275
-1088
-481
-1163
-1518
-1318
-1508
-1793
-1551
-1476
-2463
-1416
-2054
-2786
-2063
-1950
-2530
-1889
-1932
-1937
-1947
-1911
-1460
-2035
-736
-1445
-767
-398
-1025
137
-162
-752
436
791
64
608
1689
570
109
2400
268
716
1811
1750
-64
1721
2510
-1031
1805
1613
520
-357
2762
755
-1167
2558
975
-1148
1230
2457
-1515
1328
1966
-233
435
1864
619
77
2176
813
873
1546
1287
1345
1110
1669
2138
926
2352
2045
1172
2008
2312
1581
1660
3080
1663
1790
2543
1884
1816
2086
1938
1986
2135
1833
1771
1820
1063
1326
1106
422
1477
1058
210
554
246
-591
-583
-591
-901
-890
-845
-1357
-1596
-1551
-2134
-2193
-2332
-2376
-1862
-2091
-2226
-1757
-2295
-2400
-1802
-1961
-1775
-1371
-869
-1254
-1062
-558
-1284
-826
-634
-917
-533
-170
-537
-798
-458
-1102
-1117
-941
-1377
-1115
-993
-1968
-1415
-1332
-2662
-1779
-1441
-2745
-1900
-1193
-2854
-2290
-1307
-2721
-2548
-738
-2327
-1943
-421
-1959
-1252
-400
-1397
-482
189
-903
474
759
-565
1072
1040
-396
1701
1344
91
1830
2364
-1310
2993
2177
-2087
3366
2279
-1833
2059
4198
-3922
2920
3511
-3398
1924
3432
-1874
-74
4466
-2196
502
3289
-925
168
3101
-271
438
2596
418
792
2074
1340
405
2784
965
1246
2226
1702
1366
2158
2189
1385
2129
2261
1445
1938
2653
1424
2038
2722
1462
1532
2522
1578
1294
2158
1908
1156
2089
1547
852
1199
1189
191
560
1205
485
86
195
30
-999
-791
-788
-1308
-1010
-999
-1867
-1772
-1630
-2388
-2840
-2196
-2251
-2724
-2014
-2188
-2366
-2277
-2606
-2059
-2101
-1952
-1353
-1243
-1396
-1248
-1070
-1428
-1332
-990
-890
-853
-642
-617
-1079
-1140
-1210
-1409
-1477
-958
-1189
-1803
-816
-2095
-2138
-1284
-2397
-1974
-956
-2063
-2215
-965
-2531
-2484
-938
-2165
-1628
-610
-1312
-1673
-387
-1216
-1554
326
-877
-247
48
719
-975
1177
-197
2
1709
-348
1382
1423
663
-133
2823
-953
1195
2454
-285
931
2901
-491
220
2970
-255
340
2731
1037
-864
4260
-814
541
3358
-607
1938
2119
1009
1369
2036
1678
124
3665
655
1472
3128
553
2809
1137
2027
2184
1728
1975
2709
1392
1916
2464
1280
1591
2859
1669
1532
2727
1298
1595
1663
1458
1244
1946
1109
1170
1763
1359
909
1067
957
-5
456
98
670
453
531
6
-887
-357
-1287
-1406
-790
-692
-1417
-1295
-1375
-2101
-2034
-2210
-2458
-1945
-1667
-2162
-1571
-1531
-2218
-2117
-1669
-1751
-1292
-851
-1115
-884
-1103
-1380
-1061
-1364
-1103
-407
-1417
-1111
-774
-1433
-2543
-1196
-1331
-2636
-1138
-1507
-2566
-1792
-2156
-3087
-1543
-2349
-2143
-2006
-1648
-2071
-2615
-1479
-2488
-1592
-1648
-1135
-1124
-1494
-835
-1321
-1123
-896
-113
-290
-535
507
-210
-33
398
-201
939
678
590
837
1653
169
725
1703
384
1134
1683
1413
643
1273
1515
563
1190
1847
871
1934
870
1237
1721
906
1264
2040
1281
1706
1720
1266
1894
1455
1678
1660
2416
1328
1878
2215
1081
2076
1680
1568
2113
1698
1681
1692
1656
1289
1583
1652
1344
1394
1903
1025
1166
1713
1155
1099
1493
1574
1106
1258
1409
1247
972
1535
1528
1151
1444
1424
518
743
1055
625
594
1268
590
-266
351
-405
-816
-482
-285
-750
-1114
-727
-1322
-1944
-1517
-1621
-1981
-1776
-1484
-1874
-2245
-1579
-1936
-2444
-1620
-1610
-2042
-1812
-1521
-1903
-1933
-1725
-1678
-2122
-1611
-1505
-2475
-1595
-1893
-2390
-2295
-1819
-2271
-2592
-1621
-2654
-2685
-2079
-2476
-2715
-2372
-1815
-2632
-2156
-2043
-2084
-2018
-2108
-1517
-1933
-1040
-1337
-1437
-737
-863
-1061
-1040
397
-804
-575
878
-196
-529
735
957
-970
1426
1198
-429
1597
745
811
697
1222
1640
-162
2446
1094
611
1520
1717
1336
114
3625
215
1337
2360
1286
1409
1235
2976
598
2021
2034
1902
1448
1831
2042
1928
1640
2006
2025
1693
2588
704
2794
1920
1495
1655
2864
1295
1728
2828
1530
2028
1732
3143
741
2336
2910
1800
1781
2691
2538
1557
1921
2473
1951
1565
2684
1826
1565
1744
1559
383
1265
1335
391
579
547
114
-973
-531
-684
-1433
-1064
-1330
-1802
-1887
-2263
-2458
-2679
-2697
-2543
-2747
-2724
-2541
-2947
-2853
-2984
-2884
-2464
-2745
-2362
-2202
-2420
-2683
-2144
-2449
-2235
-1967
-2217
-1581
-2105
-2160
-2159
-1886
-2204
-2089
-1606
-1950
-1998
-1826
-2165
-2391
-1577
-2181
-1802
-1772
-1734
-1501
-1991
-1938
-1103
-1602
-1886
-524
-1018
-1460
-811
-351
-1864
355
-638
-861
822
-717
-114
594
55
-93
1439
-29
1172
695
1076
1057
783
1623
693
2063
1138
976
2486
451
1669
2166
727
2074
1712
1632
834
2643
1019
1811
1792
1453
2502
1534
1761
1633
2382
1699
1382
2553
1858
1849
2376
818
3134
1610
1421
2362
2199
1480
1925
2359
1138
2682
1874
1564
2164
2168
1827
1768
2395
2078
1782
2263
1654
1879
1759
1786
1952
1683
1484
1305
826
1019
670
113
836
465
-60
-835
-244
-952
-1923
-1296
-1190
-1752
-1907
-1922
-2581
-2596
-2729
-2872
-2808
-2452
-2708
-2635
-2684
-2487
-2618
-3008
-2399
-1854
-2030
-2129
-1457
-2058
-2198
-1878
-1761
-1363
-1281
-1556
-1423
-1290
-1429
-2046
-1496
-1004
-1680
-1242
-1238
-1417
-1588
-2118
-2116
-1860
-1225
-1141
-1628
-1935
-1774
-1503
-2584
-1651
-638
-1498
-1299
-980
-1460
-1691
-857
-1162
-1175
105
-887
-185
-84
-1623
792
-296
-326
889
1097
114
325
1513
4
1388
1099
1041
1807
1739
418
2754
582
1322
2276
855
2618
1651
2017
545
3293
931
1480
2969
1451
2429
2269
1905
1558
2527
1940
1550
2769
2423
1673
2225
1853
2237
1673
1921
2079
2826
1335
1813
2391
1369
2176
2096
1897
2149
2765
1355
2058
2332
1854
1468
2333
2218
1766
1776
1250
1629
1059
492
596
1107
494
145
-409
-592
-697
-1180
-1864
-1067
-1183
-2417
-2442
-2448
-2577
-3035
-2950
-2941
-2677
-3057
-3234
-3121
-2904
-2907
-2981
-2390
-2081
-2045
-2115
-2033
-1578
-1513
-1561
-1066
-872
-876
-1141
-792
-694
-961
-1027
-993
-694
-509
-1303
-1012
-627
-1541
-1305
-1180
-1091
-1166
-1285
-1771
-1489
-1207
-1355
-1377
-1456
-1302
-1359
-1346
-1448
-883
-975
-1027
-855
-781
-663
-1047
-384
-397
-298
-69
-75
305
358
-114
89
1338
374
711
1657
861
448
1763
1294
288
1970
1883
567
1465
1689
1012
1082
841
1507
1464
889
1738
1273
137
1715
1518
817
1176
2421
1168
794
2151
991
1601
1598
2317
1504
1310
2208
1502
1253
2308
2217
1514
2289
2072
1802
1950
2498
1983
2346
2330
2498
2606
2041
2289
2416
2180
2184
2484
1812
1081
906
810
1122
1824
352
-89
-284
-1006
-1025
-1311
-1176
-1389
-1480
-2525
-3054
-2572
-2799
-3246
-3287
-2723
-2645
-3321
-3104
-2647
-2832
-2899
-2160
-1608
-1582
-1506
-1527
-1364
-989
-335
-415
-259
84
-291
-554
-263
-139
-424
-415
-158
-335
-561
-864
-1337
-1379
-1431
-1273
-1244
-1124
-1538
-2016
-2635
-2505
-2158
-2446
-1938
-1641
-2138
-3213
-2658
-2030
-2456
-2136
-1432
-1328
-1992
-2024
-1361
-1273
-1195
-246
-163
-371
-181
8
-46
189
1069
1255
1282
832
1046
994
1378
1169
1645
1818
1268
1215
867
1478
980
703
1411
1535
249
1132
1331
264
159
1703
1454
585
1578
1143
1322
621
1713
2228
1532
1798
1940
1980
1850
1965
2359
2873
2160
2635
3118
2611
2569
2975
3149
3087
3462
3123
2994
3333
3145
3327
3487
2982
2103
1441
911
1845
3321
2085
456
-188
-450
-607
-1160
-717
-270
-1140
-2314
-3129
-2739
-2768
-3397
-3382
-2894
-2805
-3412
-3709
-3650
-3273
-3212
-2633
-1987
-1611
-1754
-2317
-1771
-909
-220
-166
-37
243
120
51
382
879
670
-25
138
730
552
-316
-485
-397
-722
-636
-956
-887
-1090
-1774
-1999
-1645
-1646
-2477
-3360
-3396
-2748
-2505
-2645
-2843
-3387
-4107
-3947
-3177
-2520
-2572
-2631
-2694
-2483
-2182
-1823
-1094
-728
-400
-190
244
308
545
1126
1486
1765
2415
2067
1742
2677
1489
2462
2465
2223
2400
1303
1755
1266
1218
1115
1247
423
663
747
112
423
350
204
410
1225
651
863
577
1235
1589
1384
2089
2229
2715
2046
2605
2697
3473
3514
3351
4024
3880
3733
3488
4038
4220
4617
4370
4474
4251
3787
2416
1360
1824
3528
4678
2346
431
-497
-607
-567
-1018
-599
90
-1094
-3330
-4236
-3508
-3068
-3467
-3391
-2944
-3181
-4331
-4697
-4250
-2943
-2515
-2544
-1957
-1564
-1815
-2395
-1558
167
798
293
375
637
565
621
1039
1650
1450
522
431
840
828
100
-322
-257
-319
-619
-1413
-1359
-1364
-1968
-2344
-2169
-2208
-2976
-3927
-4685
-3948
-3707
-3504
-3611
-4803
-5180
-5486
-4988
-4477
-3912
-3598
-3893
-3973
-3929
-3181
-2506
-1814
-1118
-604
-442
-617
63
792
1604
2448
2716
2865
2782
2632
2652
3384
3728
3987
3372
3078
2457
1970
2418
2334
2452
1269
1247
501
290
236
578
658
264
479
-483
9
304
987
958
1206
1633
1707
1444
1957
2596
3237
3838
3474
3852
3770
3854
3942
4779
5444
5217
4855
4925
4784
4945
3631
2219
2017
3219
5233
3649
711
-1104
-675
-236
-933
-1309
-846
-1167
-3843
-5696
-4828
-3439
-3529
-4544
-4576
-4308
-5083
-5843
-5342
-3500
-2888
-3300
-3292
-2428
-2026
-2779
-2137
111
1515
757
-136
274
1167
1607
2016
2832
2820
1550
530
1248
2481
2147
1108
571
806
274
-612
-652
-480
-475
-1297
-1923
-1987
-2301
-3345
-4370
-4368
-3598
-3535
-3892
-5000
-6049
-6043
-5599
-4759
-4388
-4361
-4991
-5306
-4807
-3780
-2838
-2297
-1842
-1724
-1539
-1080
-303
819
1823
2502
2531
2629
2825
3145
4209
4887
5171
5104
4661
3971
3857
4380
4671
4392
3694
3005
2020
1359
1611
2082
1944
1016
402
-7
-203
-37
393
1037
1001
541
315
625
1350
1880
2473
2818
2626
2871
3015
3549
4093
4506
4961
4911
5048
5140
5177
5374
4174
2335
1819
3680
6257
4687
772
-1434
-580
540
-684
-1315
-557
-941
-4215
-6738
-5405
-3161
-3222
-5157
-5554
-4991
-5598
-6549
-6038
-3662
-3039
-4030
-4381
-3471
-2645
-3087
-2367
-275
1104
381
-900
-767
661
1940
2397
2764
2352
1061
331
1220
2680
2731
1882
996
411
82
-41
194
294
-49
-915
-1466
-1727
-2392
-2876
-2973
-2961
-3707
-4661
-4665
-4596
-4626
-5422
-5772
-5106
-4798
-5190
-5813
-5099
-4133
-3707
-3848
-3393
-2604
-2445
-2007
-1218
-45
372
546
1144
1876
2588
2687
3120
4106
4520
4550
4591
4695
4763
4769
4795
4648
4436
4007
3382
3087
2881
2403
1991
1809
1532
1251
548
78
367
770
805
434
471
554
841
1126
1496
1915
2077
2117
2188
2786
3098
3499
3719
4037
4439
4510
4618
4542
4618
2779
1211
1946
4633
6248
3022
-679
-1442
289
553
-1079
-1059
-455
-1763
-5327
-6615
-4332
-2530
-3736
-5998
-5893
-5384
-6019
-6641
-5305
-3159
-3626
-5024
-5134
-3747
-2862
-2928
-1991
-319
421
-930
-1979
-798
1305
2174
2056
1834
966
434
611
1659
2816
2601
1556
410
57
116
397
940
805
85
-857
-1283
-1516
-1659
-1506
-1453
-2050
-3595
-4322
-4429
-3915
-3267
-3802
-4089
-4765
-5399
-5492
-4871
-3650
-3127
-2958
-3324
-3503
-3268
-2184
-903
194
858
459
531
1006
2295
3451
3947
4469
4458
4299
4399
5013
5738
6246
5830
5047
4757
4306
4235
4407
4579
3899
2733
2278
1860
1761
1727
1546
1420
1330
896
264
288
1028
1698
1796
1568
1486
1499
1706
2135
2548
2993
3012
2987
3253
3685
3907
3893
4163
3156
873
-158
1747
5100
5099
1076
-2329
-1862
-102
-425
-1424
-883
-423
-3031
-6496
-6497
-3518
-1978
-3956
-6025
-5887
-5569
-6232
-6278
-4400
-2836
-3495
-4963
-5073
-3790
-2919
-2557
-1413
173
159
-1462
-2259
-830
1467
2561
2141
1114
357
140
708
2050
2744
2222
1173
310
-16
74
664
1170
1067
208
-675
-964
-1143
-1123
-899
-602
-1191
-2229
-3530
-4415
-3561
-2618
-1900
-2831
-4597
-5277
-5027
-4026
-3448
-2634
-2351
-2998
-3984
-3871
-2178
-526
289
-9
-44
-2
441
1515
2592
3770
3923
3465
3179
3567
4423
5077
5526
5382
4976
4184
3455
3506
4322
4707
3874
2869
1948
1574
1600
1708
1919
1883
1416
443
-252
240
1314
1981
1710
1149
1008
996
1264
1988
2413
2575
2646
2437
2573
2758
3119
3663
3853
2311
-448
-1071
1456
4591
3781
-224
-2751
-2172
-1083
-1832
-1798
-635
-914
-4090
-7175
-6098
-3218
-2453
-4376
-5570
-5368
-5708
-6293
-5746
-3646
-2603
-3466
-4550
-4299
-3250
-2966
-2417
-888
603
229
-1641
-2330
-747
1715
2518
1794
803
60
-13
684
2054
2603
1826
693
-100
-32
414
928
1043
546
-140
-550
-578
-784
-919
-633
-327
-1110
-2776
-3614
-3093
-1883
-1370
-2287
-3507
-4027
-4078
-3621
-2761
-2103
-1898
-2474
-3315
-3309
-1988
-497
-7
96
-21
-80
317
1144
2467
3436
3462
3218
3371
3740
4229
4767
5446
5736
5172
4372
3798
4023
4555
4772
4438
3495
2505
2022
2234
2458
2598
2211
1622
1261
954
1168
1368
1696
1822
1697
1862
1504
1459
2040
2248
2641
2876
2898
2922
2630
2977
3302
3688
2857
241
-705
747
3875
4155
506
-2452
-2610
-1082
-1287
-1777
-1165
-978
-3166
-6496
-6408
-3732
-2057
-3760
-5778
-5734
-5406
-5272
-5470
-4260
-2905
-3182
-4106
-4408
-3392
-2584
-2277
-1421
9
310
-1056
-2313
-1522
1049
2361
1876
481
-572
-396
213
1548
2162
1355
163
-926
-932
-123
682
534
-256
-1136
-1412
-1111
-1272
-1254
-1337
-1135
-2327
-3940
-3534
-2882
-1712
-2338
-3639
-3473
-3543
-3728
-3986
-2758
-1469
-1510
-2464
-3232
-2316
-954
-91
28
603
783
571
785
1466
3446
3970
3250
3147
3754
4530
4410
4544
5166
5532
4891
3948
3820
4270
4361
3793
3571
3154
2623
2044
1799
2365
2427
1963
1173
1084
1686
1842
1573
1292
1615
1985
1904
1746
2164
2577
2297
2103
2837
3690
3284
2515
2526
3018
2017
64
-289
1619
3682
2112
-1264
-2811
-1878
-1116
-2221
-2376
-1311
-1534
-4697
-7340
-5659
-2485
-2236
-5008
-6339
-5344
-4678
-5279
-5094
-3055
-2326
-3659
-4683
-3480
-1639
-1583
-1999
-1234
499
849
-589
-1355
-81
1910
2398
1546
484
304
521
775
1491
1920
1447
-364
-1643
-1088
258
725
-387
-1453
-1742
-1648
-1803
-1852
-1769
-1735
-2487
-4068
-4332
-3574
-2435
-2585
-3849
-4164
-4047
-3943
-4246
-3647
-2418
-1968
-2447
-3220
-2930
-1840
-656
-105
257
290
244
706
1298
2547
3389
3452
3296
3464
3939
4135
4621
5198
5514
5112
4425
4125
4157
4384
4350
4323
3719
2666
2007
2121
2749
2852
2496
1733
1446
1624
1657
2010
2262
2234
1864
1702
2090
2641
2842
2512
2489
3326
3983
3615
3137
3193
3836
2845
456
-124
1823
4600
3666
-282
-2643
-1732
-172
-1095
-1739
-758
-645
-3662
-6968
-5828
-2061
-1006
-3991
-6042
-5266
-4273
-4683
-4930
-3124
-1747
-2615
-4270
-3870
-1859
-1109
-1404
-901
615
1079
-154
-1178
-157
1972
2954
2275
764
129
537
1090
1780
2137
1704
185
-1469
-1486
-138
762
-51
-1404
-2088
-1959
-2005
-2304
-2233
-2232
-2086
-3834
-5123
-4506
-3671
-2345
-3536
-4717
-4581
-4656
-4601
-4506
-3000
-2166
-2563
-3595
-4058
-2938
-1313
-354
-456
-327
-797
-243
774
1242
2465
2656
2591
2504
2747
3436
3670
4064
4413
4509
4067
3619
3287
3550
3875
3833
3791
2594
1870
1685
2090
2953
2802
2326
1302
1247
1863
2431
2752
2199
1963
1894
2374
2556
2863
3069
2470
2683
3250
3920
3657
2865
2842
2923
1715
-349
-290
2514
4462
1568
-2704
-3550
-1594
-641
-2101
-1886
-527
-1974
-6158
-7957
-4243
-409
-1329
-4760
-5890
-4721
-3949
-4019
-2974
-825
-865
-2706
-3607
-2006
223
317
3
749
1930
1724
-10
-311
1614
3612
3597
1966
576
428
806
1386
2246
2304
1074
-1320
-2599
-1398
287
548
-1063
-2657
-2852
-2751
-2806
-2717
-2400
-2061
-3735
-5568
-5158
-3914
-2563
-3345
-4589
-4295
-4185
-4449
-4561
-3299
-1899
-1829
-2714
-3313
-2701
-1436
-557
-165
456
247
180
536
879
2112
2709
2638
2604
2738
2982
2944
3231
3931
4343
4041
3412
2941
3084
3312
3406
3535
2936
2257
1764
1710
2297
2680
2755
2118
1481
1581
2276
2906
2534
1925
1880
2424
2937
2912
2497
2176
2353
2952
3348
3263
3111
2835
2358
841
-772
-343
1912
3428
1291
-2231
-3458
-2517
-1778
-2250
-1866
-848
-2034
-5696
-7557
-4857
-1362
-1307
-3748
-4967
-4463
-4039
-3832
-2610
-417
-66
-1841
-2675
-1353
558
969
723
1508
2688
2628
1180
650
2120
3834
3995
2977
1873
1360
1290
1419
2318
2964
2154
-113
-1922
-1429
201
839
-341
-1891
-2513
-2407
-2536
-2526
-2247
-2049
-2822
-4778
-5002
-4044
-2924
-2924
-4146
-4109
-4038
-4154
-4430
-3848
-2290
-1652
-1984
-2889
-2922
-2014
-848
-139
298
394
34
198
438
1391
2306
2421
2396
2182
2265
2378
2812
3453
3613
3363
2950
2614
2442
2612
2873
3163
2758
1768
1253
1243
1883
2374
2480
2065
1198
1024
1505
2366
2608
2217
1936
1730
1791
2004
2304
2329
2126
1975
2183
2510
2487
2193
1902
1499
-251
-1838
-1396
949
2473
53
-3328
-4476
-3585
-3290
-3916
-2738
-1290
-2734
-6965
-8820
-5781
-2155
-1904
-4068
-5051
-4899
-4821
-4482
-2576
70
134
-1802
-2822
-1245
990
1367
1208
2018
3365
3102
1493
1230
2903
4553
4333
3394
2782
2425
1806
1451
2558
3543
2948
626
-1180
-937
53
603
-69
-757
-1413
-2196
-2912
-3020
-2258
-2448
-3150
-3898
-3642
-3274
-4099
-4482
-4374
-3358
-3037
-3329
-3208
-3427
-3300
-2812
-1367
-250
-482
-1308
-1515
-406
736
1721
2175
2349
1878
1137
1618
2845
4187
4093
3192
2869
3090
3418
3280
3525
3879
3735
2849
2098
2254
2486
2409
1990
2092
2043
1392
1041
1200
1841
1930
1740
1816
1976
1867
1404
1712
2379
2594
2414
2119
2105
1985
1776
2037
2729
3245
2766
1935
1388
-294
-2239
-2383
241
3097
1435
-2951
-5588
-5061
-4108
-4370
-3127
-1182
-2184
-6924
-10242
-7896
-3367
-1972
-3854
-5130
-5246
-5555
-5907
-4232
-722
568
-1162
-3111
-2236
174
980
864
1741
3507
3635
1887
1059
2493
4148
4139
3582
3509
3392
2227
1192
1803
3066
3190
1646
16
-630
-488
-370
-383
-261
-579
-1502
-3099
-3678
-3018
-2595
-2664
-3312
-3185
-3267
-4247
-4631
-4208
-3048
-2553
-2616
-2417
-2559
-2961
-2723
-1283
314
760
106
-229
13
701
1884
2943
3748
3357
2281
2089
2945
4318
4756
4096
3563
3613
3783
3602
3393
3665
3754
3019
2397
2366
2625
2293
1509
1550
1884
1864
1411
1163
1389
1594
1803
1954
2048
1684
1410
1668
2085
2349
2297
2145
1769
1289
1163
1942
2469
2402
1747
1018
385
-1971
-3533
-2973
-184
1733
-930
-4461
-6612
-6576
-6318
-5842
-3315
-1984
-4300
-9171
-10841
-7886
-4392
-3727
-4906
-5086
-5615
-6287
-6206
-3875
-838
-583
-1634
-2218
-980
297
341
835
2191
3639
3491
2508
2257
3061
3437
3191
3454
3807
3818
2473
1556
1768
2062
1978
958
436
167
-236
-860
-1205
-916
-785
-1506
-2938
-3177
-2831
-2461
-2811
-3171
-2660
-3084
-3706
-4002
-3137
-2016
-1987
-2109
-1942
-1634
-1716
-1288
-178
1021
1233
840
936
1249
2047
2585
3307
3931
3610
3132
2971
3642
4465
4555
4078
3822
3921
3926
3644
3494
3708
3378
2770
2438
2661
2937
2345
1774
1747
2005
2186
2147
2221
2316
2262
2367
2534
2620
2503
2429
2753
2926
2986
2655
2201
1880
1724
2430
2937
2953
2045
948
-20
-1917
-3151
-2841
-564
803
-1110
-4386
-6735
-7068
-7162
-6507
-4412
-2784
-4236
-8460
-10822
-9380
-6186
-4636
-4672
-4777
-5225
-6152
-6607
-4752
-1941
-598
-965
-1283
-351
466
449
471
1657
3313
3991
3667
3167
3115
2858
2397
2434
3151
3870
3255
1896
836
576
630
136
-203
-251
-274
-1042
-2165
-2437
-2044
-1802
-2631
-3201
-2917
-2573
-2766
-3317
-2914
-2367
-2484
-2954
-2750
-1605
-930
-1008
-1192
-843
-339
53
686
1505
2015
1735
1451
1724
2469
3072
3260
3425
3322
3006
2701
2957
3585
3837
3529
2992
2975
3043
2952
2749
2728
2841
2534
2212
2118
2529
2663
2317
2026
2067
2576
2873
3166
3279
3412
3503
3443
3629
3624
3707
3633
3594
3582
3404
3077
2406
2114
2137
2404
2382
1795
1235
-254
-2818
-5034
-5010
-2285
-279
-1446
-4708
-7713
-9051
-9700
-9165
-6601
-3944
-4091
-7871
-11376
-11130
-8330
-6098
-5529
-5209
-4551
-4609
-5520
-5355
-3648
-1826
-1031
-662
662
1916
1815
728
272
1429
3069
4124
4389
4003
3003
1591
508
741
1998
2883
2536
1018
-428
-1285
-1764
-1981
-1956
-1515
-1242
-1699
-2609
-3234
-3362
-3358
-3700
-3612
-2640
-1558
-1179
-2092
-2824
-2726
-2115
-1310
-559
587
1254
909
-31
-235
920
2408
3206
3127
2910
2754
2727
2659
2860
3515
4013
4087
3474
2870
2745
2926
3119
3035
3012
3088
3091
2776
2370
2213
2304
2448
2492
2731
3049
3236
2861
2383
2367
2875
3869
4471
4869
4645
4254
4186
4283
4902
4987
5082
4903
4543
4226
3560
3213
2839
2906
2871
2798
2261
1524
583
-1778
-4025
-5492
-3919
-1185
-688
-2714
-6520
-8535
-9396
-9332
-8071
-5986
-4019
-5062
-8144
-10433
-9713
-7367
-5799
-5437
-5023
-3823
-3270
-3363
-3943
-3806
-2757
-1421
412
1747
2394
1938
943
299
335
1344
2804
3979
3809
2400
560
-482
-523
-146
416
629
607
-273
-1792
-3100
-3755
-3395
-2884
-2395
-2197
-2173
-2471
-3199
-4089
-4717
-4099
-2823
-1103
-581
-1028
-1799
-2562
-2250
-1837
-472
662
1414
1516
900
874
853
1486
1879
2353
2682
2905
3232
3003
2870
2275
2245
2519
3005
3508
3310
3196
2688
2432
2212
2253
2782
3210
3444
3033
2700
2466
2667
2899
3128
3399
3493
3851
3869
4093
3989
4014
4284
4708
5367
5404
5279
4666
4420
4179
4046
3985
4005
4106
3450
2639
1794
1843
1936
1759
1168
503
-516
-2333
-4250
-4986
-3650
-1953
-1245
-2946
-5356
-7576
-8470
-7937
-6646
-4860
-4394
-4903
-6439
-7258
-7222
-6691
-5963
-5546
-4696
-3944
-2936
-2308
-2294
-2847
-3673
-3455
-2142
-38
1553
1945
1310
192
-637
-840
-204
860
1775
1942
1287
153
-740
-1066
-862
-674
-847
-1153
-1226
-1000
-1103
-1710
-2631
-3174
-2974
-2322
-1568
-1168
-1418
-2277
-3233
-3419
-2763
-1596
-1015
-1174
-1628
-1970
-1705
-1327
-788
-517
-191
112
473
1091
1391
1525
1259
1096
1303
2036
2909
3357
3349
2644
2073
1997
2409
3180
3674
3728
3392
3143
3014
3033
3291
3264
3188
3099
2966
3196
3465
3427
3057
2767
2666
2856
3251
3315
3485
3604
3370
2995
2735
2826
3178
3406
2974
2265
2026
1926
1992
1932
1500
1328
1041
925
818
1125
1213
863
368
-213
-66
-141
-546
-1689
-2248
-2021
-984
30
-156
-1259
-3294
-4675
-4975
-3713
-2169
-1467
-1992
-3398
-4486
-5043
-4875
-4382
-3875
-3455
-3461
-3522
-3508
-3276
-2966
-3033
-3047
-3054
-2423
-1576
-780
-215
-129
-246
-715
-992
-851
-134
788
1125
885
269
-142
-97
94
376
348
174
-198
-454
-301
76
404
168
-477
-1338
-1965
-2112
-1844
-1195
-671
-641
-1131
-1932
-2537
-2760
-2424
-1922
-1327
-939
-1012
-1119
-1276
-1183
-926
-534
-231
102
508
790
1276
1630
1812
1911
1884
1868
2068
2523
3047
3637
4013
3853
3532
3149
2866
3013
3076
3141
3141
3115
2957
2618
2247
1762
1650
1519
1483
1462
1333
1218
1046
1012
953
903
659
413
283
371
672
977
1146
1093
908
642
669
822
1130
1368
1352
1192
1071
1152
1362
1737
1849
1787
1463
1058
600
249
-108
-515
-613
-736
-533
-562
-918
-1819
-3040
-3959
-4416
-3931
-3410
-3069
-3245
-3878
-4321
-4588
-4402
-4231
-4000
-3783
-3531
-2797
-2089
-1301
-906
-866
-916
-964
-600
-147
659
1387
1942
2259
2011
1618
1046
714
612
743
1010
997
978
551
115
-408
-1012
-1469
-1974
-2048
-2193
-2055
-2279
-2721
-3124
-3579
-3468
-3443
-3184
-3379
-3502
-3539
-3437
-2839
-2531
-2088
-2016
-1783
-1525
-1127
-484
-122
461
744
1186
1678
2146
2581
2668
2911
3037
3584
4198
4540
4665
4244
3740
3193
2964
2970
3164
3512
3449
3114
2488
1707
1284
1048
1057
1029
1040
1076
976
1059
781
652
504
472
688
1015
1605
1864
2174
2019
1841
1816
1816
2099
2210
2500
2398
2549
2516
2321
2356
2033
2215
2026
2072
1355
255
-953
-2301
-2113
-1779
-539
-321
-1004
-2607
-4748
-5572
-6075
-4941
-4275
-3764
-3727
-4216
-3924
-3958
-3270
-3306
-3306
-3222
-3059
-1802
-729
826
1657
2042
2043
1496
1479
1384
2160
2983
3718
4102
3573
3003
2084
1690
1346
927
348
-559
-994
-1121
-816
-762
-1435
-2679
-4096
-4865
-4759
-4195
-3645
-3842
-4348
-4868
-4895
-4244
-3712
-3202
-3393
-3454
-3378
-2843
-1872
-1177
-397
-288
-39
23
284
761
1169
1884
2236
2708
2748
2730
2694
2626
2782
2701
2655
2333
2116
2047
2069
2198
2005
1683
1159
770
630
667
916
1043
1187
1192
1191
1245
1273
1415
1456
1588
1749
2133
2832
3566
4215
4290
3883
3262
2837
3030
3537
4109
4142
3614
2938
2351
2386
2500
2575
2244
1475
739
-294
-1202
-2536
-3717
-4382
-4360
-3345
-2683
-2456
-3553
-5132
-6388
-6935
-6198
-5426
-4443
-4032
-3597
-2882
-2188
-1358
-1325
-1393
-1588
-1185
-36
1353
2899
3816
4364
4431
4234
3988
3600
3424
3363
3458
3558
3355
2988
2337
1612
733
-419
-1671
-2907
-3605
-3717
-3383
-3161
-3463
-4342
-5315
-5975
-5971
-5629
-5309
-5167
-5354
-5098
-4717
-3639
-2736
-2003
-1637
-1797
-1551
-1557
-731
-154
692
1206
1292
1497
1207
1567
1459
1662
1359
900
582
248
649
765
1042
593
10
-573
-888
-635
-407
-73
-175
-260
-307
-76
362
742
1033
1144
1234
1486
1880
2470
3016
3434
3774
3934
4343
4620
5203
5524
5749
5767
5450
5438
5111
5261
4913
4626
4021
3266
2923
2360
2489
2140
2042
1421
491
-639
-2394
-3814
-5349
-5794
-5684
-4950
-4220
-4121
-4402
-5273
-5849
-6195
-5960
-5441
-4819
-4080
-3219
-2038
-721
530
1381
1824
1894
1942
2172
2774
3658
4567
5340
5763
5921
5721
5339
4813
4166
3366
2327
1297
379
-185
-579
-1010
-1758
-2973
-4283
-5396
-5844
-5909
-5849
-6114
-6608
-7020
-7029
-6377
-5506
-4607
-4320
-4245
-4268
-3824
-2852
-1765
-570
-7
543
698
1114
1618
2070
2562
2451
2402
1967
1879
1872
1946
2036
1605
1065
122
-550
-1030
-1239
-1316
-1573
-1809
-2139
-2246
-2131
-1819
-1432
-1208
-1021
-799
-442
139
777
1513
2126
2621
3078
3487
4094
4665
5287
5750
6011
6205
6315
6647
7018
7341
7447
7138
6639
5988
5401
4886
4281
3601
2788
1981
1395
913
720
461
52
-639
-1930
-3503
-5524
-7166
-7985
-7844
-6752
-5932
-5320
-5538
-5939
-6144
-6184
-5550
-5148
-4584
-4248
-3614
-2270
-721
1167
2375
3232
3510
3514
3721
3952
4580
5001
5340
5546
5589
5673
5430
5060
4371
3349
2115
685
-499
-1473
-2213
-2864
-3679
-4559
-5513
-6176
-6405
-6357
-6231
-6398
-6765
-7070
-7080
-6457
-5483
-4351
-3455
-2987
-2545
-2163
-1361
-526
235
828
1001
1312
1423
1857
2202
2382
2400
1893
1532
933
665
410
122
-134
-758
-1193
-1760
-2009
-2185
-2381
-2522
-2832
-2915
-2893
-2527
-1974
-1378
-819
-314
267
949
1692
2410
3066
3541
3957
4307
4813
5389
5980
6455
6708
6827
6807
6864
6891
6977
6818
6529
6031
5451
4942
4344
3872
3189
2434
1544
635
20
-440
-585
-637
-802
-985
-1694
-2771
-4335
-6089
-6996
-7311
-6364
-5439
-4663
-4217
-4408
-4114
-4194
-3652
-3276
-3007
-2554
-2442
-1481
-578
779
1978
2746
3449
3521
3745
3777
3851
3905
3652
3555
3414
3345
3263
2905
2542
1909
1023
63
-1127
-2028
-3005
-3826
-4580
-5395
-5852
-6221
-6024
-5646
-5201
-4925
-4922
-4970
-4921
-4594
-3945
-3064
-2362
-1676
-1392
-739
-94
734
1529
1764
2095
1734
1710
1420
1262
1167
675
456
-159
-375
-677
-854
-942
-1294
-1606
-2104
-2445
-2658
-2805
-2819
-2736
-2522
-2074
-1627
-934
-225
524
1256
1759
2402
2909
3642
4415
5163
5873
6192
6536
6766
7136
7481
7465
7398
7023
6935
6837
6820
6838
6491
6235
5469
4837
4008
3352
2796
2090
1426
410
-347
-1052
-1151
-1164
-978
-1117
-1481
-2262
-3655
-5156
-6855
-7339
-7416
-6543
-5947
-5466
-4844
-4625
-3841
-3771
-3176
-2949
-2700
-2412
-2394
-1575
-802
591
1679
2635
3313
3601
3872
3833
3789
3434
3139
2790
2592
2174
1646
1063
503
89
-742
-1578
-2734
-3597
-4404
-5261
-6077
-7037
-7452
-7511
-7001
-6306
-5648
-5026
-4478
-4031
-3577
-3234
-2684
-1974
-1351
-568
-265
402
800
1464
2173
2507
2980
2628
2541
1957
1422
771
-155
-669
-1302
-1449
-1672
-1798
-1942
-2237
-2521
-2776
-2967
-3069
-3202
-3230
-2963
-2646
-1997
-1454
-517
530
1584
2619
3209
3941
4401
5045
5675
6240
6802
7045
7367
7573
7816
7842
7724
7602
7527
7436
7049
6655
6110
5795
5303
4728
4168
3456
3037
2208
1560
640
-176
-649
-1138
-1032
-1295
-1306
-1513
-1897
-2562
-4095
-5569
-6698
-6792
-6315
-5880
-5631
-5376
-4929
-4276
-3640
-2965
-2196
-1755
-1559
-1806
-1718
-1155
-225
884
1564
2178
2505
2914
3389
3606
3637
3125
2584
2012
1333
659
-97
-493
-838
-1385
-2167
-3025
-3540
-3951
-4556
-5458
-6461
-7060
-7088
-6738
-6144
-5658
-5021
-4280
-3458
-2571
-1863
-946
-284
237
338
328
652
1139
1896
2284
2570
2616
2670
2679
2437
2021
1219
387
-535
-1254
-1848
-2242
-2469
-2625
-2692
-2795
-2747
-2681
-2501
-2420
-2354
-2237
-1990
-1476
-832
23
899
1848
2788
3689
4565
5341
6059
6640
7057
7301
7382
7437
7428
7365
7230
7055
7011
6946
6943
6767
6546
6194
5720
5177
4408
3720
2909
2364
1747
1205
598
5
-194
-387
-257
-498
-592
-955
-1710
-2955
-4798
-5937
-6577
-6295
-6162
-6113
-5851
-5418
-4549
-4052
-3350
-2743
-2140
-2009
-2289
-2236
-1681
-685
-78
253
431
986
1668
2320
2750
2736
2550
1998
1538
855
128
-606
-1367
-2029
-3031
-3897
-4489
-4603
-4617
-5105
-5853
-6676
-7067
-7084
-6953
-6674
-6362
-5761
-4947
-3968
-2823
-1662
-438
435
870
948
962
1261
1608
1959
2124
2257
2474
2670
2819
2688
2325
1680
812
-119
-1037
-1760
-2316
-2734
-3030
-3211
-3132
-2882
-2538
-2210
-1944
-1628
-1325
-975
-616
-154
422
1041
1770
2567
3552
4545
5489
6258
6852
7294
7497
7564
7385
7139
6740
6340
5965
5641
5507
5469
5613
5657
5620
5401
5027
4457
3615
2669
1792
1169
648
206
-175
-227
-69
177
319
329
209
-444
-1686
-3409
-4749
-5365
-5459
-5504
-5604
-5293
-4621
-3850
-3333
-2764
-1981
-1324
-1302
-1725
-1733
-1090
-357
-251
-477
-416
190
936
1477
1867
2055
2017
1584
1016
494
17
-543
-1416
-2487
-3634
-4428
-4758
-4845
-5001
-5427
-5795
-6084
-6190
-6207
-6050
-5674
-5383
-5051
-4698
-3847
-2691
-1448
-366
287
830
1064
1451
1722
2016
2278
2377
2564
2517
2648
2642
2673
2419
1855
1255
599
134
-591
-1259
-1926
-2324
-2548
-2600
-2344
-2026
-1562
-1300
-903
-464
128
715
1170
1634
1982
2502
3053
3791
4471
5060
5649
6228
6844
7209
7436
7486
7375
6989
6383
5889
5586
5393
5094
4818
4727
4770
4753
4531
4231
3853
3301
2560
1735
996
330
-182
-491
-566
-517
-484
-575
-1100
-2193
-3641
-4715
-5188
-5457
-5933
-6386
-6282
-5793
-5259
-4747
-3777
-2495
-1636
-1502
-1493
-869
-63
237
-82
-268
18
444
785
1148
1718
2062
1924
1403
969
711
274
-566
-1815
-3067
-4176
-5007
-5706
-6327
-6805
-7183
-7403
-7607
-7569
-7280
-6839
-6524
-6381
-5976
-5221
-4160
-3189
-2230
-1305
-503
116
572
1247
1890
2392
2495
2484
2573
2700
2841
2764
2689
2383
1939
1332
727
191
-391
-939
-1633
-2198
-2602
-2632
-2493
-2314
-2046
-1667
-1073
-529
54
598
1241
1817
2256
2727
3346
4126
4729
5233
5715
6323
6813
7073
7174
7200
7138
6787
6308
5872
5691
5486
5188
4866
4719
4701
4552
4322
4001
3763
3357
2779
2040
1388
954
568
271
-34
-122
-267
-650
-1534
-2720
-3660
-4258
-4618
-5205
-5637
-5709
-5452
-5223
-4947
-4088
-2867
-1761
-1343
-1027
-372
444
813
601
566
814
1171
1229
1392
1850
2296
2384
2063
1915
1828
1598
787
-364
-1501
-2590
-3636
-4862
-5876
-6655
-7121
-7555
-7876
-7789
-7403
-6893
-6710
-6468
-5971
-5184
-4524
-4106
-3552
-2896
-2194
-1749
-1120
-204
805
1519
1889
2398
2936
3361
3362
3259
3149
2898
2423
1762
1249
748
224
-443
-1013
-1354
-1614
-1890
-2198
-2271
-2140
-1848
-1497
-1061
-508
51
611
1193
1908
2683
3364
3905
4386
4937
5540
6098
6566
6929
7229
7358
7292
7090
6880
6693
6366
5976
5596
5376
5197
4945
4674
4389
4150
3742
3249
2702
2196
1712
1147
658
192
-132
-514
-968
-1685
-2740
-3812
-4643
-5057
-5526
-6001
-6273
-6145
-5847
-5607
-5014
-4026
-2869
-2207
-1815
-1141
-107
771
996
1078
1322
1767
1939
1937
2115
2377
2427
2042
1748
1645
1576
1124
262
-694
-1636
-2530
-3693
-4943
-6117
-7098
-7985
-8770
-9131
-9065
-8688
-8364
-7964
-7276
-6279
-5305
-4641
-4076
-3542
-3074
-2826
-2523
-1923
-1154
-473
80
852
1808
2705
3302
3677
3904
3862
3527
2940
2290
1573
780
-73
-769
-1187
-1474
-1714
-1936
-2023
-2015
-1888
-1674
-1385
-1069
-803
-487
-61
581
1269
1918
2530
3191
3906
4560
5212
5842
6454
6897
7168
7335
7466
7577
7510
7307
7067
6923
6761
6511
6223
5935
5648
5239
4799
4359
3927
3397
2785
2191
1612
1016
360
-218
-834
-1680
-2837
-3992
-4761
-5222
-5685
-6206
-6410
-6263
-6045
-5865
-5358
-4350
-3277
-2605
-2145
-1306
-96
896
1379
1699
2189
2671
2858
2898
3090
3333
3234
2814
2470
2387
2258
1780
1019
205
-573
-1429
-2419
-3476
-4516
-5564
-6612
-7523
-8130
-8436
-8541
-8566
-8431
-8003
-7248
-6341
-5483
-4757
-4145
-3611
-3176
-2736
-2319
-1884
-1497
-1098
-624
-25
756
1600
2341
2818
3132
3378
3492
3234
2647
1928
1207
453
-346
-973
-1340
-1543
-1740
-1824
-1581
-1107
-681
-455
-282
-40
241
502
754
1078
1463
1926
2429
3049
3745
4491
5177
5720
6149
6456
6710
6845
6876
6801
6768
6769
6724
6582
6417
6300
6153
5895
5567
5282
4987
4573
4062
3582
3092
2478
1680
863
-18
-1105
-2454
-3704
-4583
-5200
-5838
-6451
-6698
-6599
-6381
-6148
-5570
-4662
-3796
-3263
-2726
-1798
-691
101
503
927
1544
2122
2466
2767
3144
3450
3454
3295
3241
3277
3086
2488
1662
838
74
-777
-1799
-2947
-4066
-5103
-6024
-6825
-7428
-7794
-8000
-8095
-8048
-7697
-7078
-6413
-5963
-5643
-5258
-4703
-4178
-3816
-3493
-3054
-2492
-1992
-1458
-750
121
841
1269
1609
2068
2434
2393
1975
1524
1159
677
10
-617
-989
-1256
-1564
-1768
-1623
-1264
-972
-860
-679
-334
46
259
377
576
874
1201
1540
1972
2548
3171
3713
4195
4681
5210
5627
5866
5984
6173
6388
6533
6533
6540
6590
6583
6423
6257
6235
6158
5853
5380
5038
4740
4244
3470
2689
1852
668
-966
-2493
-3540
-4360
-5396
-6455
-6947
-6908
-6760
-6641
-6070
-5045
-4070
-3544
-2980
-1913
-641
180
499
860
1514
2176
2598
2978
3472
3917
4087
4125
4270
4507
4519
4113
3364
2559
1828
1063
42
-1205
-2455
-3572
-4577
-5534
-6288
-6732
-6947
-7105
-7133
-6805
-6194
-5618
-5277
-4995
-4625
-4199
-3880
-3620
-3346
-3029
-2650
-2228
-1659
-1029
-353
221
739
1180
1591
1909
2032
1860
1442
1009
565
75
-529
-1034
-1396
-1639
-1829
-1832
-1568
-1201
-952
-786
-510
-129
128
194
245
430
675
847
1048
1428
1981
2484
2890
3296
3815
4282
4600
4830
5117
5409
5587
5648
5699
5815
5872
5813
5701
5681
5621
5469
5243
5097
4910
4575
4091
3513
2719
1488
-42
-1498
-2635
-3750
-5020
-6179
-6810
-7031
-7093
-6979
-6385
-5460
-4648
-4105
-3407
-2286
-1150
-491
-274
41
610
1201
1570
1913
2345
2788
3074
3300
3648
4050
4230
3964
3408
2848
2373
1723
715
-539
-1729
-2776
-3776
-4779
-5608
-6097
-6341
-6533
-6599
-6306
-5732
-5209
-4927
-4640
-4159
-3584
-3177
-2980
-2742
-2356
-1946
-1683
-1406
-961
-435
-20
279
660
1130
1504
1545
1335
1090
850
416
-261
-930
-1448
-1839
-2217
-2432
-2332
-1978
-1615
-1312
-870
-239
366
689
869
1115
1403
1535
1502
1543
1778
2107
2313
2477
2785
3234
3625
3901
4243
4658
5041
5181
5238
5337
5509
5582
5479
5375
5338
5377
5325
5306
5279
5209
4964
4547
3945
3046
1834
436
-882
-2147
-3467
-4772
-5769
-6354
-6674
-6809
-6566
-5906
-5070
-4377
-3666
-2707
-1613
-843
-527
-345
-21
374
564
653
820
1137
1405
1660
2038
2582
3045
3195
3085
2900
2722
2344
1611
548
-568
-1639
-2660
-3715
-4651
-5336
-5736
-5944
-6006
-5736
-5201
-4544
-4100
-3687
-3195
-2564
-2127
-1978
-1885
-1724
-1453
-1381
-1257
-1032
-585
-211
106
525
1054
1550
1646
1544
1343
1186
765
109
-586
-1158
-1577
-2021
-2278
-2301
-2023
-1755
-1510
-1122
-505
205
614
889
1156
1566
1837
1908
1930
2045
2269
2335
2388
2533
2922
3233
3406
3594
3975
4467
4751
4885
4908
5004
5018
4957
4812
4679
4558
4383
4223
4086
4019
3916
3711
3257
2549
1705
918
86
-935
-2189
-3312
-4128
-4700
-5157
-5389
-5179
-4720
-4181
-3673
-2842
-1798
-891
-500
-383
-155
123
202
-40
-245
-322
-321
-418
-402
-111
318
570
583
650
887
1027
770
139
-562
-1245
-2037
-2964
-3901
-4623
-5215
-5655
-5966
-5870
-5462
-4924
-4444
-3974
-3294
-2616
-1972
-1693
-1449
-1290
-1087
-1023
-1031
-887
-691
-360
-203
166
591
1146
1430
1515
1540
1491
1350
803
238
-396
-820
-1362
-1826
-2116
-2154
-1960
-1815
-1442
-948
-194
374
880
1312
1808
2268
2442
2497
2408
2503
2510
2549
2531
2681
2936
3149
3370
3611
4093
4457
4678
4596
4616
4754
4855
4712
4424
4352
4306
4226
3930
3817
3741
3460
2744
1900
1324
800
56
-1070
-1957
-2518
-2852
-3235
-3423
-3174
-2723
-2282
-1953
-1283
-429
332
591
589
671
810
814
459
114
-144
-215
-375
-502
-439
-215
-13
-119
-216
-238
-150
-443
-1064
-1774
-2349
-2893
-3685
-4445
-5069
-5327
-5566
-5657
-5565
-5149
-4599
-4114
-3578
-3060
-2400
-1966
-1619
-1505
-1322
-1134
-998
-984
-1109
-990
-798
-461
-336
-98
203
567
764
784
886
882
717
130
-392
-798
-1106
-1612
-2189
-2471
-2481
-2261
-2061
-1624
-976
-238
398
983
1725
2414
2889
2994
3032
3134
3187
3145
2932
2898
2864
2905
2901
3072
3424
3632
3743
3640
3868
4029
4199
4071
3987
4036
3963
3859
3493
3440
3057
2514
1505
772
308
-260
-984
-1905
-2165
-2365
-2282
-2364
-1944
-1309
-742
-252
224
1221
1936
2473
2429
2535
2646
2693
2504
2004
1679
1257
1029
570
337
211
152
-56
-484
-615
-730
-873
-1544
-2248
-2866
-3473
-4252
-5222
-5864
-6423
-6762
-7085
-6965
-6539
-5959
-5246
-4457
-3409
-2572
-1768
-1207
-645
-357
-267
-259
-412
-580
-938
-1035
-1106
-1016
-1028
-932
-664
-367
-43
63
167
33
-151
-533
-934
-1396
-1939
-2459
-2966
-3192
-3219
-2940
-2578
-2074
-1424
-598
337
1178
1948
2560
3059
3368
3570
3728
3782
3714
3524
3334
3196
3124
3168
3190
3215
3136
3216
3436
3687
3862
3922
4133
4209
4207
3925
3729
3362
2615
1472
269
-481
-1286
-2139
-3178
-3630
-3714
-3598
-3381
-2834
-1769
-868
3
792
2047
3160
3909
4209
4382
4669
4721
4667
4248
3897
3429
3061
2643
2243
2010
1769
1513
1010
726
556
345
-302
-1167
-1896
-2599
-3499
-4658
-5618
-6364
-6995
-7557
-7730
-7454
-6939
-6382
-5595
-4516
-3303
-2282
-1495
-803
-201
290
445
459
286
183
-51
-254
-401
-440
-410
-559
-572
-559
-309
-363
-534
-813
-984
-1148
-1523
-1868
-2311
-2576
-2976
-3127
-3142
-2896
-2597
-2280
-1752
-1090
-181
595
1359
1929
2539
3063
3510
3795
3928
3961
3815
3616
3386
3307
3139
2934
2634
2598
2694
2892
3014
3182
3420
3552
3640
3504
3382
2804
1994
779
-301
-1368
-2471
-3577
-4676
-5237
-5665
-5555
-5333
-4523
-3578
-2459
-1230
112
1725
2962
4078
4670
5326
5655
5867
5765
5423
5052
4497
4158
3681
3436
3103
2902
2621
2351
2195
1982
1683
977
224
-630
-1475
-2559
-3748
-4870
-5873
-6691
-7340
-7595
-7556
-7248
-6748
-5963
-4922
-3744
-2602
-1586
-730
-6
556
927
1051
932
708
392
79
-272
-513
-747
-938
-1120
-1182
-1114
-1103
-1122
-1244
-1299
-1481
-1695
-2026
-2364
-2749
-3144
-3402
-3551
-3482
-3346
-2978
-2493
-1778
-956
-50
830
1619
2372
3047
3664
4065
4328
4411
4423
4302
4139
3914
3675
3356
3062
2842
2746
2749
2721
2768
2784
2929
2933
2916
2614
2118
1276
259
-722
-1802
-2860
-4160
-5111
-5899
-6213
-6354
-6035
-5296
-4370
-3175
-1911
-153
1444
2973
4033
5016
5768
6237
6494
6339
6108
5508
5062
4511
4120
3695
3346
3108
2776
2635
2465
2415
1990
1397
686
-27
-851
-1957
-3009
-4090
-4983
-5846
-6384
-6601
-6572
-6303
-5857
-4997
-4001
-2830
-1760
-717
194
958
1616
1934
2089
1907
1694
1256
771
246
-274
-749
-1331
-1684
-1993
-2079
-2289
-2425
-2511
-2530
-2547
-2735
-2845
-3106
-3275
-3559
-3679
-3744
-3721
-3571
-3341
-2834
-2257
-1426
-641
193
976
1791
2630
3292
3872
4225
4560
4711
4783
4798
4694
4510
4108
3806
3511
3323
3092
2841
2719
2594
2673
2604
2601
2341
1943
1277
397
-387
-1333
-2269
-3654
-4756
-5657
-6135
-6534
-6704
-6265
-5614
-4613
-3662
-2019
-351
1223
2317
3346
4460
5186
5691
5668
5721
5332
4999
4572
4261
3915
3461
3225
2880
2754
2540
2572
2261
1684
994
452
-81
-1090
-2170
-3238
-4039
-4976
-5770
-6247
-6414
-6495
-6462
-5918
-5039
-4007
-3080
-2040
-922
155
1071
1794
2310
2549
2608
2528
2318
1941
1463
952
443
-42
-403
-670
-942
-1254
-1472
-1584
-1719
-1973
-2277
-2528
-2790
-3050
-3308
-3467
-3562
-3559
-3448
-3168
-2728
-2186
-1566
-930
-171
649
1514
2202
2795
3312
3832
4247
4505
4666
4633
4524
4314
4272
4156
3983
3702
3543
3437
3275
3221
3120
2872
2044
1234
609
145
-832
-2183
-3249
-4004
-4589
-5331
-5491
-5336
-5056
-4926
-4234
-2833
-1427
-429
211
1253
2274
3195
3686
4044
4131
4025
4007
3994
3957
3546
3180
2725
2370
2035
1921
1701
1048
335
-47
-46
-472
-1268
-2087
-2543
-3041
-3693
-4246
-4644
-5071
-5649
-5838
-5571
-5091
-4837
-4553
-3954
-3010
-1944
-979
-155
461
1092
1760
2415
2766
2837
2750
2567
2334
2114
1958
1633
1069
503
315
370
313
44
-161
-150
-63
-27
-12
15
-84
-283
-486
-522
-545
-654
-878
-1014
-907
-638
-341
-209
24
357
728
802
715
681
600
267
-396
-862
-1225
-1595
-2151
-2392
-2213
-1948
-1706
-1328
-416
532
1363
1971
2724
3409
3850
4117
4179
4119
3708
3355
2958
2583
2070
1612
1283
934
731
619
663
424
127
-74
-109
-313
-814
-1270
-1673
-1986
-2408
-2649
-2790
-2854
-2852
-2606
-2075
-1504
-869
-224
545
1268
2015
2682
3168
3373
3466
3566
3529
3217
2659
2130
1573
1002
309
-261
-852
-1390
-1911
-2213
-2326
-2459
-2532
-2668
-2494
-2353
-2024
-1942
-1873
-1857
-1756
-1558
-1684
-1718
-1955
-1857
-2022
-1976
-1895
-1675
-1472
-1459
-1048
-689
-111
-115
30
95
273
220
-148
-381
-808
-1004
-1503
-1660
-1874
-1891
-1953
-1929
-1585
-1246
-748
-584
-209
114
571
794
824
884
902
998
862
877
871
967
991
1089
1390
1702
1994
2120
2400
2690
2951
3029
3001
2986
2897
2809
2594
2404
2173
1959
1744
1543
1429
1281
1148
927
789
694
585
386
134
-22
-177
-315
-494
-587
-653
-699
-689
-613
-458
-352
-192
-6
227
445
635
820
922
1014
1057
1087
1006
844
666
458
225
-75
-334
-624
-909
-1172
-1352
-1500
-1688
-1804
-1863
-1857
-1895
-1873
-1802
-1737
-1703
-1622
-1452
-1334
-1252
-1170
-989
-814
-643
-461
-250
-39
167
440
688
882
1010
1124
1134
1028
868
609
141
-509
-1104
-1643
-2301
-3085
-3725
-4121
-4431
-4650
-4605
-4282
-3901
-3462
-2738
-1785
-931
-273
412
1150
1733
2097
2354
2506
2442
2294
2238
2212
2025
1766
1663
1691
1704
1684
1726
1719
1591
1443
1372
1227
868
425
68
-228
-529
-763
-899
-946
-929
-705
-300
167
594
1056
1583
2055
2463
2791
3063
3117
3045
2914
2829
2655
2331
1989
1679
1486
1235
1072
895
791
597
406
313
258
169
-189
-468
-728
-848
-1124
-1414
-1658
-1870
-2002
-2124
-2015
-1988
-1928
-1959
-1797
-1558
-1337
-1196
-1205
-1146
-1125
-982
-970
-1015
-1167
-1254
-1272
-1266
-1206
-1228
-1225
-1283
-1174
-985
-811
-773
-805
-739
-644
-530
-527
-574
-693
-787
-822
-833
-867
-987
-1082
-1122
-1063
-957
-849
-767
-677
-486
-214
74
306
509
720
949
1181
1365
1494
1554
1575
1581
1573
1535
1452
1339
1215
1124
1069
1017
932
858
836
838
841
821
811
799
773
755
753
745
718
714
755
816
884
972
1060
1162
1290
1434
1560
1629
1686
1751
1806
1803
1765
1730
1679
1608
1551
1523
1465
1361
1262
1194
1115
973
795
597
364
92
-176
-458
-780
-1093
-1337
-1522
-1683
-1802
-1839
-1815
-1762
-1663
-1523
-1385
-1307
-1256
-1204
-1204
-1290
-1438
-1597
-1767
-1953
-2124
-2265
-2375
-2432
-2403
-2296
-2146
-1963
-1744
-1499
-1260
-1027
-810
-655
-572
-533
-516
-529
-605
-726
-857
-985
-1108
-1214
-1304
-1391
-1475
-1533
-1558
-1556
-1544
-1535
-1516
-1475
-1392
-1271
-1129
-975
-800
-580
-324
-40
255
542
837
1122
1393
1647
1864
2042
2174
2268
2338
2370
2355
2313
2282
2248
2176
2070
1993
1969
1988
2013
2025
2039
2090
2232
2445
2633
2717
2772
2899
3084
3227
3229
3057
2778
2526
2376
2188
1775
1190
662
346
156
-46
-331
-645
-852
-802
-536
-316
-325
-451
-416
-201
11
37
-162
-477
-721
-774
-778
-972
-1385
-1771
-1934
-1918
-1894
-1985
-2176
-2384
-2441
-2297
-2152
-2214
-2443
-2605
-2587
-2486
-2426
-2468
-2579
-2645
-2546
-2287
-2038
-1924
-1866
-1714
-1430
-1099
-823
-664
-604
-547
-397
-214
-143
-229
-367
-450
-467
-473
-520
-624
-737
-765
-668
-503
-365
-270
-144
82
383
685
928
1111
1262
1437
1636
1781
1822
1785
1744
1733
1735
1711
1645
1570
1513
1504
1545
1585
1583
1550
1538
1562
1580
1549
1480
1390
1289
1208
1154
1106
1050
998
990
1032
1099
1181
1272
1354
1426
1509
1594
1650
1652
1607
1540
1445
1324
1198
1058
889
695
511
352
194
25
-144
-310
-476
-636
-780
-917
-1081
-1263
-1419
-1550
-1666
-1772
-1863
-1938
-1989
-2000
-1964
-1905
-1848
-1770
-1665
-1542
-1410
-1281
-1159
-1069
-994
-922
-868
-844
-857
-885
-928
-991
-1054
-1118
-1193
-1275
-1347
-1399
-1441
-1472
-1487
-1490
-1493
-1494
-1474
-1428
-1378
-1332
-1288
-1235
-1162
-1062
-937
-818
-720
-599
-436
-245
-47
135
298
454
625
816
986
1104
1177
1242
1309
1372
1410
1402
1373
1334
1314
1314
1287
1238
1191
1163
1145
1122
1096
1059
1020
991
984
972
944
914
903
914
933
947
971
1014
1075
1144
1215
1279
1332
1395
1474
1536
1561
1559
1543
1509
1467
1406
1297
1147
990
845
710
555
384
214
72
-38
-124
-202
-292
-385
-448
-467
-472
-501
-547
-598
-649
-687
-718
-769
-830
-870
-888
-905
-942
-1004
-1072
-1103
-1090
-1081
-1109
-1172
-1250
-1319
-1369
-1412
-1472
-1558
-1635
-1673
-1685
-1690
-1682
-1665
-1622
-1537
-1437
-1342
-1253
-1156
-1031
-884
-748
-645
-570
-495
-407
-307
-207
-131
-101
-79
-37
18
73
121
144
144
145
160
188
229
260
279
301
326
357
405
468
525
569
609
641
666
693
727
769
805
830
868
927
995
1073
1157
1221
1260
1316
1394
1446
1462
1455
1415
1363
1337
1305
1243
1175
1102
1037
1007
994
962
927
921
921
909
906
884
828
779
742
680
592
503
419
325
232
146
61
-18
-91
-176
-260
-351
-450
-508
-527
-632
-825
-936
-988
-1103
-1143
-1100
-1228
-1404
-1278
-1080
-1117
-1104
-973
-1067
-1115
-721
-426
-648
-823
-835
-1047
-1087
-757
-731
-1149
-1375
-1405
-1581
-1566
-1354
-1436
-1661
-1659
-1584
-1558
-1409
-1255
-1228
-1153
-1005
-931
-818
-616
-470
-306
-66
54
57
183
370
496
677
863
834
715
741
840
912
1008
1039
895
727
705
783
865
911
861
730
635
663
775
877
889
808
720
694
730
789
811
739
631
587
618
665
710
737
719
703
762
853
905
943
979
973
960
990
1005
965
920
891
838
781
752
703
618
547
500
436
351
270
172
43
-75
-165
-264
-384
-501
-602
-691
-760
-796
-809
-831
-848
-829
-789
-759
-710
-646
-611
-598
-581
-564
-579
-595
-588
-605
-653
-671
-679
-714
-737
-742
-767
-791
-780
-760
-764
-789
-837
-893
-925
-915
-898
-894
-909
-938
-955
-940
-893
-823
-745
-671
-599
-519
-421
-297
-156
-24
83
165
244
340
454
558
622
651
662
685
732
770
780
767
745
727
728
740
731
707
693
684
675
669
654
622
604
610
604
576
558
544
539
557
568
551
518
501
496
480
447
379
291
214
158
102
29
-52
-131
-190
-221
-235
-247
-248
-231
-194
-137
-73
-19
29
88
157
207
241
262
274
279
281
269
237
196
164
137
102
66
23
-11
-36
-58
-77
-101
-130
-162
-188
-210
-247
-286
-319
-356
-396
-424
-464
-502
-527
-541
-555
-566
-572
-584
-592
-590
-588
-590
-586
-590
-592
-581
-585
-586
-566
-548
-530
-502
-462
-419
-363
-305
-250
-188
-121
-57
3
61
105
140
175
207
229
252
268
278
289
304
326
351
376
392
411
427
445
455
452
443
421
389
350
299
238
169
97
30
-33
-90
-143
-187
-219
-233
-227
-198
-157
-112
-52
23
113
209
303
391
467
553
630
684
722
732
729
724
698
644
570
479
385
298
210
111
8
-75
-143
-198
-236
-270
-296
-296
-283
-263
-242
-218
-202
-182
-151
-133
-126
-128
-132
-142
-147
-152
-172
-184
-191
-196
-192
-188
-185
-182
-172
-161
-153
-139
-139
-153
-154
-157
-176
-192
-215
-248
-272
-294
-323
-349
-367
-387
-404
-411
-422
-426
-422
-423
-423
-409
-386
-372
-353
-330
-305
-266
-215
-170
-117
-60
5
75
145
216
279
341
404
464
504
530
541
541
533
511
478
440
384
321
264
205
151
101
56
17
-5
-13
-13
-2
25
66
114
172
232
290
356
422
483
538
586
619
639
652
650
630
605
567
515
455
387
313
233
158
81
13
-52
-110
-155
-194
-224
-248
-258
-257
-252
-244
-231
-214
-200
-186
-170
-160
-155
-145
-139
-138
-133
-139
-142
-144
-145
-145
-150
-153
-163
-165
-165
-173
-180
-191
-204
-216
-233
-254
-283
-309
-339
-371
-403
-434
-471
-509
-536
-571
-603
-629
-654
-672
-683
-687
-683
-675
-652
-624
-590
-539
-486
-428
-357
-284
-204
-121
-44
40
121
196
266
331
383
435
468
490
508
509
502
480
456
430
397
356
316
283
252
221
198
183
170
170
177
198
225
259
300
347
394
445
491
535
573
604
633
647
652
648
626
594
551
501
440
375
308
234
158
89
21
-47
-103
-154
-193
-223
-248
-265
-269
-268
-262
-251
-233
-212
-188
-169
-144
-117
-97
-79
-64
-51
-38
-34
-31
-25
-25
-31
-39
-50
-60
-71
-90
-108
-117
-133
-145
-156
-163
-172
-183
-186
-198
-204
-209
-221
-231
-241
-256
-278
-304
-327
-355
-389
-419
-448
-471
-494
-515
-521
-525
-518
-501
-478
-444
-401
-348
-294
-236
-171
-111
-48
20
80
133
184
225
258
282
302
316
328
334
332
327
325
322
310
312
309
309
312
311
319
317
322
331
329
330
325
321
313
304
295
275
255
236
210
191
164
140
118
95
76
55
40
26
17
10
6
9
6
4
12
12
16
18
11
9
3
-10
-17
-31
-44
-46
-62
-83
-89
-98
-116
-114
-116
-117
-109
-100
-92
-74
-60
-46
-31
-24
-5
11
9
14
20
14
8
-3
-18
-37
-52
-76
-97
-122
-155
-172
-200
-231
-249
-271
-296
-311
-321
-332
-335
-328
-320
-311
-293
-266
-240
-219
-187
-149
-124
-89
-60
-44
-24
-4
10
14
22
25
29
31
30
26
21
28
26
21
24
29
32
38
41
49
57
69
79
84
93
106
120
133
150
165
182
202
220
234
249
266
281
296
307
312
317
317
312
304
288
274
249
223
193
156
117
82
48
7
-25
-53
-82
-107
-127
-142
-153
-159
-159
-153
-143
-126
-105
-86
-58
-28
-5
19
46
78
94
112
126
130
136
131
123
114
87
68
37
-3
-33
-69
-106
-137
-161
-196
-226
-247
-264
-273
-277
-278
-270
-265
-255
-238
-224
-201
-183
-155
-138
-113
-82
-66
-38
-17
-1
21
29
43
55
57
64
60
60
50
38
36
26
18
7
-2
-10
-22
-22
-24
-27
-20
-17
-18
-18
-16
-9
2
15
24
30
39
50
62
71
84
100
105
118
119
121
132
129
137
137
138
133
121
114
102
93
85
83
78
66
60
49
36
34
27
24
20
24
22
12
10
3
-5
-9
-11
-9
-11
-19
-32
-48
-56
-63
-67
-64
-68
-74
-80
-86
-92
-95
-89
-79
-71
-72
-67
-70
-69
-60
-49
-42
-30
-14
-12
-5
-4
-2
0
3
8
13
11
9
9
3
-1
0
-5
-12
-13
-15
-26
-28
-36
-48
-46
-44
-48
-49
-52
-54
-57
-60
-59
-59
-54
-51
-49
-47
-50
-35
-20
-8
2
7
14
25
34
48
61
72
82
82
86
91
95
100
98
99
96
90
84
76
70
59
47
46
38
30
26
15
6
-6
-12
-15
-21
-19
-15
-12
-16
-26
-28
-29
-24
-14
-5
-2
-4
-11
-16
-13
-5
3
11
8
5
3
-5
-5
-3
10
13
11
6
2
-2
-2
2
6
8
9
10
8
5
3
1
3
-1
-6
-6
-11
-18
-19
-18
-17
-21
-29
-31
-32
-35
-37
-43
-41
-40
-42
-37
-39
-34
-33
-32
-29
-27
-25
-28
-29
-26
-24
-21
-21
-20
-16
-11
-12
-13
-14
-11
-2
2
3
0
-3
4
10
20
19
18
21
24
24
24
26
25
21
21
17
18
15
11
17
13
6
2
-3
-1
4
12
16
11
5
0
2
9
15
24
22
21
17
14
15
18
28
32
30
26
21
13
12
12
16
19
21
14
10
5
0
3
8
12
9
9
2
1
4
4
7
4
3
2
0
3
3
1
2
1
-1
-6
-7
-10
-9
-5
-8
-15
-15
-17
-13
-8
-9
-10
-13
-18
-16
-15
-17
-21
-24
-23
-22
-22
-22
-26
-26
-23
-17
-12
-14
-16
-14
-10
-4
-3
-6
-5
-1
5
10
4
-5
-4
12
22
16
-4
-20
-9
6
7
-11
-23
-17
-4
2
-5
-19
-19
-1
15
17
3
-7
5
26
32
17
4
4
19
32
26
10
-2
6
17
19
4
-11
-14
-3
2
-4
-16
-22
-13
-4
-10
-18
-17
-11
-5
-1
-1
-2
3
11
11
10
11
11
16
18
17
14
13
16
20
20
13
13
15
13
13
9
5
4
3
3
2
1
-1
-1
-1
-4
-6
-2
-2
-4
-7
-11
-12
-12
-11
-11
-13
-14
-16
-15
-14
-15
-13
-14
-12
-14
