0
0
0
-1
0
0
0
0
-1
-1
2
1
-1
1
0
1
0
0
1
0
0
0
0
1
2
0
-1
-2
-2
1
-2
-1
-1
-1
0
-1
0
1
0
-1
2
1
1
2
1
2
0
0
1
4
0
-1
-1
0
1
1
1
0
1
0
0
1
0
0
1
-1
-1
1
0
0
-2
-1
-2
0
0
1
-1
-1
0
-2
0
-1
-2
-1
-1
0
0
0
0
-1
-2
0
1
1
-1
-1
-1
0
0
1
1
0
2
1
1
1
1
0
-1
-1
1
0
0
1
1
1
0
0
0
1
1
0
0
-1
0
0
-1
0
1
-1
-1
-1
-1
0
-1
0
-1
1
0
0
1
1
1
0
1
0
0
1
1
0
-1
0
0
0
-1
0
-1
-1
0
0
0
-1
0
1
1
-1
1
1
0
1
-1
-2
-2
-1
0
1
0
1
1
-1
0
-2
-1
0
0
2
1
1
0
0
1
2
4
4
5
4
3
2
5
6
8
8
6
3
4
4
4
4
4
4
4
3
2
1
1
2
0
-2
-4
-6
-6
-6
-6
-6
-5
-1
1
0
-2
-1
-2
-4
-2
-2
-1
1
3
4
4
3
1
2
2
3
2
3
5
4
3
3
4
7
10
11
11
10
11
10
10
11
12
12
16
20
20
21
18
18
16
15
14
12
14
17
16
14
6
1
-3
-3
-4
-5
-4
-7
-12
-18
-27
-31
-29
-25
-25
-24
-24
-26
-29
-33
-34
-35
-31
-27
-20
-14
-10
-1
5
3
0
-3
-4
-1
9
17
26
37
41
38
32
28
28
32
35
38
43
47
51
54
54
51
49
48
45
46
47
50
53
53
50
51
53
50
49
48
41
35
31
29
25
26
23
15
10
4
0
-5
-13
-20
-26
-34
-41
-49
-57
-63
-65
-69
-80
-88
-91
-97
-104
-115
-125
-127
-126
-129
-134
-141
-144
-140
-133
-132
-128
-117
-108
-101
-98
-99
-93
-83
-77
-74
-70
-59
-32
-7
-2
0
0
-11
-19
-17
-15
-2
28
48
51
56
60
57
60
62
59
66
83
102
122
138
145
149
150
148
148
152
160
170
177
179
188
195
192
186
177
158
143
136
133
133
138
136
120
100
75
54
33
9
-9
-17
-27
-42
-57
-78
-98
-112
-129
-151
-166
-176
-190
-206
-226
-246
-248
-236
-220
-208
-206
-210
-217
-231
-253
-257
-230
-184
-130
-82
-55
-46
-57
-96
-149
-180
-176
-98
2
74
122
130
81
-2
-72
-130
-127
-50
47
127
198
226
203
161
105
55
50
103
187
281
359
401
406
382
345
307
291
309
356
413
462
488
489
467
432
405
371
345
343
359
384
401
386
343
292
248
209
161
106
63
39
23
-5
-60
-137
-218
-288
-354
-428
-499
-552
-590
-626
-670
-724
-780
-831
-860
-866
-860
-850
-831
-809
-786
-754
-717
-677
-632
-575
-507
-433
-361
-309
-275
-250
-217
-166
-101
-46
-2
33
51
56
61
65
81
114
152
182
208
225
237
247
268
293
320
348
366
384
405
428
453
480
503
520
531
539
550
568
601
643
678
709
741
767
787
794
809
841
883
925
959
980
986
978
949
902
849
795
743
690
621
530
410
272
119
-43
-202
-342
-470
-604
-750
-897
-1039
-1180
-1313
-1420
-1497
-1547
-1575
-1588
-1592
-1589
-1576
-1554
-1509
-1436
-1342
-1231
-1109
-990
-882
-778
-679
-590
-496
-396
-291
-190
-112
-55
-19
-1
6
17
28
38
48
49
35
6
-23
-42
-48
-56
-62
-61
-58
-47
-28
4
57
127
200
273
324
362
401
460
541
636
730
820
900
959
991
998
1011
1052
1113
1173
1209
1221
1225
1226
1231
1224
1190
1139
1101
1096
1103
1093
1063
1034
1012
973
878
723
559
454
438
465
459
360
186
-4
-188
-367
-528
-646
-698
-718
-776
-910
-1100
-1299
-1448
-1516
-1496
-1428
-1368
-1349
-1359
-1369
-1369
-1351
-1287
-1153
-956
-757
-605
-514
-471
-441
-390
-293
-148
3
125
198
223
211
171
137
133
176
238
274
268
218
144
64
9
-1
23
44
38
-2
-71
-157
-248
-306
-310
-278
-260
-270
-312
-371
-440
-497
-510
-470
-398
-337
-308
-300
-308
-311
-280
-202
-77
58
162
228
259
257
252
277
355
468
573
641
663
649
601
550
520
538
566
583
582
555
498
414
346
331
353
361
345
327
322
301
231
173
189
270
359
404
419
442
474
495
509
543
625
738
833
897
931
946
940
914
893
895
919
942
938
889
785
642
493
350
210
67
-57
-153
-258
-415
-621
-831
-1015
-1152
-1243
-1288
-1327
-1380
-1438
-1486
-1510
-1524
-1515
-1460
-1362
-1235
-1109
-1008
-944
-893
-824
-712
-582
-459
-363
-288
-233
-204
-183
-163
-140
-115
-90
-68
-69
-101
-145
-179
-203
-229
-253
-280
-308
-351
-403
-440
-455
-459
-462
-461
-452
-455
-479
-507
-514
-483
-432
-367
-285
-194
-106
-52
-21
25
91
182
285
410
530
623
645
657
674
724
804
871
955
979
962
951
977
1005
1010
1008
1016
1050
1048
1021
1040
1138
1196
1209
1237
1265
1221
975
731
784
1091
1298
1167
916
796
731
471
97
-37
100
257
210
19
-153
-375
-708
-980
-977
-765
-591
-588
-678
-752
-838
-964
-1028
-954
-764
-548
-363
-279
-296
-384
-499
-511
-388
-182
11
119
111
34
-41
-97
-132
-124
-35
79
158
157
75
-62
-193
-241
-189
-70
4
-33
-134
-255
-361
-448
-514
-525
-494
-471
-509
-629
-775
-921
-1015
-1025
-972
-891
-862
-908
-999
-1073
-1097
-1073
-1006
-873
-715
-602
-554
-543
-543
-536
-435
-283
-105
83
176
219
233
239
260
325
454
606
710
759
746
657
589
559
620
705
816
888
885
870
714
685
672
693
858
911
1008
1038
1046
985
982
1097
1097
1263
1366
1422
1475
1453
1509
1548
1653
1681
1653
1612
1517
1421
1289
1262
1257
1197
1129
997
773
497
254
2
-153
-260
-417
-565
-762
-1008
-1285
-1510
-1671
-1760
-1782
-1789
-1777
-1806
-1840
-1875
-1889
-1838
-1745
-1589
-1425
-1254
-1137
-1052
-985
-934
-846
-761
-634
-535
-461
-402
-386
-383
-397
-393
-391
-349
-304
-315
-309
-342
-391
-422
-453
-473
-493
-512
-550
-608
-669
-745
-799
-835
-886
-895
-911
-967
-990
-1021
-1033
-1018
-976
-912
-854
-750
-699
-627
-524
-437
-313
-168
39
174
315
442
541
606
677
832
878
1056
1151
1168
1230
1181
1218
1117
1185
1311
1250
1299
1371
1349
1152
1275
1277
1069
1325
1371
1168
1358
1477
1187
1304
1496
1266
1329
1510
1427
1436
1693
1687
1628
1795
1615
1407
1374
1262
1211
1260
1375
1331
1196
1002
657
414
178
29
-16
-42
-110
-367
-629
-982
-1318
-1516
-1630
-1615
-1546
-1544
-1631
-1713
-1865
-2002
-1980
-1869
-1695
-1489
-1291
-1214
-1185
-1163
-1184
-1106
-930
-781
-642
-500
-482
-545
-597
-636
-654
-585
-489
-451
-419
-451
-550
-624
-658
-642
-587
-513
-475
-496
-583
-672
-740
-793
-771
-693
-633
-650
-712
-788
-916
-972
-972
-907
-792
-750
-692
-733
-794
-804
-816
-655
-484
-321
-117
-6
48
138
191
337
515
748
936
1047
1195
1119
1208
1219
1143
1474
1403
1292
1691
1428
1203
1534
1336
1257
1326
1635
1185
1238
1740
867
1412
1405
1193
1383
1272
1530
1044
1349
1349
1048
1427
1314
1320
1403
1320
1253
1191
1183
1092
1111
1286
1114
1230
1243
996
879
820
586
369
566
430
323
420
235
-178
-285
-490
-855
-819
-843
-949
-997
-1049
-1345
-1637
-1683
-1952
-1980
-1826
-1840
-1816
-1735
-1827
-1964
-1917
-1947
-1886
-1695
-1528
-1436
-1307
-1271
-1298
-1251
-1250
-1140
-1039
-898
-779
-704
-670
-737
-724
-764
-734
-625
-520
-457
-366
-392
-540
-560
-735
-744
-668
-569
-477
-490
-537
-740
-857
-1007
-1018
-934
-831
-788
-712
-826
-1060
-1066
-1144
-1089
-841
-504
-493
-232
-156
-239
-174
52
340
442
1058
1115
1157
1408
1029
1311
1466
1184
1878
1981
1512
2055
1818
1316
1484
1837
1411
1500
2455
1297
1685
1843
1180
1141
1559
1484
996
1989
1284
1035
1413
834
978
884
1172
982
925
1051
793
609
606
862
598
802
1025
733
626
775
549
604
760
940
762
924
823
418
480
279
311
304
402
311
169
-68
-432
-560
-856
-956
-962
-984
-1097
-1308
-1490
-1821
-2056
-2164
-2175
-2217
-1998
-2012
-2106
-2067
-2195
-2270
-2182
-1962
-1848
-1567
-1407
-1354
-1268
-1245
-1135
-1031
-763
-567
-473
-259
-241
-282
-233
-107
-51
12
161
125
41
-11
-151
-161
-169
-158
-94
-199
-208
-359
-508
-535
-642
-510
-554
-439
-539
-543
-553
-687
-531
-554
-188
-253
-98
409
-186
89
694
71
388
1195
730
743
1500
1079
671
1417
1733
787
1189
2710
807
902
2399
870
729
1821
1638
343
1532
2197
-190
843
2001
28
628
1319
745
362
742
764
-185
539
550
114
218
503
587
-348
407
317
-198
385
356
280
480
596
288
505
569
358
786
760
638
1160
684
797
966
564
587
781
627
259
684
354
4
264
-156
-467
-249
-607
-976
-777
-1010
-1310
-1319
-1509
-1681
-1694
-1909
-2001
-1797
-1980
-2034
-1843
-1967
-1979
-1725
-1809
-1818
-1328
-1369
-1531
-984
-952
-1082
-683
-617
-667
-339
-343
-454
-96
-101
-189
4
60
-91
27
33
-198
-64
110
-376
-3
13
-616
187
-295
-734
176
-337
-755
232
-401
-678
339
-283
-926
778
-161
-1068
1536
-582
-322
1573
-539
272
925
631
-193
957
1484
-787
1649
1452
-962
1864
1619
-940
1492
1925
-561
405
2645
-1064
503
2571
-1416
1261
1503
-108
42
1874
180
-725
2415
-284
-450
2180
-96
-894
2393
-541
-179
1292
337
-73
425
1374
-1005
1007
807
-227
516
1256
85
234
1297
187
182
1115
677
65
1290
650
322
798
801
172
510
890
83
279
673
112
-133
305
27
-409
-87
-211
-622
-500
-469
-915
-817
-720
-1129
-1061
-994
-1223
-1289
-1079
-1295
-1414
-958
-1329
-1312
-926
-1131
-1138
-936
-748
-1066
-608
-505
-907
-464
-179
-942
-462
47
-916
-257
-38
-555
-579
287
-784
-731
443
-1103
-301
344
-1463
245
217
-1782
444
100
-1339
-35
1062
-2214
761
1271
-2819
1418
1115
-2169
758
1688
-1736
318
1924
-1082
-453
2663
-1424
249
2008
-1024
1151
495
603
180
1082
401
-5
1967
-862
799
1968
-1382
1309
1588
-1483
1973
604
-646
1346
997
-301
-54
2514
-1387
473
2129
-1208
565
1637
-383
-503
2331
-504
-560
2286
-550
-121
1620
2
-97
1132
489
-23
799
711
-9
788
611
158
453
654
438
74
725
307
167
455
326
57
235
516
-142
-84
426
-134
-269
68
-108
-484
1
-395
-556
-226
-500
-531
-585
-413
-622
-663
-412
-584
-922
-241
-538
-1007
-194
-475
-876
-264
-381
-917
-233
-324
-932
-175
-399
-887
-264
-331
-1224
-128
-424
-1372
-152
-453
-1664
-111
-294
-2424
531
-551
-2674
935
-684
-2823
1347
-1167
-2029
778
-902
-1685
698
-669
-2020
1573
-1429
-957
663
-522
-892
418
24
-941
679
-450
357
-139
84
354
741
-884
1049
1433
-2117
2817
137
-737
1796
984
-514
1077
1864
-964
1804
499
917
430
1160
872
-55
2102
-520
1427
649
826
795
425
1306
349
941
475
1129
294
1217
529
476
1305
733
179
1151
1206
-189
1547
611
433
1001
981
-93
1203
863
-176
1098
636
267
-1
1398
-502
53
996
-484
-63
503
-257
-730
476
-551
-729
-111
-441
-665
-605
-548
-779
-622
-915
-925
-433
-1293
-803
-564
-1363
-756
-529
-1480
-685
-258
-1748
-610
-195
-1488
-1012
71
-1537
-804
-230
-1399
-651
-347
-1025
-1496
887
-1754
-1508
1634
-2456
-968
1829
-3036
-479
1796
-3372
333
881
-2410
276
589
-1466
-960
1829
-1412
-1437
2513
-1885
-221
1358
-1207
-162
1303
-313
-1060
2206
-716
-329
1702
-619
571
547
498
491
-126
1680
7
-354
2329
-316
-57
1953
201
105
928
1240
-461
858
1723
-718
920
1555
-298
764
897
739
298
798
635
822
186
522
1521
-667
1294
627
322
429
1146
170
-49
1916
-434
421
1485
84
253
1430
-30
481
1285
30
600
993
341
233
1128
11
200
1191
-12
-180
1130
112
-727
898
-52
-657
361
33
-869
-150
22
-1258
-302
-280
-1128
-521
-479
-1091
-699
-783
-937
-802
-1051
-672
-906
-1023
-915
-617
-1025
-1075
-293
-979
-1031
-344
-769
-1097
-422
-271
-1564
-154
-41
-1627
-527
605
-1761
-687
962
-2066
-201
478
-1724
237
-207
-915
-272
-319
-27
-1749
1014
-518
-1314
906
-684
-552
420
-680
169
-151
-375
917
-1344
1129
-750
704
-218
-402
1979
-1875
1585
54
44
335
472
632
-549
1524
2
-185
1356
298
-304
1344
304
269
502
1160
-520
1152
808
-666
1851
-90
393
952
562
58
1113
650
-144
1721
-250
1026
642
484
904
369
1121
52
1597
-134
973
822
579
479
914
935
7
1580
96
911
609
787
551
606
804
363
734
343
465
377
321
95
377
-98
53
166
-402
-135
-173
-359
-869
-164
-661
-1044
-432
-885
-942
-846
-789
-1331
-657
-1029
-1183
-868
-748
-1068
-1173
-269
-1304
-902
-392
-898
-1046
-125
-489
-1288
-126
-70
-1548
-224
246
-1778
432
-555
-1013
84
-1019
-50
-1070
-180
-722
-313
-790
-773
246
-1647
102
-684
-910
-347
-164
-1265
-184
-207
-725
-844
24
-98
-1321
587
-785
239
-1165
882
-486
-851
1103
-432
-176
-24
1336
-1573
1076
711
-1074
1400
144
-320
1462
-593
1077
391
-171
2018
-944
1681
340
670
861
102
2091
-852
1806
1194
-441
2097
422
724
931
1330
740
226
2228
271
291
2017
502
426
1486
1085
262
1171
1240
400
654
1490
384
790
1260
428
984
895
549
672
1162
173
899
780
346
707
346
371
336
233
-66
330
-88
-278
40
-127
-954
-89
-293
-1400
-298
-564
-1109
-1038
-371
-1293
-1225
-390
-1450
-1091
-493
-1036
-1260
-339
-828
-1120
-329
-721
-758
-257
-323
-751
-170
37
-867
-207
-45
-480
-590
288
-692
-592
132
-829
-500
-772
-187
-914
-868
-527
-666
-1364
-483
-867
-1589
-291
-1147
-1100
-1112
-346
-1555
-823
-665
-1236
-422
-1460
115
-1563
-457
-142
-1381
-141
-485
-181
-837
21
247
-942
332
544
-1305
1622
-518
-52
1170
-303
614
687
254
561
1345
-149
1225
844
1188
-321
2263
744
-449
3115
-269
1119
1410
1198
743
948
1965
505
1017
1666
1272
23
2196
1346
-189
2172
1502
43
1586
1857
-127
1678
1467
285
1572
1193
722
1216
1280
516
1372
1299
210
1420
1368
15
1136
1219
350
511
1084
658
-262
1111
151
-265
537
-57
-186
-311
242
-855
-675
118
-1211
-1038
-165
-1113
-1353
-469
-1148
-1333
-764
-1159
-1251
-648
-1114
-1177
-452
-1049
-950
-566
-716
-785
-591
-471
-626
-639
-590
-324
-866
-800
-298
-892
-1097
-689
-801
-1709
-525
-1352
-2103
-228
-2038
-2266
-342
-2005
-2764
-298
-1602
-3326
-473
-792
-3608
-886
-60
-3351
-1163
-18
-2278
-1900
318
-1266
-2390
214
387
-2852
-125
2037
-3070
57
2203
-1797
-682
2784
-856
-1662
4084
-914
-1549
3787
515
-2146
3151
2375
-3309
3698
2292
-2551
2847
2899
-1952
1704
3790
-1415
983
3833
-58
-199
4393
394
-426
4034
1406
-425
2720
2812
23
1304
3137
1363
196
2747
2250
215
1778
2763
708
637
3081
1494
-253
2750
2389
-378
1851
2709
-21
1254
2587
249
882
2324
725
66
1921
755
-33
1075
262
374
212
11
-181
-150
-412
-615
-890
-777
-738
-1523
-1044
-1159
-1589
-1665
-1248
-1725
-2034
-1077
-1816
-1945
-1121
-1794
-1683
-1232
-1622
-1421
-1102
-1359
-1327
-812
-1259
-1381
-566
-1226
-1359
-521
-1422
-1142
-701
-1843
-1029
-767
-2444
-1022
-765
-2799
-1255
-708
-2593
-1980
-583
-2313
-2241
-707
-2221
-1703
-925
-2143
-1384
-738
-2097
-1051
-579
-1765
-695
-48
-1655
-403
959
-2063
727
543
-876
877
169
663
-137
1731
-428
885
2228
-1179
1995
1752
-703
1444
2816
-1274
1066
4064
-1265
1
4589
-327
-713
4223
528
-130
3189
1644
-324
2776
2262
-111
2549
1932
1068
2403
1245
1572
2742
716
2015
2622
584
2163
2737
443
1705
3350
444
1528
3230
801
1232
3291
880
871
3336
1080
812
2570
1648
694
1982
1689
390
1351
1489
288
670
969
544
25
78
122
-675
-289
-669
-933
-733
-1102
-1304
-1580
-1779
-1744
-1824
-2043
-2008
-1767
-1966
-2270
-2070
-2121
-2099
-1923
-1964
-1587
-1551
-1728
-1349
-1504
-1665
-1053
-1062
-1598
-603
-824
-1812
-730
-780
-2136
-905
-590
-2002
-1110
-919
-2073
-1684
-1035
-2205
-2071
-927
-1877
-2229
-1398
-2035
-2071
-1514
-2195
-1875
-1314
-1713
-1858
-1215
-1532
-1567
-853
-1171
-1160
-877
-125
-838
-830
221
-557
536
-681
660
1307
-1288
2323
740
-456
1462
2306
-37
23
4407
-286
-87
3988
704
-567
3530
1612
-442
3041
2056
-335
2152
2477
109
1937
1425
1907
1717
838
2019
1678
1512
1403
2247
1192
1727
2904
293
1624
3328
548
1801
2688
914
2191
2183
1028
1723
2360
1722
1127
2251
2084
1188
1491
1925
1596
872
1929
1567
741
1472
1718
27
806
1596
-473
257
912
118
-579
217
-603
-1245
-525
-1402
-1303
-1074
-1549
-1694
-1793
-2059
-1912
-2352
-2150
-1920
-1995
-2112
-1994
-1750
-2312
-1664
-1743
-1700
-1059
-1318
-1165
-1078
-996
-1231
-698
-902
-887
-168
-1001
-653
-647
-1104
-1063
-718
-1154
-1183
-393
-1284
-1730
-1257
-1678
-2094
-1392
-1812
-2105
-1609
-1859
-2360
-2125
-1572
-2271
-2067
-1534
-1828
-1673
-1594
-1505
-1520
-1372
-758
-1115
-635
-385
-752
-61
-459
261
412
108
486
1758
350
194
2480
745
241
2081
2424
-456
2479
2139
-315
1982
2208
255
709
2626
345
1215
1053
1433
1127
720
1407
1730
728
1464
2658
-179
1797
2835
1027
588
3533
1439
764
3158
1371
1358
2251
2444
963
2279
2436
1468
2074
1827
2162
1998
1904
2036
2031
1803
1808
1876
1382
1855
1604
1682
1639
1325
926
387
256
-22
988
559
42
-98
-681
-1367
-1255
-1155
-1436
-1153
-1491
-1687
-2032
-2092
-2515
-2548
-2305
-2198
-1944
-1788
-1937
-2389
-2035
-2118
-1763
-1269
-936
-883
-1000
-649
-981
-727
-616
-515
-104
-327
-122
119
-740
-931
-313
-768
-817
157
-452
-1670
-890
-1109
-2169
-1177
-1161
-2225
-2009
-1575
-2210
-2447
-1677
-2448
-2585
-1883
-2143
-2226
-1933
-1888
-2158
-1743
-1379
-1463
-1348
-1128
-1077
-590
-598
-556
-104
-274
48
773
638
-37
1952
914
-563
2136
1725
820
1239
1790
738
1554
1100
316
2349
419
504
2106
-326
480
3124
-921
133
3025
223
-165
2276
1431
-228
2870
1297
75
2651
1682
926
1778
2041
1951
1251
2005
2532
1545
1857
2887
1548
1232
3677
2102
1178
3605
2393
836
3185
2729
1081
2624
2973
1469
2145
2615
1091
664
921
775
912
1481
1042
-91
-914
-378
-885
-1615
-718
-774
-1347
-1943
-2118
-2228
-2418
-2617
-2635
-1899
-2168
-2342
-2038
-2737
-2547
-1722
-2195
-1614
-411
-1142
-1528
-791
-826
-960
-117
-252
-362
178
-399
-437
-329
-778
-833
-462
-260
-575
-517
-1470
-1900
-1233
-1751
-1804
-1074
-1469
-2740
-2471
-2410
-2815
-2013
-2263
-2520
-1960
-2620
-2844
-2360
-2416
-2017
-1413
-1702
-1476
-1140
-1695
-1480
-615
-537
-123
174
97
48
346
396
55
2155
1001
652
2097
1301
1254
928
1273
1677
1481
998
802
1877
701
146
1780
68
991
1468
756
-324
818
2154
-466
815
1840
1513
886
1305
1716
1131
1776
2118
992
2415
2700
1823
2338
2228
2895
2233
2954
2410
2921
3693
2309
2703
3140
2787
2933
3401
2659
2913
3132
2602
2529
2844
2255
1577
1140
748
1317
1840
1202
124
-249
-919
-523
-1131
-1751
-876
-994
-1937
-2888
-2660
-2308
-2898
-3271
-2695
-2184
-2726
-3026
-2560
-3045
-2673
-1848
-2040
-1637
-699
-1410
-2036
-629
-362
-696
32
-117
-276
329
-98
-444
65
-1
-790
-178
214
-788
-942
-1086
-1546
-1302
-1257
-1655
-1836
-1853
-2576
-3169
-2839
-2808
-2778
-2569
-2812
-3319
-3301
-3064
-3202
-2779
-2516
-2328
-2074
-2154
-2224
-1930
-1482
-1049
-50
-370
-435
-52
8
287
1134
1048
1438
1362
1207
1918
1277
1724
1444
2410
1339
1271
2121
841
1213
1501
1070
1450
723
784
995
434
857
357
1444
327
1526
1245
613
1484
1263
1769
1485
2539
1831
2287
2094
2487
2746
2632
3089
2667
3452
2847
2999
2960
3123
3099
3287
3529
3074
2945
2966
3078
2718
3255
2697
2568
2744
1651
501
563
1346
1924
1330
-332
-717
-573
-1041
-1816
-1390
-970
-1132
-2250
-3452
-2828
-2738
-3169
-3237
-2889
-2478
-2816
-3483
-3645
-2688
-2588
-2675
-1946
-1552
-1493
-2167
-2028
-1406
-695
-347
-637
-424
-199
-600
-837
-290
-125
-567
-586
-439
-512
-808
-1517
-1747
-1292
-1201
-1669
-1813
-1770
-2485
-2839
-3206
-3224
-2677
-2732
-2758
-3442
-3630
-3481
-3597
-2896
-3089
-2692
-2514
-2632
-2351
-2420
-2005
-1392
-646
-362
-203
-300
-66
639
1124
1220
2037
1821
1723
2533
1703
2103
2656
2803
2488
2643
2132
1506
2817
2076
1492
2343
1381
958
1607
1352
175
1590
1304
516
1596
737
678
1734
1705
643
2126
2266
1743
2021
2190
2217
3216
2981
2472
3452
2899
3541
2912
3569
3967
3399
3366
3533
3880
3710
3713
3153
3342
3460
3190
2568
2991
1554
647
1272
1876
2278
482
-1008
-1174
-329
-1010
-2050
-1611
-1314
-1718
-3168
-3993
-3102
-2822
-3407
-3581
-2884
-2918
-3571
-4032
-3622
-2296
-2287
-2642
-2078
-1592
-1951
-2163
-1914
-795
41
-276
-927
-533
-135
-488
-237
31
100
-190
-573
-517
-177
-718
-1257
-871
-861
-1061
-1569
-1809
-1874
-2147
-2405
-2915
-2608
-2715
-3311
-3244
-3333
-3225
-3466
-3584
-3672
-3444
-2883
-3128
-3133
-2535
-2369
-2221
-1871
-1267
-966
-609
-200
20
719
976
1436
1594
2064
2336
2001
2731
2938
2811
2657
2880
3040
2929
2999
2150
2342
2574
1907
1513
1977
1840
1034
1064
995
766
1057
1353
768
424
1324
1075
228
1025
1841
2037
1173
1575
2347
1881
2430
2615
2482
2999
3376
2987
2951
3503
3126
3040
4117
3727
3365
3561
3184
3274
2935
1742
823
1696
2987
2440
580
-934
-746
-164
-1279
-1864
-1481
-1360
-2046
-3746
-4241
-3576
-3200
-3716
-3843
-3488
-3808
-4251
-4484
-3929
-2878
-2683
-2763
-2620
-2186
-1903
-2192
-1696
-616
105
-384
-712
82
150
19
492
837
524
158
140
343
458
213
-257
-433
-217
-572
-1004
-1095
-1131
-1370
-1635
-2402
-2866
-2964
-3473
-2898
-2629
-2988
-3619
-4570
-4337
-3937
-3582
-3314
-3108
-2872
-3461
-3191
-2593
-2205
-1128
-449
-458
-257
288
345
1109
1862
2605
3149
2707
2743
3167
2816
3462
4293
4095
3762
2956
3219
2267
3357
3066
2070
2811
1662
867
1307
1507
777
1398
1184
626
618
603
44
612
1644
1540
1398
1360
1262
1534
2133
2456
2926
2953
2899
2398
2566
3642
3747
3359
3448
3851
3592
3295
3344
3425
3414
2049
919
1363
2833
3120
1119
-856
-1107
37
-459
-1911
-2011
-1389
-1626
-3517
-4724
-3734
-2744
-3471
-4544
-4117
-3274
-3977
-5126
-4472
-2599
-2220
-3120
-3207
-2174
-1655
-2127
-1721
-334
626
-131
-936
-111
732
1014
916
1105
1250
649
463
780
1174
1196
644
76
79
336
-212
-624
-496
-437
-951
-2084
-2292
-2260
-2850
-3159
-2965
-2458
-2860
-4162
-5046
-4584
-3415
-3460
-3970
-3674
-3561
-3658
-3703
-3176
-1922
-1239
-1402
-1397
-548
-160
224
914
2117
2929
2500
2326
2803
3617
4102
4037
3874
4271
3976
3979
3022
3408
3928
2703
2976
2192
1805
1423
1167
1346
1665
1666
11
-296
480
535
724
884
498
878
896
589
974
1678
2088
1957
2300
2271
2472
2699
2585
3297
3709
3584
3512
3432
3577
3323
2148
1397
1838
3274
3721
1901
-263
-1053
173
496
-853
-1761
-1590
-1271
-2979
-4758
-4273
-2696
-2987
-4569
-4766
-4108
-4166
-5284
-5124
-3332
-2526
-3329
-4068
-3410
-2257
-2193
-1943
-1031
-324
-197
-866
-843
100
1060
1477
1347
928
640
740
932
1330
1649
1518
885
389
225
94
374
323
-85
-132
-719
-1747
-2841
-3385
-2373
-1319
-1565
-3314
-5040
-4990
-4416
-3921
-3549
-3539
-3721
-4635
-5100
-4529
-3425
-2237
-1974
-2003
-2005
-2098
-1689
-233
1354
2279
2148
1582
1986
2859
3810
4328
4659
4901
4584
3880
3684
4013
4416
4269
3923
3664
2532
1512
939
2166
3202
2371
957
56
319
431
787
1032
1360
1145
585
329
451
1001
1675
2460
2311
2148
1882
1863
2208
2792
3469
3707
3545
2873
2815
3134
2803
1715
1264
2124
3540
3071
499
-1186
-628
1048
509
-1498
-2094
-1225
-1297
-3547
-4613
-3323
-2131
-2907
-4639
-4872
-3875
-3935
-4773
-4061
-2674
-2631
-3592
-3890
-2762
-1659
-1700
-1685
-858
-55
-218
-838
-561
667
1678
1570
1197
1025
824
942
1452
1923
2020
1704
947
480
523
702
830
803
670
-27
-725
-1335
-2578
-2745
-1579
-796
-1388
-3484
-4875
-4828
-3821
-3026
-3495
-3671
-3867
-4520
-4961
-4623
-3178
-1958
-1827
-2350
-2665
-2229
-1253
-63
1271
2017
1766
1433
1889
3022
4127
4513
4554
4804
4602
4113
3836
4096
4750
4807
4190
3070
1904
1547
2170
2855
2837
1872
667
-30
160
1028
1332
1444
1103
685
647
655
1038
1516
2454
2645
2063
2013
1843
1965
2469
3386
3865
3223
2546
2357
2539
1585
314
680
2838
3800
1065
-2077
-2481
-688
-98
-1541
-2025
-1568
-2073
-4371
-6066
-4597
-2367
-2656
-4848
-5740
-4991
-4610
-4920
-4532
-3223
-2673
-3399
-3985
-3228
-2085
-1886
-1590
-503
342
63
-830
-777
387
1603
2018
1706
1087
350
424
1422
2232
2030
1193
424
138
315
376
572
507
13
-704
-1486
-1825
-2574
-2781
-2089
-1590
-1818
-3699
-5044
-4835
-3882
-2932
-3090
-3541
-3915
-4240
-4405
-3835
-2327
-1151
-1343
-2015
-1913
-1433
-406
757
1755
2620
2427
1943
2098
3259
4520
4815
4874
4952
4677
4055
3779
4123
4806
4903
4021
2779
1873
1830
2154
2566
2585
1707
735
329
395
940
1506
1696
1536
1206
1092
1136
1539
2243
2927
3433
3188
2624
2212
2575
3593
4253
4281
3753
3329
2110
461
167
1800
3989
3398
-16
-2915
-2639
-708
-874
-2212
-2177
-1531
-2834
-5688
-6503
-4306
-2148
-2912
-4974
-5456
-4542
-4419
-4948
-3916
-2073
-1616
-2887
-3707
-2745
-1511
-889
-661
42
739
217
-692
-774
378
1700
2099
1371
149
-386
-107
652
1105
1007
612
-268
-1160
-1543
-948
-144
-364
-959
-1477
-1833
-2766
-4191
-3947
-2240
-778
-1659
-4223
-5251
-4617
-3381
-2794
-2624
-1878
-2100
-3462
-4303
-3084
-573
561
150
-609
-831
-403
397
1619
2918
3513
3072
2388
2410
3303
4132
4507
4951
5027
4494
3582
2958
3284
4127
4633
4031
2763
1583
1118
1517
2201
2570
2118
1508
924
626
908
1498
2434
2584
2274
2039
1908
2436
2864
3469
4053
3964
3529
3135
3422
4013
4356
4328
4057
3002
910
-442
765
3570
3844
503
-2968
-3526
-1991
-1894
-2750
-2546
-2137
-3494
-6708
-7881
-5466
-2917
-3381
-5555
-6157
-5214
-4768
-5155
-4545
-2797
-1927
-2498
-3107
-2528
-1686
-1105
-470
423
1273
859
-162
-463
515
2153
2683
1736
295
-264
308
1024
1047
658
371
-364
-1468
-2054
-1435
-638
-1033
-2088
-2827
-2655
-3029
-4588
-5517
-4491
-2265
-1915
-3941
-6065
-6478
-5071
-3765
-2843
-2250
-2569
-3744
-4795
-3927
-1504
637
981
-141
-951
-661
573
1993
3216
3902
3695
3069
2833
3399
4178
4869
5331
5400
5043
4059
3178
3134
3901
4750
4720
3483
1745
867
1231
2273
2944
2845
2152
900
60
522
2233
3446
2992
1977
1571
2136
2697
3020
3521
3986
3996
3227
2806
3217
4052
4443
4069
3290
1391
-234
57
2431
4258
2245
-1414
-3356
-2561
-1510
-1965
-1880
-1388
-2156
-5022
-7251
-5654
-2527
-1707
-3862
-5567
-4962
-3783
-3611
-3684
-2593
-1487
-1348
-1944
-2033
-1234
-629
94
714
1151
1181
474
24
217
1400
2497
2155
719
-633
-539
505
1072
676
135
-454
-1544
-2316
-2035
-808
-560
-1775
-2879
-3186
-2841
-3922
-5436
-4806
-2779
-1476
-3144
-5700
-6375
-5372
-3692
-2987
-2508
-2185
-3220
-4583
-4588
-2357
479
1336
110
-1187
-1222
-19
1641
3004
3819
3455
2650
2418
2924
4144
4800
4927
4994
4654
4076
3389
3216
3766
4430
4645
3862
2364
1310
1241
2061
3312
3743
2988
1554
349
796
2477
3889
4028
3098
2312
2111
2615
3583
4156
4218
3940
3356
3033
3147
3419
3796
3421
1500
-727
-967
1310
2871
1259
-1852
-3686
-3180
-2781
-3800
-3874
-2710
-2749
-5418
-8200
-7606
-4797
-3334
-4493
-5957
-5682
-4979
-5046
-4655
-3074
-1504
-1188
-1953
-2114
-1122
-82
588
1213
2020
2255
1610
1053
1189
2191
3212
3113
2004
783
343
748
1169
1158
905
239
-1023
-2454
-2721
-1543
-794
-1423
-2939
-3812
-3929
-5022
-6001
-5374
-3311
-2055
-3681
-5917
-6672
-5743
-4329
-3485
-2264
-1486
-2384
-4106
-4557
-2394
723
2060
1309
266
-19
491
1530
3264
4928
4881
3714
2784
3177
4457
4961
4891
4872
4866
4304
3232
2708
3074
3647
3721
3198
2300
1444
756
876
1982
3068
3316
2192
896
719
1810
3422
4163
4224
3611
2891
2953
3524
4523
4885
4612
4252
3691
3549
3404
3376
3459
2054
-288
-1531
-335
1826
1324
-1641
-4133
-4570
-3884
-4451
-5125
-4089
-3362
-4915
-7887
-8885
-6708
-4497
-4410
-5410
-5570
-4965
-5161
-5288
-3707
-1418
-272
-766
-1570
-1087
50
883
1614
2422
3095
2900
2144
1745
2125
3128
3620
3060
1976
1116
883
1013
1017
981
820
-24
-1449
-2594
-2234
-1361
-1265
-2001
-3117
-3698
-5102
-6261
-5555
-3490
-1656
-2951
-5115
-6034
-5625
-4383
-3592
-1888
-672
-1228
-2747
-3683
-2051
616
2167
2150
1746
1563
1463
1838
3216
5108
5707
5057
3938
3774
4581
4828
4947
5036
5056
4552
3426
2655
2543
2914
3022
2500
1683
1065
558
481
1200
2010
2460
1968
1228
1287
1923
3015
3729
4071
4342
4241
4240
4291
4507
4881
5145
5417
5318
5009
4487
3956
2822
534
-1063
-609
1844
2503
-595
-4387
-6314
-5739
-5582
-6020
-5384
-4975
-6205
-9501
-11389
-9805
-7196
-6304
-7370
-7919
-7446
-7070
-7123
-6213
-4068
-2332
-1863
-2292
-1818
-752
-39
488
1215
2646
3426
3200
2415
1951
2624
3417
3492
2603
1822
1498
1180
796
465
531
7
-1249
-2530
-2767
-2025
-1984
-2688
-3649
-4400
-5540
-6740
-6267
-4306
-2544
-3114
-4958
-5953
-5689
-4675
-3482
-1558
-89
-246
-1517
-2272
-1023
1253
2995
3494
3385
3226
3092
3402
4432
5792
6480
6225
5404
5153
5555
5606
5320
5009
4979
4780
4159
3369
2710
2590
2513
2055
1385
935
852
925
1252
1665
1960
1903
1635
2016
3006
4038
4442
4367
4630
4965
5464
5780
5914
6049
5889
5986
5925
5977
5709
4790
3452
1040
-606
-432
1573
2478
-258
-3883
-6242
-6452
-6586
-7025
-6211
-5427
-6230
-9437
-11850
-11040
-8678
-7428
-7925
-7981
-7395
-7006
-7210
-6716
-4903
-3282
-2452
-2196
-1110
136
382
85
255
1657
2922
3505
3232
2668
2431
2194
2013
1486
1395
1492
1181
500
-446
-873
-1472
-2489
-3231
-3090
-2404
-2397
-3279
-4342
-5514
-6868
-7240
-6044
-3528
-2083
-2984
-4578
-5691
-5277
-4237
-2529
-94
1357
1402
-13
-839
238
2352
4182
4860
5099
5038
4765
4620
5244
6301
6916
6877
6234
6151
6187
5818
5204
4492
4354
4272
4074
3519
2638
2024
1515
986
599
485
642
1062
1200
1255
1346
1440
1786
2319
3560
4609
5100
5238
5245
5625
5975
6570
6907
7140
7234
6895
6712
6438
6343
5406
3178
804
-545
506
1987
1419
-1297
-4581
-6459
-7549
-8217
-7937
-7028
-6597
-8108
-10857
-12490
-11855
-10111
-9055
-9080
-9067
-8430
-7706
-7030
-6357
-5423
-4438
-3586
-2265
-655
550
850
611
663
1088
1824
2820
3598
3650
2939
1796
741
166
187
570
572
-127
-1276
-2552
-3671
-4611
-4926
-4585
-4377
-4540
-5103
-6053
-7576
-9131
-9173
-7329
-4795
-3615
-4195
-5326
-6065
-5969
-5017
-2864
-246
1562
1793
801
346
1241
3044
4525
5406
6133
6560
6602
6418
6596
7096
7427
7362
7313
7570
7568
6862
5743
4876
4436
4314
4189
3950
3486
2674
1669
672
186
313
1040
1874
2237
2057
1596
1397
1693
2969
4515
5685
6120
5953
6060
5981
6358
6991
7638
8217
7887
7514
7175
6986
6698
5359
3278
1335
513
1423
2392
1632
-706
-3853
-5932
-7018
-7331
-6586
-6060
-5995
-7383
-9723
-10988
-10726
-9085
-7987
-8096
-8232
-7836
-6693
-5783
-5462
-5090
-4359
-3269
-2014
-898
1
590
664
454
100
424
1490
2480
2741
1912
804
-215
-821
-1022
-1047
-885
-1072
-1626
-2652
-3897
-4835
-5327
-5311
-5105
-4777
-4523
-4977
-6430
-8167
-8936
-7739
-5436
-3517
-2856
-3661
-4739
-5546
-5151
-3488
-1171
1076
1933
1792
1282
1337
2058
2785
3631
4606
5848
6820
7089
6810
6115
5599
5533
6224
7403
8079
7731
6432
5016
4173
3883
4019
4240
4306
4011
3080
2061
1204
1043
1370
1928
2467
2898
3148
2937
2910
2996
3648
4198
5008
5772
6343
6547
6041
5798
5661
5965
5975
6188
6438
6532
5958
4636
2851
1290
337
-267
237
800
1241
-182
-2697
-5474
-7245
-6982
-6132
-4863
-4648
-5348
-6897
-8095
-8284
-7704
-6889
-6660
-6652
-6325
-5254
-4047
-3215
-3227
-3874
-4532
-4298
-3014
-852
903
1112
-141
-1950
-2843
-2611
-1336
-98
494
-65
-1661
-3263
-4120
-3799
-3189
-2947
-3458
-4234
-4666
-4812
-4755
-4933
-5351
-5840
-6111
-5916
-5140
-4291
-3878
-4032
-4507
-4487
-3862
-2740
-1846
-1424
-1269
-983
-183
651
1216
1477
1600
1850
2463
3168
3792
4335
4383
3920
3789
3752
4268
5005
4968
4767
4286
4138
3677
3143
2994
2650
3189
3407
2927
2740
2224
1815
1664
1671
1832
2460
3124
3271
3428
3522
3565
3331
3425
3392
4004
5143
5573
5688
5166
4577
4218
4349
4486
4672
4642
4155
3376
2657
2482
2511
2684
2251
1528
803
375
187
-13
-313
-923
-1434
-1670
-1411
-1034
-865
-1206
-1987
-2629
-2956
-2894
-2407
-1747
-1280
-1347
-1918
-2569
-2908
-2742
-2530
-2228
-1912
-1838
-1987
-2393
-2700
-2825
-2793
-2869
-3111
-3176
-3070
-2932
-2966
-3304
-3731
-4090
-4459
-4737
-4649
-4326
-4040
-4025
-4425
-4925
-5176
-5022
-4554
-3852
-3273
-3108
-3220
-3324
-3115
-2426
-1506
-805
-463
-482
-562
-470
31
647
1141
1354
1296
1182
1043
1025
1059
1349
1684
1823
1605
1183
858
761
896
1165
1511
1666
1535
1079
598
708
1170
1731
2178
2143
2219
2013
1961
2209
2631
3338
3528
3645
3603
3764
4199
4262
4454
4571
4551
4575
4349
4375
4422
4587
4626
4231
3816
3137
2731
2519
2410
2371
1996
1495
913
522
343
198
101
-158
-467
-716
-878
-770
-452
-93
-8
-239
-483
-478
-57
480
834
804
414
65
56
395
869
1116
833
181
-536
-967
-1046
-984
-1084
-1379
-1791
-2360
-2972
-3456
-3781
-3941
-3980
-4177
-4499
-4894
-5113
-5193
-5182
-5086
-5014
-4976
-4997
-4950
-4804
-4510
-4184
-3839
-3437
-3049
-2837
-2704
-2520
-2120
-1600
-940
-406
-191
-245
-433
-440
-274
221
580
790
852
675
445
181
-100
-269
-182
145
334
316
-49
-438
-624
-780
-860
-801
-541
-442
-361
-444
-248
4
73
26
219
851
1185
1386
1619
1730
2390
2735
2814
3068
3218
3642
3470
3649
3522
3711
4198
4098
4093
3644
3403
3457
3239
3140
2744
2452
2497
2233
2144
1773
1654
1092
657
409
120
601
1005
967
780
295
-272
-72
406
730
844
1131
1294
1800
2116
1916
1658
1302
1137
1493
2159
2638
2649
1870
925
285
277
427
555
60
-745
-1418
-2060
-2363
-2620
-3005
-3468
-3788
-4155
-4402
-4504
-4529
-4549
-4589
-4717
-4716
-4504
-4217
-3828
-3405
-2983
-2719
-2497
-2266
-1788
-1315
-883
-527
-341
-79
264
790
1152
1345
1275
1101
995
855
636
496
456
513
523
384
127
-260
-584
-1142
-1425
-1544
-1356
-1086
-942
-1020
-1343
-1377
-1281
-1209
-1394
-1540
-1435
-1051
-593
-123
246
869
1199
975
300
169
745
1517
2423
2798
2894
2804
2907
2314
1739
1604
1835
2141
2319
2393
2156
2398
2466
1941
796
239
416
793
1121
1122
1045
1149
1317
835
124
242
905
1319
1354
1260
1308
1492
1775
1694
1812
2314
2752
2602
2362
2478
2679
2843
2753
2401
1732
965
72
-321
6
835
1071
512
-718
-2138
-3268
-3998
-4031
-3815
-3380
-3350
-3617
-3889
-3927
-4015
-4443
-4963
-5200
-4984
-4220
-3201
-2147
-1258
-834
-851
-1296
-1509
-1466
-945
-104
917
1755
1962
1729
1308
1064
1131
1215
1048
510
5
-213
-150
287
330
-119
-1339
-2449
-3164
-3118
-2502
-2132
-2008
-2363
-2427
-2468
-2232
-2051
-1905
-1788
-1647
-1212
-686
9
536
757
697
744
912
1172
1402
1702
1961
2390
2653
2613
2351
2053
1988
2050
2267
2068
1866
1633
1565
1487
1332
1164
903
704
272
-45
-49
285
412
132
-393
-459
-95
584
1155
1398
1558
1523
1750
1857
2480
2917
3188
3162
3053
3225
3386
4001
4057
4210
3753
3396
2757
2057
1181
-157
-724
-1060
-125
346
638
-375
-2153
-3905
-5387
-5376
-5043
-4019
-3780
-3847
-4101
-4201
-3750
-3311
-2886
-2965
-3233
-3342
-3000
-1963
-522
769
1688
1761
1457
834
541
709
1124
1724
1823
1897
1574
1472
1375
1155
735
-231
-1085
-1966
-2065
-1909
-1634
-1715
-2416
-3212
-4115
-4408
-4493
-4231
-3937
-3704
-3270
-2928
-2286
-1625
-915
-304
30
293
431
842
1505
2371
3336
3936
4096
3789
3356
3222
3422
3785
3912
3643
3175
2628
2371
2272
2177
1911
1197
496
-199
-454
-554
-621
-708
-934
-915
-1015
-947
-937
-807
-514
-178
313
811
1247
1794
2136
2757
3238
3650
3907
3663
3782
3561
3882
3952
4101
4182
4026
3987
3556
2993
1721
215
-1721
-2655
-3217
-2291
-1718
-1237
-1718
-3166
-4257
-5735
-5720
-5960
-5514
-5462
-5461
-4956
-4369
-3115
-2287
-1719
-1733
-2154
-2389
-2312
-1537
-275
1004
2165
2620
2755
2456
2139
2018
1805
1726
1104
532
-120
-299
-157
-151
-375
-1422
-2501
-3685
-4220
-4289
-4335
-4298
-5070
-5420
-6061
-5742
-5345
-4749
-4168
-4099
-3586
-3448
-2436
-1647
-386
613
1452
2275
2714
3460
3784
4421
4623
4780
4680
4443
4466
4499
4773
4742
4456
3806
2988
2365
2023
1979
2039
1843
1440
820
248
-118
-347
-371
-408
-460
-592
-854
-861
-722
-85
600
1338
1857
2147
2511
2748
3417
3939
4666
5093
5265
5421
5152
5283
4925
5042
4857
4889
4708
4152
2989
1107
-1239
-3304
-4345
-4490
-3531
-3380
-3125
-4338
-5167
-6044
-6431
-5976
-6193
-5771
-6325
-5886
-5112
-3599
-1631
-498
541
415
538
587
1129
2064
2722
3370
3426
3540
3565
3650
3761
3533
2976
1904
542
-757
-1810
-2519
-3094
-3822
-4603
-5583
-6087
-6373
-6123
-6013
-6437
-7197
-8616
-9000
-9337
-8210
-7348
-6190
-5242
-4729
-3428
-2816
-1155
-495
632
1151
1608
2298
2680
3782
4444
5499
5739
5709
5117
4561
4252
4100
4080
3698
3297
2625
2347
2166
2367
2484
2355
1991
1289
931
666
942
1195
1451
1520
1400
1562
1744
2449
2894
3439
3612
3841
4157
4555
5197
5592
6101
6127
6282
6077
5972
5670
5226
4916
4291
4170
3628
3451
2710
1224
-609
-3448
-4626
-5755
-5144
-4963
-5157
-5202
-6231
-5842
-6190
-5324
-4904
-4670
-4581
-4949
-4327
-3343
-1569
38
1267
1889
2218
2505
3201
3971
4493
4427
3710
3126
2566
2583
2530
2407
1891
693
-711
-2345
-3460
-4321
-5099
-6144
-7540
-8835
-9551
-9410
-8588
-7684
-7445
-7786
-8666
-8971
-8735
-7915
-6975
-6461
-5808
-5188
-3880
-2309
-736
548
1172
1474
1530
1649
1978
2368
2677
2833
2596
2414
2135
2108
2090
1814
1435
693
245
-150
-200
-85
89
449
676
974
1171
1473
1841
2273
2628
2949
3098
3248
3403
3742
4373
5046
5720
6039
6398
6587
7010
7236
7448
7495
7335
7310
6986
6924
6488
6135
5566
4890
4289
3740
3345
2978
1649
-159
-2845
-4644
-5218
-5307
-4645
-5336
-5124
-5409
-4897
-4260
-3953
-2953
-2732
-2296
-2406
-2151
-1121
274
1727
2729
3222
3778
4434
5238
6034
5962
5495
4416
3644
3241
2656
2210
1181
465
-450
-1518
-2465
-3558
-4182
-5117
-6267
-7587
-8791
-9304
-9233
-8777
-8032
-7661
-7242
-7035
-6642
-5932
-5632
-5168
-5370
-5034
-4612
-3794
-2720
-1915
-863
-285
345
532
666
647
559
162
-480
-1178
-1541
-1395
-1329
-1374
-1988
-2230
-2302
-2041
-1928
-2088
-1979
-1776
-1152
-641
-97
487
1144
1871
2590
3198
3863
4365
4852
5051
5066
5190
5509
6212
6664
6995
6968
7238
7515
7875
7862
7696
7526
7361
7098
6530
5798
5072
4511
3810
3399
2554
2399
1175
-189
-2455
-4313
-4541
-4857
-4292
-5389
-5396
-5157
-4338
-3437
-3215
-2030
-1075
-197
-247
-109
858
2485
3405
3548
3390
3792
4974
5644
6215
5834
5454
4891
3982
3406
2253
1568
539
-472
-1747
-3365
-4476
-5084
-5150
-5558
-6534
-7632
-8076
-8022
-7670
-7656
-7341
-6850
-6096
-5727
-5416
-4893
-4039
-3240
-3269
-3196
-3310
-2307
-1765
-1203
-1145
-1069
-484
-404
-87
-501
-541
-924
-1409
-2182
-2893
-3308
-3728
-4273
-5121
-5494
-5601
-5098
-4870
-4622
-4282
-3743
-2767
-2102
-1353
-822
-85
800
1547
2272
2931
3770
4511
5026
5139
5595
6055
6833
7079
7073
7421
7492
8165
7809
7937
7794
7841
7967
7240
7057
6216
6078
5322
4647
3924
3267
2624
840
-1176
-3428
-3902
-4104
-4080
-4826
-5233
-4402
-3736
-2809
-2707
-1316
74
826
608
408
1896
3610
4634
4189
3983
4541
5719
6385
6649
6753
6575
6207
5131
4437
3657
3092
2126
539
-1199
-3079
-4037
-4551
-4954
-5861
-7038
-7645
-7665
-7387
-7282
-7116
-6739
-6273
-5944
-5549
-4674
-3672
-2928
-2899
-2981
-2648
-2037
-1236
-873
-508
-389
-273
-124
87
522
621
297
-426
-1016
-1401
-1667
-2277
-3105
-4094
-4819
-5244
-5603
-5704
-5798
-5617
-5405
-5027
-4447
-3637
-2742
-2108
-1757
-1341
-572
329
1131
1480
1832
2287
2926
3552
4048
4582
5042
5344
5547
5776
6214
6689
6762
6759
6557
6707
6747
6737
6595
6267
5852
5152
4568
3996
3212
1408
-758
-2839
-3542
-3900
-4375
-4957
-5135
-4195
-3659
-3000
-2372
-799
598
856
582
1039
2815
4298
4697
4290
4645
5526
6502
6893
7126
7495
7338
6906
6027
5573
5149
4444
3177
1355
-365
-1712
-2547
-3512
-4781
-6300
-7238
-7780
-7955
-8073
-7909
-7357
-7007
-6677
-6297
-5284
-4160
-3378
-3203
-3045
-2871
-2496
-2300
-2026
-1490
-1138
-681
-621
-138
378
947
1113
738
338
-31
-324
-869
-1613
-2399
-2974
-3604
-4118
-4662
-4842
-4894
-5129
-5254
-5228
-4673
-4069
-3557
-3056
-2583
-1851
-1151
-397
381
931
1294
1423
1657
2039
2373
2713
2986
3246
3602
3882
4419
4890
5316
5561
5569
5678
5675
5774
5787
5659
5304
4791
4361
4026
3085
1439
-671
-2292
-3031
-3756
-4556
-5349
-5140
-4400
-3804
-3187
-2093
-274
1073
1373
1433
2421
4034
5058
4933
4713
5136
5995
6673
6851
7204
7517
7636
7381
6947
6708
6255
5388
3892
2130
659
-453
-1536
-2979
-4585
-5837
-6527
-7038
-7472
-7748
-7585
-7276
-7104
-6702
-5962
-4874
-4170
-3826
-3586
-3179
-2809
-2708
-2647
-2372
-1833
-1380
-873
-408
345
994
1512
1685
1585
1540
1305
970
253
-502
-1206
-1750
-2304
-2888
-3334
-3560
-3691
-3897
-3949
-3809
-3429
-3120
-2920
-2698
-2373
-1823
-1249
-675
-134
336
847
1260
1638
1815
1931
2086
2263
2461
2557
2780
3007
3354
3597
3956
4309
4586
4693
4531
4555
4433
4348
3901
3506
3018
2027
512
-1320
-2477
-3217
-3910
-5078
-5879
-5835
-5179
-4565
-3967
-2729
-1166
133
576
1189
2444
3952
4646
4474
4435
4970
5852
6366
6578
6827
7268
7623
7754
7661
7513
7165
6374
5118
3591
2321
1108
-309
-2118
-3875
-5062
-5973
-6728
-7590
-7873
-7840
-7509
-7265
-6746
-5973
-5393
-4859
-4677
-3981
-4050
-3989
-4323
-3820
-3068
-2699
-2118
-1834
-509
73
1028
1559
2414
2802
2562
2279
1881
1822
842
-82
-1353
-1938
-2715
-3283
-3617
-3798
-3685
-3903
-3697
-3362
-2722
-2429
-2369
-2300
-1871
-1207
-649
-283
29
599
1129
1503
1643
2030
2679
3212
3354
3379
3807
4389
4753
4653
4716
4954
5150
4958
4576
4436
4197
3890
3195
2452
1129
-594
-2272
-3377
-4100
-5269
-6420
-7144
-6855
-6526
-6117
-5289
-3754
-2153
-1334
-538
835
2833
4137
4507
4605
5198
6083
6623
6817
6852
7089
7313
7589
7767
7843
7808
7494
6875
5821
4728
3740
2568
758
-1484
-3291
-4344
-5204
-6347
-7464
-7826
-7634
-7280
-7047
-6456
-5652
-5113
-4953
-5011
-4448
-4094
-3714
-3982
-3887
-3400
-2682
-1755
-1315
-428
213
1257
1799
2311
2581
2740
2503
1727
1042
328
-81
-1109
-1986
-2799
-2968
-3042
-3175
-3199
-3111
-2860
-2739
-2477
-2146
-1730
-1644
-1560
-1375
-868
-379
8
379
812
1278
1687
2189
2878
3577
3977
4069
4118
4402
4699
4805
4585
4459
4441
4479
4190
3776
3507
3365
2900
1591
-42
-1472
-2289
-3261
-4577
-5921
-6548
-6564
-6605
-6559
-5962
-4482
-3062
-2170
-1464
-98
1736
3041
3491
3636
4183
4883
5248
5256
5296
5572
5845
5987
6096
6316
6542
6491
6080
5440
4837
4169
3210
1797
236
-1111
-2237
-3349
-4501
-5378
-5875
-6042
-6098
-5898
-5530
-5093
-4781
-4472
-4084
-3778
-3528
-3429
-3153
-2946
-2638
-2289
-1734
-1117
-595
7
607
1232
1495
1613
1535
1428
1011
436
-177
-823
-1454
-2131
-2449
-2636
-2711
-2913
-2902
-2622
-2225
-1963
-1887
-1698
-1470
-1220
-1217
-1186
-1058
-776
-580
-509
-242
324
1101
1594
1920
2334
3012
3569
3735
3778
3965
4281
4304
4150
4002
3982
3806
3423
2968
2310
1313
21
-1035
-1876
-2855
-4123
-5151
-5584
-5765
-5989
-5939
-5128
-3969
-3124
-2523
-1420
290
1795
2550
2919
3535
4286
4709
4778
4835
5069
5236
5312
5388
5648
5953
6134
6085
5746
5311
4799
4210
3175
1850
514
-497
-1447
-2596
-3668
-4291
-4345
-4419
-4546
-4640
-4296
-3873
-3580
-3463
-3280
-2946
-2773
-2678
-2657
-2263
-1778
-1263
-977
-612
26
822
1467
1650
1747
1796
1874
1537
1033
467
-51
-703
-1470
-1934
-2105
-2108
-2345
-2478
-2361
-1949
-1641
-1512
-1383
-1236
-1115
-1220
-1285
-1290
-1204
-1268
-1354
-1251
-882
-354
53
449
882
1488
2032
2456
2731
2937
3121
3194
3190
3008
2744
2393
2097
1659
898
-131
-1039
-1643
-2275
-3179
-4122
-4576
-4678
-4827
-5087
-4877
-4057
-3157
-2656
-2130
-977
555
1709
2217
2650
3329
4053
4359
4387
4401
4522
4553
4487
4477
4605
4798
4838
4693
4350
4070
3758
3255
2263
1066
36
-738
-1580
-2654
-3507
-3922
-3931
-4013
-3986
-3736
-3177
-2728
-2471
-2174
-1732
-1235
-1099
-1072
-1065
-758
-461
-221
-75
194
704
1203
1586
1686
1860
1963
1950
1565
1087
648
160
-476
-1188
-1562
-1703
-1753
-1958
-1985
-1742
-1307
-911
-614
-347
-208
-157
-157
-101
-154
-363
-649
-784
-732
-572
-358
-76
219
517
899
1417
1919
2234
2375
2364
2242
1954
1667
1237
442
-857
-2186
-3056
-3593
-4322
-5406
-6173
-6323
-6071
-5949
-5668
-4905
-3815
-2914
-2213
-1167
294
1672
2344
2651
3068
3831
4433
4587
4407
4298
4415
4558
4634
4527
4497
4487
4469
4180
3805
3439
2995
2161
947
-118
-903
-1581
-2662
-3780
-4512
-4580
-4462
-4409
-4232
-3715
-2902
-2227
-1484
-654
306
895
1168
1421
1861
2319
2380
2213
2046
2226
2401
2478
2389
2363
2370
2226
2003
1722
1532
1114
521
-189
-620
-816
-1045
-1429
-1835
-1851
-1602
-1207
-972
-690
-351
48
339
509
726
869
913
686
614
696
904
891
777
851
1122
1488
1609
1836
2016
2141
1871
1537
1265
737
-390
-2053
-3364
-4345
-5246
-6631
-7854
-8448
-8456
-8379
-8298
-7568
-6315
-4890
-3855
-2637
-1020
762
2003
2601
3105
3723
4356
4452
4227
3906
3836
3809
3696
3518
3393
3449
3456
3342
3025
2745
2377
1755
760
-298
-1172
-1990
-3009
-4198
-5077
-5454
-5460
-5462
-5319
-4886
-4060
-3130
-2168
-1113
-9
1011
1736
2379
2974
3600
3908
3901
3706
3620
3681
3626
3420
3077
2900
2734
2540
2210
1915
1646
1247
717
188
-34
-166
-427
-867
-1113
-966
-670
-498
-465
-251
147
523
725
873
1118
1369
1521
1577
1705
1895
2019
2048
2045
2147
2270
2384
2441
2381
2239
2002
1845
1501
780
-402
-1654
-2653
-3652
-4805
-6219
-7247
-7923
-8288
-8601
-8568
-7948
-7036
-5998
-5028
-3559
-1883
-178
1003
1903
2777
3622
4309
4448
4393
4108
4014
3826
3620
3308
3023
2867
2601
2361
1940
1686
1252
678
-219
-1138
-1904
-2718
-3563
-4646
-5383
-5910
-5984
-6036
-5869
-5475
-4791
-3783
-2834
-1658
-643
572
1449
2292
2888
3450
3878
3951
3945
3715
3763
3572
3448
3075
2873
2660
2390
2079
1678
1466
1044
697
227
46
-108
-244
-423
-518
-364
-254
-123
-126
77
264
415
395
392
602
823
1017
988
1144
1387
1796
2017
2204
2480
2842
3163
3102
3045
2848
2767
2068
1031
-296
-1328
-2283
-3535
-4875
-6215
-6798
-7371
-7573
-7861
-7409
-6647
-5732
-4838
-3887
-2356
-1027
250
813
1605
2291
3041
3339
3293
3292
3246
3421
3255
3216
3046
3070
2937
2714
2469
2212
1975
1441
749
-45
-732
-1408
-2222
-3065
-3844
-4351
-4638
-4767
-4690
-4523
-4041
-3469
-2580
-1687
-693
212
1050
1886
2514
3157
3469
3782
3744
3725
3571
3481
3348
3070
2818
2460
2318
2047
1901
1590
1357
1073
871
757
662
640
533
521
498
625
697
766
721
655
546
445
326
215
72
-81
-201
-242
-153
-59
128
235
485
633
845
871
832
582
97
-551
-1470
-2339
-3462
-4432
-5554
-6373
-7068
-7430
-7492
-7320
-6700
-5956
-4777
-3664
-2279
-1051
215
1241
2014
2614
2889
3106
2922
2738
2298
1984
1599
1301
1092
924
906
814
851
789
785
599
311
-129
-666
-1249
-1914
-2555
-3187
-3675
-4009
-4101
-3955
-3555
-2926
-2129
-1226
-227
798
1834
2705
3404
3897
4228
4412
4384
4255
3977
3708
3369
3089
2844
2704
2633
2554
2520
2464
2494
2443
2387
2245
2090
1930
1763
1655
1554
1570
1599
1722
1870
2093
2336
2518
2652
2657
2659
2523
2357
2072
1779
1486
1196
997
780
713
596
571
434
292
41
-377
-917
-1728
-2578
-3679
-4716
-5890
-6937
-7899
-8667
-9111
-9330
-9100
-8663
-7771
-6721
-5361
-3936
-2445
-984
291
1455
2279
2961
3275
3433
3312
3063
2693
2229
1782
1268
848
388
22
-378
-758
-1189
-1662
-2167
-2758
-3357
-4032
-4677
-5292
-5792
-6145
-6301
-6228
-5911
-5330
-4503
-3453
-2221
-899
453
1742
2916
3935
4740
5319
5583
5617
5410
5060
4554
3967
3360
2747
2229
1772
1484
1293
1261
1285
1404
1577
1801
2074
2298
2522
2658
2821
2925
3036
3106
3185
3277
3359
3490
3587
3768
3898
4047
4120
4195
4249
4250
4230
4109
4030
3855
3706
3457
3202
2863
2438
1945
1273
571
-332
-1230
-2286
-3325
-4388
-5400
-6269
-7072
-7607
-8016
-8065
-7946
-7512
-6882
-6023
-4969
-3866
-2655
-1545
-410
532
1404
2044
2520
2824
2956
2990
2826
2637
2300
1960
1478
983
435
-164
-800
-1560
-2317
-3173
-3988
-4861
-5684
-6477
-7159
-7667
-8009
-8096
-7980
-7535
-6866
-5928
-4823
-3543
-2153
-763
556
1696
2714
3493
4055
4291
4308
4123
3786
3335
2774
2235
1710
1286
880
587
382
320
311
283
303
358
490
567
638
723
905
1108
1303
1563
1914
2374
2818
3262
3712
4209
4657
4966
5146
5250
5297
5189
4936
4612
4344
4105
3821
3536
3378
3384
3396
3341
3230
3148
2975
2537
1847
1032
177
-885
-2154
-3448
-4527
-5395
-6169
-6745
-6933
-6653
-6102
-5357
-4394
-3153
-1788
-531
567
1567
2493
3167
3517
3577
3512
3355
3041
2555
1998
1508
1057
562
3
-483
-894
-1334
-1911
-2557
-3165
-3788
-4506
-5331
-6127
-6828
-7445
-8003
-8415
-8601
-8541
-8263
-7782
-7048
-6093
-4951
-3727
-2450
-1165
89
1237
2198
2964
3520
3863
3964
3860
3592
3213
2727
2176
1654
1215
859
581
439
461
615
822
1084
1425
1805
2136
2361
2526
2669
2774
2783
2715
2663
2677
2707
2705
2709
2786
2910
2950
2842
2659
2452
2147
1639
964
268
-390
-1059
-1739
-2319
-2670
-2792
-2755
-2564
-2142
-1468
-646
202
1029
1876
2714
3431
3924
4218
4385
4431
4292
3968
3562
3164
2768
2316
1858
1468
1168
889
582
237
-109
-465
-889
-1423
-2053
-2695
-3320
-3947
-4584
-5157
-5547
-5719
-5749
-5647
-5335
-4739
-3948
-3100
-2228
-1256
-223
722
1435
1954
2378
2640
2622
2273
1785
1242
634
-155
-1009
-1744
-2280
-2712
-3139
-3406
-3428
-3209
-3005
-2800
-2525
-2078
-1652
-1411
-1276
-1096
-823
-673
-631
-596
-352
-20
297
579
1004
1589
2158
2585
2894
3241
3518
3588
3362
3021
2666
2262
1697
1041
493
142
-97
-310
-402
-255
87
427
711
1004
1355
1616
1660
1485
1238
960
572
32
-536
-974
-1261
-1458
-1590
-1534
-1240
-771
-278
234
821
1460
2031
2420
2662
2831
2932
2855
2604
2272
1957
1645
1265
854
502
277
86
-139
-361
-499
-591
-730
-948
-1200
-1400
-1594
-1853
-2159
-2408
-2532
-2588
-2629
-2591
-2390
-2018
-1582
-1128
-631
-22
615
1164
1591
1949
2280
2484
2510
2370
2213
2033
1788
1428
1066
803
599
390
108
-91
-241
-367
-654
-1032
-1438
-1832
-2292
-2929
-3556
-4147
-4564
-5006
-5353
-5560
-5464
-5175
-4802
-4287
-3609
-2670
-1759
-851
-57
826
1643
2328
2775
3097
3411
3583
3619
3431
3283
3098
2887
2490
2069
1695
1361
960
431
-45
-448
-771
-1202
-1626
-1966
-2147
-2284
-2431
-2506
-2423
-2186
-1914
-1613
-1201
-604
64
714
1368
2106
2911
3653
4249
4745
5190
5533
5653
5539
5255
4885
4344
3622
2788
1956
1166
379
-373
-1005
-1415
-1675
-1811
-1853
-1710
-1452
-1128
-844
-573
-312
-100
7
-21
-61
-162
-255
-436
-535
-581
-517
-435
-293
-58
207
490
655
813
826
799
516
171
-335
-846
-1482
-2161
-2764
-3313
-3671
-4057
-4186
-4256
-4040
-3835
-3495
-3143
-2694
-2249
-1915
-1602
-1404
-1143
-1088
-1006
-1059
-989
-975
-922
-871
-737
-498
-255
44
291
646
932
1215
1358
1491
1546
1544
1437
1272
1111
948
817
671
624
653
799
994
1272
1598
2002
2394
2774
3092
3353
3542
3600
3554
3378
3129
2777
2368
1891
1420
947
522
134
-183
-420
-565
-619
-613
-525
-397
-206
2
229
450
669
871
1054
1194
1304
1381
1431
1447
1405
1333
1229
1093
907
663
383
78
-273
-665
-1105
-1542
-1983
-2413
-2846
-3239
-3555
-3806
-3973
-4080
-4068
-3947
-3725
-3442
-3088
-2669
-2197
-1730
-1292
-887
-518
-198
22
163
239
276
263
210
142
93
75
82
99
157
258
368
446
492
502
464
331
102
-218
-606
-1031
-1532
-2040
-2528
-2941
-3271
-3509
-3624
-3586
-3393
-3064
-2641
-2113
-1482
-802
-122
524
1156
1734
2243
2666
3002
3281
3513
3686
3804
3885
3967
4024
4035
4008
3932
3816
3626
3340
2963
2509
1986
1393
746
87
-547
-1112
-1608
-1998
-2235
-2315
-2230
-2006
-1645
-1165
-598
17
632
1222
1762
2224
2581
2822
2968
3025
2992
2884
2722
2546
2354
2153
1951
1757
1579
1394
1191
960
710
439
121
-236
-601
-973
-1337
-1689
-2004
-2267
-2450
-2560
-2611
-2582
-2491
-2334
-2136
-1929
-1707
-1488
-1290
-1118
-995
-893
-823
-779
-769
-784
-793
-810
-831
-866
-903
-935
-972
-1032
-1107
-1196
-1290
-1397
-1524
-1648
-1756
-1840
-1905
-1942
-1937
-1888
-1804
-1677
-1531
-1357
-1164
-969
-774
-586
-415
-256
-116
-2
101
185
267
334
393
443
486
524
542
542
523
476
416
331
232
126
26
-62
-136
-172
-176
-124
-23
125
323
549
808
1080
1347
1607
1834
2033
2190
2306
2369
2386
2365
2317
2245
2160
2075
1993
1926
1871
1837
1809
1797
1794
1792
1791
1780
1764
1726
1673
1612
1540
1457
1360
1254
1149
1045
935
808
670
528
374
202
11
-207
-428
-651
-875
-1094
-1297
-1471
-1614
-1724
-1795
-1818
-1795
-1743
-1663
-1558
-1440
-1315
-1193
-1084
-983
-896
-818
-763
-717
-678
-647
-617
-596
-575
-559
-552
-560
-593
-651
-727
-833
-969
-1127
-1300
-1490
-1695
-1895
-2085
-2249
-2389
-2498
-2569
-2599
-2593
-2559
-2496
-2412
-2310
-2192
-2067
-1928
-1786
-1644
-1497
-1343
-1182
-1007
-807
-591
-364
-116
143
403
664
917
1151
1366
1557
1715
1840
1934
2005
2038
2050
2047
2034
2022
2007
1997
1995
1996
1998
2002
2008
2003
1984
1958
1915
1846
1765
1667
1550
1425
1299
1173
1058
956
873
806
756
732
725
730
751
776
812
846
868
891
907
915
914
906
890
873
850
822
790
749
699
645
577
500
418
322
220
115
-1
-115
-232
-351
-457
-563
-658
-743
-824
-898
-966
-1028
-1090
-1144
-1190
-1233
-1269
-1303
-1329
-1352
-1372
-1381
-1391
-1395
-1396
-1405
-1412
-1431
-1454
-1481
-1517
-1551
-1592
-1629
-1657
-1674
-1676
-1665
-1636
-1585
-1518
-1430
-1325
-1214
-1093
-975
-853
-742
-638
-544
-456
-370
-297
-228
-159
-92
-12
69
156
254
356
462
571
672
771
857
926
992
1034
1067
1087
1093
1088
1076
1061
1039
1015
999
976
959
943
920
899
866
830
795
743
693
633
567
510
444
383
330
283
258
245
250
271
307
358
425
499
584
678
770
869
959
1043
1118
1183
1243
1287
1319
1330
1326
1309
1268
1207
1123
1010
873
712
533
331
111
-121
-362
-607
-853
-1084
-1311
-1507
-1686
-1835
-1952
-2041
-2084
-2100
-2078
-2014
-1922
-1800
-1650
-1481
-1292
-1092
-882
-683
-490
-307
-147
-8
103
177
221
236
209
154
71
-32
-153
-288
-428
-573
-715
-848
-975
-1087
-1183
-1260
-1315
-1351
-1367
-1362
-1337
-1284
-1209
-1112
-994
-855
-697
-524
-350
-165
24
210
388
555
717
854
969
1069
1143
1204
1238
1258
1262
1249
1230
1191
1146
1099
1040
983
922
850
788
725
666
615
566
528
498
487
494
507
544
588
648
722
799
891
978
1059
1139
1208
1267
1310
1340
1358
1354
1332
1298
1248
1189
1116
1030
936
829
719
593
458
317
160
2
-163
-331
-501
-671
-828
-980
-1115
-1233
-1330
-1402
-1452
-1476
-1475
-1451
-1405
-1338
-1256
-1162
-1061
-958
-850
-755
-662
-572
-511
-456
-404
-378
-368
-370
-389
-421
-471
-525
-595
-673
-751
-839
-927
-1010
-1085
-1150
-1206
-1249
-1277
-1287
-1274
-1247
-1201
-1136
-1052
-956
-842
-714
-577
-428
-274
-121
32
188
335
480
616
735
852
956
1044
1123
1182
1230
1263
1281
1288
1279
1247
1211
1159
1087
1019
932
841
757
668
587
518
458
415
390
381
396
419
460
522
589
663
740
824
897
962
1024
1064
1098
1112
1108
1102
1066
1016
956
876
793
692
581
468
342
225
94
-32
-160
-289
-403
-533
-648
-761
-878
-971
-1065
-1144
-1206
-1263
-1294
-1314
-1310
-1300
-1276
-1226
-1179
-1114
-1038
-967
-882
-803
-734
-664
-603
-560
-517
-491
-477
-471
-482
-490
-515
-545
-573
-603
-641
-677
-708
-754
-781
-804
-836
-849
-858
-865
-845
-824
-780
-717
-646
-546
-426
-307
-163
-18
123
277
414
532
652
750
830
913
967
1013
1058
1086
1116
1141
1152
1177
1197
1209
1226
1231
1227
1218
1201
1163
1110
1049
974
901
818
724
653
571
500
457
406
382
363
359
366
375
405
413
437
453
454
458
421
402
347
285
230
142
73
-7
-77
-146
-213
-252
-313
-342
-364
-391
-393
-406
-410
-410
-413
-424
-438
-450
-476
-497
-525
-551
-582
-617
-634
-660
-680
-696
-714
-737
-756
-772
-805
-832
-858
-890
-916
-943
-967
-975
-982
-970
-940
-901
-837
-755
-667
-566
-461
-355
-242
-143
-50
34
103
156
202
233
250
258
268
268
260
260
261
264
270
276
285
290
291
287
285
278
267
261
261
252
250
267
282
309
345
392
436
485
552
590
638
693
704
731
724
709
681
618
569
467
395
300
200
134
45
-5
-58
-88
-88
-90
-47
-9
67
148
229
340
434
536
635
723
794
860
909
929
956
950
923
891
824
746
651
541
405
270
124
-36
-191
-353
-515
-659
-804
-932
-1043
-1145
-1225
-1274
-1314
-1340
-1341
-1331
-1300
-1255
-1198
-1134
-1050
-957
-872
-760
-650
-547
-427
-318
-218
-106
-16
58
125
171
187
194
178
134
86
23
-70
-145
-228
-312
-374
-430
-472
-494
-491
-478
-440
-381
-332
-267
-197
-133
-72
-15
30
54
83
89
96
96
81
79
71
72
79
96
129
152
194
241
281
325
371
419
444
483
503
509
526
522
523
523
522
507
509
513
507
522
537
548
582
612
640
672
709
734
764
790
799
818
822
810
795
772
733
683
626
547
465
379
272
168
58
-60
-180
-291
-406
-509
-594
-686
-746
-790
-830
-843
-828
-809
-763
-699
-637
-557
-453
-365
-275
-179
-110
-43
14
34
44
50
18
-20
-59
-126
-190
-241
-320
-372
-408
-449
-465
-466
-463
-450
-419
-399
-368
-324
-304
-283
-252
-258
-260
-265
-284
-308
-327
-353
-371
-380
-403
-406
-403
-404
-389
-360
-336
-292
-254
-214
-167
-116
-78
-28
22
61
121
160
214
260
295
333
359
377
396
414
427
427
429
418
400
396
379
367
364
368
379
408
427
438
467
491
527
555
580
592
594
614
606
594
575
535
509
492
474
440
412
383
362
348
319
299
271
256
234
207
180
115
69
32
-7
-50
-99
-150
-201
-238
-276
-316
-355
-375
-402
-419
-438
-468
-486
-499
-513
-525
-534
-552
-565
-566
-562
-569
-566
-568
-565
-552
-555
-564
-573
-581
-593
-589
-598
-603
-623
-635
-649
-665
-676
-687
-679
-675
-644
-625
-589
-557
-521
-478
-425
-368
-320
-255
-210
-143
-79
-9
45
93
139
177
247
294
327
366
405
429
494
514
527
556
576
623
671
662
622
639
638
670
669
652
608
589
638
618
573
547
501
515
558
550
536
530
536
567
608
607
617
620
679
711
726
725
666
667
692
694
664
610
542
509
470
412
345
271
216
155
96
32
-47
-96
-133
-171
-211
-262
-313
-343
-358
-366
-380
-397
-411
-415
-423
-438
-465
-488
-494
-501
-501
-516
-528
-555
-569
-592
-609
-621
-634
-634
-646
-635
-650
-642
-640
-630
-612
-602
-583
-584
-570
-576
-565
-553
-525
-513
-506
-493
-492
-468
-456
-440
-411
-368
-337
-269
-226
-179
-109
-43
41
115
180
226
301
357
419
450
473
480
484
504
477
432
394
330
291
253
176
108
44
-11
-55
-77
-113
-127
-136
-108
-82
-53
-10
19
93
174
238
305
370
426
497
558
610
650
670
684
689
690
677
645
621
585
538
487
418
350
291
237
187
149
96
47
2
-44
-77
-110
-133
-150
-149
-148
-148
-142
-148
-141
-136
-127
-114
-96
-85
-83
-67
-63
-45
-37
-22
-10
-1
9
3
-1
-13
-23
-38
-44
-62
-80
-100
-127
-152
-181
-205
-230
-252
-281
-292
-307
-313
-315
-321
-309
-299
-278
-257
-228
-200
-164
-133
-98
-71
-49
-18
1
19
35
35
38
38
19
7
-3
-29
-52
-72
-103
-125
-151
-174
-193
-208
-212
-218
-212
-200
-184
-165
-140
-121
-94
-60
-34
5
33
56
83
113
142
170
188
195
200
198
192
178
174
158
140
134
114
100
91
76
65
58
49
42
41
38
33
43
47
53
69
84
90
105
117
123
135
143
147
143
146
145
142
143
137
132
121
115
111
104
98
95
83
75
69
61
60
57
52
50
52
51
53
54
53
52
51
42
38
29
21
11
0
-15
-24
-33
-49
-64
-76
-90
-106
-116
-134
-146
-147
-150
-156
-154
-148
-147
-135
-126
-118
-101
-85
-73
-62
-45
-25
-3
12
24
38
51
58
60
68
70
59
54
42
32
25
14
2
-6
-21
-37
-48
-62
-81
-90
-99
-115
-116
-114
-122
-122
-118
-118
-109
-104
-108
-103
-101
-106
-103
-97
-98
-93
-86
-86
-87
-87
-90
-90
-87
-87
-88
-81
-79
-70
-61
-53
-42
-38
-30
-23
-17
-9
-4
4
8
12
23
30
27
30
33
33
38
36
33
36
39
39
45
45
53
56
55
59
60
61
60
62
60
60
58
62
62
60
60
52
54
51
49
48
54
58
57
66
69
75
81
92
98
105
117
128
138
146
153
162
168
173
182
182
176
172
171
172
163
160
153
140
125
106
92
81
66
59
43
22
6
-14
-29
-34
-44
-53
-55
-68
-80
-89
-99
-101
-104
-105
-110
-114
-119
-122
-122
-119
-112
-111
-112
-110
-109
-109
-109
-100
-94
-88
-85
-92
-89
-92
-100
-102
-107
-109
-115
-122
-126
-133
-134
-133
-138
-137
-135
-133
-137
-133
-126
-120
-111
-98
-93
-82
-70
-62
-50
-45
-38
-30
-26
-19
-19
-12
-4
-3
3
5
7
9
11
13
17
17
17
22
24
27
31
39
47
50
58
69
72
80
92
105
117
124
134
143
154
168
175
180
185
184
189
191
190
192
190
186
184
175
164
155
146
145
145
139
130
121
109
103
96
90
91
89
82
71
59
56
48
45
44
35
26
18
8
-2
-12
-18
-19
-22
-29
-37
-48
-60
-67
-78
-84
-91
-98
-105
-116
-124
-137
-143
-148
-156
-164
-175
-186
-194
-201
-203
-208
-206
-205
-207
-208
-210
-204
-197
-188
-180
-169
-165
-162
-156
-146
-134
-126
-118
-104
-93
-89
-78
-64
-61
-52
-46
-43
-32
-23
-13
-1
9
18
31
42
53
64
73
83
94
104
114
130
140
146
155
162
163
168
170
176
181
180
181
180
179
175
169
166
162
161
158
158
156
154
155
149
145
144
140
137
127
125
124
113
101
95
89
84
80
72
64
55
49
40
35
33
29
22
11
-3
-13
-19
-28
-38
-42
-48
-59
-77
-88
-92
-101
-107
-120
-128
-135
-144
-148
-150
-151
-154
-150
-153
-162
-161
-165
-164
-161
-165
-174
-181
-182
-180
-174
-171
-169
-169
-168
-169
-172
-175
-176
-172
-160
-154
-144
-132
-121
-110
-98
-88
-80
-73
-67
-52
-37
-18
-8
5
16
22
32
38
47
48
53
61
65
70
79
84
89
93
98
97
93
97
107
114
122
126
129
134
134
135
137
137
137
136
138
144
149
150
149
145
144
143
139
136
132
126
126
121
111
107
101
100
98
86
81
79
73
72
71
69
62
52
43
36
27
19
13
10
3
-2
-9
-18
-23
-33
-37
-43
-47
-54
-68
-67
-65
-63
-62
-63
-65
-70
-77
-79
-86
-91
-98
-102
-107
-114
-113
-110
-112
-112
-114
-114
-113
-117
-121
-125
