-18
-5
4
7
8
9
7
-8
-4
-4
-7
-2
2
5
3
5
3
-5
-3
-2
-5
-3
0
2
3
4
4
-2
-3
-3
-7
-2
4
4
6
7
2
-5
-7
-7
-4
3
8
11
7
1
-5
-13
-12
-1
2
8
15
5
-3
-5
-16
-12
4
5
11
16
3
-9
-10
-13
-8
8
9
14
13
-7
-8
-13
-15
2
9
11
13
4
-11
-12
-10
-13
6
16
8
17
-1
-14
-11
-14
-3
9
13
14
5
-4
-15
-12
-10
-5
15
12
11
10
-10
-11
-12
-9
2
5
14
10
3
-3
-11
-8
-11
1
6
5
15
2
-3
-2
-12
-3
-4
-2
9
7
9
4
2
-7
-11
-4
-11
3
10
7
14
1
-6
-8
-17
-8
0
7
12
12
10
-5
-9
-15
-17
3
5
13
20
4
0
-10
-16
-14
-8
5
11
19
12
0
-6
-18
-15
-4
0
12
15
9
3
-5
-13
-12
-6
-1
6
12
8
7
0
-10
-11
-6
-4
8
5
3
8
3
1
-7
-11
-5
-1
5
3
7
6
1
4
-9
-11
-4
-7
5
10
10
10
2
-3
-13
-11
-6
-2
6
6
12
10
-2
-7
-15
-12
-6
3
14
14
9
1
-8
-12
-13
-6
3
6
12
13
1
-5
-8
-12
-9
3
14
4
5
7
-8
-8
-11
-3
4
9
19
0
-8
-11
-10
0
-2
10
-1
9
19
-4
-5
-18
-12
2
11
16
-4
4
0
-7
2
-2
-3
-11
1
3
-4
11
9
-3
-3
15
3
-15
-4
-10
-19
0
33
21
6
10
-19
-33
-12
6
-16
-9
37
32
20
10
-25
-54
-35
10
2
15
46
29
0
-10
-11
-50
-41
3
9
35
56
35
-20
-33
-22
-44
-16
14
22
31
36
32
-24
-38
-36
-42
-3
27
49
35
21
7
-38
-36
-36
-16
10
14
44
40
32
-13
-50
-44
-43
10
26
25
25
31
34
-38
-43
-30
-24
0
13
40
12
43
28
-51
-48
-28
15
-13
8
35
-9
35
19
-4
-42
-27
21
-41
14
26
13
12
-1
35
-42
-6
8
-39
-8
-8
44
1
15
43
-37
-16
-25
-3
-21
-13
61
2
15
10
-10
-22
-42
16
-21
-6
46
35
16
-27
0
-28
-50
15
26
21
7
22
2
-39
2
-11
-46
-11
56
61
-1
-9
-11
-52
-23
12
-1
-3
44
67
-11
-33
-4
-42
-45
1
38
24
23
45
-31
-51
7
-4
-31
-21
49
44
9
20
-54
-59
4
43
28
-25
37
20
-18
5
-38
-32
-31
44
57
-16
38
-20
-44
-28
8
49
-40
17
-2
-26
40
0
-10
-78
28
86
0
22
-68
-51
9
80
49
-96
5
12
17
35
-24
-22
-34
76
12
-53
16
-19
-49
-76
53
102
50
27
-102
-109
8
125
-26
-165
15
140
158
68
-39
-186
-139
91
38
-22
14
82
28
-16
76
-62
-124
-98
-24
48
56
140
-51
-116
6
74
75
-55
4
-49
-40
66
7
14
-30
75
70
-23
21
-76
-104
-128
17
139
73
115
-18
-122
-112
-35
6
-74
58
115
93
89
-2
-78
-128
-11
54
11
40
20
-26
-72
-42
40
55
76
45
-35
-72
-91
-79
-97
-59
94
153
136
66
4
-38
-108
-55
-52
-19
64
66
51
-29
38
58
-3
-5
-61
-18
-50
-22
-37
-108
10
24
83
47
16
41
-51
-6
-76
-33
-4
-27
104
32
86
83
37
-16
-138
-6
-66
-9
67
-27
42
-10
38
-61
-103
21
-33
86
9
-34
-16
-85
26
-48
25
91
91
139
-39
-27
-79
-98
-33
-93
29
36
100
112
-5
32
-36
-31
-115
-165
-60
-53
83
106
110
137
71
44
-111
-151
-133
-83
27
37
115
94
38
21
-36
-48
-70
-35
-59
-52
24
0
10
31
77
108
101
42
-76
-83
-104
-90
-11
53
134
161
147
38
-54
-108
-196
-170
-87
25
120
134
110
49
21
-23
-73
-70
-57
-4
22
-10
-7
20
57
84
93
90
24
-34
-102
-184
-151
-89
14
94
135
183
128
96
28
-35
-62
-123
-81
-91
-56
32
71
152
162
184
56
-137
-230
-355
-318
-223
-63
103
202
299
191
59
-59
-148
-142
-118
19
100
161
211
159
118
54
51
11
-47
-41
-93
-119
-144
-135
-109
-80
1
11
4
-6
-35
-61
-90
-43
-9
41
110
135
145
140
144
110
82
84
63
51
27
0
-24
-42
-44
-60
-61
-55
-46
-41
-58
-67
-70
-66
-55
-37
-19
-2
31
52
60
69
71
68
60
54
44
27
13
-9
-27
-40
-50
-50
-49
-42
-30
-27
-34
-53
-78
-95
-96
-81
-56
-21
17
44
55
50
34
15
1
-5
-10
-11
-12
-13
-19
-22
-20
-14
-7
-6
-10
-23
-39
-55
-66
-65
-49
-24
2
21
32
32
24
13
1
-9
-16
-20
-23
-24
-22
-15
-5
10
27
36
39
28
13
-6
-18
-18
-1
25
53
79
96
98
87
69
54
40
28
26
28
29
32
34
39
45
47
45
35
19
-4
-23
-27
-15
7
35
61
77
75
58
32
8
-9
-12
-2
17
31
25
1
-34
-68
-98
-119
-129
-121
-104
-79
-50
-23
-6
-1
1
-4
-18
-44
-75
-104
-121
-122
-109
-94
-82
-76
-75
-81
-95
-110
-115
-104
-78
-42
-4
23
41
56
72
86
89
89
97
114
120
114
96
72
47
25
14
9
4
1
7
22
38
52
64
83
102
126
155
182
193
189
180
174
159
125
80
42
12
-15
-37
-52
-58
-57
-54
-43
-33
-26
-17
-2
15
29
40
49
48
40
29
26
28
26
22
23
30
29
21
10
1
-14
-27
-34
-38
-45
-66
-86
-99
-113
-124
-121
-104
-77
-45
0
46
80
89
84
68
30
-25
-84
-138
-182
-218
-242
-246
-241
-243
-245
-234
-216
-206
-195
-162
-115
-80
-56
-28
-1
14
21
35
61
82
108
153
202
225
221
227
252
264
254
249
270
295
304
314
346
363
352
353
402
472
520
554
599
649
662
638
598
524
402
272
206
200
188
159
168
245
327
357
349
323
257
137
-7
-150
-312
-511
-712
-862
-960
-1038
-1100
-1131
-1134
-1126
-1107
-1069
-1026
-992
-948
-868
-757
-647
-550
-464
-391
-349
-334
-342
-377
-435
-493
-539
-585
-645
-708
-757
-797
-836
-865
-867
-852
-841
-813
-736
-631
-543
-461
-340
-180
-34
97
249
413
540
609
657
703
701
635
562
531
513
467
434
470
540
576
593
635
683
687
689
772
925
1066
1200
1408
1662
1846
1926
2008
2133
2220
2223
2236
2311
2353
2280
2184
2159
2123
1972
1757
1614
1534
1409
1210
1009
789
442
-69
-706
-1481
-2436
-3428
-4175
-4520
-4552
-4333
-3776
-2826
-1670
-576
337
1037
1462
1583
1502
1347
1125
802
482
327
350
391
338
210
30
-269
-743
-1340
-1975
-2586
-3125
-3508
-3652
-3569
-3335
-3005
-2593
-2148
-1769
-1496
-1286
-1106
-959
-860
-755
-581
-340
-93
137
358
558
659
597
411
164
-113
-425
-715
-885
-882
-736
-482
-136
245
566
783
904
940
873
694
491
357
321
354
434
576
795
1055
1297
1487
1606
1644
1591
1485
1382
1305
1266
1317
1498
1772
2043
2291
2555
2828
2999
3019
2941
2863
2822
2847
3021
3364
3781
4157
4418
4400
3756
2152
-269
-2917
-5131
-6632
-7391
-7472
-6793
-5364
-3415
-1323
483
1738
2364
2517
2412
2186
1782
1221
681
458
650
1087
1498
1685
1566
1078
190
-1045
-2469
-3911
-5211
-6182
-6593
-6328
-5453
-4183
-2706
-1151
346
1615
2484
2859
2733
2207
1456
676
-2
-537
-916
-1111
-1145
-1125
-1238
-1586
-2139
-2768
-3407
-4018
-4502
-4684
-4384
-3554
-2287
-774
760
2085
3040
3505
3438
2877
1961
887
-90
-764
-1051
-1003
-725
-312
117
424
504
333
-73
-665
-1333
-1899
-2210
-2198
-1905
-1382
-685
128
956
1692
2238
2559
2677
2648
2558
2457
2366
2293
2269
2321
2445
2576
2688
2783
2875
2929
2923
2868
2785
2695
2640
2721
2987
3387
3785
4030
3908
3155
1513
-966
-3790
-6189
-7585
-7830
-7145
-5735
-3708
-1308
1015
2741
3612
3617
2949
1935
966
244
-256
-529
-396
306
1380
2353
2840
2741
2088
900
-696
-2397
-3893
-5004
-5604
-5523
-4687
-3277
-1678
-219
964
1809
2244
2246
1883
1267
528
-185
-674
-809
-626
-297
57
392
645
610
103
-845
-2000
-3135
-4107
-4818
-5107
-4824
-4000
-2809
-1418
0
1217
2017
2295
2128
1653
977
201
-490
-888
-887
-591
-200
131
303
242
-68
-584
-1241
-1937
-2532
-2845
-2747
-2271
-1599
-864
-126
579
1152
1444
1401
1120
788
563
529
676
975
1395
1932
2539
3092
3456
3581
3515
3357
3181
3028
2880
2700
2456
2232
2208
2482
3013
3704
4484
5234
5647
5153
3235
-72
-3961
-7226
-8996
-9121
-7966
-5871
-3028
179
3049
4894
5455
4859
3425
1598
-54
-1075
-1359
-1060
-273
1034
2711
4194
4811
4283
2774
598
-1910
-4331
-6172
-7084
-7013
-6056
-4323
-2051
245
1975
2825
2871
2310
1289
-50
-1425
-2458
-2916
-2797
-2192
-1197
4
1104
1777
1814
1208
62
-1483
-3217
-4785
-5805
-6081
-5683
-4784
-3510
-2022
-642
224
429
191
-186
-601
-1041
-1338
-1272
-798
-98
570
1072
1321
1197
640
-232
-1191
-2096
-2852
-3315
-3352
-2969
-2301
-1494
-619
222
875
1244
1394
1456
1445
1275
928
569
410
527
853
1271
1760
2406
3234
4120
4839
5187
5153
4878
4526
4160
3740
3255
2778
2391
2194
2251
2554
3055
3752
4707
5851
6804
6774
4940
1187
-3535
-7620
-9901
-10195
-9007
-6792
-3635
83
3441
5464
5870
5010
3332
1282
-559
-1592
-1632
-908
331
2063
4079
5691
6074
4942
2627
-418
-3736
-6720
-8677
-9229
-8485
-6734
-4219
-1319
1311
3005
3528
3101
2054
594
-1028
-2390
-3107
-3079
-2472
-1465
-211
1053
2013
2334
1788
380
-1567
-3577
-5258
-6357
-6726
-6326
-5233
-3625
-1779
-9
1335
1860
1418
435
-438
-958
-1308
-1541
-1409
-789
52
675
834
591
49
-780
-1761
-2521
-2785
-2598
-2099
-1323
-362
522
1114
1404
1468
1274
738
-24
-640
-852
-808
-800
-850
-730
-300
380
1177
2024
2978
4108
5316
6331
6847
6728
6064
5128
4136
3089
2004
1069
534
457
657
1001
1585
2570
3937
5484
7019
8199
8119
5687
888
-4608
-8579
-10072
-9661
-8147
-5546
-1841
1966
4471
5128
4423
2906
821
-1302
-2479
-2155
-729
1114
3180
5472
7400
7956
6626
3775
54
-4021
-7748
-10136
-10505
-9040
-6524
-3546
-455
2157
3479
3183
1743
-67
-1796
-3265
-4184
-4163
-3143
-1570
-25
1180
1943
2153
1700
604
-1087
-3245
-5411
-6906
-7331
-6833
-5850
-4706
-3388
-1789
-86
1224
1786
1567
712
-354
-1002
-998
-757
-670
-658
-532
-372
-489
-1089
-2024
-2875
-3340
-3403
-3017
-2085
-795
442
1358
1853
1872
1479
912
361
-163
-651
-1001
-1031
-684
-208
60
70
106
460
1163
2104
3199
4441
5841
7162
7962
7947
7162
5912
4518
3209
2098
1261
786
740
1088
1615
2081
2575
3492
4950
6522
7728
8553
8809
7256
2730
-3810
-9280
-11428
-10781
-9069
-6711
-3025
1304
4245
4764
3816
2501
687
-1593
-3002
-2229
221
2773
4780
6655
8209
8210
5951
2150
-2023
-6101
-9721
-11754
-11181
-8346
-4731
-1507
1086
2895
3327
2030
-393
-2790
-4452
-5244
-5074
-3814
-1719
471
2071
2866
2878
2096
619
-1213
-3019
-4687
-6119
-6858
-6448
-5089
-3643
-2883
-2665
-2237
-1293
-362
-17
-128
-247
-152
231
797
1196
1047
307
-651
-1374
-1768
-2148
-2659
-2878
-2347
-1274
-200
610
1119
1297
1069
514
-102
-459
-391
-5
509
1025
1399
1538
1451
1140
598
-14
-275
194
1394
3000
4601
5991
7180
8012
8115
7248
5580
3697
2243
1512
1329
1391
1674
2292
3062
3586
3637
3458
3617
4443
5741
6943
7742
8055
7017
3322
-2939
-9243
-12583
-12263
-10028
-7438
-4216
-283
2843
3615
2486
970
-425
-1809
-2532
-1403
1453
4448
6396
7407
7689
6592
3608
-562
-4611
-7976
-10425
-11154
-9429
-5790
-1954
640
1746
1691
579
-1571
-4143
-6042
-6605
-5867
-4139
-1791
560
2138
2592
2127
981
-711
-2490
-3664
-4000
-3991
-4082
-4033
-3480
-2680
-2486
-3337
-4515
-4919
-4196
-2882
-1566
-478
313
972
1613
1958
1635
641
-661
-1790
-2333
-2350
-2264
-2153
-1717
-992
-392
-124
-111
-230
-426
-680
-916
-905
-393
533
1471
2090
2212
1847
1308
838
367
-128
-293
323
1797
3781
5735
7183
7991
8293
8134
7375
5930
4074
2480
1746
1910
2500
3134
3849
4658
5196
5053
4271
3327
2894
3327
4322
5315
6232
7071
6482
2718
-3921
-10197
-12833
-11664
-8979
-6168
-2646
1340
3968
3990
2446
855
-487
-1525
-1422
634
3703
6113
7196
7333
6463
3999
194
-3588
-6290
-8137
-9173
-8550
-5749
-1917
902
1672
865
-663
-2607
-4761
-6360
-6535
-5244
-3085
-645
1544
2721
2343
765
-1132
-2880
-4259
-4733
-3823
-1992
-483
8
-293
-945
-2025
-3825
-6098
-7789
-7823
-6022
-3126
-240
1794
2698
2827
2339
1134
-532
-2019
-2878
-3010
-2351
-1250
-305
139
184
-137
-794
-1497
-1945
-1963
-1585
-919
-169
674
1571
2253
2500
2269
1593
609
-170
-484
-504
-284
484
1947
3711
5374
6622
7311
7412
7101
6466
5448
4168
2917
2205
2235
2890
3699
4480
5211
5654
5494
4613
3443
2507
2438
3082
3764
4216
4969
5600
3933
-1137
-7477
-11093
-10662
-8106
-5599
-2899
547
3091
2913
696
-1017
-1443
-1282
-736
1044
3880
6217
6944
6201
4475
1536
-2239
-5373
-6569
-6481
-6258
-5599
-3507
-562
1137
471
-1639
-3642
-5193
-6425
-6830
-5549
-2921
-219
1626
2490
2318
817
-1767
-4395
-5855
-5924
-4744
-2532
142
1940
2016
721
-1306
-3643
-6008
-7794
-8458
-7327
-4669
-1527
1170
2936
3252
1943
132
-1252
-2031
-2415
-2267
-1800
-1105
-185
323
-53
-974
-1798
-2618
-3005
-2566
-1633
-740
223
1235
1685
1693
1643
1723
1776
1822
1528
1005
926
1213
1304
1256
1911
3176
4685
6081
7015
7305
7236
7040
6222
4853
3378
2536
2525
3249
4073
4523
5002
5587
5864
5127
3789
2510
2075
2421
2786
2946
3481
4627
4069
-127
-6828
-11519
-11428
-8027
-4508
-1948
888
3351
3500
751
-2087
-2761
-1633
-77
1692
4189
6508
7480
6350
3689
57
-3520
-5796
-6107
-5235
-4570
-3866
-2367
-306
464
-760
-2982
-4749
-5757
-6273
-5830
-3947
-977
1476
2475
2121
1048
-623
-2751
-4616
-5498
-5018
-3304
-657
1849
2951
2007
-353
-2948
-5053
-6485
-7053
-6192
-4039
-1538
457
1677
1909
1110
-153
-1183
-1583
-1227
-398
318
574
366
-200
-795
-1211
-1674
-2220
-2402
-1921
-1160
-558
-197
71
346
607
759
848
1213
1807
2123
1935
1713
1708
1757
1719
1687
1977
2869
4146
5130
5638
5821
5789
5432
4720
3770
3130
3426
4293
4824
4605
4312
4448
4819
4682
3787
2733
2275
2585
2812
2616
2554
3520
4310
1968
-4542
-11444
-13274
-9559
-4533
-1583
297
2349
2968
104
-4592
-6749
-4780
-856
2362
4973
7548
9063
7687
3275
-1954
-5483
-6131
-4733
-2679
-1078
-175
-149
-1127
-2892
-4866
-6323
-6961
-6630
-5442
-3384
-936
956
1463
698
-583
-1837
-2763
-3336
-3318
-2776
-2035
-1355
-474
601
956
-98
-2216
-4232
-5375
-5451
-4782
-3675
-2458
-1604
-1271
-1258
-1303
-1335
-953
-94
683
1052
1176
1040
374
-669
-1542
-1622
-850
134
600
360
-375
-1389
-2392
-2973
-2790
-1777
-177
1401
2267
2297
1959
1575
1181
1030
1347
1980
2696
3390
4060
4707
5135
5042
4634
4521
4949
5469
5512
4986
4447
4624
5244
5314
4387
3377
3366
4283
5047
4846
4048
3414
3206
2788
1868
1238
2141
3832
2886
-2797
-10067
-12695
-9036
-3676
-1197
-726
578
1728
-400
-5190
-7501
-4640
416
3518
4875
6806
8609
7284
2279
-2817
-4732
-3703
-2073
-749
664
1557
392
-2734
-5417
-6062
-5379
-4784
-4019
-2317
-242
661
-88
-1311
-1998
-2199
-2459
-2366
-1435
-117
367
-590
-2028
-2646
-2104
-1639
-2060
-2821
-2980
-2689
-2910
-3726
-4388
-4168
-3606
-3332
-3021
-1920
-119
1232
1483
837
168
-167
-461
-803
-772
-31
808
1125
870
375
-435
-1736
-3089
-3752
-3353
-2401
-1534
-876
-196
379
612
732
1082
1618
2029
2271
2450
2675
2934
3238
3703
4354
5012
5359
5461
5546
5593
5321
4838
4682
5023
5465
5265
4364
3451
3448
4324
4919
4456
3268
2478
2258
2160
1858
1914
2927
3616
1360
-4720
-10530
-11028
-6042
-683
1244
1001
638
-687
-4647
-8445
-7489
-1682
3903
5862
6080
6619
6038
2212
-2682
-4654
-2833
68
1645
1915
1119
-1364
-5361
-8270
-7700
-4622
-1945
-920
-518
-175
-870
-2937
-4844
-4675
-2789
-1053
-300
211
858
281
-1988
-4487
-5049
-3722
-2182
-1459
-1455
-1592
-2402
-3924
-5470
-5620
-4351
-3044
-2376
-2006
-1126
-467
-581
-1243
-1326
-515
406
1003
1096
1038
713
439
372
399
160
-486
-1019
-1367
-1636
-2176
-2751
-2992
-2646
-1763
-613
655
1616
2102
2120
2084
2104
2157
2253
2602
3448
4537
5531
5964
5987
5719
5303
4759
4536
5224
6497
7581
7351
5976
4352
3849
4519
5158
4906
3838
3086
2595
2283
1757
1695
2656
3475
1608
-4262
-9961
-10286
-4604
1132
2463
896
-367
-1509
-5160
-9024
-8375
-2222
3901
5684
4865
4486
4228
1498
-2130
-3018
-99
3296
4103
2716
386
-2619
-6424
-8660
-7103
-2905
272
442
-921
-2138
-3080
-4260
-4849
-3555
-943
1139
1447
748
-148
-1272
-2577
-3594
-3500
-2657
-1466
-760
-1185
-2874
-4948
-5631
-4683
-2843
-1817
-1790
-2142
-2266
-2179
-2322
-2128
-1491
-382
360
692
887
875
495
-261
-407
215
1070
1132
505
-47
-447
-990
-1830
-2365
-2503
-2506
-2591
-2406
-1549
-449
359
621
624
559
718
1387
2476
3589
4227
4479
4588
4881
5175
5175
4901
4757
5303
6264
6958
6726
5881
5135
4884
4922
4820
4480
3861
3012
2069
1396
1473
2330
3193
2122
-2647
-8580
-10235
-5005
1972
4432
2180
-628
-1929
-4415
-7351
-6939
-1308
4486
5183
2253
102
413
-211
-2007
-2117
1176
4876
5141
2421
-1020
-3478
-5438
-6145
-4409
-1161
659
-785
-3774
-5647
-5506
-4401
-2996
-1078
876
1477
403
-1133
-1800
-1594
-1219
-980
-666
-158
-166
-1253
-3449
-5574
-6231
-4996
-2902
-1630
-1667
-2789
-3929
-4218
-3235
-1577
-277
255
-88
-620
-989
-746
-46
692
1069
1009
992
772
298
-373
-624
-332
77
225
-87
-648
-1526
-2328
-2520
-1859
-856
-255
-301
-706
-893
-443
675
1944
2796
3177
3552
4178
4802
4917
4590
4464
5010
6100
6919
6932
6213
5533
5546
5972
6332
6043
5227
4056
2945
2396
2391
2932
2848
1416
-2369
-7091
-8906
-5545
517
3103
1318
-1767
-2740
-3145
-4746
-4887
-1393
3939
5305
2578
-429
-715
-58
-798
-880
1378
4698
5011
2090
-1312
-3068
-3465
-3465
-2342
-416
492
-1314
-4609
-6707
-6503
-4954
-3281
-1475
252
874
-167
-1661
-2000
-1186
-154
491
1089
1562
1047
-824
-3246
-4566
-4375
-3354
-2554
-2400
-2681
-3457
-4456
-4941
-3818
-1578
126
338
-642
-1486
-1638
-1136
-362
478
1176
1312
1053
511
3
-310
-324
-16
412
757
661
192
-465
-1016
-1163
-935
-707
-672
-851
-1064
-1150
-1011
-466
366
1112
1275
1313
1731
2570
3237
3439
3795
4603
5476
5555
5104
5060
5768
6477
6567
6024
5524
5221
5017
4580
3935
3424
2694
1402
-1802
-5182
-6203
-3505
29
455
-1698
-3840
-3444
-3042
-3316
-2653
463
4032
4116
1699
-330
354
1400
1383
1571
2802
3943
2777
175
-2035
-2781
-2667
-2188
-1238
-573
-1369
-3478
-5385
-5703
-4665
-3336
-2356
-1915
-1848
-2457
-2982
-3001
-2075
-538
798
1373
801
-165
-1344
-1865
-2047
-1806
-1444
-1376
-1729
-2776
-3559
-3950
-3274
-2538
-2107
-1992
-2005
-1731
-1585
-1179
-868
-278
88
141
139
227
595
678
579
438
726
979
735
292
68
192
188
-150
-638
-824
-880
-930
-800
-291
416
700
400
21
418
1472
2513
3132
3392
3726
3960
3994
3790
3984
4951
5840
6124
5389
4651
4207
4323
4516
4100
3386
2082
1336
-120
-2433
-4473
-3857
-797
548
-855
-3596
-3698
-2376
-2121
-2409
-899
2856
4546
3108
738
1034
2911
3413
2997
3444
4821
4346
1762
-820
-1603
-1406
-1454
-1529
-1201
-1474
-3283
-5473
-6434
-5529
-4195
-3290
-2973
-2708
-2813
-3420
-3618
-2938
-1334
-168
282
93
-114
-452
-1020
-1248
-1046
-503
-488
-894
-1525
-1887
-2177
-2352
-2125
-1668
-1308
-1561
-1921
-1930
-1396
-1039
-1044
-1024
-772
-474
-503
-435
-44
536
803
849
982
1097
1076
982
1021
1050
927
629
340
13
-277
-267
132
520
495
296
240
536
909
1581
2622
3558
3677
2970
2724
3259
4132
4398
4127
3852
3474
3126
2373
1929
1848
2075
1820
-152
-2444
-3335
-1662
-229
-747
-2023
-2170
-1171
-2004
-3687
-3587
-498
2225
1884
412
409
2084
2571
2168
2849
4903
5954
4632
2840
2060
1965
1208
408
392
603
-442
-2596
-4155
-4588
-4439
-4651
-4638
-4258
-4019
-4505
-5021
-4406
-3244
-2245
-1981
-1616
-1192
-1045
-923
-418
611
888
412
-172
-222
-148
-492
-726
-634
-436
-957
-1958
-2597
-2596
-2297
-2192
-1957
-1351
-783
-854
-1356
-1362
-488
598
1210
1284
1089
709
159
-59
318
1073
1464
1208
694
242
183
433
1027
1608
1689
1385
960
1032
1425
1820
2013
1935
2175
2639
3320
3592
3293
2973
2898
3651
4226
4252
3577
2673
1708
-401
-2436
-2916
-799
934
-539
-3887
-6071
-5455
-5037
-5445
-4883
-1814
1178
559
-1739
-1972
1072
3624
4038
4402
6171
7516
6009
3449
2429
3236
3751
3200
2475
1758
227
-2246
-3962
-3850
-2729
-2395
-3024
-3769
-4232
-4873
-5301
-4248
-2065
-517
-972
-2149
-2595
-2096
-1379
-663
414
1200
1038
-222
-1362
-1550
-875
-59
267
251
-131
-817
-1762
-2331
-2090
-1291
-577
-494
-887
-1459
-1769
-1665
-1124
-453
-17
47
-270
-645
-727
-128
858
1560
1558
1182
1029
1123
1332
1678
2333
2725
2172
838
-53
286
1106
1428
1208
1449
2141
2492
1968
1350
1799
3245
4737
4915
4098
3186
2834
1986
-202
-1986
-1381
1160
1671
-1125
-4542
-5342
-4308
-4526
-5323
-4271
-1036
462
-1467
-3708
-2928
69
1662
1834
2514
4044
4088
2111
622
1147
2607
3009
2674
2257
1458
-291
-1768
-1516
-144
409
-615
-1812
-2538
-3183
-4181
-4109
-2444
-786
-1047
-2922
-3870
-3174
-1681
-834
-281
457
947
780
143
289
1190
2213
2393
1770
870
-67
-562
-558
-79
42
-567
-1601
-2402
-2568
-2349
-1710
-769
299
833
484
-242
-489
243
1399
2268
2493
2201
1613
954
565
566
750
835
737
606
404
17
-365
-425
185
1126
1874
2053
1709
1524
1800
2751
3517
3605
3194
2677
1964
-58
-2257
-2725
-550
1268
-247
-3658
-5540
-4527
-3907
-4771
-4843
-2090
933
260
-2596
-3467
-871
1470
1474
1247
2601
3896
2449
60
-245
1654
2889
2315
1707
1721
1243
-373
-1229
-254
945
345
-1650
-3014
-3387
-3523
-3663
-3127
-2290
-2435
-3688
-4647
-4035
-2378
-747
370
1177
1567
1335
999
1381
2682
3923
4222
3567
2584
1721
974
499
504
850
814
-111
-1400
-2096
-1821
-1186
-669
-59
692
994
326
-558
-434
790
1930
1993
1332
738
419
88
-276
-177
518
1396
1800
1414
688
187
423
1167
1856
2141
1843
1418
1028
1149
1541
1681
1418
867
536
-501
-2124
-3141
-1918
378
429
-2127
-4593
-4167
-2861
-3219
-4183
-2861
283
883
-1810
-3948
-2333
553
1011
149
900
2943
2777
308
-846
1025
3293
3184
2022
1918
2383
1559
-39
-307
692
919
-585
-2272
-2888
-2968
-3345
-3681
-3355
-2922
-3181
-3929
-4097
-3183
-1735
-487
275
680
909
1130
1485
1997
2596
3079
3192
2797
2082
1514
1319
1348
1293
1076
780
395
-78
-412
-284
262
838
1071
917
591
367
490
953
1411
1413
886
251
-136
-306
-344
-43
718
1373
1252
478
-46
305
1130
1677
1658
1507
1501
1489
1088
414
192
657
845
-659
-3086
-3846
-1758
544
-183
-3047
-4384
-3108
-2402
-4067
-5362
-3482
-606
-910
-3759
-4687
-2198
142
-253
-1106
320
2635
2673
758
-33
1371
3019
3386
3285
3504
3215
1680
-78
-610
-113
134
-468
-1450
-2253
-2835
-3351
-3781
-3917
-3617
-3022
-2467
-2193
-1998
-1476
-594
324
1106
1901
2693
3125
3026
2811
2942
3294
3492
3424
3166
2641
1854
1216
1140
1397
1377
1024
833
940
848
312
-44
458
1503
2122
1895
1327
936
669
412
406
843
1447
1710
1408
761
198
130
659
1467
2018
2009
1645
1315
1150
994
772
664
680
306
-1192
-3493
-4790
-3640
-1188
-450
-2571
-5234
-5764
-4741
-4597
-5373
-4793
-2543
-1590
-3636
-5971
-5206
-2228
-650
-1260
-1336
412
1683
505
-1427
-1161
1342
3564
4071
3589
2849
1488
-404
-1496
-885
435
735
-468
-2198
-3377
-3824
-3923
-3920
-3747
-3357
-2958
-2844
-3045
-3106
-2437
-1000
519
1429
1747
1952
2284
2592
2894
3537
4570
5383
5280
4342
3437
3249
3621
3922
3835
3541
3219
2699
1851
1043
876
1476
2237
2420
1877
1101
671
720
987
1264
1550
1878
2121
2028
1606
1279
1483
2136
2718
2860
2662
2395
2154
1954
1882
1993
2070
1685
508
-1411
-3280
-3852
-2607
-881
-810
-2856
-5206
-6031
-5614
-5207
-4769
-3488
-2047
-2352
-4521
-6094
-5206
-3067
-1965
-2002
-1612
-605
-552
-2009
-3246
-2533
-417
1274
1749
1557
1103
104
-1315
-2032
-1208
384
1024
-21
-1777
-2874
-3028
-2981
-3203
-3339
-3039
-2730
-3046
-3765
-3964
-3246
-2217
-1597
-1261
-671
109
519
538
916
2158
3655
4384
4170
3753
3759
4055
4263
4457
4853
5153
4764
3635
2493
2045
2246
2575
2689
2571
2231
1679
1172
1089
1459
1956
2310
2520
2618
2568
2466
2558
2907
3219
3226
3045
3024
3199
3246
2967
2569
2339
2137
1365
-302
-2053
-2487
-1235
214
3
-1904
-3872
-4751
-4958
-4956
-4162
-2403
-1247
-2339
-4806
-6043
-5076
-3503
-2861
-2609
-1746
-940
-1498
-3039
-3730
-2742
-1161
-220
179
613
756
-182
-1861
-2766
-1987
-369
453
-114
-1306
-2320
-3145
-3941
-4277
-3665
-2565
-2136
-2851
-3862
-4120
-3604
-2981
-2462
-1667
-556
245
316
142
522
1543
2575
3148
3413
3660
3774
3542
3163
3190
3799
4373
4150
3123
2070
1660
1779
1930
1923
1922
1976
1864
1543
1337
1520
1996
2463
2745
2848
2801
2687
2654
2749
2822
2715
2530
2539
2751
2868
2687
2333
1996
1571
753
-349
-963
-444
753
1316
519
-1022
-2244
-2909
-3323
-3211
-2085
-638
-538
-2281
-4236
-4580
-3491
-2494
-2143
-1680
-842
-558
-1434
-2558
-2669
-1743
-746
-168
346
909
840
-355
-1959
-2625
-1874
-584
48
-334
-1300
-2442
-3585
-4374
-4277
-3282
-2240
-2055
-2689
-3312
-3367
-3050
-2660
-2035
-957
194
746
602
372
591
1161
1701
2137
2610
2978
2890
2335
1790
1763
2179
2470
2232
1607
1060
849
851
878
897
921
891
799
836
1189
1752
2198
2334
2252
2169
2209
2366
2553
2662
2565
2255
1876
1614
1559
1634
1671
1475
912
5
-909
-1250
-668
413
1061
778
-88
-929
-1633
-2280
-2435
-1615
-341
73
-903
-2269
-2802
-2491
-2092
-1795
-1150
-210
232
-262
-1116
-1467
-1130
-486
161
744
1132
1045
396
-507
-1170
-1218
-719
-142
-15
-504
-1367
-2245
-2906
-3192
-3001
-2457
-1981
-1917
-2151
-2322
-2262
-2054
-1706
-1050
-115
727
1140
1176
1179
1363
1684
2071
2478
2821
2934
2731
2359
2041
1856
1695
1437
1141
942
842
679
338
-84
-411
-573
-590
-457
-113
341
645
601
338
233
500
966
1305
1381
1305
1177
1011
878
897
1040
1044
716
78
-631
-1080
-999
-379
330
546
151
-491
-1087
-1655
-2081
-1965
-1250
-611
-773
-1555
-2148
-2191
-2054
-2040
-1921
-1431
-816
-519
-585
-726
-733
-590
-280
204
690
939
858
556
168
-176
-298
-126
115
73
-359
-937
-1402
-1720
-1918
-1914
-1651
-1304
-1118
-1113
-1133
-1059
-876
-512
125
965
1741
2207
2381
2459
2609
2863
3185
3539
3840
3937
3730
3321
2907
2592
2305
1966
1636
1391
1147
784
319
-83
-332
-522
-722
-835
-742
-535
-420
-462
-493
-361
-142
0
15
6
63
169
270
369
436
396
218
-54
-363
-670
-852
-760
-406
-98
-119
-417
-775
-1132
-1526
-1839
-1855
-1614
-1477
-1675
-2003
-2158
-2160
-2240
-2432
-2512
-2335
-2011
-1728
-1535
-1394
-1305
-1268
-1231
-1099
-846
-576
-430
-447
-547
-628
-636
-630
-670
-739
-822
-915
-1009
-1062
-1001
-814
-604
-456
-360
-249
-80
137
407
783
1275
1787
2211
2480
2602
2640
2672
2788
3015
3318
3554
3573
3357
3031
2745
2548
2393
2254
2129
2004
1832
1618
1431
1275
1063
763
470
323
327
358
327
262
215
164
98
29
-14
-36
-59
-44
42
173
259
258
196
96
-33
-177
-270
-259
-201
-188
-241
-334
-478
-721
-1049
-1350
-1531
-1619
-1718
-1869
-2039
-2220
-2428
-2630
-2760
-2780
-2757
-2776
-2808
-2794
-2723
-2642
-2607
-2585
-2492
-2336
-2184
-2066
-1986
-1930
-1889
-1860
-1791
-1642
-1454
-1302
-1207
-1130
-1003
-808
-572
-310
-46
194
404
618
850
1123
1417
1698
1971
2245
2484
2633
2688
2687
2699
2762
2877
3000
3062
3002
2821
2581
2389
2306
2307
2301
2248
2162
2046
1906
1744
1574
1418
1281
1168
1082
1022
950
806
589
377
237
179
150
107
36
-49
-106
-109
-45
67
160
176
137
102
103
112
99
66
24
-33
-124
-244
-387
-543
-733
-941
-1130
-1281
-1401
-1542
-1700
-1841
-1939
-2001
-2059
-2122
-2184
-2248
-2313
-2364
-2379
-2349
-2301
-2263
-2233
-2200
-2170
-2159
-2166
-2166
-2113
-2008
-1872
-1716
-1551
-1394
-1264
-1134
-962
-703
-397
-110
138
362
576
791
999
1204
1432
1645
1794
1885
1942
1976
1986
1968
1954
1973
2010
2003
1945
1846
1754
1698
1656
1637
1635
1626
1586
1516
1430
1350
1283
1204
1124
1062
1001
909
784
635
485
360
261
209
183
159
108
38
-4
19
81
150
213
256
282
282
265
253
246
225
173
100
24
-50
-154
-295
-441
-578
-704
-828
-932
-1002
-1058
-1123
-1190
-1234
-1229
-1206
-1196
-1203
-1199
-1164
-1128
-1086
-1037
-977
-931
-929
-950
-960
-948
-956
-985
-1010
-1010
-999
-1000
-1005
-987
-934
-873
-806
-726
-613
-491
-384
-279
-143
40
219
352
468
577
689
774
831
892
956
1011
1028
1030
1037
1036
1014
965
907
868
840
795
733
655
587
508
426
344
268
195
103
11
-84
-163
-236
-300
-343
-373
-398
-415
-412
-384
-342
-294
-231
-152
-70
13
92
188
284
368
421
454
489
514
520
517
505
484
443
371
291
224
176
121
56
-11
-55
-98
-141
-175
-179
-166
-171
-183
-200
-201
-187
-179
-168
-165
-168
-186
-227
-263
-286
-300
-328
-369
-398
-423
-441
-447
-434
-398
-348
-309
-259
-186
-98
-4
95
203
319
423
507
584
660
731
781
820
850
875
878
847
806
767
718
648
568
485
413
329
235
135
47
-25
-102
-183
-266
-337
-400
-461
-518
-561
-586
-615
-647
-679
-700
-704
-708
-713
-707
-695
-680
-665
-647
-612
-558
-508
-461
-419
-380
-331
-279
-232
-173
-117
-71
-38
-19
5
31
57
72
76
81
80
75
67
71
80
91
89
80
68
64
73
77
79
79
81
72
57
41
36
29
23
13
-2
-7
-3
2
8
23
49
79
107
140
176
222
269
305
342
386
425
464
493
517
534
551
560
577
591
603
609
601
592
576
559
537
517
483
440
390
333
274
215
148
81
12
-71
-160
-242
-308
-368
-420
-471
-512
-557
-593
-621
-636
-635
-630
-623
-621
-613
-592
-563
-538
-510
-481
-458
-445
-434
-417
-397
-373
-355
-345
-339
-334
-328
-323
-315
-299
-287
-282
-275
-270
-262
-241
-220
-200
-179
-154
-131
-110
-86
-53
-24
5
30
49
71
86
98
112
126
142
147
154
164
170
182
199
218
237
261
283
302
327
354
381
408
429
450
476
488
506
523
538
550
561
576
587
596
602
606
607
605
597
585
570
541
508
470
422
375
325
263
199
135
63
0
-60
-111
-157
-199
-234
-263
-282
-294
-290
-279
-265
-251
-237
-221
-199
-180
-161
-146
-138
-138
-148
-169
-193
-210
-235
-260
-286
-317
-352
-390
-425
-449
-467
-483
-501
-511
-509
-507
-496
-469
-447
-422
-387
-349
-323
-290
-251
-216
-178
-144
-117
-90
-74
-61
-55
-52
-55
-61
-63
-71
-87
-101
-109
-126
-134
-139
-140
-137
-133
-123
-109
-96
-83
-68
-42
-20
3
35
56
76
94
119
147
176
213
240
266
297
319
335
355
379
390
405
421
426
439
449
442
435
432
427
423
420
417
407
394
387
379
376
381
380
379
373
365
352
340
331
317
310
296
265
230
191
146
105
74
38
6
-28
-66
-106
-145
-179
-206
-226
-243
-260
-266
-274
-276
-274
-264
-252
-249
-241
-235
-237
-237
-225
-224
-218
-207
-209
-213
-222
-241
-264
-285
-305
-322
-341
-363
-396
-422
-457
-489
-512
-526
-531
-543
-551
-564
-566
-563
-567
-551
-518
-496
-475
-441
-424
-406
-372
-328
-287
-234
-175
-138
-93
-40
-1
33
94
140
169
223
263
296
337
376
398
431
468
493
521
544
559
576
598
614
626
650
668
674
681
682
679
679
676
667
663
658
641
615
582
545
508
481
442
398
368
335
288
242
202
157
118
85
59
27
4
-8
-34
-48
-58
-66
-83
-98
-106
-129
-141
-140
-156
-172
-172
-187
-214
-238
-257
-296
-333
-349
-378
-417
-449
-492
-545
-585
-620
-661
-693
-711
-733
-764
-789
-805
-812
-810
-791
-762
-747
-723
-698
-678
-648
-593
-536
-483
-414
-358
-298
-239
-176
-124
-68
3
58
105
158
208
245
290
329
362
398
433
454
478
502
514
533
542
567
576
585
600
597
610
614
613
616
612
612
608
601
588
562
540
517
486
462
430
404
368
336
301
256
222
183
150
116
91
69
45
29
14
-5
-14
-27
-41
-52
-58
-71
-78
-86
-86
-100
-97
-104
-132
-142
-156
-182
-198
-217
-239
-271
-294
-330
-372
-403
-428
-465
-489
-507
-537
-560
-584
-594
-602
-597
-582
-575
-564
-547
-524
-502
-471
-432
-391
-342
-302
-249
-217
-159
-123
-83
-40
-8
37
61
91
122
138
169
187
191
215
218
227
235
232
247
242
253
252
254
273
267
271
281
283
298
298
307
312
313
318
315
316
309
300
298
286
282
268
255
237
217
201
180
162
141
121
102
91
71
61
47
28
16
6
-1
-9
-17
-20
-42
-31
-41
-47
-50
-63
-64
-72
-80
-81
-99
-98
-110
-121
-134
-144
-163
-170
-187
-199
-205
-222
-229
-245
-253
-258
-266
-258
-260
-257
-252
-244
-231
-220
-206
-188
-165
-156
-123
-113
-79
-67
-47
-18
-10
19
33
47
72
84
99
116
115
142
143
153
164
156
181
176
183
187
181
196
189
194
195
196
200
195
195
191
193
190
183
177
171
164
157
140
139
125
116
103
88
72
48
38
16
4
-19
-28
-49
-62
-75
-90
-100
-115
-128
-136
-144
-152
-169
-161
-168
-169
-173
-173
-176
-179
-177
-172
-181
-176
-177
-171
-168
-168
-170
-166
-161
-165
-163
-165
-161
-159
-152
-154
-148
-138
-132
-118
-115
-106
-94
-82
-68
-58
-39
-30
-13
0
21
33
46
61
71
92
110
130
135
156
168
191
190
214
219
228
240
233
249
246
253
252
246
253
247
247
233
225
225
213
205
191
182
165
160
141
134
108
94
80
70
55
30
12
-6
-11
-36
-49
-76
-86
-98
-114
-128
-145
-154
-171
-172
-180
-185
-191
-193
-191
-201
-190
-197
-193
-197
-193
-193
-194
-186
-185
-181
-181
-175
-176
-173
-174
-169
-166
-166
-162
-156
-146
-142
-134
-122
-113
-96
-87
-73
-54
-40
-31
-19
2
20
28
39
52
66
80
95
103
112
135
147
161
168
187
193
210
217
223
225
238
242
245
246
240
245
239
248
243
229
220
220
215
210
199
191
174
168
157
144
124
112
100
84
75
56
41
23
13
0
-17
-32
-50
-56
-77
-90
-107
-117
-132
-135
-152
-154
-163
-164
-164
-170
-175
-180
-175
-180
-182
-186
-182
-189
-183
-182
-186
-184
-187
-179
-183
-182
-181
-181
-173
-175
-167
-167
-159
-151
-145
-133
-123
-117
-102
-93
-74
-71
-59
-44
-35
-16
-12
4
10
22
36
41
58
64
79
87
101
112
118
121
133
135
145
151
154
157
156
171
169
173
176
174
171
174
177
185
179
181
181
176
178
175
172
160
160
159
151
137
135
125
114
110
96
82
69
62
42
27
14
3
-12
-21
-36
-44
-55
-63
-69
-74
-86
-94
-97
-104
-105
-119
-122
-126
-129
-133
-139
-141
-147
-148
-147
-150
-155
-157
-148
-152
-151
-154
-146
-137
-136
-135
-131
-129
-123
-114
-105
-96
-94
-86
-77
-63
-56
-52
-46
-39
-28
-19
-16
-7
7
9
9
16
18
22
26
37
42
44
42
47
54
56
62
66
68
75
73
80
83
86
90
89
100
96
103
102
104
109
106
110
111
111
107
108
112
106
102
97
92
88
82
75
62
54
49
45
34
22
15
9
3
-2
-11
-14
-15
-16
-21
-26
-25
-29
-32
-36
-34
-36
-39
-41
-41
-45
-44
-52
-54
-50
-50
-51
-52
-47
-44
-45
-43
-50
-51
-52
-55
-58
-58
-54
-57
-56
-56
-54
-57
-57
-55
-56
-56
-54
-48
-45
-42
-40
-36
-37
-37
-32
-28
-25
-23
-17
-12
-8
-2
3
7
11
15
20
26
28
32
38
39
37
42
45
44
44
45
48
49
47
46
43
41
38
39
42
44
41
39
43
45
40
39
40
39
42
37
29
31
29
27
23
14
14
11
6
1
-2
-8
-9
-10
-17
-22
-18
-20
-23
-24
-31
-27
-25
-24
-24
-23
-25
-24
-22
-23
-24
-23
-21
-23
-21
-24
-23
-20
-21
-22
-20
-25
-25
-18
-17
-14
-16
-16
-14
-12
-9
-2
-5
1
5
6
8
7
7
9
10
5
4
3
4
5
4
0
-4
-9
-13
-12
-7
-9
-4
1
0
4
1
2
4
9
8
6
9
9
14
11
7
4
10
13
11
6
6
14
15
12
12
16
13
18
23
18
16
16
21
20
14
11
9
9
6
1
0
1
-3
-3
-9
-8
-10
-12
-14
-13
-8
-15
-15
-13
-13
-11
-10
-16
-14
-11
-9
-7
-9
-6
-2
4
1
3
-1
8
16
11
9
6
8
12
11
-3
0
-1
0
7
0
-6
-4
-1
1
4
-4
-3
2
2
1
-2
-3
-1
3
-3
-3
-7
-4
0
2
-4
-3
6
6
11
5
8
8
7
4
0
5
4
6
4
4
2
0
-1
-1
-4
-3
0
-1
-2
-3
-3
-2
1
-3
-1
0
3
0
-2
0
-4
-3
-2
-3
-1
3
1
-1
-1
0
-1
2
1
-1
2
2
3
-1
-4
-2
1
0
1
-2
-5
-4
-4
-3
-1
1
0
-4
-7
-8
-1
6
2
0
-2
-1
1
2
1
0
-3
-4
-2
-2
3
6
9
8
1
-2
1
7
7
6
2
-4
2
4
2
5
1
-1
-1
-2
-5
-2
2
-1
-3
-7
-1
2
4
4
-1
-2
-2
4
4
9
4
0
2
0
-1
1
4
2
-5
-3
-5
-2
4
-4
-3
1
-1
2
1
-1
0
-1
0
3
1
0
5
7
2
-3
3
3
5
-2
-6
-3
2
-3
-9
-5
-2
-3
-5
-3
-11
-11
-7
-2
-8
-12
-1
2
-5
-2
-1
-4
8
9
4
6
9
10
7
0
-1
5
3
5
1
-6
-3
1
2
-2
-4
-4
1
7
1
-3
2
2
1
0
-2
0
2
-2
-1
-1
-5
1
1
1
-3
-4
-2
1
6
0
5
3
-3
-5
2
7
3
0
2
4
-1
-1
-3
-2
2
2
-2
0
-1
-5
2
3
-5
-5
2
4
-3
-5
-6
-2
1
-2
-3
-2
3
5
2
-4
-3
1
5
8
2
