0
0
3
6
3
0
-1
2
3
1
0
1
4
4
3
1
2
5
2
2
2
3
4
3
3
2
2
2
0
0
-1
1
1
1
1
0
0
-2
-3
-2
-1
0
-1
-1
-3
-4
-3
-2
-1
0
0
-3
-5
-5
-3
0
2
1
-2
-4
-3
-1
-1
0
3
4
1
-3
-4
-1
2
4
2
1
2
1
-2
-2
2
6
6
1
-1
0
4
3
2
3
4
4
1
-1
1
2
3
1
-1
1
0
-1
-2
-1
0
-1
-3
-3
-3
-3
-4
-6
-5
-4
-5
-5
-6
-5
-6
-8
-9
-7
-5
-6
-7
-9
-7
-7
-9
-8
-7
-6
-6
-9
-10
-6
-4
-3
-6
-7
-5
-4
-4
-3
-1
2
2
1
-1
2
4
5
5
7
8
8
9
10
11
13
14
16
16
13
14
16
20
25
24
23
28
29
27
23
24
30
31
25
21
26
32
29
22
19
28
31
24
20
23
32
32
27
28
36
40
35
28
27
32
34
33
32
32
25
14
8
10
13
11
2
-6
-11
-14
-18
-20
-20
-20
-28
-40
-47
-42
-32
-31
-39
-47
-50
-52
-59
-58
-49
-40
-42
-55
-62
-57
-51
-46
-49
-46
-43
-45
-45
-36
-19
-9
-11
-16
-17
-11
-4
7
23
35
33
27
25
28
32
39
44
49
49
45
44
47
49
44
37
37
41
38
29
23
33
34
23
5
2
13
17
5
-6
-4
7
6
-4
-5
10
22
23
17
25
43
57
62
71
81
89
86
85
90
110
124
119
101
88
78
71
51
34
26
24
-2
-38
-69
-82
-97
-128
-169
-188
-186
-189
-214
-238
-240
-228
-240
-270
-285
-254
-212
-199
-211
-216
-195
-171
-160
-157
-137
-97
-68
-71
-82
-68
-25
16
28
22
34
61
77
75
79
100
124
124
103
86
95
107
96
71
47
38
17
-17
-52
-59
-57
-63
-91
-111
-124
-120
-127
-126
-114
-80
-52
-23
1
41
76
115
140
178
219
272
306
346
377
406
408
404
388
399
402
404
374
347
309
270
209
156
107
86
44
-6
-69
-113
-153
-194
-246
-274
-286
-279
-305
-336
-363
-342
-322
-310
-319
-296
-254
-216
-212
-214
-192
-130
-83
-64
-64
-30
20
58
45
37
65
104
114
90
78
109
142
132
87
49
36
29
-6
-29
-22
12
11
-44
-126
-160
-161
-149
-161
-146
-94
-40
-38
-67
-80
-48
-9
22
64
135
210
278
329
373
402
411
410
428
465
518
578
642
683
653
577
516
480
487
476
462
456
442
370
249
113
64
48
32
-43
-108
-142
-168
-265
-366
-419
-369
-325
-357
-417
-453
-457
-452
-450
-433
-394
-389
-424
-496
-554
-573
-577
-593
-640
-733
-828
-889
-931
-963
-1041
-1116
-1213
-1300
-1418
-1486
-1513
-1452
-1399
-1355
-1339
-1316
-1269
-1204
-1111
-945
-690
-363
-85
96
183
260
353
495
734
1109
1501
1745
1819
1808
1869
1935
1965
2014
2087
2197
2215
2234
2278
2359
2338
2246
2083
1991
1910
1923
2035
2191
2304
2295
2131
1891
1626
1397
1291
1172
1110
1088
1066
761
146
-479
-571
-483
-588
-1061
-1369
-1367
-1485
-2056
-2483
-2386
-1963
-1955
-2367
-2553
-2364
-2116
-2002
-1816
-1426
-1103
-1101
-1073
-914
-695
-585
-429
-170
-104
-529
-1045
-1322
-1347
-1537
-1958
-2305
-2478
-2723
-3101
-3485
-3732
-3929
-4209
-4464
-4618
-4736
-4727
-4507
-4062
-3594
-3253
-2776
-2026
-1221
-630
-123
642
1715
2623
3242
3749
4436
5139
5612
5834
6103
6365
6594
6640
6664
6771
6859
6862
6585
6134
5640
5369
5130
4864
4382
4122
3916
3654
3077
2529
1959
1156
-253
-1430
-1962
-1838
-2012
-2489
-2885
-3008
-3517
-4422
-5052
-4816
-4306
-4408
-4882
-5057
-4651
-4195
-3825
-3300
-2405
-1747
-1398
-1310
-860
-249
515
1279
2160
2669
2901
2956
3361
3745
3673
3145
2626
2132
1288
-148
-1481
-2285
-3010
-4138
-5559
-6453
-6757
-7144
-7949
-8777
-9246
-9389
-9595
-9581
-9096
-8233
-7283
-6366
-5396
-4219
-2976
-1515
-35
1275
2404
3638
5142
6648
7745
8647
9555
10433
10863
10883
10843
10922
10765
10219
9577
9087
8674
7941
6977
6063
5405
4780
4073
3322
2777
2292
1669
835
84
-641
-1494
-2893
-4244
-5039
-5113
-4893
-4883
-4733
-4519
-4420
-4824
-5195
-5129
-4470
-4197
-4291
-4475
-4186
-3529
-2841
-2030
-987
-81
540
728
967
1403
1842
2349
2733
2989
2983
2920
3130
3583
3738
3487
2818
2057
1175
-177
-1602
-3095
-4334
-5637
-7197
-8542
-9478
-9729
-9942
-10404
-11078
-11325
-11266
-10979
-10839
-10252
-9086
-7680
-6462
-5350
-3844
-1772
154
1783
3085
4541
6087
7526
8782
9986
11176
12287
13107
13614
13965
14203
14373
14137
13425
12456
11485
10469
9384
8051
7090
6181
5471
4401
3376
2520
1901
1059
108
-948
-2037
-3430
-5374
-6866
-7777
-7798
-7706
-7641
-7339
-6918
-6675
-6544
-6332
-5677
-5070
-4938
-5008
-4972
-4458
-3554
-2589
-1372
-267
710
1538
2174
2865
3487
4019
4400
4392
4053
3793
3743
4029
4074
3812
3394
2842
2038
842
-486
-1703
-3239
-5375
-7781
-9738
-10967
-12016
-13010
-13642
-13811
-13910
-14209
-14149
-13313
-12160
-11293
-10593
-9451
-7764
-6035
-4337
-2277
36
2277
3979
5648
7482
9320
10912
12186
13315
14244
14969
15586
16265
16596
16767
16476
16033
15081
13853
12490
11284
9888
8444
7013
5814
4815
3504
2531
1635
998
42
-1026
-2203
-3444
-5358
-7181
-8465
-8914
-8933
-9207
-8972
-8421
-7775
-7319
-6856
-5860
-4773
-4393
-4360
-4308
-3727
-2936
-2213
-1301
-189
789
1757
2537
3554
4468
5123
5526
5505
5101
4479
4035
3810
3618
2935
2200
1487
848
-128
-1335
-2437
-3508
-5188
-7783
-10319
-12325
-13453
-14668
-15874
-16315
-16314
-15900
-15770
-15094
-13499
-11754
-10375
-9369
-8030
-6088
-4120
-2378
-246
1879
4238
6187
8005
10069
11775
13417
14617
15540
16249
16646
16941
17239
17130
16833
16337
15615
14844
13540
12212
10938
9499
8132
6513
5065
3706
2310
1115
142
-701
-1518
-2268
-3260
-4224
-5944
-7311
-8115
-8505
-8483
-8983
-8740
-8271
-7808
-7308
-6622
-5171
-3856
-3363
-3165
-2770
-2093
-1459
-1171
-541
237
711
1242
1920
3006
4015
4505
5037
5178
4785
4120
3410
3153
2434
1148
-21
-949
-1706
-2660
-3735
-4142
-4748
-6022
-7715
-10008
-11423
-13219
-14679
-15903
-17119
-17168
-17371
-16691
-15753
-14250
-11945
-9833
-7935
-6170
-4120
-1746
376
1746
3459
5111
6942
8501
9710
11633
13155
14574
15483
16244
17224
17656
17594
17149
16512
15846
14979
13695
12536
11220
10058
8862
7439
6247
4995
3933
2763
1480
392
-443
-1137
-1925
-2568
-3135
-3632
-4788
-6197
-7005
-7235
-6923
-7090
-7071
-6693
-6389
-6069
-5626
-4419
-2995
-2343
-2286
-2218
-1973
-1580
-1400
-937
-330
-157
16
355
1158
1992
2500
3128
3513
3279
2613
2008
1776
1290
103
-1019
-1867
-2556
-3424
-4259
-4527
-4749
-5426
-6606
-7819
-9050
-10244
-11668
-12945
-14032
-14966
-15161
-15025
-14331
-13285
-11714
-9530
-7485
-5530
-3315
-805
1457
2981
3962
5329
6627
7685
8660
9650
11134
12093
12924
13832
14778
15744
16024
15996
15657
15019
14250
13332
12249
10992
9630
8338
7125
5680
4360
3365
2622
1914
879
140
-319
-665
-1227
-1823
-2220
-2756
-3823
-5331
-6234
-6578
-6474
-6643
-6833
-6567
-6303
-5812
-5302
-4388
-3283
-2795
-2692
-2911
-2927
-2693
-2448
-2207
-2179
-2299
-2157
-1638
-871
-71
667
1610
2178
2150
1794
1738
1897
1472
201
-1044
-1720
-2174
-2784
-3472
-3489
-3426
-3830
-4625
-5391
-5631
-6425
-7672
-9284
-10795
-11731
-12665
-12722
-12594
-11881
-10734
-9369
-7327
-5465
-3096
-773
1315
2907
3989
5279
6501
7436
7929
8480
9058
9744
10236
11023
12115
13001
13742
13989
14253
14288
13933
13417
12450
11373
10092
8736
7515
6107
4903
3809
2988
2312
1664
1273
1017
805
507
96
-174
-560
-1208
-2254
-3639
-4629
-5450
-5929
-6509
-7076
-7067
-7130
-6811
-6674
-5934
-4857
-4119
-3761
-3967
-3788
-3725
-3626
-3887
-4003
-4175
-4135
-3873
-3312
-2452
-1637
-551
433
1097
1343
1638
2088
2234
1380
278
-549
-893
-1489
-2369
-2862
-2825
-2864
-3269
-3813
-3982
-4045
-4881
-6123
-7726
-8708
-9408
-10071
-10392
-10612
-9958
-9104
-7952
-6480
-4681
-2331
-423
1214
2475
4062
5495
6585
7096
7480
7999
8261
8664
8914
9838
10622
11351
11828
12224
12871
13119
13214
12763
12199
11474
10525
9538
8258
7072
5681
4438
3287
2363
1747
1133
926
580
536
240
171
94
-453
-1452
-3305
-4532
-5681
-6498
-7686
-8748
-9016
-9250
-9208
-9304
-8329
-6950
-5905
-5585
-5565
-4972
-4502
-4152
-4249
-4252
-4330
-4466
-4222
-3624
-2593
-1601
-371
833
1648
2191
2906
4038
4640
4217
3349
2913
2758
2139
1146
378
19
-729
-1882
-2883
-3348
-3487
-4272
-5318
-6606
-7746
-8369
-9160
-9401
-10070
-10211
-9913
-9610
-8714
-7924
-5858
-3850
-2004
-556
1157
3408
5331
6723
7561
8606
9102
9534
9535
10016
10693
11073
11614
11779
12406
12965
13530
13988
13749
13290
12473
11594
10324
8791
7143
5605
3931
2197
929
-74
-491
-1130
-1448
-1658
-1845
-1866
-2069
-2358
-3286
-4563
-5704
-6527
-7492
-8661
-9645
-10066
-10324
-10667
-10631
-9607
-8264
-7260
-6835
-6187
-5006
-4098
-3333
-2960
-2496
-2309
-2412
-2265
-1933
-1406
-847
-50
791
1410
1965
3018
4423
5197
5231
4943
4939
4749
3825
2868
1999
1173
-241
-1903
-2984
-3666
-4175
-4837
-5452
-6266
-7115
-7735
-7740
-7650
-8167
-8476
-8668
-8252
-8049
-7611
-6086
-4504
-2891
-2003
-377
1850
3985
5600
6802
8007
8966
9653
10051
10669
10733
10901
10806
10925
11061
11123
11535
11636
11366
10753
10445
10139
9440
8042
6611
5244
3557
1866
224
-735
-1768
-2881
-3669
-4143
-4126
-4213
-4004
-3590
-3279
-3329
-3767
-4075
-4465
-4810
-5380
-6010
-6601
-7476
-7921
-8237
-7790
-7098
-6396
-5578
-5001
-4051
-3125
-1921
-894
-151
67
-5
-46
76
334
334
516
629
896
1121
1602
2644
3626
4175
4121
4061
4174
4055
3377
2424
1332
13
-1613
-3286
-4360
-5171
-5988
-6844
-7783
-8149
-8472
-8329
-7936
-7812
-7533
-7698
-7254
-6741
-6130
-5109
-4196
-2835
-1881
-574
1058
3070
4974
6477
7848
8937
10162
10839
11659
11846
11823
11568
10999
10811
10261
10069
9582
8986
8322
7649
7250
6597
5794
4620
3503
2058
689
-729
-2006
-3011
-4245
-4980
-5717
-5893
-5766
-5471
-4890
-4445
-3692
-3025
-2533
-2535
-2567
-2582
-2479
-2915
-3655
-4149
-4671
-4748
-5132
-4778
-4186
-3496
-2961
-2470
-1564
-585
371
948
1413
1327
1259
1113
1170
1081
648
435
274
331
197
378
910
1411
1438
1188
1253
1393
1352
664
-68
-782
-1650
-2557
-3565
-4237
-4807
-5364
-5763
-6139
-6284
-6236
-5927
-5510
-5315
-5143
-4758
-4151
-3564
-3067
-2442
-1503
-613
217
1111
2283
3637
4781
5753
6586
7315
7961
8382
8696
8760
8553
8233
7787
7391
6965
6598
6202
5689
5110
4606
4193
3688
3074
2261
1462
528
-425
-1237
-2100
-2811
-3597
-4043
-4205
-4239
-4071
-3774
-3218
-2656
-2019
-1330
-401
-8
38
-160
-270
-62
-570
-911
-1528
-2002
-2389
-3097
-2814
-2568
-2039
-2002
-1962
-1387
-768
-56
274
623
620
489
109
-76
-191
-512
-713
-1166
-1438
-1763
-1735
-1242
-738
-480
-461
-225
169
519
489
549
479
202
-357
-1092
-1417
-1743
-1964
-2294
-2605
-2986
-3228
-3185
-2891
-2544
-2655
-2482
-2399
-2074
-1798
-1701
-944
-617
-133
-31
300
1111
1737
2453
2823
3202
3493
3824
4138
4492
4562
4496
4388
4108
3993
3722
3689
3568
3212
2841
2482
2348
2145
1830
1386
949
352
-116
-539
-892
-1248
-1775
-1980
-2042
-1850
-1538
-1166
-629
-231
339
990
1800
2386
2391
2329
1926
1799
1386
862
476
-454
-1069
-2031
-2432
-2354
-2470
-2247
-2612
-2478
-2374
-2013
-1600
-1352
-1251
-1429
-1562
-1847
-1800
-2034
-1949
-2036
-2171
-2195
-2314
-1752
-1208
-519
-146
260
789
1331
1785
1981
2309
2260
2277
1778
1368
1025
548
400
-209
-516
-1156
-1573
-1756
-2113
-2144
-2625
-2614
-2841
-3051
-3146
-3393
-2947
-2986
-2679
-2695
-2425
-1862
-1503
-765
-430
326
796
1384
1867
2238
2807
3073
3480
3400
3465
3452
3488
3566
3294
3288
3036
3006
2785
2603
2559
2348
2182
1753
1455
1186
958
740
424
276
109
193
288
492
829
1138
1611
1968
2330
2721
2673
2632
2177
1867
1572
878
356
-651
-1405
-2140
-2945
-3139
-3645
-3578
-3924
-3977
-3872
-3627
-3048
-2753
-2314
-2294
-2079
-2051
-1813
-1646
-1569
-1398
-1485
-1325
-1291
-852
-283
341
930
1344
1930
2477
3151
3532
3885
3902
3776
3412
2830
2303
1557
852
-68
-1044
-1880
-2730
-3292
-3975
-4459
-4946
-5265
-5501
-5732
-5806
-5941
-5786
-5760
-5557
-5304
-4994
-4425
-4035
-3306
-2679
-1820
-912
-94
918
1713
2674
3420
4162
4805
5291
5728
5901
6123
6130
6162
6077
5921
5844
5578
5470
5172
4966
4666
4221
3824
3226
2777
2159
1555
931
369
-19
-369
-464
-513
-307
-71
228
707
1037
1567
1576
1552
1304
902
661
-158
-778
-1686
-2622
-3259
-4236
-4430
-4880
-4836
-4895
-4940
-4520
-4180
-3382
-2959
-2440
-2178
-1895
-1630
-1482
-1164
-1076
-755
-720
-561
-301
143
905
1492
2097
2509
3008
3510
3966
4221
4287
4134
3709
3150
2391
1726
992
171
-746
-1773
-2574
-3274
-3766
-4324
-4841
-5351
-5702
-5959
-6221
-6274
-6469
-6370
-6395
-6267
-5910
-5551
-4787
-4289
-3525
-2790
-1879
-761
160
1240
2051
2984
3745
4452
5134
5652
6211
6385
6591
6574
6623
6697
6532
6462
6074
5843
5461
5058
4719
4167
3747
3040
2393
1724
1104
656
89
-294
-752
-915
-954
-854
-555
-361
41
255
541
807
924
1153
859
622
38
-468
-844
-1527
-1931
-2740
-3220
-3665
-4018
-3896
-3989
-3623
-3570
-3313
-3025
-2690
-2133
-1848
-1498
-1464
-1353
-1292
-1197
-991
-944
-756
-745
-576
-349
-29
488
869
1301
1578
1876
2169
2440
2623
2641
2473
2155
1757
1304
841
326
-298
-959
-1671
-2267
-2788
-3172
-3539
-3836
-4141
-4315
-4405
-4399
-4250
-4128
-3915
-3745
-3519
-3164
-2822
-2308
-1887
-1372
-864
-321
344
963
1685
2280
2879
3399
3880
4373
4712
5043
5126
5207
5157
5072
5010
4770
4572
4175
3842
3471
3088
2759
2302
1885
1359
885
410
-21
-422
-836
-1176
-1497
-1700
-1822
-1844
-1728
-1516
-1157
-722
-205
303
852
1377
1940
2402
2760
2863
2767
2481
2107
1682
1117
497
-318
-1168
-1918
-2604
-2955
-3336
-3541
-3789
-3956
-3904
-3789
-3459
-3209
-2995
-2872
-2816
-2667
-2533
-2283
-2140
-1997
-1905
-1776
-1450
-1075
-494
43
578
1147
1648
2303
2886
3444
3886
4058
4160
4039
3919
3686
3340
2881
2216
1563
845
267
-263
-777
-1244
-1816
-2213
-2603
-2797
-2940
-3110
-3222
-3462
-3540
-3605
-3529
-3381
-3273
-3080
-2955
-2638
-2268
-1749
-1199
-720
-212
159
645
1053
1500
1861
2021
2156
2093
2146
2149
2171
2166
2013
1913
1706
1660
1580
1523
1416
1160
921
564
339
40
-241
-553
-951
-1182
-1448
-1455
-1454
-1319
-1086
-808
-287
225
924
1545
2156
2743
3189
3689
3925
4105
3949
3660
3217
2681
2169
1443
771
-88
-844
-1497
-2062
-2349
-2727
-2889
-3138
-3227
-3183
-3082
-2786
-2639
-2432
-2381
-2276
-2116
-1932
-1628
-1478
-1247
-1141
-889
-522
-70
563
1067
1663
2149
2719
3343
3931
4511
4839
5047
5022
4927
4743
4453
4072
3455
2778
1971
1254
592
7
-512
-1089
-1603
-2129
-2510
-2817
-3071
-3326
-3681
-4039
-4459
-4753
-5018
-5193
-5328
-5473
-5482
-5441
-5143
-4728
-4174
-3546
-2946
-2247
-1588
-855
-177
421
899
1189
1422
1529
1624
1628
1570
1452
1248
1111
963
910
854
776
702
567
499
401
317
212
38
-125
-326
-469
-554
-575
-496
-367
-108
235
706
1308
1972
2751
3500
4276
4998
5626
6197
6578
6884
6959
6874
6592
6077
5488
4712
3955
3077
2175
1288
322
-455
-1244
-1817
-2335
-2805
-3148
-3546
-3738
-3961
-4023
-4074
-4160
-4146
-4230
-4099
-3973
-3682
-3298
-2913
-2331
-1807
-1051
-269
612
1545
2343
3204
3847
4517
5019
5377
5629
5561
5429
5005
4530
3914
3165
2419
1485
650
-275
-1104
-1859
-2591
-3150
-3750
-4177
-4614
-4965
-5236
-5535
-5729
-6023
-6238
-6498
-6739
-6902
-7082
-7116
-7148
-7048
-6863
-6559
-6074
-5515
-4801
-4076
-3277
-2463
-1654
-814
-59
649
1217
1699
2092
2411
2705
2928
3115
3220
3296
3357
3431
3517
3580
3594
3532
3413
3231
3035
2794
2512
2169
1772
1387
1035
779
583
474
434
482
655
927
1334
1792
2295
2797
3296
3813
4306
4785
5165
5464
5643
5734
5778
5748
5651
5424
5086
4630
4122
3589
3021
2432
1768
1064
335
-345
-957
-1486
-1964
-2435
-2873
-3285
-3602
-3833
-3979
-4090
-4215
-4325
-4438
-4458
-4405
-4268
-4086
-3902
-3668
-3402
-3027
-2583
-2067
-1532
-1045
-562
-137
301
695
1023
1247
1308
1276
1128
943
706
422
86
-331
-744
-1159
-1503
-1791
-2033
-2234
-2446
-2618
-2785
-2910
-3019
-3133
-3234
-3373
-3497
-3610
-3686
-3715
-3706
-3618
-3485
-3254
-2951
-2556
-2081
-1583
-1047
-527
0
486
926
1315
1620
1858
2006
2103
2129
2111
2078
2015
1957
1892
1852
1820
1794
1781
1757
1746
1723
1707
1674
1618
1546
1449
1361
1276
1211
1174
1171
1214
1305
1467
1691
1975
2308
2682
3087
3493
3907
4298
4651
4938
5162
5303
5369
5359
5264
5096
4839
4509
4124
3698
3235
2729
2171
1562
919
257
-401
-1049
-1688
-2313
-2925
-3490
-3990
-4400
-4719
-4961
-5115
-5206
-5206
-5115
-4939
-4687
-4394
-4072
-3732
-3352
-2942
-2500
-2050
-1604
-1168
-754
-341
61
462
840
1182
1483
1745
1984
2194
2356
2452
2462
2388
2242
2038
1784
1472
1108
696
244
-223
-678
-1093
-1471
-1805
-2100
-2359
-2576
-2757
-2912
-3051
-3184
-3305
-3421
-3531
-3623
-3692
-3748
-3768
-3745
-3669
-3530
-3325
-3054
-2733
-2370
-1991
-1598
-1200
-814
-443
-100
205
477
711
917
1105
1264
1407
1535
1646
1731
1799
1852
1871
1854
1790
1688
1554
1392
1219
1041
855
682
539
422
350
329
363
444
575
751
961
1202
1465
1745
2017
2283
2551
2798
3023
3214
3375
3524
3639
3734
3815
3851
3858
3841
3795
3731
3640
3524
3359
3155
2901
2586
2240
1842
1439
1009
528
37
-483
-1007
-1501
-1945
-2319
-2659
-2951
-3174
-3331
-3406
-3392
-3295
-3139
-2941
-2720
-2467
-2174
-1888
-1586
-1308
-1077
-873
-704
-566
-441
-316
-216
-124
-27
51
159
273
359
434
464
443
387
285
132
-78
-356
-686
-1034
-1391
-1732
-2040
-2317
-2565
-2771
-2924
-3043
-3099
-3109
-3112
-3085
-3065
-3067
-3070
-3075
-3076
-3073
-3072
-3050
-3005
-2931
-2811
-2623
-2393
-2127
-1801
-1439
-1040
-608
-171
258
679
1079
1461
1818
2122
2401
2642
2837
3026
3185
3312
3415
3477
3503
3494
3463
3393
3296
3170
3008
2832
2643
2460
2286
2128
1987
1846
1733
1641
1581
1558
1549
1559
1581
1613
1659
1712
1769
1835
1892
1957
2018
2075
2117
2154
2220
2269
2313
2371
2393
2395
2401
2385
2353
2290
2203
2080
1913
1689
1392
1044
611
175
-278
-807
-1360
-1955
-2565
-3140
-3656
-4095
-4497
-4857
-5159
-5405
-5545
-5578
-5520
-5397
-5225
-5027
-4777
-4462
-4127
-3747
-3358
-2993
-2632
-2266
-1896
-1515
-1113
-734
-353
38
391
769
1159
1493
1807
2047
2201
2313
2370
2351
2247
2064
1787
1460
1102
711
340
-43
-442
-823
-1173
-1493
-1752
-1951
-2139
-2294
-2424
-2531
-2590
-2605
-2570
-2502
-2404
-2265
-2064
-1811
-1514
-1130
-702
-264
224
748
1300
1840
2359
2852
3299
3693
4026
4313
4502
4614
4672
4639
4549
4398
4192
3935
3617
3244
2824
2375
1900
1422
933
421
-70
-539
-974
-1372
-1714
-2008
-2245
-2413
-2527
-2567
-2535
-2443
-2292
-2091
-1849
-1562
-1245
-903
-547
-198
152
503
846
1163
1449
1720
1962
2177
2376
2523
2634
2714
2764
2761
2697
2584
2419
2189
1887
1502
1036
493
-73
-636
-1258
-1895
-2536
-3151
-3694
-4153
-4529
-4825
-5034
-5151
-5171
-5100
-4924
-4662
-4323
-3943
-3543
-3116
-2654
-2163
-1657
-1158
-681
-230
214
655
1086
1502
1891
2260
2601
2898
3160
3402
3597
3744
3825
3821
3759
3645
3487
3265
2978
2633
2249
1845
1426
1007
588
181
-211
-578
-905
-1187
-1434
-1643
-1821
-1959
-2044
-2093
-2097
-2051
-1979
-1862
-1716
-1547
-1357
-1149
-915
-688
-471
-264
-61
143
323
467
584
678
756
820
866
883
877
858
827
773
693
597
492
371
229
71
-89
-243
-379
-502
-621
-718
-781
-809
-801
-763
-699
-612
-502
-375
-235
-96
33
155
273
378
471
557
629
691
747
796
835
865
895
925
949
968
972
966
965
959
942
911
874
830
781
724
647
556
452
330
185
24
-158
-345
-526
-713
-899
-1074
-1227
-1348
-1434
-1485
-1502
-1484
-1431
-1350
-1247
-1125
-984
-843
-705
-577
-464
-337
-209
-85
32
157
296
449
613
781
970
1180
1389
1589
1766
1931
2078
2185
2242
2251
2204
2100
1937
1727
1473
1166
820
441
50
-346
-727
-1098
-1440
-1753
-2028
-2258
-2447
-2575
-2648
-2675
-2657
-2599
-2512
-2383
-2219
-2032
-1834
-1635
-1424
-1212
-988
-764
-537
-326
-116
83
273
452
621
795
951
1078
1177
1249
1297
1318
1293
1233
1132
1011
859
672
462
241
12
-220
-451
-675
-859
-1012
-1139
-1245
-1326
-1372
-1366
-1310
-1218
-1094
-944
-766
-559
-347
-120
127
385
651
902
1125
1333
1525
1696
1836
1950
2041
2096
2113
2100
2058
1996
1914
1804
1685
1550
1395
1218
1024
829
634
435
224
10
-206
-412
-616
-804
-964
-1102
-1218
-1319
-1394
-1425
-1414
-1378
-1317
-1225
-1108
-970
-825
-672
-498
-295
-94
88
261
432
619
796
952
1090
1204
1304
1379
1423
1438
1423
1384
1320
1209
1063
890
706
512
295
60
-193
-435
-668
-895
-1122
-1342
-1545
-1727
-1880
-2009
-2111
-2180
-2221
-2238
-2229
-2202
-2150
-2052
-1917
-1771
-1621
-1470
-1305
-1114
-911
-716
-529
-348
-158
37
215
377
541
707
863
1002
1124
1243
1360
1469
1545
1584
1596
1593
1566
1500
1412
1295
1164
1011
835
664
491
325
152
-20
-178
-318
-434
-529
-600
-648
-689
-708
-707
-678
-627
-554
-452
-326
-188
-56
81
221
360
480
597
712
823
917
971
996
1011
1018
1005
980
948
916
880
839
788
734
675
610
536
452
371
284
177
56
-68
-199
-334
-463
-589
-689
-762
-818
-868
-909
-919
-891
-826
-743
-647
-541
-419
-300
-191
-88
16
128
232
315
364
399
424
443
451
443
432
405
363
295
214
130
37
-62
-170
-280
-401
-530
-655
-769
-872
-969
-1063
-1150
-1215
-1268
-1307
-1317
-1309
-1262
-1207
-1144
-1076
-980
-852
-718
-572
-430
-270
-120
35
180
321
476
621
758
857
953
1034
1102
1145
1159
1160
1136
1093
1026
943
832
708
566
414
252
85
-75
-231
-371
-506
-632
-743
-820
-869
-892
-892
-865
-806
-721
-607
-474
-313
-142
39
217
402
589
779
959
1121
1264
1376
1471
1537
1589
1607
1607
1580
1517
1437
1338
1225
1081
932
772
604
436
262
86
-85
-243
-411
-557
-702
-823
-930
-1023
-1098
-1163
-1202
-1239
-1241
-1233
-1195
-1152
-1088
-1007
-918
-809
-699
-570
-458
-334
-229
-128
-37
36
106
159
198
221
223
206
181
136
79
6
-64
-141
-224
-306
-394
-467
-535
-585
-640
-669
-694
-702
-693
-686
-658
-620
-572
-527
-471
-411
-346
-276
-214
-146
-79
-13
56
116
179
235
284
333
374
416
452
492
525
559
587
612
635
655
684
691
711
714
728
729
726
725
706
705
679
666
629
593
548
504
458
392
340
271
221
152
90
25
-24
-68
-121
-155
-201
-214
-237
-238
-241
-230
-201
-172
-127
-85
-23
27
98
163
238
313
373
452
508
569
602
633
640
634
613
559
513
420
330
216
95
-38
-186
-323
-487
-632
-782
-917
-1059
-1184
-1294
-1391
-1460
-1529
-1566
-1594
-1596
-1587
-1553
-1502
-1441
-1363
-1288
-1189
-1083
-966
-850
-727
-595
-462
-324
-194
-57
77
211
335
459
571
681
776
867
958
1038
1110
1164
1214
1246
1275
1291
1290
1277
1249
1209
1160
1104
1030
961
879
800
710
615
523
423
329
241
157
68
4
-72
-135
-192
-244
-285
-326
-354
-385
-406
-424
-424
-409
-380
-342
-294
-238
-195
-149
-104
-60
-19
30
85
131
171
212
250
290
304
317
328
311
279
234
183
119
52
-25
-96
-176
-259
-336
-413
-475
-544
-589
-633
-667
-691
-700
-684
-670
-637
-594
-540
-484
-431
-366
-307
-237
-174
-120
-73
-33
5
29
41
42
35
11
-18
-58
-110
-168
-228
-286
-342
-404
-456
-496
-529
-560
-576
-580
-582
-566
-540
-498
-451
-390
-316
-246
-177
-101
-13
72
157
239
324
409
486
572
658
741
830
911
982
1043
1100
1159
1214
1247
1269
1280
1274
1252
1210
1159
1102
1036
957
863
759
654
541
434
329
222
123
33
-58
-150
-238
-314
-384
-448
-505
-559
-621
-669
-695
-710
-711
-709
-683
-658
-635
-613
-594
-579
-561
-531
-490
-452
-413
-365
-311
-261
-220
-178
-152
-127
-113
-112
-113
-115
-126
-135
-142
-155
-167
-176
-183
-195
-201
-197
-199
-199
-199
-190
-166
-146
-115
-84
-52
-20
15
57
87
117
146
173
195
207
218
222
221
210
197
182
158
132
95
56
13
-45
-90
-138
-185
-227
-260
-294
-323
-338
-349
-351
-344
-331
-315
-295
-272
-244
-217
-185
-146
-109
-66
-27
12
55
97
145
195
244
289
333
372
409
450
483
529
573
609
641
656
674
686
693
699
701
702
700
684
658
633
607
577
546
511
472
435
387
327
268
204
138
68
-9
-95
-182
-265
-347
-429
-511
-584
-647
-701
-754
-803
-844
-873
-888
-891
-876
-856
-814
-754
-690
-619
-545
-466
-383
-297
-212
-130
-46
35
120
194
262
315
359
400
423
438
440
428
410
392
364
330
289
242
191
144
92
41
-10
-64
-116
-166
-217
-264
-309
-346
-378
-403
-421
-438
-448
-450
-450
-445
-434
-426
-409
-385
-366
-341
-312
-284
-255
-222
-185
-144
-102
-55
-7
36
80
117
148
181
217
249
280
304
329
352
369
383
391
405
415
424
426
419
414
402
389
380
366
356
346
336
327
320
307
295
282
273
272
262
255
253
242
232
229
223
215
209
205
204
200
185
162
145
131
108
88
69
42
19
-6
-32
-58
-92
-127
-153
-177
-203
-238
-273
-306
-332
-351
-377
-394
-408
-400
-387
-395
-411
-410
-383
-367
-348
-328
-310
-286
-259
-233
-208
-184
-174
-153
-133
-114
-111
-110
-108
-110
-105
-108
-115
-123
-125
-122
-124
-130
-135
-141
-140
-135
-134
-133
-129
-128
-114
-96
-78
-51
-26
4
38
69
97
117
148
182
217
234
252
269
276
286
292
300
302
301
304
300
290
284
270
256
240
225
210
191
164
145
131
114
101
85
76
69
61
52
42
33
28
19
18
20
21
28
33
33
34
44
48
49
58
60
61
55
51
54
44
38
25
16
10
-5
-21
-35
-47
-64
-82
-101
-119
-133
-149
-164
-180
-196
-211
-230
-243
-249
-251
-251
-258
-261
-265
-273
-279
-283
-288
-286
-280
-278
-269
-260
-245
-226
-197
-167
-143
-122
-108
-92
-76
-61
-37
-16
3
26
43
64
87
105
126
138
142
142
131
122
124
134
145
151
146
143
144
143
144
146
148
150
150
150
153
149
154
168
177
189
189
185
191
191
194
196
194
194
190
190
183
178
175
169
161
142
123
108
92
77
58
46
34
19
-3
-15
-27
-34
-40
-51
-56
-64
-74
-86
-88
-93
-89
-85
-89
-87
-85
-83
-78
-71
-65
-64
-66
-76
-84
-86
-99
-104
-107
-107
-110
-117
-115
-109
-105
-104
-101
-99
-104
-108
-112
-112
-104
-96
-88
-80
-71
-67
-60
-59
-47
-33
-27
-25
-27
-32
-32
-31
-32
-28
-29
-34
-35
-33
-35
-32
-29
-30
-36
-41
-42
-45
-48
-46
-43
-39
-33
-34
-37
-35
-31
-20
-11
-6
8
16
19
26
37
53
69
78
91
102
110
119
125
137
142
154
155
153
162
159
154
151
147
141
134
129
118
108
97
86
74
65
56
42
31
14
5
-6
-13
-19
-26
-30
-40
-45
-45
-47
-47
-49
-51
-46
-44
-39
-35
-35
-28
-21
-9
-2
3
7
10
17
19
19
24
25
23
22
14
16
11
5
0
-11
-18
-36
-56
-70
-87
-92
-94
-100
-109
-118
-124
-126
-132
-132
-124
-119
-120
-113
-101
-93
-81
-68
-50
-32
-22
-4
11
18
28
44
56
65
75
81
88
88
91
92
94
89
81
72
70
65
55
50
43
27
17
9
1
-9
-15
-17
-27
-32
-41
-48
-51
-51
-49
-60
-61
-56
-57
-52
-51
-44
-42
-39
-29
-23
-18
-4
1
7
15
25
35
41
57
62
68
77
81
91
96
99
105
100
98
98
91
94
90
85
79
71
65
56
49
41
27
23
13
3
-8
-23
-22
-29
-41
-44
-56
-57
-63
-72
-74
-81
-80
-79
-81
-73
-77
-76
-72
-66
-56
-57
-45
-37
-34
-22
-23
-18
-11
-6
0
0
6
10
4
-1
4
1
-3
-3
-12
-22
-21
-21
-24
-30
-39
-43
-43
-42
-40
-40
-40
-35
-32
-32
-24
-14
-10
-2
10
17
27
30
39
50
53
60
58
58
64
64
67
62
60
53
47
44
38
31
24
13
4
3
-2
-12
-20
-21
-26
-29
-30
-30
-30
-30
-23
-24
-26
-22
-17
-11
-2
