-1
2
2
-3
1
0
-2
0
-2
1
4
-3
1
-1
-3
1
0
-3
4
2
-1
2
-4
-1
2
-5
2
3
-4
3
-4
-2
0
-2
2
3
-6
1
3
0
-1
-1
-2
4
-5
-1
6
-1
-1
-1
-3
3
0
-1
6
-2
0
1
-1
-1
-1
-1
3
-2
0
4
4
-2
2
-2
0
1
-2
10
4
-2
0
0
-6
-2
-2
10
5
-4
-1
2
-6
-2
2
9
0
-10
-1
5
0
-10
10
5
-7
-10
-4
15
-10
1
11
4
-9
-13
10
-6
-3
1
12
0
-16
-2
6
1
4
-7
14
4
-23
15
-1
11
-11
10
-7
1
-13
26
-3
1
-4
6
1
-4
17
0
17
-16
6
-25
19
-4
31
-20
18
-15
8
-8
-9
37
-8
22
-13
2
-6
11
-12
19
-18
10
-10
25
-21
13
26
-20
-4
-18
-5
25
8
30
0
-24
-48
-23
13
4
43
45
13
-49
-64
-16
15
36
8
40
12
-96
-23
41
-37
-18
56
24
-60
10
-14
7
36
-73
18
-34
44
15
-48
-8
66
-64
-88
149
-79
67
-169
208
-122
37
-170
295
-123
-61
-63
120
55
-169
24
102
92
-379
328
-95
46
-174
222
-199
231
-304
163
177
-250
-61
269
-210
70
16
-74
160
-200
141
-93
94
-218
400
-427
350
-263
53
144
-66
-204
314
-240
243
-143
-204
509
-514
356
-317
517
-629
456
-85
-45
-57
90
-48
251
-423
450
-377
214
389
-846
761
-412
252
-51
-229
472
-209
-61
38
253
-259
-169
535
-8
-605
587
-113
-2
159
-664
957
-445
-232
299
353
-639
342
-230
484
-430
-201
579
-297
331
-877
842
-199
-145
-351
611
-348
144
-274
347
-396
279
-178
-445
732
-276
-440
332
110
-149
-231
-607
1223
-781
-506
678
88
-274
-295
-438
1186
-1129
-84
574
-63
39
-693
209
578
-942
122
630
-552
133
-12
-69
40
-90
-300
606
-438
-130
732
-770
347
235
-744
403
237
-244
253
55
-2
-132
300
-396
100
255
234
-5
-170
744
-728
33
434
-366
626
-171
-106
1009
-1004
103
934
-918
266
229
-256
789
-118
-364
450
-438
242
-400
-48
730
-68
-813
908
-302
-622
16
656
-595
-136
-236
713
-298
-328
127
-2
-212
-662
341
224
-113
-56
276
-423
-58
-472
402
-771
412
298
263
-310
-76
45
-594
-591
778
65
-21
823
-893
501
-1003
130
313
-217
271
253
-24
181
9
-714
705
-954
111
24
844
775
-362
-222
-393
-766
-247
959
323
797
-595
559
-293
-1232
555
475
-325
236
696
-15
196
-595
900
-530
-757
895
-178
292
312
78
744
-414
-74
-196
-922
172
837
871
684
-474
-391
-636
-448
306
875
-199
-303
178
-447
-42
-64
158
-585
-752
-605
58
131
302
536
-520
-846
-521
-674
-601
228
296
872
-207
-18
-57
-538
-578
-1079
135
977
447
734
525
-323
-839
-1040
-322
119
818
1361
427
-205
-105
-607
-725
-470
756
520
184
697
646
-303
-343
-557
-437
-116
562
1474
868
275
-299
-338
-668
-123
741
858
938
566
166
-203
-65
-85
219
574
362
199
-33
689
568
-189
-86
21
-526
465
432
307
357
-296
81
441
-356
-240
246
350
-344
-272
529
146
13
-352
-135
-401
-343
145
161
-543
-429
-236
-267
-668
-236
239
-552
-930
-775
-836
-975
-359
-112
-355
-846
-772
-1334
-1620
-1326
-736
-342
-452
-772
-1076
-893
-1352
-1289
-1520
-534
-238
-233
-433
-494
-914
-845
-313
-61
-181
-495
347
269
258
52
669
97
92
68
77
533
834
801
1027
904
558
458
-95
339
955
894
1097
1584
880
840
350
540
616
864
1337
1706
1532
1288
1049
510
794
984
1799
1822
2006
2017
1496
1025
1192
1599
2122
2346
2071
1862
1593
1664
1740
1707
1689
1474
941
961
900
548
-6
-374
-834
-1383
-1476
-1642
-1919
-2232
-2791
-3405
-3453
-3607
-3689
-3587
-3658
-3908
-3950
-4008
-3998
-3615
-3018
-2617
-2365
-2054
-1951
-1734
-1380
-1127
-934
-336
220
647
1088
1038
695
577
283
524
1067
1486
1585
1263
346
-111
-352
-419
98
269
285
-184
-474
-1069
-1514
-1323
-409
184
403
198
-277
124
569
835
1088
1345
1557
1807
2378
3105
3806
3757
3453
2854
2637
3041
3859
4477
4645
4747
4471
3779
2962
2951
2677
2689
2838
2947
2776
2771
2267
1602
1148
858
1211
1718
2328
2089
337
-2875
-5193
-4985
-2318
559
1119
-723
-3613
-5803
-6654
-5924
-4453
-3545
-3593
-4065
-4195
-4170
-3889
-3874
-3943
-4202
-4593
-4620
-3307
-1559
-658
-411
-666
-1206
-1818
-2038
-1637
-739
-12
571
1027
1288
567
-491
-1031
-1473
-2024
-2177
-1921
-1305
-1050
-1420
-1687
-2111
-2942
-3674
-3861
-3436
-2739
-1966
-1115
-429
-195
-393
-448
-293
-37
295
1274
2543
3516
4003
4293
4156
3798
3474
3129
3424
3865
4310
4740
4972
4742
4238
3550
3080
2865
2694
2962
3337
3644
3596
3426
3341
3066
2575
2403
2562
3104
3691
3845
3803
3647
3197
2766
2628
2563
2713
2790
2891
2621
1733
-128
-2217
-3365
-3160
-2236
-1446
-1456
-2692
-4340
-5890
-6637
-6547
-6079
-5839
-5806
-5676
-5358
-5015
-4564
-3971
-3563
-3520
-3591
-3138
-2179
-995
281
1361
1975
2182
1990
1785
1840
2122
2399
2527
2638
2495
2167
1876
1456
764
-269
-1387
-2205
-2531
-2552
-2474
-2630
-3268
-4365
-5468
-6108
-6328
-6009
-5605
-5199
-4829
-4528
-4096
-3526
-2841
-2395
-2095
-1735
-1112
-267
905
1961
2608
2829
2739
2812
3063
3524
3883
4036
3861
3623
3422
3328
3174
3002
2752
2399
1984
1502
1143
789
538
215
-28
-346
-595
-801
-775
-664
-522
-343
-75
341
728
1178
1706
2348
2839
3269
3698
4212
4622
4963
5333
5702
5976
6121
6342
6587
6724
6724
6676
6388
5422
3598
1405
-429
-1472
-1543
-995
-535
-1100
-2695
-4548
-5858
-6540
-6876
-6999
-7014
-7049
-7038
-6598
-5696
-4782
-4372
-4288
-4225
-3929
-3355
-2264
-663
865
1909
2564
3168
3765
4184
4575
5022
5315
5253
4991
4884
4905
4723
4230
3477
2452
1254
23
-806
-1446
-2110
-2977
-3862
-4623
-5266
-5713
-5957
-6182
-6717
-7482
-8127
-8134
-7657
-6790
-5946
-5255
-4848
-4548
-4021
-3247
-2434
-1848
-1411
-1008
-437
283
1217
2019
2431
2282
1874
1535
1389
1423
1487
1497
1302
998
712
528
292
-57
-500
-919
-1287
-1554
-1622
-1565
-1479
-1540
-1609
-1595
-1444
-1201
-891
-473
11
602
1284
2033
2760
3480
4225
5009
5644
6069
6338
6612
7054
7570
8092
8359
8352
8226
8207
8341
8447
8327
7847
6792
5102
3060
1130
-195
-834
-846
-765
-1142
-2240
-3621
-4682
-5268
-5696
-6175
-6647
-7005
-7097
-6722
-5765
-4653
-3872
-3488
-3106
-2550
-1856
-1077
-116
886
1710
2392
3191
4068
4789
5217
5491
5594
5357
4860
4381
3989
3433
2598
1637
707
-336
-1474
-2613
-3548
-4433
-5335
-6233
-7055
-7801
-8393
-8607
-8464
-8282
-8411
-8738
-8949
-8690
-8051
-7117
-6161
-5341
-4680
-4012
-3144
-2147
-1209
-487
66
560
1138
1834
2650
3317
3655
3594
3339
3130
2998
2870
2625
2277
1865
1448
1070
795
579
358
39
-327
-639
-840
-910
-915
-880
-851
-773
-540
-91
523
1136
1702
2304
2971
3672
4359
5074
5864
6673
7423
8056
8524
8827
8986
9155
9335
9404
9248
8957
8727
8582
8341
7883
7219
6437
5547
4407
2847
823
-1321
-2990
-3788
-3997
-4257
-4967
-5951
-6838
-7414
-7706
-7844
-8017
-8354
-8735
-8770
-8161
-7030
-5777
-4710
-3870
-3123
-2271
-1213
-49
967
1709
2303
2922
3554
4159
4766
5335
5628
5432
4875
4292
3791
3181
2298
1169
-98
-1396
-2589
-3567
-4373
-5134
-5923
-6713
-7492
-8219
-8731
-8892
-8770
-8636
-8611
-8595
-8435
-8047
-7373
-6453
-5456
-4591
-3875
-3151
-2312
-1436
-615
87
639
1050
1454
2006
2676
3246
3515
3479
3235
2914
2634
2408
2144
1737
1243
795
442
145
-109
-315
-501
-717
-920
-989
-917
-809
-731
-625
-424
-104
331
904
1555
2226
2888
3569
4258
4918
5573
6301
7026
7622
8006
8260
8482
8678
8816
8876
8805
8519
8058
7590
7258
6967
6520
5848
5077
4339
3637
2735
1368
-533
-2512
-3913
-4438
-4521
-4765
-5324
-5933
-6373
-6616
-6595
-6336
-6144
-6367
-6792
-6827
-6170
-5097
-4038
-3146
-2392
-1666
-789
314
1413
2144
2515
2807
3136
3378
3565
3873
4212
4183
3675
3057
2625
2222
1563
639
-452
-1701
-3045
-4214
-5021
-5615
-6249
-6920
-7424
-7732
-7899
-7876
-7645
-7389
-7295
-7244
-6982
-6523
-6038
-5509
-4730
-3762
-2879
-2161
-1409
-556
198
716
1109
1492
1790
1982
2219
2571
2820
2815
2649
2470
2248
1928
1596
1281
868
294
-231
-544
-741
-993
-1185
-1170
-1019
-889
-736
-453
-160
-9
100
426
969
1554
2143
2867
3701
4466
5139
5867
6627
7274
7737
8173
8593
8879
8998
9131
9340
9461
9385
9166
8853
8354
7713
7032
6358
5639
4941
4372
3886
3205
2103
454
-1547
-3363
-4385
-4687
-4942
-5611
-6383
-6835
-6987
-6964
-6670
-6221
-6211
-6818
-7333
-6989
-6004
-5051
-4410
-3864
-3297
-2601
-1565
-237
823
1252
1392
1687
2085
2352
2609
2941
2988
2473
1786
1483
1444
1136
423
-452
-1385
-2475
-3542
-4304
-4845
-5506
-6348
-7013
-7283
-7312
-7272
-7087
-6800
-6587
-6488
-6255
-5783
-5335
-5111
-4888
-4364
-3618
-2922
-2275
-1568
-881
-355
94
638
1179
1460
1499
1555
1736
1923
2018
2070
2021
1824
1620
1607
1703
1623
1301
919
633
395
271
396
743
1038
1167
1314
1615
1935
2134
2283
2477
2696
2914
3274
3877
4540
5028
5348
5686
6091
6435
6665
6815
6917
6913
6870
6901
7030
7051
6821
6410
5960
5513
5048
4552
4048
3548
3092
2689
2312
1754
787
-697
-2338
-3550
-4059
-4263
-4703
-5429
-6023
-6271
-6228
-5913
-5355
-4959
-5207
-5914
-6255
-5829
-5037
-4468
-4211
-4046
-3770
-3197
-2167
-951
-70
278
431
681
991
1291
1630
1871
1673
1089
661
729
919
770
292
-250
-862
-1593
-2261
-2649
-2985
-3588
-4382
-4922
-5084
-5024
-4882
-4611
-4324
-4150
-4054
-3834
-3540
-3386
-3385
-3266
-3033
-2786
-2568
-2217
-1752
-1303
-898
-352
263
684
789
821
971
1159
1282
1426
1529
1515
1410
1447
1712
1980
2006
1933
1935
2003
2077
2253
2541
2724
2690
2668
2858
3183
3367
3402
3444
3478
3427
3465
3771
4254
4581
4698
4821
5073
5290
5401
5472
5563
5566
5525
5550
5726
5849
5784
5536
5312
5131
4944
4605
4184
3774
3518
3322
3118
2764
2130
994
-474
-1756
-2390
-2678
-3228
-4187
-5061
-5579
-5856
-5968
-5750
-5419
-5530
-6161
-6603
-6339
-5732
-5415
-5450
-5489
-5407
-5167
-4580
-3593
-2652
-2082
-1724
-1214
-579
15
519
906
901
502
158
246
445
310
-121
-442
-704
-1098
-1548
-1711
-1755
-2102
-2872
-3558
-3923
-4105
-4384
-4590
-4607
-4562
-4754
-5003
-5120
-4980
-4852
-4802
-4740
-4484
-4141
-3756
-3361
-2800
-2173
-1533
-976
-378
246
865
1338
1716
1997
2221
2455
2774
3092
3338
3507
3728
3965
4078
4043
4025
4122
4182
4085
3986
3986
3952
3732
3430
3278
3251
3102
2794
2516
2399
2411
2501
2694
2991
3279
3551
3884
4315
4716
4998
5176
5307
5365
5390
5452
5568
5596
5510
5355
5190
4958
4671
4328
3908
3361
2735
1963
945
-304
-1447
-2263
-2930
-3797
-4739
-5410
-5813
-6223
-6563
-6524
-6261
-6308
-6692
-6856
-6549
-6199
-6125
-6103
-5838
-5443
-5056
-4467
-3547
-2630
-1964
-1374
-639
112
674
1149
1634
1889
1759
1552
1548
1532
1216
755
507
307
-152
-757
-1121
-1292
-1688
-2366
-2933
-3239
-3531
-3989
-4406
-4713
-5058
-5539
-5864
-5817
-5581
-5413
-5253
-4907
-4338
-3735
-3037
-2245
-1497
-930
-361
418
1255
1890
2282
2593
2931
3284
3693
4166
4560
4742
4819
5052
5416
5671
5682
5512
5301
5089
4903
4763
4556
4158
3584
3065
2771
2621
2414
2093
1750
1510
1431
1541
1809
2125
2392
2667
3066
3609
4187
4757
5244
5590
5788
5957
6177
6383
6439
6273
5960
5630
5251
4738
4114
3428
2516
1268
-149
-1399
-2365
-3238
-4278
-5414
-6390
-7065
-7557
-7863
-7911
-7820
-7895
-8125
-8146
-7750
-7243
-6935
-6805
-6583
-6210
-5706
-4993
-4042
-3118
-2439
-1828
-983
14
882
1556
2100
2357
2240
2032
2029
2096
1821
1152
485
32
-372
-830
-1204
-1491
-1973
-2668
-3272
-3563
-3753
-4163
-4892
-5679
-6264
-6552
-6656
-6621
-6514
-6349
-6085
-5586
-4792
-3761
-2700
-1792
-1049
-200
844
1891
2647
3109
3443
3776
4081
4382
4682
4945
5062
5097
5216
5479
5699
5738
5599
5410
5239
5071
4783
4307
3692
3062
2484
1929
1422
1001
645
317
59
57
287
557
760
1027
1487
2031
2573
3151
3802
4456
4984
5434
5953
6527
6959
7139
7164
7093
6869
6456
5908
5272
4454
3348
1993
685
-361
-1305
-2404
-3637
-4740
-5638
-6447
-7120
-7472
-7593
-7835
-8224
-8337
-7968
-7463
-7167
-6958
-6585
-6109
-5617
-4934
-3951
-2967
-2228
-1525
-585
484
1398
2144
2809
3261
3395
3430
3615
3748
3440
2825
2285
1849
1278
592
10
-524
-1276
-2203
-2958
-3421
-3945
-4804
-5766
-6524
-7140
-7757
-8246
-8458
-8549
-8630
-8501
-7906
-6976
-6012
-5078
-4011
-2774
-1517
-329
830
1852
2584
3124
3721
4380
4876
5129
5298
5553
5872
6182
6505
6784
6844
6662
6449
6342
6146
5636
4866
4057
3314
2609
1962
1433
936
384
-93
-273
-149
60
237
503
988
1631
2339
3096
3865
4588
5210
5795
6366
6848
7148
7277
7295
7196
6954
6518
5852
4972
4036
3168
2274
1169
-131
-1395
-2504
-3530
-4478
-5257
-5897
-6547
-7158
-7476
-7442
-7311
-7322
-7377
-7285
-7037
-6685
-6165
-5461
-4711
-4017
-3206
-2138
-978
60
986
1880
2629
3112
3491
3930
4231
4101
3652
3252
2929
2416
1692
1020
451
-286
-1221
-2034
-2613
-3301
-4353
-5534
-6513
-7321
-8168
-9001
-9679
-10204
-10613
-10793
-10536
-9919
-9178
-8389
-7450
-6263
-4910
-3501
-2170
-1035
-114
742
1669
2588
3314
3846
4321
4817
5325
5847
6407
6882
7117
7147
7198
7335
7322
6944
6312
5655
5020
4326
3565
2813
2068
1286
565
111
-38
-64
-68
53
419
1003
1680
2395
3136
3856
4497
5033
5536
6027
6408
6591
6571
6449
6189
5713
5059
4450
3963
3359
2485
1495
657
-63
-840
-1643
-2329
-2974
-3738
-4475
-4872
-4968
-5140
-5509
-5817
-5904
-5870
-5738
-5396
-4931
-4565
-4236
-3595
-2638
-1748
-1066
-335
492
1101
1461
1968
2683
3058
2846
2585
2695
2791
2434
1907
1647
1393
737
-46
-469
-775
-1582
-2816
-3847
-4517
-5272
-6259
-7141
-7784
-8432
-9090
-9380
-9190
-8884
-8688
-8369
-7669
-6702
-5671
-4621
-3607
-2756
-2026
-1181
-192
678
1280
1798
2387
2985
3566
4239
4948
5442
5667
5905
6341
6729
6779
6592
6384
6139
5746
5260
4767
4180
3410
2616
2037
1672
1374
1143
1084
1185
1404
1825
2468
3119
3564
3896
4351
4862
5198
5317
5368
5350
5045
4450
3848
3473
3167
2633
1864
1127
591
161
-296
-739
-1096
-1465
-1990
-2533
-2810
-2846
-2965
-3361
-3815
-4074
-4131
-4080
-3912
-3682
-3538
-3416
-3035
-2328
-1603
-1052
-520
50
431
605
946
1511
1757
1374
888
865
1001
752
274
49
-73
-541
-1155
-1368
-1365
-1845
-2843
-3682
-4061
-4458
-5158
-5841
-6291
-6729
-7235
-7406
-7083
-6704
-6556
-6323
-5650
-4731
-3897
-3125
-2329
-1691
-1291
-853
-196
383
581
614
844
1225
1517
1781
2179
2578
2733
2815
3149
3621
3835
3722
3587
3567
3454
3135
2772
2461
2072
1552
1130
989
1031
1076
1145
1389
1854
2441
3048
3621
4118
4551
4905
5196
5338
5318
5155
4777
4145
3372
2742
2309
1822
1094
311
-208
-471
-703
-920
-1017
-1043
-1190
-1434
-1471
-1255
-1089
-1228
-1500
-1627
-1592
-1463
-1233
-940
-751
-636
-327
297
976
1478
1877
2258
2457
2418
2433
2590
2505
1860
1004
433
60
-470
-1126
-1601
-1973
-2515
-3076
-3267
-3251
-3536
-4161
-4684
-4934
-5206
-5592
-5873
-6007
-6215
-6425
-6253
-5641
-5005
-4547
-3967
-3058
-2044
-1145
-232
698
1378
1695
1979
2432
2771
2745
2524
2401
2308
2116
1937
1930
1930
1735
1495
1477
1572
1491
1225
982
777
459
48
-314
-627
-1049
-1495
-1737
-1726
-1634
-1508
-1213
-688
-35
702
1535
2362
3061
3618
4183
4685
4931
4892
4639
4219
3601
2926
2389
1839
1105
259
-360
-669
-904
-1080
-1157
-1163
-1304
-1481
-1379
-1088
-983
-1171
-1336
-1309
-1265
-1219
-940
-482
-158
3
436
1278
2127
2729
3248
3862
4291
4401
4509
4697
4632
4028
3281
2742
2198
1409
558
-53
-650
-1430
-2154
-2537
-2827
-3438
-4187
-4703
-5083
-5660
-6323
-6747
-7004
-7368
-7654
-7474
-6902
-6363
-5835
-4974
-3818
-2708
-1718
-586
599
1487
2066
2680
3392
3852
3987
4106
4337
4451
4349
4295
4393
4351
4054
3760
3636
3437
2972
2413
1960
1435
686
-81
-661
-1186
-1852
-2493
-2895
-3080
-3247
-3299
-3031
-2541
-2064
-1618
-1011
-249
431
945
1391
1728
1808
1579
1288
1061
781
317
-234
-693
-1032
-1279
-1385
-1277
-1101
-997
-990
-869
-590
-362
-313
-438
-585
-783
-1021
-1143
-1102
-1023
-1062
-1051
-725
-112
581
1226
1907
2628
3216
3715
4264
4798
5037
4883
4615
4390
4107
3626
3076
2554
1950
1246
633
242
-137
-696
-1336
-1845
-2294
-2834
-3431
-3926
-4409
-4986
-5531
-5839
-5900
-5940
-5912
-5680
-5176
-4569
-3928
-3154
-2291
-1454
-731
-25
674
1259
1685
2028
2355
2653
2889
3119
3357
3570
3749
3918
4107
4240
4275
4202
4059
3831
3476
3023
2519
1989
1419
843
327
-94
-432
-658
-755
-726
-615
-450
-215
69
334
517
561
433
115
-331
-754
-1171
-1697
-2386
-3054
-3509
-3742
-3818
-3738
-3482
-3175
-2882
-2475
-1859
-1172
-684
-474
-363
-286
-228
-166
-72
-37
-151
-226
-17
439
896
1319
1810
2333
2699
2982
3378
3762
3798
3425
3014
2719
2340
1743
1101
562
0
-667
-1224
-1504
-1685
-1983
-2305
-2451
-2495
-2570
-2616
-2555
-2508
-2578
-2576
-2389
-2144
-1981
-1795
-1459
-1078
-739
-363
168
718
1090
1336
1668
2052
2281
2319
2330
2341
2222
1997
1788
1631
1418
1138
890
715
566
416
280
139
-36
-241
-392
-491
-634
-802
-894
-878
-793
-627
-330
51
446
876
1384
1935
2387
2677
2760
2611
2259
1846
1467
941
114
-878
-1701
-2276
-2761
-3168
-3372
-3417
-3481
-3516
-3257
-2715
-2251
-2070
-2008
-1860
-1666
-1501
-1297
-1085
-1011
-1011
-769
-208
387
880
1448
2125
2657
3002
3458
4054
4320
4036
3576
3299
2988
2320
1476
757
47
-906
-1858
-2434
-2773
-3273
-3890
-4242
-4314
-4375
-4414
-4235
-3935
-3757
-3580
-3123
-2448
-1870
-1437
-881
-162
505
1094
1817
2660
3294
3660
4104
4742
5256
5435
5490
5593
5586
5335
4995
4710
4337
3714
2983
2386
1880
1277
566
-87
-647
-1215
-1761
-2157
-2450
-2774
-3079
-3213
-3136
-2959
-2729
-2397
-1964
-1488
-983
-396
227
721
965
1018
992
920
788
525
69
-553
-1178
-1651
-1972
-2200
-2378
-2508
-2608
-2644
-2485
-2130
-1773
-1597
-1579
-1562
-1465
-1305
-1116
-963
-939
-967
-836
-450
35
500
967
1433
1821
2155
2621
3177
3494
3390
3094
2878
2668
2279
1736
1162
470
-431
-1304
-1883
-2311
-2887
-3594
-4162
-4513
-4762
-4881
-4806
-4674
-4633
-4561
-4196
-3539
-2890
-2365
-1817
-1162
-475
247
1114
2027
2743
3261
3858
4636
5369
5884
6260
6569
6753
6804
6839
6859
6668
6181
5581
5066
4566
3936
3182
2416
1647
865
183
-328
-796
-1334
-1814
-2059
-2102
-2105
-2107
-2035
-1896
-1769
-1629
-1433
-1302
-1423
-1776
-2090
-2273
-2497
-2862
-3265
-3596
-3865
-4025
-3938
-3624
-3308
-3102
-2868
-2432
-1888
-1457
-1160
-936
-806
-794
-788
-653
-485
-473
-576
-558
-335
-25
283
623
995
1289
1514
1813
2193
2460
2458
2298
2136
1938
1646
1287
893
375
-285
-903
-1333
-1657
-2048
-2485
-2842
-3081
-3224
-3236
-3103
-2949
-2868
-2748
-2431
-1941
-1438
-987
-535
-54
452
1019
1680
2322
2810
3179
3569
4026
4465
4791
5005
5116
5140
5142
5159
5139
4991
4705
4347
3979
3625
3253
2822
2304
1731
1177
705
318
0
-263
-484
-677
-802
-808
-703
-558
-460
-452
-562
-800
-1127
-1466
-1804
-2233
-2828
-3500
-4101
-4536
-4796
-4888
-4852
-4744
-4591
-4322
-3842
-3189
-2555
-2102
-1788
-1500
-1223
-980
-756
-564
-504
-592
-648
-503
-200
75
288
526
782
1000
1214
1499
1729
1711
1456
1145
856
478
-26
-561
-1107
-1738
-2404
-2902
-3188
-3417
-3662
-3818
-3800
-3684
-3507
-3181
-2702
-2234
-1839
-1374
-767
-112
488
1091
1741
2352
2877
3420
4040
4616
5041
5380
5733
6054
6267
6394
6484
6479
6324
6091
5866
5601
5187
4658
4119
3588
3005
2396
1817
1246
647
110
-256
-480
-671
-876
-1010
-1025
-959
-832
-671
-590
-706
-970
-1221
-1413
-1644
-2028
-2561
-3149
-3698
-4099
-4295
-4342
-4391
-4473
-4459
-4213
-3755
-3236
-2788
-2471
-2263
-2076
-1808
-1453
-1151
-1022
-1037
-1014
-831
-502
-110
257
555
796
1073
1457
1883
2190
2247
2087
1846
1560
1201
742
152
-582
-1431
-2254
-2941
-3518
-4077
-4625
-5064
-5346
-5468
-5430
-5227
-4915
-4571
-4176
-3639
-2945
-2204
-1505
-787
-36
689
1385
2102
2853
3527
4084
4619
5195
5736
6182
6579
6943
7222
7387
7498
7592
7565
7346
7017
6657
6217
5646
5005
4361
3676
2935
2244
1687
1196
694
233
-96
-330
-540
-731
-915
-1172
-1548
-1931
-2246
-2543
-2939
-3410
-3863
-4237
-4490
-4582
-4503
-4365
-4221
-4021
-3659
-3141
-2590
-2123
-1777
-1544
-1396
-1246
-1069
-925
-915
-1034
-1138
-1123
-963
-735
-498
-273
-82
128
410
746
1011
1076
930
692
416
79
-340
-854
-1469
-2174
-2861
-3401
-3795
-4132
-4449
-4668
-4734
-4659
-4441
-4085
-3653
-3233
-2819
-2317
-1713
-1083
-502
42
575
1064
1532
2040
2576
3039
3395
3729
4092
4444
4737
4991
5202
5315
5326
5306
5274
5173
4960
4671
4359
4006
3603
3212
2867
2531
2181
1869
1644
1478
1332
1237
1197
1154
1046
880
684
454
155
-194
-559
-961
-1412
-1846
-2177
-2412
-2573
-2662
-2652
-2546
-2356
-2078
-1718
-1350
-1054
-841
-663
-514
-420
-386
-415
-492
-608
-714
-750
-717
-672
-620
-549
-448
-322
-183
-68
-25
-93
-274
-526
-840
-1225
-1702
-2259
-2866
-3470
-4018
-4485
-4857
-5141
-5322
-5377
-5283
-5029
-4650
-4184
-3660
-3093
-2495
-1869
-1225
-592
-10
515
998
1455
1892
2305
2692
3050
3375
3671
3957
4223
4445
4596
4676
4699
4658
4564
4403
4179
3901
3569
3220
2882
2553
2244
1964
1724
1547
1418
1326
1245
1137
986
801
586
345
68
-259
-630
-1022
-1384
-1692
-1928
-2086
-2167
-2167
-2071
-1856
-1547
-1172
-779
-403
-81
198
442
640
774
832
826
784
738
713
718
744
780
837
920
1029
1150
1250
1283
1233
1081
838
494
49
-485
-1123
-1831
-2570
-3293
-3965
-4556
-5038
-5389
-5588
-5620
-5488
-5204
-4791
-4272
-3673
-3020
-2340
-1665
-1011
-399
152
658
1115
1521
1878
2193
2497
2783
3056
3299
3505
3668
3778
3843
3851
3790
3659
3442
3151
2810
2436
2049
1643
1233
827
454
138
-120
-335
-530
-727
-944
-1158
-1370
-1566
-1773
-2011
-2263
-2518
-2729
-2869
-2937
-2933
-2867
-2741
-2527
-2211
-1810
-1357
-894
-456
-57
307
632
900
1103
1233
1298
1317
1330
1346
1366
1403
1430
1472
1536
1617
1708
1776
1796
1750
1638
1461
1202
866
440
-58
-595
-1158
-1716
-2241
-2723
-3134
-3447
-3636
-3695
-3626
-3430
-3140
-2763
-2305
-1776
-1200
-602
-10
570
1122
1662
2186
2676
3126
3538
3903
4234
4533
4789
4993
5111
5138
5080
4943
4723
4416
4024
3545
3001
2417
1820
1226
646
87
-436
-909
-1314
-1647
-1925
-2165
-2381
-2583
-2770
-2934
-3085
-3238
-3403
-3574
-3731
-3853
-3921
-3938
-3895
-3802
-3654
-3436
-3145
-2789
-2401
-2010
-1636
-1288
-966
-693
-471
-311
-216
-186
-202
-243
-303
-376
-447
-508
-545
-550
-529
-494
-451
-417
-390
-369
-362
-385
-438
-522
-638
-764
-890
-1002
-1088
-1134
-1119
-1032
-873
-642
-339
20
440
904
1404
1930
2457
2957
3413
3823
4187
4501
4762
4973
5130
5235
5283
5290
5272
5234
5164
5062
4919
4716
4470
4183
3853
3468
3022
2520
1967
1379
771
169
-414
-978
-1518
-2014
-2435
-2769
-3015
-3174
-3264
-3299
-3266
-3178
-3037
-2857
-2662
-2465
-2276
-2096
-1923
-1748
-1589
-1448
-1322
-1208
-1096
-980
-866
-772
-696
-649
-618
-606
-619
-668
-767
-909
-1091
-1298
-1518
-1750
-1992
-2234
-2475
-2695
-2885
-3036
-3146
-3228
-3301
-3347
-3368
-3363
-3336
-3289
-3222
-3163
-3086
-2988
-2842
-2646
-2408
-2119
-1791
-1409
-983
-515
-11
520
1042
1547
2033
2494
2910
3255
3547
3763
3919
4027
4099
4135
4119
4079
4019
3952
3881
3825
3767
3685
3591
3492
3388
3281
3150
2990
2809
2593
2372
2143
1905
1667
1413
1169
932
721
537
357
202
56
-63
-154
-229
-295
-359
-433
-515
-598
-678
-746
-825
-910
-1001
-1111
-1202
-1290
-1356
-1411
-1472
-1508
-1549
-1570
-1578
-1585
-1589
-1600
-1589
-1577
-1548
-1529
-1512
-1473
-1423
-1358
-1290
-1201
-1110
-1006
-890
-775
-637
-530
-429
-324
-238
-153
-94
-44
-14
-9
-27
-44
-65
-106
-152
-205
-266
-348
-426
-495
-557
-627
-711
-775
-843
-908
-955
-998
-1011
-1012
-1014
-982
-942
-868
-751
-625
-487
-348
-192
2
195
381
562
741
921
1085
1246
1374
1490
1597
1694
1784
1842
1883
1911
1936
1943
1931
1894
1847
1800
1720
1622
1493
1356
1217
1055
890
700
510
329
156
-8
-173
-310
-432
-516
-593
-658
-683
-693
-672
-651
-611
-575
-527
-457
-387
-317
-271
-209
-142
-76
-18
34
104
168
241
315
393
471
545
625
695
759
807
839
862
849
814
757
683
581
445
307
148
-20
-212
-402
-585
-765
-924
-1085
-1233
-1370
-1480
-1558
-1630
-1684
-1721
-1732
-1723
-1704
-1663
-1616
-1548
-1481
-1396
-1299
-1203
-1096
-988
-858
-740
-608
-476
-345
-209
-90
48
171
278
377
466
552
607
647
673
679
664
636
592
528
443
348
249
129
6
-129
-250
-377
-519
-641
-755
-850
-932
-1006
-1045
-1066
-1059
-1023
-974
-891
-777
-637
-477
-310
-133
72
286
493
699
903
1113
1307
1504
1679
1832
1982
2111
2236
2333
2401
2456
2495
2512
2504
2469
2400
2327
2223
2101
1942
1761
1581
1371
1153
921
680
440
207
-17
-238
-436
-625
-784
-923
-1047
-1138
-1209
-1254
-1279
-1275
-1262
-1237
-1191
-1135
-1061
-996
-928
-851
-777
-710
-644
-586
-528
-483
-451
-411
-389
-382
-393
-407
-413
-445
-485
-530
-587
-649
-711
-769
-842
-911
-977
-1031
-1083
-1135
-1179
-1210
-1233
-1245
-1239
-1238
-1230
-1208
-1173
-1120
-1076
-1016
-944
-876
-786
-688
-583
-477
-369
-248
-122
3
130
261
391
507
636
761
877
986
1084
1182
1273
1345
1408
1465
1504
1538
1555
1560
1548
1521
1486
1440
1383
1311
1237
1158
1071
982
889
794
702
607
522
440
369
299
238
186
147
111
84
64
48
49
50
70
83
91
113
138
166
191
206
224
231
239
239
224
202
176
139
97
46
-21
-93
-174
-255
-341
-435
-522
-615
-699
-782
-861
-931
-997
-1048
-1087
-1115
-1138
-1143
-1138
-1121
-1091
-1052
-1004
-947
-878
-798
-724
-644
-559
-471
-384
-306
-229
-160
-87
-22
26
72
110
139
166
177
179
181
173
163
143
124
98
73
49
28
8
-9
-30
-48
-50
-48
-45
-39
-26
-8
24
53
83
119
158
204
243
281
323
364
406
445
476
507
534
554
572
587
590
591
590
584
573
559
542
511
485
455
425
388
345
306
266
224
181
136
96
52
13
-33
-75
-114
-149
-186
-214
-244
-270
-289
-311
-325
-344
-353
-356
-349
-351
-345
-339
-328
-307
-286
-259
-240
-206
-175
-147
-112
-80
-45
-13
18
49
79
104
124
145
158
174
177
182
176
167
152
134
121
90
60
22
-13
-42
-82
-120
-154
-189
-221
-253
-271
-291
-305
-312
-315
-311
-305
-295
-281
-264
-239
-214
-189
-156
-126
-93
-66
-33
-7
22
56
80
112
132
157
178
194
211
221
228
235
241
236
226
218
204
189
168
152
130
110
92
72
45
23
11
0
-15
-30
-39
-54
-62
-68
-76
-81
-90
-90
-95
-101
-97
-98
-97
-85
-75
-61
-46
-23
5
40
71
114
157
193
242
286
327
359
397
428
455
476
486
487
474
458
431
400
358
307
258
195
136
69
0
-65
-130
-185
-238
-281
-323
-349
-375
-398
-398
-398
-384
-374
-352
-324
-295
-262
-234
-198
-168
-140
-116
-91
-73
-60
-45
-38
-38
-36
-43
-51
-59
-76
-88
-104
-123
-144
-164
-185
-208
-234
-254
-273
-296
-315
-331
-339
-343
-347
-342
-332
-315
-293
-262
-225
-190
-140
-97
-49
-3
39
72
99
134
150
174
186
196
197
195
195
192
190
193
196
198
211
234
249
277
310
344
385
414
462
489
521
544
561
576
579
575
556
533
499
460
402
339
281
213
143
70
0
-58
-116
-167
-214
-247
-280
-292
-307
-311
-302
-291
-269
-248
-226
-200
-169
-149
-123
-104
-91
-75
-66
-64
-63
-69
-71
-85
-100
-107
-127
-147
-163
-178
-187
-200
-219
-231
-238
-249
-256
-263
-266
-264
-261
-262
-260
-252
-249
-243
-233
-217
-205
-188
-167
-145
-126
-98
-73
-47
-29
-11
12
24
37
44
51
53
54
52
50
49
48
44
47
52
52
53
70
81
93
109
128
147
165
191
205
225
250
274
293
312
329
339
347
357
361
359
351
346
333
308
293
269
241
212
186
165
141
114
92
62
41
21
-1
-21
-39
-48
-63
-74
-80
-89
-98
-101
-105
-110
-114
-122
-128
-127
-130
-132
-134
-132
-130
-127
-130
-129
-127
-123
-126
-132
-130
-129
-132
-137
-136
-137
-131
-126
-128
-135
-134
-128
-128
-131
-127
-123
-113
-106
-104
-94
-86
-73
-68
-60
-52
-47
-44
-42
-42
-42
-45
-48
-52
-50
-52
-54
-52
-59
-61
-54
-50
-41
-41
-36
-22
-16
-4
7
16
27
38
47
59
72
86
99
109
121
131
148
160
169
181
188
187
188
185
181
177
168
158
152
148
132
117
103
89
74
59
40
26
12
-2
-12
-21
-24
-35
-43
-49
-50
-58
-63
-68
-69
-60
-56
-48
-39
-27
-24
-18
-12
-6
4
5
9
11
10
13
11
14
19
20
11
2
-3
-7
-12
-24
-32
-36
-40
-42
-50
-52
-56
-59
-59
-58
-59
-66
-67
-64
-61
-61
-65
-59
-56
-53
-48
-44
-33
-27
-22
-15
-6
2
12
21
29
40
45
52
55
58
57
54
47
46
42
40
33
26
27
28
31
29
26
20
13
9
5
-8
-19
-22
-22
-28
-34
-40
-41
-42
-45
-45
-51
-46
-45
-50
-49
-48
-43
-40
-37
-34
-32
-31
-27
-27
-22
-20
-9
-1
1
5
12
13
15
19
17
21
22
26
31
33
39
43
43
41
41
42
46
41
43
40
39
49
49
52
55
51
53
53
46
43
41
42
43
38
37
39
47
48
44
40
38
39
39
34
22
20
21
16
11
4
1
1
-1
-7
-11
-15
-21
-22
-29
-38
-48
-54
-53
-59
-65
-64
-72
-74
-74
-74
-68
-66
-64
-60
-54
-48
-46
-46
-42
-39
-33
-38
-47
-43
-41
-38
-41
-45
-39
-36
-29
-29
-30
-27
-31
-36
-41
-51
-57
-50
-49
-47
-47
-48
-39
-36
-32
-29
-32
-23
-13
-12
-9
-4
9
16
24
26
30
36
41
51
59
66
71
81
88
93
93
93
97
94
87
86
86
94
90
84
88
88
87
81
72
63
62
62
51
43
41
35
37
38
28
24
23
22
20
9
3
1
-5
-3
-8
-7
-1
1
-2
-4
-5
-8
-11
-16
-21
-25
-29
-26
-28
-34
-41
-42
-40
-44
-48
-54
-54
-57
-64
-73
-76
-78
-78
-78
-84
-87
-96
-94
-90
-79
-84
-86
-79
-73
-67
-70
-70
-64
-56
-48
-44
-45
-43
-33
-25
-22
-15
-12
0
6
11
11
15
20
21
25
23
25
26
28
30
33
29
27
38
40
40
34
33
35
40
46
49
54
54
57
56
53
52
53
58
66
72
71
76
71
70
70
67
71
68
59
54
50
48
48
45
44
44
